ID: vincent	Date: 2019-05-03 17:26:51	Runs: 1
=================================================================================================================
Run: 0
Iter	Gbest	AvrFit	Diver	ETime	
0	0.9764	0.2775	0.0000	0.0008
1	0.9893	0.3653	0.0000	0.0015
2	0.9893	0.4699	0.0000	0.0022
3	0.9893	0.4683	0.0000	0.0029
4	0.9893	0.5071	0.0000	0.0036
5	0.9893	0.5672	0.0000	0.0042
6	0.9893	0.5998	0.0000	0.0049
7	0.9893	0.6309	0.0000	0.0056
8	0.9953	0.6476	0.0000	0.0063
9	0.9953	0.6947	0.0000	0.0069
10	0.9953	0.6902	0.0000	0.0076
11	0.9953	0.7683	0.0000	0.0083
12	0.9966	0.7885	0.0000	0.0090
13	0.9969	0.7737	0.0000	0.0096
14	0.9969	0.8000	0.0000	0.0103
15	0.9969	0.8178	0.0000	0.0110
16	0.9971	0.8301	0.0000	0.0116
17	0.9971	0.8453	0.0000	0.0123
18	0.9971	0.8400	0.0000	0.0130
19	0.9979	0.8764	0.0000	0.0137
20	0.9982	0.8582	0.0000	0.0144
21	0.9999	0.8894	0.0000	0.0151
22	1.0000	0.8586	0.0000	0.0158
23	1.0000	0.8902	0.0000	0.0165
24	1.0000	0.8974	0.0000	0.0175
25	1.0000	0.8895	0.0000	0.0182
26	1.0000	0.8861	0.0000	0.0189
27	1.0000	0.9155	0.0000	0.0196
28	1.0000	0.8873	0.0000	0.0202
29	1.0000	0.9105	0.0000	0.0210
30	1.0000	0.9058	0.0000	0.0217
31	1.0000	0.9073	0.0000	0.0225
32	1.0000	0.9220	0.0000	0.0233
33	1.0000	0.9104	0.0000	0.0240
34	1.0000	0.9008	0.0000	0.0248
35	1.0000	0.9084	0.0000	0.0256
36	1.0000	0.9270	0.0000	0.0263
37	1.0000	0.9405	0.0000	0.0270
38	1.0000	0.9548	0.0000	0.0276
39	1.0000	0.9241	0.0000	0.0283
40	1.0000	0.9387	0.0000	0.0290
41	1.0000	0.8773	0.0000	0.0297
42	1.0000	0.8295	0.0000	0.0306
43	1.0000	0.7725	0.0000	0.0313
44	1.0000	0.7494	0.0000	0.0320
45	1.0000	0.7420	0.0000	0.0326
46	1.0000	0.7586	0.0000	0.0333
47	1.0000	0.7872	0.0000	0.0340
48	1.0000	0.8216	0.0000	0.0346
49	1.0000	0.7859	0.0000	0.0354
50	1.0000	0.8348	0.0000	0.0362
51	1.0000	0.8091	0.0000	0.0369
52	1.0000	0.8304	0.0000	0.0375
53	1.0000	0.8635	0.0000	0.0382
54	1.0000	0.8536	0.0000	0.0388
55	1.0000	0.8865	0.0000	0.0395
56	1.0000	0.9085	0.0000	0.0401
57	1.0000	0.8980	0.0000	0.0408
58	1.0000	0.8890	0.0000	0.0415
59	1.0000	0.8920	0.0000	0.0421
60	1.0000	0.8985	0.0000	0.0428
61	1.0000	0.9051	0.0000	0.0434
62	1.0000	0.9012	0.0000	0.0441
63	1.0000	0.9244	0.0000	0.0448
64	1.0000	0.8993	0.0000	0.0454
65	1.0000	0.9299	0.0000	0.0461
66	1.0000	0.9235	0.0000	0.0467
67	1.0000	0.9197	0.0000	0.0474
68	1.0000	0.9203	0.0000	0.0481
69	1.0000	0.9279	0.0000	0.0489
70	1.0000	0.9352	0.0000	0.0496
71	1.0000	0.9237	0.0000	0.0502
72	1.0000	0.9484	0.0000	0.0509
73	1.0000	0.9193	0.0000	0.0516
74	1.0000	0.9326	0.0000	0.0522
75	1.0000	0.9470	0.0000	0.0529
76	1.0000	0.9432	0.0000	0.0535
77	1.0000	0.9503	0.0000	0.0542
78	1.0000	0.9319	0.0000	0.0548
79	1.0000	0.9489	0.0000	0.0555
80	1.0000	0.9333	0.0000	0.0562
81	1.0000	0.9461	0.0000	0.0568
82	1.0000	0.9501	0.0000	0.0575
83	1.0000	0.9430	0.0000	0.0582
84	1.0000	0.9411	0.0000	0.0588
85	1.0000	0.9368	0.0000	0.0595
86	1.0000	0.9285	0.0000	0.0603
87	1.0000	0.8642	0.0000	0.0610
88	1.0000	0.8462	0.0000	0.0618
89	1.0000	0.7916	0.0000	0.0626
90	1.0000	0.7800	0.0000	0.0633
91	1.0000	0.8160	0.0000	0.0640
92	1.0000	0.8247	0.0000	0.0646
93	1.0000	0.8616	0.0000	0.0653
94	1.0000	0.8322	0.0000	0.0660
95	1.0000	0.8835	0.0000	0.0667
96	1.0000	0.8873	0.0000	0.0673
97	1.0000	0.9121	0.0000	0.0680
98	1.0000	0.9204	0.0000	0.0687
99	1.0000	0.9173	0.0000	0.0693
100	1.0000	0.8971	0.0000	0.0700
101	1.0000	0.8800	0.0000	0.0707
102	1.0000	0.9141	0.0000	0.0714
103	1.0000	0.8721	0.0000	0.0720
104	1.0000	0.8990	0.0000	0.0727
105	1.0000	0.8857	0.0000	0.0734
106	1.0000	0.8814	0.0000	0.0740
107	1.0000	0.9018	0.0000	0.0747
108	1.0000	0.8925	0.0000	0.0754
109	1.0000	0.8785	0.0000	0.0761
110	1.0000	0.9134	0.0000	0.0768
111	1.0000	0.8977	0.0000	0.0774
112	1.0000	0.9090	0.0000	0.0781
113	1.0000	0.8977	0.0000	0.0788
114	1.0000	0.8839	0.0000	0.0795
115	1.0000	0.9077	0.0000	0.0802
116	1.0000	0.8747	0.0000	0.0808
117	1.0000	0.8712	0.0000	0.0815
118	1.0000	0.8764	0.0000	0.0821
119	1.0000	0.8927	0.0000	0.0828
120	1.0000	0.9003	0.0000	0.0835
121	1.0000	0.9213	0.0000	0.0841
122	1.0000	0.9068	0.0000	0.0848
123	1.0000	0.9249	0.0000	0.0855
124	1.0000	0.9193	0.0000	0.0861
125	1.0000	0.9192	0.0000	0.0868
126	1.0000	0.9060	0.0000	0.0874
127	1.0000	0.9123	0.0000	0.0881
128	1.0000	0.9262	0.0000	0.0887
129	1.0000	0.9126	0.0000	0.0894
130	1.0000	0.9219	0.0000	0.0901
131	1.0000	0.9079	0.0000	0.0907
132	1.0000	0.8936	0.0000	0.0914
133	1.0000	0.9085	0.0000	0.0921
134	1.0000	0.9079	0.0000	0.0928
135	1.0000	0.9223	0.0000	0.0937
136	1.0000	0.8071	0.0000	0.0944
137	1.0000	0.8562	0.0000	0.0951
138	1.0000	0.8447	0.0000	0.0959
139	1.0000	0.7995	0.0000	0.0967
140	1.0000	0.8354	0.0000	0.0973
141	1.0000	0.8173	0.0000	0.0980
142	1.0000	0.8165	0.0000	0.0987
143	1.0000	0.8295	0.0000	0.0993
144	1.0000	0.8539	0.0000	0.1000
145	1.0000	0.8500	0.0000	0.1006
146	1.0000	0.8484	0.0000	0.1013
147	1.0000	0.8809	0.0000	0.1020
148	1.0000	0.8642	0.0000	0.1027
149	1.0000	0.8776	0.0000	0.1033
150	1.0000	0.8593	0.0000	0.1040
151	1.0000	0.8663	0.0000	0.1046
152	1.0000	0.8644	0.0000	0.1053
153	1.0000	0.8430	0.0000	0.1059
154	1.0000	0.8662	0.0000	0.1066
155	1.0000	0.8643	0.0000	0.1073
156	1.0000	0.9005	0.0000	0.1080
157	1.0000	0.9023	0.0000	0.1086
158	1.0000	0.8844	0.0000	0.1093
159	1.0000	0.8897	0.0000	0.1101
160	1.0000	0.8503	0.0000	0.1107
161	1.0000	0.9111	0.0000	0.1114
162	1.0000	0.8805	0.0000	0.1121
163	1.0000	0.9049	0.0000	0.1128
164	1.0000	0.8528	0.0000	0.1135
165	1.0000	0.8889	0.0000	0.1142
166	1.0000	0.8977	0.0000	0.1149
167	1.0000	0.8413	0.0000	0.1156
168	1.0000	0.8848	0.0000	0.1163
169	1.0000	0.8983	0.0000	0.1170
170	1.0000	0.8739	0.0000	0.1183
171	1.0000	0.8793	0.0000	0.1192
172	1.0000	0.8679	0.0000	0.1199
173	1.0000	0.8976	0.0000	0.1206
174	1.0000	0.8896	0.0000	0.1213
175	1.0000	0.9027	0.0000	0.1220
176	1.0000	0.9007	0.0000	0.1227
177	1.0000	0.8793	0.0000	0.1234
178	1.0000	0.8760	0.0000	0.1241
179	1.0000	0.9095	0.0000	0.1248
180	1.0000	0.9191	0.0000	0.1257
181	1.0000	0.9140	0.0000	0.1264
182	1.0000	0.8990	0.0000	0.1271
183	1.0000	0.8981	0.0000	0.1278
184	1.0000	0.8955	0.0000	0.1286
185	1.0000	0.9180	0.0000	0.1293
186	1.0000	0.9258	0.0000	0.1300
187	1.0000	0.9225	0.0000	0.1308
188	1.0000	0.9035	0.0000	0.1318
189	1.0000	0.8992	0.0000	0.1325
190	1.0000	0.8590	0.0000	0.1333
191	1.0000	0.8843	0.0000	0.1342
192	1.0000	0.8597	0.0000	0.1351
193	1.0000	0.8298	0.0000	0.1357
194	1.0000	0.8664	0.0000	0.1365
195	1.0000	0.8621	0.0000	0.1372
196	1.0000	0.8753	0.0000	0.1379
197	1.0000	0.8683	0.0000	0.1386
198	1.0000	0.8769	0.0000	0.1393
199	1.0000	0.8697	0.0000	0.1400
200	1.0000	0.8840	0.0000	0.1407
201	1.0000	0.8885	0.0000	0.1414
202	1.0000	0.9116	0.0000	0.1421
203	1.0000	0.9145	0.0000	0.1428
204	1.0000	0.8909	0.0000	0.1435
205	1.0000	0.9062	0.0000	0.1442
206	1.0000	0.9266	0.0000	0.1449
207	1.0000	0.9171	0.0000	0.1455
208	1.0000	0.9386	0.0000	0.1462
209	1.0000	0.9053	0.0000	0.1470
210	1.0000	0.9331	0.0000	0.1478
211	1.0000	0.8714	0.0000	0.1485
212	1.0000	0.8899	0.0000	0.1492
213	1.0000	0.9188	0.0000	0.1499
214	1.0000	0.8919	0.0000	0.1506
215	1.0000	0.8969	0.0000	0.1514
216	1.0000	0.8849	0.0000	0.1520
217	1.0000	0.8979	0.0000	0.1528
218	1.0000	0.8936	0.0000	0.1535
219	1.0000	0.9122	0.0000	0.1542
220	1.0000	0.9123	0.0000	0.1550
221	1.0000	0.8969	0.0000	0.1557
222	1.0000	0.9183	0.0000	0.1564
223	1.0000	0.8912	0.0000	0.1571
224	1.0000	0.9033	0.0000	0.1578
225	1.0000	0.9308	0.0000	0.1586
226	1.0000	0.8971	0.0000	0.1596
227	1.0000	0.9227	0.0000	0.1605
228	1.0000	0.9148	0.0000	0.1612
229	1.0000	0.9121	0.0000	0.1619
230	1.0000	0.9250	0.0000	0.1626
231	1.0000	0.9329	0.0000	0.1633
232	1.0000	0.9397	0.0000	0.1640
233	1.0000	0.9451	0.0000	0.1646
234	1.0000	0.9335	0.0000	0.1653
235	1.0000	0.9202	0.0000	0.1660
236	1.0000	0.9224	0.0000	0.1667
237	1.0000	0.9212	0.0000	0.1674
238	1.0000	0.9427	0.0000	0.1681
239	1.0000	0.9442	0.0000	0.1688
240	1.0000	0.9427	0.0000	0.1695
241	1.0000	0.9424	0.0000	0.1702
242	1.0000	0.9287	0.0000	0.1711
243	1.0000	0.9201	0.0000	0.1718
244	1.0000	0.9165	0.0000	0.1725
245	1.0000	0.9234	0.0000	0.1733
246	1.0000	0.9222	0.0000	0.1741
247	1.0000	0.8629	0.0000	0.1749
248	1.0000	0.8927	0.0000	0.1757
249	1.0000	0.8976	0.0000	0.1764
250	1.0000	0.8843	0.0000	0.1771
251	1.0000	0.9005	0.0000	0.1778
252	1.0000	0.9007	0.0000	0.1785
253	1.0000	0.9043	0.0000	0.1792
254	1.0000	0.9159	0.0000	0.1799
255	1.0000	0.9172	0.0000	0.1806
256	1.0000	0.9247	0.0000	0.1815
257	1.0000	0.9050	0.0000	0.1822
258	1.0000	0.9295	0.0000	0.1831
259	1.0000	0.9088	0.0000	0.1839
260	1.0000	0.8598	0.0000	0.1848
261	1.0000	0.8771	0.0000	0.1856
262	1.0000	0.8980	0.0000	0.1863
263	1.0000	0.9177	0.0000	0.1870
264	1.0000	0.8769	0.0000	0.1877
265	1.0000	0.9087	0.0000	0.1884
266	1.0000	0.9169	0.0000	0.1891
267	1.0000	0.9106	0.0000	0.1898
268	1.0000	0.9344	0.0000	0.1905
269	1.0000	0.8969	0.0000	0.1913
270	1.0000	0.9001	0.0000	0.1920
271	1.0000	0.9251	0.0000	0.1927
272	1.0000	0.9265	0.0000	0.1934
273	1.0000	0.9096	0.0000	0.1941
274	1.0000	0.9202	0.0000	0.1949
275	1.0000	0.9363	0.0000	0.1956
276	1.0000	0.9237	0.0000	0.1963
277	1.0000	0.8980	0.0000	0.1971
278	1.0000	0.8686	0.0000	0.1978
279	1.0000	0.9067	0.0000	0.1985
280	1.0000	0.9345	0.0000	0.1992
281	1.0000	0.8981	0.0000	0.1999
282	1.0000	0.9057	0.0000	0.2006
283	1.0000	0.9165	0.0000	0.2017
284	1.0000	0.9307	0.0000	0.2026
285	1.0000	0.9266	0.0000	0.2034
286	1.0000	0.9217	0.0000	0.2041
287	1.0000	0.9261	0.0000	0.2048
288	1.0000	0.9150	0.0000	0.2055
289	1.0000	0.9382	0.0000	0.2062
290	1.0000	0.9315	0.0000	0.2069
291	1.0000	0.9363	0.0000	0.2076
292	1.0000	0.8967	0.0000	0.2083
293	1.0000	0.9581	0.0000	0.2090
294	1.0000	0.9365	0.0000	0.2098
295	1.0000	0.9295	0.0000	0.2105
296	1.0000	0.9449	0.0000	0.2112
297	1.0000	0.9265	0.0000	0.2119
298	1.0000	0.9252	0.0000	0.2127
299	1.0000	0.9317	0.0000	0.2136
300	1.0000	0.8832	0.0000	0.2145
301	1.0000	0.8853	0.0000	0.2153
302	1.0000	0.8751	0.0000	0.2162
303	1.0000	0.9022	0.0000	0.2169
304	1.0000	0.8931	0.0000	0.2179
305	1.0000	0.9014	0.0000	0.2187
306	1.0000	0.8926	0.0000	0.2196
307	1.0000	0.8976	0.0000	0.2204
308	1.0000	0.9081	0.0000	0.2211
309	1.0000	0.9009	0.0000	0.2219
310	1.0000	0.8922	0.0000	0.2227
311	1.0000	0.9279	0.0000	0.2235
312	1.0000	0.9131	0.0000	0.2242
313	1.0000	0.8928	0.0000	0.2249
314	1.0000	0.9262	0.0000	0.2257
315	1.0000	0.9137	0.0000	0.2264
316	1.0000	0.9410	0.0000	0.2271
317	1.0000	0.9357	0.0000	0.2280
318	1.0000	0.8737	0.0000	0.2287
319	1.0000	0.8782	0.0000	0.2295
320	1.0000	0.8878	0.0000	0.2301
321	1.0000	0.8771	0.0000	0.2308
322	1.0000	0.8913	0.0000	0.2316
323	1.0000	0.8935	0.0000	0.2323
324	1.0000	0.8996	0.0000	0.2331
325	1.0000	0.9084	0.0000	0.2338
326	1.0000	0.8993	0.0000	0.2346
327	1.0000	0.8961	0.0000	0.2353
328	1.0000	0.9110	0.0000	0.2360
329	1.0000	0.9001	0.0000	0.2368
330	1.0000	0.8965	0.0000	0.2375
331	1.0000	0.9066	0.0000	0.2382
332	1.0000	0.8768	0.0000	0.2389
333	1.0000	0.8839	0.0000	0.2397
334	1.0000	0.8881	0.0000	0.2403
335	1.0000	0.9049	0.0000	0.2411
336	1.0000	0.8933	0.0000	0.2419
337	1.0000	0.8828	0.0000	0.2426
338	1.0000	0.9068	0.0000	0.2433
339	1.0000	0.9067	0.0000	0.2440
340	1.0000	0.9029	0.0000	0.2447
341	1.0000	0.9228	0.0000	0.2456
342	1.0000	0.9195	0.0000	0.2463
343	1.0000	0.9180	0.0000	0.2470
344	1.0000	0.9074	0.0000	0.2478
345	1.0000	0.8957	0.0000	0.2485
346	1.0000	0.9244	0.0000	0.2492
347	1.0000	0.9080	0.0000	0.2499
348	1.0000	0.9041	0.0000	0.2506
349	1.0000	0.9082	0.0000	0.2513
350	1.0000	0.9202	0.0000	0.2520
351	1.0000	0.9157	0.0000	0.2527
352	1.0000	0.9332	0.0000	0.2534
353	1.0000	0.9285	0.0000	0.2542
354	1.0000	0.9254	0.0000	0.2550
355	1.0000	0.9127	0.0000	0.2558
356	1.0000	0.9136	0.0000	0.2565
357	1.0000	0.9314	0.0000	0.2572
358	1.0000	0.8970	0.0000	0.2580
359	1.0000	0.8922	0.0000	0.2588
360	1.0000	0.9030	0.0000	0.2595
361	1.0000	0.8870	0.0000	0.2603
362	1.0000	0.8941	0.0000	0.2610
363	1.0000	0.9012	0.0000	0.2618
364	1.0000	0.8976	0.0000	0.2626
365	1.0000	0.8898	0.0000	0.2635
366	1.0000	0.8593	0.0000	0.2643
367	1.0000	0.8920	0.0000	0.2650
368	1.0000	0.8451	0.0000	0.2658
369	1.0000	0.8813	0.0000	0.2666
370	1.0000	0.8849	0.0000	0.2673
371	1.0000	0.8840	0.0000	0.2680
372	1.0000	0.8735	0.0000	0.2687
373	1.0000	0.9110	0.0000	0.2694
374	1.0000	0.9114	0.0000	0.2701
375	1.0000	0.8859	0.0000	0.2708
376	1.0000	0.9177	0.0000	0.2716
377	1.0000	0.9073	0.0000	0.2724
378	1.0000	0.9212	0.0000	0.2730
379	1.0000	0.9110	0.0000	0.2737
380	1.0000	0.9106	0.0000	0.2746
381	1.0000	0.8866	0.0000	0.2753
382	1.0000	0.9110	0.0000	0.2760
383	1.0000	0.9102	0.0000	0.2768
384	1.0000	0.8882	0.0000	0.2775
385	1.0000	0.9065	0.0000	0.2782
386	1.0000	0.8844	0.0000	0.2790
387	1.0000	0.8787	0.0000	0.2797
388	1.0000	0.8955	0.0000	0.2804
389	1.0000	0.9128	0.0000	0.2811
390	1.0000	0.8861	0.0000	0.2818
391	1.0000	0.9191	0.0000	0.2826
392	1.0000	0.8994	0.0000	0.2833
393	1.0000	0.9170	0.0000	0.2839
394	1.0000	0.9356	0.0000	0.2847
395	1.0000	0.9168	0.0000	0.2853
396	1.0000	0.9404	0.0000	0.2861
397	1.0000	0.9107	0.0000	0.2868
398	1.0000	0.9245	0.0000	0.2875
399	1.0000	0.9343	0.0000	0.2881
400	1.0000	0.9296	0.0000	0.2888
401	1.0000	0.9342	0.0000	0.2896
402	1.0000	0.9577	0.0000	0.2903
403	1.0000	0.9081	0.0000	0.2909
404	1.0000	0.9014	0.0000	0.2916
405	1.0000	0.9127	0.0000	0.2923
406	1.0000	0.9347	0.0000	0.2930
407	1.0000	0.9157	0.0000	0.2938
408	1.0000	0.8884	0.0000	0.2945
409	1.0000	0.9145	0.0000	0.2952
410	1.0000	0.9080	0.0000	0.2959
411	1.0000	0.8822	0.0000	0.2966
412	1.0000	0.8930	0.0000	0.2973
413	1.0000	0.9339	0.0000	0.2981
414	1.0000	0.9218	0.0000	0.2989
415	1.0000	0.8984	0.0000	0.2996
416	1.0000	0.9186	0.0000	0.3003
417	1.0000	0.9236	0.0000	0.3011
418	1.0000	0.9451	0.0000	0.3018
419	1.0000	0.9149	0.0000	0.3025
420	1.0000	0.9263	0.0000	0.3033
421	1.0000	0.9087	0.0000	0.3040
422	1.0000	0.9254	0.0000	0.3046
423	1.0000	0.9129	0.0000	0.3053
424	1.0000	0.9208	0.0000	0.3060
425	1.0000	0.9315	0.0000	0.3066
426	1.0000	0.9253	0.0000	0.3073
427	1.0000	0.8947	0.0000	0.3082
428	1.0000	0.9249	0.0000	0.3089
429	1.0000	0.9392	0.0000	0.3096
430	1.0000	0.9352	0.0000	0.3103
431	1.0000	0.9067	0.0000	0.3111
432	1.0000	0.9300	0.0000	0.3118
433	1.0000	0.9164	0.0000	0.3125
434	1.0000	0.9243	0.0000	0.3132
435	1.0000	0.9197	0.0000	0.3139
436	1.0000	0.9389	0.0000	0.3147
437	1.0000	0.9160	0.0000	0.3153
438	1.0000	0.9209	0.0000	0.3162
439	1.0000	0.9287	0.0000	0.3169
440	1.0000	0.9272	0.0000	0.3176
441	1.0000	0.9466	0.0000	0.3183
442	1.0000	0.9180	0.0000	0.3192
443	1.0000	0.8875	0.0000	0.3199
444	1.0000	0.9146	0.0000	0.3206
445	1.0000	0.9120	0.0000	0.3213
446	1.0000	0.8999	0.0000	0.3221
447	1.0000	0.9212	0.0000	0.3228
448	1.0000	0.8974	0.0000	0.3236
449	1.0000	0.9025	0.0000	0.3244
450	1.0000	0.8948	0.0000	0.3251
451	1.0000	0.8917	0.0000	0.3258
452	1.0000	0.9152	0.0000	0.3265
453	1.0000	0.9214	0.0000	0.3273
454	1.0000	0.8498	0.0000	0.3281
455	1.0000	0.8780	0.0000	0.3287
456	1.0000	0.8821	0.0000	0.3294
457	1.0000	0.8811	0.0000	0.3301
458	1.0000	0.8984	0.0000	0.3308
459	1.0000	0.9130	0.0000	0.3317
460	1.0000	0.9029	0.0000	0.3324
461	1.0000	0.9040	0.0000	0.3331
462	1.0000	0.9168	0.0000	0.3339
463	1.0000	0.9058	0.0000	0.3346
464	1.0000	0.9167	0.0000	0.3353
465	1.0000	0.9185	0.0000	0.3361
466	1.0000	0.9109	0.0000	0.3370
467	1.0000	0.9029	0.0000	0.3378
468	1.0000	0.9314	0.0000	0.3385
469	1.0000	0.9350	0.0000	0.3393
470	1.0000	0.9287	0.0000	0.3401
471	1.0000	0.8872	0.0000	0.3409
472	1.0000	0.8805	0.0000	0.3416
473	1.0000	0.9238	0.0000	0.3423
474	1.0000	0.9057	0.0000	0.3431
475	1.0000	0.9045	0.0000	0.3438
476	1.0000	0.9304	0.0000	0.3444
477	1.0000	0.9192	0.0000	0.3453
478	1.0000	0.9049	0.0000	0.3461
479	1.0000	0.9140	0.0000	0.3468
480	1.0000	0.9069	0.0000	0.3476
481	1.0000	0.9230	0.0000	0.3484
482	1.0000	0.9354	0.0000	0.3494
483	1.0000	0.8707	0.0000	0.3502
484	1.0000	0.8895	0.0000	0.3509
485	1.0000	0.8985	0.0000	0.3516
486	1.0000	0.8990	0.0000	0.3523
487	1.0000	0.9149	0.0000	0.3530
488	1.0000	0.9042	0.0000	0.3537
489	1.0000	0.9301	0.0000	0.3544
490	1.0000	0.9128	0.0000	0.3552
491	1.0000	0.9114	0.0000	0.3559
492	1.0000	0.9514	0.0000	0.3567
493	1.0000	0.9172	0.0000	0.3573
494	1.0000	0.9146	0.0000	0.3580
495	1.0000	0.9205	0.0000	0.3587
496	1.0000	0.9067	0.0000	0.3594
497	1.0000	0.9154	0.0000	0.3601
498	1.0000	0.9251	0.0000	0.3609
499	1.0000	0.9380	0.0000	0.3615
500	1.0000	0.9346	0.0000	0.3622
501	1.0000	0.9398	0.0000	0.3629
502	1.0000	0.9579	0.0000	0.3637
503	1.0000	0.9381	0.0000	0.3643
504	1.0000	0.9322	0.0000	0.3650
505	1.0000	0.9651	0.0000	0.3658
506	1.0000	0.9500	0.0000	0.3666
507	1.0000	0.9321	0.0000	0.3673
508	1.0000	0.9319	0.0000	0.3680
509	1.0000	0.9305	0.0000	0.3688
510	1.0000	0.9445	0.0000	0.3695
511	1.0000	0.9404	0.0000	0.3704
512	1.0000	0.9027	0.0000	0.3711
513	1.0000	0.9080	0.0000	0.3720
514	1.0000	0.8716	0.0000	0.3729
515	1.0000	0.9003	0.0000	0.3736
516	1.0000	0.8948	0.0000	0.3744
517	1.0000	0.9096	0.0000	0.3752
518	1.0000	0.9156	0.0000	0.3759
519	1.0000	0.9059	0.0000	0.3768
520	1.0000	0.8962	0.0000	0.3775
521	1.0000	0.8788	0.0000	0.3782
522	1.0000	0.8446	0.0000	0.3788
523	1.0000	0.8984	0.0000	0.3796
524	1.0000	0.8867	0.0000	0.3804
525	1.0000	0.8627	0.0000	0.3812
526	1.0000	0.8768	0.0000	0.3819
527	1.0000	0.9097	0.0000	0.3829
528	1.0000	0.8978	0.0000	0.3836
529	1.0000	0.9031	0.0000	0.3843
530	1.0000	0.8814	0.0000	0.3850
531	1.0000	0.8848	0.0000	0.3857
532	1.0000	0.9156	0.0000	0.3865
533	1.0000	0.9273	0.0000	0.3872
534	1.0000	0.9072	0.0000	0.3879
535	1.0000	0.8904	0.0000	0.3886
536	1.0000	0.9079	0.0000	0.3893
537	1.0000	0.9111	0.0000	0.3900
538	1.0000	0.9138	0.0000	0.3906
539	1.0000	0.9251	0.0000	0.3914
540	1.0000	0.9146	0.0000	0.3921
541	1.0000	0.9067	0.0000	0.3928
542	1.0000	0.9452	0.0000	0.3936
543	1.0000	0.9224	0.0000	0.3943
544	1.0000	0.9072	0.0000	0.3952
545	1.0000	0.8976	0.0000	0.3960
546	1.0000	0.9063	0.0000	0.3968
547	1.0000	0.8964	0.0000	0.3977
548	1.0000	0.9058	0.0000	0.3986
549	1.0000	0.8754	0.0000	0.3994
550	1.0000	0.8759	0.0000	0.4001
551	1.0000	0.8754	0.0000	0.4008
552	1.0000	0.8641	0.0000	0.4016
553	1.0000	0.8537	0.0000	0.4023
554	1.0000	0.8787	0.0000	0.4030
555	1.0000	0.8940	0.0000	0.4037
556	1.0000	0.8912	0.0000	0.4046
557	1.0000	0.8880	0.0000	0.4053
558	1.0000	0.8849	0.0000	0.4060
559	1.0000	0.8919	0.0000	0.4068
560	1.0000	0.8892	0.0000	0.4074
561	1.0000	0.8970	0.0000	0.4082
562	1.0000	0.8972	0.0000	0.4088
563	1.0000	0.9264	0.0000	0.4095
564	1.0000	0.9328	0.0000	0.4102
565	1.0000	0.9217	0.0000	0.4109
566	1.0000	0.9267	0.0000	0.4116
567	1.0000	0.9312	0.0000	0.4123
568	1.0000	0.9142	0.0000	0.4130
569	1.0000	0.9282	0.0000	0.4136
570	1.0000	0.9119	0.0000	0.4144
571	1.0000	0.9332	0.0000	0.4153
572	1.0000	0.9131	0.0000	0.4161
573	1.0000	0.9061	0.0000	0.4168
574	1.0000	0.9212	0.0000	0.4176
575	1.0000	0.9090	0.0000	0.4183
576	1.0000	0.9045	0.0000	0.4191
577	1.0000	0.9226	0.0000	0.4201
578	1.0000	0.9254	0.0000	0.4209
579	1.0000	0.9330	0.0000	0.4218
580	1.0000	0.8626	0.0000	0.4226
581	1.0000	0.8912	0.0000	0.4233
582	1.0000	0.8905	0.0000	0.4240
583	1.0000	0.9190	0.0000	0.4248
584	1.0000	0.9033	0.0000	0.4254
585	1.0000	0.8968	0.0000	0.4262
586	1.0000	0.8799	0.0000	0.4269
587	1.0000	0.8668	0.0000	0.4275
588	1.0000	0.8764	0.0000	0.4283
589	1.0000	0.8988	0.0000	0.4289
590	1.0000	0.9127	0.0000	0.4296
591	1.0000	0.9113	0.0000	0.4304
592	1.0000	0.9062	0.0000	0.4310
593	1.0000	0.9309	0.0000	0.4317
594	1.0000	0.9108	0.0000	0.4326
595	1.0000	0.9087	0.0000	0.4334
596	1.0000	0.8869	0.0000	0.4340
597	1.0000	0.8955	0.0000	0.4348
598	1.0000	0.8889	0.0000	0.4354
599	1.0000	0.8965	0.0000	0.4362
600	1.0000	0.8812	0.0000	0.4370
601	1.0000	0.9332	0.0000	0.4377
602	1.0000	0.8875	0.0000	0.4384
603	1.0000	0.8882	0.0000	0.4391
604	1.0000	0.8912	0.0000	0.4398
605	1.0000	0.9074	0.0000	0.4405
606	1.0000	0.9025	0.0000	0.4413
607	1.0000	0.9016	0.0000	0.4422
608	1.0000	0.8963	0.0000	0.4430
609	1.0000	0.9229	0.0000	0.4439
610	1.0000	0.8877	0.0000	0.4446
611	1.0000	0.8941	0.0000	0.4456
612	1.0000	0.8819	0.0000	0.4465
613	1.0000	0.8942	0.0000	0.4473
614	1.0000	0.9091	0.0000	0.4483
615	1.0000	0.9189	0.0000	0.4493
616	1.0000	0.8803	0.0000	0.4502
617	1.0000	0.8716	0.0000	0.4511
618	1.0000	0.8929	0.0000	0.4519
619	1.0000	0.8847	0.0000	0.4528
620	1.0000	0.8836	0.0000	0.4536
621	1.0000	0.8852	0.0000	0.4543
622	1.0000	0.9017	0.0000	0.4552
623	1.0000	0.9060	0.0000	0.4560
624	1.0000	0.9134	0.0000	0.4570
625	1.0000	0.9003	0.0000	0.4579
626	1.0000	0.9067	0.0000	0.4588
627	1.0000	0.9174	0.0000	0.4599
628	1.0000	0.9171	0.0000	0.4607
629	1.0000	0.9072	0.0000	0.4616
630	1.0000	0.9174	0.0000	0.4624
631	1.0000	0.9074	0.0000	0.4632
632	1.0000	0.9271	0.0000	0.4640
633	1.0000	0.9246	0.0000	0.4648
634	1.0000	0.9143	0.0000	0.4656
635	1.0000	0.9215	0.0000	0.4663
636	1.0000	0.9214	0.0000	0.4674
637	1.0000	0.9355	0.0000	0.4682
638	1.0000	0.9173	0.0000	0.4690
639	1.0000	0.9288	0.0000	0.4699
640	1.0000	0.9260	0.0000	0.4709
641	1.0000	0.9176	0.0000	0.4717
642	1.0000	0.9209	0.0000	0.4726
643	1.0000	0.9289	0.0000	0.4735
644	1.0000	0.9341	0.0000	0.4745
645	1.0000	0.9201	0.0000	0.4754
646	1.0000	0.9180	0.0000	0.4762
647	1.0000	0.9298	0.0000	0.4773
648	1.0000	0.9606	0.0000	0.4782
649	1.0000	0.9108	0.0000	0.4791
650	1.0000	0.9288	0.0000	0.4799
651	1.0000	0.9083	0.0000	0.4808
652	1.0000	0.9008	0.0000	0.4816
653	1.0000	0.9003	0.0000	0.4826
654	1.0000	0.8870	0.0000	0.4835
655	1.0000	0.9059	0.0000	0.4843
656	1.0000	0.9113	0.0000	0.4852
657	1.0000	0.8804	0.0000	0.4859
658	1.0000	0.9019	0.0000	0.4869
659	1.0000	0.9132	0.0000	0.4878
660	1.0000	0.8949	0.0000	0.4887
661	1.0000	0.8990	0.0000	0.4896
662	1.0000	0.9142	0.0000	0.4905
663	1.0000	0.9059	0.0000	0.4914
664	1.0000	0.8822	0.0000	0.4921
665	1.0000	0.9088	0.0000	0.4930
666	1.0000	0.9286	0.0000	0.4938
667	1.0000	0.9229	0.0000	0.4946
668	1.0000	0.9202	0.0000	0.4954
669	1.0000	0.9276	0.0000	0.4962
670	1.0000	0.9281	0.0000	0.4971
671	1.0000	0.9507	0.0000	0.4980
672	1.0000	0.9484	0.0000	0.4988
673	1.0000	0.9265	0.0000	0.4996
674	1.0000	0.9342	0.0000	0.5004
675	1.0000	0.9217	0.0000	0.5013
676	1.0000	0.9483	0.0000	0.5021
677	1.0000	0.9141	0.0000	0.5029
678	1.0000	0.9357	0.0000	0.5036
679	1.0000	0.9174	0.0000	0.5044
680	1.0000	0.9391	0.0000	0.5053
681	1.0000	0.9521	0.0000	0.5061
682	1.0000	0.9335	0.0000	0.5069
683	1.0000	0.9149	0.0000	0.5078
684	1.0000	0.8910	0.0000	0.5086
685	1.0000	0.9210	0.0000	0.5094
686	1.0000	0.9126	0.0000	0.5101
687	1.0000	0.9287	0.0000	0.5109
688	1.0000	0.9217	0.0000	0.5117
689	1.0000	0.9401	0.0000	0.5124
690	1.0000	0.9093	0.0000	0.5131
691	1.0000	0.9028	0.0000	0.5139
692	1.0000	0.9008	0.0000	0.5149
693	1.0000	0.9312	0.0000	0.5159
694	1.0000	0.9240	0.0000	0.5167
695	1.0000	0.9337	0.0000	0.5175
696	1.0000	0.9373	0.0000	0.5183
697	1.0000	0.9179	0.0000	0.5190
698	1.0000	0.9219	0.0000	0.5200
699	1.0000	0.9220	0.0000	0.5207
700	1.0000	0.9348	0.0000	0.5214
701	1.0000	0.9147	0.0000	0.5222
702	1.0000	0.9372	0.0000	0.5229
703	1.0000	0.9404	0.0000	0.5236
704	1.0000	0.9493	0.0000	0.5243
705	1.0000	0.9539	0.0000	0.5251
706	1.0000	0.9524	0.0000	0.5260
707	1.0000	0.9518	0.0000	0.5267
708	1.0000	0.9157	0.0000	0.5275
709	1.0000	0.9493	0.0000	0.5283
710	1.0000	0.9405	0.0000	0.5290
711	1.0000	0.9263	0.0000	0.5297
712	1.0000	0.9287	0.0000	0.5305
713	1.0000	0.9299	0.0000	0.5312
714	1.0000	0.9153	0.0000	0.5320
715	1.0000	0.9482	0.0000	0.5327
716	1.0000	0.9349	0.0000	0.5336
717	1.0000	0.9461	0.0000	0.5347
718	1.0000	0.9053	0.0000	0.5356
719	1.0000	0.9181	0.0000	0.5364
720	1.0000	0.9006	0.0000	0.5373
721	1.0000	0.9133	0.0000	0.5381
722	1.0000	0.9050	0.0000	0.5388
723	1.0000	0.9102	0.0000	0.5396
724	1.0000	0.9368	0.0000	0.5405
725	1.0000	0.9181	0.0000	0.5413
726	1.0000	0.9390	0.0000	0.5421
727	1.0000	0.9555	0.0000	0.5428
728	1.0000	0.9071	0.0000	0.5436
729	1.0000	0.9354	0.0000	0.5443
730	1.0000	0.9081	0.0000	0.5450
731	1.0000	0.9222	0.0000	0.5457
732	1.0000	0.9362	0.0000	0.5465
733	1.0000	0.9577	0.0000	0.5474
734	1.0000	0.9518	0.0000	0.5483
735	1.0000	0.9316	0.0000	0.5491
736	1.0000	0.9500	0.0000	0.5498
737	1.0000	0.9463	0.0000	0.5506
738	1.0000	0.9451	0.0000	0.5514
739	1.0000	0.9389	0.0000	0.5522
740	1.0000	0.9381	0.0000	0.5530
741	1.0000	0.9414	0.0000	0.5538
742	1.0000	0.9430	0.0000	0.5548
743	1.0000	0.9173	0.0000	0.5556
744	1.0000	0.9405	0.0000	0.5564
745	1.0000	0.9526	0.0000	0.5572
746	1.0000	0.9093	0.0000	0.5581
747	1.0000	0.9044	0.0000	0.5588
748	1.0000	0.9414	0.0000	0.5595
749	1.0000	0.9435	0.0000	0.5603
750	1.0000	0.9049	0.0000	0.5610
751	1.0000	0.9334	0.0000	0.5618
752	1.0000	0.9126	0.0000	0.5625
753	1.0000	0.9451	0.0000	0.5633
754	1.0000	0.9235	0.0000	0.5641
755	1.0000	0.9346	0.0000	0.5651
756	1.0000	0.9110	0.0000	0.5659
757	1.0000	0.9030	0.0000	0.5667
758	1.0000	0.9323	0.0000	0.5675
759	1.0000	0.9249	0.0000	0.5683
760	1.0000	0.9263	0.0000	0.5690
761	1.0000	0.9169	0.0000	0.5699
762	1.0000	0.9089	0.0000	0.5707
763	1.0000	0.9028	0.0000	0.5715
764	1.0000	0.8996	0.0000	0.5724
765	1.0000	0.9008	0.0000	0.5733
766	1.0000	0.8850	0.0000	0.5741
767	1.0000	0.8977	0.0000	0.5751
768	1.0000	0.9026	0.0000	0.5759
769	1.0000	0.8977	0.0000	0.5770
770	1.0000	0.8770	0.0000	0.5778
771	1.0000	0.8984	0.0000	0.5786
772	1.0000	0.8986	0.0000	0.5795
773	1.0000	0.9071	0.0000	0.5806
774	1.0000	0.9206	0.0000	0.5814
775	1.0000	0.9002	0.0000	0.5823
776	1.0000	0.8982	0.0000	0.5832
777	1.0000	0.9103	0.0000	0.5842
778	1.0000	0.9168	0.0000	0.5852
779	1.0000	0.8853	0.0000	0.5860
780	1.0000	0.8675	0.0000	0.5868
781	1.0000	0.9130	0.0000	0.5875
782	1.0000	0.9026	0.0000	0.5883
783	1.0000	0.9006	0.0000	0.5891
784	1.0000	0.9127	0.0000	0.5899
785	1.0000	0.9015	0.0000	0.5908
786	1.0000	0.8921	0.0000	0.5916
787	1.0000	0.9124	0.0000	0.5923
788	1.0000	0.9025	0.0000	0.5933
789	1.0000	0.9037	0.0000	0.5944
790	1.0000	0.9192	0.0000	0.5954
791	1.0000	0.9130	0.0000	0.5964
792	1.0000	0.8728	0.0000	0.5971
793	1.0000	0.9249	0.0000	0.5980
794	1.0000	0.8887	0.0000	0.5988
795	1.0000	0.9091	0.0000	0.5997
796	1.0000	0.9161	0.0000	0.6006
797	1.0000	0.8956	0.0000	0.6014
798	1.0000	0.8962	0.0000	0.6023
799	1.0000	0.8702	0.0000	0.6031
800	1.0000	0.8620	0.0000	0.6040
801	1.0000	0.9046	0.0000	0.6049
802	1.0000	0.8715	0.0000	0.6058
803	1.0000	0.8786	0.0000	0.6066
804	1.0000	0.8803	0.0000	0.6073
805	1.0000	0.9159	0.0000	0.6084
806	1.0000	0.8695	0.0000	0.6093
807	1.0000	0.8951	0.0000	0.6102
808	1.0000	0.9045	0.0000	0.6110
809	1.0000	0.8849	0.0000	0.6118
810	1.0000	0.9079	0.0000	0.6126
811	1.0000	0.9099	0.0000	0.6136
812	1.0000	0.9171	0.0000	0.6143
813	1.0000	0.9105	0.0000	0.6151
814	1.0000	0.9192	0.0000	0.6159
815	1.0000	0.9070	0.0000	0.6167
816	1.0000	0.9132	0.0000	0.6175
817	1.0000	0.9034	0.0000	0.6183
818	1.0000	0.8844	0.0000	0.6193
819	1.0000	0.8924	0.0000	0.6201
820	1.0000	0.9071	0.0000	0.6209
821	1.0000	0.9095	0.0000	0.6217
822	1.0000	0.9119	0.0000	0.6225
823	1.0000	0.9079	0.0000	0.6233
824	1.0000	0.9231	0.0000	0.6244
825	1.0000	0.8949	0.0000	0.6252
826	1.0000	0.9290	0.0000	0.6260
827	1.0000	0.9112	0.0000	0.6269
828	1.0000	0.9301	0.0000	0.6279
829	1.0000	0.9037	0.0000	0.6289
830	1.0000	0.8967	0.0000	0.6297
831	1.0000	0.8959	0.0000	0.6305
832	1.0000	0.9139	0.0000	0.6313
833	1.0000	0.9191	0.0000	0.6322
834	1.0000	0.9175	0.0000	0.6331
835	1.0000	0.9285	0.0000	0.6341
836	1.0000	0.9301	0.0000	0.6351
837	1.0000	0.9272	0.0000	0.6359
838	1.0000	0.9113	0.0000	0.6368
839	1.0000	0.9104	0.0000	0.6376
840	1.0000	0.9366	0.0000	0.6383
841	1.0000	0.8827	0.0000	0.6391
842	1.0000	0.9282	0.0000	0.6399
843	1.0000	0.9368	0.0000	0.6407
844	1.0000	0.9256	0.0000	0.6415
845	1.0000	0.9231	0.0000	0.6422
846	1.0000	0.9327	0.0000	0.6429
847	1.0000	0.9362	0.0000	0.6437
848	1.0000	0.9423	0.0000	0.6444
849	1.0000	0.9420	0.0000	0.6452
850	1.0000	0.9353	0.0000	0.6460
851	1.0000	0.9308	0.0000	0.6468
852	1.0000	0.9321	0.0000	0.6475
853	1.0000	0.9447	0.0000	0.6482
854	1.0000	0.9307	0.0000	0.6490
855	1.0000	0.9317	0.0000	0.6497
856	1.0000	0.9399	0.0000	0.6506
857	1.0000	0.9049	0.0000	0.6513
858	1.0000	0.9157	0.0000	0.6520
859	1.0000	0.9253	0.0000	0.6527
860	1.0000	0.9300	0.0000	0.6534
861	1.0000	0.9461	0.0000	0.6543
862	1.0000	0.9518	0.0000	0.6554
863	1.0000	0.9259	0.0000	0.6562
864	1.0000	0.9409	0.0000	0.6571
865	1.0000	0.9092	0.0000	0.6579
866	1.0000	0.9065	0.0000	0.6587
867	1.0000	0.9335	0.0000	0.6595
868	1.0000	0.9081	0.0000	0.6603
869	1.0000	0.9155	0.0000	0.6612
870	1.0000	0.9148	0.0000	0.6619
871	1.0000	0.8776	0.0000	0.6626
872	1.0000	0.8893	0.0000	0.6634
873	1.0000	0.8997	0.0000	0.6642
874	1.0000	0.8843	0.0000	0.6650
875	1.0000	0.9188	0.0000	0.6659
876	1.0000	0.9064	0.0000	0.6667
877	1.0000	0.9389	0.0000	0.6674
878	1.0000	0.9189	0.0000	0.6684
879	1.0000	0.9173	0.0000	0.6691
880	1.0000	0.9215	0.0000	0.6700
881	1.0000	0.8833	0.0000	0.6708
882	1.0000	0.9021	0.0000	0.6717
883	1.0000	0.9078	0.0000	0.6726
884	1.0000	0.9159	0.0000	0.6734
885	1.0000	0.8786	0.0000	0.6743
886	1.0000	0.9116	0.0000	0.6751
887	1.0000	0.8926	0.0000	0.6758
888	1.0000	0.8923	0.0000	0.6766
889	1.0000	0.9042	0.0000	0.6773
890	1.0000	0.9037	0.0000	0.6781
891	1.0000	0.8981	0.0000	0.6788
892	1.0000	0.9222	0.0000	0.6798
893	1.0000	0.9494	0.0000	0.6806
894	1.0000	0.9250	0.0000	0.6813
895	1.0000	0.9264	0.0000	0.6823
896	1.0000	0.8820	0.0000	0.6830
897	1.0000	0.8937	0.0000	0.6838
898	1.0000	0.9101	0.0000	0.6849
899	1.0000	0.8515	0.0000	0.6856
900	1.0000	0.8538	0.0000	0.6864
901	1.0000	0.8699	0.0000	0.6872
902	1.0000	0.8614	0.0000	0.6880
903	1.0000	0.8876	0.0000	0.6889
904	1.0000	0.8842	0.0000	0.6900
905	1.0000	0.8456	0.0000	0.6907
906	1.0000	0.8763	0.0000	0.6914
907	1.0000	0.8947	0.0000	0.6922
908	1.0000	0.8744	0.0000	0.6930
909	1.0000	0.9010	0.0000	0.6939
910	1.0000	0.8999	0.0000	0.6946
911	1.0000	0.9235	0.0000	0.6954
912	1.0000	0.9177	0.0000	0.6962
913	1.0000	0.9114	0.0000	0.6969
914	1.0000	0.9255	0.0000	0.6977
915	1.0000	0.9344	0.0000	0.6985
916	1.0000	0.9166	0.0000	0.6993
917	1.0000	0.9218	0.0000	0.7000
918	1.0000	0.9311	0.0000	0.7007
919	1.0000	0.9375	0.0000	0.7014
920	1.0000	0.9234	0.0000	0.7021
921	1.0000	0.9317	0.0000	0.7028
922	1.0000	0.9205	0.0000	0.7035
923	1.0000	0.9248	0.0000	0.7042
924	1.0000	0.9306	0.0000	0.7049
925	1.0000	0.9483	0.0000	0.7057
926	1.0000	0.9289	0.0000	0.7065
927	1.0000	0.9508	0.0000	0.7072
928	1.0000	0.9170	0.0000	0.7080
929	1.0000	0.9398	0.0000	0.7087
930	1.0000	0.9346	0.0000	0.7095
931	1.0000	0.9482	0.0000	0.7103
932	1.0000	0.9446	0.0000	0.7110
933	1.0000	0.9385	0.0000	0.7118
934	1.0000	0.9190	0.0000	0.7125
935	1.0000	0.9191	0.0000	0.7132
936	1.0000	0.9358	0.0000	0.7139
937	1.0000	0.9230	0.0000	0.7148
938	1.0000	0.9479	0.0000	0.7156
939	1.0000	0.9220	0.0000	0.7163
940	1.0000	0.9308	0.0000	0.7171
941	1.0000	0.9186	0.0000	0.7178
942	1.0000	0.9328	0.0000	0.7185
943	1.0000	0.9322	0.0000	0.7193
944	1.0000	0.9333	0.0000	0.7202
945	1.0000	0.9331	0.0000	0.7209
946	1.0000	0.9351	0.0000	0.7215
947	1.0000	0.9543	0.0000	0.7222
948	1.0000	0.9354	0.0000	0.7229
949	1.0000	0.9503	0.0000	0.7237
950	1.0000	0.9375	0.0000	0.7245
951	1.0000	0.9544	0.0000	0.7251
952	1.0000	0.9575	0.0000	0.7258
953	1.0000	0.9535	0.0000	0.7266
954	1.0000	0.9369	0.0000	0.7273
955	1.0000	0.9454	0.0000	0.7280
956	1.0000	0.9793	0.0000	0.7287
957	1.0000	0.9677	0.0000	0.7294
958	1.0000	0.9620	0.0000	0.7301
959	1.0000	0.9645	0.0000	0.7308
960	1.0000	0.9650	0.0000	0.7316
961	1.0000	0.9633	0.0000	0.7323
962	1.0000	0.9648	0.0000	0.7330
963	1.0000	0.9529	0.0000	0.7339
964	1.0000	0.9373	0.0000	0.7348
965	1.0000	0.9155	0.0000	0.7355
966	1.0000	0.9078	0.0000	0.7363
967	1.0000	0.9200	0.0000	0.7372
968	1.0000	0.9202	0.0000	0.7379
969	1.0000	0.9300	0.0000	0.7386
970	1.0000	0.9397	0.0000	0.7394
971	1.0000	0.9295	0.0000	0.7401
972	1.0000	0.9501	0.0000	0.7409
973	1.0000	0.9244	0.0000	0.7417
974	1.0000	0.9378	0.0000	0.7424
975	1.0000	0.9431	0.0000	0.7431
976	1.0000	0.9633	0.0000	0.7439
977	1.0000	0.9588	0.0000	0.7447
978	1.0000	0.9389	0.0000	0.7457
979	1.0000	0.9355	0.0000	0.7465
980	1.0000	0.9612	0.0000	0.7473
981	1.0000	0.9515	0.0000	0.7480
982	1.0000	0.9560	0.0000	0.7487
983	1.0000	0.9637	0.0000	0.7494
984	1.0000	0.9546	0.0000	0.7501
985	1.0000	0.9495	0.0000	0.7507
986	1.0000	0.9514	0.0000	0.7514
987	1.0000	0.9565	0.0000	0.7525
988	1.0000	0.9585	0.0000	0.7532
989	1.0000	0.9373	0.0000	0.7540
990	1.0000	0.9475	0.0000	0.7548
991	1.0000	0.9517	0.0000	0.7556
992	1.0000	0.9404	0.0000	0.7564
993	1.0000	0.9642	0.0000	0.7571
994	1.0000	0.9575	0.0000	0.7578
995	1.0000	0.9728	0.0000	0.7589
996	1.0000	0.9729	0.0000	0.7597
997	1.0000	0.9608	0.0000	0.7604
998	1.0000	0.9729	0.0000	0.7612
999	1.0000	0.9623	0.0000	0.7620
1000	1.0000	0.9384	0.0000	0.7627
1001	1.0000	0.9692	0.0000	0.7634
1002	1.0000	0.9499	0.0000	0.7641
1003	1.0000	0.9520	0.0000	0.7650
1004	1.0000	0.9590	0.0000	0.7661
1005	1.0000	0.9649	0.0000	0.7675
1006	1.0000	0.9548	0.0000	0.7683
1007	1.0000	0.9685	0.0000	0.7691
1008	1.0000	0.9472	0.0000	0.7700
1009	1.0000	0.9517	0.0000	0.7714
1010	1.0000	0.9800	0.0000	0.7721
1011	1.0000	0.9704	0.0000	0.7729
1012	1.0000	0.9651	0.0000	0.7737
1013	1.0000	0.9487	0.0000	0.7746
1014	1.0000	0.9668	0.0000	0.7753
1015	1.0000	0.9586	0.0000	0.7761
1016	1.0000	0.9406	0.0000	0.7768
1017	1.0000	0.9563	0.0000	0.7776
1018	1.0000	0.9165	0.0000	0.7783
1019	1.0000	0.9555	0.0000	0.7790
1020	1.0000	0.9426	0.0000	0.7798
1021	1.0000	0.9549	0.0000	0.7806
1022	1.0000	0.9338	0.0000	0.7813
1023	1.0000	0.9379	0.0000	0.7820
1024	1.0000	0.9076	0.0000	0.7826
1025	1.0000	0.9214	0.0000	0.7834
1026	1.0000	0.9434	0.0000	0.7840
1027	1.0000	0.9217	0.0000	0.7847
1028	1.0000	0.9201	0.0000	0.7854
1029	1.0000	0.9430	0.0000	0.7861
1030	1.0000	0.9291	0.0000	0.7869
1031	1.0000	0.9076	0.0000	0.7875
1032	1.0000	0.9197	0.0000	0.7882
1033	1.0000	0.9162	0.0000	0.7889
1034	1.0000	0.9374	0.0000	0.7896
1035	1.0000	0.9212	0.0000	0.7902
1036	1.0000	0.9377	0.0000	0.7909
1037	1.0000	0.9196	0.0000	0.7916
1038	1.0000	0.9361	0.0000	0.7923
1039	1.0000	0.9367	0.0000	0.7932
1040	1.0000	0.9397	0.0000	0.7940
1041	1.0000	0.9177	0.0000	0.7947
1042	1.0000	0.9084	0.0000	0.7953
1043	1.0000	0.9131	0.0000	0.7960
1044	1.0000	0.9123	0.0000	0.7968
1045	1.0000	0.9329	0.0000	0.7977
1046	1.0000	0.8968	0.0000	0.7983
1047	1.0000	0.8946	0.0000	0.7990
1048	1.0000	0.9241	0.0000	0.7997
1049	1.0000	0.8938	0.0000	0.8004
1050	1.0000	0.9129	0.0000	0.8011
1051	1.0000	0.9140	0.0000	0.8018
1052	1.0000	0.9047	0.0000	0.8026
1053	1.0000	0.8869	0.0000	0.8033
1054	1.0000	0.9049	0.0000	0.8041
1055	1.0000	0.9120	0.0000	0.8048
1056	1.0000	0.9072	0.0000	0.8056
1057	1.0000	0.9140	0.0000	0.8065
1058	1.0000	0.9320	0.0000	0.8072
1059	1.0000	0.9169	0.0000	0.8080
1060	1.0000	0.9308	0.0000	0.8087
1061	1.0000	0.9254	0.0000	0.8095
1062	1.0000	0.9136	0.0000	0.8103
1063	1.0000	0.9116	0.0000	0.8111
1064	1.0000	0.9003	0.0000	0.8117
1065	1.0000	0.9146	0.0000	0.8124
1066	1.0000	0.9267	0.0000	0.8132
1067	1.0000	0.9084	0.0000	0.8138
1068	1.0000	0.9388	0.0000	0.8145
1069	1.0000	0.9262	0.0000	0.8153
1070	1.0000	0.9491	0.0000	0.8159
1071	1.0000	0.9410	0.0000	0.8167
1072	1.0000	0.9466	0.0000	0.8174
1073	1.0000	0.9405	0.0000	0.8180
1074	1.0000	0.9354	0.0000	0.8187
1075	1.0000	0.9429	0.0000	0.8194
1076	1.0000	0.9514	0.0000	0.8202
1077	1.0000	0.9470	0.0000	0.8210
1078	1.0000	0.9448	0.0000	0.8216
1079	1.0000	0.9611	0.0000	0.8224
1080	1.0000	0.9310	0.0000	0.8232
1081	1.0000	0.9266	0.0000	0.8239
1082	1.0000	0.9458	0.0000	0.8248
1083	1.0000	0.9381	0.0000	0.8256
1084	1.0000	0.9283	0.0000	0.8263
1085	1.0000	0.9176	0.0000	0.8272
1086	1.0000	0.9271	0.0000	0.8278
1087	1.0000	0.9403	0.0000	0.8286
1088	1.0000	0.9374	0.0000	0.8293
1089	1.0000	0.9537	0.0000	0.8299
1090	1.0000	0.9469	0.0000	0.8307
1091	1.0000	0.9378	0.0000	0.8315
1092	1.0000	0.9591	0.0000	0.8321
1093	1.0000	0.9367	0.0000	0.8329
1094	1.0000	0.9481	0.0000	0.8336
1095	1.0000	0.9492	0.0000	0.8344
1096	1.0000	0.9509	0.0000	0.8350
1097	1.0000	0.9694	0.0000	0.8358
1098	1.0000	0.9170	0.0000	0.8365
1099	1.0000	0.9497	0.0000	0.8371
1100	1.0000	0.9325	0.0000	0.8378
1101	1.0000	0.9605	0.0000	0.8385
1102	1.0000	0.9408	0.0000	0.8394
1103	1.0000	0.9355	0.0000	0.8402
1104	1.0000	0.9327	0.0000	0.8410
1105	1.0000	0.9387	0.0000	0.8417
1106	1.0000	0.9408	0.0000	0.8424
1107	1.0000	0.9463	0.0000	0.8432
1108	1.0000	0.9355	0.0000	0.8440
1109	1.0000	0.9461	0.0000	0.8448
1110	1.0000	0.9307	0.0000	0.8455
1111	1.0000	0.9546	0.0000	0.8464
1112	1.0000	0.9494	0.0000	0.8471
1113	1.0000	0.9552	0.0000	0.8478
1114	1.0000	0.9466	0.0000	0.8487
1115	1.0000	0.9378	0.0000	0.8496
1116	1.0000	0.9505	0.0000	0.8508
1117	1.0000	0.9335	0.0000	0.8516
1118	1.0000	0.9092	0.0000	0.8524
1119	1.0000	0.9236	0.0000	0.8532
1120	1.0000	0.9247	0.0000	0.8539
1121	1.0000	0.9534	0.0000	0.8548
1122	1.0000	0.9206	0.0000	0.8556
1123	1.0000	0.9508	0.0000	0.8563
1124	1.0000	0.9518	0.0000	0.8570
1125	1.0000	0.9746	0.0000	0.8582
1126	1.0000	0.9439	0.0000	0.8591
1127	1.0000	0.9388	0.0000	0.8598
1128	1.0000	0.9610	0.0000	0.8608
1129	1.0000	0.9207	0.0000	0.8619
1130	1.0000	0.9218	0.0000	0.8627
1131	1.0000	0.9273	0.0000	0.8635
1132	1.0000	0.9338	0.0000	0.8643
1133	1.0000	0.9218	0.0000	0.8651
1134	1.0000	0.9526	0.0000	0.8659
1135	1.0000	0.9261	0.0000	0.8669
1136	1.0000	0.9308	0.0000	0.8676
1137	1.0000	0.9076	0.0000	0.8684
1138	1.0000	0.9113	0.0000	0.8692
1139	1.0000	0.9308	0.0000	0.8700
1140	1.0000	0.9271	0.0000	0.8709
1141	1.0000	0.9390	0.0000	0.8716
1142	1.0000	0.9311	0.0000	0.8724
1143	1.0000	0.9469	0.0000	0.8731
1144	1.0000	0.9467	0.0000	0.8739
1145	1.0000	0.9385	0.0000	0.8747
1146	1.0000	0.9543	0.0000	0.8754
1147	1.0000	0.9565	0.0000	0.8762
1148	1.0000	0.9653	0.0000	0.8769
1149	1.0000	0.9452	0.0000	0.8776
1150	1.0000	0.9631	0.0000	0.8784
1151	1.0000	0.9711	0.0000	0.8791
1152	1.0000	0.9636	0.0000	0.8798
1153	1.0000	0.9537	0.0000	0.8806
1154	1.0000	0.9626	0.0000	0.8816
1155	1.0000	0.9156	0.0000	0.8823
1156	1.0000	0.9347	0.0000	0.8830
1157	1.0000	0.9182	0.0000	0.8839
1158	1.0000	0.9526	0.0000	0.8847
1159	1.0000	0.9335	0.0000	0.8855
1160	1.0000	0.9249	0.0000	0.8863
1161	1.0000	0.9530	0.0000	0.8870
1162	1.0000	0.9482	0.0000	0.8877
1163	1.0000	0.9454	0.0000	0.8886
1164	1.0000	0.9380	0.0000	0.8894
1165	1.0000	0.9310	0.0000	0.8904
1166	1.0000	0.9352	0.0000	0.8911
1167	1.0000	0.9012	0.0000	0.8919
1168	1.0000	0.9365	0.0000	0.8928
1169	1.0000	0.9361	0.0000	0.8935
1170	1.0000	0.9309	0.0000	0.8943
1171	1.0000	0.9288	0.0000	0.8950
1172	1.0000	0.9446	0.0000	0.8958
1173	1.0000	0.9412	0.0000	0.8966
1174	1.0000	0.9395	0.0000	0.8974
1175	1.0000	0.9643	0.0000	0.8983
1176	1.0000	0.9464	0.0000	0.8992
1177	1.0000	0.9381	0.0000	0.9000
1178	1.0000	0.9374	0.0000	0.9007
1179	1.0000	0.9480	0.0000	0.9015
1180	1.0000	0.9552	0.0000	0.9024
1181	1.0000	0.9567	0.0000	0.9032
1182	1.0000	0.9583	0.0000	0.9040
1183	1.0000	0.9386	0.0000	0.9047
1184	1.0000	0.9494	0.0000	0.9054
1185	1.0000	0.9413	0.0000	0.9061
1186	1.0000	0.9564	0.0000	0.9070
1187	1.0000	0.9173	0.0000	0.9077
1188	1.0000	0.9109	0.0000	0.9084
1189	1.0000	0.9424	0.0000	0.9091
1190	1.0000	0.9548	0.0000	0.9100
1191	1.0000	0.9041	0.0000	0.9107
1192	1.0000	0.9557	0.0000	0.9114
1193	1.0000	0.9508	0.0000	0.9122
1194	1.0000	0.9376	0.0000	0.9130
1195	1.0000	0.9345	0.0000	0.9140
1196	1.0000	0.9435	0.0000	0.9147
1197	1.0000	0.9189	0.0000	0.9154
1198	1.0000	0.9536	0.0000	0.9162
1199	1.0000	0.9356	0.0000	0.9170
1200	1.0000	0.8882	0.0000	0.9178
1201	1.0000	0.9001	0.0000	0.9185
1202	1.0000	0.9470	0.0000	0.9192
1203	1.0000	0.9455	0.0000	0.9199
1204	1.0000	0.9328	0.0000	0.9208
1205	1.0000	0.9327	0.0000	0.9217
1206	1.0000	0.9258	0.0000	0.9226
1207	1.0000	0.9371	0.0000	0.9234
1208	1.0000	0.9015	0.0000	0.9243
1209	1.0000	0.8748	0.0000	0.9251
1210	1.0000	0.8775	0.0000	0.9258
1211	1.0000	0.9092	0.0000	0.9266
1212	1.0000	0.9017	0.0000	0.9273
1213	1.0000	0.9079	0.0000	0.9281
1214	1.0000	0.9150	0.0000	0.9290
1215	1.0000	0.8731	0.0000	0.9298
1216	1.0000	0.8829	0.0000	0.9305
1217	1.0000	0.9133	0.0000	0.9312
1218	1.0000	0.9147	0.0000	0.9319
1219	1.0000	0.9049	0.0000	0.9326
1220	1.0000	0.9143	0.0000	0.9333
1221	1.0000	0.9053	0.0000	0.9340
1222	1.0000	0.8946	0.0000	0.9347
1223	1.0000	0.9199	0.0000	0.9354
1224	1.0000	0.9253	0.0000	0.9362
1225	1.0000	0.9333	0.0000	0.9369
1226	1.0000	0.9303	0.0000	0.9376
1227	1.0000	0.9335	0.0000	0.9383
1228	1.0000	0.9372	0.0000	0.9390
1229	1.0000	0.9177	0.0000	0.9397
1230	1.0000	0.9331	0.0000	0.9404
1231	1.0000	0.9329	0.0000	0.9411
1232	1.0000	0.9490	0.0000	0.9417
1233	1.0000	0.9523	0.0000	0.9424
1234	1.0000	0.9564	0.0000	0.9431
1235	1.0000	0.9300	0.0000	0.9439
1236	1.0000	0.9482	0.0000	0.9447
1237	1.0000	0.9462	0.0000	0.9454
1238	1.0000	0.9269	0.0000	0.9461
1239	1.0000	0.9518	0.0000	0.9468
1240	1.0000	0.9656	0.0000	0.9477
1241	1.0000	0.9374	0.0000	0.9484
1242	1.0000	0.9319	0.0000	0.9491
1243	1.0000	0.9387	0.0000	0.9498
1244	1.0000	0.9464	0.0000	0.9505
1245	1.0000	0.9604	0.0000	0.9514
1246	1.0000	0.9165	0.0000	0.9520
1247	1.0000	0.9370	0.0000	0.9527
1248	1.0000	0.9284	0.0000	0.9536
1249	1.0000	0.9369	0.0000	0.9543
1250	1.0000	0.9275	0.0000	0.9550
1251	1.0000	0.9527	0.0000	0.9558
1252	1.0000	0.9487	0.0000	0.9565
1253	1.0000	0.9671	0.0000	0.9571
1254	1.0000	0.9280	0.0000	0.9580
1255	1.0000	0.9483	0.0000	0.9586
1256	1.0000	0.9534	0.0000	0.9595
1257	1.0000	0.9607	0.0000	0.9602
1258	1.0000	0.9479	0.0000	0.9608
1259	1.0000	0.9606	0.0000	0.9616
1260	1.0000	0.9513	0.0000	0.9623
1261	1.0000	0.9458	0.0000	0.9631
1262	1.0000	0.9540	0.0000	0.9638
1263	1.0000	0.9464	0.0000	0.9645
1264	1.0000	0.9538	0.0000	0.9652
1265	1.0000	0.9640	0.0000	0.9659
1266	1.0000	0.9674	0.0000	0.9668
1267	1.0000	0.9446	0.0000	0.9677
1268	1.0000	0.9569	0.0000	0.9685
1269	1.0000	0.9328	0.0000	0.9693
1270	1.0000	0.9602	0.0000	0.9705
1271	1.0000	0.9361	0.0000	0.9713
1272	1.0000	0.9485	0.0000	0.9719
1273	1.0000	0.9306	0.0000	0.9727
1274	1.0000	0.9288	0.0000	0.9735
1275	1.0000	0.9396	0.0000	0.9743
1276	1.0000	0.9302	0.0000	0.9750
1277	1.0000	0.9323	0.0000	0.9759
1278	1.0000	0.9276	0.0000	0.9765
1279	1.0000	0.9077	0.0000	0.9773
1280	1.0000	0.9325	0.0000	0.9780
1281	1.0000	0.8924	0.0000	0.9792
1282	1.0000	0.8893	0.0000	0.9800
1283	1.0000	0.9168	0.0000	0.9807
1284	1.0000	0.9021	0.0000	0.9814
1285	1.0000	0.9096	0.0000	0.9823
1286	1.0000	0.9124	0.0000	0.9831
1287	1.0000	0.8931	0.0000	0.9841
1288	1.0000	0.8430	0.0000	0.9848
1289	1.0000	0.8661	0.0000	0.9857
1290	1.0000	0.8788	0.0000	0.9863
1291	1.0000	0.8833	0.0000	0.9871
1292	1.0000	0.8673	0.0000	0.9878
1293	1.0000	0.8783	0.0000	0.9886
1294	1.0000	0.8512	0.0000	0.9894
1295	1.0000	0.8573	0.0000	0.9902
1296	1.0000	0.9095	0.0000	0.9908
1297	1.0000	0.8847	0.0000	0.9915
1298	1.0000	0.9033	0.0000	0.9922
1299	1.0000	0.9222	0.0000	0.9930
1300	1.0000	0.9260	0.0000	0.9938
1301	1.0000	0.9199	0.0000	0.9945
1302	1.0000	0.9205	0.0000	0.9951
1303	1.0000	0.9407	0.0000	0.9958
1304	1.0000	0.8919	0.0000	0.9965
1305	1.0000	0.9286	0.0000	0.9972
1306	1.0000	0.9190	0.0000	0.9980
1307	1.0000	0.9204	0.0000	0.9987
1308	1.0000	0.9265	0.0000	0.9994
1309	1.0000	0.9380	0.0000	1.0001
1310	1.0000	0.9169	0.0000	1.0009
1311	1.0000	0.9251	0.0000	1.0017
1312	1.0000	0.9249	0.0000	1.0025
1313	1.0000	0.9585	0.0000	1.0032
1314	1.0000	0.9414	0.0000	1.0039
1315	1.0000	0.9402	0.0000	1.0046
1316	1.0000	0.9535	0.0000	1.0053
1317	1.0000	0.9262	0.0000	1.0062
1318	1.0000	0.9506	0.0000	1.0069
1319	1.0000	0.9185	0.0000	1.0077
1320	1.0000	0.9223	0.0000	1.0084
1321	1.0000	0.9020	0.0000	1.0091
1322	1.0000	0.9238	0.0000	1.0098
1323	1.0000	0.9170	0.0000	1.0106
1324	1.0000	0.9285	0.0000	1.0113
1325	1.0000	0.9275	0.0000	1.0120
1326	1.0000	0.9428	0.0000	1.0128
1327	1.0000	0.9238	0.0000	1.0136
1328	1.0000	0.9184	0.0000	1.0142
1329	1.0000	0.9488	0.0000	1.0150
1330	1.0000	0.9369	0.0000	1.0158
1331	1.0000	0.9198	0.0000	1.0164
1332	1.0000	0.9314	0.0000	1.0172
1333	1.0000	0.9409	0.0000	1.0178
1334	1.0000	0.9374	0.0000	1.0185
1335	1.0000	0.9308	0.0000	1.0194
1336	1.0000	0.9064	0.0000	1.0201
1337	1.0000	0.9140	0.0000	1.0207
1338	1.0000	0.9140	0.0000	1.0214
1339	1.0000	0.9350	0.0000	1.0221
1340	1.0000	0.9295	0.0000	1.0227
1341	1.0000	0.9543	0.0000	1.0234
1342	1.0000	0.9471	0.0000	1.0241
1343	1.0000	0.9464	0.0000	1.0248
1344	1.0000	0.9564	0.0000	1.0255
1345	1.0000	0.9401	0.0000	1.0262
1346	1.0000	0.9613	0.0000	1.0268
1347	1.0000	0.9529	0.0000	1.0275
1348	1.0000	0.9502	0.0000	1.0281
1349	1.0000	0.9468	0.0000	1.0289
1350	1.0000	0.9633	0.0000	1.0296
1351	1.0000	0.9548	0.0000	1.0303
1352	1.0000	0.9232	0.0000	1.0312
1353	1.0000	0.9290	0.0000	1.0318
1354	1.0000	0.9391	0.0000	1.0325
1355	1.0000	0.9220	0.0000	1.0332
1356	1.0000	0.9435	0.0000	1.0340
1357	1.0000	0.9581	0.0000	1.0347
1358	1.0000	0.9643	0.0000	1.0354
1359	1.0000	0.9539	0.0000	1.0361
1360	1.0000	0.9526	0.0000	1.0368
1361	1.0000	0.9601	0.0000	1.0375
1362	1.0000	0.9482	0.0000	1.0383
1363	1.0000	0.9456	0.0000	1.0389
1364	1.0000	0.9513	0.0000	1.0396
1365	1.0000	0.9470	0.0000	1.0403
1366	1.0000	0.9600	0.0000	1.0410
1367	1.0000	0.9566	0.0000	1.0417
1368	1.0000	0.9577	0.0000	1.0426
1369	1.0000	0.9508	0.0000	1.0434
1370	1.0000	0.9510	0.0000	1.0442
1371	1.0000	0.9601	0.0000	1.0450
1372	1.0000	0.9307	0.0000	1.0457
1373	1.0000	0.9295	0.0000	1.0466
1374	1.0000	0.9250	0.0000	1.0473
1375	1.0000	0.9355	0.0000	1.0480
1376	1.0000	0.9473	0.0000	1.0487
1377	1.0000	0.9389	0.0000	1.0494
1378	1.0000	0.9417	0.0000	1.0501
1379	1.0000	0.9489	0.0000	1.0508
1380	1.0000	0.9596	0.0000	1.0514
1381	1.0000	0.9694	0.0000	1.0521
1382	1.0000	0.9719	0.0000	1.0528
1383	1.0000	0.9653	0.0000	1.0536
1384	1.0000	0.9450	0.0000	1.0542
1385	1.0000	0.9664	0.0000	1.0550
1386	1.0000	0.9521	0.0000	1.0558
1387	1.0000	0.9516	0.0000	1.0565
1388	1.0000	0.9640	0.0000	1.0572
1389	1.0000	0.9471	0.0000	1.0579
1390	1.0000	0.9633	0.0000	1.0588
1391	1.0000	0.9616	0.0000	1.0596
1392	1.0000	0.9743	0.0000	1.0604
1393	1.0000	0.9526	0.0000	1.0611
1394	1.0000	0.9681	0.0000	1.0618
1395	1.0000	0.9535	0.0000	1.0626
1396	1.0000	0.9363	0.0000	1.0634
1397	1.0000	0.9356	0.0000	1.0644
1398	1.0000	0.9212	0.0000	1.0651
1399	1.0000	0.9253	0.0000	1.0660
1400	1.0000	0.9257	0.0000	1.0666
1401	1.0000	0.9076	0.0000	1.0675
1402	1.0000	0.8998	0.0000	1.0682
1403	1.0000	0.9205	0.0000	1.0689
1404	1.0000	0.9321	0.0000	1.0699
1405	1.0000	0.9196	0.0000	1.0707
1406	1.0000	0.9159	0.0000	1.0715
1407	1.0000	0.9254	0.0000	1.0722
1408	1.0000	0.9232	0.0000	1.0730
1409	1.0000	0.9444	0.0000	1.0738
1410	1.0000	0.9453	0.0000	1.0746
1411	1.0000	0.9409	0.0000	1.0753
1412	1.0000	0.9567	0.0000	1.0761
1413	1.0000	0.9468	0.0000	1.0769
1414	1.0000	0.9448	0.0000	1.0775
1415	1.0000	0.9480	0.0000	1.0783
1416	1.0000	0.8865	0.0000	1.0792
1417	1.0000	0.8910	0.0000	1.0799
1418	1.0000	0.8879	0.0000	1.0806
1419	1.0000	0.9080	0.0000	1.0814
1420	1.0000	0.8622	0.0000	1.0821
1421	1.0000	0.8772	0.0000	1.0829
1422	1.0000	0.9209	0.0000	1.0836
1423	1.0000	0.8813	0.0000	1.0843
1424	1.0000	0.9066	0.0000	1.0851
1425	1.0000	0.9331	0.0000	1.0858
1426	1.0000	0.9206	0.0000	1.0865
1427	1.0000	0.9440	0.0000	1.0873
1428	1.0000	0.9173	0.0000	1.0881
1429	1.0000	0.9145	0.0000	1.0889
1430	1.0000	0.9274	0.0000	1.0897
1431	1.0000	0.9287	0.0000	1.0905
1432	1.0000	0.9503	0.0000	1.0912
1433	1.0000	0.9135	0.0000	1.0920
1434	1.0000	0.9360	0.0000	1.0928
1435	1.0000	0.9184	0.0000	1.0938
1436	1.0000	0.9266	0.0000	1.0945
1437	1.0000	0.9326	0.0000	1.0952
1438	1.0000	0.9335	0.0000	1.0962
1439	1.0000	0.9417	0.0000	1.0970
1440	1.0000	0.9580	0.0000	1.0977
1441	1.0000	0.9231	0.0000	1.0984
1442	1.0000	0.9566	0.0000	1.0990
1443	1.0000	0.9515	0.0000	1.0997
1444	1.0000	0.9489	0.0000	1.1004
1445	1.0000	0.9409	0.0000	1.1012
1446	1.0000	0.9611	0.0000	1.1019
1447	1.0000	0.9526	0.0000	1.1026
1448	1.0000	0.9692	0.0000	1.1033
1449	1.0000	0.9497	0.0000	1.1040
1450	1.0000	0.9716	0.0000	1.1048
1451	1.0000	0.9709	0.0000	1.1055
1452	1.0000	0.9549	0.0000	1.1062
1453	1.0000	0.9590	0.0000	1.1068
1454	1.0000	0.9623	0.0000	1.1076
1455	1.0000	0.9641	0.0000	1.1082
1456	1.0000	0.9537	0.0000	1.1089
1457	1.0000	0.9694	0.0000	1.1095
1458	1.0000	0.9696	0.0000	1.1102
1459	1.0000	0.9542	0.0000	1.1109
1460	1.0000	0.9660	0.0000	1.1116
1461	1.0000	0.9598	0.0000	1.1122
1462	1.0000	0.9715	0.0000	1.1129
1463	1.0000	0.9668	0.0000	1.1136
1464	1.0000	0.9735	0.0000	1.1142
1465	1.0000	0.9660	0.0000	1.1150
1466	1.0000	0.9622	0.0000	1.1158
1467	1.0000	0.9635	0.0000	1.1166
1468	1.0000	0.9567	0.0000	1.1173
1469	1.0000	0.9626	0.0000	1.1180
1470	1.0000	0.9535	0.0000	1.1187
1471	1.0000	0.9624	0.0000	1.1195
1472	1.0000	0.9462	0.0000	1.1201
1473	1.0000	0.9678	0.0000	1.1208
1474	1.0000	0.9705	0.0000	1.1215
1475	1.0000	0.9428	0.0000	1.1222
1476	1.0000	0.9523	0.0000	1.1229
1477	1.0000	0.9579	0.0000	1.1236
1478	1.0000	0.9475	0.0000	1.1243
1479	1.0000	0.9621	0.0000	1.1250
1480	1.0000	0.9760	0.0000	1.1258
1481	1.0000	0.9590	0.0000	1.1264
1482	1.0000	0.9563	0.0000	1.1272
1483	1.0000	0.9798	0.0000	1.1279
1484	1.0000	0.9665	0.0000	1.1287
1485	1.0000	0.9369	0.0000	1.1296
1486	1.0000	0.9313	0.0000	1.1302
1487	1.0000	0.9483	0.0000	1.1309
1488	1.0000	0.9371	0.0000	1.1317
1489	1.0000	0.9369	0.0000	1.1326
1490	1.0000	0.9302	0.0000	1.1334
1491	1.0000	0.9531	0.0000	1.1341
1492	1.0000	0.9361	0.0000	1.1349
1493	1.0000	0.9344	0.0000	1.1358
1494	1.0000	0.9190	0.0000	1.1366
1495	1.0000	0.9292	0.0000	1.1373
1496	1.0000	0.9352	0.0000	1.1383
1497	1.0000	0.8915	0.0000	1.1391
1498	1.0000	0.9126	0.0000	1.1398
1499	1.0000	0.8769	0.0000	1.1405
1500	1.0000	0.9167	0.0000	1.1413
1501	1.0000	0.9435	0.0000	1.1420
1502	1.0000	0.9415	0.0000	1.1434
1503	1.0000	0.8974	0.0000	1.1443
1504	1.0000	0.8882	0.0000	1.1449
1505	1.0000	0.8782	0.0000	1.1456
1506	1.0000	0.9184	0.0000	1.1463
1507	1.0000	0.9040	0.0000	1.1469
1508	1.0000	0.9294	0.0000	1.1477
1509	1.0000	0.9142	0.0000	1.1485
1510	1.0000	0.9258	0.0000	1.1492
1511	1.0000	0.9232	0.0000	1.1500
1512	1.0000	0.9212	0.0000	1.1506
1513	1.0000	0.9451	0.0000	1.1513
1514	1.0000	0.9405	0.0000	1.1520
1515	1.0000	0.9191	0.0000	1.1527
1516	1.0000	0.9408	0.0000	1.1535
1517	1.0000	0.9308	0.0000	1.1542
1518	1.0000	0.9448	0.0000	1.1551
1519	1.0000	0.9461	0.0000	1.1559
1520	1.0000	0.9517	0.0000	1.1566
1521	1.0000	0.9496	0.0000	1.1573
1522	1.0000	0.9476	0.0000	1.1582
1523	1.0000	0.9286	0.0000	1.1589
1524	1.0000	0.9417	0.0000	1.1596
1525	1.0000	0.9230	0.0000	1.1603
1526	1.0000	0.9503	0.0000	1.1609
1527	1.0000	0.9378	0.0000	1.1616
1528	1.0000	0.9442	0.0000	1.1623
1529	1.0000	0.9237	0.0000	1.1632
1530	1.0000	0.9438	0.0000	1.1639
1531	1.0000	0.9417	0.0000	1.1647
1532	1.0000	0.9569	0.0000	1.1655
1533	1.0000	0.9658	0.0000	1.1662
1534	1.0000	0.9622	0.0000	1.1668
1535	1.0000	0.9543	0.0000	1.1676
1536	1.0000	0.9635	0.0000	1.1686
1537	1.0000	0.9342	0.0000	1.1693
1538	1.0000	0.9387	0.0000	1.1700
1539	1.0000	0.9370	0.0000	1.1707
1540	1.0000	0.9499	0.0000	1.1713
1541	1.0000	0.9362	0.0000	1.1720
1542	1.0000	0.9293	0.0000	1.1727
1543	1.0000	0.9317	0.0000	1.1734
1544	1.0000	0.9521	0.0000	1.1741
1545	1.0000	0.9506	0.0000	1.1748
1546	1.0000	0.9431	0.0000	1.1754
1547	1.0000	0.9575	0.0000	1.1763
1548	1.0000	0.9498	0.0000	1.1771
1549	1.0000	0.9456	0.0000	1.1783
1550	1.0000	0.9552	0.0000	1.1792
1551	1.0000	0.9465	0.0000	1.1799
1552	1.0000	0.9539	0.0000	1.1806
1553	1.0000	0.9410	0.0000	1.1814
1554	1.0000	0.9596	0.0000	1.1822
1555	1.0000	0.9709	0.0000	1.1830
1556	1.0000	0.9458	0.0000	1.1838
1557	1.0000	0.9739	0.0000	1.1845
1558	1.0000	0.9630	0.0000	1.1853
1559	1.0000	0.9580	0.0000	1.1861
1560	1.0000	0.9649	0.0000	1.1868
1561	1.0000	0.9613	0.0000	1.1876
1562	1.0000	0.9549	0.0000	1.1883
1563	1.0000	0.9668	0.0000	1.1891
1564	1.0000	0.9746	0.0000	1.1898
1565	1.0000	0.9601	0.0000	1.1906
1566	1.0000	0.9522	0.0000	1.1914
1567	1.0000	0.9645	0.0000	1.1922
1568	1.0000	0.9486	0.0000	1.1931
1569	1.0000	0.9539	0.0000	1.1939
1570	1.0000	0.9543	0.0000	1.1947
1571	1.0000	0.9628	0.0000	1.1956
1572	1.0000	0.9525	0.0000	1.1963
1573	1.0000	0.9542	0.0000	1.1972
1574	1.0000	0.9419	0.0000	1.1980
1575	1.0000	0.9543	0.0000	1.1989
1576	1.0000	0.9545	0.0000	1.1997
1577	1.0000	0.9502	0.0000	1.2006
1578	1.0000	0.9541	0.0000	1.2015
1579	1.0000	0.9486	0.0000	1.2022
1580	1.0000	0.9559	0.0000	1.2030
1581	1.0000	0.9502	0.0000	1.2039
1582	1.0000	0.9464	0.0000	1.2047
1583	1.0000	0.9555	0.0000	1.2055
1584	1.0000	0.9554	0.0000	1.2062
1585	1.0000	0.9667	0.0000	1.2070
1586	1.0000	0.9593	0.0000	1.2079
1587	1.0000	0.9592	0.0000	1.2091
1588	1.0000	0.9445	0.0000	1.2102
1589	1.0000	0.9073	0.0000	1.2110
1590	1.0000	0.9343	0.0000	1.2118
1591	1.0000	0.9372	0.0000	1.2125
1592	1.0000	0.9347	0.0000	1.2133
1593	1.0000	0.9436	0.0000	1.2142
1594	1.0000	0.9297	0.0000	1.2151
1595	1.0000	0.9491	0.0000	1.2159
1596	1.0000	0.9301	0.0000	1.2168
1597	1.0000	0.9421	0.0000	1.2176
1598	1.0000	0.9327	0.0000	1.2183
1599	1.0000	0.9300	0.0000	1.2191
1600	1.0000	0.9620	0.0000	1.2198
1601	1.0000	0.9549	0.0000	1.2207
1602	1.0000	0.9530	0.0000	1.2214
1603	1.0000	0.9573	0.0000	1.2224
1604	1.0000	0.9451	0.0000	1.2236
1605	1.0000	0.9110	0.0000	1.2246
1606	1.0000	0.9048	0.0000	1.2253
1607	1.0000	0.8899	0.0000	1.2262
1608	1.0000	0.8841	0.0000	1.2270
1609	1.0000	0.9070	0.0000	1.2278
1610	1.0000	0.9125	0.0000	1.2285
1611	1.0000	0.9200	0.0000	1.2294
1612	1.0000	0.8850	0.0000	1.2302
1613	1.0000	0.8900	0.0000	1.2312
1614	1.0000	0.8806	0.0000	1.2324
1615	1.0000	0.8525	0.0000	1.2333
1616	1.0000	0.8894	0.0000	1.2340
1617	1.0000	0.8890	0.0000	1.2349
1618	1.0000	0.8911	0.0000	1.2360
1619	1.0000	0.8530	0.0000	1.2370
1620	1.0000	0.8701	0.0000	1.2379
1621	1.0000	0.8489	0.0000	1.2387
1622	1.0000	0.8491	0.0000	1.2397
1623	1.0000	0.8405	0.0000	1.2404
1624	1.0000	0.8609	0.0000	1.2413
1625	1.0000	0.8577	0.0000	1.2421
1626	1.0000	0.8428	0.0000	1.2430
1627	1.0000	0.8339	0.0000	1.2440
1628	1.0000	0.8464	0.0000	1.2447
1629	1.0000	0.8541	0.0000	1.2455
1630	1.0000	0.8739	0.0000	1.2462
1631	1.0000	0.8908	0.0000	1.2470
1632	1.0000	0.9007	0.0000	1.2477
1633	1.0000	0.8978	0.0000	1.2484
1634	1.0000	0.9127	0.0000	1.2491
1635	1.0000	0.9105	0.0000	1.2500
1636	1.0000	0.9213	0.0000	1.2507
1637	1.0000	0.9053	0.0000	1.2514
1638	1.0000	0.9403	0.0000	1.2521
1639	1.0000	0.9275	0.0000	1.2529
1640	1.0000	0.9255	0.0000	1.2536
1641	1.0000	0.9227	0.0000	1.2544
1642	1.0000	0.9436	0.0000	1.2551
1643	1.0000	0.9270	0.0000	1.2559
1644	1.0000	0.9453	0.0000	1.2566
1645	1.0000	0.9350	0.0000	1.2574
1646	1.0000	0.9537	0.0000	1.2581
1647	1.0000	0.9586	0.0000	1.2588
1648	1.0000	0.9376	0.0000	1.2595
1649	1.0000	0.9669	0.0000	1.2604
1650	1.0000	0.9285	0.0000	1.2612
1651	1.0000	0.9184	0.0000	1.2621
1652	1.0000	0.9409	0.0000	1.2629
1653	1.0000	0.9302	0.0000	1.2638
1654	1.0000	0.9537	0.0000	1.2647
1655	1.0000	0.9441	0.0000	1.2655
1656	1.0000	0.9389	0.0000	1.2665
1657	1.0000	0.9253	0.0000	1.2672
1658	1.0000	0.9461	0.0000	1.2681
1659	1.0000	0.9281	0.0000	1.2689
1660	1.0000	0.9128	0.0000	1.2697
1661	1.0000	0.9342	0.0000	1.2705
1662	1.0000	0.9513	0.0000	1.2714
1663	1.0000	0.9339	0.0000	1.2722
1664	1.0000	0.9317	0.0000	1.2730
1665	1.0000	0.9269	0.0000	1.2737
1666	1.0000	0.9572	0.0000	1.2745
1667	1.0000	0.9439	0.0000	1.2753
1668	1.0000	0.9133	0.0000	1.2763
1669	1.0000	0.9054	0.0000	1.2771
1670	1.0000	0.9096	0.0000	1.2778
1671	1.0000	0.9150	0.0000	1.2785
1672	1.0000	0.9223	0.0000	1.2792
1673	1.0000	0.9341	0.0000	1.2801
1674	1.0000	0.9398	0.0000	1.2808
1675	1.0000	0.9441	0.0000	1.2817
1676	1.0000	0.9227	0.0000	1.2825
1677	1.0000	0.9353	0.0000	1.2833
1678	1.0000	0.9387	0.0000	1.2841
1679	1.0000	0.9309	0.0000	1.2849
1680	1.0000	0.9310	0.0000	1.2858
1681	1.0000	0.9252	0.0000	1.2866
1682	1.0000	0.9220	0.0000	1.2873
1683	1.0000	0.9242	0.0000	1.2880
1684	1.0000	0.9154	0.0000	1.2888
1685	1.0000	0.8955	0.0000	1.2895
1686	1.0000	0.8982	0.0000	1.2903
1687	1.0000	0.9324	0.0000	1.2911
1688	1.0000	0.9134	0.0000	1.2919
1689	1.0000	0.9112	0.0000	1.2926
1690	1.0000	0.9246	0.0000	1.2935
1691	1.0000	0.9049	0.0000	1.2947
1692	1.0000	0.9126	0.0000	1.2956
1693	1.0000	0.9278	0.0000	1.2963
1694	1.0000	0.9277	0.0000	1.2971
1695	1.0000	0.9064	0.0000	1.2980
1696	1.0000	0.9334	0.0000	1.2987
1697	1.0000	0.9375	0.0000	1.2994
1698	1.0000	0.9511	0.0000	1.3004
1699	1.0000	0.9037	0.0000	1.3011
1700	1.0000	0.9251	0.0000	1.3021
1701	1.0000	0.9315	0.0000	1.3032
1702	1.0000	0.9092	0.0000	1.3039
1703	1.0000	0.8945	0.0000	1.3046
1704	1.0000	0.8896	0.0000	1.3054
1705	1.0000	0.9044	0.0000	1.3063
1706	1.0000	0.8928	0.0000	1.3071
1707	1.0000	0.9038	0.0000	1.3078
1708	1.0000	0.9150	0.0000	1.3086
1709	1.0000	0.9100	0.0000	1.3094
1710	1.0000	0.9128	0.0000	1.3101
1711	1.0000	0.9412	0.0000	1.3109
1712	1.0000	0.9059	0.0000	1.3116
1713	1.0000	0.9234	0.0000	1.3124
1714	1.0000	0.9400	0.0000	1.3133
1715	1.0000	0.9353	0.0000	1.3140
1716	1.0000	0.9314	0.0000	1.3146
1717	1.0000	0.9408	0.0000	1.3153
1718	1.0000	0.9249	0.0000	1.3160
1719	1.0000	0.9408	0.0000	1.3167
1720	1.0000	0.9302	0.0000	1.3174
1721	1.0000	0.9334	0.0000	1.3181
1722	1.0000	0.9478	0.0000	1.3189
1723	1.0000	0.9493	0.0000	1.3198
1724	1.0000	0.9179	0.0000	1.3206
1725	1.0000	0.9126	0.0000	1.3213
1726	1.0000	0.9368	0.0000	1.3221
1727	1.0000	0.9359	0.0000	1.3228
1728	1.0000	0.9345	0.0000	1.3235
1729	1.0000	0.9374	0.0000	1.3242
1730	1.0000	0.9441	0.0000	1.3249
1731	1.0000	0.9395	0.0000	1.3258
1732	1.0000	0.9408	0.0000	1.3267
1733	1.0000	0.9349	0.0000	1.3276
1734	1.0000	0.9387	0.0000	1.3282
1735	1.0000	0.9583	0.0000	1.3290
1736	1.0000	0.9628	0.0000	1.3298
1737	1.0000	0.9464	0.0000	1.3306
1738	1.0000	0.9439	0.0000	1.3314
1739	1.0000	0.9397	0.0000	1.3321
1740	1.0000	0.9621	0.0000	1.3329
1741	1.0000	0.9251	0.0000	1.3337
1742	1.0000	0.9442	0.0000	1.3345
1743	1.0000	0.9323	0.0000	1.3352
1744	1.0000	0.9482	0.0000	1.3361
1745	1.0000	0.9165	0.0000	1.3368
1746	1.0000	0.9648	0.0000	1.3376
1747	1.0000	0.9492	0.0000	1.3383
1748	1.0000	0.9227	0.0000	1.3390
1749	1.0000	0.9442	0.0000	1.3398
1750	1.0000	0.9328	0.0000	1.3406
1751	1.0000	0.9222	0.0000	1.3412
1752	1.0000	0.9403	0.0000	1.3420
1753	1.0000	0.9295	0.0000	1.3427
1754	1.0000	0.9461	0.0000	1.3435
1755	1.0000	0.9430	0.0000	1.3444
1756	1.0000	0.9676	0.0000	1.3452
1757	1.0000	0.9453	0.0000	1.3461
1758	1.0000	0.9461	0.0000	1.3467
1759	1.0000	0.9594	0.0000	1.3474
1760	1.0000	0.9607	0.0000	1.3481
1761	1.0000	0.9497	0.0000	1.3490
1762	1.0000	0.9463	0.0000	1.3496
1763	1.0000	0.9684	0.0000	1.3507
1764	1.0000	0.9342	0.0000	1.3514
1765	1.0000	0.9387	0.0000	1.3521
1766	1.0000	0.9521	0.0000	1.3529
1767	1.0000	0.9348	0.0000	1.3537
1768	1.0000	0.9550	0.0000	1.3544
1769	1.0000	0.9554	0.0000	1.3552
1770	1.0000	0.9379	0.0000	1.3559
1771	1.0000	0.9477	0.0000	1.3565
1772	1.0000	0.9539	0.0000	1.3572
1773	1.0000	0.9558	0.0000	1.3579
1774	1.0000	0.9582	0.0000	1.3587
1775	1.0000	0.9514	0.0000	1.3595
1776	1.0000	0.9466	0.0000	1.3605
1777	1.0000	0.9094	0.0000	1.3612
1778	1.0000	0.9113	0.0000	1.3621
1779	1.0000	0.9136	0.0000	1.3630
1780	1.0000	0.9394	0.0000	1.3638
1781	1.0000	0.9088	0.0000	1.3646
1782	1.0000	0.9498	0.0000	1.3654
1783	1.0000	0.9394	0.0000	1.3663
1784	1.0000	0.9077	0.0000	1.3671
1785	1.0000	0.9130	0.0000	1.3680
1786	1.0000	0.9345	0.0000	1.3692
1787	1.0000	0.9191	0.0000	1.3700
1788	1.0000	0.9024	0.0000	1.3708
1789	1.0000	0.9237	0.0000	1.3716
1790	1.0000	0.8900	0.0000	1.3723
1791	1.0000	0.9343	0.0000	1.3731
1792	1.0000	0.9046	0.0000	1.3739
1793	1.0000	0.9145	0.0000	1.3747
1794	1.0000	0.9331	0.0000	1.3757
1795	1.0000	0.9311	0.0000	1.3764
1796	1.0000	0.9222	0.0000	1.3772
1797	1.0000	0.9345	0.0000	1.3780
1798	1.0000	0.9329	0.0000	1.3788
1799	1.0000	0.9285	0.0000	1.3796
1800	1.0000	0.9269	0.0000	1.3803
1801	1.0000	0.9489	0.0000	1.3810
1802	1.0000	0.9171	0.0000	1.3819
1803	1.0000	0.9241	0.0000	1.3827
1804	1.0000	0.9363	0.0000	1.3837
1805	1.0000	0.9218	0.0000	1.3845
1806	1.0000	0.9268	0.0000	1.3855
1807	1.0000	0.9242	0.0000	1.3863
1808	1.0000	0.9488	0.0000	1.3870
1809	1.0000	0.9496	0.0000	1.3877
1810	1.0000	0.9452	0.0000	1.3885
1811	1.0000	0.9397	0.0000	1.3892
1812	1.0000	0.9404	0.0000	1.3900
1813	1.0000	0.9580	0.0000	1.3907
1814	1.0000	0.9531	0.0000	1.3915
1815	1.0000	0.9401	0.0000	1.3922
1816	1.0000	0.9402	0.0000	1.3933
1817	1.0000	0.9366	0.0000	1.3943
1818	1.0000	0.9343	0.0000	1.3950
1819	1.0000	0.9312	0.0000	1.3958
1820	1.0000	0.9386	0.0000	1.3965
1821	1.0000	0.9455	0.0000	1.3976
1822	1.0000	0.9244	0.0000	1.3986
1823	1.0000	0.9301	0.0000	1.3994
1824	1.0000	0.9222	0.0000	1.4003
1825	1.0000	0.9141	0.0000	1.4011
1826	1.0000	0.8905	0.0000	1.4018
1827	1.0000	0.9456	0.0000	1.4027
1828	1.0000	0.8645	0.0000	1.4035
1829	1.0000	0.8709	0.0000	1.4043
1830	1.0000	0.9095	0.0000	1.4052
1831	1.0000	0.9126	0.0000	1.4060
1832	1.0000	0.8723	0.0000	1.4068
1833	1.0000	0.8989	0.0000	1.4075
1834	1.0000	0.8927	0.0000	1.4082
1835	1.0000	0.9148	0.0000	1.4090
1836	1.0000	0.9173	0.0000	1.4099
1837	1.0000	0.8934	0.0000	1.4106
1838	1.0000	0.9213	0.0000	1.4113
1839	1.0000	0.9314	0.0000	1.4122
1840	1.0000	0.9270	0.0000	1.4129
1841	1.0000	0.9329	0.0000	1.4137
1842	1.0000	0.9163	0.0000	1.4144
1843	1.0000	0.9315	0.0000	1.4152
1844	1.0000	0.9483	0.0000	1.4159
1845	1.0000	0.9389	0.0000	1.4169
1846	1.0000	0.9222	0.0000	1.4176
1847	1.0000	0.9299	0.0000	1.4183
1848	1.0000	0.9154	0.0000	1.4191
1849	1.0000	0.9142	0.0000	1.4198
1850	1.0000	0.9431	0.0000	1.4207
1851	1.0000	0.9120	0.0000	1.4215
1852	1.0000	0.9241	0.0000	1.4224
1853	1.0000	0.9331	0.0000	1.4232
1854	1.0000	0.9318	0.0000	1.4240
1855	1.0000	0.9164	0.0000	1.4248
1856	1.0000	0.9300	0.0000	1.4256
1857	1.0000	0.9415	0.0000	1.4264
1858	1.0000	0.9260	0.0000	1.4275
1859	1.0000	0.9065	0.0000	1.4282
1860	1.0000	0.9303	0.0000	1.4290
1861	1.0000	0.9218	0.0000	1.4297
1862	1.0000	0.9158	0.0000	1.4304
1863	1.0000	0.9074	0.0000	1.4311
1864	1.0000	0.9505	0.0000	1.4320
1865	1.0000	0.9442	0.0000	1.4331
Pos: [7.706277744710325, 4.111206608151506, 7.7062737406448845]

=================================================================================================================