ID: vincent	Date: 2019-05-03 15:45:14	Runs: 1
=================================================================================================================
Run: 0
Iter	Gbest	AvrFit	Diver	ETime	
0	0.9188	0.2869	0.0000	0.0005
1	0.9990	0.3624	0.0000	0.0009
2	0.9990	0.4603	0.0000	0.0013
3	0.9990	0.5014	0.0000	0.0017
4	0.9990	0.5905	0.0000	0.0022
5	0.9990	0.5974	0.0000	0.0027
6	0.9990	0.6433	0.0000	0.0031
7	0.9991	0.6293	0.0000	0.0035
8	0.9991	0.7307	0.0000	0.0039
9	0.9991	0.7300	0.0000	0.0043
10	0.9991	0.7784	0.0000	0.0047
11	0.9991	0.7644	0.0000	0.0051
12	0.9991	0.7547	0.0000	0.0055
13	0.9991	0.8040	0.0000	0.0059
14	0.9991	0.7996	0.0000	0.0063
15	0.9991	0.8379	0.0000	0.0067
16	0.9991	0.8560	0.0000	0.0071
17	0.9992	0.8336	0.0000	0.0074
18	0.9994	0.8784	0.0000	0.0078
19	0.9994	0.8866	0.0000	0.0082
20	0.9994	0.8970	0.0000	0.0086
21	0.9994	0.8808	0.0000	0.0090
22	0.9994	0.9017	0.0000	0.0094
23	0.9994	0.9140	0.0000	0.0098
24	0.9994	0.8861	0.0000	0.0102
25	0.9994	0.9035	0.0000	0.0106
26	0.9994	0.8926	0.0000	0.0110
27	0.9994	0.9120	0.0000	0.0114
28	0.9999	0.9086	0.0000	0.0117
29	0.9999	0.9259	0.0000	0.0121
30	0.9999	0.9298	0.0000	0.0126
31	0.9999	0.9220	0.0000	0.0132
32	0.9999	0.9118	0.0000	0.0137
33	0.9999	0.9396	0.0000	0.0141
34	0.9999	0.9323	0.0000	0.0146
35	0.9999	0.9534	0.0000	0.0150
36	0.9999	0.9256	0.0000	0.0154
37	0.9999	0.9446	0.0000	0.0161
38	0.9999	0.6433	0.0000	0.0165
39	0.9999	0.7059	0.0000	0.0170
40	0.9999	0.6787	0.0000	0.0175
41	0.9999	0.7352	0.0000	0.0179
42	0.9999	0.7628	0.0000	0.0183
43	0.9999	0.7661	0.0000	0.0187
44	0.9999	0.7918	0.0000	0.0192
45	0.9999	0.8467	0.0000	0.0196
46	1.0000	0.8409	0.0000	0.0200
47	1.0000	0.8725	0.0000	0.0204
48	1.0000	0.8418	0.0000	0.0209
49	1.0000	0.8550	0.0000	0.0213
50	1.0000	0.8675	0.0000	0.0218
51	1.0000	0.8903	0.0000	0.0222
52	1.0000	0.8828	0.0000	0.0226
53	1.0000	0.8662	0.0000	0.0230
54	1.0000	0.9124	0.0000	0.0234
55	1.0000	0.8962	0.0000	0.0237
56	1.0000	0.8874	0.0000	0.0241
57	1.0000	0.8870	0.0000	0.0245
58	1.0000	0.9094	0.0000	0.0249
59	1.0000	0.8965	0.0000	0.0252
60	1.0000	0.8932	0.0000	0.0256
61	1.0000	0.9033	0.0000	0.0260
62	1.0000	0.9076	0.0000	0.0264
63	1.0000	0.9137	0.0000	0.0268
64	1.0000	0.9054	0.0000	0.0272
65	1.0000	0.9238	0.0000	0.0276
66	1.0000	0.9317	0.0000	0.0279
67	1.0000	0.9336	0.0000	0.0283
68	1.0000	0.9293	0.0000	0.0287
69	1.0000	0.9176	0.0000	0.0291
70	1.0000	0.9156	0.0000	0.0295
71	1.0000	0.9316	0.0000	0.0299
72	1.0000	0.9133	0.0000	0.0303
73	1.0000	0.9401	0.0000	0.0307
74	1.0000	0.9086	0.0000	0.0310
75	1.0000	0.9408	0.0000	0.0314
76	1.0000	0.9263	0.0000	0.0321
77	1.0000	0.7238	0.0000	0.0325
78	1.0000	0.7725	0.0000	0.0329
79	1.0000	0.8019	0.0000	0.0332
80	1.0000	0.8462	0.0000	0.0336
81	1.0000	0.8507	0.0000	0.0340
82	1.0000	0.8387	0.0000	0.0344
83	1.0000	0.8518	0.0000	0.0347
84	1.0000	0.8478	0.0000	0.0351
85	1.0000	0.8639	0.0000	0.0355
86	1.0000	0.8872	0.0000	0.0359
87	1.0000	0.9023	0.0000	0.0363
88	1.0000	0.8737	0.0000	0.0368
89	1.0000	0.8678	0.0000	0.0372
90	1.0000	0.9056	0.0000	0.0376
91	1.0000	0.8847	0.0000	0.0379
92	1.0000	0.8558	0.0000	0.0383
93	1.0000	0.9048	0.0000	0.0387
94	1.0000	0.8919	0.0000	0.0391
95	1.0000	0.8853	0.0000	0.0395
96	1.0000	0.8937	0.0000	0.0399
97	1.0000	0.8512	0.0000	0.0404
98	1.0000	0.9140	0.0000	0.0407
99	1.0000	0.8928	0.0000	0.0412
100	1.0000	0.9113	0.0000	0.0417
101	1.0000	0.9169	0.0000	0.0421
102	1.0000	0.9064	0.0000	0.0424
103	1.0000	0.8990	0.0000	0.0428
104	1.0000	0.8968	0.0000	0.0432
105	1.0000	0.9327	0.0000	0.0436
106	1.0000	0.8801	0.0000	0.0440
107	1.0000	0.8837	0.0000	0.0444
108	1.0000	0.8701	0.0000	0.0448
109	1.0000	0.8608	0.0000	0.0452
110	1.0000	0.8669	0.0000	0.0457
111	1.0000	0.8645	0.0000	0.0461
112	1.0000	0.8391	0.0000	0.0466
113	1.0000	0.8508	0.0000	0.0470
114	1.0000	0.8810	0.0000	0.0474
115	1.0000	0.8087	0.0000	0.0482
116	1.0000	0.7204	0.0000	0.0486
117	1.0000	0.7642	0.0000	0.0490
118	1.0000	0.7761	0.0000	0.0494
119	1.0000	0.8119	0.0000	0.0498
120	1.0000	0.8420	0.0000	0.0502
121	1.0000	0.8640	0.0000	0.0506
122	1.0000	0.8327	0.0000	0.0510
123	1.0000	0.8498	0.0000	0.0513
124	1.0000	0.8356	0.0000	0.0517
125	1.0000	0.8510	0.0000	0.0521
126	1.0000	0.8833	0.0000	0.0525
127	1.0000	0.8839	0.0000	0.0529
128	1.0000	0.8444	0.0000	0.0532
129	1.0000	0.8838	0.0000	0.0536
130	1.0000	0.8407	0.0000	0.0540
131	1.0000	0.8625	0.0000	0.0544
132	1.0000	0.8680	0.0000	0.0548
133	1.0000	0.8734	0.0000	0.0552
134	1.0000	0.8539	0.0000	0.0556
135	1.0000	0.8268	0.0000	0.0559
136	1.0000	0.8914	0.0000	0.0563
137	1.0000	0.8696	0.0000	0.0567
138	1.0000	0.9116	0.0000	0.0571
139	1.0000	0.8866	0.0000	0.0575
140	1.0000	0.8191	0.0000	0.0579
141	1.0000	0.9005	0.0000	0.0584
142	1.0000	0.8458	0.0000	0.0588
143	1.0000	0.8719	0.0000	0.0592
144	1.0000	0.8711	0.0000	0.0596
145	1.0000	0.9055	0.0000	0.0600
146	1.0000	0.8996	0.0000	0.0605
147	1.0000	0.8735	0.0000	0.0609
148	1.0000	0.9057	0.0000	0.0613
149	1.0000	0.8845	0.0000	0.0617
150	1.0000	0.8824	0.0000	0.0621
151	1.0000	0.8889	0.0000	0.0625
152	1.0000	0.8803	0.0000	0.0630
153	1.0000	0.8862	0.0000	0.0634
154	1.0000	0.8729	0.0000	0.0643
155	1.0000	0.8368	0.0000	0.0648
156	1.0000	0.7990	0.0000	0.0653
157	1.0000	0.8455	0.0000	0.0657
158	1.0000	0.8394	0.0000	0.0661
159	1.0000	0.8661	0.0000	0.0665
160	1.0000	0.8672	0.0000	0.0669
161	1.0000	0.8396	0.0000	0.0673
162	1.0000	0.8602	0.0000	0.0677
163	1.0000	0.8781	0.0000	0.0681
164	1.0000	0.8817	0.0000	0.0685
165	1.0000	0.8634	0.0000	0.0689
166	1.0000	0.8657	0.0000	0.0693
167	1.0000	0.8828	0.0000	0.0696
168	1.0000	0.8700	0.0000	0.0700
169	1.0000	0.8592	0.0000	0.0704
170	1.0000	0.9009	0.0000	0.0708
171	1.0000	0.8791	0.0000	0.0712
172	1.0000	0.8788	0.0000	0.0716
173	1.0000	0.8529	0.0000	0.0720
174	1.0000	0.8732	0.0000	0.0724
175	1.0000	0.8774	0.0000	0.0727
176	1.0000	0.8832	0.0000	0.0731
177	1.0000	0.9329	0.0000	0.0735
178	1.0000	0.9300	0.0000	0.0740
179	1.0000	0.8611	0.0000	0.0744
180	1.0000	0.8811	0.0000	0.0748
181	1.0000	0.8702	0.0000	0.0752
182	1.0000	0.8928	0.0000	0.0756
183	1.0000	0.8985	0.0000	0.0760
184	1.0000	0.8997	0.0000	0.0763
185	1.0000	0.9115	0.0000	0.0768
186	1.0000	0.9071	0.0000	0.0773
187	1.0000	0.9021	0.0000	0.0778
188	1.0000	0.8762	0.0000	0.0782
189	1.0000	0.8620	0.0000	0.0787
190	1.0000	0.8807	0.0000	0.0791
191	1.0000	0.8613	0.0000	0.0795
192	1.0000	0.8737	0.0000	0.0799
193	1.0000	0.8751	0.0000	0.0807
194	1.0000	0.7814	0.0000	0.0812
195	1.0000	0.8108	0.0000	0.0816
196	1.0000	0.8447	0.0000	0.0820
197	1.0000	0.8459	0.0000	0.0824
198	1.0000	0.8395	0.0000	0.0827
199	1.0000	0.8557	0.0000	0.0831
200	1.0000	0.8740	0.0000	0.0836
201	1.0000	0.8851	0.0000	0.0840
202	1.0000	0.8508	0.0000	0.0844
203	1.0000	0.9115	0.0000	0.0847
204	1.0000	0.9102	0.0000	0.0851
205	1.0000	0.8847	0.0000	0.0856
206	1.0000	0.8894	0.0000	0.0859
207	1.0000	0.9039	0.0000	0.0863
208	1.0000	0.8858	0.0000	0.0867
209	1.0000	0.8757	0.0000	0.0872
210	1.0000	0.8738	0.0000	0.0876
211	1.0000	0.8820	0.0000	0.0881
212	1.0000	0.8818	0.0000	0.0885
213	1.0000	0.8645	0.0000	0.0889
214	1.0000	0.8446	0.0000	0.0893
215	1.0000	0.8810	0.0000	0.0898
216	1.0000	0.8334	0.0000	0.0903
217	1.0000	0.8707	0.0000	0.0908
218	1.0000	0.8682	0.0000	0.0912
219	1.0000	0.8789	0.0000	0.0918
220	1.0000	0.8488	0.0000	0.0923
221	1.0000	0.8565	0.0000	0.0927
222	1.0000	0.8452	0.0000	0.0932
223	1.0000	0.8856	0.0000	0.0936
224	1.0000	0.8756	0.0000	0.0941
225	1.0000	0.8942	0.0000	0.0946
226	1.0000	0.8978	0.0000	0.0951
227	1.0000	0.8665	0.0000	0.0955
228	1.0000	0.8992	0.0000	0.0961
229	1.0000	0.8387	0.0000	0.0966
230	1.0000	0.8509	0.0000	0.0970
231	1.0000	0.8777	0.0000	0.0976
232	1.0000	0.8749	0.0000	0.0985
233	1.0000	0.8521	0.0000	0.0990
234	1.0000	0.8076	0.0000	0.0995
235	1.0000	0.8262	0.0000	0.0999
236	1.0000	0.8551	0.0000	0.1003
237	1.0000	0.8414	0.0000	0.1007
238	1.0000	0.8459	0.0000	0.1011
239	1.0000	0.8233	0.0000	0.1016
240	1.0000	0.8559	0.0000	0.1021
241	1.0000	0.8585	0.0000	0.1025
242	1.0000	0.8643	0.0000	0.1029
243	1.0000	0.8827	0.0000	0.1033
244	1.0000	0.9127	0.0000	0.1038
245	1.0000	0.9028	0.0000	0.1042
246	1.0000	0.8929	0.0000	0.1047
247	1.0000	0.9128	0.0000	0.1051
248	1.0000	0.9070	0.0000	0.1055
249	1.0000	0.8763	0.0000	0.1059
250	1.0000	0.9207	0.0000	0.1063
251	1.0000	0.8621	0.0000	0.1067
252	1.0000	0.8980	0.0000	0.1071
253	1.0000	0.9113	0.0000	0.1075
254	1.0000	0.9135	0.0000	0.1080
255	1.0000	0.8970	0.0000	0.1085
256	1.0000	0.9075	0.0000	0.1090
257	1.0000	0.8227	0.0000	0.1094
258	1.0000	0.8460	0.0000	0.1099
259	1.0000	0.8401	0.0000	0.1104
260	1.0000	0.8505	0.0000	0.1109
261	1.0000	0.8823	0.0000	0.1114
262	1.0000	0.8828	0.0000	0.1119
263	1.0000	0.8179	0.0000	0.1125
264	1.0000	0.9296	0.0000	0.1131
265	1.0000	0.8239	0.0000	0.1138
266	1.0000	0.8395	0.0000	0.1142
267	1.0000	0.8443	0.0000	0.1147
268	1.0000	0.8731	0.0000	0.1151
269	1.0000	0.8449	0.0000	0.1156
270	1.0000	0.7855	0.0000	0.1161
271	1.0000	0.8579	0.0000	0.1169
272	1.0000	0.7715	0.0000	0.1173
273	1.0000	0.8394	0.0000	0.1178
274	1.0000	0.7567	0.0000	0.1182
275	1.0000	0.8543	0.0000	0.1186
276	1.0000	0.8503	0.0000	0.1190
277	1.0000	0.8477	0.0000	0.1194
278	1.0000	0.8488	0.0000	0.1198
279	1.0000	0.8242	0.0000	0.1203
280	1.0000	0.8474	0.0000	0.1208
281	1.0000	0.8382	0.0000	0.1214
282	1.0000	0.8644	0.0000	0.1218
283	1.0000	0.8497	0.0000	0.1222
284	1.0000	0.8700	0.0000	0.1227
285	1.0000	0.8854	0.0000	0.1231
286	1.0000	0.8651	0.0000	0.1235
287	1.0000	0.8849	0.0000	0.1240
288	1.0000	0.8619	0.0000	0.1244
289	1.0000	0.8492	0.0000	0.1248
290	1.0000	0.8898	0.0000	0.1252
291	1.0000	0.9102	0.0000	0.1257
292	1.0000	0.8506	0.0000	0.1261
293	1.0000	0.8481	0.0000	0.1266
294	1.0000	0.8735	0.0000	0.1271
295	1.0000	0.8414	0.0000	0.1277
296	1.0000	0.8921	0.0000	0.1281
297	1.0000	0.8727	0.0000	0.1286
298	1.0000	0.8171	0.0000	0.1290
299	1.0000	0.8420	0.0000	0.1294
300	1.0000	0.8375	0.0000	0.1298
301	1.0000	0.8490	0.0000	0.1303
302	1.0000	0.8911	0.0000	0.1308
303	1.0000	0.8784	0.0000	0.1314
304	1.0000	0.8401	0.0000	0.1320
305	1.0000	0.8343	0.0000	0.1324
306	1.0000	0.7970	0.0000	0.1329
307	1.0000	0.8053	0.0000	0.1333
308	1.0000	0.7927	0.0000	0.1338
309	1.0000	0.8231	0.0000	0.1344
310	1.0000	0.8533	0.0000	0.1354
311	1.0000	0.8328	0.0000	0.1358
312	1.0000	0.8571	0.0000	0.1362
313	1.0000	0.8401	0.0000	0.1367
314	1.0000	0.8744	0.0000	0.1371
315	1.0000	0.8476	0.0000	0.1375
316	1.0000	0.8476	0.0000	0.1379
317	1.0000	0.8730	0.0000	0.1384
318	1.0000	0.8888	0.0000	0.1388
319	1.0000	0.8469	0.0000	0.1392
320	1.0000	0.8794	0.0000	0.1397
321	1.0000	0.8739	0.0000	0.1401
322	1.0000	0.8797	0.0000	0.1405
323	1.0000	0.8802	0.0000	0.1410
324	1.0000	0.8254	0.0000	0.1414
325	1.0000	0.8403	0.0000	0.1418
326	1.0000	0.8788	0.0000	0.1423
327	1.0000	0.8950	0.0000	0.1427
328	1.0000	0.8798	0.0000	0.1431
329	1.0000	0.8724	0.0000	0.1436
330	1.0000	0.8671	0.0000	0.1440
331	1.0000	0.8589	0.0000	0.1446
332	1.0000	0.8203	0.0000	0.1450
333	1.0000	0.8487	0.0000	0.1456
334	1.0000	0.8706	0.0000	0.1462
335	1.0000	0.8184	0.0000	0.1466
336	1.0000	0.8261	0.0000	0.1471
337	1.0000	0.7952	0.0000	0.1476
338	1.0000	0.8439	0.0000	0.1480
339	1.0000	0.8186	0.0000	0.1485
340	1.0000	0.8434	0.0000	0.1489
341	1.0000	0.7881	0.0000	0.1496
342	1.0000	0.7844	0.0000	0.1502
343	1.0000	0.8136	0.0000	0.1508
344	1.0000	0.7635	0.0000	0.1513
345	1.0000	0.8071	0.0000	0.1518
346	1.0000	0.8054	0.0000	0.1523
347	1.0000	0.8488	0.0000	0.1527
348	1.0000	0.8136	0.0000	0.1532
349	1.0000	0.8299	0.0000	0.1541
350	1.0000	0.7971	0.0000	0.1545
351	1.0000	0.8350	0.0000	0.1550
352	1.0000	0.8096	0.0000	0.1555
353	1.0000	0.7961	0.0000	0.1559
354	1.0000	0.8330	0.0000	0.1564
355	1.0000	0.8358	0.0000	0.1568
356	1.0000	0.8521	0.0000	0.1573
357	1.0000	0.8486	0.0000	0.1577
358	1.0000	0.8347	0.0000	0.1581
359	1.0000	0.8688	0.0000	0.1585
360	1.0000	0.8355	0.0000	0.1589
361	1.0000	0.8891	0.0000	0.1593
362	1.0000	0.9118	0.0000	0.1597
363	1.0000	0.8861	0.0000	0.1602
364	1.0000	0.8659	0.0000	0.1606
365	1.0000	0.8954	0.0000	0.1610
366	1.0000	0.8535	0.0000	0.1614
367	1.0000	0.8862	0.0000	0.1619
368	1.0000	0.9004	0.0000	0.1623
369	1.0000	0.9040	0.0000	0.1627
370	1.0000	0.8908	0.0000	0.1633
371	1.0000	0.9483	0.0000	0.1638
372	1.0000	0.9156	0.0000	0.1643
373	1.0000	0.8739	0.0000	0.1649
374	1.0000	0.8210	0.0000	0.1653
375	1.0000	0.8455	0.0000	0.1659
376	1.0000	0.8274	0.0000	0.1664
377	1.0000	0.8720	0.0000	0.1667
378	1.0000	0.8348	0.0000	0.1672
379	1.0000	0.8490	0.0000	0.1677
380	1.0000	0.8522	0.0000	0.1683
381	1.0000	0.8268	0.0000	0.1689
382	1.0000	0.8024	0.0000	0.1696
383	1.0000	0.7879	0.0000	0.1700
384	1.0000	0.8287	0.0000	0.1707
385	1.0000	0.7932	0.0000	0.1712
386	1.0000	0.8131	0.0000	0.1716
387	1.0000	0.8162	0.0000	0.1723
388	1.0000	0.8047	0.0000	0.1731
389	1.0000	0.7578	0.0000	0.1737
390	1.0000	0.7554	0.0000	0.1743
391	1.0000	0.7814	0.0000	0.1749
392	1.0000	0.7807	0.0000	0.1753
393	1.0000	0.8129	0.0000	0.1757
394	1.0000	0.8174	0.0000	0.1761
395	1.0000	0.8417	0.0000	0.1766
396	1.0000	0.7907	0.0000	0.1770
397	1.0000	0.8053	0.0000	0.1774
398	1.0000	0.8497	0.0000	0.1779
399	1.0000	0.8888	0.0000	0.1783
400	1.0000	0.9089	0.0000	0.1787
401	1.0000	0.8756	0.0000	0.1792
402	1.0000	0.8710	0.0000	0.1797
403	1.0000	0.8725	0.0000	0.1801
404	1.0000	0.8851	0.0000	0.1805
405	1.0000	0.9192	0.0000	0.1809
406	1.0000	0.8871	0.0000	0.1814
407	1.0000	0.8832	0.0000	0.1818
408	1.0000	0.8521	0.0000	0.1822
409	1.0000	0.9052	0.0000	0.1828
410	1.0000	0.8033	0.0000	0.1834
411	1.0000	0.8618	0.0000	0.1839
412	1.0000	0.8326	0.0000	0.1845
413	1.0000	0.8526	0.0000	0.1849
414	1.0000	0.8443	0.0000	0.1856
415	1.0000	0.8177	0.0000	0.1860
416	1.0000	0.8652	0.0000	0.1864
417	1.0000	0.8605	0.0000	0.1870
418	1.0000	0.8709	0.0000	0.1875
419	1.0000	0.8460	0.0000	0.1881
420	1.0000	0.8403	0.0000	0.1887
421	1.0000	0.8327	0.0000	0.1895
422	1.0000	0.8164	0.0000	0.1899
423	1.0000	0.8420	0.0000	0.1906
424	1.0000	0.8006	0.0000	0.1913
425	1.0000	0.8538	0.0000	0.1920
426	1.0000	0.8170	0.0000	0.1928
427	1.0000	0.8373	0.0000	0.1940
428	1.0000	0.8084	0.0000	0.1950
429	1.0000	0.8357	0.0000	0.1960
430	1.0000	0.8604	0.0000	0.1969
431	1.0000	0.8542	0.0000	0.1978
432	1.0000	0.8426	0.0000	0.1987
433	1.0000	0.8872	0.0000	0.1995
434	1.0000	0.8616	0.0000	0.2005
435	1.0000	0.8835	0.0000	0.2014
436	1.0000	0.8684	0.0000	0.2022
437	1.0000	0.8552	0.0000	0.2029
438	1.0000	0.8754	0.0000	0.2037
439	1.0000	0.8842	0.0000	0.2045
440	1.0000	0.8950	0.0000	0.2053
441	1.0000	0.9192	0.0000	0.2063
442	1.0000	0.8865	0.0000	0.2071
443	1.0000	0.8752	0.0000	0.2082
444	1.0000	0.8528	0.0000	0.2092
445	1.0000	0.8609	0.0000	0.2102
446	1.0000	0.8873	0.0000	0.2111
447	1.0000	0.9019	0.0000	0.2121
448	1.0000	0.8488	0.0000	0.2130
449	1.0000	0.8626	0.0000	0.2141
450	1.0000	0.8796	0.0000	0.2154
451	1.0000	0.8599	0.0000	0.2167
452	1.0000	0.8515	0.0000	0.2180
453	1.0000	0.8736	0.0000	0.2194
454	1.0000	0.8417	0.0000	0.2207
455	1.0000	0.8747	0.0000	0.2220
456	1.0000	0.8861	0.0000	0.2235
457	1.0000	0.8824	0.0000	0.2249
458	1.0000	0.8615	0.0000	0.2264
459	1.0000	0.8870	0.0000	0.2282
460	1.0000	0.8038	0.0000	0.2299
461	1.0000	0.8305	0.0000	0.2313
462	1.0000	0.8287	0.0000	0.2329
463	1.0000	0.8456	0.0000	0.2346
464	1.0000	0.8246	0.0000	0.2360
465	1.0000	0.8290	0.0000	0.2373
466	1.0000	0.8596	0.0000	0.2389
467	1.0000	0.8063	0.0000	0.2406
468	1.0000	0.8122	0.0000	0.2423
469	1.0000	0.7261	0.0000	0.2439
470	1.0000	0.8358	0.0000	0.2456
471	1.0000	0.7878	0.0000	0.2470
472	1.0000	0.8174	0.0000	0.2485
473	1.0000	0.8329	0.0000	0.2500
474	1.0000	0.8019	0.0000	0.2516
475	1.0000	0.7875	0.0000	0.2532
476	1.0000	0.8112	0.0000	0.2546
477	1.0000	0.7752	0.0000	0.2559
478	1.0000	0.8462	0.0000	0.2572
479	1.0000	0.8137	0.0000	0.2585
480	1.0000	0.7537	0.0000	0.2598
481	1.0000	0.8518	0.0000	0.2610
482	1.0000	0.8103	0.0000	0.2621
483	1.0000	0.8218	0.0000	0.2633
484	1.0000	0.8127	0.0000	0.2645
485	1.0000	0.8322	0.0000	0.2656
486	1.0000	0.8409	0.0000	0.2668
487	1.0000	0.8613	0.0000	0.2679
488	1.0000	0.8554	0.0000	0.2691
489	1.0000	0.8766	0.0000	0.2703
490	1.0000	0.8284	0.0000	0.2715
491	1.0000	0.8512	0.0000	0.2727
492	1.0000	0.8598	0.0000	0.2738
493	1.0000	0.8438	0.0000	0.2748
494	1.0000	0.8357	0.0000	0.2757
495	1.0000	0.8540	0.0000	0.2766
496	1.0000	0.8408	0.0000	0.2774
497	1.0000	0.8823	0.0000	0.2783
498	1.0000	0.9022	0.0000	0.2795
499	1.0000	0.8757	0.0000	0.2806
500	1.0000	0.8192	0.0000	0.2815
501	1.0000	0.8560	0.0000	0.2825
502	1.0000	0.8535	0.0000	0.2837
503	1.0000	0.8703	0.0000	0.2848
504	1.0000	0.8592	0.0000	0.2859
505	1.0000	0.8512	0.0000	0.2871
506	1.0000	0.8356	0.0000	0.2883
507	1.0000	0.8281	0.0000	0.2894
508	1.0000	0.8331	0.0000	0.2905
509	1.0000	0.8667	0.0000	0.2917
510	1.0000	0.8371	0.0000	0.2928
511	1.0000	0.8321	0.0000	0.2939
512	1.0000	0.8613	0.0000	0.2950
513	1.0000	0.8710	0.0000	0.2962
514	1.0000	0.8234	0.0000	0.2973
515	1.0000	0.8791	0.0000	0.2981
516	1.0000	0.8347	0.0000	0.2990
517	1.0000	0.8474	0.0000	0.2998
518	1.0000	0.9039	0.0000	0.3008
519	1.0000	0.8787	0.0000	0.3019
520	1.0000	0.8897	0.0000	0.3030
521	1.0000	0.8591	0.0000	0.3039
522	1.0000	0.8968	0.0000	0.3048
523	1.0000	0.8750	0.0000	0.3058
524	1.0000	0.8757	0.0000	0.3067
525	1.0000	0.9164	0.0000	0.3075
526	1.0000	0.8851	0.0000	0.3084
527	1.0000	0.8916	0.0000	0.3093
528	1.0000	0.8878	0.0000	0.3102
529	1.0000	0.8952	0.0000	0.3113
530	1.0000	0.9312	0.0000	0.3124
531	1.0000	0.9220	0.0000	0.3136
532	1.0000	0.8951	0.0000	0.3148
533	1.0000	0.8888	0.0000	0.3158
534	1.0000	0.9154	0.0000	0.3170
535	1.0000	0.9292	0.0000	0.3182
536	1.0000	0.9317	0.0000	0.3194
537	1.0000	0.9214	0.0000	0.3210
538	1.0000	0.8917	0.0000	0.3224
539	1.0000	0.9325	0.0000	0.3240
540	1.0000	0.8713	0.0000	0.3252
541	1.0000	0.9166	0.0000	0.3266
542	1.0000	0.8891	0.0000	0.3279
543	1.0000	0.9027	0.0000	0.3291
544	1.0000	0.8980	0.0000	0.3305
545	1.0000	0.8959	0.0000	0.3318
546	1.0000	0.8515	0.0000	0.3332
547	1.0000	0.8667	0.0000	0.3346
548	1.0000	0.9049	0.0000	0.3361
549	1.0000	0.8630	0.0000	0.3378
550	1.0000	0.9072	0.0000	0.3393
551	1.0000	0.8538	0.0000	0.3407
552	1.0000	0.9113	0.0000	0.3422
553	1.0000	0.8619	0.0000	0.3436
554	1.0000	0.8744	0.0000	0.3451
555	1.0000	0.8870	0.0000	0.3465
556	1.0000	0.8750	0.0000	0.3479
557	1.0000	0.8664	0.0000	0.3492
558	1.0000	0.7495	0.0000	0.3505
559	1.0000	0.8271	0.0000	0.3517
560	1.0000	0.8221	0.0000	0.3529
561	1.0000	0.8576	0.0000	0.3539
562	1.0000	0.8497	0.0000	0.3550
563	1.0000	0.8605	0.0000	0.3564
564	1.0000	0.8821	0.0000	0.3575
565	1.0000	0.8728	0.0000	0.3587
566	1.0000	0.8699	0.0000	0.3598
567	1.0000	0.8450	0.0000	0.3610
568	1.0000	0.8585	0.0000	0.3621
569	1.0000	0.8673	0.0000	0.3631
570	1.0000	0.8666	0.0000	0.3643
571	1.0000	0.8826	0.0000	0.3654
572	1.0000	0.8888	0.0000	0.3667
573	1.0000	0.8710	0.0000	0.3677
574	1.0000	0.9029	0.0000	0.3687
575	1.0000	0.9012	0.0000	0.3700
576	1.0000	0.9082	0.0000	0.3713
577	1.0000	0.8945	0.0000	0.3731
578	1.0000	0.9070	0.0000	0.3748
579	1.0000	0.8765	0.0000	0.3769
580	1.0000	0.8234	0.0000	0.3789
581	1.0000	0.8380	0.0000	0.3804
582	1.0000	0.8901	0.0000	0.3819
583	1.0000	0.8410	0.0000	0.3839
584	1.0000	0.8099	0.0000	0.3863
585	1.0000	0.8607	0.0000	0.3886
586	1.0000	0.8756	0.0000	0.3901
587	1.0000	0.8523	0.0000	0.3916
588	1.0000	0.8217	0.0000	0.3928
589	1.0000	0.8555	0.0000	0.3943
590	1.0000	0.8711	0.0000	0.3957
591	1.0000	0.8492	0.0000	0.3971
592	1.0000	0.8182	0.0000	0.3986
593	1.0000	0.8657	0.0000	0.4003
594	1.0000	0.8802	0.0000	0.4018
595	1.0000	0.8505	0.0000	0.4032
596	1.0000	0.8149	0.0000	0.4047
597	1.0000	0.8720	0.0000	0.4063
598	1.0000	0.8889	0.0000	0.4081
599	1.0000	0.8273	0.0000	0.4098
600	1.0000	0.8213	0.0000	0.4111
601	1.0000	0.8393	0.0000	0.4124
602	1.0000	0.7827	0.0000	0.4135
603	1.0000	0.8380	0.0000	0.4146
604	1.0000	0.8285	0.0000	0.4157
605	1.0000	0.8540	0.0000	0.4168
606	1.0000	0.8735	0.0000	0.4179
607	1.0000	0.8541	0.0000	0.4189
608	1.0000	0.8767	0.0000	0.4200
609	1.0000	0.8673	0.0000	0.4212
610	1.0000	0.8618	0.0000	0.4225
611	1.0000	0.8853	0.0000	0.4237
612	1.0000	0.9041	0.0000	0.4249
613	1.0000	0.8939	0.0000	0.4260
614	1.0000	0.8849	0.0000	0.4271
615	1.0000	0.8858	0.0000	0.4284
616	1.0000	0.9039	0.0000	0.4295
617	1.0000	0.8928	0.0000	0.4307
618	1.0000	0.8687	0.0000	0.4321
619	1.0000	0.9010	0.0000	0.4332
620	1.0000	0.8960	0.0000	0.4345
621	1.0000	0.8892	0.0000	0.4361
622	1.0000	0.8827	0.0000	0.4371
623	1.0000	0.8840	0.0000	0.4382
624	1.0000	0.8540	0.0000	0.4393
625	1.0000	0.8996	0.0000	0.4404
626	1.0000	0.8548	0.0000	0.4414
627	1.0000	0.8703	0.0000	0.4424
628	1.0000	0.8652	0.0000	0.4435
629	1.0000	0.8324	0.0000	0.4444
630	1.0000	0.8854	0.0000	0.4453
631	1.0000	0.8941	0.0000	0.4462
632	1.0000	0.8545	0.0000	0.4471
633	1.0000	0.8656	0.0000	0.4482
634	1.0000	0.8672	0.0000	0.4492
635	1.0000	0.8924	0.0000	0.4502
636	1.0000	0.8939	0.0000	0.4512
637	1.0000	0.8700	0.0000	0.4524
638	1.0000	0.8852	0.0000	0.4540
639	1.0000	0.8249	0.0000	0.4552
640	1.0000	0.8345	0.0000	0.4562
641	1.0000	0.8344	0.0000	0.4572
642	1.0000	0.8601	0.0000	0.4583
643	1.0000	0.8632	0.0000	0.4592
644	1.0000	0.8070	0.0000	0.4601
645	1.0000	0.8423	0.0000	0.4611
646	1.0000	0.8482	0.0000	0.4620
647	1.0000	0.8919	0.0000	0.4628
648	1.0000	0.8667	0.0000	0.4637
649	1.0000	0.9019	0.0000	0.4646
650	1.0000	0.8760	0.0000	0.4656
651	1.0000	0.8424	0.0000	0.4665
652	1.0000	0.9003	0.0000	0.4674
653	1.0000	0.8552	0.0000	0.4684
654	1.0000	0.8872	0.0000	0.4693
655	1.0000	0.9080	0.0000	0.4702
656	1.0000	0.9144	0.0000	0.4712
657	1.0000	0.9030	0.0000	0.4722
658	1.0000	0.9150	0.0000	0.4730
659	1.0000	0.8687	0.0000	0.4739
660	1.0000	0.8867	0.0000	0.4749
661	1.0000	0.9141	0.0000	0.4762
662	1.0000	0.9102	0.0000	0.4772
663	1.0000	0.8931	0.0000	0.4784
664	1.0000	0.8946	0.0000	0.4798
665	1.0000	0.9068	0.0000	0.4810
666	1.0000	0.9207	0.0000	0.4825
667	1.0000	0.8731	0.0000	0.4836
668	1.0000	0.8852	0.0000	0.4850
669	1.0000	0.8442	0.0000	0.4861
670	1.0000	0.7850	0.0000	0.4873
671	1.0000	0.8477	0.0000	0.4883
672	1.0000	0.8185	0.0000	0.4894
673	1.0000	0.8452	0.0000	0.4905
674	1.0000	0.8309	0.0000	0.4915
675	1.0000	0.8511	0.0000	0.4926
676	1.0000	0.8467	0.0000	0.4939
677	1.0000	0.8472	0.0000	0.4954
678	1.0000	0.8235	0.0000	0.4969
679	1.0000	0.8402	0.0000	0.4984
680	1.0000	0.7982	0.0000	0.4998
681	1.0000	0.8316	0.0000	0.5014
682	1.0000	0.8556	0.0000	0.5033
683	1.0000	0.8044	0.0000	0.5052
684	1.0000	0.8366	0.0000	0.5067
685	1.0000	0.8795	0.0000	0.5080
686	1.0000	0.8910	0.0000	0.5094
687	1.0000	0.8813	0.0000	0.5107
688	1.0000	0.8510	0.0000	0.5125
689	1.0000	0.8749	0.0000	0.5140
690	1.0000	0.8623	0.0000	0.5154
691	1.0000	0.8602	0.0000	0.5166
692	1.0000	0.7958	0.0000	0.5178
693	1.0000	0.8452	0.0000	0.5188
694	1.0000	0.8658	0.0000	0.5200
695	1.0000	0.8523	0.0000	0.5210
696	1.0000	0.8025	0.0000	0.5219
697	1.0000	0.8696	0.0000	0.5230
698	1.0000	0.8802	0.0000	0.5240
699	1.0000	0.9031	0.0000	0.5251
700	1.0000	0.9122	0.0000	0.5262
701	1.0000	0.9117	0.0000	0.5274
702	1.0000	0.9243	0.0000	0.5285
703	1.0000	0.8716	0.0000	0.5294
704	1.0000	0.8933	0.0000	0.5303
705	1.0000	0.8939	0.0000	0.5310
706	1.0000	0.8738	0.0000	0.5320
707	1.0000	0.8938	0.0000	0.5328
708	1.0000	0.9268	0.0000	0.5337
709	1.0000	0.8709	0.0000	0.5347
710	1.0000	0.8912	0.0000	0.5357
711	1.0000	0.8823	0.0000	0.5366
712	1.0000	0.9007	0.0000	0.5376
713	1.0000	0.9237	0.0000	0.5387
714	1.0000	0.9279	0.0000	0.5396
715	1.0000	0.9159	0.0000	0.5405
716	1.0000	0.9327	0.0000	0.5414
717	1.0000	0.8968	0.0000	0.5427
718	1.0000	0.8829	0.0000	0.5438
719	1.0000	0.8430	0.0000	0.5447
720	1.0000	0.8713	0.0000	0.5456
721	1.0000	0.8900	0.0000	0.5464
722	1.0000	0.8701	0.0000	0.5474
723	1.0000	0.8795	0.0000	0.5484
724	1.0000	0.9084	0.0000	0.5492
725	1.0000	0.8869	0.0000	0.5503
726	1.0000	0.8783	0.0000	0.5512
727	1.0000	0.8848	0.0000	0.5521
728	1.0000	0.8715	0.0000	0.5530
729	1.0000	0.8986	0.0000	0.5540
730	1.0000	0.8463	0.0000	0.5550
731	1.0000	0.8579	0.0000	0.5558
732	1.0000	0.8239	0.0000	0.5566
733	1.0000	0.8490	0.0000	0.5574
734	1.0000	0.8731	0.0000	0.5583
735	1.0000	0.8935	0.0000	0.5591
736	1.0000	0.8695	0.0000	0.5598
737	1.0000	0.9104	0.0000	0.5605
738	1.0000	0.8771	0.0000	0.5610
739	1.0000	0.8723	0.0000	0.5616
740	1.0000	0.8799	0.0000	0.5622
741	1.0000	0.8876	0.0000	0.5632
742	1.0000	0.8871	0.0000	0.5643
743	1.0000	0.8882	0.0000	0.5653
744	1.0000	0.8667	0.0000	0.5661
745	1.0000	0.8828	0.0000	0.5669
746	1.0000	0.9075	0.0000	0.5678
747	1.0000	0.8823	0.0000	0.5689
748	1.0000	0.9104	0.0000	0.5699
749	1.0000	0.9190	0.0000	0.5708
750	1.0000	0.8815	0.0000	0.5717
751	1.0000	0.8507	0.0000	0.5726
752	1.0000	0.8728	0.0000	0.5735
753	1.0000	0.8597	0.0000	0.5744
754	1.0000	0.8404	0.0000	0.5753
755	1.0000	0.8726	0.0000	0.5765
756	1.0000	0.8783	0.0000	0.5779
757	1.0000	0.8683	0.0000	0.5795
758	1.0000	0.8531	0.0000	0.5808
759	1.0000	0.8681	0.0000	0.5821
760	1.0000	0.8537	0.0000	0.5838
761	1.0000	0.8607	0.0000	0.5852
762	1.0000	0.8832	0.0000	0.5866
763	1.0000	0.8960	0.0000	0.5880
764	1.0000	0.8852	0.0000	0.5892
765	1.0000	0.8658	0.0000	0.5904
766	1.0000	0.8737	0.0000	0.5916
767	1.0000	0.8813	0.0000	0.5927
768	1.0000	0.8819	0.0000	0.5939
769	1.0000	0.8496	0.0000	0.5953
770	1.0000	0.8389	0.0000	0.5969
771	1.0000	0.8195	0.0000	0.5981
772	1.0000	0.8268	0.0000	0.5993
773	1.0000	0.8617	0.0000	0.6004
774	1.0000	0.8295	0.0000	0.6018
775	1.0000	0.8519	0.0000	0.6030
776	1.0000	0.8381	0.0000	0.6043
777	1.0000	0.8559	0.0000	0.6055
778	1.0000	0.8797	0.0000	0.6070
779	1.0000	0.8359	0.0000	0.6081
780	1.0000	0.8728	0.0000	0.6090
781	1.0000	0.8632	0.0000	0.6103
782	1.0000	0.8382	0.0000	0.6115
783	1.0000	0.8949	0.0000	0.6128
784	1.0000	0.8333	0.0000	0.6139
785	1.0000	0.8455	0.0000	0.6150
786	1.0000	0.8186	0.0000	0.6159
787	1.0000	0.8746	0.0000	0.6170
788	1.0000	0.9236	0.0000	0.6181
789	1.0000	0.9016	0.0000	0.6192
790	1.0000	0.8645	0.0000	0.6204
791	1.0000	0.8371	0.0000	0.6216
792	1.0000	0.8524	0.0000	0.6227
793	1.0000	0.8718	0.0000	0.6239
794	1.0000	0.9066	0.0000	0.6250
795	1.0000	0.9050	0.0000	0.6262
796	1.0000	0.8850	0.0000	0.6275
797	1.0000	0.8920	0.0000	0.6288
798	1.0000	0.8871	0.0000	0.6299
799	1.0000	0.8927	0.0000	0.6308
800	1.0000	0.8514	0.0000	0.6319
801	1.0000	0.8535	0.0000	0.6328
802	1.0000	0.8438	0.0000	0.6336
803	1.0000	0.8577	0.0000	0.6344
804	1.0000	0.8239	0.0000	0.6353
805	1.0000	0.8588	0.0000	0.6360
806	1.0000	0.8369	0.0000	0.6367
807	1.0000	0.8589	0.0000	0.6375
808	1.0000	0.8319	0.0000	0.6382
809	1.0000	0.8852	0.0000	0.6393
810	1.0000	0.8583	0.0000	0.6403
811	1.0000	0.7951	0.0000	0.6409
812	1.0000	0.8410	0.0000	0.6417
813	1.0000	0.8536	0.0000	0.6425
814	1.0000	0.8532	0.0000	0.6432
815	1.0000	0.8520	0.0000	0.6441
816	1.0000	0.7859	0.0000	0.6447
817	1.0000	0.8475	0.0000	0.6455
818	1.0000	0.8009	0.0000	0.6466
819	1.0000	0.8665	0.0000	0.6476
820	1.0000	0.8766	0.0000	0.6488
821	1.0000	0.8796	0.0000	0.6499
822	1.0000	0.8325	0.0000	0.6511
823	1.0000	0.8219	0.0000	0.6522
824	1.0000	0.8236	0.0000	0.6535
825	1.0000	0.8221	0.0000	0.6546
826	1.0000	0.8153	0.0000	0.6554
827	1.0000	0.8262	0.0000	0.6563
828	1.0000	0.8251	0.0000	0.6575
829	1.0000	0.8648	0.0000	0.6585
830	1.0000	0.8554	0.0000	0.6596
831	1.0000	0.8631	0.0000	0.6610
832	1.0000	0.8810	0.0000	0.6623
833	1.0000	0.8899	0.0000	0.6635
834	1.0000	0.8830	0.0000	0.6648
835	1.0000	0.8980	0.0000	0.6662
836	1.0000	0.9100	0.0000	0.6678
837	1.0000	0.9200	0.0000	0.6692
838	1.0000	0.8790	0.0000	0.6707
839	1.0000	0.7959	0.0000	0.6721
840	1.0000	0.8558	0.0000	0.6733
841	1.0000	0.7840	0.0000	0.6743
842	1.0000	0.8225	0.0000	0.6753
843	1.0000	0.8121	0.0000	0.6762
844	1.0000	0.8044	0.0000	0.6776
845	1.0000	0.8713	0.0000	0.6786
846	1.0000	0.8390	0.0000	0.6798
847	1.0000	0.8231	0.0000	0.6808
848	1.0000	0.8212	0.0000	0.6817
849	1.0000	0.8515	0.0000	0.6826
850	1.0000	0.8624	0.0000	0.6835
851	1.0000	0.8578	0.0000	0.6846
852	1.0000	0.8134	0.0000	0.6858
853	1.0000	0.8603	0.0000	0.6869
854	1.0000	0.8143	0.0000	0.6881
855	1.0000	0.8503	0.0000	0.6893
856	1.0000	0.8353	0.0000	0.6904
857	1.0000	0.7680	0.0000	0.6914
858	1.0000	0.8342	0.0000	0.6923
859	1.0000	0.8544	0.0000	0.6933
860	1.0000	0.8097	0.0000	0.6944
861	1.0000	0.8644	0.0000	0.6957
862	1.0000	0.8380	0.0000	0.6967
863	1.0000	0.8361	0.0000	0.6975
864	1.0000	0.8335	0.0000	0.6985
865	1.0000	0.8182	0.0000	0.6994
866	1.0000	0.8221	0.0000	0.7002
867	1.0000	0.8331	0.0000	0.7011
868	1.0000	0.8445	0.0000	0.7019
869	1.0000	0.8535	0.0000	0.7026
870	1.0000	0.8354	0.0000	0.7034
871	1.0000	0.8517	0.0000	0.7041
872	1.0000	0.8688	0.0000	0.7048
873	1.0000	0.8800	0.0000	0.7054
874	1.0000	0.8831	0.0000	0.7061
875	1.0000	0.8525	0.0000	0.7067
876	1.0000	0.8372	0.0000	0.7072
877	1.0000	0.8768	0.0000	0.7079
878	1.0000	0.8272	0.0000	0.7088
879	1.0000	0.8740	0.0000	0.7099
880	1.0000	0.8364	0.0000	0.7109
881	1.0000	0.8621	0.0000	0.7119
882	1.0000	0.8478	0.0000	0.7127
883	1.0000	0.8518	0.0000	0.7137
884	1.0000	0.9078	0.0000	0.7145
885	1.0000	0.9046	0.0000	0.7154
886	1.0000	0.8826	0.0000	0.7163
887	1.0000	0.8984	0.0000	0.7173
888	1.0000	0.9004	0.0000	0.7182
889	1.0000	0.8865	0.0000	0.7191
890	1.0000	0.8886	0.0000	0.7200
891	1.0000	0.8581	0.0000	0.7208
892	1.0000	0.8791	0.0000	0.7219
893	1.0000	0.8348	0.0000	0.7229
894	1.0000	0.8552	0.0000	0.7237
895	1.0000	0.8753	0.0000	0.7248
896	1.0000	0.8408	0.0000	0.7257
897	1.0000	0.8263	0.0000	0.7265
898	1.0000	0.8502	0.0000	0.7273
899	1.0000	0.8694	0.0000	0.7282
900	1.0000	0.8487	0.0000	0.7294
901	1.0000	0.8400	0.0000	0.7304
902	1.0000	0.8967	0.0000	0.7314
903	1.0000	0.8540	0.0000	0.7324
904	1.0000	0.8757	0.0000	0.7335
905	1.0000	0.8923	0.0000	0.7345
906	1.0000	0.8891	0.0000	0.7353
907	1.0000	0.8951	0.0000	0.7363
908	1.0000	0.8772	0.0000	0.7374
909	1.0000	0.8509	0.0000	0.7386
910	1.0000	0.9104	0.0000	0.7395
911	1.0000	0.9122	0.0000	0.7404
912	1.0000	0.8996	0.0000	0.7415
913	1.0000	0.9091	0.0000	0.7426
914	1.0000	0.8744	0.0000	0.7438
915	1.0000	0.8846	0.0000	0.7449
916	1.0000	0.9144	0.0000	0.7462
917	1.0000	0.9053	0.0000	0.7473
918	1.0000	0.8959	0.0000	0.7483
919	1.0000	0.8971	0.0000	0.7492
920	1.0000	0.9106	0.0000	0.7500
921	1.0000	0.9146	0.0000	0.7510
922	1.0000	0.9191	0.0000	0.7519
923	1.0000	0.8957	0.0000	0.7526
924	1.0000	0.9184	0.0000	0.7534
925	1.0000	0.9053	0.0000	0.7543
926	1.0000	0.9312	0.0000	0.7551
927	1.0000	0.9055	0.0000	0.7561
928	1.0000	0.9020	0.0000	0.7570
929	1.0000	0.9316	0.0000	0.7580
930	1.0000	0.8929	0.0000	0.7590
931	1.0000	0.9018	0.0000	0.7598
932	1.0000	0.9339	0.0000	0.7606
933	1.0000	0.9060	0.0000	0.7613
934	1.0000	0.9145	0.0000	0.7621
935	1.0000	0.9096	0.0000	0.7630
936	1.0000	0.8990	0.0000	0.7640
937	1.0000	0.9293	0.0000	0.7649
938	1.0000	0.8984	0.0000	0.7657
939	1.0000	0.9546	0.0000	0.7666
940	1.0000	0.9466	0.0000	0.7675
941	1.0000	0.9319	0.0000	0.7684
942	1.0000	0.9183	0.0000	0.7692
943	1.0000	0.9557	0.0000	0.7700
944	1.0000	0.9275	0.0000	0.7708
945	1.0000	0.9354	0.0000	0.7714
946	1.0000	0.9330	0.0000	0.7722
947	1.0000	0.9481	0.0000	0.7731
948	1.0000	0.9446	0.0000	0.7739
949	1.0000	0.9679	0.0000	0.7747
950	1.0000	0.9305	0.0000	0.7756
951	1.0000	0.9065	0.0000	0.7763
952	1.0000	0.9268	0.0000	0.7773
953	1.0000	0.9291	0.0000	0.7782
954	1.0000	0.9328	0.0000	0.7791
955	1.0000	0.9285	0.0000	0.7800
956	1.0000	0.9512	0.0000	0.7810
957	1.0000	0.9446	0.0000	0.7819
958	1.0000	0.9360	0.0000	0.7830
959	1.0000	0.9615	0.0000	0.7840
960	1.0000	0.9563	0.0000	0.7853
961	1.0000	0.9202	0.0000	0.7863
962	1.0000	0.9068	0.0000	0.7874
963	1.0000	0.8781	0.0000	0.7883
964	1.0000	0.8596	0.0000	0.7892
965	1.0000	0.8908	0.0000	0.7904
966	1.0000	0.8760	0.0000	0.7913
967	1.0000	0.8511	0.0000	0.7924
968	1.0000	0.8220	0.0000	0.7939
969	1.0000	0.8397	0.0000	0.7952
970	1.0000	0.8403	0.0000	0.7963
971	1.0000	0.8595	0.0000	0.7973
972	1.0000	0.8628	0.0000	0.7982
973	1.0000	0.8481	0.0000	0.7991
974	1.0000	0.8548	0.0000	0.8000
975	1.0000	0.9170	0.0000	0.8009
976	1.0000	0.8764	0.0000	0.8018
977	1.0000	0.8945	0.0000	0.8027
978	1.0000	0.8396	0.0000	0.8036
979	1.0000	0.8725	0.0000	0.8045
980	1.0000	0.8945	0.0000	0.8053
981	1.0000	0.8664	0.0000	0.8061
982	1.0000	0.8744	0.0000	0.8070
983	1.0000	0.8819	0.0000	0.8080
984	1.0000	0.8955	0.0000	0.8091
985	1.0000	0.8999	0.0000	0.8101
986	1.0000	0.8674	0.0000	0.8110
987	1.0000	0.8791	0.0000	0.8119
988	1.0000	0.8907	0.0000	0.8130
989	1.0000	0.8924	0.0000	0.8140
990	1.0000	0.9032	0.0000	0.8149
991	1.0000	0.8687	0.0000	0.8159
992	1.0000	0.9140	0.0000	0.8168
993	1.0000	0.8958	0.0000	0.8177
994	1.0000	0.9047	0.0000	0.8185
995	1.0000	0.9056	0.0000	0.8195
996	1.0000	0.9325	0.0000	0.8206
997	1.0000	0.9294	0.0000	0.8218
998	1.0000	0.9407	0.0000	0.8229
999	1.0000	0.8510	0.0000	0.8239
1000	1.0000	0.9170	0.0000	0.8251
1001	1.0000	0.8965	0.0000	0.8264
1002	1.0000	0.8282	0.0000	0.8279
1003	1.0000	0.8255	0.0000	0.8291
1004	1.0000	0.8443	0.0000	0.8305
1005	1.0000	0.8224	0.0000	0.8318
1006	1.0000	0.8675	0.0000	0.8333
1007	1.0000	0.8506	0.0000	0.8348
1008	1.0000	0.8479	0.0000	0.8364
1009	1.0000	0.7736	0.0000	0.8377
1010	1.0000	0.7665	0.0000	0.8389
1011	1.0000	0.7657	0.0000	0.8399
1012	1.0000	0.7962	0.0000	0.8413
1013	1.0000	0.8010	0.0000	0.8425
1014	1.0000	0.8613	0.0000	0.8439
1015	1.0000	0.8236	0.0000	0.8451
1016	1.0000	0.8354	0.0000	0.8462
1017	1.0000	0.8398	0.0000	0.8472
1018	1.0000	0.8387	0.0000	0.8482
1019	1.0000	0.8421	0.0000	0.8494
1020	1.0000	0.8433	0.0000	0.8505
1021	1.0000	0.8723	0.0000	0.8516
1022	1.0000	0.8731	0.0000	0.8526
1023	1.0000	0.8847	0.0000	0.8536
1024	1.0000	0.8400	0.0000	0.8545
1025	1.0000	0.8866	0.0000	0.8556
1026	1.0000	0.8646	0.0000	0.8566
1027	1.0000	0.8800	0.0000	0.8576
1028	1.0000	0.8548	0.0000	0.8585
1029	1.0000	0.8827	0.0000	0.8594
1030	1.0000	0.9077	0.0000	0.8605
1031	1.0000	0.8985	0.0000	0.8616
1032	1.0000	0.9146	0.0000	0.8629
1033	1.0000	0.9117	0.0000	0.8640
1034	1.0000	0.9281	0.0000	0.8649
1035	1.0000	0.8991	0.0000	0.8658
1036	1.0000	0.8905	0.0000	0.8668
1037	1.0000	0.9106	0.0000	0.8679
1038	1.0000	0.8953	0.0000	0.8688
1039	1.0000	0.8768	0.0000	0.8696
1040	1.0000	0.8828	0.0000	0.8706
1041	1.0000	0.8931	0.0000	0.8716
1042	1.0000	0.8799	0.0000	0.8725
1043	1.0000	0.9089	0.0000	0.8735
1044	1.0000	0.9137	0.0000	0.8744
1045	1.0000	0.9135	0.0000	0.8754
1046	1.0000	0.8775	0.0000	0.8763
1047	1.0000	0.9025	0.0000	0.8774
1048	1.0000	0.9102	0.0000	0.8785
1049	1.0000	0.9194	0.0000	0.8794
1050	1.0000	0.9194	0.0000	0.8804
1051	1.0000	0.8644	0.0000	0.8813
1052	1.0000	0.9059	0.0000	0.8823
1053	1.0000	0.9021	0.0000	0.8834
1054	1.0000	0.9175	0.0000	0.8845
1055	1.0000	0.9089	0.0000	0.8857
1056	1.0000	0.8775	0.0000	0.8869
1057	1.0000	0.8818	0.0000	0.8880
1058	1.0000	0.8281	0.0000	0.8889
1059	1.0000	0.8664	0.0000	0.8899
1060	1.0000	0.8755	0.0000	0.8907
1061	1.0000	0.8696	0.0000	0.8918
1062	1.0000	0.9058	0.0000	0.8932
1063	1.0000	0.8616	0.0000	0.8945
1064	1.0000	0.8723	0.0000	0.8958
1065	1.0000	0.8467	0.0000	0.8974
1066	1.0000	0.8543	0.0000	0.8991
1067	1.0000	0.8674	0.0000	0.9005
1068	1.0000	0.7826	0.0000	0.9017
1069	1.0000	0.8165	0.0000	0.9029
1070	1.0000	0.8500	0.0000	0.9043
1071	1.0000	0.8617	0.0000	0.9060
1072	1.0000	0.7775	0.0000	0.9074
1073	1.0000	0.7838	0.0000	0.9089
1074	1.0000	0.8657	0.0000	0.9104
1075	1.0000	0.8123	0.0000	0.9120
1076	1.0000	0.8096	0.0000	0.9136
1077	1.0000	0.7984	0.0000	0.9153
1078	1.0000	0.7981	0.0000	0.9168
1079	1.0000	0.8194	0.0000	0.9183
1080	1.0000	0.8660	0.0000	0.9201
1081	1.0000	0.8506	0.0000	0.9218
1082	1.0000	0.8547	0.0000	0.9234
1083	1.0000	0.8600	0.0000	0.9255
1084	1.0000	0.8794	0.0000	0.9274
1085	1.0000	0.8672	0.0000	0.9294
1086	1.0000	0.8787	0.0000	0.9314
1087	1.0000	0.8454	0.0000	0.9331
1088	1.0000	0.8530	0.0000	0.9350
1089	1.0000	0.8871	0.0000	0.9372
1090	1.0000	0.8813	0.0000	0.9397
1091	1.0000	0.8710	0.0000	0.9417
1092	1.0000	0.8917	0.0000	0.9440
1093	1.0000	0.8630	0.0000	0.9460
1094	1.0000	0.8382	0.0000	0.9478
1095	1.0000	0.9041	0.0000	0.9500
1096	1.0000	0.8443	0.0000	0.9519
1097	1.0000	0.8501	0.0000	0.9539
1098	1.0000	0.8505	0.0000	0.9565
1099	1.0000	0.8669	0.0000	0.9588
1100	1.0000	0.8759	0.0000	0.9609
1101	1.0000	0.8743	0.0000	0.9624
1102	1.0000	0.8591	0.0000	0.9644
1103	1.0000	0.8865	0.0000	0.9662
1104	1.0000	0.8820	0.0000	0.9678
1105	1.0000	0.8677	0.0000	0.9694
1106	1.0000	0.8863	0.0000	0.9713
1107	1.0000	0.9087	0.0000	0.9731
1108	1.0000	0.8611	0.0000	0.9751
1109	1.0000	0.8762	0.0000	0.9769
1110	1.0000	0.8702	0.0000	0.9789
1111	1.0000	0.8508	0.0000	0.9807
1112	1.0000	0.8482	0.0000	0.9824
1113	1.0000	0.8791	0.0000	0.9840
1114	1.0000	0.8348	0.0000	0.9861
1115	1.0000	0.8128	0.0000	0.9881
1116	1.0000	0.8508	0.0000	0.9900
1117	1.0000	0.8615	0.0000	0.9917
1118	1.0000	0.8767	0.0000	0.9934
1119	1.0000	0.8521	0.0000	0.9956
1120	1.0000	0.8621	0.0000	0.9974
1121	1.0000	0.8986	0.0000	0.9989
1122	1.0000	0.8569	0.0000	1.0010
1123	1.0000	0.8700	0.0000	1.0030
1124	1.0000	0.8967	0.0000	1.0049
1125	1.0000	0.8399	0.0000	1.0066
1126	1.0000	0.8557	0.0000	1.0079
1127	1.0000	0.8769	0.0000	1.0091
1128	1.0000	0.7746	0.0000	1.0104
1129	1.0000	0.8157	0.0000	1.0119
1130	1.0000	0.8193	0.0000	1.0131
1131	1.0000	0.8215	0.0000	1.0145
1132	1.0000	0.7701	0.0000	1.0157
1133	1.0000	0.7817	0.0000	1.0168
1134	1.0000	0.8155	0.0000	1.0180
1135	1.0000	0.8454	0.0000	1.0193
1136	1.0000	0.8359	0.0000	1.0207
1137	1.0000	0.8514	0.0000	1.0221
1138	1.0000	0.8333	0.0000	1.0232
1139	1.0000	0.8760	0.0000	1.0243
1140	1.0000	0.8786	0.0000	1.0254
1141	1.0000	0.8577	0.0000	1.0265
1142	1.0000	0.8394	0.0000	1.0273
1143	1.0000	0.8860	0.0000	1.0281
1144	1.0000	0.9075	0.0000	1.0292
1145	1.0000	0.9011	0.0000	1.0302
1146	1.0000	0.9226	0.0000	1.0314
1147	1.0000	0.9288	0.0000	1.0324
1148	1.0000	0.9203	0.0000	1.0335
1149	1.0000	0.9080	0.0000	1.0348
1150	1.0000	0.9082	0.0000	1.0360
1151	1.0000	0.8915	0.0000	1.0375
1152	1.0000	0.8496	0.0000	1.0390
1153	1.0000	0.8988	0.0000	1.0406
1154	1.0000	0.8484	0.0000	1.0423
1155	1.0000	0.8260	0.0000	1.0437
1156	1.0000	0.8743	0.0000	1.0450
1157	1.0000	0.8431	0.0000	1.0461
1158	1.0000	0.8854	0.0000	1.0473
1159	1.0000	0.9043	0.0000	1.0488
1160	1.0000	0.9102	0.0000	1.0503
1161	1.0000	0.8610	0.0000	1.0516
1162	1.0000	0.8805	0.0000	1.0529
1163	1.0000	0.8678	0.0000	1.0542
1164	1.0000	0.8430	0.0000	1.0554
1165	1.0000	0.8991	0.0000	1.0565
1166	1.0000	0.8953	0.0000	1.0577
1167	1.0000	0.8845	0.0000	1.0590
1168	1.0000	0.8724	0.0000	1.0602
1169	1.0000	0.8768	0.0000	1.0614
1170	1.0000	0.8556	0.0000	1.0627
1171	1.0000	0.8836	0.0000	1.0640
1172	1.0000	0.8429	0.0000	1.0651
1173	1.0000	0.9026	0.0000	1.0660
1174	1.0000	0.8553	0.0000	1.0670
1175	1.0000	0.9180	0.0000	1.0680
1176	1.0000	0.8382	0.0000	1.0693
1177	1.0000	0.8769	0.0000	1.0705
1178	1.0000	0.8506	0.0000	1.0716
1179	1.0000	0.8849	0.0000	1.0726
1180	1.0000	0.8731	0.0000	1.0737
1181	1.0000	0.8851	0.0000	1.0748
1182	1.0000	0.8638	0.0000	1.0759
1183	1.0000	0.8976	0.0000	1.0772
1184	1.0000	0.9186	0.0000	1.0782
1185	1.0000	0.8957	0.0000	1.0791
1186	1.0000	0.8677	0.0000	1.0800
1187	1.0000	0.9156	0.0000	1.0809
1188	1.0000	0.8754	0.0000	1.0818
1189	1.0000	0.8705	0.0000	1.0829
1190	1.0000	0.8783	0.0000	1.0839
1191	1.0000	0.8984	0.0000	1.0849
1192	1.0000	0.8972	0.0000	1.0861
1193	1.0000	0.8672	0.0000	1.0874
1194	1.0000	0.8946	0.0000	1.0885
1195	1.0000	0.8977	0.0000	1.0896
1196	1.0000	0.8701	0.0000	1.0904
1197	1.0000	0.8731	0.0000	1.0912
1198	1.0000	0.8718	0.0000	1.0919
1199	1.0000	0.8815	0.0000	1.0928
1200	1.0000	0.8796	0.0000	1.0937
1201	1.0000	0.8985	0.0000	1.0950
1202	1.0000	0.9072	0.0000	1.0965
1203	1.0000	0.8554	0.0000	1.0975
1204	1.0000	0.8706	0.0000	1.0985
1205	1.0000	0.8715	0.0000	1.0995
1206	1.0000	0.8847	0.0000	1.1002
1207	1.0000	0.8920	0.0000	1.1012
1208	1.0000	0.8827	0.0000	1.1023
1209	1.0000	0.9018	0.0000	1.1032
1210	1.0000	0.8958	0.0000	1.1043
1211	1.0000	0.9204	0.0000	1.1056
1212	1.0000	0.8997	0.0000	1.1067
1213	1.0000	0.9163	0.0000	1.1077
1214	1.0000	0.8935	0.0000	1.1089
1215	1.0000	0.9234	0.0000	1.1103
1216	1.0000	0.9104	0.0000	1.1121
1217	1.0000	0.8852	0.0000	1.1137
1218	1.0000	0.9077	0.0000	1.1153
1219	1.0000	0.9238	0.0000	1.1171
1220	1.0000	0.9212	0.0000	1.1194
1221	1.0000	0.8975	0.0000	1.1209
1222	1.0000	0.8968	0.0000	1.1231
1223	1.0000	0.8789	0.0000	1.1246
1224	1.0000	0.8146	0.0000	1.1261
1225	1.0000	0.8668	0.0000	1.1274
1226	1.0000	0.9174	0.0000	1.1285
1227	1.0000	0.9055	0.0000	1.1297
1228	1.0000	0.8420	0.0000	1.1311
1229	1.0000	0.8601	0.0000	1.1325
1230	1.0000	0.8844	0.0000	1.1337
1231	1.0000	0.9123	0.0000	1.1348
1232	1.0000	0.8644	0.0000	1.1362
1233	1.0000	0.8824	0.0000	1.1376
1234	1.0000	0.8337	0.0000	1.1391
1235	1.0000	0.8225	0.0000	1.1404
1236	1.0000	0.8219	0.0000	1.1414
1237	1.0000	0.8532	0.0000	1.1423
1238	1.0000	0.7993	0.0000	1.1435
1239	1.0000	0.7505	0.0000	1.1447
1240	1.0000	0.8184	0.0000	1.1458
1241	1.0000	0.8122	0.0000	1.1469
1242	1.0000	0.7696	0.0000	1.1480
1243	1.0000	0.8408	0.0000	1.1492
1244	1.0000	0.8179	0.0000	1.1503
1245	1.0000	0.8242	0.0000	1.1513
1246	1.0000	0.8303	0.0000	1.1523
1247	1.0000	0.8597	0.0000	1.1534
1248	1.0000	0.8553	0.0000	1.1545
1249	1.0000	0.8277	0.0000	1.1557
1250	1.0000	0.8562	0.0000	1.1569
1251	1.0000	0.8758	0.0000	1.1581
1252	1.0000	0.8192	0.0000	1.1592
1253	1.0000	0.9014	0.0000	1.1604
1254	1.0000	0.9143	0.0000	1.1615
1255	1.0000	0.8784	0.0000	1.1628
1256	1.0000	0.8842	0.0000	1.1642
1257	1.0000	0.8787	0.0000	1.1651
1258	1.0000	0.8537	0.0000	1.1662
1259	1.0000	0.8694	0.0000	1.1672
1260	1.0000	0.8675	0.0000	1.1683
1261	1.0000	0.9066	0.0000	1.1694
1262	1.0000	0.8718	0.0000	1.1704
1263	1.0000	0.8513	0.0000	1.1715
1264	1.0000	0.8661	0.0000	1.1728
1265	1.0000	0.8336	0.0000	1.1741
1266	1.0000	0.8380	0.0000	1.1751
1267	1.0000	0.8625	0.0000	1.1760
1268	1.0000	0.8661	0.0000	1.1769
1269	1.0000	0.8698	0.0000	1.1779
1270	1.0000	0.8548	0.0000	1.1789
1271	1.0000	0.9045	0.0000	1.1798
1272	1.0000	0.8400	0.0000	1.1808
1273	1.0000	0.8548	0.0000	1.1823
1274	1.0000	0.8689	0.0000	1.1838
1275	1.0000	0.8381	0.0000	1.1850
1276	1.0000	0.9043	0.0000	1.1864
1277	1.0000	0.8679	0.0000	1.1879
1278	1.0000	0.8800	0.0000	1.1892
1279	1.0000	0.8943	0.0000	1.1904
1280	1.0000	0.8996	0.0000	1.1913
1281	1.0000	0.8653	0.0000	1.1925
1282	1.0000	0.8960	0.0000	1.1934
1283	1.0000	0.8847	0.0000	1.1944
1284	1.0000	0.9213	0.0000	1.1953
1285	1.0000	0.9018	0.0000	1.1963
1286	1.0000	0.9298	0.0000	1.1971
1287	1.0000	0.8934	0.0000	1.1979
1288	1.0000	0.9073	0.0000	1.1986
1289	1.0000	0.9154	0.0000	1.1992
1290	1.0000	0.9198	0.0000	1.1999
1291	1.0000	0.9236	0.0000	1.2005
1292	1.0000	0.9293	0.0000	1.2011
1293	1.0000	0.9289	0.0000	1.2018
1294	1.0000	0.9349	0.0000	1.2026
1295	1.0000	0.9244	0.0000	1.2034
1296	1.0000	0.9246	0.0000	1.2042
1297	1.0000	0.8614	0.0000	1.2049
1298	1.0000	0.9009	0.0000	1.2056
1299	1.0000	0.8910	0.0000	1.2063
1300	1.0000	0.9090	0.0000	1.2072
1301	1.0000	0.9165	0.0000	1.2082
1302	1.0000	0.9141	0.0000	1.2093
1303	1.0000	0.9371	0.0000	1.2105
1304	1.0000	0.9075	0.0000	1.2116
1305	1.0000	0.8511	0.0000	1.2127
1306	1.0000	0.8977	0.0000	1.2137
1307	1.0000	0.8833	0.0000	1.2145
1308	1.0000	0.8899	0.0000	1.2154
1309	1.0000	0.8875	0.0000	1.2163
1310	1.0000	0.8899	0.0000	1.2172
1311	1.0000	0.8902	0.0000	1.2182
1312	1.0000	0.8596	0.0000	1.2196
1313	1.0000	0.8710	0.0000	1.2208
1314	1.0000	0.8551	0.0000	1.2221
1315	1.0000	0.8727	0.0000	1.2231
1316	1.0000	0.8735	0.0000	1.2240
1317	1.0000	0.8715	0.0000	1.2251
1318	1.0000	0.9243	0.0000	1.2266
1319	1.0000	0.8737	0.0000	1.2276
1320	1.0000	0.8927	0.0000	1.2285
1321	1.0000	0.8524	0.0000	1.2294
1322	1.0000	0.8690	0.0000	1.2303
1323	1.0000	0.8706	0.0000	1.2312
1324	1.0000	0.8709	0.0000	1.2320
1325	1.0000	0.8557	0.0000	1.2331
1326	1.0000	0.8779	0.0000	1.2340
1327	1.0000	0.9196	0.0000	1.2349
1328	1.0000	0.9020	0.0000	1.2357
1329	1.0000	0.8958	0.0000	1.2366
1330	1.0000	0.9280	0.0000	1.2376
1331	1.0000	0.8829	0.0000	1.2385
1332	1.0000	0.9097	0.0000	1.2395
1333	1.0000	0.8859	0.0000	1.2406
1334	1.0000	0.9226	0.0000	1.2423
1335	1.0000	0.8647	0.0000	1.2436
1336	1.0000	0.8560	0.0000	1.2448
1337	1.0000	0.8743	0.0000	1.2460
1338	1.0000	0.8509	0.0000	1.2471
1339	1.0000	0.8969	0.0000	1.2482
1340	1.0000	0.8303	0.0000	1.2493
1341	1.0000	0.8605	0.0000	1.2506
1342	1.0000	0.8940	0.0000	1.2521
1343	1.0000	0.8576	0.0000	1.2539
1344	1.0000	0.8744	0.0000	1.2551
1345	1.0000	0.7799	0.0000	1.2565
1346	1.0000	0.8386	0.0000	1.2576
1347	1.0000	0.8196	0.0000	1.2587
1348	1.0000	0.8688	0.0000	1.2597
1349	1.0000	0.8429	0.0000	1.2606
1350	1.0000	0.8463	0.0000	1.2619
1351	1.0000	0.8587	0.0000	1.2629
1352	1.0000	0.8819	0.0000	1.2640
1353	1.0000	0.8923	0.0000	1.2652
1354	1.0000	0.8957	0.0000	1.2665
1355	1.0000	0.8628	0.0000	1.2677
1356	1.0000	0.8743	0.0000	1.2687
1357	1.0000	0.8314	0.0000	1.2697
1358	1.0000	0.8534	0.0000	1.2707
1359	1.0000	0.8755	0.0000	1.2720
1360	1.0000	0.9145	0.0000	1.2732
1361	1.0000	0.8905	0.0000	1.2745
1362	1.0000	0.8426	0.0000	1.2759
1363	1.0000	0.8586	0.0000	1.2771
1364	1.0000	0.8437	0.0000	1.2783
1365	1.0000	0.8614	0.0000	1.2795
1366	1.0000	0.9011	0.0000	1.2808
1367	1.0000	0.8717	0.0000	1.2820
1368	1.0000	0.8692	0.0000	1.2829
1369	1.0000	0.8612	0.0000	1.2839
1370	1.0000	0.8483	0.0000	1.2850
1371	1.0000	0.8808	0.0000	1.2863
1372	1.0000	0.7907	0.0000	1.2874
1373	1.0000	0.8708	0.0000	1.2885
1374	1.0000	0.8307	0.0000	1.2893
1375	1.0000	0.8323	0.0000	1.2902
1376	1.0000	0.8581	0.0000	1.2912
1377	1.0000	0.8903	0.0000	1.2924
1378	1.0000	0.8778	0.0000	1.2934
1379	1.0000	0.8857	0.0000	1.2944
1380	1.0000	0.8873	0.0000	1.2955
1381	1.0000	0.8843	0.0000	1.2967
1382	1.0000	0.8867	0.0000	1.2981
1383	1.0000	0.8470	0.0000	1.2994
1384	1.0000	0.8585	0.0000	1.3010
1385	1.0000	0.8630	0.0000	1.3025
1386	1.0000	0.8891	0.0000	1.3039
1387	1.0000	0.8837	0.0000	1.3057
1388	1.0000	0.9067	0.0000	1.3076
1389	1.0000	0.8681	0.0000	1.3092
1390	1.0000	0.8705	0.0000	1.3108
1391	1.0000	0.8872	0.0000	1.3125
1392	1.0000	0.9003	0.0000	1.3143
1393	1.0000	0.8848	0.0000	1.3162
1394	1.0000	0.8247	0.0000	1.3180
1395	1.0000	0.8467	0.0000	1.3201
1396	1.0000	0.8177	0.0000	1.3219
1397	1.0000	0.8395	0.0000	1.3235
1398	1.0000	0.8542	0.0000	1.3252
1399	1.0000	0.8269	0.0000	1.3264
1400	1.0000	0.8339	0.0000	1.3279
1401	1.0000	0.8403	0.0000	1.3290
1402	1.0000	0.8777	0.0000	1.3302
1403	1.0000	0.8877	0.0000	1.3315
1404	1.0000	0.8884	0.0000	1.3326
1405	1.0000	0.8967	0.0000	1.3336
1406	1.0000	0.8902	0.0000	1.3349
1407	1.0000	0.9008	0.0000	1.3363
1408	1.0000	0.8556	0.0000	1.3377
1409	1.0000	0.8407	0.0000	1.3389
1410	1.0000	0.8818	0.0000	1.3405
1411	1.0000	0.8496	0.0000	1.3419
1412	1.0000	0.8899	0.0000	1.3434
1413	1.0000	0.8740	0.0000	1.3451
1414	1.0000	0.8620	0.0000	1.3463
1415	1.0000	0.8305	0.0000	1.3476
1416	1.0000	0.8441	0.0000	1.3485
1417	1.0000	0.8426	0.0000	1.3494
1418	1.0000	0.8813	0.0000	1.3504
1419	1.0000	0.8787	0.0000	1.3514
1420	1.0000	0.8685	0.0000	1.3525
1421	1.0000	0.8817	0.0000	1.3537
1422	1.0000	0.9201	0.0000	1.3548
1423	1.0000	0.9227	0.0000	1.3562
1424	1.0000	0.9146	0.0000	1.3574
1425	1.0000	0.9174	0.0000	1.3586
1426	1.0000	0.9038	0.0000	1.3597
1427	1.0000	0.8996	0.0000	1.3610
1428	1.0000	0.9107	0.0000	1.3623
1429	1.0000	0.9242	0.0000	1.3635
1430	1.0000	0.9112	0.0000	1.3645
1431	1.0000	0.8939	0.0000	1.3658
1432	1.0000	0.8853	0.0000	1.3672
1433	1.0000	0.9017	0.0000	1.3684
1434	1.0000	0.8810	0.0000	1.3697
1435	1.0000	0.8714	0.0000	1.3710
1436	1.0000	0.8968	0.0000	1.3721
1437	1.0000	0.8699	0.0000	1.3733
1438	1.0000	0.7872	0.0000	1.3744
1439	1.0000	0.7660	0.0000	1.3754
1440	1.0000	0.8041	0.0000	1.3767
1441	1.0000	0.8119	0.0000	1.3776
1442	1.0000	0.7806	0.0000	1.3784
1443	1.0000	0.7654	0.0000	1.3793
1444	1.0000	0.8113	0.0000	1.3800
1445	1.0000	0.8311	0.0000	1.3810
1446	1.0000	0.8665	0.0000	1.3818
1447	1.0000	0.8375	0.0000	1.3826
1448	1.0000	0.8468	0.0000	1.3831
1449	1.0000	0.8652	0.0000	1.3838
1450	1.0000	0.8089	0.0000	1.3844
1451	1.0000	0.8500	0.0000	1.3849
1452	1.0000	0.8339	0.0000	1.3854
1453	1.0000	0.8262	0.0000	1.3861
1454	1.0000	0.8575	0.0000	1.3871
1455	1.0000	0.8730	0.0000	1.3879
1456	1.0000	0.8795	0.0000	1.3886
1457	1.0000	0.8952	0.0000	1.3893
1458	1.0000	0.9121	0.0000	1.3901
1459	1.0000	0.8752	0.0000	1.3910
1460	1.0000	0.8741	0.0000	1.3920
1461	1.0000	0.8785	0.0000	1.3928
1462	1.0000	0.9079	0.0000	1.3937
1463	1.0000	0.8574	0.0000	1.3945
1464	1.0000	0.8762	0.0000	1.3952
1465	1.0000	0.8631	0.0000	1.3960
1466	1.0000	0.8679	0.0000	1.3968
1467	1.0000	0.9080	0.0000	1.3976
1468	1.0000	0.8685	0.0000	1.3983
1469	1.0000	0.8583	0.0000	1.3989
1470	1.0000	0.8995	0.0000	1.3998
1471	1.0000	0.8710	0.0000	1.4006
1472	1.0000	0.8813	0.0000	1.4014
1473	1.0000	0.8832	0.0000	1.4025
1474	1.0000	0.8951	0.0000	1.4034
1475	1.0000	0.9013	0.0000	1.4042
1476	1.0000	0.8920	0.0000	1.4052
1477	1.0000	0.9034	0.0000	1.4067
1478	1.0000	0.9127	0.0000	1.4083
1479	1.0000	0.9219	0.0000	1.4095
1480	1.0000	0.8937	0.0000	1.4109
1481	1.0000	0.8650	0.0000	1.4121
1482	1.0000	0.8998	0.0000	1.4135
1483	1.0000	0.8922	0.0000	1.4149
1484	1.0000	0.8592	0.0000	1.4162
1485	1.0000	0.8899	0.0000	1.4175
1486	1.0000	0.8775	0.0000	1.4188
1487	1.0000	0.8305	0.0000	1.4199
1488	1.0000	0.8787	0.0000	1.4208
1489	1.0000	0.8950	0.0000	1.4219
1490	1.0000	0.8744	0.0000	1.4226
1491	1.0000	0.9117	0.0000	1.4234
1492	1.0000	0.8669	0.0000	1.4242
1493	1.0000	0.8974	0.0000	1.4250
1494	1.0000	0.8815	0.0000	1.4261
1495	1.0000	0.8758	0.0000	1.4270
1496	1.0000	0.9135	0.0000	1.4278
1497	1.0000	0.9050	0.0000	1.4287
1498	1.0000	0.8973	0.0000	1.4297
1499	1.0000	0.9274	0.0000	1.4308
1500	1.0000	0.9241	0.0000	1.4320
1501	1.0000	0.8990	0.0000	1.4330
1502	1.0000	0.8815	0.0000	1.4340
1503	1.0000	0.8861	0.0000	1.4350
1504	1.0000	0.8700	0.0000	1.4360
1505	1.0000	0.8792	0.0000	1.4368
1506	1.0000	0.9046	0.0000	1.4376
1507	1.0000	0.9093	0.0000	1.4384
1508	1.0000	0.9010	0.0000	1.4391
1509	1.0000	0.8919	0.0000	1.4399
1510	1.0000	0.9201	0.0000	1.4410
1511	1.0000	0.9351	0.0000	1.4421
1512	1.0000	0.9249	0.0000	1.4434
1513	1.0000	0.8847	0.0000	1.4444
1514	1.0000	0.9426	0.0000	1.4454
1515	1.0000	0.9187	0.0000	1.4464
1516	1.0000	0.9120	0.0000	1.4477
1517	1.0000	0.8829	0.0000	1.4487
1518	1.0000	0.8837	0.0000	1.4498
1519	1.0000	0.8417	0.0000	1.4509
1520	1.0000	0.8139	0.0000	1.4519
1521	1.0000	0.8359	0.0000	1.4527
1522	1.0000	0.8377	0.0000	1.4536
1523	1.0000	0.8455	0.0000	1.4545
1524	1.0000	0.8807	0.0000	1.4552
1525	1.0000	0.8650	0.0000	1.4562
1526	1.0000	0.8644	0.0000	1.4571
1527	1.0000	0.9018	0.0000	1.4581
1528	1.0000	0.8764	0.0000	1.4591
1529	1.0000	0.8912	0.0000	1.4602
1530	1.0000	0.8804	0.0000	1.4612
1531	1.0000	0.8913	0.0000	1.4623
1532	1.0000	0.8560	0.0000	1.4634
1533	1.0000	0.8986	0.0000	1.4645
1534	1.0000	0.8647	0.0000	1.4654
1535	1.0000	0.8713	0.0000	1.4663
1536	1.0000	0.8766	0.0000	1.4671
1537	1.0000	0.8507	0.0000	1.4681
1538	1.0000	0.8858	0.0000	1.4690
1539	1.0000	0.8646	0.0000	1.4697
1540	1.0000	0.8900	0.0000	1.4706
1541	1.0000	0.8799	0.0000	1.4714
1542	1.0000	0.8744	0.0000	1.4726
1543	1.0000	0.8643	0.0000	1.4736
1544	1.0000	0.8768	0.0000	1.4745
1545	1.0000	0.8638	0.0000	1.4755
1546	1.0000	0.8852	0.0000	1.4765
1547	1.0000	0.8995	0.0000	1.4776
1548	1.0000	0.8709	0.0000	1.4786
1549	1.0000	0.8861	0.0000	1.4798
1550	1.0000	0.8733	0.0000	1.4810
1551	1.0000	0.8860	0.0000	1.4821
1552	1.0000	0.8737	0.0000	1.4836
1553	1.0000	0.8649	0.0000	1.4850
1554	1.0000	0.8787	0.0000	1.4865
1555	1.0000	0.8751	0.0000	1.4882
1556	1.0000	0.8904	0.0000	1.4897
1557	1.0000	0.8317	0.0000	1.4912
1558	1.0000	0.8309	0.0000	1.4929
1559	1.0000	0.9074	0.0000	1.4943
1560	1.0000	0.8544	0.0000	1.4957
1561	1.0000	0.8527	0.0000	1.4969
1562	1.0000	0.8407	0.0000	1.4981
1563	1.0000	0.9004	0.0000	1.4994
1564	1.0000	0.8510	0.0000	1.5009
1565	1.0000	0.8735	0.0000	1.5022
1566	1.0000	0.8797	0.0000	1.5035
1567	1.0000	0.8539	0.0000	1.5046
1568	1.0000	0.8057	0.0000	1.5056
1569	1.0000	0.8130	0.0000	1.5064
1570	1.0000	0.8001	0.0000	1.5074
1571	1.0000	0.8504	0.0000	1.5084
1572	1.0000	0.7916	0.0000	1.5093
1573	1.0000	0.8362	0.0000	1.5103
1574	1.0000	0.7937	0.0000	1.5111
1575	1.0000	0.8397	0.0000	1.5119
1576	1.0000	0.8719	0.0000	1.5130
1577	1.0000	0.8837	0.0000	1.5137
1578	1.0000	0.8848	0.0000	1.5145
1579	1.0000	0.8762	0.0000	1.5154
1580	1.0000	0.8806	0.0000	1.5164
1581	1.0000	0.8712	0.0000	1.5174
1582	1.0000	0.8824	0.0000	1.5182
1583	1.0000	0.8702	0.0000	1.5189
1584	1.0000	0.8491	0.0000	1.5196
1585	1.0000	0.8797	0.0000	1.5206
1586	1.0000	0.8797	0.0000	1.5215
1587	1.0000	0.8591	0.0000	1.5223
1588	1.0000	0.8844	0.0000	1.5230
1589	1.0000	0.8613	0.0000	1.5236
1590	1.0000	0.8736	0.0000	1.5241
1591	1.0000	0.9338	0.0000	1.5247
1592	1.0000	0.8638	0.0000	1.5254
1593	1.0000	0.8571	0.0000	1.5259
1594	1.0000	0.8743	0.0000	1.5266
1595	1.0000	0.8692	0.0000	1.5273
1596	1.0000	0.8627	0.0000	1.5280
1597	1.0000	0.8315	0.0000	1.5287
1598	1.0000	0.8228	0.0000	1.5295
1599	1.0000	0.8344	0.0000	1.5303
1600	1.0000	0.8158	0.0000	1.5311
1601	1.0000	0.8523	0.0000	1.5318
1602	1.0000	0.8083	0.0000	1.5324
1603	1.0000	0.8307	0.0000	1.5331
1604	1.0000	0.8446	0.0000	1.5336
1605	1.0000	0.8368	0.0000	1.5344
1606	1.0000	0.8125	0.0000	1.5352
1607	1.0000	0.8644	0.0000	1.5362
1608	1.0000	0.8019	0.0000	1.5369
1609	1.0000	0.8777	0.0000	1.5378
1610	1.0000	0.8870	0.0000	1.5387
1611	1.0000	0.8676	0.0000	1.5395
1612	1.0000	0.8400	0.0000	1.5402
1613	1.0000	0.8901	0.0000	1.5412
1614	1.0000	0.8889	0.0000	1.5421
1615	1.0000	0.8920	0.0000	1.5431
1616	1.0000	0.8915	0.0000	1.5438
1617	1.0000	0.8370	0.0000	1.5446
1618	1.0000	0.8492	0.0000	1.5454
1619	1.0000	0.8732	0.0000	1.5465
1620	1.0000	0.8437	0.0000	1.5475
1621	1.0000	0.8284	0.0000	1.5485
1622	1.0000	0.8427	0.0000	1.5493
1623	1.0000	0.8594	0.0000	1.5501
1624	1.0000	0.8294	0.0000	1.5511
1625	1.0000	0.9014	0.0000	1.5524
1626	1.0000	0.8857	0.0000	1.5533
1627	1.0000	0.8855	0.0000	1.5545
1628	1.0000	0.8816	0.0000	1.5557
1629	1.0000	0.9176	0.0000	1.5570
1630	1.0000	0.8920	0.0000	1.5583
1631	1.0000	0.9019	0.0000	1.5594
1632	1.0000	0.8873	0.0000	1.5603
1633	1.0000	0.9227	0.0000	1.5612
1634	1.0000	0.8825	0.0000	1.5621
1635	1.0000	0.8690	0.0000	1.5631
1636	1.0000	0.8820	0.0000	1.5641
1637	1.0000	0.8989	0.0000	1.5653
1638	1.0000	0.8700	0.0000	1.5664
1639	1.0000	0.8685	0.0000	1.5672
1640	1.0000	0.8834	0.0000	1.5682
1641	1.0000	0.8886	0.0000	1.5691
1642	1.0000	0.8626	0.0000	1.5701
1643	1.0000	0.8795	0.0000	1.5711
1644	1.0000	0.8674	0.0000	1.5723
1645	1.0000	0.8549	0.0000	1.5734
1646	1.0000	0.8758	0.0000	1.5749
1647	1.0000	0.8873	0.0000	1.5763
1648	1.0000	0.9081	0.0000	1.5776
1649	1.0000	0.8940	0.0000	1.5790
1650	1.0000	0.7986	0.0000	1.5803
1651	1.0000	0.8865	0.0000	1.5815
1652	1.0000	0.8630	0.0000	1.5828
1653	1.0000	0.8389	0.0000	1.5840
1654	1.0000	0.8793	0.0000	1.5857
1655	1.0000	0.8624	0.0000	1.5877
1656	1.0000	0.8178	0.0000	1.5891
1657	1.0000	0.8160	0.0000	1.5906
1658	1.0000	0.8385	0.0000	1.5920
1659	1.0000	0.8838	0.0000	1.5934
1660	1.0000	0.8821	0.0000	1.5950
1661	1.0000	0.8782	0.0000	1.5965
1662	1.0000	0.8528	0.0000	1.5978
1663	1.0000	0.8441	0.0000	1.5992
1664	1.0000	0.8301	0.0000	1.6007
1665	1.0000	0.8415	0.0000	1.6021
1666	1.0000	0.8192	0.0000	1.6033
1667	1.0000	0.8349	0.0000	1.6046
1668	1.0000	0.8369	0.0000	1.6060
1669	1.0000	0.8354	0.0000	1.6073
1670	1.0000	0.8307	0.0000	1.6087
1671	1.0000	0.8223	0.0000	1.6099
1672	1.0000	0.8642	0.0000	1.6110
1673	1.0000	0.8678	0.0000	1.6120
1674	1.0000	0.8368	0.0000	1.6131
1675	1.0000	0.8155	0.0000	1.6140
1676	1.0000	0.8496	0.0000	1.6151
1677	1.0000	0.8397	0.0000	1.6163
1678	1.0000	0.8337	0.0000	1.6174
1679	1.0000	0.8821	0.0000	1.6185
1680	1.0000	0.8629	0.0000	1.6196
1681	1.0000	0.8637	0.0000	1.6208
1682	1.0000	0.8774	0.0000	1.6222
1683	1.0000	0.8924	0.0000	1.6234
1684	1.0000	0.8879	0.0000	1.6246
1685	1.0000	0.8931	0.0000	1.6259
1686	1.0000	0.9013	0.0000	1.6276
1687	1.0000	0.8954	0.0000	1.6295
1688	1.0000	0.9360	0.0000	1.6314
1689	1.0000	0.9147	0.0000	1.6335
1690	1.0000	0.8566	0.0000	1.6355
1691	1.0000	0.8638	0.0000	1.6372
1692	1.0000	0.8351	0.0000	1.6389
1693	1.0000	0.8523	0.0000	1.6411
1694	1.0000	0.8308	0.0000	1.6430
1695	1.0000	0.8578	0.0000	1.6444
1696	1.0000	0.8383	0.0000	1.6459
1697	1.0000	0.8485	0.0000	1.6472
1698	1.0000	0.8898	0.0000	1.6485
1699	1.0000	0.8524	0.0000	1.6498
1700	1.0000	0.8516	0.0000	1.6510
1701	1.0000	0.9113	0.0000	1.6522
1702	1.0000	0.8911	0.0000	1.6538
1703	1.0000	0.8678	0.0000	1.6551
1704	1.0000	0.8768	0.0000	1.6567
1705	1.0000	0.9213	0.0000	1.6584
1706	1.0000	0.9180	0.0000	1.6599
1707	1.0000	0.8770	0.0000	1.6612
1708	1.0000	0.9080	0.0000	1.6628
1709	1.0000	0.9152	0.0000	1.6641
1710	1.0000	0.9302	0.0000	1.6656
1711	1.0000	0.8706	0.0000	1.6668
1712	1.0000	0.8996	0.0000	1.6679
1713	1.0000	0.8847	0.0000	1.6692
1714	1.0000	0.8819	0.0000	1.6705
1715	1.0000	0.8959	0.0000	1.6719
1716	1.0000	0.8843	0.0000	1.6736
1717	1.0000	0.8400	0.0000	1.6747
1718	1.0000	0.8578	0.0000	1.6756
1719	1.0000	0.7987	0.0000	1.6762
1720	1.0000	0.8546	0.0000	1.6767
1721	1.0000	0.8482	0.0000	1.6773
1722	1.0000	0.8802	0.0000	1.6779
1723	1.0000	0.8685	0.0000	1.6786
1724	1.0000	0.8698	0.0000	1.6792
1725	1.0000	0.9003	0.0000	1.6799
1726	1.0000	0.9295	0.0000	1.6806
1727	1.0000	0.9055	0.0000	1.6815
1728	1.0000	0.8940	0.0000	1.6822
1729	1.0000	0.9156	0.0000	1.6830
1730	1.0000	0.9076	0.0000	1.6838
1731	1.0000	0.8997	0.0000	1.6846
1732	1.0000	0.8980	0.0000	1.6855
1733	1.0000	0.8796	0.0000	1.6865
1734	1.0000	0.9004	0.0000	1.6874
1735	1.0000	0.9011	0.0000	1.6883
1736	1.0000	0.9055	0.0000	1.6890
1737	1.0000	0.9035	0.0000	1.6900
1738	1.0000	0.8747	0.0000	1.6911
1739	1.0000	0.8208	0.0000	1.6919
1740	1.0000	0.8536	0.0000	1.6925
1741	1.0000	0.8457	0.0000	1.6931
1742	1.0000	0.8716	0.0000	1.6936
1743	1.0000	0.8924	0.0000	1.6942
1744	1.0000	0.8876	0.0000	1.6946
1745	1.0000	0.8768	0.0000	1.6953
1746	1.0000	0.8699	0.0000	1.6958
1747	1.0000	0.8886	0.0000	1.6964
1748	1.0000	0.9141	0.0000	1.6972
1749	1.0000	0.8733	0.0000	1.6980
1750	1.0000	0.9072	0.0000	1.6989
1751	1.0000	0.8880	0.0000	1.6997
1752	1.0000	0.8887	0.0000	1.7008
1753	1.0000	0.8849	0.0000	1.7017
1754	1.0000	0.9284	0.0000	1.7025
1755	1.0000	0.9022	0.0000	1.7037
1756	1.0000	0.9209	0.0000	1.7050
1757	1.0000	0.8984	0.0000	1.7061
1758	1.0000	0.8790	0.0000	1.7072
1759	1.0000	0.8715	0.0000	1.7081
1760	1.0000	0.9106	0.0000	1.7090
1761	1.0000	0.8784	0.0000	1.7100
1762	1.0000	0.9163	0.0000	1.7109
1763	1.0000	0.9075	0.0000	1.7118
1764	1.0000	0.8959	0.0000	1.7126
1765	1.0000	0.9175	0.0000	1.7135
1766	1.0000	0.8998	0.0000	1.7143
1767	1.0000	0.8742	0.0000	1.7151
1768	1.0000	0.8799	0.0000	1.7158
1769	1.0000	0.8690	0.0000	1.7165
1770	1.0000	0.8774	0.0000	1.7173
1771	1.0000	0.8934	0.0000	1.7182
1772	1.0000	0.9031	0.0000	1.7193
1773	1.0000	0.8973	0.0000	1.7200
1774	1.0000	0.8857	0.0000	1.7207
1775	1.0000	0.9022	0.0000	1.7214
1776	1.0000	0.8725	0.0000	1.7222
1777	1.0000	0.9138	0.0000	1.7232
1778	1.0000	0.9266	0.0000	1.7242
1779	1.0000	0.8591	0.0000	1.7251
1780	1.0000	0.8667	0.0000	1.7261
1781	1.0000	0.9255	0.0000	1.7273
1782	1.0000	0.8964	0.0000	1.7285
1783	1.0000	0.8700	0.0000	1.7297
1784	1.0000	0.9440	0.0000	1.7308
1785	1.0000	0.8790	0.0000	1.7320
1786	1.0000	0.8460	0.0000	1.7332
1787	1.0000	0.8671	0.0000	1.7343
1788	1.0000	0.8064	0.0000	1.7352
1789	1.0000	0.8659	0.0000	1.7364
1790	1.0000	0.8778	0.0000	1.7374
1791	1.0000	0.8351	0.0000	1.7383
1792	1.0000	0.8488	0.0000	1.7393
1793	1.0000	0.8665	0.0000	1.7400
1794	1.0000	0.8019	0.0000	1.7408
1795	1.0000	0.7789	0.0000	1.7417
1796	1.0000	0.8255	0.0000	1.7429
1797	1.0000	0.8319	0.0000	1.7440
1798	1.0000	0.8499	0.0000	1.7448
1799	1.0000	0.8381	0.0000	1.7457
1800	1.0000	0.8425	0.0000	1.7467
1801	1.0000	0.8548	0.0000	1.7477
1802	1.0000	0.8788	0.0000	1.7487
1803	1.0000	0.8559	0.0000	1.7495
1804	1.0000	0.8588	0.0000	1.7503
1805	1.0000	0.8645	0.0000	1.7511
1806	1.0000	0.8670	0.0000	1.7521
1807	1.0000	0.8690	0.0000	1.7530
1808	1.0000	0.8697	0.0000	1.7539
1809	1.0000	0.8718	0.0000	1.7548
1810	1.0000	0.8589	0.0000	1.7558
1811	1.0000	0.8702	0.0000	1.7568
1812	1.0000	0.8750	0.0000	1.7578
1813	1.0000	0.8511	0.0000	1.7588
1814	1.0000	0.8462	0.0000	1.7598
1815	1.0000	0.8506	0.0000	1.7606
1816	1.0000	0.8432	0.0000	1.7616
1817	1.0000	0.8604	0.0000	1.7626
1818	1.0000	0.8539	0.0000	1.7634
1819	1.0000	0.8298	0.0000	1.7642
1820	1.0000	0.8794	0.0000	1.7650
1821	1.0000	0.8854	0.0000	1.7659
1822	1.0000	0.8571	0.0000	1.7667
1823	1.0000	0.8952	0.0000	1.7677
1824	1.0000	0.8863	0.0000	1.7687
1825	1.0000	0.8629	0.0000	1.7697
1826	1.0000	0.8698	0.0000	1.7706
1827	1.0000	0.8888	0.0000	1.7716
1828	1.0000	0.8898	0.0000	1.7728
1829	1.0000	0.9211	0.0000	1.7744
1830	1.0000	0.8290	0.0000	1.7756
1831	1.0000	0.8248	0.0000	1.7771
1832	1.0000	0.8153	0.0000	1.7781
1833	1.0000	0.8191	0.0000	1.7795
1834	1.0000	0.8075	0.0000	1.7810
1835	1.0000	0.8165	0.0000	1.7820
1836	1.0000	0.8165	0.0000	1.7829
1837	1.0000	0.7864	0.0000	1.7837
1838	1.0000	0.8207	0.0000	1.7845
1839	1.0000	0.8337	0.0000	1.7854
1840	1.0000	0.8296	0.0000	1.7863
1841	1.0000	0.8351	0.0000	1.7871
1842	1.0000	0.8405	0.0000	1.7880
1843	1.0000	0.8404	0.0000	1.7890
1844	1.0000	0.8782	0.0000	1.7900
1845	1.0000	0.8700	0.0000	1.7909
1846	1.0000	0.8684	0.0000	1.7919
1847	1.0000	0.8744	0.0000	1.7932
1848	1.0000	0.8385	0.0000	1.7942
1849	1.0000	0.8913	0.0000	1.7952
1850	1.0000	0.8982	0.0000	1.7964
1851	1.0000	0.8705	0.0000	1.7975
1852	1.0000	0.8745	0.0000	1.7985
1853	1.0000	0.9012	0.0000	1.7998
1854	1.0000	0.9172	0.0000	1.8012
1855	1.0000	0.9180	0.0000	1.8027
1856	1.0000	0.8842	0.0000	1.8041
1857	1.0000	0.9173	0.0000	1.8057
1858	1.0000	0.9001	0.0000	1.8069
1859	1.0000	0.8960	0.0000	1.8081
1860	1.0000	0.9165	0.0000	1.8093
1861	1.0000	0.8856	0.0000	1.8105
1862	1.0000	0.9475	0.0000	1.8116
1863	1.0000	0.8695	0.0000	1.8126
1864	1.0000	0.9042	0.0000	1.8137
1865	1.0000	0.8584	0.0000	1.8146
1866	1.0000	0.8481	0.0000	1.8156
1867	1.0000	0.8804	0.0000	1.8165
1868	1.0000	0.8750	0.0000	1.8175
1869	1.0000	0.8582	0.0000	1.8185
1870	1.0000	0.8625	0.0000	1.8198
1871	1.0000	0.8669	0.0000	1.8210
1872	1.0000	0.8660	0.0000	1.8220
1873	1.0000	0.8976	0.0000	1.8231
1874	1.0000	0.8469	0.0000	1.8244
1875	1.0000	0.8450	0.0000	1.8258
1876	1.0000	0.8554	0.0000	1.8269
1877	1.0000	0.8227	0.0000	1.8279
1878	1.0000	0.8449	0.0000	1.8291
1879	1.0000	0.8192	0.0000	1.8300
1880	1.0000	0.8851	0.0000	1.8310
1881	1.0000	0.8551	0.0000	1.8318
1882	1.0000	0.8523	0.0000	1.8326
1883	1.0000	0.8017	0.0000	1.8338
1884	1.0000	0.8549	0.0000	1.8348
1885	1.0000	0.8523	0.0000	1.8358
1886	1.0000	0.8338	0.0000	1.8370
1887	1.0000	0.8570	0.0000	1.8385
1888	1.0000	0.8628	0.0000	1.8396
1889	1.0000	0.8539	0.0000	1.8409
1890	1.0000	0.8130	0.0000	1.8418
1891	1.0000	0.7696	0.0000	1.8427
1892	1.0000	0.8509	0.0000	1.8436
1893	1.0000	0.7815	0.0000	1.8446
1894	1.0000	0.8101	0.0000	1.8456
1895	1.0000	0.8063	0.0000	1.8464
1896	1.0000	0.8099	0.0000	1.8473
1897	1.0000	0.8231	0.0000	1.8484
1898	1.0000	0.8489	0.0000	1.8496
1899	1.0000	0.8640	0.0000	1.8506
1900	1.0000	0.8340	0.0000	1.8515
1901	1.0000	0.8498	0.0000	1.8525
1902	1.0000	0.8735	0.0000	1.8534
1903	1.0000	0.8841	0.0000	1.8545
1904	1.0000	0.8683	0.0000	1.8553
1905	1.0000	0.8986	0.0000	1.8560
1906	1.0000	0.9149	0.0000	1.8569
1907	1.0000	0.8842	0.0000	1.8578
1908	1.0000	0.8804	0.0000	1.8586
1909	1.0000	0.8977	0.0000	1.8594
1910	1.0000	0.9101	0.0000	1.8604
1911	1.0000	0.8813	0.0000	1.8614
1912	1.0000	0.9095	0.0000	1.8623
1913	1.0000	0.8905	0.0000	1.8632
1914	1.0000	0.9152	0.0000	1.8640
1915	1.0000	0.8841	0.0000	1.8651
1916	1.0000	0.9011	0.0000	1.8663
1917	1.0000	0.9175	0.0000	1.8674
1918	1.0000	0.8666	0.0000	1.8685
1919	1.0000	0.8604	0.0000	1.8697
1920	1.0000	0.8550	0.0000	1.8706
1921	1.0000	0.8896	0.0000	1.8714
1922	1.0000	0.8780	0.0000	1.8722
1923	1.0000	0.9008	0.0000	1.8731
1924	1.0000	0.8745	0.0000	1.8739
1925	1.0000	0.8959	0.0000	1.8746
1926	1.0000	0.9084	0.0000	1.8756
1927	1.0000	0.8936	0.0000	1.8767
1928	1.0000	0.8729	0.0000	1.8778
1929	1.0000	0.8889	0.0000	1.8788
1930	1.0000	0.8810	0.0000	1.8801
1931	1.0000	0.8622	0.0000	1.8813
1932	1.0000	0.8918	0.0000	1.8828
1933	1.0000	0.8636	0.0000	1.8840
1934	1.0000	0.8843	0.0000	1.8852
1935	1.0000	0.8395	0.0000	1.8863
1936	1.0000	0.8897	0.0000	1.8873
1937	1.0000	0.8929	0.0000	1.8886
1938	1.0000	0.8794	0.0000	1.8898
1939	1.0000	0.8616	0.0000	1.8907
1940	1.0000	0.8510	0.0000	1.8916
1941	1.0000	0.8904	0.0000	1.8924
1942	1.0000	0.8686	0.0000	1.8933
1943	1.0000	0.8806	0.0000	1.8942
1944	1.0000	0.8727	0.0000	1.8950
1945	1.0000	0.8929	0.0000	1.8960
1946	1.0000	0.8870	0.0000	1.8972
1947	1.0000	0.8885	0.0000	1.8983
1948	1.0000	0.9106	0.0000	1.8993
1949	1.0000	0.8618	0.0000	1.9005
1950	1.0000	0.8937	0.0000	1.9015
1951	1.0000	0.8676	0.0000	1.9023
1952	1.0000	0.8774	0.0000	1.9034
1953	1.0000	0.8420	0.0000	1.9045
1954	1.0000	0.8711	0.0000	1.9055
1955	1.0000	0.8717	0.0000	1.9065
1956	1.0000	0.8690	0.0000	1.9077
1957	1.0000	0.8479	0.0000	1.9090
1958	1.0000	0.8529	0.0000	1.9104
1959	1.0000	0.8513	0.0000	1.9119
1960	1.0000	0.8996	0.0000	1.9131
1961	1.0000	0.8340	0.0000	1.9143
1962	1.0000	0.8525	0.0000	1.9156
1963	1.0000	0.8648	0.0000	1.9168
1964	1.0000	0.8827	0.0000	1.9181
1965	1.0000	0.8626	0.0000	1.9197
1966	1.0000	0.8820	0.0000	1.9208
1967	1.0000	0.9004	0.0000	1.9220
1968	1.0000	0.8692	0.0000	1.9232
1969	1.0000	0.9160	0.0000	1.9248
1970	1.0000	0.8933	0.0000	1.9260
1971	1.0000	0.8825	0.0000	1.9273
1972	1.0000	0.8608	0.0000	1.9285
1973	1.0000	0.8830	0.0000	1.9297
1974	1.0000	0.9189	0.0000	1.9308
1975	1.0000	0.9195	0.0000	1.9321
1976	1.0000	0.9014	0.0000	1.9336
1977	1.0000	0.8775	0.0000	1.9351
1978	1.0000	0.8736	0.0000	1.9362
1979	1.0000	0.9153	0.0000	1.9375
1980	1.0000	0.8875	0.0000	1.9387
1981	1.0000	0.9113	0.0000	1.9397
1982	1.0000	0.8992	0.0000	1.9407
1983	1.0000	0.8501	0.0000	1.9418
1984	1.0000	0.8805	0.0000	1.9427
1985	1.0000	0.9056	0.0000	1.9436
1986	1.0000	0.8791	0.0000	1.9448
1987	1.0000	0.9217	0.0000	1.9458
1988	1.0000	0.8916	0.0000	1.9471
1989	1.0000	0.8685	0.0000	1.9481
1990	1.0000	0.8292	0.0000	1.9491
1991	1.0000	0.8596	0.0000	1.9503
1992	1.0000	0.8254	0.0000	1.9514
1993	1.0000	0.8361	0.0000	1.9525
1994	1.0000	0.8041	0.0000	1.9534
1995	1.0000	0.8214	0.0000	1.9543
1996	1.0000	0.8281	0.0000	1.9554
1997	1.0000	0.8144	0.0000	1.9565
1998	1.0000	0.8679	0.0000	1.9578
1999	1.0000	0.8622	0.0000	1.9591
2000	1.0000	0.8574	0.0000	1.9602
2001	1.0000	0.8396	0.0000	1.9611
2002	1.0000	0.8653	0.0000	1.9620
2003	1.0000	0.8467	0.0000	1.9630
2004	1.0000	0.8444	0.0000	1.9638
2005	1.0000	0.8729	0.0000	1.9646
2006	1.0000	0.8694	0.0000	1.9654
2007	1.0000	0.8417	0.0000	1.9663
2008	1.0000	0.8787	0.0000	1.9673
2009	1.0000	0.8745	0.0000	1.9682
2010	1.0000	0.8997	0.0000	1.9691
2011	1.0000	0.9025	0.0000	1.9701
2012	1.0000	0.8877	0.0000	1.9711
2013	1.0000	0.8971	0.0000	1.9718
2014	1.0000	0.9054	0.0000	1.9725
2015	1.0000	0.9272	0.0000	1.9732
2016	1.0000	0.8998	0.0000	1.9741
2017	1.0000	0.9030	0.0000	1.9749
2018	1.0000	0.9229	0.0000	1.9757
2019	1.0000	0.9122	0.0000	1.9766
2020	1.0000	0.9226	0.0000	1.9775
2021	1.0000	0.9038	0.0000	1.9783
2022	1.0000	0.8932	0.0000	1.9790
2023	1.0000	0.9240	0.0000	1.9796
2024	1.0000	0.8962	0.0000	1.9803
2025	1.0000	0.8953	0.0000	1.9810
2026	1.0000	0.9278	0.0000	1.9816
2027	1.0000	0.8749	0.0000	1.9823
2028	1.0000	0.9197	0.0000	1.9831
2029	1.0000	0.9080	0.0000	1.9837
2030	1.0000	0.8853	0.0000	1.9843
2031	1.0000	0.8603	0.0000	1.9849
2032	1.0000	0.8796	0.0000	1.9856
2033	1.0000	0.8540	0.0000	1.9862
2034	1.0000	0.9026	0.0000	1.9868
2035	1.0000	0.8710	0.0000	1.9875
2036	1.0000	0.8768	0.0000	1.9882
2037	1.0000	0.8883	0.0000	1.9889
2038	1.0000	0.9089	0.0000	1.9898
2039	1.0000	0.9220	0.0000	1.9906
2040	1.0000	0.8409	0.0000	1.9915
2041	1.0000	0.8092	0.0000	1.9923
2042	1.0000	0.8275	0.0000	1.9930
2043	1.0000	0.8369	0.0000	1.9940
2044	1.0000	0.8772	0.0000	1.9951
2045	1.0000	0.8629	0.0000	1.9959
2046	1.0000	0.8765	0.0000	1.9968
2047	1.0000	0.8841	0.0000	1.9976
2048	1.0000	0.8816	0.0000	1.9985
2049	1.0000	0.8960	0.0000	1.9994
2050	1.0000	0.8964	0.0000	2.0003
2051	1.0000	0.8776	0.0000	2.0013
2052	1.0000	0.8858	0.0000	2.0022
2053	1.0000	0.8700	0.0000	2.0030
2054	1.0000	0.8430	0.0000	2.0039
2055	1.0000	0.9074	0.0000	2.0049
2056	1.0000	0.8465	0.0000	2.0057
2057	1.0000	0.7913	0.0000	2.0064
2058	1.0000	0.8266	0.0000	2.0070
2059	1.0000	0.8146	0.0000	2.0078
2060	1.0000	0.8319	0.0000	2.0085
2061	1.0000	0.8680	0.0000	2.0093
2062	1.0000	0.8802	0.0000	2.0099
2063	1.0000	0.8782	0.0000	2.0106
2064	1.0000	0.8953	0.0000	2.0116
2065	1.0000	0.8772	0.0000	2.0124
2066	1.0000	0.9244	0.0000	2.0132
2067	1.0000	0.8947	0.0000	2.0144
2068	1.0000	0.8954	0.0000	2.0155
2069	1.0000	0.9111	0.0000	2.0167
2070	1.0000	0.8995	0.0000	2.0180
2071	1.0000	0.8543	0.0000	2.0193
2072	1.0000	0.8740	0.0000	2.0205
2073	1.0000	0.8447	0.0000	2.0218
2074	1.0000	0.8633	0.0000	2.0230
2075	1.0000	0.8288	0.0000	2.0242
2076	1.0000	0.8439	0.0000	2.0255
2077	1.0000	0.8712	0.0000	2.0268
2078	1.0000	0.8781	0.0000	2.0280
2079	1.0000	0.8778	0.0000	2.0292
2080	1.0000	0.8570	0.0000	2.0303
2081	1.0000	0.8968	0.0000	2.0315
2082	1.0000	0.9015	0.0000	2.0327
2083	1.0000	0.9237	0.0000	2.0340
2084	1.0000	0.9081	0.0000	2.0352
2085	1.0000	0.9100	0.0000	2.0365
2086	1.0000	0.8752	0.0000	2.0375
2087	1.0000	0.9003	0.0000	2.0386
2088	1.0000	0.8850	0.0000	2.0394
2089	1.0000	0.8634	0.0000	2.0404
2090	1.0000	0.8452	0.0000	2.0411
2091	1.0000	0.7863	0.0000	2.0422
2092	1.0000	0.8612	0.0000	2.0433
2093	1.0000	0.8152	0.0000	2.0443
2094	1.0000	0.8304	0.0000	2.0454
2095	1.0000	0.8136	0.0000	2.0467
2096	1.0000	0.8513	0.0000	2.0479
2097	1.0000	0.8142	0.0000	2.0496
2098	1.0000	0.8406	0.0000	2.0511
2099	1.0000	0.8302	0.0000	2.0529
2100	1.0000	0.8475	0.0000	2.0543
2101	1.0000	0.8225	0.0000	2.0554
2102	1.0000	0.8094	0.0000	2.0565
2103	1.0000	0.7682	0.0000	2.0577
2104	1.0000	0.7939	0.0000	2.0589
2105	1.0000	0.8297	0.0000	2.0600
2106	1.0000	0.8005	0.0000	2.0611
2107	1.0000	0.8627	0.0000	2.0625
2108	1.0000	0.8493	0.0000	2.0640
2109	1.0000	0.8715	0.0000	2.0655
2110	1.0000	0.8984	0.0000	2.0671
2111	1.0000	0.9043	0.0000	2.0685
2112	1.0000	0.8707	0.0000	2.0697
2113	1.0000	0.8950	0.0000	2.0709
2114	1.0000	0.8701	0.0000	2.0722
2115	1.0000	0.8747	0.0000	2.0735
2116	1.0000	0.8384	0.0000	2.0748
2117	1.0000	0.8573	0.0000	2.0762
2118	1.0000	0.8759	0.0000	2.0778
2119	1.0000	0.8740	0.0000	2.0793
2120	1.0000	0.8696	0.0000	2.0805
2121	1.0000	0.8330	0.0000	2.0816
2122	1.0000	0.8597	0.0000	2.0828
2123	1.0000	0.8950	0.0000	2.0839
2124	1.0000	0.8874	0.0000	2.0853
2125	1.0000	0.8309	0.0000	2.0868
2126	1.0000	0.7918	0.0000	2.0882
2127	1.0000	0.8692	0.0000	2.0895
2128	1.0000	0.8572	0.0000	2.0909
2129	1.0000	0.8282	0.0000	2.0921
2130	1.0000	0.7961	0.0000	2.0933
2131	1.0000	0.8151	0.0000	2.0950
2132	1.0000	0.8199	0.0000	2.0969
2133	1.0000	0.8337	0.0000	2.0983
2134	1.0000	0.8509	0.0000	2.0998
2135	1.0000	0.8814	0.0000	2.1016
2136	1.0000	0.8613	0.0000	2.1033
2137	1.0000	0.8347	0.0000	2.1048
2138	1.0000	0.8419	0.0000	2.1065
2139	1.0000	0.8690	0.0000	2.1083
2140	1.0000	0.7964	0.0000	2.1100
2141	1.0000	0.7260	0.0000	2.1113
2142	1.0000	0.7721	0.0000	2.1127
2143	1.0000	0.7624	0.0000	2.1142
2144	1.0000	0.8283	0.0000	2.1157
2145	1.0000	0.8175	0.0000	2.1169
2146	1.0000	0.8392	0.0000	2.1182
2147	1.0000	0.8113	0.0000	2.1195
2148	1.0000	0.8482	0.0000	2.1209
2149	1.0000	0.8410	0.0000	2.1221
2150	1.0000	0.8095	0.0000	2.1234
2151	1.0000	0.8038	0.0000	2.1245
2152	1.0000	0.8256	0.0000	2.1257
2153	1.0000	0.8617	0.0000	2.1269
2154	1.0000	0.8731	0.0000	2.1281
2155	1.0000	0.8680	0.0000	2.1291
2156	1.0000	0.8338	0.0000	2.1303
2157	1.0000	0.8305	0.0000	2.1315
2158	1.0000	0.8272	0.0000	2.1329
2159	1.0000	0.8577	0.0000	2.1345
2160	1.0000	0.8381	0.0000	2.1359
2161	1.0000	0.8854	0.0000	2.1373
2162	1.0000	0.8596	0.0000	2.1386
2163	1.0000	0.8533	0.0000	2.1397
2164	1.0000	0.8871	0.0000	2.1410
2165	1.0000	0.8802	0.0000	2.1429
2166	1.0000	0.8430	0.0000	2.1442
2167	1.0000	0.9214	0.0000	2.1456
2168	1.0000	0.9089	0.0000	2.1471
2169	1.0000	0.8920	0.0000	2.1486
2170	1.0000	0.9113	0.0000	2.1500
2171	1.0000	0.9006	0.0000	2.1513
2172	1.0000	0.8819	0.0000	2.1526
2173	1.0000	0.8872	0.0000	2.1540
2174	1.0000	0.9056	0.0000	2.1553
2175	1.0000	0.9124	0.0000	2.1568
2176	1.0000	0.8554	0.0000	2.1583
2177	1.0000	0.8539	0.0000	2.1596
2178	1.0000	0.8813	0.0000	2.1608
2179	1.0000	0.8423	0.0000	2.1623
2180	1.0000	0.8622	0.0000	2.1640
2181	1.0000	0.9058	0.0000	2.1655
2182	1.0000	0.8844	0.0000	2.1669
2183	1.0000	0.8713	0.0000	2.1685
2184	1.0000	0.8750	0.0000	2.1699
2185	1.0000	0.8669	0.0000	2.1712
2186	1.0000	0.8899	0.0000	2.1726
2187	1.0000	0.8888	0.0000	2.1741
2188	1.0000	0.9143	0.0000	2.1757
2189	1.0000	0.8923	0.0000	2.1769
2190	1.0000	0.8492	0.0000	2.1782
2191	1.0000	0.8325	0.0000	2.1795
2192	1.0000	0.8435	0.0000	2.1809
2193	1.0000	0.8269	0.0000	2.1822
2194	1.0000	0.8663	0.0000	2.1835
2195	1.0000	0.8703	0.0000	2.1847
2196	1.0000	0.8772	0.0000	2.1861
2197	1.0000	0.8827	0.0000	2.1874
2198	1.0000	0.8853	0.0000	2.1887
2199	1.0000	0.8634	0.0000	2.1901
2200	1.0000	0.8930	0.0000	2.1916
2201	1.0000	0.9165	0.0000	2.1932
2202	1.0000	0.8933	0.0000	2.1947
2203	1.0000	0.8702	0.0000	2.1962
2204	1.0000	0.9022	0.0000	2.1977
2205	1.0000	0.8452	0.0000	2.1989
2206	1.0000	0.8560	0.0000	2.2000
2207	1.0000	0.8098	0.0000	2.2012
2208	1.0000	0.8561	0.0000	2.2024
2209	1.0000	0.8364	0.0000	2.2037
2210	1.0000	0.8017	0.0000	2.2052
2211	1.0000	0.8256	0.0000	2.2063
2212	1.0000	0.8444	0.0000	2.2073
2213	1.0000	0.8569	0.0000	2.2083
2214	1.0000	0.8528	0.0000	2.2093
2215	1.0000	0.8570	0.0000	2.2103
2216	1.0000	0.8877	0.0000	2.2113
2217	1.0000	0.8532	0.0000	2.2122
2218	1.0000	0.8602	0.0000	2.2135
2219	1.0000	0.8408	0.0000	2.2147
2220	1.0000	0.8804	0.0000	2.2156
2221	1.0000	0.8491	0.0000	2.2165
2222	1.0000	0.8731	0.0000	2.2176
2223	1.0000	0.8559	0.0000	2.2186
2224	1.0000	0.8764	0.0000	2.2196
2225	1.0000	0.8708	0.0000	2.2204
2226	1.0000	0.8762	0.0000	2.2213
2227	1.0000	0.9046	0.0000	2.2225
2228	1.0000	0.8880	0.0000	2.2239
2229	1.0000	0.9076	0.0000	2.2252
2230	1.0000	0.8981	0.0000	2.2265
2231	1.0000	0.9014	0.0000	2.2279
2232	1.0000	0.9158	0.0000	2.2291
2233	1.0000	0.8641	0.0000	2.2300
2234	1.0000	0.8562	0.0000	2.2309
2235	1.0000	0.8757	0.0000	2.2318
2236	1.0000	0.8136	0.0000	2.2326
2237	1.0000	0.8896	0.0000	2.2334
2238	1.0000	0.8330	0.0000	2.2341
2239	1.0000	0.8720	0.0000	2.2350
2240	1.0000	0.8832	0.0000	2.2360
2241	1.0000	0.8764	0.0000	2.2368
2242	1.0000	0.9062	0.0000	2.2374
2243	1.0000	0.8988	0.0000	2.2380
2244	1.0000	0.9177	0.0000	2.2388
2245	1.0000	0.9325	0.0000	2.2396
2246	1.0000	0.8784	0.0000	2.2402
2247	1.0000	0.9006	0.0000	2.2408
2248	1.0000	0.8876	0.0000	2.2413
2249	1.0000	0.9006	0.0000	2.2420
2250	1.0000	0.9029	0.0000	2.2427
2251	1.0000	0.8918	0.0000	2.2436
2252	1.0000	0.8158	0.0000	2.2443
2253	1.0000	0.8293	0.0000	2.2450
2254	1.0000	0.8708	0.0000	2.2459
2255	1.0000	0.8876	0.0000	2.2468
2256	1.0000	0.8568	0.0000	2.2476
2257	1.0000	0.8967	0.0000	2.2484
2258	1.0000	0.9040	0.0000	2.2492
2259	1.0000	0.9152	0.0000	2.2501
2260	1.0000	0.9453	0.0000	2.2509
2261	1.0000	0.8670	0.0000	2.2518
2262	1.0000	0.8651	0.0000	2.2526
2263	1.0000	0.9346	0.0000	2.2536
2264	1.0000	0.8969	0.0000	2.2546
2265	1.0000	0.8960	0.0000	2.2555
2266	1.0000	0.8941	0.0000	2.2565
2267	1.0000	0.8976	0.0000	2.2576
2268	1.0000	0.8887	0.0000	2.2586
2269	1.0000	0.9007	0.0000	2.2594
2270	1.0000	0.8999	0.0000	2.2604
2271	1.0000	0.8754	0.0000	2.2616
2272	1.0000	0.8863	0.0000	2.2625
2273	1.0000	0.8588	0.0000	2.2635
2274	1.0000	0.9018	0.0000	2.2644
2275	1.0000	0.8794	0.0000	2.2654
2276	1.0000	0.8786	0.0000	2.2664
2277	1.0000	0.8711	0.0000	2.2674
2278	1.0000	0.8897	0.0000	2.2684
2279	1.0000	0.8913	0.0000	2.2694
2280	1.0000	0.8857	0.0000	2.2702
2281	1.0000	0.8742	0.0000	2.2711
2282	1.0000	0.8678	0.0000	2.2720
2283	1.0000	0.8965	0.0000	2.2731
2284	1.0000	0.8912	0.0000	2.2744
2285	1.0000	0.9038	0.0000	2.2755
2286	1.0000	0.9004	0.0000	2.2767
2287	1.0000	0.8418	0.0000	2.2777
2288	1.0000	0.8141	0.0000	2.2785
2289	1.0000	0.8214	0.0000	2.2794
2290	1.0000	0.8775	0.0000	2.2804
2291	1.0000	0.8672	0.0000	2.2813
2292	1.0000	0.8622	0.0000	2.2820
2293	1.0000	0.8231	0.0000	2.2826
2294	1.0000	0.8577	0.0000	2.2833
2295	1.0000	0.8320	0.0000	2.2840
2296	1.0000	0.8292	0.0000	2.2845
2297	1.0000	0.8539	0.0000	2.2851
2298	1.0000	0.8474	0.0000	2.2858
2299	1.0000	0.8548	0.0000	2.2864
2300	1.0000	0.8816	0.0000	2.2871
2301	1.0000	0.9199	0.0000	2.2877
2302	1.0000	0.8810	0.0000	2.2885
2303	1.0000	0.8867	0.0000	2.2892
2304	1.0000	0.8919	0.0000	2.2900
2305	1.0000	0.8981	0.0000	2.2908
2306	1.0000	0.8717	0.0000	2.2919
2307	1.0000	0.8679	0.0000	2.2930
2308	1.0000	0.8426	0.0000	2.2940
2309	1.0000	0.8073	0.0000	2.2949
2310	1.0000	0.8001	0.0000	2.2960
2311	1.0000	0.8444	0.0000	2.2970
2312	1.0000	0.8824	0.0000	2.2979
2313	1.0000	0.8681	0.0000	2.2990
2314	1.0000	0.8628	0.0000	2.2999
2315	1.0000	0.8839	0.0000	2.3008
2316	1.0000	0.8322	0.0000	2.3018
2317	1.0000	0.8743	0.0000	2.3030
2318	1.0000	0.8961	0.0000	2.3039
2319	1.0000	0.8451	0.0000	2.3049
2320	1.0000	0.8667	0.0000	2.3057
2321	1.0000	0.8522	0.0000	2.3063
2322	1.0000	0.8799	0.0000	2.3071
2323	1.0000	0.8751	0.0000	2.3079
2324	1.0000	0.8461	0.0000	2.3088
2325	1.0000	0.8434	0.0000	2.3096
2326	1.0000	0.8765	0.0000	2.3108
2327	1.0000	0.8778	0.0000	2.3117
2328	1.0000	0.8563	0.0000	2.3126
2329	1.0000	0.8449	0.0000	2.3136
2330	1.0000	0.8495	0.0000	2.3149
2331	1.0000	0.8519	0.0000	2.3160
2332	1.0000	0.8669	0.0000	2.3169
2333	1.0000	0.8474	0.0000	2.3179
2334	1.0000	0.8824	0.0000	2.3188
2335	1.0000	0.8896	0.0000	2.3197
2336	1.0000	0.8708	0.0000	2.3206
2337	1.0000	0.8911	0.0000	2.3217
2338	1.0000	0.8687	0.0000	2.3226
2339	1.0000	0.8692	0.0000	2.3236
2340	1.0000	0.8653	0.0000	2.3246
2341	1.0000	0.8851	0.0000	2.3255
2342	1.0000	0.8569	0.0000	2.3263
2343	1.0000	0.8921	0.0000	2.3272
2344	1.0000	0.8806	0.0000	2.3281
2345	1.0000	0.8709	0.0000	2.3293
2346	1.0000	0.8268	0.0000	2.3301
2347	1.0000	0.8841	0.0000	2.3309
2348	1.0000	0.8530	0.0000	2.3318
2349	1.0000	0.8556	0.0000	2.3332
2350	1.0000	0.8214	0.0000	2.3344
2351	1.0000	0.7849	0.0000	2.3354
2352	1.0000	0.7454	0.0000	2.3362
2353	1.0000	0.7964	0.0000	2.3374
2354	1.0000	0.8036	0.0000	2.3386
2355	1.0000	0.8446	0.0000	2.3397
2356	1.0000	0.8365	0.0000	2.3409
2357	1.0000	0.8531	0.0000	2.3421
2358	1.0000	0.8282	0.0000	2.3435
2359	1.0000	0.8313	0.0000	2.3448
2360	1.0000	0.7868	0.0000	2.3458
2361	1.0000	0.7944	0.0000	2.3469
2362	1.0000	0.8264	0.0000	2.3480
2363	1.0000	0.8678	0.0000	2.3492
2364	1.0000	0.8034	0.0000	2.3502
2365	1.0000	0.7879	0.0000	2.3513
2366	1.0000	0.7834	0.0000	2.3523
2367	1.0000	0.7676	0.0000	2.3535
2368	1.0000	0.8178	0.0000	2.3546
2369	1.0000	0.8346	0.0000	2.3556
2370	1.0000	0.7543	0.0000	2.3571
2371	1.0000	0.7686	0.0000	2.3584
2372	1.0000	0.7935	0.0000	2.3598
2373	1.0000	0.8140	0.0000	2.3612
2374	1.0000	0.7888	0.0000	2.3625
2375	1.0000	0.8620	0.0000	2.3637
2376	1.0000	0.8484	0.0000	2.3649
2377	1.0000	0.8230	0.0000	2.3658
2378	1.0000	0.8298	0.0000	2.3668
2379	1.0000	0.8523	0.0000	2.3680
2380	1.0000	0.8549	0.0000	2.3692
2381	1.0000	0.8693	0.0000	2.3704
2382	1.0000	0.8870	0.0000	2.3717
2383	1.0000	0.8631	0.0000	2.3731
2384	1.0000	0.8353	0.0000	2.3745
2385	1.0000	0.8183	0.0000	2.3759
2386	1.0000	0.8401	0.0000	2.3773
2387	1.0000	0.8384	0.0000	2.3784
2388	1.0000	0.8382	0.0000	2.3798
2389	1.0000	0.8853	0.0000	2.3810
2390	1.0000	0.8804	0.0000	2.3823
2391	1.0000	0.8587	0.0000	2.3836
2392	1.0000	0.8452	0.0000	2.3847
2393	1.0000	0.8284	0.0000	2.3858
2394	1.0000	0.8450	0.0000	2.3867
2395	1.0000	0.8764	0.0000	2.3879
2396	1.0000	0.8289	0.0000	2.3889
2397	1.0000	0.8519	0.0000	2.3901
2398	1.0000	0.8382	0.0000	2.3913
2399	1.0000	0.8970	0.0000	2.3925
2400	1.0000	0.8635	0.0000	2.3937
2401	1.0000	0.8614	0.0000	2.3951
2402	1.0000	0.8788	0.0000	2.3966
2403	1.0000	0.8738	0.0000	2.3982
2404	1.0000	0.8634	0.0000	2.3998
2405	1.0000	0.8600	0.0000	2.4012
2406	1.0000	0.8640	0.0000	2.4027
2407	1.0000	0.8614	0.0000	2.4041
2408	1.0000	0.8612	0.0000	2.4057
2409	1.0000	0.8763	0.0000	2.4076
2410	1.0000	0.8743	0.0000	2.4092
2411	1.0000	0.8633	0.0000	2.4107
2412	1.0000	0.8729	0.0000	2.4124
2413	1.0000	0.8998	0.0000	2.4142
2414	1.0000	0.9301	0.0000	2.4158
2415	1.0000	0.8491	0.0000	2.4173
2416	1.0000	0.8687	0.0000	2.4188
2417	1.0000	0.8372	0.0000	2.4202
2418	1.0000	0.8787	0.0000	2.4217
2419	1.0000	0.9086	0.0000	2.4232
2420	1.0000	0.8727	0.0000	2.4246
2421	1.0000	0.8807	0.0000	2.4260
2422	1.0000	0.8522	0.0000	2.4275
2423	1.0000	0.8492	0.0000	2.4290
2424	1.0000	0.8607	0.0000	2.4308
2425	1.0000	0.8982	0.0000	2.4326
2426	1.0000	0.8391	0.0000	2.4343
2427	1.0000	0.8757	0.0000	2.4362
2428	1.0000	0.8613	0.0000	2.4382
2429	1.0000	0.8513	0.0000	2.4401
2430	1.0000	0.8857	0.0000	2.4421
2431	1.0000	0.8259	0.0000	2.4439
2432	1.0000	0.8642	0.0000	2.4455
2433	1.0000	0.8383	0.0000	2.4475
2434	1.0000	0.8618	0.0000	2.4493
2435	1.0000	0.8589	0.0000	2.4510
2436	1.0000	0.8719	0.0000	2.4528
2437	1.0000	0.8447	0.0000	2.4544
2438	1.0000	0.8188	0.0000	2.4559
2439	1.0000	0.8296	0.0000	2.4575
2440	1.0000	0.8595	0.0000	2.4592
2441	1.0000	0.8208	0.0000	2.4608
2442	1.0000	0.8825	0.0000	2.4625
2443	1.0000	0.8889	0.0000	2.4645
2444	1.0000	0.8878	0.0000	2.4664
2445	1.0000	0.8663	0.0000	2.4683
2446	1.0000	0.8642	0.0000	2.4700
2447	1.0000	0.8607	0.0000	2.4719
2448	1.0000	0.8787	0.0000	2.4738
2449	1.0000	0.8747	0.0000	2.4757
2450	1.0000	0.8869	0.0000	2.4773
2451	1.0000	0.8595	0.0000	2.4787
2452	1.0000	0.8993	0.0000	2.4802
2453	1.0000	0.8938	0.0000	2.4817
2454	1.0000	0.8430	0.0000	2.4833
2455	1.0000	0.8719	0.0000	2.4846
2456	1.0000	0.9153	0.0000	2.4860
2457	1.0000	0.9042	0.0000	2.4874
2458	1.0000	0.8753	0.0000	2.4889
2459	1.0000	0.8168	0.0000	2.4902
2460	1.0000	0.8263	0.0000	2.4914
2461	1.0000	0.8570	0.0000	2.4926
2462	1.0000	0.8867	0.0000	2.4938
2463	1.0000	0.8796	0.0000	2.4952
2464	1.0000	0.8958	0.0000	2.4966
2465	1.0000	0.8644	0.0000	2.4983
2466	1.0000	0.8930	0.0000	2.4996
2467	1.0000	0.8925	0.0000	2.5009
2468	1.0000	0.8958	0.0000	2.5022
2469	1.0000	0.8773	0.0000	2.5038
2470	1.0000	0.9043	0.0000	2.5052
2471	1.0000	0.8812	0.0000	2.5067
2472	1.0000	0.9142	0.0000	2.5082
2473	1.0000	0.9123	0.0000	2.5098
2474	1.0000	0.8723	0.0000	2.5112
2475	1.0000	0.8325	0.0000	2.5127
2476	1.0000	0.8727	0.0000	2.5140
2477	1.0000	0.8704	0.0000	2.5152
2478	1.0000	0.8662	0.0000	2.5164
2479	1.0000	0.8438	0.0000	2.5175
2480	1.0000	0.8660	0.0000	2.5188
2481	1.0000	0.8366	0.0000	2.5199
2482	1.0000	0.8610	0.0000	2.5211
2483	1.0000	0.8453	0.0000	2.5223
2484	1.0000	0.8648	0.0000	2.5236
2485	1.0000	0.8487	0.0000	2.5248
2486	1.0000	0.8551	0.0000	2.5259
2487	1.0000	0.8764	0.0000	2.5270
2488	1.0000	0.8852	0.0000	2.5284
2489	1.0000	0.8787	0.0000	2.5300
2490	1.0000	0.8861	0.0000	2.5313
2491	1.0000	0.8623	0.0000	2.5327
2492	1.0000	0.8811	0.0000	2.5341
2493	1.0000	0.8911	0.0000	2.5356
2494	1.0000	0.8795	0.0000	2.5369
2495	1.0000	0.8421	0.0000	2.5379
2496	1.0000	0.8833	0.0000	2.5389
2497	1.0000	0.8898	0.0000	2.5401
2498	1.0000	0.8851	0.0000	2.5413
2499	1.0000	0.8586	0.0000	2.5424
2500	1.0000	0.8502	0.0000	2.5435
2501	1.0000	0.8325	0.0000	2.5446
2502	1.0000	0.7839	0.0000	2.5458
2503	1.0000	0.8380	0.0000	2.5469
2504	1.0000	0.8263	0.0000	2.5479
2505	1.0000	0.8415	0.0000	2.5489
2506	1.0000	0.8657	0.0000	2.5499
2507	1.0000	0.8994	0.0000	2.5509
2508	1.0000	0.8952	0.0000	2.5523
2509	1.0000	0.8459	0.0000	2.5534
2510	1.0000	0.8667	0.0000	2.5544
2511	1.0000	0.9034	0.0000	2.5554
2512	1.0000	0.8504	0.0000	2.5565
2513	1.0000	0.8588	0.0000	2.5575
2514	1.0000	0.8631	0.0000	2.5586
2515	1.0000	0.8211	0.0000	2.5597
2516	1.0000	0.8216	0.0000	2.5607
2517	1.0000	0.8289	0.0000	2.5618
2518	1.0000	0.8177	0.0000	2.5627
2519	1.0000	0.8810	0.0000	2.5637
2520	1.0000	0.8504	0.0000	2.5647
2521	1.0000	0.8243	0.0000	2.5657
2522	1.0000	0.8065	0.0000	2.5664
2523	1.0000	0.8299	0.0000	2.5673
2524	1.0000	0.8429	0.0000	2.5682
2525	1.0000	0.8187	0.0000	2.5691
2526	1.0000	0.8497	0.0000	2.5698
2527	1.0000	0.8543	0.0000	2.5705
2528	1.0000	0.8555	0.0000	2.5715
2529	1.0000	0.8343	0.0000	2.5727
2530	1.0000	0.8913	0.0000	2.5739
2531	1.0000	0.8460	0.0000	2.5749
2532	1.0000	0.8849	0.0000	2.5765
2533	1.0000	0.8536	0.0000	2.5778
2534	1.0000	0.7704	0.0000	2.5794
2535	1.0000	0.8947	0.0000	2.5811
2536	1.0000	0.7824	0.0000	2.5825
2537	1.0000	0.8669	0.0000	2.5836
2538	1.0000	0.8371	0.0000	2.5850
2539	1.0000	0.8600	0.0000	2.5864
2540	1.0000	0.8729	0.0000	2.5874
2541	1.0000	0.8594	0.0000	2.5887
2542	1.0000	0.8531	0.0000	2.5899
2543	1.0000	0.9087	0.0000	2.5913
2544	1.0000	0.8920	0.0000	2.5926
2545	1.0000	0.8946	0.0000	2.5940
2546	1.0000	0.8917	0.0000	2.5953
2547	1.0000	0.8883	0.0000	2.5966
2548	1.0000	0.8399	0.0000	2.5977
2549	1.0000	0.8572	0.0000	2.5988
2550	1.0000	0.8820	0.0000	2.5998
2551	1.0000	0.7954	0.0000	2.6014
2552	1.0000	0.8191	0.0000	2.6026
2553	1.0000	0.7619	0.0000	2.6035
2554	1.0000	0.8289	0.0000	2.6045
2555	1.0000	0.8036	0.0000	2.6055
2556	1.0000	0.8003	0.0000	2.6068
2557	1.0000	0.8263	0.0000	2.6079
2558	1.0000	0.8110	0.0000	2.6090
2559	1.0000	0.8386	0.0000	2.6100
2560	1.0000	0.8092	0.0000	2.6114
2561	1.0000	0.8704	0.0000	2.6127
2562	1.0000	0.8420	0.0000	2.6136
2563	1.0000	0.8274	0.0000	2.6144
2564	1.0000	0.8284	0.0000	2.6151
2565	1.0000	0.8905	0.0000	2.6156
2566	1.0000	0.8039	0.0000	2.6163
2567	1.0000	0.8566	0.0000	2.6170
2568	1.0000	0.8861	0.0000	2.6175
2569	1.0000	0.8809	0.0000	2.6179
2570	1.0000	0.9003	0.0000	2.6184
2571	1.0000	0.8659	0.0000	2.6189
2572	1.0000	0.8624	0.0000	2.6197
2573	1.0000	0.8847	0.0000	2.6204
2574	1.0000	0.8328	0.0000	2.6212
2575	1.0000	0.8616	0.0000	2.6220
2576	1.0000	0.8629	0.0000	2.6229
2577	1.0000	0.8923	0.0000	2.6239
2578	1.0000	0.8644	0.0000	2.6249
2579	1.0000	0.8561	0.0000	2.6258
2580	1.0000	0.8387	0.0000	2.6267
2581	1.0000	0.8716	0.0000	2.6275
2582	1.0000	0.9116	0.0000	2.6285
2583	1.0000	0.8669	0.0000	2.6292
2584	1.0000	0.8760	0.0000	2.6298
2585	1.0000	0.8742	0.0000	2.6305
2586	1.0000	0.8669	0.0000	2.6313
2587	1.0000	0.8963	0.0000	2.6321
2588	1.0000	0.8834	0.0000	2.6331
2589	1.0000	0.8461	0.0000	2.6342
2590	1.0000	0.8425	0.0000	2.6351
2591	1.0000	0.8538	0.0000	2.6362
2592	1.0000	0.8847	0.0000	2.6372
2593	1.0000	0.8687	0.0000	2.6382
2594	1.0000	0.8901	0.0000	2.6393
2595	1.0000	0.9029	0.0000	2.6405
2596	1.0000	0.9112	0.0000	2.6414
2597	1.0000	0.9102	0.0000	2.6423
2598	1.0000	0.9122	0.0000	2.6433
2599	1.0000	0.8863	0.0000	2.6441
2600	1.0000	0.8809	0.0000	2.6450
2601	1.0000	0.9224	0.0000	2.6463
2602	1.0000	0.8733	0.0000	2.6474
2603	1.0000	0.9356	0.0000	2.6483
2604	1.0000	0.9125	0.0000	2.6493
2605	1.0000	0.9159	0.0000	2.6501
2606	1.0000	0.9262	0.0000	2.6509
2607	1.0000	0.9126	0.0000	2.6517
2608	1.0000	0.8669	0.0000	2.6525
2609	1.0000	0.8945	0.0000	2.6532
2610	1.0000	0.8852	0.0000	2.6537
2611	1.0000	0.9025	0.0000	2.6544
2612	1.0000	0.9242	0.0000	2.6552
2613	1.0000	0.9010	0.0000	2.6559
2614	1.0000	0.9103	0.0000	2.6566
2615	1.0000	0.9092	0.0000	2.6572
2616	1.0000	0.9343	0.0000	2.6579
2617	1.0000	0.9287	0.0000	2.6585
2618	1.0000	0.9342	0.0000	2.6592
2619	1.0000	0.9457	0.0000	2.6598
2620	1.0000	0.9340	0.0000	2.6605
2621	1.0000	0.9418	0.0000	2.6613
2622	1.0000	0.9360	0.0000	2.6623
2623	1.0000	0.9294	0.0000	2.6632
2624	1.0000	0.9055	0.0000	2.6642
2625	1.0000	0.8980	0.0000	2.6652
2626	1.0000	0.9412	0.0000	2.6661
2627	1.0000	0.9203	0.0000	2.6670
2628	1.0000	0.9094	0.0000	2.6680
2629	1.0000	0.8941	0.0000	2.6687
2630	1.0000	0.8381	0.0000	2.6694
2631	1.0000	0.8825	0.0000	2.6703
2632	1.0000	0.8973	0.0000	2.6713
2633	1.0000	0.8898	0.0000	2.6721
2634	1.0000	0.9144	0.0000	2.6728
2635	1.0000	0.9212	0.0000	2.6735
2636	1.0000	0.9261	0.0000	2.6743
2637	1.0000	0.9398	0.0000	2.6756
2638	1.0000	0.9310	0.0000	2.6766
2639	1.0000	0.9459	0.0000	2.6775
2640	1.0000	0.9279	0.0000	2.6785
2641	1.0000	0.9147	0.0000	2.6794
2642	1.0000	0.9193	0.0000	2.6803
2643	1.0000	0.9325	0.0000	2.6812
2644	1.0000	0.9155	0.0000	2.6821
2645	1.0000	0.9336	0.0000	2.6830
2646	1.0000	0.9316	0.0000	2.6839
2647	1.0000	0.9461	0.0000	2.6849
2648	1.0000	0.9334	0.0000	2.6861
2649	1.0000	0.8907	0.0000	2.6870
2650	1.0000	0.9342	0.0000	2.6883
2651	1.0000	0.9308	0.0000	2.6896
2652	1.0000	0.9011	0.0000	2.6907
2653	1.0000	0.9381	0.0000	2.6915
2654	1.0000	0.9168	0.0000	2.6926
2655	1.0000	0.9086	0.0000	2.6940
2656	1.0000	0.9011	0.0000	2.6954
2657	1.0000	0.9082	0.0000	2.6963
2658	1.0000	0.8325	0.0000	2.6971
2659	1.0000	0.8457	0.0000	2.6979
2660	1.0000	0.8637	0.0000	2.6985
2661	1.0000	0.8699	0.0000	2.6997
2662	1.0000	0.9025	0.0000	2.7009
2663	1.0000	0.9059	0.0000	2.7024
2664	1.0000	0.8890	0.0000	2.7038
2665	1.0000	0.8324	0.0000	2.7048
2666	1.0000	0.8076	0.0000	2.7059
2667	1.0000	0.8157	0.0000	2.7072
2668	1.0000	0.7672	0.0000	2.7088
2669	1.0000	0.8187	0.0000	2.7099
2670	1.0000	0.8054	0.0000	2.7111
2671	1.0000	0.8255	0.0000	2.7121
2672	1.0000	0.8010	0.0000	2.7133
2673	1.0000	0.8240	0.0000	2.7142
2674	1.0000	0.8228	0.0000	2.7149
2675	1.0000	0.8129	0.0000	2.7158
2676	1.0000	0.8728	0.0000	2.7167
2677	1.0000	0.8392	0.0000	2.7177
2678	1.0000	0.8488	0.0000	2.7188
2679	1.0000	0.8585	0.0000	2.7196
2680	1.0000	0.8820	0.0000	2.7205
2681	1.0000	0.8848	0.0000	2.7213
2682	1.0000	0.8608	0.0000	2.7220
2683	1.0000	0.8646	0.0000	2.7229
2684	1.0000	0.8872	0.0000	2.7238
2685	1.0000	0.8687	0.0000	2.7247
2686	1.0000	0.8788	0.0000	2.7256
2687	1.0000	0.8768	0.0000	2.7263
2688	1.0000	0.8710	0.0000	2.7271
2689	1.0000	0.8493	0.0000	2.7278
2690	1.0000	0.8791	0.0000	2.7285
2691	1.0000	0.8641	0.0000	2.7293
2692	1.0000	0.8788	0.0000	2.7300
2693	1.0000	0.9019	0.0000	2.7310
2694	1.0000	0.8861	0.0000	2.7320
2695	1.0000	0.8441	0.0000	2.7330
2696	1.0000	0.8548	0.0000	2.7343
2697	1.0000	0.8384	0.0000	2.7354
2698	1.0000	0.8592	0.0000	2.7367
2699	1.0000	0.8420	0.0000	2.7375
2700	1.0000	0.8785	0.0000	2.7383
2701	1.0000	0.8118	0.0000	2.7392
2702	1.0000	0.8568	0.0000	2.7401
2703	1.0000	0.8489	0.0000	2.7411
2704	1.0000	0.8678	0.0000	2.7421
2705	1.0000	0.8466	0.0000	2.7430
2706	1.0000	0.8962	0.0000	2.7441
2707	1.0000	0.8718	0.0000	2.7452
2708	1.0000	0.8391	0.0000	2.7462
2709	1.0000	0.8608	0.0000	2.7472
2710	1.0000	0.8508	0.0000	2.7483
2711	1.0000	0.8875	0.0000	2.7495
2712	1.0000	0.9184	0.0000	2.7506
2713	1.0000	0.8706	0.0000	2.7514
2714	1.0000	0.9077	0.0000	2.7524
2715	1.0000	0.8445	0.0000	2.7533
2716	1.0000	0.8575	0.0000	2.7542
2717	1.0000	0.9118	0.0000	2.7551
2718	1.0000	0.8988	0.0000	2.7559
2719	1.0000	0.9073	0.0000	2.7570
2720	1.0000	0.9325	0.0000	2.7581
2721	1.0000	0.9309	0.0000	2.7591
2722	1.0000	0.8995	0.0000	2.7599
2723	1.0000	0.8955	0.0000	2.7607
2724	1.0000	0.8805	0.0000	2.7613
2725	1.0000	0.8768	0.0000	2.7621
2726	1.0000	0.8460	0.0000	2.7629
2727	1.0000	0.9119	0.0000	2.7636
2728	1.0000	0.9073	0.0000	2.7643
2729	1.0000	0.8979	0.0000	2.7650
2730	1.0000	0.9108	0.0000	2.7657
2731	1.0000	0.8938	0.0000	2.7664
2732	1.0000	0.9186	0.0000	2.7670
2733	1.0000	0.8986	0.0000	2.7676
2734	1.0000	0.9125	0.0000	2.7685
2735	1.0000	0.9012	0.0000	2.7694
2736	1.0000	0.9033	0.0000	2.7702
2737	1.0000	0.9401	0.0000	2.7710
2738	1.0000	0.8932	0.0000	2.7717
2739	1.0000	0.9327	0.0000	2.7724
2740	1.0000	0.9458	0.0000	2.7731
2741	1.0000	0.9531	0.0000	2.7739
2742	1.0000	0.9256	0.0000	2.7746
2743	1.0000	0.9128	0.0000	2.7754
2744	1.0000	0.9319	0.0000	2.7763
2745	1.0000	0.9238	0.0000	2.7772
2746	1.0000	0.9349	0.0000	2.7781
2747	1.0000	0.9011	0.0000	2.7789
2748	1.0000	0.8935	0.0000	2.7797
2749	1.0000	0.9037	0.0000	2.7806
2750	1.0000	0.9263	0.0000	2.7815
2751	1.0000	0.9061	0.0000	2.7824
2752	1.0000	0.9114	0.0000	2.7833
2753	1.0000	0.9056	0.0000	2.7845
2754	1.0000	0.8973	0.0000	2.7857
2755	1.0000	0.9263	0.0000	2.7868
2756	1.0000	0.8890	0.0000	2.7880
2757	1.0000	0.8607	0.0000	2.7891
2758	1.0000	0.8230	0.0000	2.7903
2759	1.0000	0.8821	0.0000	2.7913
2760	1.0000	0.8374	0.0000	2.7925
2761	1.0000	0.8651	0.0000	2.7935
2762	1.0000	0.8848	0.0000	2.7945
2763	1.0000	0.8557	0.0000	2.7954
2764	1.0000	0.8922	0.0000	2.7964
2765	1.0000	0.8659	0.0000	2.7976
2766	1.0000	0.9267	0.0000	2.7986
2767	1.0000	0.8787	0.0000	2.7996
2768	1.0000	0.8499	0.0000	2.8004
2769	1.0000	0.8767	0.0000	2.8013
2770	1.0000	0.8720	0.0000	2.8022
2771	1.0000	0.8976	0.0000	2.8032
2772	1.0000	0.8735	0.0000	2.8041
2773	1.0000	0.8930	0.0000	2.8050
2774	1.0000	0.8545	0.0000	2.8059
2775	1.0000	0.8714	0.0000	2.8067
2776	1.0000	0.8959	0.0000	2.8075
2777	1.0000	0.8895	0.0000	2.8083
2778	1.0000	0.9204	0.0000	2.8091
2779	1.0000	0.8916	0.0000	2.8098
2780	1.0000	0.9420	0.0000	2.8106
2781	1.0000	0.9097	0.0000	2.8114
2782	1.0000	0.9221	0.0000	2.8122
2783	1.0000	0.9511	0.0000	2.8130
2784	1.0000	0.9288	0.0000	2.8138
2785	1.0000	0.9203	0.0000	2.8146
2786	1.0000	0.9121	0.0000	2.8154
2787	1.0000	0.8898	0.0000	2.8162
2788	1.0000	0.9314	0.0000	2.8168
2789	1.0000	0.9143	0.0000	2.8174
2790	1.0000	0.9093	0.0000	2.8180
2791	1.0000	0.8767	0.0000	2.8188
2792	1.0000	0.8916	0.0000	2.8195
2793	1.0000	0.9119	0.0000	2.8205
2794	1.0000	0.9359	0.0000	2.8214
2795	1.0000	0.8883	0.0000	2.8221
2796	1.0000	0.9089	0.0000	2.8229
2797	1.0000	0.9253	0.0000	2.8238
2798	1.0000	0.8749	0.0000	2.8250
2799	1.0000	0.9130	0.0000	2.8260
Pos: [2.193342585027267, 7.706318656475506, 7.7061416065944615]

=================================================================================================================