ID: shubert	Date: 2019-05-03 16:09:51	Runs: 1
=================================================================================================================
Run: 0
Iter	Gbest	AvrFit	Diver	ETime	
0	182.5271	9.6311	0.0000	0.0009
1	182.5271	16.4917	0.0000	0.0017
2	182.5271	17.4704	0.0000	0.0025
3	182.5271	18.4388	0.0000	0.0033
4	182.5271	23.8709	0.0000	0.0039
5	182.5271	23.0119	0.0000	0.0046
6	182.5271	28.1100	0.0000	0.0052
7	182.5271	31.0645	0.0000	0.0060
8	182.5271	30.7607	0.0000	0.0067
9	182.5271	29.9856	0.0000	0.0074
10	182.5271	34.4830	0.0000	0.0081
11	182.5271	31.7251	0.0000	0.0088
12	182.5271	36.2518	0.0000	0.0094
13	182.5271	37.0539	0.0000	0.0101
14	182.5271	42.5543	0.0000	0.0108
15	182.5271	45.6669	0.0000	0.0115
16	182.5271	47.6781	0.0000	0.0123
17	182.5271	42.5237	0.0000	0.0129
18	182.5271	45.2798	0.0000	0.0136
19	182.5271	48.6234	0.0000	0.0142
20	182.5271	43.0588	0.0000	0.0150
21	182.5271	51.5840	0.0000	0.0157
22	182.5271	55.2855	0.0000	0.0165
23	182.5271	50.4646	0.0000	0.0172
24	182.5271	45.4745	0.0000	0.0178
25	182.5271	59.7347	0.0000	0.0184
26	182.5271	61.0400	0.0000	0.0192
27	185.9614	56.5384	0.0000	0.0199
28	185.9614	61.8063	0.0000	0.0206
29	185.9614	54.9725	0.0000	0.0214
30	185.9614	57.9848	0.0000	0.0220
31	185.9614	57.6146	0.0000	0.0226
32	185.9614	60.5683	0.0000	0.0233
33	185.9614	53.8352	0.0000	0.0240
34	185.9614	57.8629	0.0000	0.0247
35	185.9614	63.0231	0.0000	0.0254
36	185.9614	60.9600	0.0000	0.0261
37	185.9614	60.2430	0.0000	0.0267
38	185.9614	59.0780	0.0000	0.0274
39	185.9614	58.2707	0.0000	0.0281
40	185.9614	57.9991	0.0000	0.0288
41	185.9614	56.6997	0.0000	0.0296
42	185.9614	62.2706	0.0000	0.0303
43	185.9614	62.6506	0.0000	0.0311
44	185.9614	70.9161	0.0000	0.0318
45	186.2532	62.6901	0.0000	0.0324
46	186.2532	70.6578	0.0000	0.0331
47	186.2532	60.8356	0.0000	0.0339
48	186.2532	72.3607	0.0000	0.0346
49	186.2532	71.2975	0.0000	0.0354
50	186.2532	68.1476	0.0000	0.0360
51	186.2532	64.0550	0.0000	0.0367
52	186.2532	70.6045	0.0000	0.0374
53	186.2532	67.2380	0.0000	0.0381
54	186.2532	63.4784	0.0000	0.0387
55	186.2532	72.4943	0.0000	0.0395
56	186.6479	69.3036	0.0000	0.0402
57	186.6479	63.0271	0.0000	0.0409
58	186.6479	66.8008	0.0000	0.0417
59	186.6479	66.5695	0.0000	0.0423
60	186.6479	74.2083	0.0000	0.0431
61	186.6479	75.5995	0.0000	0.0439
62	186.6479	68.9866	0.0000	0.0446
63	186.6479	67.5099	0.0000	0.0453
64	186.6479	67.4875	0.0000	0.0460
65	186.6479	73.8902	0.0000	0.0466
66	186.6479	74.3362	0.0000	0.0473
67	186.6479	63.7535	0.0000	0.0480
68	186.6479	67.2781	0.0000	0.0487
69	186.6479	67.9408	0.0000	0.0494
70	186.6479	67.7698	0.0000	0.0503
71	186.6479	74.7288	0.0000	0.0509
72	186.6479	67.8137	0.0000	0.0516
73	186.6479	74.5737	0.0000	0.0522
74	186.6479	74.3106	0.0000	0.0529
75	186.6479	70.8192	0.0000	0.0536
76	186.6479	72.8528	0.0000	0.0544
77	186.6479	73.6537	0.0000	0.0551
78	186.6479	75.3616	0.0000	0.0559
79	186.6479	76.5210	0.0000	0.0565
80	186.6479	74.2987	0.0000	0.0572
81	186.6479	79.1765	0.0000	0.0579
82	186.6479	73.4225	0.0000	0.0587
83	186.6479	66.2908	0.0000	0.0594
84	186.6479	71.0538	0.0000	0.0601
85	186.6479	79.1780	0.0000	0.0607
86	186.6479	73.2359	0.0000	0.0614
87	186.6479	64.9073	0.0000	0.0621
88	186.6479	69.4586	0.0000	0.0628
89	186.6479	76.9156	0.0000	0.0636
90	186.6479	70.7532	0.0000	0.0644
91	186.6479	72.3286	0.0000	0.0651
92	186.6479	77.8160	0.0000	0.0657
93	186.6479	75.4284	0.0000	0.0664
94	186.6479	78.2982	0.0000	0.0671
95	186.6479	78.8232	0.0000	0.0678
96	186.6479	74.8126	0.0000	0.0685
97	186.6479	73.4644	0.0000	0.0693
98	186.6479	85.0321	0.0000	0.0700
99	186.6479	69.9862	0.0000	0.0706
100	186.6479	77.3457	0.0000	0.0713
101	186.6479	80.4851	0.0000	0.0720
102	186.6479	72.2894	0.0000	0.0728
103	186.6479	74.1429	0.0000	0.0736
104	186.6479	76.0992	0.0000	0.0745
105	186.6479	76.7677	0.0000	0.0752
106	186.6479	75.8205	0.0000	0.0759
107	186.6479	76.1086	0.0000	0.0766
108	186.6479	72.5554	0.0000	0.0772
109	186.6479	74.0194	0.0000	0.0778
110	186.6479	71.9344	0.0000	0.0785
111	186.6479	84.1482	0.0000	0.0792
112	186.6479	77.5779	0.0000	0.0799
113	186.6479	78.2917	0.0000	0.0805
114	186.6479	69.2830	0.0000	0.0813
115	186.6479	81.3653	0.0000	0.0821
116	186.6479	74.4660	0.0000	0.0827
117	186.6479	76.1740	0.0000	0.0834
118	186.6479	76.4220	0.0000	0.0841
119	186.6479	74.8999	0.0000	0.0848
120	186.6479	77.7697	0.0000	0.0856
121	186.6479	75.8617	0.0000	0.0864
122	186.6962	81.1804	0.0000	0.0871
123	186.6962	75.5711	0.0000	0.0878
124	186.6962	77.1560	0.0000	0.0884
125	186.6962	66.3686	0.0000	0.0891
126	186.6962	81.1853	0.0000	0.0898
127	186.6962	79.4882	0.0000	0.0906
128	186.6962	70.0448	0.0000	0.0913
129	186.6962	74.2678	0.0000	0.0921
130	186.6962	79.8776	0.0000	0.0928
131	186.6962	80.8982	0.0000	0.0935
132	186.6962	77.7259	0.0000	0.0942
133	186.7213	74.7598	0.0000	0.0949
134	186.7213	84.3129	0.0000	0.0957
135	186.7213	83.4411	0.0000	0.0965
136	186.7213	72.7779	0.0000	0.0972
137	186.7213	76.4123	0.0000	0.0979
138	186.7213	75.3238	0.0000	0.0985
139	186.7213	82.3274	0.0000	0.0992
140	186.7213	76.9053	0.0000	0.0999
141	186.7213	77.7537	0.0000	0.1006
142	186.7213	74.8207	0.0000	0.1014
143	186.7213	77.2061	0.0000	0.1021
144	186.7213	77.2038	0.0000	0.1028
145	186.7213	78.3396	0.0000	0.1034
146	186.7213	73.8309	0.0000	0.1041
147	186.7213	72.4869	0.0000	0.1048
148	186.7213	88.4241	0.0000	0.1055
149	186.7213	77.5434	0.0000	0.1063
150	186.7213	73.9619	0.0000	0.1070
151	186.7213	84.3905	0.0000	0.1076
152	186.7213	74.3543	0.0000	0.1083
153	186.7232	72.9383	0.0000	0.1089
154	186.7232	79.6988	0.0000	0.1096
155	186.7232	78.8917	0.0000	0.1102
156	186.7232	74.5674	0.0000	0.1109
157	186.7232	74.4728	0.0000	0.1115
158	186.7232	86.8608	0.0000	0.1122
159	186.7232	76.2384	0.0000	0.1129
160	186.7232	78.2318	0.0000	0.1136
161	186.7232	73.1299	0.0000	0.1142
162	186.7232	82.9212	0.0000	0.1148
163	186.7232	77.0888	0.0000	0.1155
164	186.7232	73.5803	0.0000	0.1162
165	186.7232	78.5003	0.0000	0.1169
166	186.7213	75.5800	0.0000	0.1187
167	186.7213	27.7766	0.0000	0.1195
168	186.7213	28.1765	0.0000	0.1202
169	186.7213	31.6105	0.0000	0.1209
170	186.7213	30.4575	0.0000	0.1217
171	186.7213	34.8362	0.0000	0.1224
172	186.7213	38.2287	0.0000	0.1232
173	186.7213	37.3942	0.0000	0.1239
174	186.7213	34.4506	0.0000	0.1247
175	186.7213	43.6070	0.0000	0.1255
176	186.7213	46.5927	0.0000	0.1263
177	186.7213	39.9417	0.0000	0.1271
178	186.7213	43.3195	0.0000	0.1277
179	186.7213	46.7751	0.0000	0.1284
180	186.7213	45.6592	0.0000	0.1291
181	186.7213	41.2236	0.0000	0.1298
182	186.7213	46.6001	0.0000	0.1306
183	186.7213	45.2867	0.0000	0.1313
184	186.7213	51.0654	0.0000	0.1321
185	186.7213	45.8701	0.0000	0.1327
186	186.7213	51.7384	0.0000	0.1334
187	186.7213	52.2228	0.0000	0.1341
188	186.7213	45.2900	0.0000	0.1348
189	186.7213	55.3581	0.0000	0.1355
190	186.7213	46.1876	0.0000	0.1363
191	186.7213	53.0171	0.0000	0.1369
192	186.7213	53.2971	0.0000	0.1377
193	186.7213	49.7887	0.0000	0.1385
194	186.7213	49.2608	0.0000	0.1392
195	186.7213	57.1337	0.0000	0.1400
196	186.7213	53.0629	0.0000	0.1407
197	186.7213	55.8466	0.0000	0.1414
198	186.7213	54.1109	0.0000	0.1420
199	186.7213	55.4240	0.0000	0.1427
200	186.7213	56.4784	0.0000	0.1434
201	186.7213	58.5095	0.0000	0.1441
202	186.7213	55.2862	0.0000	0.1449
203	186.7213	61.5458	0.0000	0.1456
204	186.7213	58.5888	0.0000	0.1463
205	186.7213	65.3084	0.0000	0.1469
206	186.7213	64.3843	0.0000	0.1476
207	186.7213	62.2640	0.0000	0.1483
208	186.7213	57.9456	0.0000	0.1490
209	186.7213	59.0243	0.0000	0.1497
210	186.7213	62.4011	0.0000	0.1505
211	186.7213	65.8651	0.0000	0.1512
212	186.7213	56.0367	0.0000	0.1518
213	186.7213	60.3980	0.0000	0.1525
214	186.7213	62.0946	0.0000	0.1532
215	186.7213	67.5756	0.0000	0.1539
216	186.7213	69.3710	0.0000	0.1547
217	186.7213	63.3470	0.0000	0.1554
218	186.7213	65.3729	0.0000	0.1562
219	186.7213	66.5764	0.0000	0.1568
220	186.7213	62.7920	0.0000	0.1575
221	186.7213	62.7961	0.0000	0.1583
222	186.7213	76.8356	0.0000	0.1590
223	186.7213	75.8454	0.0000	0.1597
224	186.7213	68.2342	0.0000	0.1604
225	186.7213	70.3263	0.0000	0.1611
226	186.7213	67.3137	0.0000	0.1617
227	186.7213	61.6516	0.0000	0.1625
228	186.7213	71.6914	0.0000	0.1632
229	186.7213	70.1193	0.0000	0.1638
230	186.7213	66.1542	0.0000	0.1645
231	186.7213	73.7565	0.0000	0.1652
232	186.7213	71.7291	0.0000	0.1659
233	186.7213	68.3326	0.0000	0.1666
234	186.7213	68.2784	0.0000	0.1673
235	186.7213	71.5606	0.0000	0.1680
236	186.7213	72.8371	0.0000	0.1688
237	186.7213	82.3278	0.0000	0.1695
238	186.7213	71.9798	0.0000	0.1701
239	186.7213	74.7662	0.0000	0.1708
240	186.7213	67.2676	0.0000	0.1715
241	186.7213	69.5884	0.0000	0.1722
242	186.7213	73.3550	0.0000	0.1730
243	186.7213	80.4815	0.0000	0.1737
244	186.7213	72.7034	0.0000	0.1743
245	186.7213	72.4119	0.0000	0.1750
246	186.7213	67.4409	0.0000	0.1756
247	186.7213	69.5926	0.0000	0.1763
248	186.7213	80.0460	0.0000	0.1771
249	186.7213	72.4226	0.0000	0.1778
250	186.7213	72.0908	0.0000	0.1785
251	186.7213	70.2853	0.0000	0.1791
252	186.7213	77.8592	0.0000	0.1798
253	186.7213	79.1295	0.0000	0.1805
254	186.7213	72.9314	0.0000	0.1812
255	186.7213	74.3577	0.0000	0.1818
256	186.7213	73.4122	0.0000	0.1825
257	186.7213	68.1804	0.0000	0.1832
258	186.7213	75.9595	0.0000	0.1839
259	186.7213	84.1373	0.0000	0.1846
260	186.7213	76.0842	0.0000	0.1854
261	186.7256	78.6450	0.0000	0.1861
262	186.7256	78.2523	0.0000	0.1867
263	186.7256	77.7195	0.0000	0.1874
264	186.7256	78.8095	0.0000	0.1881
265	186.7256	77.3729	0.0000	0.1888
266	186.7256	74.9084	0.0000	0.1894
267	186.7256	78.5609	0.0000	0.1901
268	186.7256	83.8832	0.0000	0.1908
269	186.7256	73.6380	0.0000	0.1915
270	186.7256	77.0325	0.0000	0.1922
271	186.7256	78.9439	0.0000	0.1931
272	186.7256	84.2615	0.0000	0.1939
273	186.7256	74.2346	0.0000	0.1945
274	186.7256	76.7112	0.0000	0.1952
275	186.7256	84.1638	0.0000	0.1959
276	186.7256	79.8766	0.0000	0.1966
277	186.7256	74.2817	0.0000	0.1974
278	186.7256	77.9262	0.0000	0.1981
279	186.7256	78.5614	0.0000	0.1988
280	186.7256	73.5965	0.0000	0.1994
281	186.7256	74.3437	0.0000	0.2001
282	186.7256	71.8515	0.0000	0.2007
283	186.7256	77.0808	0.0000	0.2014
284	186.7256	72.8818	0.0000	0.2022
285	186.7256	69.7232	0.0000	0.2028
286	186.7256	78.7471	0.0000	0.2035
287	186.7256	77.2266	0.0000	0.2042
288	186.7256	75.9086	0.0000	0.2049
289	186.7256	71.8741	0.0000	0.2056
290	186.7256	69.3186	0.0000	0.2062
291	186.7256	72.4801	0.0000	0.2069
292	186.7256	80.1587	0.0000	0.2075
293	186.7256	74.3288	0.0000	0.2083
294	186.7256	76.1352	0.0000	0.2090
295	186.7256	66.6811	0.0000	0.2097
296	186.7256	70.3042	0.0000	0.2105
297	186.7256	78.2705	0.0000	0.2111
298	186.7256	69.0858	0.0000	0.2118
299	186.7256	78.6784	0.0000	0.2126
300	186.7256	76.1767	0.0000	0.2133
301	186.7256	69.6016	0.0000	0.2140
302	186.7256	72.0223	0.0000	0.2146
303	186.7256	72.2734	0.0000	0.2153
304	186.7256	78.8737	0.0000	0.2161
305	186.7256	70.7165	0.0000	0.2168
306	186.7256	78.6313	0.0000	0.2176
307	186.7256	74.5000	0.0000	0.2184
308	186.7256	77.0655	0.0000	0.2190
309	186.7256	73.9871	0.0000	0.2197
310	186.7256	74.8978	0.0000	0.2204
311	186.7256	72.9572	0.0000	0.2211
312	186.7256	72.9615	0.0000	0.2219
313	186.7256	72.9087	0.0000	0.2226
314	186.7256	79.3643	0.0000	0.2233
315	186.7256	66.0023	0.0000	0.2239
316	186.7256	72.8995	0.0000	0.2246
317	186.7256	77.5473	0.0000	0.2253
318	186.7256	66.6159	0.0000	0.2260
319	186.7256	69.2422	0.0000	0.2267
320	186.7256	73.9941	0.0000	0.2275
321	186.7256	76.2923	0.0000	0.2282
322	186.7256	75.4239	0.0000	0.2288
323	186.7256	76.8190	0.0000	0.2295
324	186.7256	72.3623	0.0000	0.2303
325	186.7256	75.9339	0.0000	0.2310
326	186.7256	73.2944	0.0000	0.2318
327	186.7256	72.7228	0.0000	0.2324
328	186.7256	79.7778	0.0000	0.2331
329	186.7256	79.2567	0.0000	0.2338
330	186.7256	68.4134	0.0000	0.2345
331	186.7256	71.9038	0.0000	0.2352
332	186.7256	73.5956	0.0000	0.2359
333	186.7256	74.8378	0.0000	0.2366
334	186.7213	75.3709	0.0000	0.2387
335	186.7207	43.7200	0.0000	0.2397
336	186.7207	42.0076	0.0000	0.2405
337	186.7207	42.0536	0.0000	0.2412
338	186.7207	37.9170	0.0000	0.2419
339	186.7207	48.7315	0.0000	0.2428
340	186.7207	38.7918	0.0000	0.2437
341	186.7207	40.9497	0.0000	0.2444
342	186.7192	46.3230	0.0000	0.2452
343	186.7192	46.0020	0.0000	0.2459
344	186.7192	42.6706	0.0000	0.2466
345	186.7192	44.2739	0.0000	0.2473
346	186.7192	44.4812	0.0000	0.2481
347	186.7192	44.4085	0.0000	0.2488
348	186.7192	55.9529	0.0000	0.2495
349	186.7192	51.0868	0.0000	0.2502
350	186.7192	51.3919	0.0000	0.2509
351	186.7192	48.5962	0.0000	0.2516
352	186.7192	49.2005	0.0000	0.2524
353	186.7192	52.0315	0.0000	0.2531
354	186.7192	51.4061	0.0000	0.2537
355	186.7192	55.8907	0.0000	0.2544
356	186.7192	58.6608	0.0000	0.2552
357	186.7192	61.9731	0.0000	0.2559
358	186.7192	56.8315	0.0000	0.2567
359	186.7192	58.0313	0.0000	0.2574
360	186.7192	57.2746	0.0000	0.2580
361	186.7192	52.0940	0.0000	0.2588
362	186.7192	56.6868	0.0000	0.2595
363	186.7192	56.3130	0.0000	0.2602
364	186.7192	55.8407	0.0000	0.2610
365	186.7192	66.3009	0.0000	0.2617
366	186.7192	67.1071	0.0000	0.2623
367	186.7192	60.5306	0.0000	0.2631
368	186.7192	53.9777	0.0000	0.2638
369	186.7192	58.7899	0.0000	0.2645
370	186.7192	59.4530	0.0000	0.2652
371	186.7192	64.9197	0.0000	0.2660
372	186.7192	64.0144	0.0000	0.2666
373	186.7192	59.4581	0.0000	0.2672
374	186.7192	70.5525	0.0000	0.2679
375	186.7192	71.2424	0.0000	0.2686
376	186.7201	64.8653	0.0000	0.2693
377	186.7201	67.9794	0.0000	0.2700
378	186.7201	70.1059	0.0000	0.2707
379	186.7201	69.1902	0.0000	0.2715
380	186.7201	70.2376	0.0000	0.2721
381	186.7201	64.5421	0.0000	0.2728
382	186.7201	71.1280	0.0000	0.2735
383	186.7201	71.1444	0.0000	0.2742
384	186.7201	67.6963	0.0000	0.2749
385	186.7201	65.4657	0.0000	0.2757
386	186.7201	60.1027	0.0000	0.2764
387	186.7201	69.4193	0.0000	0.2770
388	186.7201	70.0737	0.0000	0.2777
389	186.7201	78.3967	0.0000	0.2784
390	186.7201	70.0413	0.0000	0.2791
391	186.7201	72.7546	0.0000	0.2799
392	186.7201	73.1630	0.0000	0.2806
393	186.7201	71.7913	0.0000	0.2814
394	186.7201	74.4425	0.0000	0.2820
395	186.7201	75.6333	0.0000	0.2827
396	186.7201	67.1544	0.0000	0.2833
397	186.7201	80.4279	0.0000	0.2841
398	186.7224	67.6456	0.0000	0.2848
399	186.7224	71.4713	0.0000	0.2856
400	186.7224	68.6516	0.0000	0.2863
401	186.7224	72.3969	0.0000	0.2869
402	186.7224	73.7021	0.0000	0.2876
403	186.7224	72.7377	0.0000	0.2883
404	186.7224	77.2785	0.0000	0.2890
405	186.7224	79.0958	0.0000	0.2897
406	186.7224	75.0608	0.0000	0.2905
407	186.7224	79.2142	0.0000	0.2912
408	186.7224	77.8026	0.0000	0.2918
409	186.7224	72.0210	0.0000	0.2925
410	186.7224	80.2124	0.0000	0.2932
411	186.7224	74.9100	0.0000	0.2939
412	186.7264	78.8832	0.0000	0.2946
413	186.7264	77.3387	0.0000	0.2954
414	186.7264	74.4838	0.0000	0.2960
415	186.7264	76.0413	0.0000	0.2967
416	186.7264	71.7457	0.0000	0.2973
417	186.7264	74.8605	0.0000	0.2980
418	186.7264	77.2383	0.0000	0.2987
419	186.7264	80.2587	0.0000	0.2995
420	186.7264	71.3134	0.0000	0.3002
421	186.7264	77.7954	0.0000	0.3009
422	186.7264	79.6839	0.0000	0.3015
423	186.7264	78.1047	0.0000	0.3022
424	186.7264	70.5250	0.0000	0.3030
425	186.7264	78.2540	0.0000	0.3037
426	186.7264	78.0211	0.0000	0.3043
427	186.7264	76.7173	0.0000	0.3050
428	186.7264	73.3212	0.0000	0.3057
429	186.7264	76.6897	0.0000	0.3064
430	186.7264	82.0161	0.0000	0.3070
431	186.7264	84.1704	0.0000	0.3078
432	186.7264	77.7741	0.0000	0.3084
433	186.7264	74.1627	0.0000	0.3090
434	186.7264	74.5329	0.0000	0.3097
435	186.7264	73.2452	0.0000	0.3104
436	186.7264	77.1722	0.0000	0.3111
437	186.7264	79.1677	0.0000	0.3118
438	186.7264	76.8256	0.0000	0.3125
439	186.7264	76.4744	0.0000	0.3131
440	186.7264	81.4524	0.0000	0.3138
441	186.7264	76.0471	0.0000	0.3145
442	186.7264	79.9119	0.0000	0.3151
443	186.7264	76.1393	0.0000	0.3158
444	186.7264	71.8059	0.0000	0.3166
445	186.7264	81.3458	0.0000	0.3174
446	186.7264	76.5352	0.0000	0.3180
447	186.7264	74.3269	0.0000	0.3187
448	186.7264	82.6974	0.0000	0.3194
449	186.7264	79.5218	0.0000	0.3202
450	186.7264	75.8792	0.0000	0.3209
451	186.7264	82.8056	0.0000	0.3216
452	186.7264	83.4128	0.0000	0.3223
453	186.7264	81.9160	0.0000	0.3229
454	186.7264	76.8019	0.0000	0.3236
455	186.7264	76.8102	0.0000	0.3244
456	186.7264	74.5557	0.0000	0.3250
457	186.7264	74.3499	0.0000	0.3257
458	186.7264	79.3086	0.0000	0.3264
459	186.7264	78.1188	0.0000	0.3271
460	186.7264	74.8112	0.0000	0.3278
461	186.7264	78.4345	0.0000	0.3286
462	186.7264	79.6445	0.0000	0.3293
463	186.7264	86.8679	0.0000	0.3300
464	186.7264	83.3270	0.0000	0.3307
465	186.7264	80.1983	0.0000	0.3314
466	186.7264	89.0395	0.0000	0.3322
467	186.7264	72.4280	0.0000	0.3328
468	186.7264	75.9539	0.0000	0.3336
469	186.7264	78.3904	0.0000	0.3343
470	186.7264	85.0265	0.0000	0.3350
471	186.7264	77.3637	0.0000	0.3356
472	186.7264	77.9891	0.0000	0.3364
473	186.7264	84.8754	0.0000	0.3371
474	186.7264	74.6556	0.0000	0.3378
475	186.7264	74.6816	0.0000	0.3385
476	186.7264	77.3880	0.0000	0.3392
477	186.7264	75.0810	0.0000	0.3398
478	186.7264	82.4110	0.0000	0.3405
479	186.7264	79.5173	0.0000	0.3413
480	186.7264	79.3110	0.0000	0.3420
481	186.7264	82.0316	0.0000	0.3428
482	186.7264	78.7724	0.0000	0.3434
483	186.7264	72.3723	0.0000	0.3441
484	186.7264	85.8038	0.0000	0.3448
485	186.7264	87.0096	0.0000	0.3454
486	186.7264	81.6154	0.0000	0.3461
487	186.7264	82.7078	0.0000	0.3469
488	186.7264	79.4822	0.0000	0.3476
489	186.7264	86.8348	0.0000	0.3483
490	186.7296	81.9461	0.0000	0.3490
491	186.7296	82.4199	0.0000	0.3496
492	186.7296	79.4085	0.0000	0.3503
493	186.7296	70.3319	0.0000	0.3511
494	186.7296	80.0841	0.0000	0.3518
495	186.7296	80.3691	0.0000	0.3525
496	186.7296	77.0512	0.0000	0.3532
497	186.7296	80.3816	0.0000	0.3538
498	186.7296	79.3179	0.0000	0.3545
499	186.7296	75.3278	0.0000	0.3553
500	186.7296	78.6585	0.0000	0.3559
501	186.7296	78.8578	0.0000	0.3566
502	186.7296	81.6637	0.0000	0.3588
503	186.7296	52.9038	0.0000	0.3596
504	186.7296	51.6469	0.0000	0.3605
505	186.7296	51.3926	0.0000	0.3612
506	186.7296	57.8846	0.0000	0.3620
507	186.7296	60.0776	0.0000	0.3627
508	186.7296	60.6721	0.0000	0.3637
509	186.7296	53.5858	0.0000	0.3646
510	186.7296	46.8562	0.0000	0.3654
511	186.7296	58.5434	0.0000	0.3661
512	186.7296	50.8519	0.0000	0.3668
513	186.7296	48.7848	0.0000	0.3675
514	186.7296	59.3812	0.0000	0.3683
515	186.7296	62.0846	0.0000	0.3691
516	186.7296	54.9139	0.0000	0.3698
517	186.7296	56.4827	0.0000	0.3705
518	186.7296	53.8068	0.0000	0.3711
519	186.7296	58.3447	0.0000	0.3718
520	186.7296	53.3991	0.0000	0.3726
521	186.7296	56.8211	0.0000	0.3733
522	186.7296	61.3768	0.0000	0.3740
523	186.7296	58.9317	0.0000	0.3747
524	186.7296	61.6812	0.0000	0.3754
525	186.7296	56.3713	0.0000	0.3762
526	186.7296	64.2857	0.0000	0.3769
527	186.7296	63.5607	0.0000	0.3776
528	186.7296	61.8886	0.0000	0.3783
529	186.7296	61.6387	0.0000	0.3790
530	186.7296	65.5810	0.0000	0.3797
531	186.7296	62.1141	0.0000	0.3804
532	186.7296	63.6343	0.0000	0.3812
533	186.7296	67.2957	0.0000	0.3819
534	186.7296	63.3575	0.0000	0.3826
535	186.7296	74.6784	0.0000	0.3833
536	186.7296	65.4261	0.0000	0.3839
537	186.7296	60.9831	0.0000	0.3846
538	186.7296	62.7207	0.0000	0.3854
539	186.7296	63.7874	0.0000	0.3861
540	186.7296	62.4025	0.0000	0.3868
541	186.7296	67.7184	0.0000	0.3875
542	186.7296	70.7737	0.0000	0.3881
543	186.7296	70.0267	0.0000	0.3888
544	186.7296	68.9979	0.0000	0.3895
545	186.7296	74.1005	0.0000	0.3902
546	186.7296	70.7321	0.0000	0.3910
547	186.7296	66.0904	0.0000	0.3917
548	186.7296	71.5904	0.0000	0.3924
549	186.7296	66.9874	0.0000	0.3931
550	186.7296	75.3606	0.0000	0.3938
551	186.7296	72.2877	0.0000	0.3945
552	186.7296	70.1079	0.0000	0.3952
553	186.7296	59.8918	0.0000	0.3959
554	186.7296	76.3927	0.0000	0.3966
555	186.7296	76.1212	0.0000	0.3972
556	186.7296	77.3449	0.0000	0.3980
557	186.7296	66.1539	0.0000	0.3987
558	186.7296	75.3152	0.0000	0.3994
559	186.7296	76.5539	0.0000	0.4001
560	186.7296	68.5146	0.0000	0.4007
561	186.7296	84.6292	0.0000	0.4014
562	186.7296	70.5407	0.0000	0.4021
563	186.7296	73.7142	0.0000	0.4028
564	186.7296	70.7402	0.0000	0.4035
565	186.7296	72.0953	0.0000	0.4042
566	186.7296	68.5245	0.0000	0.4050
567	186.7296	73.7064	0.0000	0.4057
568	186.7296	79.6881	0.0000	0.4063
569	186.7296	85.4399	0.0000	0.4070
570	186.7296	73.3382	0.0000	0.4077
571	186.7296	70.5409	0.0000	0.4084
572	186.7296	73.3747	0.0000	0.4092
573	186.7296	79.6332	0.0000	0.4098
574	186.7296	73.9464	0.0000	0.4105
575	186.7296	75.6934	0.0000	0.4112
576	186.7296	82.3677	0.0000	0.4118
577	186.7296	71.5770	0.0000	0.4125
578	186.7296	77.8403	0.0000	0.4132
579	186.7296	86.6434	0.0000	0.4140
580	186.7296	72.6746	0.0000	0.4147
581	186.7296	69.1222	0.0000	0.4154
582	186.7296	80.4238	0.0000	0.4160
583	186.7296	79.4893	0.0000	0.4167
584	186.7296	80.3035	0.0000	0.4174
585	186.7296	73.9117	0.0000	0.4181
586	186.7296	79.7915	0.0000	0.4189
587	186.7296	75.9617	0.0000	0.4195
588	186.7296	76.9918	0.0000	0.4202
589	186.7296	77.2156	0.0000	0.4209
590	186.7296	80.8252	0.0000	0.4215
591	186.7296	78.2300	0.0000	0.4221
592	186.7296	75.1014	0.0000	0.4228
593	186.7296	76.5465	0.0000	0.4235
594	186.7296	73.9006	0.0000	0.4241
595	186.7296	76.1244	0.0000	0.4248
596	186.7296	79.6598	0.0000	0.4255
597	186.7296	79.7592	0.0000	0.4262
598	186.7296	80.6245	0.0000	0.4269
599	186.7296	78.6934	0.0000	0.4275
600	186.7296	72.1100	0.0000	0.4282
601	186.7296	83.6586	0.0000	0.4289
602	186.7296	81.6765	0.0000	0.4296
603	186.7296	75.4108	0.0000	0.4304
604	186.7296	75.5381	0.0000	0.4310
605	186.7307	75.5294	0.0000	0.4317
606	186.7307	76.3972	0.0000	0.4324
607	186.7307	75.1418	0.0000	0.4330
608	186.7307	79.5584	0.0000	0.4337
609	186.7307	80.3127	0.0000	0.4344
610	186.7307	74.6217	0.0000	0.4352
611	186.7307	78.7129	0.0000	0.4359
612	186.7307	75.7176	0.0000	0.4365
613	186.7307	81.3269	0.0000	0.4372
614	186.7307	79.9244	0.0000	0.4379
615	186.7307	75.2112	0.0000	0.4386
616	186.7307	69.7012	0.0000	0.4394
617	186.7307	76.6672	0.0000	0.4401
618	186.7307	76.0452	0.0000	0.4407
619	186.7307	87.5476	0.0000	0.4414
620	186.7307	82.2529	0.0000	0.4421
621	186.7307	76.1628	0.0000	0.4428
622	186.7307	76.8803	0.0000	0.4435
623	186.7307	72.7287	0.0000	0.4441
624	186.7307	77.2892	0.0000	0.4448
625	186.7307	85.3857	0.0000	0.4454
626	186.7307	81.8699	0.0000	0.4461
627	186.7307	82.8856	0.0000	0.4468
628	186.7307	74.8395	0.0000	0.4476
629	186.7307	86.0908	0.0000	0.4484
630	186.7307	76.3559	0.0000	0.4490
631	186.7307	84.3990	0.0000	0.4496
632	186.7307	81.7482	0.0000	0.4503
633	186.7307	77.8100	0.0000	0.4510
634	186.7307	77.4295	0.0000	0.4518
635	186.7307	77.8343	0.0000	0.4524
636	186.7307	79.2869	0.0000	0.4530
637	186.7307	79.3166	0.0000	0.4537
638	186.7307	78.0509	0.0000	0.4545
639	186.7307	80.8984	0.0000	0.4553
640	186.7307	75.3984	0.0000	0.4560
641	186.7307	78.9236	0.0000	0.4567
642	186.7307	78.5508	0.0000	0.4573
643	186.7307	82.2715	0.0000	0.4580
644	186.7307	80.3805	0.0000	0.4587
645	186.7307	78.9670	0.0000	0.4593
646	186.7307	81.1567	0.0000	0.4601
647	186.7307	80.0846	0.0000	0.4607
648	186.7307	85.3187	0.0000	0.4614
649	186.7307	75.6641	0.0000	0.4621
650	186.7307	78.4744	0.0000	0.4628
651	186.7307	78.4161	0.0000	0.4635
652	186.7307	82.9702	0.0000	0.4642
653	186.7307	77.5241	0.0000	0.4649
654	186.7307	80.1629	0.0000	0.4655
655	186.7307	81.3504	0.0000	0.4662
656	186.7307	80.7913	0.0000	0.4670
657	186.7307	82.4883	0.0000	0.4677
658	186.7307	83.5902	0.0000	0.4685
659	186.7307	77.1189	0.0000	0.4692
660	186.7307	82.7324	0.0000	0.4698
661	186.7307	83.0811	0.0000	0.4705
662	186.7307	82.8613	0.0000	0.4712
663	186.7307	78.8906	0.0000	0.4719
664	186.7307	77.5754	0.0000	0.4727
665	186.7307	79.5156	0.0000	0.4735
666	186.7307	87.0856	0.0000	0.4741
667	186.7307	84.2882	0.0000	0.4748
668	186.7307	74.1779	0.0000	0.4755
669	186.7307	86.0636	0.0000	0.4762
670	186.7307	87.9595	0.0000	0.4783
671	186.7307	59.0346	0.0000	0.4790
672	186.7307	58.0422	0.0000	0.4798
673	186.7307	65.3742	0.0000	0.4806
674	186.7307	56.5523	0.0000	0.4813
675	186.7307	58.9167	0.0000	0.4821
676	186.7307	55.1639	0.0000	0.4830
677	186.7307	64.8194	0.0000	0.4837
678	186.7307	56.3559	0.0000	0.4845
679	186.7307	60.4172	0.0000	0.4852
680	186.7307	62.8497	0.0000	0.4861
681	186.7307	52.2869	0.0000	0.4870
682	186.7307	49.2551	0.0000	0.4878
683	186.7307	54.4414	0.0000	0.4884
684	186.7307	60.7846	0.0000	0.4891
685	186.7307	57.1392	0.0000	0.4898
686	186.7307	63.1618	0.0000	0.4906
687	186.7307	63.7272	0.0000	0.4913
688	186.7307	60.6985	0.0000	0.4919
689	186.7307	65.8517	0.0000	0.4926
690	186.7307	65.2643	0.0000	0.4933
691	186.7307	69.9311	0.0000	0.4940
692	186.7307	68.5753	0.0000	0.4948
693	186.7307	64.3033	0.0000	0.4956
694	186.7307	69.3439	0.0000	0.4962
695	186.7307	66.4063	0.0000	0.4969
696	186.7307	59.6963	0.0000	0.4975
697	186.7307	61.3614	0.0000	0.4983
698	186.7307	68.7775	0.0000	0.4990
699	186.7307	66.6888	0.0000	0.4997
700	186.7307	65.5469	0.0000	0.5006
701	186.7307	67.4004	0.0000	0.5012
702	186.7307	72.2483	0.0000	0.5020
703	186.7307	71.3187	0.0000	0.5027
704	186.7307	58.7874	0.0000	0.5034
705	186.7307	63.6773	0.0000	0.5041
706	186.7307	70.7114	0.0000	0.5049
707	186.7307	74.5121	0.0000	0.5056
708	186.7307	71.0121	0.0000	0.5062
709	186.7307	73.2926	0.0000	0.5069
710	186.7307	71.0426	0.0000	0.5076
711	186.7307	73.2942	0.0000	0.5083
712	186.7307	74.0771	0.0000	0.5090
713	186.7307	77.5052	0.0000	0.5097
714	186.7307	75.8318	0.0000	0.5104
715	186.7307	75.5208	0.0000	0.5111
716	186.7307	78.5121	0.0000	0.5119
717	186.7307	75.1178	0.0000	0.5126
718	186.7307	70.9428	0.0000	0.5133
719	186.7307	79.7025	0.0000	0.5141
720	186.7307	68.9970	0.0000	0.5149
721	186.7307	69.9055	0.0000	0.5156
722	186.7307	75.3645	0.0000	0.5162
723	186.7307	72.1025	0.0000	0.5169
724	186.7307	65.5453	0.0000	0.5176
725	186.7307	76.1856	0.0000	0.5184
726	186.7307	72.6765	0.0000	0.5191
727	186.7307	81.7765	0.0000	0.5198
728	186.7307	79.9434	0.0000	0.5204
729	186.7307	79.7889	0.0000	0.5211
730	186.7307	81.1532	0.0000	0.5219
731	186.7307	73.2720	0.0000	0.5226
732	186.7307	79.0660	0.0000	0.5234
733	186.7307	78.4705	0.0000	0.5241
734	186.7307	80.6991	0.0000	0.5247
735	186.7307	74.3676	0.0000	0.5254
736	186.7307	84.6019	0.0000	0.5260
737	186.7307	77.0647	0.0000	0.5267
738	186.7307	70.6134	0.0000	0.5274
739	186.7307	81.4224	0.0000	0.5282
740	186.7307	76.1467	0.0000	0.5288
741	186.7307	78.2489	0.0000	0.5295
742	186.7307	77.1066	0.0000	0.5301
743	186.7307	84.8616	0.0000	0.5309
744	186.7307	76.0709	0.0000	0.5315
745	186.7307	79.8580	0.0000	0.5323
746	186.7307	74.3576	0.0000	0.5330
747	186.7307	84.7306	0.0000	0.5336
748	186.7307	80.8122	0.0000	0.5342
749	186.7307	84.5329	0.0000	0.5348
750	186.7307	80.7059	0.0000	0.5356
751	186.7307	89.3508	0.0000	0.5363
752	186.7307	81.8850	0.0000	0.5372
753	186.7307	78.5648	0.0000	0.5380
754	186.7307	71.8452	0.0000	0.5387
755	186.7307	83.3996	0.0000	0.5394
756	186.7307	79.9401	0.0000	0.5401
757	186.7307	86.0669	0.0000	0.5408
758	186.7307	85.6011	0.0000	0.5415
759	186.7307	72.1609	0.0000	0.5423
760	186.7307	79.4171	0.0000	0.5430
761	186.7307	74.9058	0.0000	0.5436
762	186.7307	84.0780	0.0000	0.5443
763	186.7307	77.9645	0.0000	0.5450
764	186.7307	79.8260	0.0000	0.5456
765	186.7307	80.7065	0.0000	0.5464
766	186.7307	78.0533	0.0000	0.5471
767	186.7307	76.4197	0.0000	0.5478
768	186.7307	79.6561	0.0000	0.5484
769	186.7307	78.5629	0.0000	0.5491
770	186.7307	75.8953	0.0000	0.5498
771	186.7307	78.8115	0.0000	0.5505
772	186.7307	76.7975	0.0000	0.5513
773	186.7307	86.7805	0.0000	0.5520
774	186.7307	75.1566	0.0000	0.5527
775	186.7307	78.6494	0.0000	0.5534
776	186.7307	78.9252	0.0000	0.5540
777	186.7307	80.1969	0.0000	0.5547
778	186.7307	83.0969	0.0000	0.5555
779	186.7307	76.4379	0.0000	0.5562
780	186.7307	82.3800	0.0000	0.5570
781	186.7307	74.9322	0.0000	0.5577
782	186.7307	77.6078	0.0000	0.5583
783	186.7307	86.6419	0.0000	0.5590
784	186.7307	79.7500	0.0000	0.5597
785	186.7307	80.4848	0.0000	0.5604
786	186.7307	76.0050	0.0000	0.5611
787	186.7307	77.8101	0.0000	0.5617
788	186.7307	73.4316	0.0000	0.5624
789	186.7307	73.2218	0.0000	0.5630
790	186.7307	78.0088	0.0000	0.5638
791	186.7307	88.7753	0.0000	0.5645
792	186.7307	77.1312	0.0000	0.5652
793	186.7307	80.7760	0.0000	0.5659
794	186.7307	76.8562	0.0000	0.5666
795	186.7307	84.3572	0.0000	0.5672
796	186.7307	79.9289	0.0000	0.5679
797	186.7307	80.2944	0.0000	0.5687
798	186.7307	81.7024	0.0000	0.5694
799	186.7307	83.0109	0.0000	0.5703
800	186.7307	74.9349	0.0000	0.5709
801	186.7307	78.6621	0.0000	0.5716
802	186.7307	81.1828	0.0000	0.5723
803	186.7307	71.2841	0.0000	0.5730
804	186.7307	81.9942	0.0000	0.5737
805	186.7307	75.7113	0.0000	0.5745
806	186.7307	80.3610	0.0000	0.5752
807	186.7307	74.6376	0.0000	0.5758
808	186.7307	69.8615	0.0000	0.5765
809	186.7307	77.2011	0.0000	0.5772
810	186.7307	79.7760	0.0000	0.5778
811	186.7307	69.6614	0.0000	0.5786
812	186.7307	80.4783	0.0000	0.5793
813	186.7307	86.8100	0.0000	0.5799
814	186.7307	78.0741	0.0000	0.5806
815	186.7307	73.8337	0.0000	0.5812
816	186.7307	79.7446	0.0000	0.5819
817	186.7307	84.4549	0.0000	0.5825
818	186.7307	85.9877	0.0000	0.5832
819	186.7307	86.2205	0.0000	0.5838
820	186.7307	75.0249	0.0000	0.5845
821	186.7307	75.8706	0.0000	0.5853
822	186.7307	77.7019	0.0000	0.5860
823	186.7307	84.6997	0.0000	0.5867
824	186.7307	82.7360	0.0000	0.5874
825	186.7307	86.4755	0.0000	0.5880
826	186.7307	79.4937	0.0000	0.5887
827	186.7307	81.9432	0.0000	0.5895
828	186.7307	73.6467	0.0000	0.5902
829	186.7307	80.4663	0.0000	0.5909
830	186.7307	81.4670	0.0000	0.5915
831	186.7307	80.2926	0.0000	0.5922
832	186.7307	82.3886	0.0000	0.5929
833	186.7307	73.9053	0.0000	0.5937
834	186.7307	77.4221	0.0000	0.5944
835	186.7307	78.5288	0.0000	0.5951
836	186.7307	81.8337	0.0000	0.5957
837	186.7307	74.1595	0.0000	0.5964
838	186.7307	79.0637	0.0000	0.5984
839	186.7307	65.6299	0.0000	0.5993
840	186.7307	66.9583	0.0000	0.6001
841	186.7307	72.9035	0.0000	0.6009
842	186.7307	67.4481	0.0000	0.6018
843	186.7307	64.7512	0.0000	0.6027
844	186.7307	64.3820	0.0000	0.6037
845	186.7307	52.3585	0.0000	0.6045
846	186.7307	60.8893	0.0000	0.6053
847	186.7307	61.7084	0.0000	0.6061
848	186.7307	64.5979	0.0000	0.6068
849	186.7307	61.7502	0.0000	0.6076
850	186.7307	65.1876	0.0000	0.6083
851	186.7307	59.4684	0.0000	0.6090
852	186.7307	57.9940	0.0000	0.6097
853	186.7307	61.3408	0.0000	0.6105
854	186.7307	57.2132	0.0000	0.6111
855	186.7307	65.6886	0.0000	0.6118
856	186.7307	65.6104	0.0000	0.6124
857	186.7307	68.9340	0.0000	0.6131
858	186.7307	67.1486	0.0000	0.6139
859	186.7307	65.3759	0.0000	0.6146
860	186.7307	67.2956	0.0000	0.6152
861	186.7307	67.7996	0.0000	0.6159
862	186.7307	66.1259	0.0000	0.6166
863	186.7307	66.4436	0.0000	0.6175
864	186.7307	65.0420	0.0000	0.6182
865	186.7307	68.6342	0.0000	0.6188
866	186.7307	66.1337	0.0000	0.6195
867	186.7307	64.6270	0.0000	0.6202
868	186.7307	64.5591	0.0000	0.6210
869	186.7307	66.7180	0.0000	0.6218
870	186.7307	74.9662	0.0000	0.6227
871	186.7307	68.0366	0.0000	0.6234
872	186.7307	66.5132	0.0000	0.6241
873	186.7307	69.1803	0.0000	0.6248
874	186.7307	72.7716	0.0000	0.6255
875	186.7307	71.0080	0.0000	0.6261
876	186.7307	69.4770	0.0000	0.6268
877	186.7307	64.5852	0.0000	0.6275
878	186.7307	66.9658	0.0000	0.6281
879	186.7307	71.9809	0.0000	0.6289
880	186.7307	61.6296	0.0000	0.6296
881	186.7307	69.1862	0.0000	0.6303
882	186.7307	68.7707	0.0000	0.6310
883	186.7307	69.2427	0.0000	0.6317
884	186.7307	70.5444	0.0000	0.6323
885	186.7307	77.3542	0.0000	0.6330
886	186.7307	72.2674	0.0000	0.6336
887	186.7307	62.5068	0.0000	0.6343
888	186.7307	64.6746	0.0000	0.6351
889	186.7307	67.4981	0.0000	0.6358
890	186.7307	73.8236	0.0000	0.6364
891	186.7307	70.9001	0.0000	0.6371
892	186.7307	68.3697	0.0000	0.6378
893	186.7307	71.9696	0.0000	0.6386
894	186.7307	76.0688	0.0000	0.6393
895	186.7307	74.8482	0.0000	0.6400
896	186.7307	72.6311	0.0000	0.6408
897	186.7307	75.2651	0.0000	0.6415
898	186.7307	71.2827	0.0000	0.6421
899	186.7307	71.4813	0.0000	0.6429
900	186.7307	67.8741	0.0000	0.6436
901	186.7307	72.4268	0.0000	0.6444
902	186.7307	75.9931	0.0000	0.6452
903	186.7307	78.2907	0.0000	0.6459
904	186.7307	71.8607	0.0000	0.6466
905	186.7307	72.5026	0.0000	0.6473
906	186.7307	75.1390	0.0000	0.6480
907	186.7307	69.5222	0.0000	0.6487
908	186.7307	67.9821	0.0000	0.6494
909	186.7307	78.0151	0.0000	0.6501
910	186.7307	77.4477	0.0000	0.6509
911	186.7307	75.1510	0.0000	0.6515
912	186.7307	75.9423	0.0000	0.6521
913	186.7307	73.4804	0.0000	0.6528
914	186.7307	76.4186	0.0000	0.6535
915	186.7307	72.5941	0.0000	0.6542
916	186.7307	75.4005	0.0000	0.6549
917	186.7307	70.8753	0.0000	0.6557
918	186.7307	75.3936	0.0000	0.6565
919	186.7307	71.9501	0.0000	0.6572
920	186.7307	74.5386	0.0000	0.6579
921	186.7307	78.4451	0.0000	0.6586
922	186.7307	72.3573	0.0000	0.6593
923	186.7307	74.8328	0.0000	0.6600
924	186.7307	69.3462	0.0000	0.6608
925	186.7307	76.4280	0.0000	0.6614
926	186.7307	79.8746	0.0000	0.6621
927	186.7307	77.4505	0.0000	0.6628
928	186.7307	78.3004	0.0000	0.6636
929	186.7307	82.2941	0.0000	0.6643
930	186.7307	77.4756	0.0000	0.6650
931	186.7307	73.4302	0.0000	0.6656
932	186.7307	76.2084	0.0000	0.6663
Pos: [5.482965281863718, -1.4248839553440251]

=================================================================================================================