ID: five_uneven_peak_trap	Date: 2019-08-19 15:27:16	Runs: 1
=================================================================================================================
Run: 0
Iter	Gbest	AvrFit	Diver	ETime	
0	162.5000	68.0020	1.0000	0.0002
1	181.6482	91.0990	0.9861	0.0003
2	200.0000	94.4897	1.0000	0.0005
3	200.0000	104.4759	0.9583	0.0007
4	200.0000	90.4809	0.9658	0.0009
5	200.0000	108.3496	0.9844	0.0010
6	200.0000	120.3302	0.9714	0.0012
7	200.0000	120.5305	0.9989	0.0013
8	200.0000	113.2594	0.9678	0.0014
9	200.0000	118.7988	1.0000	0.0016
10	200.0000	124.3149	0.9588	0.0018
11	200.0000	110.7208	1.0000	0.0020
12	200.0000	105.6917	1.0000	0.0022
13	200.0000	122.4212	0.9909	0.0023
14	200.0000	118.6493	1.0000	0.0025
15	200.0000	121.2944	1.0000	0.0026
16	200.0000	118.9555	0.9748	0.0028
17	200.0000	118.2981	0.9844	0.0029
18	200.0000	118.5107	0.9967	0.0030
19	200.0000	113.7925	1.0000	0.0032
20	200.0000	124.2091	0.9634	0.0033
21	200.0000	127.6190	0.9262	0.0035
22	200.0000	108.1693	0.9421	0.0036
23	200.0000	119.7585	0.9026	0.0038
24	200.0000	133.0848	0.8878	0.0039
25	200.0000	120.6408	0.9026	0.0040
26	200.0000	113.7749	0.9015	0.0042
27	200.0000	115.3561	0.9808	0.0044
28	200.0000	115.6073	0.9580	0.0045
29	200.0000	116.2084	0.9486	0.0047
30	200.0000	132.7334	0.9670	0.0048
31	200.0000	123.5091	0.9681	0.0050
32	200.0000	126.5658	0.9086	0.0051
33	200.0000	127.5648	0.9555	0.0053
34	200.0000	123.7038	0.9865	0.0054
35	200.0000	126.4319	0.9566	0.0056
36	200.0000	115.0799	0.9496	0.0057
37	200.0000	109.6672	0.9490	0.0059
38	200.0000	117.3527	0.9493	0.0060
39	200.0000	111.4861	0.9533	0.0062
40	200.0000	110.7435	0.9358	0.0063
41	200.0000	127.1235	0.8847	0.0065
42	200.0000	133.5384	0.9646	0.0066
43	200.0000	118.5792	0.9588	0.0068
44	200.0000	124.7084	0.9695	0.0069
45	200.0000	133.5825	0.9971	0.0071
46	200.0000	129.0803	0.9486	0.0072
47	200.0000	123.8267	0.9650	0.0074
48	200.0000	120.8213	0.9816	0.0076
49	200.0000	125.6399	0.9582	0.0077
50	200.0000	128.6915	0.9696	0.0079
51	200.0000	114.7433	0.9528	0.0080
52	200.0000	128.2308	0.9809	0.0082
53	200.0000	134.4796	0.9288	0.0084
54	200.0000	128.6078	0.9019	0.0085
55	200.0000	124.4794	0.9212	0.0087
56	200.0000	130.1266	0.9453	0.0088
57	200.0000	122.8544	0.9919	0.0089
58	200.0000	124.5629	0.9919	0.0091
59	200.0000	106.0990	0.9836	0.0092
60	200.0000	97.1447	0.9477	0.0094
61	200.0000	118.6413	0.9433	0.0095
62	200.0000	123.1330	1.0000	0.0097
63	200.0000	137.4584	0.9822	0.0098
64	200.0000	111.5273	0.9612	0.0100
65	200.0000	112.7918	0.9463	0.0101
66	200.0000	121.8874	0.9683	0.0102
67	200.0000	106.9497	0.8940	0.0104
68	200.0000	123.5090	0.9167	0.0105
69	200.0000	123.9781	0.9448	0.0107
70	200.0000	127.4148	0.9439	0.0108
71	200.0000	109.6638	0.9609	0.0110
72	200.0000	124.3195	0.9557	0.0111
73	200.0000	114.9875	0.9520	0.0113
74	200.0000	112.1846	0.9304	0.0114
75	200.0000	127.3739	0.8979	0.0116
76	200.0000	128.5697	0.9653	0.0117
77	200.0000	124.8186	0.9711	0.0118
78	200.0000	128.7508	0.9541	0.0120
79	200.0000	132.6438	0.9566	0.0121
80	200.0000	118.7993	0.9072	0.0123
81	200.0000	137.3110	0.9276	0.0124
82	200.0000	123.1036	0.9586	0.0126
83	200.0000	131.2705	0.9780	0.0127
84	200.0000	131.7461	0.9588	0.0128
85	200.0000	120.0051	0.9342	0.0130
86	200.0000	122.1850	0.8846	0.0131
87	200.0000	116.0184	0.9540	0.0133
88	200.0000	119.2335	0.9255	0.0134
89	200.0000	118.7172	0.9316	0.0136
90	200.0000	121.9750	0.9775	0.0137
91	200.0000	106.5138	0.9584	0.0138
92	200.0000	129.9892	0.9387	0.0140
93	200.0000	124.3000	0.9380	0.0141
94	200.0000	115.7425	0.9278	0.0143
95	200.0000	129.6699	0.8875	0.0144
96	200.0000	128.6627	0.9200	0.0146
97	200.0000	118.1877	0.8423	0.0147
98	200.0000	122.6896	0.9018	0.0148
99	200.0000	127.8117	0.8511	0.0150
100	200.0000	135.1740	0.8707	0.0151
101	200.0000	124.6575	0.9657	0.0153
102	200.0000	128.1338	0.9229	0.0154
103	200.0000	123.2987	0.9803	0.0156
104	200.0000	121.5867	0.9383	0.0157
105	200.0000	130.8389	0.9126	0.0159
106	200.0000	103.5262	0.9864	0.0160
107	200.0000	130.8488	1.0000	0.0162
108	200.0000	132.6599	0.9281	0.0163
109	200.0000	130.0700	0.9880	0.0165
110	200.0000	126.0193	0.9348	0.0166
111	200.0000	120.4816	0.8951	0.0168
112	200.0000	138.5059	0.8750	0.0169
113	200.0000	131.2936	0.8746	0.0170
114	200.0000	133.0149	0.8828	0.0172
115	200.0000	124.6630	0.8708	0.0173
116	200.0000	124.1595	0.9032	0.0175
117	200.0000	117.6228	0.8833	0.0176
118	200.0000	134.4521	0.9018	0.0177
119	200.0000	127.8262	0.9007	0.0179
120	200.0000	126.9013	0.8919	0.0180
121	200.0000	126.2047	0.9056	0.0182
122	200.0000	113.5256	0.9018	0.0183
123	200.0000	127.5548	0.9423	0.0185
124	200.0000	117.6836	0.9314	0.0186
125	200.0000	126.1609	0.8994	0.0188
126	200.0000	124.6190	0.8892	0.0189
127	200.0000	135.5894	0.9850	0.0190
128	200.0000	120.7022	0.9489	0.0192
129	200.0000	118.5450	0.9392	0.0193
130	200.0000	121.1523	0.9132	0.0195
131	200.0000	121.3361	0.9156	0.0196
132	200.0000	128.2526	0.9348	0.0198
133	200.0000	129.5414	0.9331	0.0199
134	200.0000	111.5442	0.9142	0.0200
135	200.0000	128.7455	0.9282	0.0202
136	200.0000	116.8576	0.9293	0.0203
137	200.0000	120.7996	0.9514	0.0205
138	200.0000	136.8741	0.9609	0.0206
139	200.0000	114.8990	0.9559	0.0208
140	200.0000	119.8959	0.9298	0.0209
141	200.0000	117.6549	0.9316	0.0210
142	200.0000	114.0786	0.9258	0.0212
143	200.0000	119.5056	0.9088	0.0213
144	200.0000	120.3377	0.9649	0.0215
145	200.0000	122.3803	0.9826	0.0216
146	200.0000	123.3381	0.9650	0.0218
147	200.0000	130.1941	0.9623	0.0219
148	200.0000	122.8288	0.9307	0.0221
149	200.0000	128.4450	0.8802	0.0222
150	200.0000	133.4891	0.9269	0.0224
151	200.0000	128.2017	0.8842	0.0225
152	200.0000	122.4751	0.9757	0.0227
153	200.0000	97.7529	0.9867	0.0228
154	200.0000	134.7165	1.0000	0.0229
155	200.0000	116.9173	0.9562	0.0231
156	200.0000	126.7704	0.9318	0.0232
157	200.0000	121.9292	0.9372	0.0234
158	200.0000	115.3542	0.9488	0.0235
159	200.0000	118.4579	0.9060	0.0237
160	200.0000	123.5506	0.8472	0.0238
161	200.0000	120.1695	0.8813	0.0240
162	200.0000	126.1695	0.8644	0.0241
163	200.0000	123.5217	0.8969	0.0243
164	200.0000	118.8997	0.9348	0.0244
165	200.0000	106.2955	0.9346	0.0246
166	200.0000	125.7963	0.9328	0.0247
167	200.0000	121.7357	0.9375	0.0249
168	200.0000	113.1429	0.8656	0.0250
169	200.0000	115.1128	0.8278	0.0252
170	200.0000	129.4949	0.8291	0.0253
171	200.0000	127.2532	0.8550	0.0255
172	200.0000	121.1621	0.8620	0.0256
173	200.0000	128.7471	0.8440	0.0258
174	200.0000	116.4207	0.8263	0.0259
175	200.0000	107.5399	0.8735	0.0261
176	200.0000	126.6287	0.8621	0.0262
177	200.0000	128.0521	0.8696	0.0264
178	200.0000	120.0597	0.7940	0.0265
179	200.0000	131.8906	0.8318	0.0267
180	200.0000	123.8949	0.8330	0.0268
181	200.0000	131.2917	0.8552	0.0270
182	200.0000	114.5082	0.8731	0.0271
183	200.0000	116.1576	0.8247	0.0273
184	200.0000	124.5668	0.8365	0.0274
185	200.0000	112.2833	0.8151	0.0276
186	200.0000	127.3660	0.8717	0.0277
187	200.0000	126.7764	0.9144	0.0279
188	200.0000	112.8662	0.8821	0.0280
189	200.0000	121.3027	0.9036	0.0281
190	200.0000	108.2725	0.9048	0.0283
191	200.0000	110.8605	0.8658	0.0284
192	200.0000	118.9622	0.8620	0.0286
193	200.0000	109.3853	0.8393	0.0287
194	200.0000	105.5195	0.8493	0.0289
195	200.0000	132.3575	0.8564	0.0290
196	200.0000	122.8695	0.9149	0.0292
197	200.0000	123.0935	0.8650	0.0293
198	200.0000	116.2506	0.8953	0.0294
199	200.0000	129.7498	0.8782	0.0296
200	200.0000	124.7979	0.8697	0.0297
201	200.0000	120.5299	0.8910	0.0299
202	200.0000	120.9729	0.8587	0.0300
203	200.0000	126.3883	0.8892	0.0302
204	200.0000	102.5750	0.9162	0.0303
205	200.0000	125.3429	0.8918	0.0305
206	200.0000	122.5148	0.8602	0.0306
207	200.0000	128.1624	0.8702	0.0308
208	200.0000	123.3988	0.8687	0.0310
209	200.0000	134.8905	0.8774	0.0313
210	200.0000	134.7781	0.8689	0.0314
211	200.0000	127.5043	0.8554	0.0316
212	200.0000	121.4883	0.8634	0.0317
213	200.0000	136.3072	0.9266	0.0319
214	200.0000	116.3739	0.8819	0.0320
215	200.0000	125.7879	0.8930	0.0322
216	200.0000	120.8848	0.8929	0.0323
217	200.0000	119.9827	0.8981	0.0325
218	200.0000	123.0087	0.8914	0.0326
219	200.0000	131.4805	0.8090	0.0328
220	200.0000	116.0200	0.8688	0.0329
221	200.0000	132.0475	0.8613	0.0331
222	200.0000	134.7627	0.8662	0.0332
223	200.0000	122.4203	0.8757	0.0334
224	200.0000	122.5870	0.8235	0.0335
225	200.0000	117.6057	0.9035	0.0337
226	200.0000	129.2825	0.8941	0.0338
227	200.0000	101.8460	0.8601	0.0339
228	200.0000	129.0555	0.8359	0.0341
229	200.0000	132.3603	0.8595	0.0342
230	200.0000	132.0462	0.8817	0.0344
231	200.0000	110.6440	0.8410	0.0345
232	200.0000	117.0825	0.8310	0.0347
233	200.0000	123.4384	0.8736	0.0348
234	200.0000	121.5906	0.8723	0.0350
235	200.0000	122.9757	0.8576	0.0351
236	200.0000	111.8322	0.8278	0.0353
237	200.0000	124.0466	0.8355	0.0354
238	200.0000	120.8261	0.8352	0.0356
239	200.0000	117.8540	0.8543	0.0357
240	200.0000	122.2314	0.8532	0.0359
241	200.0000	116.9935	0.8568	0.0360
242	200.0000	112.3574	0.8716	0.0362
243	200.0000	125.4694	0.8523	0.0363
244	200.0000	131.4554	0.8610	0.0365
245	200.0000	130.4591	0.8320	0.0366
246	200.0000	119.7400	0.8949	0.0368
247	200.0000	122.0356	0.8678	0.0370
248	200.0000	133.8300	0.9005	0.0372
249	200.0000	125.7943	0.9282	0.0374
250	200.0000	127.0083	0.9093	0.0375
251	200.0000	128.5580	0.8754	0.0377
252	200.0000	115.5732	0.8185	0.0379
253	200.0000	118.2644	0.8336	0.0380
254	200.0000	121.1834	0.8536	0.0382
255	200.0000	118.1525	0.8120	0.0383
256	200.0000	110.0914	0.8328	0.0385
257	200.0000	121.1965	0.8116	0.0386
258	200.0000	117.4201	0.8577	0.0388
259	200.0000	120.9928	0.8669	0.0389
260	200.0000	124.5859	0.8369	0.0390
261	200.0000	118.9720	0.8386	0.0392
262	200.0000	111.9325	0.8390	0.0393
263	200.0000	114.2846	0.8668	0.0395
264	200.0000	123.4199	0.8869	0.0398
265	200.0000	121.2869	0.9056	0.0400
266	200.0000	131.6607	0.9171	0.0402
267	200.0000	125.7744	0.9183	0.0403
268	200.0000	136.3947	0.8935	0.0405
269	200.0000	124.5888	0.9130	0.0407
270	200.0000	139.9732	0.8698	0.0410
271	200.0000	122.6308	0.9069	0.0411
272	200.0000	124.7153	0.9312	0.0413
273	200.0000	123.8277	0.8987	0.0415
274	200.0000	124.2298	0.8957	0.0416
275	200.0000	124.7876	0.8559	0.0418
276	200.0000	113.2647	0.8510	0.0419
277	200.0000	122.7791	0.8654	0.0421
278	200.0000	118.1557	0.7848	0.0422
279	200.0000	134.2751	0.8133	0.0423
280	200.0000	125.3085	0.8116	0.0425
281	200.0000	117.7084	0.8022	0.0426
282	200.0000	125.1667	0.8694	0.0428
283	200.0000	111.6082	0.9008	0.0429
284	200.0000	103.4053	0.8796	0.0431
285	200.0000	121.7221	0.8636	0.0432
286	200.0000	113.4782	0.8555	0.0434
287	200.0000	124.4591	0.8512	0.0436
288	200.0000	121.3703	0.8698	0.0437
289	200.0000	121.2551	0.8377	0.0438
290	200.0000	111.5521	0.8725	0.0440
291	200.0000	119.9568	0.8834	0.0441
292	200.0000	116.8862	0.8086	0.0443
293	200.0000	100.3412	0.8738	0.0444
294	200.0000	108.2725	0.8690	0.0446
295	200.0000	99.0804	0.8813	0.0447
296	200.0000	120.6721	0.8759	0.0449
297	200.0000	119.3324	0.8666	0.0450
298	200.0000	123.5115	0.8377	0.0451
299	200.0000	109.7096	0.8992	0.0453
300	200.0000	117.8508	0.8988	0.0454
301	200.0000	125.6956	0.8442	0.0456
302	200.0000	117.9987	0.8887	0.0457
303	200.0000	109.6215	0.8640	0.0459
304	200.0000	118.2719	0.9029	0.0460
305	200.0000	114.5340	0.9345	0.0462
306	200.0000	121.8323	0.9107	0.0463
307	200.0000	122.2881	0.8884	0.0465
308	200.0000	124.8417	0.8492	0.0466
309	200.0000	127.4436	0.8411	0.0468
310	200.0000	122.2514	0.9298	0.0469
311	200.0000	138.1013	0.9383	0.0471
312	200.0000	128.8951	0.8519	0.0472
313	200.0000	124.7924	0.8900	0.0474
314	200.0000	121.2718	0.8870	0.0475
315	200.0000	126.7089	0.8675	0.0477
316	200.0000	128.9114	0.8863	0.0478
317	200.0000	131.5540	0.8746	0.0480
318	200.0000	138.0659	0.8687	0.0482
319	200.0000	132.1069	0.8792	0.0483
320	200.0000	119.6125	0.8859	0.0485
321	200.0000	137.6468	0.8532	0.0486
322	200.0000	129.8040	0.8513	0.0487
323	200.0000	116.0191	0.8477	0.0489
324	200.0000	123.4420	0.8332	0.0490
325	200.0000	134.5038	0.8076	0.0492
326	200.0000	105.8373	0.7980	0.0493
327	200.0000	141.2501	0.8087	0.0495
328	200.0000	128.1464	0.8602	0.0497
329	200.0000	122.2844	0.8796	0.0498
330	200.0000	122.8560	0.8862	0.0500
331	200.0000	123.2717	0.9117	0.0501
332	200.0000	123.4274	0.8746	0.0503
333	200.0000	119.3503	0.8828	0.0504
334	200.0000	106.2533	0.9189	0.0506
335	200.0000	126.7378	0.9198	0.0507
336	200.0000	125.8955	0.9265	0.0509
337	200.0000	115.1466	0.9153	0.0510
338	200.0000	123.8986	0.8978	0.0512
339	200.0000	134.4412	0.9233	0.0514
340	200.0000	132.7836	0.9086	0.0515
341	200.0000	115.7152	0.9164	0.0517
342	200.0000	121.0446	0.9132	0.0518
343	200.0000	116.0921	0.9214	0.0520
344	200.0000	121.7952	0.9209	0.0521
345	200.0000	130.8747	0.8864	0.0523
346	200.0000	111.2341	0.8476	0.0524
347	200.0000	117.9105	0.8411	0.0526
348	200.0000	134.5675	0.8811	0.0528
349	200.0000	134.4186	0.8497	0.0529
350	200.0000	127.5430	0.8707	0.0531
351	200.0000	127.5674	0.8374	0.0532
352	200.0000	105.2888	0.8513	0.0534
353	200.0000	114.0029	0.8680	0.0535
354	200.0000	123.8450	0.9264	0.0537
355	200.0000	126.8264	0.9176	0.0538
356	200.0000	137.8627	0.9128	0.0540
357	200.0000	132.0212	0.9058	0.0541
358	200.0000	136.4399	0.9106	0.0543
359	200.0000	122.5710	0.8590	0.0544
360	200.0000	114.9616	0.9009	0.0546
361	200.0000	119.2325	0.8701	0.0547
362	200.0000	111.3566	0.8344	0.0549
363	200.0000	122.1815	0.8386	0.0550
364	200.0000	127.7892	0.8943	0.0552
365	200.0000	131.4514	0.8880	0.0554
366	200.0000	113.1086	0.9009	0.0555
367	200.0000	127.4431	0.9198	0.0557
368	200.0000	126.7077	0.9433	0.0558
369	200.0000	127.5276	0.9068	0.0560
370	200.0000	126.4195	0.8968	0.0561
371	200.0000	119.2583	0.9008	0.0563
372	200.0000	127.4389	0.8281	0.0564
373	200.0000	130.0133	0.9120	0.0566
374	200.0000	133.7335	0.8890	0.0568
375	200.0000	127.0759	0.8386	0.0570
376	200.0000	123.3371	0.8665	0.0571
377	200.0000	127.2939	0.8097	0.0572
378	200.0000	136.5044	0.9062	0.0574
379	200.0000	119.2038	0.8976	0.0575
380	200.0000	117.9935	0.8706	0.0577
381	200.0000	113.0458	0.8593	0.0578
382	200.0000	114.2394	0.8671	0.0580
383	200.0000	131.7079	0.8531	0.0581
384	200.0000	134.9417	0.8495	0.0582
385	200.0000	122.1881	0.8895	0.0584
386	200.0000	122.1376	0.8804	0.0585
387	200.0000	126.7372	0.8705	0.0587
388	200.0000	122.8345	0.8837	0.0588
389	200.0000	126.2676	0.8757	0.0590
390	200.0000	133.7078	0.8447	0.0591
391	200.0000	123.0254	0.8435	0.0592
392	200.0000	128.7323	0.8471	0.0594
393	200.0000	124.6560	0.8662	0.0595
394	200.0000	138.7668	0.8112	0.0597
395	200.0000	123.0565	0.8244	0.0598
396	200.0000	130.2300	0.8492	0.0600
397	200.0000	114.8201	0.8168	0.0601
398	200.0000	125.7542	0.8203	0.0603
399	200.0000	123.2025	0.8839	0.0604
400	200.0000	131.2358	0.8309	0.0606
401	200.0000	125.1884	0.8848	0.0607
402	200.0000	122.2485	0.9041	0.0609
403	200.0000	115.0534	0.9238	0.0610
404	200.0000	119.4867	0.9320	0.0612
405	200.0000	115.7379	0.9156	0.0613
406	200.0000	129.1965	0.9482	0.0615
407	200.0000	137.8562	0.9052	0.0616
408	200.0000	117.2882	0.9058	0.0618
409	200.0000	123.2800	0.9095	0.0619
410	200.0000	109.0273	0.8827	0.0621
411	200.0000	109.1858	0.9063	0.0622
412	200.0000	116.3541	0.8927	0.0624
413	200.0000	113.2139	0.9172	0.0625
414	200.0000	114.5602	0.9180	0.0627
415	200.0000	127.7690	0.8961	0.0628
416	200.0000	118.2636	0.8776	0.0630
417	200.0000	124.5798	0.8677	0.0631
418	200.0000	133.6180	0.8494	0.0633
419	200.0000	130.2990	0.8731	0.0634
420	200.0000	125.0756	0.8774	0.0635
421	200.0000	113.9503	0.8629	0.0637
422	200.0000	124.1856	0.8891	0.0638
423	200.0000	119.9689	0.8871	0.0640
424	200.0000	103.3515	0.8959	0.0641
425	200.0000	126.7453	0.8833	0.0643
426	200.0000	123.8065	0.8750	0.0644
427	200.0000	137.2631	0.8489	0.0646
428	200.0000	103.7362	0.8522	0.0647
429	200.0000	128.0148	0.8446	0.0649
430	200.0000	107.2370	0.8113	0.0650
431	200.0000	106.0530	0.8044	0.0651
432	200.0000	118.2562	0.8175	0.0653
433	200.0000	122.9851	0.8318	0.0654
434	200.0000	123.0484	0.8474	0.0656
435	200.0000	136.6436	0.8461	0.0657
436	200.0000	138.1671	0.8727	0.0659
437	200.0000	127.2391	0.9196	0.0660
438	200.0000	119.4131	0.8835	0.0662
439	200.0000	112.6422	0.8845	0.0663
440	200.0000	130.3282	0.8699	0.0665
441	200.0000	115.1554	0.8725	0.0666
442	200.0000	126.3369	0.8919	0.0667
443	200.0000	113.8455	0.8958	0.0669
444	200.0000	127.6081	0.9102	0.0670
445	200.0000	126.0532	0.8727	0.0672
446	200.0000	133.4175	0.9568	0.0673
447	200.0000	136.6010	0.9312	0.0675
448	200.0000	121.9578	0.9291	0.0676
449	200.0000	117.2625	0.9246	0.0678
450	200.0000	122.0538	0.9586	0.0679
451	200.0000	120.3824	0.9519	0.0681
452	200.0000	134.3380	0.9571	0.0682
453	200.0000	125.6362	0.9840	0.0684
454	200.0000	126.8629	0.9260	0.0685
455	200.0000	121.5906	0.9130	0.0687
456	200.0000	141.9307	0.9046	0.0688
457	200.0000	121.0569	0.8747	0.0690
458	200.0000	134.8454	0.9360	0.0691
459	200.0000	130.4327	0.9333	0.0693
460	200.0000	119.8625	0.9031	0.0694
461	200.0000	129.8350	0.8677	0.0695
462	200.0000	120.2971	0.8588	0.0697
463	200.0000	121.6228	0.9275	0.0698
464	200.0000	126.5267	0.9343	0.0700
465	200.0000	125.2294	0.9054	0.0701
466	200.0000	108.7620	0.8883	0.0703
467	200.0000	123.2511	0.9297	0.0705
468	200.0000	109.4209	0.9317	0.0706
469	200.0000	122.3206	0.9264	0.0707
470	200.0000	121.2887	0.9503	0.0709
471	200.0000	136.6584	0.9374	0.0710
472	200.0000	125.8965	0.9084	0.0712
473	200.0000	114.2864	0.8933	0.0713
474	200.0000	113.9695	0.9011	0.0714
475	200.0000	99.8784	0.8830	0.0716
476	200.0000	125.7249	0.8975	0.0717
477	200.0000	112.2435	0.8969	0.0719
478	200.0000	126.0426	0.9050	0.0720
479	200.0000	131.1544	0.8968	0.0722
480	200.0000	136.2384	0.9038	0.0723
481	200.0000	135.8582	0.8715	0.0725
482	200.0000	131.1994	0.9073	0.0726
483	200.0000	136.4739	0.9253	0.0728
484	200.0000	127.4631	0.9085	0.0730
485	200.0000	122.6911	0.8865	0.0731
486	200.0000	122.1959	0.8607	0.0733
487	200.0000	133.0989	0.8639	0.0735
488	200.0000	124.3311	0.8652	0.0737
489	200.0000	116.1476	0.8610	0.0738
490	200.0000	128.5788	0.8514	0.0739
491	200.0000	120.7854	0.8825	0.0741
492	200.0000	123.6001	0.8671	0.0742
493	200.0000	114.4966	0.8849	0.0744
494	200.0000	127.1029	0.8850	0.0745
495	200.0000	101.7247	0.8675	0.0747
496	200.0000	117.7891	0.8666	0.0748
497	200.0000	123.8316	0.8433	0.0750
498	200.0000	125.5413	0.8319	0.0751
499	200.0000	119.5632	0.8494	0.0753
500	200.0000	127.9690	0.8526	0.0754
501	200.0000	139.3502	0.8708	0.0755
502	200.0000	121.4884	0.8520	0.0757
503	200.0000	121.5532	0.8607	0.0758
504	200.0000	138.2741	0.8576	0.0760
505	200.0000	131.0953	0.8608	0.0761
506	200.0000	114.6203	0.8930	0.0763
507	200.0000	129.5974	0.8916	0.0764
508	200.0000	134.2360	0.8993	0.0766
509	200.0000	129.5227	0.8975	0.0767
510	200.0000	125.3539	0.8809	0.0769
511	200.0000	113.4797	0.8942	0.0770
512	200.0000	117.6269	0.8733	0.0772
513	200.0000	132.9081	0.8678	0.0774
514	200.0000	124.6563	0.8445	0.0776
515	200.0000	117.6185	0.8850	0.0777
516	200.0000	120.2165	0.8758	0.0779
517	200.0000	118.1457	0.9040	0.0780
518	200.0000	130.5541	0.9130	0.0782
519	200.0000	119.5709	0.9245	0.0783
520	200.0000	132.8245	0.9343	0.0785
521	200.0000	124.3138	0.9217	0.0786
522	200.0000	119.8865	0.8662	0.0788
523	200.0000	124.1898	0.9233	0.0789
524	200.0000	136.8498	0.9032	0.0791
525	200.0000	124.9555	0.9251	0.0792
526	200.0000	122.1484	0.9209	0.0794
527	200.0000	137.9623	0.8919	0.0795
528	200.0000	126.2183	0.9074	0.0797
529	200.0000	108.1871	0.8713	0.0798
530	200.0000	125.6559	0.8729	0.0799
531	200.0000	122.0759	0.9034	0.0801
532	200.0000	117.9805	0.8466	0.0802
533	200.0000	106.5247	0.8501	0.0804
534	200.0000	128.2398	0.8759	0.0805
535	200.0000	125.6781	0.8933	0.0807
536	200.0000	129.0223	0.9089	0.0808
537	200.0000	112.2244	0.8932	0.0810
538	200.0000	132.4956	0.8491	0.0811
539	200.0000	114.3153	0.8600	0.0812
540	200.0000	110.9907	0.8583	0.0814
541	200.0000	131.4113	0.8670	0.0816
542	200.0000	118.3367	0.8345	0.0818
543	200.0000	126.6418	0.8686	0.0820
544	200.0000	123.9638	0.9092	0.0822
545	200.0000	127.9224	0.9375	0.0824
546	200.0000	126.7196	0.8625	0.0826
547	200.0000	131.0794	0.9115	0.0828
548	200.0000	127.1293	0.8965	0.0829
549	200.0000	128.8756	0.9085	0.0831
550	200.0000	124.9094	0.8658	0.0832
551	200.0000	119.1622	0.8770	0.0834
552	200.0000	123.5637	0.8692	0.0835
553	200.0000	122.0602	0.9056	0.0837
554	200.0000	119.1804	0.9197	0.0838
555	200.0000	116.3001	0.9365	0.0840
556	200.0000	133.0160	0.9268	0.0841
557	200.0000	130.3209	0.9016	0.0842
558	200.0000	135.8825	0.9231	0.0844
559	200.0000	117.3335	0.9195	0.0845
560	200.0000	111.2561	0.9158	0.0847
561	200.0000	127.8920	0.8823	0.0848
562	200.0000	105.8746	0.9352	0.0849
563	200.0000	133.3820	0.9431	0.0851
564	200.0000	126.3866	0.9106	0.0852
565	200.0000	133.2488	0.8827	0.0854
566	200.0000	134.8432	0.8689	0.0855
567	200.0000	126.4562	0.9177	0.0857
568	200.0000	121.7547	0.9024	0.0858
569	200.0000	131.6726	0.8644	0.0860
570	200.0000	116.8778	0.8710	0.0861
571	200.0000	100.0324	0.8801	0.0863
572	200.0000	102.3750	0.8974	0.0865
573	200.0000	123.1130	0.8853	0.0866
574	200.0000	97.1048	0.9104	0.0868
575	200.0000	111.0011	0.9004	0.0870
576	200.0000	130.3402	0.8766	0.0871
577	200.0000	132.2650	0.8545	0.0873
578	200.0000	107.2160	0.8756	0.0874
579	200.0000	124.6929	0.8566	0.0875
580	200.0000	135.7379	0.8234	0.0877
581	200.0000	126.1778	0.8605	0.0878
582	200.0000	118.6842	0.9641	0.0880
583	200.0000	118.1078	0.9792	0.0881
584	200.0000	114.8620	0.9661	0.0883
585	200.0000	127.3872	0.9691	0.0885
586	200.0000	121.5172	0.9147	0.0886
587	200.0000	118.8038	0.9106	0.0889
588	200.0000	123.2913	0.9093	0.0891
589	200.0000	114.1816	0.8835	0.0892
590	200.0000	113.0023	0.8434	0.0894
591	200.0000	133.2456	0.8630	0.0896
592	200.0000	122.1151	0.9245	0.0897
593	200.0000	109.3535	0.9155	0.0899
594	200.0000	128.7951	0.9104	0.0902
595	200.0000	138.0547	0.9116	0.0903
596	200.0000	122.6010	0.9224	0.0905
597	200.0000	125.0554	0.9116	0.0907
598	200.0000	121.2973	0.9245	0.0908
599	200.0000	134.0475	0.8948	0.0910
600	200.0000	136.2844	0.8848	0.0911
601	200.0000	126.8980	0.8540	0.0913
602	200.0000	135.5666	0.8677	0.0914
603	200.0000	139.8059	0.8394	0.0916
604	200.0000	116.8730	0.8168	0.0918
605	200.0000	126.9010	0.8409	0.0920
606	200.0000	118.5520	0.8692	0.0922
607	200.0000	119.8433	0.8859	0.0923
608	200.0000	128.8760	0.8708	0.0925
609	200.0000	129.5771	0.8840	0.0927
610	200.0000	122.7254	0.8776	0.0928
611	200.0000	118.6125	0.8325	0.0930
612	200.0000	119.9214	0.8598	0.0931
613	200.0000	121.8022	0.8603	0.0932
614	200.0000	118.4881	0.8688	0.0934
615	200.0000	110.9311	0.8897	0.0935
616	200.0000	114.5792	0.8772	0.0937
617	200.0000	115.3618	0.8760	0.0938
618	200.0000	115.0822	0.9037	0.0940
619	200.0000	134.1055	0.8638	0.0941
620	200.0000	116.7503	0.8645	0.0943
621	200.0000	121.8538	0.8919	0.0944
622	200.0000	120.5051	0.8280	0.0946
623	200.0000	128.9940	0.8550	0.0948
624	200.0000	135.3007	0.8382	0.0949
625	200.0000	123.9393	0.8862	0.0951
626	200.0000	133.4760	0.9135	0.0952
627	200.0000	126.9312	0.9220	0.0954
628	200.0000	116.1539	0.8959	0.0955
629	200.0000	126.9165	0.9262	0.0956
630	200.0000	125.6331	0.9065	0.0958
631	200.0000	118.8701	0.9080	0.0959
632	200.0000	119.4700	0.9125	0.0961
633	200.0000	121.3104	0.9431	0.0963
634	200.0000	131.5909	0.9564	0.0964
635	200.0000	124.3207	0.9695	0.0966
636	200.0000	137.5195	0.9158	0.0968
637	200.0000	126.5169	0.9446	0.0969
638	200.0000	114.8219	0.9347	0.0971
639	200.0000	123.7279	0.9375	0.0973
640	200.0000	111.6000	0.9394	0.0974
641	200.0000	138.3983	0.9681	0.0976
642	200.0000	128.5326	0.9278	0.0978
643	200.0000	121.8418	0.8914	0.0979
644	200.0000	119.9965	0.9086	0.0981
645	200.0000	120.2278	0.9269	0.0983
646	200.0000	129.0121	0.9184	0.0984
647	200.0000	133.7283	0.9031	0.0986
648	200.0000	124.1822	0.9499	0.0987
649	200.0000	113.3183	0.9891	0.0989
650	200.0000	120.9755	0.9607	0.0991
651	200.0000	116.6395	0.9745	0.0992
652	200.0000	134.6525	0.9752	0.0994
653	200.0000	131.4599	0.8960	0.0995
654	200.0000	129.8385	0.8938	0.0997
655	200.0000	107.2310	0.8984	0.0998
656	200.0000	120.2819	0.8917	0.1000
657	200.0000	126.0712	0.9077	0.1002
658	200.0000	115.6866	0.8969	0.1003
659	200.0000	133.2519	0.8576	0.1005
660	200.0000	123.4059	0.8577	0.1006
661	200.0000	115.0935	0.8528	0.1008
662	200.0000	133.5454	0.8713	0.1010
663	200.0000	117.7966	0.9251	0.1011
664	200.0000	117.8884	0.9217	0.1013
665	200.0000	112.2187	0.9091	0.1015
666	200.0000	123.2264	0.8781	0.1016
667	200.0000	103.5733	0.9344	0.1018
668	200.0000	114.4612	0.8719	0.1019
669	200.0000	129.3502	0.9056	0.1021
670	200.0000	123.8337	0.8580	0.1022
671	200.0000	127.1130	0.8551	0.1024
672	200.0000	114.1661	0.8710	0.1026
673	200.0000	118.6746	0.8830	0.1028
674	200.0000	120.7462	0.8845	0.1030
675	200.0000	129.1669	0.8835	0.1031
676	200.0000	124.5765	0.8471	0.1033
677	200.0000	128.3128	0.8909	0.1034
678	200.0000	116.7904	0.9200	0.1036
679	200.0000	124.4900	0.9135	0.1037
680	200.0000	125.9087	0.9126	0.1039
681	200.0000	129.8169	0.8561	0.1040
682	200.0000	126.0245	0.8780	0.1042
683	200.0000	118.0421	0.8722	0.1043
684	200.0000	124.6210	0.9330	0.1045
685	200.0000	129.1029	0.8605	0.1046
686	200.0000	121.2621	0.8597	0.1048
687	200.0000	132.7695	0.8957	0.1049
688	200.0000	146.7504	0.8979	0.1051
689	200.0000	124.5258	0.8140	0.1052
690	200.0000	136.1525	0.8682	0.1054
691	200.0000	121.4797	0.8435	0.1055
692	200.0000	122.4872	0.8420	0.1056
693	200.0000	125.6563	0.8926	0.1058
694	200.0000	121.9491	0.9090	0.1059
695	200.0000	109.3442	0.9089	0.1061
696	200.0000	120.9320	0.9293	0.1062
697	200.0000	123.3075	0.8405	0.1064
698	200.0000	123.5458	0.8511	0.1065
699	200.0000	135.2425	0.9038	0.1067
700	200.0000	134.5444	0.8062	0.1068
701	200.0000	128.1251	0.8723	0.1070
702	200.0000	116.0942	0.8677	0.1071
703	200.0000	123.9928	0.8754	0.1072
704	200.0000	117.2009	0.8802	0.1074
705	200.0000	116.4589	0.8634	0.1075
706	200.0000	118.8037	0.8482	0.1077
707	200.0000	127.2820	0.8745	0.1078
708	200.0000	129.1185	0.8635	0.1080
709	200.0000	139.6981	0.8318	0.1081
710	200.0000	120.7843	0.8336	0.1083
711	200.0000	124.6219	0.8153	0.1084
712	200.0000	121.0550	0.8444	0.1086
713	200.0000	126.0686	0.8688	0.1087
714	200.0000	122.3810	0.8329	0.1089
715	200.0000	106.3348	0.8289	0.1091
716	200.0000	122.8398	0.8225	0.1093
717	200.0000	120.2872	0.8393	0.1095
718	200.0000	125.9427	0.8443	0.1096
719	200.0000	132.2732	0.8601	0.1098
720	200.0000	118.9459	0.8575	0.1099
721	200.0000	110.3418	0.8859	0.1101
722	200.0000	120.3907	0.8477	0.1102
723	200.0000	131.9076	0.8640	0.1104
724	200.0000	110.9820	0.8194	0.1105
725	200.0000	109.5414	0.8759	0.1107
726	200.0000	96.6751	0.8569	0.1109
727	200.0000	122.8418	0.8555	0.1110
728	200.0000	114.8345	0.8460	0.1112
729	200.0000	126.1810	0.8226	0.1113
730	200.0000	130.4674	0.8255	0.1115
731	200.0000	120.0189	0.8779	0.1116
732	200.0000	128.6137	0.8734	0.1118
733	200.0000	106.3058	0.8721	0.1119
734	200.0000	113.3247	0.8211	0.1121
735	200.0000	120.1576	0.8398	0.1122
736	200.0000	112.4283	0.9182	0.1124
737	200.0000	133.5352	0.8870	0.1125
738	200.0000	131.7102	0.9153	0.1127
739	200.0000	140.5276	0.8689	0.1129
740	200.0000	130.2591	0.8968	0.1130
741	200.0000	116.4266	0.8949	0.1132
742	200.0000	113.4403	0.8849	0.1133
743	200.0000	115.1090	0.8687	0.1135
744	200.0000	123.3096	0.8710	0.1136
745	200.0000	134.6196	0.8635	0.1138
746	200.0000	121.4134	0.9160	0.1140
747	200.0000	132.6797	0.8854	0.1141
748	200.0000	117.8897	0.9099	0.1143
749	200.0000	126.5333	0.9191	0.1145
750	200.0000	138.5657	0.9246	0.1146
751	200.0000	127.8337	0.8895	0.1148
752	200.0000	124.5051	0.8675	0.1150
753	200.0000	132.0005	0.8809	0.1151
754	200.0000	115.9029	0.8796	0.1153
755	200.0000	112.7867	0.8889	0.1155
756	200.0000	132.6068	0.8656	0.1158
757	200.0000	120.9886	0.8180	0.1160
758	200.0000	128.8504	0.8791	0.1162
759	200.0000	120.7170	0.8728	0.1163
760	200.0000	123.5860	0.8587	0.1166
761	200.0000	134.0108	0.8384	0.1167
762	200.0000	126.0404	0.8230	0.1169
763	200.0000	123.6862	0.7915	0.1170
764	200.0000	132.9658	0.8349	0.1172
765	200.0000	138.4018	0.7972	0.1173
766	200.0000	121.7004	0.8406	0.1175
767	200.0000	118.7764	0.8987	0.1176
768	200.0000	119.4952	0.8847	0.1178
769	200.0000	121.2613	0.8992	0.1179
770	200.0000	142.3711	0.8463	0.1180
771	200.0000	132.0541	0.9248	0.1182
772	200.0000	131.9161	0.8895	0.1184
773	200.0000	106.7643	0.8826	0.1185
774	200.0000	125.5691	0.8648	0.1187
775	200.0000	118.0764	0.8715	0.1188
776	200.0000	125.0087	0.8699	0.1190
777	200.0000	114.4261	0.8750	0.1191
778	200.0000	126.2383	0.8777	0.1193
779	200.0000	115.7268	0.8702	0.1194
780	200.0000	129.7138	0.8835	0.1196
781	200.0000	118.0078	0.8979	0.1197
782	200.0000	113.9951	0.9065	0.1198
783	200.0000	119.3687	0.8891	0.1200
784	200.0000	124.6990	0.8729	0.1201
785	200.0000	126.7426	0.8793	0.1203
786	200.0000	129.8776	0.8293	0.1204
787	200.0000	127.2288	0.8519	0.1206
788	200.0000	117.9141	0.8436	0.1207
789	200.0000	121.0100	0.8481	0.1208
790	200.0000	124.5266	0.8631	0.1210
791	200.0000	133.3861	0.8779	0.1211
792	200.0000	127.9157	0.8746	0.1213
793	200.0000	136.7760	0.8955	0.1214
794	200.0000	127.3816	0.8945	0.1215
795	200.0000	130.1747	0.8925	0.1217
796	200.0000	122.2143	0.9237	0.1219
797	200.0000	134.4880	0.8593	0.1221
798	200.0000	130.5082	0.8551	0.1222
799	200.0000	137.3664	0.8231	0.1223
800	200.0000	127.2162	0.8111	0.1225
801	200.0000	129.9873	0.8894	0.1226
802	200.0000	127.5480	0.8956	0.1228
803	200.0000	101.8466	0.8850	0.1229
804	200.0000	126.9109	0.8950	0.1231
805	200.0000	117.7684	0.8690	0.1232
806	200.0000	128.1724	0.8431	0.1234
807	200.0000	131.8622	0.8745	0.1235
808	200.0000	129.6390	0.8675	0.1237
809	200.0000	125.2357	0.8615	0.1238
810	200.0000	131.5783	0.9506	0.1240
811	200.0000	134.0263	0.9305	0.1241
812	200.0000	134.3185	0.8864	0.1243
813	200.0000	107.1701	0.9246	0.1245
814	200.0000	136.5322	0.9160	0.1246
815	200.0000	139.0619	0.8559	0.1248
816	200.0000	121.6182	0.9210	0.1249
817	200.0000	125.1230	0.8888	0.1251
818	200.0000	114.7496	0.8814	0.1252
819	200.0000	121.7171	0.9016	0.1254
820	200.0000	131.3478	0.8808	0.1255
821	200.0000	119.8330	0.9291	0.1257
822	200.0000	130.6501	0.9547	0.1258
823	200.0000	133.3639	0.8828	0.1260
824	200.0000	134.2322	0.8766	0.1261
825	200.0000	130.6438	0.9225	0.1263
826	200.0000	124.2579	0.9011	0.1264
827	200.0000	118.5713	0.9229	0.1266
828	200.0000	116.4980	0.9425	0.1267
829	200.0000	132.4677	0.9208	0.1269
830	200.0000	114.6118	0.8916	0.1271
831	200.0000	130.2186	0.8583	0.1273
832	200.0000	133.2588	0.8421	0.1276
833	200.0000	120.7474	0.8483	0.1278
834	200.0000	121.4371	0.8573	0.1279
835	200.0000	119.3395	0.8357	0.1281
836	200.0000	120.0311	0.8545	0.1282
837	200.0000	127.6890	0.8595	0.1284
838	200.0000	133.6474	0.8774	0.1285
839	200.0000	140.1695	0.8898	0.1287
840	200.0000	120.4211	0.9597	0.1288
841	200.0000	128.7316	0.9180	0.1290
842	200.0000	146.6083	0.8903	0.1291
843	200.0000	120.0465	0.9043	0.1293
844	200.0000	125.2740	0.9335	0.1294
845	200.0000	135.2491	0.9017	0.1296
846	200.0000	127.6118	0.8978	0.1297
847	200.0000	133.4753	0.8909	0.1299
848	200.0000	119.7652	0.8958	0.1300
849	200.0000	123.1390	0.9059	0.1302
850	200.0000	123.9237	0.8783	0.1304
851	200.0000	137.1463	0.8379	0.1306
852	200.0000	135.7710	0.8693	0.1309
853	200.0000	133.5528	0.8932	0.1311
854	200.0000	126.3753	0.8910	0.1312
855	200.0000	133.1937	0.8727	0.1314
856	200.0000	133.8050	0.8735	0.1317
857	200.0000	135.6005	0.8715	0.1319
858	200.0000	139.3844	0.8471	0.1321
859	200.0000	129.4438	0.8868	0.1323
860	200.0000	130.7842	0.8554	0.1324
861	200.0000	134.7838	0.8339	0.1326
862	200.0000	118.8958	0.8435	0.1327
863	200.0000	125.0833	0.8795	0.1330
864	200.0000	129.3210	0.8561	0.1333
865	200.0000	129.5003	0.8976	0.1334
866	200.0000	109.8605	0.9044	0.1336
867	200.0000	115.0497	0.8737	0.1337
868	200.0000	131.1191	0.9057	0.1339
869	200.0000	115.9091	0.8820	0.1340
870	200.0000	113.4760	0.8686	0.1342
871	200.0000	120.6092	0.8829	0.1343
872	200.0000	132.8351	0.8757	0.1345
873	200.0000	133.0861	0.8794	0.1346
874	200.0000	122.5016	0.8120	0.1348
875	200.0000	120.6051	0.8568	0.1349
876	200.0000	128.9997	0.8035	0.1351
877	200.0000	123.5250	0.7948	0.1353
878	200.0000	119.6048	0.7701	0.1355
879	200.0000	126.5684	0.8271	0.1357
880	200.0000	133.0136	0.9016	0.1358
881	200.0000	130.9831	0.9800	0.1360
882	200.0000	134.9822	0.8974	0.1361
883	200.0000	122.0814	0.9221	0.1363
884	200.0000	119.7166	0.9407	0.1365
885	200.0000	123.8159	0.8943	0.1367
886	200.0000	126.4744	0.8877	0.1368
887	200.0000	110.5087	0.9244	0.1370
888	200.0000	127.5923	0.9780	0.1371
889	200.0000	132.2461	0.9859	0.1373
890	200.0000	119.9950	0.9363	0.1374
891	200.0000	119.2421	0.9181	0.1376
892	200.0000	129.8492	0.8696	0.1377
893	200.0000	130.5785	0.8639	0.1379
894	200.0000	124.5740	0.8811	0.1380
895	200.0000	117.5521	0.8739	0.1382
896	200.0000	118.2406	0.9408	0.1383
897	200.0000	137.8151	0.8781	0.1385
898	200.0000	117.5734	0.8658	0.1386
899	200.0000	116.8846	0.8581	0.1388
900	200.0000	116.9376	0.8516	0.1389
901	200.0000	112.9450	0.8614	0.1391
902	200.0000	120.6941	0.8456	0.1392
903	200.0000	125.9097	0.8810	0.1394
904	200.0000	128.0387	0.8921	0.1395
905	200.0000	135.5589	0.8683	0.1397
906	200.0000	113.1526	0.8690	0.1398
907	200.0000	108.4201	0.8645	0.1400
908	200.0000	121.5016	0.8560	0.1402
909	200.0000	121.8974	0.8164	0.1404
910	200.0000	136.2870	0.8705	0.1406
911	200.0000	125.0426	0.8657	0.1408
912	200.0000	114.3695	0.8975	0.1410
913	200.0000	124.3301	0.9006	0.1411
914	200.0000	111.9775	0.9160	0.1413
915	200.0000	129.5631	0.9119	0.1415
916	200.0000	124.0780	0.9080	0.1417
917	200.0000	124.9141	0.8975	0.1418
918	200.0000	128.4570	0.8925	0.1420
919	200.0000	117.4098	0.8774	0.1421
920	200.0000	118.3005	0.8965	0.1423
921	200.0000	124.7752	0.8445	0.1424
922	200.0000	110.2141	0.8916	0.1426
923	200.0000	118.4787	0.8862	0.1427
924	200.0000	123.7200	0.8881	0.1429
925	200.0000	115.3175	0.9333	0.1430
926	200.0000	137.3246	0.9540	0.1432
927	200.0000	113.1959	0.9520	0.1433
928	200.0000	110.2086	0.9402	0.1435
929	200.0000	124.8567	0.9395	0.1436
930	200.0000	138.3046	0.9409	0.1438
931	200.0000	129.0133	0.9061	0.1439
932	200.0000	118.5041	0.9049	0.1441
933	200.0000	132.3499	0.8577	0.1442
934	200.0000	101.9864	0.8866	0.1444
935	200.0000	120.6214	0.8441	0.1445
936	200.0000	130.5588	0.8766	0.1447
937	200.0000	104.9838	0.8529	0.1448
938	200.0000	136.1320	0.8556	0.1450
939	200.0000	124.9689	0.8798	0.1451
940	200.0000	131.2165	0.9139	0.1453
941	200.0000	125.2205	0.8919	0.1454
942	200.0000	126.8198	0.8839	0.1455
943	200.0000	122.4571	0.8161	0.1457
944	200.0000	134.3970	0.8594	0.1459
945	200.0000	136.3247	0.8838	0.1460
946	200.0000	139.8000	0.8774	0.1462
947	200.0000	126.9334	0.9027	0.1463
948	200.0000	131.3132	0.9300	0.1465
949	200.0000	124.2297	0.9212	0.1466
950	200.0000	125.7387	0.9086	0.1467
951	200.0000	128.4346	0.8246	0.1469
952	200.0000	132.1222	0.8685	0.1470
953	200.0000	117.2659	0.8026	0.1473
954	200.0000	131.0076	0.7623	0.1475
955	200.0000	122.6833	0.8471	0.1477
956	200.0000	145.4232	0.8295	0.1479
957	200.0000	127.8594	0.8263	0.1480
958	200.0000	127.0104	0.8067	0.1482
959	200.0000	123.7287	0.8502	0.1483
960	200.0000	116.8637	0.8786	0.1485
961	200.0000	135.1258	0.8744	0.1487
962	200.0000	108.9543	0.8723	0.1488
963	200.0000	131.6575	0.8658	0.1490
964	200.0000	128.7967	0.8353	0.1493
965	200.0000	124.1321	0.8689	0.1494
966	200.0000	119.4063	0.8667	0.1496
967	200.0000	125.3539	0.8734	0.1497
968	200.0000	132.6113	0.8608	0.1499
969	200.0000	139.8575	0.8959	0.1500
970	200.0000	130.6927	0.8721	0.1501
971	200.0000	127.2351	0.9029	0.1503
972	200.0000	129.8538	0.8801	0.1504
973	200.0000	129.4377	0.8761	0.1506
974	200.0000	121.5214	0.9002	0.1507
975	200.0000	132.4125	0.9134	0.1509
976	200.0000	122.1784	0.9173	0.1510
977	200.0000	134.2765	0.9371	0.1513
978	200.0000	126.0223	0.8930	0.1514
979	200.0000	131.9774	0.9556	0.1516
980	200.0000	117.1834	0.8862	0.1517
981	200.0000	107.5600	0.9126	0.1519
982	200.0000	118.9683	0.8872	0.1522
983	200.0000	134.6859	0.8493	0.1524
984	200.0000	144.6321	0.8593	0.1526
985	200.0000	128.0598	0.8735	0.1527
986	200.0000	138.6385	0.8887	0.1529
987	200.0000	117.6631	0.8327	0.1530
988	200.0000	137.4821	0.8452	0.1531
989	200.0000	123.7823	0.8362	0.1533
990	200.0000	129.4017	0.7853	0.1534
991	200.0000	131.7814	0.8582	0.1536
992	200.0000	132.7791	0.8905	0.1537
993	200.0000	123.1278	0.8694	0.1539
994	200.0000	113.1662	0.8380	0.1541
995	200.0000	114.4652	0.8695	0.1543
996	200.0000	114.3770	0.8505	0.1545
997	200.0000	128.0894	0.8671	0.1546
998	200.0000	129.8210	0.9141	0.1548
999	200.0000	132.7111	0.9029	0.1549
