ID: shubert	Date: 2018-09-04 16:12:34	Runs: 1
=================================================================================================================
Run: 0
Iter	Gbest	AvrFit	Diver	ETime	
0	127.9055	17.2178	0.0000	0.0007
1	127.9055	20.2816	0.0000	0.0013
2	171.7303	23.4857	0.0000	0.0018
3	171.7303	25.6066	0.0000	0.0024
4	171.7303	27.2771	0.0000	0.0029
5	177.5345	33.0661	0.0000	0.0035
6	177.5345	35.1986	0.0000	0.0040
7	177.5345	37.1187	0.0000	0.0044
8	177.5345	32.4258	0.0000	0.0049
9	177.5345	35.6222	0.0000	0.0054
10	177.5345	30.3509	0.0000	0.0059
11	177.5345	34.7209	0.0000	0.0064
12	177.5345	36.7414	0.0000	0.0069
13	177.5345	41.4907	0.0000	0.0074
14	184.0300	44.2356	0.0000	0.0079
15	184.0300	39.7915	0.0000	0.0084
16	184.0300	44.6184	0.0000	0.0089
17	184.0300	42.6755	0.0000	0.0094
18	184.0300	39.6268	0.0000	0.0099
19	184.0300	48.2481	0.0000	0.0104
20	184.0300	50.2088	0.0000	0.0108
21	184.0300	52.2507	0.0000	0.0113
22	184.0300	39.7058	0.0000	0.0118
23	184.0300	44.2460	0.0000	0.0123
24	184.0300	51.8880	0.0000	0.0128
25	184.0300	47.6236	0.0000	0.0133
26	184.0300	58.1701	0.0000	0.0138
27	184.0300	51.4432	0.0000	0.0143
28	184.0300	53.1601	0.0000	0.0148
29	184.0300	52.1731	0.0000	0.0153
30	184.0300	55.3975	0.0000	0.0158
31	184.0300	48.2891	0.0000	0.0163
32	184.0300	56.9826	0.0000	0.0168
33	184.0300	55.8925	0.0000	0.0173
34	184.0300	58.2754	0.0000	0.0178
35	186.6824	67.2775	0.0000	0.0183
36	186.6824	58.1955	0.0000	0.0187
37	186.6824	55.1602	0.0000	0.0192
38	186.6824	56.7824	0.0000	0.0197
39	186.6824	60.1703	0.0000	0.0202
40	186.6824	47.5565	0.0000	0.0207
41	186.6824	52.8217	0.0000	0.0212
42	186.6824	56.4854	0.0000	0.0217
43	186.6824	63.9448	0.0000	0.0222
44	186.6824	58.7607	0.0000	0.0227
45	186.6824	59.5079	0.0000	0.0232
46	186.6824	67.2597	0.0000	0.0237
47	186.6824	64.9426	0.0000	0.0242
48	186.6824	58.5039	0.0000	0.0247
49	186.6824	56.3896	0.0000	0.0252
50	186.6824	59.3427	0.0000	0.0257
51	186.6824	56.5820	0.0000	0.0262
52	186.6824	59.6555	0.0000	0.0267
53	186.6824	69.3156	0.0000	0.0272
54	186.6824	68.3991	0.0000	0.0277
55	186.6824	68.4468	0.0000	0.0282
56	186.6824	62.5810	0.0000	0.0287
57	186.6824	63.6987	0.0000	0.0292
58	186.6824	64.1090	0.0000	0.0297
59	186.6824	60.8993	0.0000	0.0302
60	186.6824	70.7286	0.0000	0.0307
61	186.6824	67.5688	0.0000	0.0312
62	186.6824	58.1595	0.0000	0.0317
63	186.6824	67.5300	0.0000	0.0321
64	186.6824	60.4716	0.0000	0.0326
65	186.6824	67.1485	0.0000	0.0331
66	186.6824	67.0316	0.0000	0.0336
67	186.6824	71.7311	0.0000	0.0341
68	186.6824	67.2233	0.0000	0.0345
69	186.6824	62.4984	0.0000	0.0350
70	186.6824	64.6390	0.0000	0.0355
71	186.6824	67.0848	0.0000	0.0360
72	186.6824	64.0988	0.0000	0.0364
73	186.6824	67.8386	0.0000	0.0370
74	186.6824	64.0013	0.0000	0.0374
75	186.6824	68.0593	0.0000	0.0380
76	186.6824	80.7458	0.0000	0.0385
77	186.6824	68.9786	0.0000	0.0390
78	186.6824	69.5107	0.0000	0.0395
79	186.6824	72.1159	0.0000	0.0400
80	186.6824	72.9487	0.0000	0.0404
81	186.6824	72.2768	0.0000	0.0409
82	186.6824	68.3164	0.0000	0.0414
83	186.6824	65.4522	0.0000	0.0419
84	186.6824	75.2425	0.0000	0.0424
85	186.6824	64.8921	0.0000	0.0429
86	186.6824	72.5813	0.0000	0.0434
87	186.6824	68.5077	0.0000	0.0439
88	186.6824	66.3313	0.0000	0.0444
89	186.6824	71.7568	0.0000	0.0449
90	186.6824	76.4716	0.0000	0.0454
91	186.6824	70.6442	0.0000	0.0459
92	186.6824	76.1034	0.0000	0.0465
93	186.6824	77.2525	0.0000	0.0470
94	186.6824	76.0447	0.0000	0.0475
95	186.6824	64.6967	0.0000	0.0480
96	186.6824	73.3650	0.0000	0.0485
97	186.6824	82.1819	0.0000	0.0489
98	186.6824	68.1845	0.0000	0.0494
99	186.6824	75.3189	0.0000	0.0499
100	186.6824	74.8264	0.0000	0.0504
101	186.6824	70.2803	0.0000	0.0510
102	186.6824	76.9632	0.0000	0.0515
103	186.6824	80.7164	0.0000	0.0520
104	186.6824	68.7801	0.0000	0.0526
105	186.6824	73.6942	0.0000	0.0531
106	186.6824	68.9000	0.0000	0.0536
107	186.6845	79.0968	0.0000	0.0542
108	186.6845	82.4541	0.0000	0.0547
109	186.6845	71.0349	0.0000	0.0552
110	186.6845	81.2459	0.0000	0.0557
111	186.6845	69.2285	0.0000	0.0563
112	186.6845	72.6012	0.0000	0.0568
113	186.6845	70.1909	0.0000	0.0574
114	186.6845	75.3910	0.0000	0.0579
115	186.6845	75.3185	0.0000	0.0584
116	186.6845	71.5084	0.0000	0.0589
117	186.6845	78.1262	0.0000	0.0595
118	186.6982	70.4260	0.0000	0.0600
119	186.6982	80.6406	0.0000	0.0605
120	186.6982	68.2423	0.0000	0.0610
121	186.6982	75.7440	0.0000	0.0615
122	186.6982	71.7357	0.0000	0.0620
123	186.6982	80.5148	0.0000	0.0625
124	186.6982	73.7247	0.0000	0.0631
125	186.6982	76.4128	0.0000	0.0636
126	186.6982	70.6212	0.0000	0.0641
127	186.6982	85.1974	0.0000	0.0646
128	186.6982	79.1479	0.0000	0.0651
129	186.6982	79.4347	0.0000	0.0656
130	186.6982	71.4941	0.0000	0.0661
131	186.6982	73.5723	0.0000	0.0666
132	186.6982	72.6878	0.0000	0.0671
133	186.6982	86.2380	0.0000	0.0676
134	186.6982	80.1747	0.0000	0.0681
135	186.6982	87.3292	0.0000	0.0686
136	186.6982	69.6086	0.0000	0.0691
137	186.6982	75.5034	0.0000	0.0695
138	186.6982	79.2565	0.0000	0.0700
139	186.6982	74.0293	0.0000	0.0705
140	186.7069	78.2515	0.0000	0.0710
141	186.7069	77.3328	0.0000	0.0715
142	186.7069	78.1233	0.0000	0.0720
143	186.7069	77.3490	0.0000	0.0725
144	186.7069	78.7533	0.0000	0.0729
145	186.7069	76.0600	0.0000	0.0734
146	186.7069	80.1293	0.0000	0.0739
147	186.7069	74.2871	0.0000	0.0744
148	186.7199	74.1821	0.0000	0.0749
149	186.7199	75.2564	0.0000	0.0754
150	186.7199	68.9900	0.0000	0.0758
151	186.7199	74.9554	0.0000	0.0763
152	186.7199	69.3828	0.0000	0.0768
153	186.7199	79.9752	0.0000	0.0773
154	186.7199	65.4637	0.0000	0.0778
155	186.7199	70.8719	0.0000	0.0783
156	186.7199	80.7828	0.0000	0.0788
157	186.7199	74.0886	0.0000	0.0793
158	186.7199	86.0063	0.0000	0.0798
159	186.7199	70.4038	0.0000	0.0803
160	186.7199	74.5430	0.0000	0.0808
161	186.7199	74.9845	0.0000	0.0813
162	186.7199	80.0437	0.0000	0.0818
163	186.7199	81.7774	0.0000	0.0823
164	186.7199	77.5612	0.0000	0.0828
165	186.7199	65.2595	0.0000	0.0832
166	186.7199	80.1415	0.0000	0.0837
167	186.7199	77.5189	0.0000	0.0842
168	186.7199	85.1812	0.0000	0.0847
169	186.7199	78.7904	0.0000	0.0852
170	186.7199	76.7782	0.0000	0.0856
171	186.7199	74.7634	0.0000	0.0861
172	186.7199	81.7951	0.0000	0.0866
173	186.7199	75.2908	0.0000	0.0871
174	186.7199	89.8469	0.0000	0.0876
175	186.7199	76.1062	0.0000	0.0881
176	186.7199	73.9874	0.0000	0.0886
177	186.7199	77.3613	0.0000	0.0891
178	186.7199	77.1040	0.0000	0.0896
179	186.7199	89.7564	0.0000	0.0901
180	186.7199	73.4213	0.0000	0.0907
181	186.7199	73.0498	0.0000	0.0912
182	186.7199	69.7371	0.0000	0.0917
183	186.7199	75.4039	0.0000	0.0922
184	186.7199	74.0322	0.0000	0.0926
185	186.7199	86.6682	0.0000	0.0931
186	186.7199	76.9607	0.0000	0.0936
187	186.7199	73.6865	0.0000	0.0940
188	186.7199	77.7258	0.0000	0.0946
189	186.7199	80.6015	0.0000	0.0950
190	186.7199	69.4583	0.0000	0.0955
191	186.7199	76.8059	0.0000	0.0960
192	186.7199	86.3033	0.0000	0.0964
193	186.7199	79.6632	0.0000	0.0969
194	186.7199	74.5140	0.0000	0.0974
195	186.7199	79.4985	0.0000	0.0979
196	186.7199	81.9013	0.0000	0.0984
197	186.7199	79.8603	0.0000	0.0989
198	186.7199	73.6009	0.0000	0.0994
199	186.7199	71.6345	0.0000	0.0998
200	186.7199	77.9584	0.0000	0.1003
201	186.7199	66.7688	0.0000	0.1008
202	186.7199	81.0553	0.0000	0.1013
203	186.7199	80.6331	0.0000	0.1017
204	186.7199	80.2260	0.0000	0.1022
205	186.7199	87.4182	0.0000	0.1027
206	186.7199	76.5817	0.0000	0.1032
207	186.7199	77.8613	0.0000	0.1037
208	186.7199	76.7635	0.0000	0.1041
209	186.7199	82.5200	0.0000	0.1046
210	186.7199	79.3036	0.0000	0.1051
211	186.7199	74.0096	0.0000	0.1055
212	186.7199	72.7054	0.0000	0.1060
213	186.7199	79.6045	0.0000	0.1064
214	186.7199	70.6307	0.0000	0.1069
215	186.7199	83.9805	0.0000	0.1074
216	186.7199	78.8640	0.0000	0.1079
217	186.7199	76.0458	0.0000	0.1083
218	186.7199	85.0708	0.0000	0.1088
219	186.7199	75.2900	0.0000	0.1093
220	186.7199	69.1285	0.0000	0.1098
221	186.7199	78.9360	0.0000	0.1103
222	186.7199	74.2058	0.0000	0.1107
223	186.7199	71.5694	0.0000	0.1112
224	186.7199	73.5480	0.0000	0.1117
225	186.7199	70.8632	0.0000	0.1122
226	186.7199	70.6229	0.0000	0.1126
227	186.7199	76.3473	0.0000	0.1131
228	186.7199	70.8549	0.0000	0.1136
229	186.7199	72.0741	0.0000	0.1141
230	186.7199	70.0259	0.0000	0.1145
231	186.7199	82.8179	0.0000	0.1150
232	186.7199	78.8427	0.0000	0.1155
233	186.7199	71.6834	0.0000	0.1160
234	186.7203	89.2205	0.0000	0.1165
235	186.7203	76.8616	0.0000	0.1169
236	186.7203	82.2997	0.0000	0.1174
237	186.7203	74.4009	0.0000	0.1179
238	186.7203	73.5858	0.0000	0.1184
239	186.7203	77.5198	0.0000	0.1188
240	186.7203	70.8376	0.0000	0.1193
241	186.7203	74.8793	0.0000	0.1198
242	186.7203	81.5435	0.0000	0.1203
243	186.7203	76.1074	0.0000	0.1208
244	186.7203	79.8423	0.0000	0.1212
245	186.7203	71.9364	0.0000	0.1217
246	186.7203	76.4170	0.0000	0.1222
247	186.7203	72.7620	0.0000	0.1226
248	186.7203	81.6761	0.0000	0.1231
249	186.7203	73.5998	0.0000	0.1238
250	186.7203	81.8042	0.0000	0.1243
251	186.7203	87.2999	0.0000	0.1248
252	186.7203	74.2987	0.0000	0.1254
253	186.7203	75.9714	0.0000	0.1260
254	186.7203	78.3834	0.0000	0.1265
255	186.7203	76.5491	0.0000	0.1269
256	186.7203	82.6443	0.0000	0.1274
257	186.7203	87.3551	0.0000	0.1279
258	186.7203	82.4342	0.0000	0.1284
259	186.7203	72.5456	0.0000	0.1289
260	186.7203	80.0610	0.0000	0.1294
261	186.7203	78.8949	0.0000	0.1299
262	186.7203	84.5392	0.0000	0.1304
263	186.7203	85.9707	0.0000	0.1308
264	186.7203	71.1983	0.0000	0.1313
265	186.7203	74.1300	0.0000	0.1318
266	186.7203	80.3564	0.0000	0.1322
267	186.7203	81.9177	0.0000	0.1327
268	186.7203	75.2505	0.0000	0.1332
269	186.7203	84.4494	0.0000	0.1337
270	186.7203	81.7486	0.0000	0.1342
271	186.7203	77.7600	0.0000	0.1347
272	186.7203	83.6594	0.0000	0.1351
273	186.7203	69.9194	0.0000	0.1356
274	186.7203	73.1874	0.0000	0.1361
275	186.7203	86.5023	0.0000	0.1366
276	186.7203	75.1101	0.0000	0.1371
277	186.7203	83.1829	0.0000	0.1376
278	186.7203	82.1974	0.0000	0.1381
279	186.7203	88.4912	0.0000	0.1385
280	186.7203	80.2982	0.0000	0.1390
281	186.7203	76.8911	0.0000	0.1395
282	186.7203	81.1418	0.0000	0.1400
283	186.7203	81.5170	0.0000	0.1405
284	186.7203	81.5390	0.0000	0.1410
285	186.7203	81.2335	0.0000	0.1415
286	186.7203	85.0024	0.0000	0.1419
287	186.7203	67.7934	0.0000	0.1424
288	186.7203	78.1270	0.0000	0.1429
289	186.7254	72.2580	0.0000	0.1434
290	186.7254	86.3102	0.0000	0.1439
291	186.7254	78.7971	0.0000	0.1444
292	186.7254	70.3822	0.0000	0.1449
293	186.7254	77.6448	0.0000	0.1454
294	186.7254	72.4459	0.0000	0.1459
295	186.7254	82.0237	0.0000	0.1464
296	186.7254	72.7436	0.0000	0.1469
297	186.7254	77.7579	0.0000	0.1474
298	186.7254	74.4064	0.0000	0.1479
299	186.7254	78.4156	0.0000	0.1484
300	186.7254	78.6267	0.0000	0.1489
301	186.7254	77.4582	0.0000	0.1494
302	186.7254	81.1403	0.0000	0.1499
303	186.7254	74.7447	0.0000	0.1504
304	186.7254	87.7702	0.0000	0.1508
305	186.7254	80.5282	0.0000	0.1513
306	186.7254	78.0291	0.0000	0.1518
307	186.7254	85.8870	0.0000	0.1522
308	186.7254	87.6509	0.0000	0.1527
309	186.7254	83.9930	0.0000	0.1532
310	186.7254	82.0112	0.0000	0.1536
311	186.7254	78.0714	0.0000	0.1541
312	186.7254	87.1292	0.0000	0.1546
313	186.7254	87.6523	0.0000	0.1550
314	186.7254	88.4984	0.0000	0.1555
315	186.7254	82.6033	0.0000	0.1559
316	186.7254	92.5704	0.0000	0.1564
317	186.7254	85.1082	0.0000	0.1568
318	186.7254	83.6665	0.0000	0.1573
319	186.7254	84.2240	0.0000	0.1578
320	186.7254	79.7278	0.0000	0.1582
321	186.7254	76.3230	0.0000	0.1587
322	186.7254	74.9505	0.0000	0.1592
323	186.7254	80.3497	0.0000	0.1596
324	186.7254	81.4718	0.0000	0.1601
325	186.7254	80.5535	0.0000	0.1606
326	186.7256	89.6495	0.0000	0.1610
327	186.7256	81.3131	0.0000	0.1615
328	186.7256	86.2486	0.0000	0.1620
329	186.7256	81.1066	0.0000	0.1624
330	186.7256	78.0673	0.0000	0.1629
331	186.7256	78.3748	0.0000	0.1634
332	186.7256	82.9368	0.0000	0.1638
333	186.7256	79.9640	0.0000	0.1643
334	186.7256	75.2002	0.0000	0.1647
335	186.7256	79.9426	0.0000	0.1652
336	186.7256	81.2610	0.0000	0.1657
337	186.7256	71.0115	0.0000	0.1661
338	186.7256	72.7710	0.0000	0.1666
339	186.7256	76.7974	0.0000	0.1670
340	186.7256	79.3671	0.0000	0.1675
341	186.7256	86.5626	0.0000	0.1679
342	186.7256	74.6631	0.0000	0.1684
343	186.7256	75.7723	0.0000	0.1688
344	186.7256	81.9770	0.0000	0.1693
345	186.7256	77.3704	0.0000	0.1697
346	186.7256	83.9949	0.0000	0.1702
347	186.7256	89.1758	0.0000	0.1706
348	186.7256	84.0645	0.0000	0.1711
349	186.7256	87.9832	0.0000	0.1716
350	186.7256	78.8584	0.0000	0.1720
351	186.7256	70.8704	0.0000	0.1725
352	186.7256	83.1835	0.0000	0.1730
353	186.7256	79.5742	0.0000	0.1734
354	186.7256	77.0231	0.0000	0.1739
355	186.7256	79.4061	0.0000	0.1743
356	186.7256	79.1178	0.0000	0.1748
357	186.7256	77.0357	0.0000	0.1752
358	186.7256	80.9925	0.0000	0.1757
359	186.7256	74.8035	0.0000	0.1761
360	186.7256	77.7302	0.0000	0.1766
361	186.7256	86.1499	0.0000	0.1770
362	186.7256	77.8429	0.0000	0.1775
363	186.7256	83.6322	0.0000	0.1779
364	186.7256	72.9349	0.0000	0.1784
365	186.7256	74.1251	0.0000	0.1788
366	186.7256	81.4977	0.0000	0.1793
367	186.7256	77.1030	0.0000	0.1798
368	186.7256	81.9289	0.0000	0.1802
369	186.7297	85.9442	0.0000	0.1807
370	186.7297	74.3309	0.0000	0.1811
371	186.7297	67.6984	0.0000	0.1815
372	186.7297	80.8956	0.0000	0.1820
373	186.7297	81.9542	0.0000	0.1825
374	186.7297	85.7480	0.0000	0.1829
375	186.7297	80.9375	0.0000	0.1834
376	186.7297	83.5823	0.0000	0.1839
377	186.7297	81.7398	0.0000	0.1843
378	186.7297	80.3531	0.0000	0.1848
379	186.7297	77.0780	0.0000	0.1852
380	186.7297	78.4759	0.0000	0.1857
381	186.7297	73.9854	0.0000	0.1861
382	186.7297	85.3417	0.0000	0.1866
383	186.7297	81.0792	0.0000	0.1870
384	186.7297	88.7700	0.0000	0.1875
385	186.7297	77.2151	0.0000	0.1879
386	186.7297	73.4541	0.0000	0.1884
387	186.7297	83.4514	0.0000	0.1888
388	186.7297	86.4332	0.0000	0.1893
389	186.7297	78.7733	0.0000	0.1898
390	186.7297	82.4455	0.0000	0.1903
391	186.7297	81.9516	0.0000	0.1907
392	186.7298	94.2400	0.0000	0.1912
393	186.7298	82.9973	0.0000	0.1916
394	186.7298	77.5295	0.0000	0.1921
395	186.7298	76.9117	0.0000	0.1926
396	186.7298	80.4493	0.0000	0.1930
397	186.7298	83.6806	0.0000	0.1935
398	186.7298	85.5705	0.0000	0.1939
399	186.7298	71.6009	0.0000	0.1944
400	186.7298	81.7775	0.0000	0.1948
401	186.7298	74.4417	0.0000	0.1953
402	186.7298	82.2574	0.0000	0.1958
403	186.7298	77.0181	0.0000	0.1962
404	186.7298	84.0584	0.0000	0.1967
405	186.7298	83.5781	0.0000	0.1972
406	186.7307	90.6527	0.0000	0.1976
407	186.7307	76.7406	0.0000	0.1981
408	186.7307	81.6859	0.0000	0.1986
409	186.7307	80.5086	0.0000	0.1991
410	186.7307	78.2075	0.0000	0.1995
411	186.7307	80.8382	0.0000	0.2000
412	186.7307	73.4115	0.0000	0.2004
413	186.7307	76.9546	0.0000	0.2009
414	186.7307	81.9156	0.0000	0.2014
415	186.7307	83.9249	0.0000	0.2018
416	186.7307	79.5383	0.0000	0.2023
417	186.7307	84.4033	0.0000	0.2027
418	186.7307	87.4364	0.0000	0.2032
419	186.7307	81.3712	0.0000	0.2036
420	186.7307	81.2165	0.0000	0.2041
421	186.7307	80.1182	0.0000	0.2046
422	186.7307	78.6069	0.0000	0.2050
423	186.7307	89.2550	0.0000	0.2055
424	186.7307	79.9676	0.0000	0.2060
425	186.7307	78.0082	0.0000	0.2064
426	186.7307	88.6871	0.0000	0.2069
427	186.7307	88.0734	0.0000	0.2073
428	186.7307	85.3740	0.0000	0.2078
429	186.7307	78.6528	0.0000	0.2082
430	186.7307	74.9864	0.0000	0.2087
431	186.7307	77.6665	0.0000	0.2092
432	186.7307	79.5132	0.0000	0.2096
433	186.7307	68.7328	0.0000	0.2101
434	186.7307	87.3810	0.0000	0.2106
435	186.7307	84.5356	0.0000	0.2110
436	186.7307	81.1434	0.0000	0.2115
437	186.7307	79.6471	0.0000	0.2120
438	186.7307	79.0389	0.0000	0.2124
439	186.7307	76.9022	0.0000	0.2129
440	186.7307	81.1835	0.0000	0.2133
441	186.7307	86.2986	0.0000	0.2138
442	186.7307	73.2592	0.0000	0.2142
443	186.7307	82.3658	0.0000	0.2147
444	186.7307	80.1500	0.0000	0.2151
445	186.7307	82.2036	0.0000	0.2156
446	186.7307	85.9434	0.0000	0.2160
447	186.7307	90.7177	0.0000	0.2165
448	186.7307	74.4904	0.0000	0.2169
449	186.7307	91.2655	0.0000	0.2174
450	186.7307	73.0321	0.0000	0.2179
451	186.7307	84.4100	0.0000	0.2183
452	186.7307	87.1356	0.0000	0.2188
453	186.7307	81.4128	0.0000	0.2192
454	186.7307	80.0472	0.0000	0.2197
455	186.7307	77.3855	0.0000	0.2201
456	186.7307	79.5937	0.0000	0.2206
457	186.7307	81.9083	0.0000	0.2210
458	186.7307	84.7378	0.0000	0.2215
459	186.7307	77.0897	0.0000	0.2220
460	186.7307	86.1723	0.0000	0.2224
461	186.7307	78.6080	0.0000	0.2229
462	186.7307	77.5354	0.0000	0.2233
463	186.7307	75.1241	0.0000	0.2238
464	186.7307	78.7107	0.0000	0.2242
465	186.7307	71.6698	0.0000	0.2247
466	186.7307	87.5800	0.0000	0.2251
467	186.7307	85.3967	0.0000	0.2256
468	186.7307	77.6758	0.0000	0.2260
469	186.7307	87.3285	0.0000	0.2264
470	186.7307	89.0054	0.0000	0.2269
471	186.7307	88.5612	0.0000	0.2274
472	186.7307	81.0285	0.0000	0.2278
473	186.7307	90.5289	0.0000	0.2282
474	186.7307	81.9099	0.0000	0.2287
475	186.7307	78.5231	0.0000	0.2291
476	186.7307	84.6994	0.0000	0.2296
477	186.7307	79.1587	0.0000	0.2300
478	186.7307	82.2727	0.0000	0.2304
479	186.7307	88.5903	0.0000	0.2309
480	186.7307	81.0963	0.0000	0.2313
481	186.7307	77.9911	0.0000	0.2318
482	186.7307	83.5079	0.0000	0.2322
483	186.7307	83.0316	0.0000	0.2326
484	186.7307	88.3508	0.0000	0.2331
485	186.7307	81.8812	0.0000	0.2335
486	186.7307	90.3965	0.0000	0.2340
487	186.7307	84.4929	0.0000	0.2345
488	186.7307	88.9809	0.0000	0.2349
489	186.7307	86.3411	0.0000	0.2354
490	186.7307	87.7486	0.0000	0.2358
491	186.7307	80.3131	0.0000	0.2363
492	186.7307	79.3463	0.0000	0.2367
493	186.7307	76.4993	0.0000	0.2372
494	186.7307	81.8953	0.0000	0.2376
495	186.7307	76.0977	0.0000	0.2381
496	186.7307	84.5651	0.0000	0.2385
497	186.7307	85.7679	0.0000	0.2390
498	186.7307	85.4334	0.0000	0.2394
499	186.7307	83.6103	0.0000	0.2398
500	186.7307	82.3880	0.0000	0.2403
501	186.7307	82.4084	0.0000	0.2407
502	186.7307	82.4875	0.0000	0.2412
503	186.7307	82.7739	0.0000	0.2416
504	186.7307	83.8969	0.0000	0.2420
505	186.7307	88.0037	0.0000	0.2425
506	186.7307	84.3848	0.0000	0.2429
507	186.7307	73.9860	0.0000	0.2433
508	186.7307	76.2748	0.0000	0.2438
509	186.7307	90.0876	0.0000	0.2442
510	186.7307	82.9974	0.0000	0.2447
511	186.7307	90.2996	0.0000	0.2451
512	186.7307	91.9132	0.0000	0.2456
513	186.7307	85.4934	0.0000	0.2460
514	186.7307	87.5616	0.0000	0.2464
515	186.7307	81.8596	0.0000	0.2469
516	186.7307	81.1483	0.0000	0.2473
517	186.7307	75.1558	0.0000	0.2477
518	186.7307	88.8136	0.0000	0.2482
519	186.7307	85.1808	0.0000	0.2486
520	186.7307	81.8199	0.0000	0.2490
521	186.7307	80.3620	0.0000	0.2495
522	186.7307	80.3676	0.0000	0.2499
523	186.7307	78.1089	0.0000	0.2504
524	186.7307	79.3386	0.0000	0.2508
525	186.7307	79.7246	0.0000	0.2513
526	186.7307	79.6103	0.0000	0.2517
527	186.7307	87.0890	0.0000	0.2521
528	186.7307	84.1300	0.0000	0.2526
529	186.7307	81.0792	0.0000	0.2530
530	186.7307	84.0190	0.0000	0.2535
531	186.7307	90.8187	0.0000	0.2539
532	186.7307	81.5615	0.0000	0.2543
533	186.7307	83.1916	0.0000	0.2548
534	186.7307	78.4568	0.0000	0.2553
535	186.7307	79.4818	0.0000	0.2557
536	186.7307	82.7610	0.0000	0.2561
537	186.7307	72.3558	0.0000	0.2566
538	186.7307	81.6489	0.0000	0.2570
539	186.7307	94.0421	0.0000	0.2574
540	186.7307	80.8600	0.0000	0.2579
541	186.7307	92.9767	0.0000	0.2583
542	186.7307	78.7323	0.0000	0.2587
543	186.7307	79.4113	0.0000	0.2592
544	186.7307	85.0805	0.0000	0.2596
545	186.7307	78.4084	0.0000	0.2601
546	186.7307	82.8861	0.0000	0.2605
547	186.7307	85.6563	0.0000	0.2610
548	186.7307	75.3825	0.0000	0.2614
549	186.7307	83.8122	0.0000	0.2618
550	186.7307	73.4009	0.0000	0.2623
551	186.7307	76.9993	0.0000	0.2628
552	186.7307	78.7824	0.0000	0.2632
553	186.7307	82.8135	0.0000	0.2637
554	186.7307	90.2334	0.0000	0.2642
555	186.7307	85.6818	0.0000	0.2646
556	186.7307	88.1810	0.0000	0.2650
557	186.7307	72.8686	0.0000	0.2655
558	186.7307	84.4301	0.0000	0.2659
559	186.7307	89.7839	0.0000	0.2664
560	186.7309	79.0127	0.0000	0.2668
561	186.7309	79.1589	0.0000	0.2673
562	186.7309	90.7731	0.0000	0.2677
563	186.7309	82.8802	0.0000	0.2682
564	186.7309	84.6081	0.0000	0.2686
565	186.7309	81.1036	0.0000	0.2691
566	186.7309	82.9193	0.0000	0.2695
567	186.7309	90.5419	0.0000	0.2700
568	186.7309	80.8754	0.0000	0.2704
569	186.7309	80.1968	0.0000	0.2709
570	186.7309	85.8745	0.0000	0.2713
571	186.7309	90.1893	0.0000	0.2718
572	186.7309	75.4231	0.0000	0.2722
573	186.7309	85.2535	0.0000	0.2727
574	186.7309	88.7338	0.0000	0.2732
575	186.7309	82.7615	0.0000	0.2736
576	186.7309	76.2340	0.0000	0.2741
577	186.7309	83.7295	0.0000	0.2746
578	186.7309	80.1593	0.0000	0.2750
579	186.7309	85.5463	0.0000	0.2755
580	186.7309	94.3039	0.0000	0.2759
581	186.7309	87.4702	0.0000	0.2764
582	186.7309	78.5140	0.0000	0.2768
583	186.7309	78.4196	0.0000	0.2773
584	186.7309	79.8109	0.0000	0.2777
585	186.7309	86.8383	0.0000	0.2781
586	186.7309	79.3227	0.0000	0.2786
587	186.7309	74.4713	0.0000	0.2790
588	186.7309	78.3628	0.0000	0.2795
589	186.7309	86.2167	0.0000	0.2799
590	186.7309	81.7020	0.0000	0.2804
591	186.7309	83.9261	0.0000	0.2808
592	186.7309	80.2694	0.0000	0.2813
593	186.7309	82.2230	0.0000	0.2817
594	186.7309	77.2433	0.0000	0.2821
595	186.7309	85.9961	0.0000	0.2826
596	186.7309	80.4532	0.0000	0.2831
597	186.7309	81.9458	0.0000	0.2835
598	186.7309	91.7444	0.0000	0.2840
599	186.7309	88.7933	0.0000	0.2845
600	186.7309	79.8230	0.0000	0.2849
601	186.7309	83.1503	0.0000	0.2854
602	186.7309	79.5511	0.0000	0.2858
603	186.7309	81.0991	0.0000	0.2862
604	186.7309	75.5021	0.0000	0.2867
605	186.7309	90.9736	0.0000	0.2871
606	186.7309	73.3279	0.0000	0.2875
607	186.7309	80.7573	0.0000	0.2879
608	186.7309	87.3768	0.0000	0.2884
609	186.7309	79.8315	0.0000	0.2888
610	186.7309	78.3729	0.0000	0.2892
611	186.7309	83.2939	0.0000	0.2897
612	186.7309	80.4828	0.0000	0.2901
613	186.7309	87.2833	0.0000	0.2906
614	186.7309	81.0347	0.0000	0.2911
615	186.7309	89.7492	0.0000	0.2915
616	186.7309	83.0731	0.0000	0.2919
617	186.7309	80.4197	0.0000	0.2924
618	186.7309	83.7646	0.0000	0.2928
619	186.7309	81.1584	0.0000	0.2932
620	186.7309	79.1462	0.0000	0.2936
621	186.7309	68.0443	0.0000	0.2940
622	186.7309	78.8041	0.0000	0.2944
623	186.7309	78.0266	0.0000	0.2949
624	186.7309	85.9931	0.0000	0.2953
625	186.7309	88.0246	0.0000	0.2957
626	186.7309	81.2732	0.0000	0.2961
627	186.7309	76.7689	0.0000	0.2965
628	186.7309	87.3525	0.0000	0.2970
629	186.7309	82.6767	0.0000	0.2974
630	186.7309	80.4478	0.0000	0.2978
631	186.7309	78.3012	0.0000	0.2983
632	186.7309	81.1490	0.0000	0.2987
633	186.7309	80.6191	0.0000	0.2991
634	186.7309	80.1534	0.0000	0.2995
635	186.7309	80.4926	0.0000	0.2999
636	186.7309	83.6370	0.0000	0.3003
637	186.7309	83.6776	0.0000	0.3008
638	186.7309	80.4213	0.0000	0.3012
639	186.7309	79.4020	0.0000	0.3016
640	186.7309	85.3284	0.0000	0.3021
641	186.7309	83.8318	0.0000	0.3025
642	186.7309	70.8625	0.0000	0.3029
643	186.7309	93.3352	0.0000	0.3033
644	186.7309	90.4000	0.0000	0.3037
645	186.7309	81.4470	0.0000	0.3042
646	186.7309	85.5139	0.0000	0.3046
647	186.7309	91.2133	0.0000	0.3050
648	186.7309	84.3371	0.0000	0.3054
649	186.7309	90.9461	0.0000	0.3058
650	186.7309	75.8070	0.0000	0.3062
651	186.7309	86.5665	0.0000	0.3067
652	186.7309	78.7754	0.0000	0.3071
653	186.7309	78.6603	0.0000	0.3076
654	186.7309	77.8293	0.0000	0.3080
655	186.7309	76.3401	0.0000	0.3084
656	186.7309	82.4426	0.0000	0.3088
657	186.7309	75.9299	0.0000	0.3093
658	186.7309	78.4771	0.0000	0.3097
659	186.7309	71.2227	0.0000	0.3101
660	186.7309	78.6923	0.0000	0.3106
661	186.7309	80.3197	0.0000	0.3110
662	186.7309	79.6370	0.0000	0.3114
663	186.7309	81.4853	0.0000	0.3118
664	186.7309	73.8191	0.0000	0.3123
665	186.7309	83.5576	0.0000	0.3127
666	186.7309	75.3128	0.0000	0.3132
667	186.7309	86.4695	0.0000	0.3136
668	186.7309	82.8916	0.0000	0.3140
669	186.7309	85.4043	0.0000	0.3144
670	186.7309	83.8874	0.0000	0.3149
671	186.7309	85.9852	0.0000	0.3153
672	186.7309	82.2452	0.0000	0.3158
673	186.7309	79.6553	0.0000	0.3162
674	186.7309	89.8795	0.0000	0.3166
675	186.7309	92.6809	0.0000	0.3170
676	186.7309	82.8437	0.0000	0.3175
677	186.7309	80.3497	0.0000	0.3179
678	186.7309	77.4191	0.0000	0.3183
679	186.7309	80.8433	0.0000	0.3187
680	186.7309	86.6569	0.0000	0.3192
681	186.7309	83.3946	0.0000	0.3196
682	186.7309	83.5818	0.0000	0.3200
683	186.7309	87.6147	0.0000	0.3204
684	186.7309	83.9195	0.0000	0.3208
685	186.7309	91.1847	0.0000	0.3212
686	186.7309	75.7893	0.0000	0.3217
687	186.7309	91.3293	0.0000	0.3221
688	186.7309	77.0480	0.0000	0.3225
689	186.7309	77.6603	0.0000	0.3229
690	186.7309	80.9721	0.0000	0.3234
691	186.7309	88.2336	0.0000	0.3238
692	186.7309	89.3070	0.0000	0.3242
693	186.7309	84.5143	0.0000	0.3247
694	186.7309	81.7743	0.0000	0.3251
695	186.7309	71.5420	0.0000	0.3256
696	186.7309	77.0212	0.0000	0.3260
697	186.7309	85.5271	0.0000	0.3264
698	186.7309	78.2343	0.0000	0.3268
699	186.7309	76.0877	0.0000	0.3273
700	186.7309	86.6486	0.0000	0.3277
701	186.7309	77.3543	0.0000	0.3282
702	186.7309	75.0732	0.0000	0.3286
703	186.7309	86.2182	0.0000	0.3290
704	186.7309	90.3524	0.0000	0.3294
705	186.7309	96.0698	0.0000	0.3299
706	186.7309	87.2998	0.0000	0.3303
707	186.7309	82.9547	0.0000	0.3307
708	186.7309	81.0077	0.0000	0.3311
709	186.7309	86.5936	0.0000	0.3315
710	186.7309	82.3814	0.0000	0.3319
711	186.7309	73.5888	0.0000	0.3324
712	186.7309	74.3464	0.0000	0.3328
713	186.7309	75.2921	0.0000	0.3332
714	186.7309	88.1876	0.0000	0.3336
715	186.7309	82.1934	0.0000	0.3340
716	186.7309	84.3291	0.0000	0.3345
717	186.7309	74.8455	0.0000	0.3349
718	186.7309	86.6680	0.0000	0.3353
719	186.7309	69.6058	0.0000	0.3357
720	186.7309	78.0732	0.0000	0.3361
721	186.7309	77.9452	0.0000	0.3365
722	186.7309	85.1351	0.0000	0.3370
723	186.7309	69.0345	0.0000	0.3374
724	186.7309	80.7600	0.0000	0.3378
725	186.7309	82.1284	0.0000	0.3382
726	186.7309	85.0392	0.0000	0.3386
727	186.7309	93.9156	0.0000	0.3390
728	186.7309	75.5208	0.0000	0.3394
729	186.7309	84.1523	0.0000	0.3398
730	186.7309	84.9775	0.0000	0.3402
731	186.7309	86.9493	0.0000	0.3407
732	186.7309	69.5973	0.0000	0.3411
733	186.7309	83.4203	0.0000	0.3415
734	186.7309	84.6420	0.0000	0.3419
735	186.7309	86.0651	0.0000	0.3423
736	186.7309	86.9859	0.0000	0.3427
737	186.7309	79.0884	0.0000	0.3431
738	186.7309	82.2479	0.0000	0.3436
739	186.7309	74.8329	0.0000	0.3440
740	186.7309	82.1350	0.0000	0.3444
741	186.7309	86.4310	0.0000	0.3449
742	186.7309	76.8079	0.0000	0.3453
743	186.7309	82.0276	0.0000	0.3457
744	186.7309	83.3316	0.0000	0.3462
745	186.7309	84.1748	0.0000	0.3466
746	186.7309	87.4869	0.0000	0.3470
747	186.7309	86.7422	0.0000	0.3474
748	186.7309	77.1454	0.0000	0.3479
749	186.7309	85.3507	0.0000	0.3483
750	186.7309	89.5060	0.0000	0.3487
751	186.7309	83.5784	0.0000	0.3492
752	186.7309	80.3697	0.0000	0.3496
753	186.7309	89.1964	0.0000	0.3500
754	186.7309	77.1108	0.0000	0.3504
755	186.7309	81.3735	0.0000	0.3508
756	186.7309	79.5142	0.0000	0.3512
757	186.7309	90.5819	0.0000	0.3517
758	186.7309	86.0599	0.0000	0.3521
759	186.7309	78.0312	0.0000	0.3525
760	186.7309	80.3892	0.0000	0.3529
761	186.7309	78.7551	0.0000	0.3534
762	186.7309	76.4499	0.0000	0.3538
763	186.7309	76.6910	0.0000	0.3542
764	186.7309	80.6044	0.0000	0.3546
765	186.7309	86.0933	0.0000	0.3550
766	186.7309	77.2459	0.0000	0.3555
767	186.7309	80.9975	0.0000	0.3559
768	186.7309	78.9823	0.0000	0.3563
769	186.7309	83.4957	0.0000	0.3567
770	186.7309	92.0930	0.0000	0.3572
771	186.7309	91.3169	0.0000	0.3576
772	186.7309	72.2991	0.0000	0.3581
773	186.7309	78.0473	0.0000	0.3585
774	186.7309	93.5668	0.0000	0.3589
775	186.7309	82.0138	0.0000	0.3593
776	186.7309	85.5310	0.0000	0.3597
777	186.7309	72.5898	0.0000	0.3601
778	186.7309	79.4120	0.0000	0.3605
779	186.7309	82.7612	0.0000	0.3609
780	186.7309	81.1471	0.0000	0.3614
781	186.7309	79.6924	0.0000	0.3618
782	186.7309	75.8762	0.0000	0.3622
783	186.7309	88.8785	0.0000	0.3626
784	186.7309	83.7308	0.0000	0.3630
785	186.7309	83.9947	0.0000	0.3634
786	186.7309	84.6243	0.0000	0.3638
787	186.7309	78.9508	0.0000	0.3643
788	186.7309	87.3679	0.0000	0.3647
789	186.7309	75.0087	0.0000	0.3651
790	186.7309	82.2181	0.0000	0.3655
791	186.7309	90.5307	0.0000	0.3659
792	186.7309	85.0424	0.0000	0.3663
793	186.7309	79.6052	0.0000	0.3667
794	186.7309	87.2988	0.0000	0.3671
795	186.7309	81.2843	0.0000	0.3675
796	186.7309	88.9853	0.0000	0.3680
797	186.7309	75.5470	0.0000	0.3684
798	186.7309	83.7528	0.0000	0.3688
799	186.7309	85.1598	0.0000	0.3692
800	186.7309	80.7596	0.0000	0.3696
801	186.7309	91.7557	0.0000	0.3701
802	186.7309	81.2319	0.0000	0.3705
803	186.7309	89.2158	0.0000	0.3709
804	186.7309	76.3332	0.0000	0.3713
805	186.7309	80.4456	0.0000	0.3717
806	186.7309	77.7549	0.0000	0.3721
807	186.7309	82.0653	0.0000	0.3725
808	186.7309	87.1370	0.0000	0.3729
809	186.7309	79.3807	0.0000	0.3733
810	186.7309	81.0051	0.0000	0.3737
811	186.7309	82.8731	0.0000	0.3741
812	186.7309	85.3910	0.0000	0.3745
813	186.7309	80.6057	0.0000	0.3749
814	186.7309	86.0731	0.0000	0.3754
815	186.7309	82.8970	0.0000	0.3758
816	186.7309	80.2844	0.0000	0.3761
817	186.7309	80.5471	0.0000	0.3765
818	186.7309	84.3511	0.0000	0.3769
819	186.7309	78.0391	0.0000	0.3773
820	186.7309	79.4376	0.0000	0.3777
821	186.7309	77.3007	0.0000	0.3781
822	186.7309	84.1430	0.0000	0.3785
823	186.7309	88.4740	0.0000	0.3789
824	186.7309	79.7667	0.0000	0.3793
825	186.7309	78.4172	0.0000	0.3797
826	186.7309	75.1785	0.0000	0.3801
827	186.7309	82.3959	0.0000	0.3805
828	186.7309	83.1780	0.0000	0.3809
829	186.7309	75.8633	0.0000	0.3813
830	186.7309	79.9315	0.0000	0.3817
831	186.7309	76.7159	0.0000	0.3821
832	186.7309	87.7918	0.0000	0.3825
833	186.7309	89.3064	0.0000	0.3829
834	186.7309	82.1564	0.0000	0.3833
835	186.7309	90.9204	0.0000	0.3837
836	186.7309	88.0424	0.0000	0.3841
837	186.7309	84.2128	0.0000	0.3845
838	186.7309	86.2352	0.0000	0.3849
839	186.7309	91.1374	0.0000	0.3853
840	186.7309	76.8854	0.0000	0.3856
841	186.7309	93.6174	0.0000	0.3860
842	186.7309	85.6781	0.0000	0.3865
843	186.7309	80.9961	0.0000	0.3868
844	186.7309	90.6653	0.0000	0.3873
845	186.7309	85.4279	0.0000	0.3877
846	186.7309	75.3844	0.0000	0.3881
847	186.7309	85.7326	0.0000	0.3885
848	186.7309	79.2271	0.0000	0.3889
849	186.7309	83.5865	0.0000	0.3893
850	186.7309	88.1440	0.0000	0.3897
851	186.7309	87.2123	0.0000	0.3902
852	186.7309	84.9345	0.0000	0.3906
853	186.7309	91.1058	0.0000	0.3910
854	186.7309	78.5660	0.0000	0.3914
855	186.7309	85.2826	0.0000	0.3918
856	186.7309	86.5969	0.0000	0.3922
857	186.7309	82.2640	0.0000	0.3926
858	186.7309	76.7833	0.0000	0.3930
859	186.7309	78.4281	0.0000	0.3934
860	186.7309	86.2635	0.0000	0.3939
861	186.7309	89.8136	0.0000	0.3943
862	186.7309	95.6965	0.0000	0.3947
863	186.7309	83.9976	0.0000	0.3951
864	186.7309	79.5080	0.0000	0.3955
865	186.7309	75.8628	0.0000	0.3959
866	186.7309	77.2116	0.0000	0.3963
867	186.7309	70.8430	0.0000	0.3967
868	186.7309	77.2324	0.0000	0.3971
869	186.7309	74.8939	0.0000	0.3975
870	186.7309	78.2242	0.0000	0.3979
871	186.7309	78.6542	0.0000	0.3984
872	186.7309	86.7963	0.0000	0.3988
873	186.7309	82.4891	0.0000	0.3992
874	186.7309	79.4434	0.0000	0.3996
875	186.7309	78.2356	0.0000	0.4000
876	186.7309	78.9191	0.0000	0.4004
877	186.7309	88.7109	0.0000	0.4008
878	186.7309	88.9773	0.0000	0.4012
879	186.7309	84.7490	0.0000	0.4016
880	186.7309	83.3492	0.0000	0.4021
881	186.7309	80.1730	0.0000	0.4025
882	186.7309	78.7020	0.0000	0.4029
883	186.7309	85.7318	0.0000	0.4034
884	186.7309	76.6364	0.0000	0.4038
885	186.7309	83.3026	0.0000	0.4042
886	186.7309	80.1333	0.0000	0.4046
887	186.7309	86.7299	0.0000	0.4050
888	186.7309	80.6513	0.0000	0.4054
889	186.7309	92.2283	0.0000	0.4058
890	186.7309	78.9857	0.0000	0.4063
891	186.7309	87.5644	0.0000	0.4067
892	186.7309	82.3977	0.0000	0.4071
893	186.7309	87.6015	0.0000	0.4075
894	186.7309	77.6686	0.0000	0.4079
895	186.7309	86.3589	0.0000	0.4084
896	186.7309	80.3452	0.0000	0.4088
897	186.7309	85.4073	0.0000	0.4092
898	186.7309	83.4907	0.0000	0.4096
899	186.7309	83.9937	0.0000	0.4100
900	186.7309	77.8311	0.0000	0.4104
901	186.7309	79.5031	0.0000	0.4108
902	186.7309	79.8098	0.0000	0.4112
903	186.7309	80.1712	0.0000	0.4116
904	186.7309	74.1620	0.0000	0.4120
905	186.7309	86.4087	0.0000	0.4124
906	186.7309	80.1494	0.0000	0.4128
907	186.7309	82.8327	0.0000	0.4132
908	186.7309	79.6249	0.0000	0.4136
909	186.7309	81.9168	0.0000	0.4140
910	186.7309	81.2620	0.0000	0.4144
911	186.7309	80.2278	0.0000	0.4148
912	186.7309	87.7906	0.0000	0.4152
913	186.7309	78.0674	0.0000	0.4157
914	186.7309	83.6764	0.0000	0.4161
915	186.7309	88.5783	0.0000	0.4165
916	186.7309	84.0726	0.0000	0.4169
917	186.7309	83.9919	0.0000	0.4173
918	186.7309	83.0040	0.0000	0.4177
919	186.7309	81.1120	0.0000	0.4181
920	186.7309	90.0625	0.0000	0.4185
921	186.7309	80.5966	0.0000	0.4189
922	186.7309	90.9766	0.0000	0.4193
923	186.7309	82.9766	0.0000	0.4198
924	186.7309	78.1318	0.0000	0.4202
925	186.7309	84.6888	0.0000	0.4206
926	186.7309	94.6778	0.0000	0.4210
927	186.7309	87.7113	0.0000	0.4214
928	186.7309	72.0800	0.0000	0.4218
929	186.7309	72.1826	0.0000	0.4222
930	186.7309	88.9117	0.0000	0.4226
931	186.7309	83.4535	0.0000	0.4230
932	186.7309	72.5453	0.0000	0.4234
933	186.7309	84.0002	0.0000	0.4238
934	186.7309	75.0333	0.0000	0.4243
935	186.7309	90.1318	0.0000	0.4246
936	186.7309	86.0927	0.0000	0.4251
937	186.7309	85.7743	0.0000	0.4255
938	186.7309	81.7680	0.0000	0.4259
939	186.7309	81.4188	0.0000	0.4263
940	186.7309	86.4696	0.0000	0.4267
941	186.7309	76.5737	0.0000	0.4271
942	186.7309	88.0213	0.0000	0.4275
943	186.7309	85.9333	0.0000	0.4279
944	186.7309	81.4378	0.0000	0.4283
945	186.7309	87.1508	0.0000	0.4287
946	186.7309	80.7189	0.0000	0.4291
947	186.7309	79.4458	0.0000	0.4295
948	186.7309	83.8126	0.0000	0.4298
949	186.7309	76.6645	0.0000	0.4302
950	186.7309	83.2530	0.0000	0.4306
951	186.7309	87.3340	0.0000	0.4311
952	186.7309	82.6315	0.0000	0.4316
953	186.7309	74.2761	0.0000	0.4321
954	186.7309	83.8847	0.0000	0.4326
955	186.7309	81.9468	0.0000	0.4330
956	186.7309	77.8246	0.0000	0.4334
957	186.7309	79.7785	0.0000	0.4338
958	186.7309	77.1580	0.0000	0.4342
959	186.7309	81.4329	0.0000	0.4347
960	186.7309	88.0580	0.0000	0.4351
961	186.7309	90.9878	0.0000	0.4355
962	186.7309	81.4516	0.0000	0.4359
963	186.7309	74.5095	0.0000	0.4364
964	186.7309	85.3992	0.0000	0.4368
965	186.7309	78.5293	0.0000	0.4372
966	186.7309	84.8794	0.0000	0.4376
967	186.7309	87.6610	0.0000	0.4380
968	186.7309	84.3328	0.0000	0.4384
969	186.7309	87.4144	0.0000	0.4388
970	186.7309	75.6752	0.0000	0.4393
971	186.7309	76.0448	0.0000	0.4397
972	186.7309	86.9868	0.0000	0.4401
973	186.7309	94.0953	0.0000	0.4406
974	186.7309	80.3712	0.0000	0.4410
975	186.7309	87.1312	0.0000	0.4414
976	186.7309	82.4202	0.0000	0.4418
977	186.7309	82.1769	0.0000	0.4422
978	186.7309	82.8450	0.0000	0.4426
979	186.7309	78.0103	0.0000	0.4429
980	186.7309	80.1247	0.0000	0.4433
981	186.7309	91.5524	0.0000	0.4437
982	186.7309	87.6432	0.0000	0.4441
983	186.7309	84.9660	0.0000	0.4445
984	186.7309	91.6187	0.0000	0.4449
985	186.7309	80.9458	0.0000	0.4453
986	186.7309	86.2569	0.0000	0.4457
987	186.7309	85.8484	0.0000	0.4461
988	186.7309	86.2091	0.0000	0.4465
989	186.7309	87.8434	0.0000	0.4468
990	186.7309	77.9818	0.0000	0.4472
991	186.7309	80.6222	0.0000	0.4476
992	186.7309	83.8418	0.0000	0.4480
993	186.7309	88.3002	0.0000	0.4484
994	186.7309	85.4072	0.0000	0.4488
995	186.7309	74.5932	0.0000	0.4492
996	186.7309	83.6734	0.0000	0.4496
997	186.7309	88.6155	0.0000	0.4500
998	186.7309	91.3566	0.0000	0.4504
999	186.7309	85.0943	0.0000	0.4507
1000	186.7309	85.5136	0.0000	0.4512
1001	186.7309	84.4075	0.0000	0.4516
1002	186.7309	92.5186	0.0000	0.4520
1003	186.7309	82.7717	0.0000	0.4524
1004	186.7309	79.8655	0.0000	0.4528
1005	186.7309	92.9769	0.0000	0.4531
1006	186.7309	78.4669	0.0000	0.4535
1007	186.7309	83.6350	0.0000	0.4539
1008	186.7309	87.0388	0.0000	0.4543
1009	186.7309	82.2134	0.0000	0.4547
1010	186.7309	86.0880	0.0000	0.4551
1011	186.7309	85.6249	0.0000	0.4555
1012	186.7309	86.1246	0.0000	0.4559
1013	186.7309	81.8447	0.0000	0.4563
1014	186.7309	81.1479	0.0000	0.4567
1015	186.7309	83.1692	0.0000	0.4571
1016	186.7309	81.3920	0.0000	0.4575
1017	186.7309	81.4921	0.0000	0.4579
1018	186.7309	85.2924	0.0000	0.4583
1019	186.7309	87.6361	0.0000	0.4587
1020	186.7309	82.8354	0.0000	0.4591
1021	186.7309	82.2254	0.0000	0.4595
1022	186.7309	93.3731	0.0000	0.4599
1023	186.7309	90.3790	0.0000	0.4602
1024	186.7309	89.8171	0.0000	0.4606
1025	186.7309	84.6357	0.0000	0.4610
1026	186.7309	88.4422	0.0000	0.4614
1027	186.7309	88.2678	0.0000	0.4618
1028	186.7309	83.6361	0.0000	0.4622
1029	186.7309	82.3975	0.0000	0.4626
1030	186.7309	80.0309	0.0000	0.4629
1031	186.7309	81.0806	0.0000	0.4633
1032	186.7309	85.0027	0.0000	0.4637
1033	186.7309	85.6402	0.0000	0.4641
1034	186.7309	80.7326	0.0000	0.4645
1035	186.7309	73.1899	0.0000	0.4649
1036	186.7309	85.2832	0.0000	0.4652
1037	186.7309	85.7290	0.0000	0.4656
1038	186.7309	87.2366	0.0000	0.4660
1039	186.7309	76.9528	0.0000	0.4664
1040	186.7309	79.1484	0.0000	0.4668
1041	186.7309	85.3529	0.0000	0.4672
1042	186.7309	80.9577	0.0000	0.4676
1043	186.7309	83.5578	0.0000	0.4679
1044	186.7309	81.6608	0.0000	0.4683
1045	186.7309	85.0691	0.0000	0.4687
1046	186.7309	81.3154	0.0000	0.4691
1047	186.7309	75.1925	0.0000	0.4695
1048	186.7309	79.1894	0.0000	0.4698
1049	186.7309	83.4443	0.0000	0.4702
1050	186.7309	84.8638	0.0000	0.4706
1051	186.7309	81.8015	0.0000	0.4710
1052	186.7309	81.2035	0.0000	0.4714
1053	186.7309	81.3221	0.0000	0.4717
1054	186.7309	85.6076	0.0000	0.4721
1055	186.7309	83.0031	0.0000	0.4725
1056	186.7309	90.3981	0.0000	0.4729
1057	186.7309	90.7344	0.0000	0.4733
1058	186.7309	87.5786	0.0000	0.4736
1059	186.7309	86.0990	0.0000	0.4740
1060	186.7309	84.2025	0.0000	0.4744
1061	186.7309	91.6162	0.0000	0.4747
1062	186.7309	80.9199	0.0000	0.4751
1063	186.7309	74.8227	0.0000	0.4755
1064	186.7309	81.9147	0.0000	0.4758
1065	186.7309	93.2515	0.0000	0.4762
1066	186.7309	82.9872	0.0000	0.4766
1067	186.7309	81.8661	0.0000	0.4770
1068	186.7309	83.3425	0.0000	0.4773
1069	186.7309	78.2429	0.0000	0.4777
1070	186.7309	81.0586	0.0000	0.4781
1071	186.7309	75.9771	0.0000	0.4784
1072	186.7309	81.6126	0.0000	0.4788
1073	186.7309	75.8269	0.0000	0.4792
1074	186.7309	76.9237	0.0000	0.4796
1075	186.7309	82.7872	0.0000	0.4799
1076	186.7309	88.0526	0.0000	0.4803
1077	186.7309	86.5026	0.0000	0.4807
1078	186.7309	83.7422	0.0000	0.4811
1079	186.7309	88.8602	0.0000	0.4815
1080	186.7309	97.9782	0.0000	0.4818
1081	186.7309	82.2526	0.0000	0.4822
1082	186.7309	80.8385	0.0000	0.4826
1083	186.7309	82.9600	0.0000	0.4830
1084	186.7309	90.5763	0.0000	0.4833
1085	186.7309	85.0459	0.0000	0.4837
1086	186.7309	87.9046	0.0000	0.4841
1087	186.7309	85.4562	0.0000	0.4845
1088	186.7309	86.6137	0.0000	0.4849
1089	186.7309	86.5030	0.0000	0.4853
1090	186.7309	73.9258	0.0000	0.4857
1091	186.7309	82.0305	0.0000	0.4861
1092	186.7309	77.0748	0.0000	0.4865
1093	186.7309	86.4052	0.0000	0.4869
1094	186.7309	83.2364	0.0000	0.4873
1095	186.7309	80.1737	0.0000	0.4877
1096	186.7309	90.3462	0.0000	0.4880
1097	186.7309	88.4449	0.0000	0.4884
1098	186.7309	79.9772	0.0000	0.4888
1099	186.7309	75.0624	0.0000	0.4892
1100	186.7309	76.7337	0.0000	0.4895
1101	186.7309	85.0456	0.0000	0.4899
1102	186.7309	75.4717	0.0000	0.4903
1103	186.7309	77.6487	0.0000	0.4907
1104	186.7309	79.6578	0.0000	0.4911
1105	186.7309	82.5777	0.0000	0.4914
1106	186.7309	76.0746	0.0000	0.4918
1107	186.7309	87.6326	0.0000	0.4922
1108	186.7309	78.3050	0.0000	0.4927
1109	186.7309	81.3606	0.0000	0.4931
1110	186.7309	87.5155	0.0000	0.4934
1111	186.7309	74.5837	0.0000	0.4938
1112	186.7309	81.9137	0.0000	0.4942
1113	186.7309	79.7795	0.0000	0.4945
1114	186.7309	78.7748	0.0000	0.4949
1115	186.7309	86.2688	0.0000	0.4952
1116	186.7309	74.5214	0.0000	0.4956
1117	186.7309	86.8816	0.0000	0.4959
1118	186.7309	86.7600	0.0000	0.4963
1119	186.7309	86.6120	0.0000	0.4967
1120	186.7309	85.5839	0.0000	0.4970
1121	186.7309	81.4551	0.0000	0.4974
1122	186.7309	74.7611	0.0000	0.4978
1123	186.7309	89.3140	0.0000	0.4981
1124	186.7309	80.5393	0.0000	0.4985
1125	186.7309	83.9279	0.0000	0.4988
1126	186.7309	77.7364	0.0000	0.4992
1127	186.7309	83.3211	0.0000	0.4996
1128	186.7309	80.7101	0.0000	0.4999
1129	186.7309	88.3730	0.0000	0.5003
1130	186.7309	84.6138	0.0000	0.5006
1131	186.7309	84.8506	0.0000	0.5010
1132	186.7309	84.8473	0.0000	0.5013
1133	186.7309	78.9146	0.0000	0.5017
1134	186.7309	90.6355	0.0000	0.5020
1135	186.7309	92.4059	0.0000	0.5024
1136	186.7309	80.9824	0.0000	0.5028
1137	186.7309	82.9775	0.0000	0.5031
1138	186.7309	91.5485	0.0000	0.5035
1139	186.7309	81.1645	0.0000	0.5039
1140	186.7309	89.1425	0.0000	0.5042
1141	186.7309	82.4942	0.0000	0.5046
1142	186.7309	86.4407	0.0000	0.5049
1143	186.7309	82.8650	0.0000	0.5053
1144	186.7309	83.8841	0.0000	0.5057
1145	186.7309	91.1733	0.0000	0.5060
1146	186.7309	83.3818	0.0000	0.5064
1147	186.7309	85.9718	0.0000	0.5068
1148	186.7309	82.4024	0.0000	0.5071
1149	186.7309	81.7488	0.0000	0.5075
1150	186.7309	87.8228	0.0000	0.5078
1151	186.7309	85.8243	0.0000	0.5082
1152	186.7309	87.6077	0.0000	0.5086
1153	186.7309	84.6844	0.0000	0.5090
1154	186.7309	81.7859	0.0000	0.5094
1155	186.7309	74.2376	0.0000	0.5098
1156	186.7309	82.8248	0.0000	0.5101
1157	186.7309	81.7715	0.0000	0.5105
1158	186.7309	82.9003	0.0000	0.5109
1159	186.7309	87.8254	0.0000	0.5113
1160	186.7309	79.2876	0.0000	0.5117
1161	186.7309	93.3955	0.0000	0.5120
1162	186.7309	79.8024	0.0000	0.5124
1163	186.7309	85.8640	0.0000	0.5128
1164	186.7309	84.2410	0.0000	0.5132
1165	186.7309	88.9991	0.0000	0.5135
1166	186.7309	84.5784	0.0000	0.5139
1167	186.7309	87.5466	0.0000	0.5143
1168	186.7309	84.2620	0.0000	0.5146
1169	186.7309	85.3757	0.0000	0.5150
1170	186.7309	78.2055	0.0000	0.5154
1171	186.7309	87.3303	0.0000	0.5157
1172	186.7309	75.2358	0.0000	0.5161
1173	186.7309	84.6228	0.0000	0.5165
1174	186.7309	91.2489	0.0000	0.5168
1175	186.7309	82.6875	0.0000	0.5172
1176	186.7309	86.4118	0.0000	0.5175
1177	186.7309	78.0529	0.0000	0.5179
1178	186.7309	78.9115	0.0000	0.5183
1179	186.7309	83.8511	0.0000	0.5186
1180	186.7309	85.9144	0.0000	0.5190
1181	186.7309	77.9990	0.0000	0.5193
1182	186.7309	81.0887	0.0000	0.5197
1183	186.7309	92.5797	0.0000	0.5201
1184	186.7309	82.5041	0.0000	0.5204
1185	186.7309	90.8956	0.0000	0.5208
1186	186.7309	86.3003	0.0000	0.5212
1187	186.7309	79.8449	0.0000	0.5215
1188	186.7309	78.9416	0.0000	0.5220
1189	186.7309	77.0972	0.0000	0.5224
1190	186.7309	84.7034	0.0000	0.5227
1191	186.7309	88.3702	0.0000	0.5231
1192	186.7309	87.7543	0.0000	0.5235
1193	186.7309	85.5095	0.0000	0.5239
1194	186.7309	71.8915	0.0000	0.5242
1195	186.7309	80.5819	0.0000	0.5246
1196	186.7309	88.6454	0.0000	0.5250
1197	186.7309	80.9768	0.0000	0.5253
1198	186.7309	80.5526	0.0000	0.5257
1199	186.7309	84.4332	0.0000	0.5261
1200	186.7309	80.1809	0.0000	0.5264
1201	186.7309	90.6524	0.0000	0.5268
1202	186.7309	86.2168	0.0000	0.5272
1203	186.7309	90.2429	0.0000	0.5275
1204	186.7309	89.8116	0.0000	0.5279
1205	186.7309	83.4923	0.0000	0.5282
1206	186.7309	82.1485	0.0000	0.5286
1207	186.7309	81.6630	0.0000	0.5290
1208	186.7309	91.8192	0.0000	0.5293
1209	186.7309	86.4128	0.0000	0.5297
1210	186.7309	76.0857	0.0000	0.5301
1211	186.7309	86.0770	0.0000	0.5304
1212	186.7309	79.1931	0.0000	0.5308
1213	186.7309	91.5177	0.0000	0.5311
1214	186.7309	85.7126	0.0000	0.5315
1215	186.7309	87.9745	0.0000	0.5318
1216	186.7309	88.9195	0.0000	0.5322
1217	186.7309	78.3493	0.0000	0.5325
1218	186.7309	81.0645	0.0000	0.5329
1219	186.7309	78.8506	0.0000	0.5333
1220	186.7309	87.0335	0.0000	0.5337
1221	186.7309	86.6654	0.0000	0.5341
1222	186.7309	89.2901	0.0000	0.5344
1223	186.7309	84.6322	0.0000	0.5348
1224	186.7309	86.8641	0.0000	0.5351
1225	186.7309	92.2871	0.0000	0.5355
1226	186.7309	85.5533	0.0000	0.5359
1227	186.7309	78.7251	0.0000	0.5362
1228	186.7309	76.9074	0.0000	0.5365
1229	186.7309	83.8743	0.0000	0.5369
1230	186.7309	80.4468	0.0000	0.5372
1231	186.7309	84.4012	0.0000	0.5376
1232	186.7309	87.7517	0.0000	0.5379
1233	186.7309	86.5720	0.0000	0.5383
1234	186.7309	91.1126	0.0000	0.5386
1235	186.7309	86.4234	0.0000	0.5390
1236	186.7309	85.2033	0.0000	0.5393
1237	186.7309	81.5235	0.0000	0.5397
1238	186.7309	77.5392	0.0000	0.5401
1239	186.7309	82.7204	0.0000	0.5404
1240	186.7309	88.1072	0.0000	0.5408
1241	186.7309	79.2383	0.0000	0.5412
1242	186.7309	86.7223	0.0000	0.5415
1243	186.7309	84.6349	0.0000	0.5419
1244	186.7309	75.7245	0.0000	0.5423
1245	186.7309	94.5114	0.0000	0.5426
1246	186.7309	87.3095	0.0000	0.5430
1247	186.7309	85.3890	0.0000	0.5434
1248	186.7309	82.1393	0.0000	0.5438
1249	186.7309	86.1727	0.0000	0.5441
1250	186.7309	78.1524	0.0000	0.5445
1251	186.7309	82.9694	0.0000	0.5449
1252	186.7309	84.1386	0.0000	0.5452
1253	186.7309	74.2542	0.0000	0.5456
1254	186.7309	82.3034	0.0000	0.5460
1255	186.7309	79.8020	0.0000	0.5464
1256	186.7309	84.8526	0.0000	0.5467
1257	186.7309	85.1552	0.0000	0.5471
1258	186.7309	87.3623	0.0000	0.5474
1259	186.7309	80.5616	0.0000	0.5478
1260	186.7309	86.1001	0.0000	0.5481
1261	186.7309	81.4991	0.0000	0.5485
1262	186.7309	81.3076	0.0000	0.5488
1263	186.7309	86.8977	0.0000	0.5492
1264	186.7309	85.1093	0.0000	0.5495
1265	186.7309	88.0798	0.0000	0.5499
1266	186.7309	84.8911	0.0000	0.5503
1267	186.7309	89.3701	0.0000	0.5506
1268	186.7309	90.7081	0.0000	0.5510
1269	186.7309	78.9382	0.0000	0.5514
1270	186.7309	80.5605	0.0000	0.5517
1271	186.7309	83.6655	0.0000	0.5521
1272	186.7309	71.6922	0.0000	0.5525
1273	186.7309	82.1689	0.0000	0.5528
1274	186.7309	80.8321	0.0000	0.5532
1275	186.7309	88.2784	0.0000	0.5536
1276	186.7309	83.3242	0.0000	0.5539
1277	186.7309	84.2010	0.0000	0.5543
1278	186.7309	85.0275	0.0000	0.5546
1279	186.7309	83.3300	0.0000	0.5550
1280	186.7309	82.7189	0.0000	0.5553
1281	186.7309	84.9369	0.0000	0.5557
1282	186.7309	86.0702	0.0000	0.5560
1283	186.7309	86.0676	0.0000	0.5565
1284	186.7309	87.3971	0.0000	0.5568
1285	186.7309	90.1639	0.0000	0.5572
1286	186.7309	85.8939	0.0000	0.5576
1287	186.7309	85.3590	0.0000	0.5580
1288	186.7309	87.8478	0.0000	0.5583
1289	186.7309	88.3173	0.0000	0.5587
1290	186.7309	72.6488	0.0000	0.5590
1291	186.7309	91.5663	0.0000	0.5594
1292	186.7309	84.7158	0.0000	0.5597
1293	186.7309	85.3916	0.0000	0.5601
1294	186.7309	93.1328	0.0000	0.5605
1295	186.7309	87.2307	0.0000	0.5608
1296	186.7309	89.2198	0.0000	0.5612
1297	186.7309	79.0876	0.0000	0.5616
1298	186.7309	84.9822	0.0000	0.5620
1299	186.7309	82.5170	0.0000	0.5623
1300	186.7309	82.1726	0.0000	0.5627
1301	186.7309	76.9109	0.0000	0.5631
1302	186.7309	87.6293	0.0000	0.5634
1303	186.7309	87.2004	0.0000	0.5638
1304	186.7309	84.3295	0.0000	0.5641
1305	186.7309	86.2204	0.0000	0.5645
1306	186.7309	82.4350	0.0000	0.5648
1307	186.7309	83.2453	0.0000	0.5652
1308	186.7309	82.4880	0.0000	0.5655
1309	186.7309	77.9536	0.0000	0.5659
1310	186.7309	79.5624	0.0000	0.5662
1311	186.7309	90.7093	0.0000	0.5666
1312	186.7309	87.5305	0.0000	0.5669
1313	186.7309	84.2720	0.0000	0.5673
1314	186.7309	96.1832	0.0000	0.5676
1315	186.7309	92.0074	0.0000	0.5680
1316	186.7309	90.9940	0.0000	0.5683
1317	186.7309	83.9193	0.0000	0.5687
1318	186.7309	91.1321	0.0000	0.5691
1319	186.7309	85.1422	0.0000	0.5694
1320	186.7309	82.2656	0.0000	0.5698
1321	186.7309	88.8539	0.0000	0.5701
1322	186.7309	92.7468	0.0000	0.5705
1323	186.7309	86.6837	0.0000	0.5708
1324	186.7309	92.7736	0.0000	0.5712
1325	186.7309	86.5549	0.0000	0.5715
1326	186.7309	88.9036	0.0000	0.5719
1327	186.7309	84.9409	0.0000	0.5722
1328	186.7309	75.0893	0.0000	0.5726
1329	186.7309	89.5068	0.0000	0.5729
1330	186.7309	87.5325	0.0000	0.5733
1331	186.7309	88.6055	0.0000	0.5736
1332	186.7309	89.7488	0.0000	0.5740
1333	186.7309	78.3815	0.0000	0.5743
1334	186.7309	78.2762	0.0000	0.5747
1335	186.7309	81.9004	0.0000	0.5750
1336	186.7309	85.4105	0.0000	0.5754
1337	186.7309	85.4848	0.0000	0.5757
1338	186.7309	86.0756	0.0000	0.5761
1339	186.7309	85.5837	0.0000	0.5764
1340	186.7309	84.4997	0.0000	0.5768
1341	186.7309	89.0451	0.0000	0.5772
1342	186.7309	93.9893	0.0000	0.5776
1343	186.7309	93.5761	0.0000	0.5779
1344	186.7309	85.8976	0.0000	0.5783
1345	186.7309	85.9642	0.0000	0.5786
1346	186.7309	91.0826	0.0000	0.5790
1347	186.7309	84.0660	0.0000	0.5794
1348	186.7309	88.2637	0.0000	0.5798
1349	186.7309	92.3176	0.0000	0.5801
1350	186.7309	85.4763	0.0000	0.5805
1351	186.7309	77.9425	0.0000	0.5808
1352	186.7309	83.1597	0.0000	0.5812
1353	186.7309	86.7275	0.0000	0.5816
1354	186.7309	92.3275	0.0000	0.5819
1355	186.7309	85.8587	0.0000	0.5822
1356	186.7309	84.5042	0.0000	0.5826
1357	186.7309	83.9833	0.0000	0.5829
1358	186.7309	83.0200	0.0000	0.5833
1359	186.7309	90.4467	0.0000	0.5837
1360	186.7309	90.9303	0.0000	0.5840
1361	186.7309	91.0983	0.0000	0.5844
1362	186.7309	85.7842	0.0000	0.5847
1363	186.7309	80.7646	0.0000	0.5851
1364	186.7309	81.8409	0.0000	0.5855
1365	186.7309	82.8147	0.0000	0.5858
1366	186.7309	79.7839	0.0000	0.5862
1367	186.7309	95.6043	0.0000	0.5865
1368	186.7309	92.0844	0.0000	0.5869
1369	186.7309	83.4422	0.0000	0.5872
1370	186.7309	84.9587	0.0000	0.5876
1371	186.7309	90.2378	0.0000	0.5880
1372	186.7309	85.4095	0.0000	0.5884
1373	186.7309	88.3549	0.0000	0.5887
1374	186.7309	79.2838	0.0000	0.5891
1375	186.7309	85.1852	0.0000	0.5894
1376	186.7309	95.3444	0.0000	0.5897
1377	186.7309	82.9901	0.0000	0.5901
1378	186.7309	87.4954	0.0000	0.5904
1379	186.7309	82.6683	0.0000	0.5908
1380	186.7309	82.5339	0.0000	0.5911
1381	186.7309	81.8087	0.0000	0.5915
1382	186.7309	88.2948	0.0000	0.5918
1383	186.7309	84.4677	0.0000	0.5921
1384	186.7309	90.0530	0.0000	0.5925
1385	186.7309	88.6851	0.0000	0.5928
1386	186.7309	90.8066	0.0000	0.5932
1387	186.7309	79.0342	0.0000	0.5935
1388	186.7309	91.6114	0.0000	0.5939
1389	186.7309	83.7690	0.0000	0.5943
1390	186.7309	83.6892	0.0000	0.5946
1391	186.7309	82.0191	0.0000	0.5949
1392	186.7309	85.3018	0.0000	0.5953
1393	186.7309	87.9211	0.0000	0.5957
1394	186.7309	90.2339	0.0000	0.5960
1395	186.7309	88.0986	0.0000	0.5964
1396	186.7309	83.6596	0.0000	0.5967
1397	186.7309	89.8632	0.0000	0.5970
1398	186.7309	84.4908	0.0000	0.5974
1399	186.7309	84.5284	0.0000	0.5977
1400	186.7309	84.1687	0.0000	0.5980
1401	186.7309	83.4724	0.0000	0.5984
1402	186.7309	87.7877	0.0000	0.5987
1403	186.7309	91.8421	0.0000	0.5990
1404	186.7309	82.7687	0.0000	0.5994
1405	186.7309	88.0312	0.0000	0.5997
1406	186.7309	92.3757	0.0000	0.6000
1407	186.7309	92.7695	0.0000	0.6003
1408	186.7309	85.1204	0.0000	0.6006
1409	186.7309	90.2758	0.0000	0.6010
1410	186.7309	95.3484	0.0000	0.6013
1411	186.7309	84.3168	0.0000	0.6016
1412	186.7309	98.1436	0.0000	0.6019
1413	186.7309	93.3992	0.0000	0.6023
1414	186.7309	85.4220	0.0000	0.6026
1415	186.7309	90.5676	0.0000	0.6029
1416	186.7309	84.7864	0.0000	0.6032
1417	186.7309	80.1740	0.0000	0.6036
1418	186.7309	74.4725	0.0000	0.6039
1419	186.7309	87.1737	0.0000	0.6042
1420	186.7309	88.1047	0.0000	0.6046
1421	186.7309	84.0792	0.0000	0.6049
1422	186.7309	87.9813	0.0000	0.6052
1423	186.7309	85.9957	0.0000	0.6056
1424	186.7309	89.0322	0.0000	0.6059
1425	186.7309	83.5589	0.0000	0.6063
1426	186.7309	95.3266	0.0000	0.6066
1427	186.7309	88.2584	0.0000	0.6069
1428	186.7309	92.6196	0.0000	0.6072
1429	186.7309	85.5384	0.0000	0.6076
1430	186.7309	89.3481	0.0000	0.6079
1431	186.7309	87.2760	0.0000	0.6082
1432	186.7309	83.7498	0.0000	0.6085
1433	186.7309	88.1060	0.0000	0.6089
1434	186.7309	93.6527	0.0000	0.6092
1435	186.7309	97.9614	0.0000	0.6095
1436	186.7309	87.4949	0.0000	0.6098
1437	186.7309	84.6474	0.0000	0.6102
1438	186.7309	94.0067	0.0000	0.6105
1439	186.7309	83.8750	0.0000	0.6108
1440	186.7309	85.6287	0.0000	0.6112
1441	186.7309	86.4716	0.0000	0.6115
1442	186.7309	95.3668	0.0000	0.6118
1443	186.7309	82.3544	0.0000	0.6122
1444	186.7309	90.4437	0.0000	0.6125
1445	186.7309	88.9182	0.0000	0.6128
1446	186.7309	88.6516	0.0000	0.6131
1447	186.7309	87.5978	0.0000	0.6135
1448	186.7309	90.2494	0.0000	0.6138
1449	186.7309	84.7452	0.0000	0.6141
1450	186.7309	97.5093	0.0000	0.6144
1451	186.7309	91.1731	0.0000	0.6148
1452	186.7309	107.5643	0.0000	0.6151
1453	186.7309	77.9176	0.0000	0.6155
1454	186.7309	96.7758	0.0000	0.6159
1455	186.7309	89.9530	0.0000	0.6162
1456	186.7309	88.8185	0.0000	0.6166
1457	186.7309	87.0777	0.0000	0.6169
1458	186.7309	84.0128	0.0000	0.6172
1459	186.7309	85.2358	0.0000	0.6176
1460	186.7309	97.4515	0.0000	0.6179
1461	186.7309	88.2036	0.0000	0.6183
1462	186.7309	81.5705	0.0000	0.6186
1463	186.7309	90.1513	0.0000	0.6189
1464	186.7309	87.7588	0.0000	0.6193
1465	186.7309	85.4138	0.0000	0.6196
1466	186.7309	94.3260	0.0000	0.6199
1467	186.7309	91.9150	0.0000	0.6203
1468	186.7309	88.4250	0.0000	0.6206
1469	186.7309	94.1462	0.0000	0.6210
1470	186.7309	87.3579	0.0000	0.6213
1471	186.7309	77.8072	0.0000	0.6217
1472	186.7309	94.5467	0.0000	0.6220
1473	186.7309	94.9717	0.0000	0.6223
1474	186.7309	90.9803	0.0000	0.6227
1475	186.7309	81.9005	0.0000	0.6230
1476	186.7309	86.8768	0.0000	0.6234
1477	186.7309	92.4728	0.0000	0.6237
1478	186.7309	93.6507	0.0000	0.6240
1479	186.7309	89.7107	0.0000	0.6244
1480	186.7309	88.1115	0.0000	0.6247
1481	186.7309	93.3325	0.0000	0.6250
1482	186.7309	97.2026	0.0000	0.6254
1483	186.7309	86.7520	0.0000	0.6257
1484	186.7309	86.3207	0.0000	0.6261
1485	186.7309	77.7742	0.0000	0.6264
1486	186.7309	89.3898	0.0000	0.6268
1487	186.7309	85.7041	0.0000	0.6271
1488	186.7309	94.7154	0.0000	0.6275
1489	186.7309	85.7451	0.0000	0.6278
1490	186.7309	88.9175	0.0000	0.6282
1491	186.7309	81.8520	0.0000	0.6286
1492	186.7309	85.3840	0.0000	0.6289
1493	186.7309	84.6726	0.0000	0.6293
1494	186.7309	89.7630	0.0000	0.6297
1495	186.7309	80.3376	0.0000	0.6300
1496	186.7309	92.8733	0.0000	0.6304
1497	186.7309	90.0878	0.0000	0.6307
1498	186.7309	87.8498	0.0000	0.6310
1499	186.7309	79.7959	0.0000	0.6314
1500	186.7309	83.6347	0.0000	0.6317
1501	186.7309	85.4353	0.0000	0.6320
1502	186.7309	87.1695	0.0000	0.6324
1503	186.7309	84.4637	0.0000	0.6327
1504	186.7309	84.8031	0.0000	0.6330
1505	186.7309	88.5885	0.0000	0.6333
1506	186.7309	89.3417	0.0000	0.6337
1507	186.7309	86.7947	0.0000	0.6340
1508	186.7309	82.5155	0.0000	0.6343
1509	186.7309	85.3815	0.0000	0.6346
1510	186.7309	94.4491	0.0000	0.6350
1511	186.7309	86.7569	0.0000	0.6353
1512	186.7309	86.3841	0.0000	0.6356
1513	186.7309	92.0860	0.0000	0.6359
1514	186.7309	98.4509	0.0000	0.6362
1515	186.7309	94.4876	0.0000	0.6365
1516	186.7309	87.2661	0.0000	0.6369
1517	186.7309	89.0816	0.0000	0.6372
1518	186.7309	97.5581	0.0000	0.6375
1519	186.7309	88.7729	0.0000	0.6378
1520	186.7309	85.7508	0.0000	0.6381
1521	186.7309	83.4811	0.0000	0.6384
1522	186.7309	91.2973	0.0000	0.6388
1523	186.7309	88.0456	0.0000	0.6391
1524	186.7309	86.7500	0.0000	0.6394
1525	186.7309	92.0477	0.0000	0.6397
1526	186.7309	92.7046	0.0000	0.6400
1527	186.7309	98.4159	0.0000	0.6403
1528	186.7309	91.8105	0.0000	0.6406
1529	186.7309	92.8152	0.0000	0.6410
1530	186.7309	94.5289	0.0000	0.6413
1531	186.7309	96.1724	0.0000	0.6416
1532	186.7309	96.0827	0.0000	0.6419
1533	186.7309	99.0404	0.0000	0.6422
1534	186.7309	87.9715	0.0000	0.6425
1535	186.7309	82.4987	0.0000	0.6429
1536	186.7309	97.6270	0.0000	0.6432
1537	186.7309	95.8722	0.0000	0.6435
1538	186.7309	86.5821	0.0000	0.6438
1539	186.7309	94.7800	0.0000	0.6441
1540	186.7309	92.1990	0.0000	0.6444
1541	186.7309	95.9638	0.0000	0.6447
1542	186.7309	88.4170	0.0000	0.6451
1543	186.7309	88.4435	0.0000	0.6454
1544	186.7309	83.5966	0.0000	0.6457
1545	186.7309	94.8304	0.0000	0.6460
1546	186.7309	89.7796	0.0000	0.6463
1547	186.7309	90.5771	0.0000	0.6466
1548	186.7309	91.5569	0.0000	0.6470
1549	186.7309	91.4318	0.0000	0.6473
1550	186.7309	93.1277	0.0000	0.6476
1551	186.7309	85.2671	0.0000	0.6479
1552	186.7309	88.7408	0.0000	0.6483
1553	186.7309	80.0076	0.0000	0.6486
1554	186.7309	85.6372	0.0000	0.6489
1555	186.7309	95.9215	0.0000	0.6492
1556	186.7309	84.5862	0.0000	0.6496
1557	186.7309	93.5058	0.0000	0.6499
1558	186.7309	89.7408	0.0000	0.6502
1559	186.7309	89.0604	0.0000	0.6505
1560	186.7309	92.2838	0.0000	0.6509
1561	186.7309	90.3368	0.0000	0.6512
1562	186.7309	84.3673	0.0000	0.6515
1563	186.7309	85.7277	0.0000	0.6518
1564	186.7309	83.9965	0.0000	0.6522
1565	186.7309	89.1118	0.0000	0.6525
1566	186.7309	91.4238	0.0000	0.6528
1567	186.7309	93.0495	0.0000	0.6531
1568	186.7309	92.1698	0.0000	0.6535
1569	186.7309	93.0046	0.0000	0.6538
1570	186.7309	89.9671	0.0000	0.6541
1571	186.7309	86.6632	0.0000	0.6544
1572	186.7309	98.0800	0.0000	0.6548
1573	186.7309	90.8689	0.0000	0.6551
1574	186.7309	91.6472	0.0000	0.6554
1575	186.7309	84.5514	0.0000	0.6557
1576	186.7309	88.7234	0.0000	0.6561
1577	186.7309	90.2043	0.0000	0.6564
1578	186.7309	94.6730	0.0000	0.6567
1579	186.7309	93.0370	0.0000	0.6570
1580	186.7309	96.1346	0.0000	0.6573
1581	186.7309	84.2706	0.0000	0.6577
1582	186.7309	86.6970	0.0000	0.6580
1583	186.7309	88.9276	0.0000	0.6584
1584	186.7309	93.0586	0.0000	0.6588
1585	186.7309	87.4366	0.0000	0.6591
1586	186.7309	98.8480	0.0000	0.6594
1587	186.7309	89.6956	0.0000	0.6598
1588	186.7309	100.1924	0.0000	0.6601
1589	186.7309	88.3078	0.0000	0.6604
1590	186.7309	96.6783	0.0000	0.6607
1591	186.7309	93.4459	0.0000	0.6610
1592	186.7309	90.2598	0.0000	0.6614
1593	186.7309	102.6970	0.0000	0.6617
1594	186.7309	83.3787	0.0000	0.6621
1595	186.7309	93.4598	0.0000	0.6624
1596	186.7309	96.6385	0.0000	0.6628
1597	186.7309	93.7047	0.0000	0.6631
1598	186.7309	98.1255	0.0000	0.6634
1599	186.7309	99.9218	0.0000	0.6637
1600	186.7309	81.9754	0.0000	0.6640
1601	186.7309	95.6490	0.0000	0.6644
1602	186.7309	92.1249	0.0000	0.6647
1603	186.7309	89.6901	0.0000	0.6650
1604	186.7309	98.3139	0.0000	0.6653
1605	186.7309	95.3255	0.0000	0.6656
1606	186.7309	95.9562	0.0000	0.6659
1607	186.7309	101.2788	0.0000	0.6662
1608	186.7309	94.2994	0.0000	0.6666
1609	186.7309	89.6746	0.0000	0.6669
1610	186.7309	98.0070	0.0000	0.6672
1611	186.7309	97.6590	0.0000	0.6675
1612	186.7309	101.0959	0.0000	0.6678
1613	186.7309	96.8000	0.0000	0.6682
1614	186.7309	91.0913	0.0000	0.6685
1615	186.7309	102.2687	0.0000	0.6688
1616	186.7309	97.1771	0.0000	0.6691
1617	186.7309	97.5954	0.0000	0.6695
1618	186.7309	103.2052	0.0000	0.6698
1619	186.7309	88.5528	0.0000	0.6701
1620	186.7309	105.7398	0.0000	0.6704
1621	186.7309	95.0550	0.0000	0.6707
1622	186.7309	91.4785	0.0000	0.6710
1623	186.7309	96.9777	0.0000	0.6713
1624	186.7309	88.2760	0.0000	0.6716
1625	186.7309	94.0226	0.0000	0.6719
1626	186.7309	93.0402	0.0000	0.6722
1627	186.7309	90.2747	0.0000	0.6726
1628	186.7309	86.5848	0.0000	0.6729
1629	186.7309	89.3962	0.0000	0.6732
1630	186.7309	98.2007	0.0000	0.6735
1631	186.7309	95.7578	0.0000	0.6738
1632	186.7309	91.5893	0.0000	0.6741
1633	186.7309	91.3950	0.0000	0.6744
1634	186.7309	90.4551	0.0000	0.6747
1635	186.7309	95.9136	0.0000	0.6751
1636	186.7309	96.1471	0.0000	0.6753
1637	186.7309	90.9685	0.0000	0.6757
1638	186.7309	94.0281	0.0000	0.6760
1639	186.7309	94.9982	0.0000	0.6763
1640	186.7309	104.1255	0.0000	0.6766
1641	186.7309	98.8494	0.0000	0.6769
1642	186.7309	98.9071	0.0000	0.6772
1643	186.7309	103.2237	0.0000	0.6776
1644	186.7309	91.8593	0.0000	0.6779
1645	186.7309	90.2821	0.0000	0.6782
1646	186.7309	102.4834	0.0000	0.6785
1647	186.7309	95.7001	0.0000	0.6788
1648	186.7309	100.0512	0.0000	0.6791
1649	186.7309	105.2100	0.0000	0.6795
1650	186.7309	91.6798	0.0000	0.6798
1651	186.7309	102.6903	0.0000	0.6801
1652	186.7309	93.3339	0.0000	0.6804
1653	186.7309	92.8488	0.0000	0.6807
1654	186.7309	88.3240	0.0000	0.6810
1655	186.7309	97.8425	0.0000	0.6813
1656	186.7309	94.2084	0.0000	0.6816
1657	186.7309	89.6921	0.0000	0.6819
1658	186.7309	96.0048	0.0000	0.6822
1659	186.7309	96.1684	0.0000	0.6825
1660	186.7309	90.6048	0.0000	0.6828
1661	186.7309	100.6700	0.0000	0.6831
1662	186.7309	91.8228	0.0000	0.6834
1663	186.7309	91.6287	0.0000	0.6837
1664	186.7309	88.0848	0.0000	0.6841
1665	186.7309	89.0350	0.0000	0.6844
1666	186.7309	96.0717	0.0000	0.6847
1667	186.7309	91.1719	0.0000	0.6850
1668	186.7309	100.0575	0.0000	0.6853
1669	186.7309	95.3939	0.0000	0.6856
1670	186.7309	93.6700	0.0000	0.6859
1671	186.7309	91.6351	0.0000	0.6862
1672	186.7309	97.5433	0.0000	0.6865
1673	186.7309	93.6654	0.0000	0.6869
1674	186.7309	103.5125	0.0000	0.6872
1675	186.7309	93.8177	0.0000	0.6875
1676	186.7309	91.7748	0.0000	0.6878
1677	186.7309	90.0606	0.0000	0.6881
1678	186.7309	84.5693	0.0000	0.6884
1679	186.7309	84.1215	0.0000	0.6888
1680	186.7309	93.4081	0.0000	0.6891
1681	186.7309	95.3098	0.0000	0.6894
1682	186.7309	89.9078	0.0000	0.6897
1683	186.7309	96.4892	0.0000	0.6900
1684	186.7309	93.4749	0.0000	0.6903
1685	186.7309	99.4051	0.0000	0.6906
1686	186.7309	93.6971	0.0000	0.6910
1687	186.7309	85.5604	0.0000	0.6913
1688	186.7309	96.9837	0.0000	0.6916
1689	186.7309	86.8377	0.0000	0.6919
1690	186.7309	96.0154	0.0000	0.6922
1691	186.7309	94.5764	0.0000	0.6926
1692	186.7309	98.2999	0.0000	0.6929
1693	186.7309	98.5513	0.0000	0.6932
1694	186.7309	87.9387	0.0000	0.6935
1695	186.7309	94.9237	0.0000	0.6938
1696	186.7309	100.1642	0.0000	0.6941
1697	186.7309	100.2483	0.0000	0.6945
1698	186.7309	89.9524	0.0000	0.6948
1699	186.7309	93.6850	0.0000	0.6951
1700	186.7309	95.5074	0.0000	0.6955
1701	186.7309	100.9591	0.0000	0.6958
1702	186.7309	97.6419	0.0000	0.6961
1703	186.7309	91.5995	0.0000	0.6964
1704	186.7309	100.3214	0.0000	0.6967
1705	186.7309	95.1204	0.0000	0.6970
1706	186.7309	100.0080	0.0000	0.6973
1707	186.7309	93.4387	0.0000	0.6976
1708	186.7309	93.2093	0.0000	0.6980
1709	186.7309	96.3946	0.0000	0.6983
1710	186.7309	98.2773	0.0000	0.6985
1711	186.7309	99.9285	0.0000	0.6989
1712	186.7309	101.3156	0.0000	0.6992
1713	186.7309	105.8647	0.0000	0.6995
1714	186.7309	94.4582	0.0000	0.6998
1715	186.7309	96.7509	0.0000	0.7001
1716	186.7309	102.4931	0.0000	0.7004
1717	186.7309	95.2108	0.0000	0.7007
1718	186.7309	90.3997	0.0000	0.7010
1719	186.7309	91.8552	0.0000	0.7013
1720	186.7309	92.9504	0.0000	0.7016
1721	186.7309	93.6195	0.0000	0.7019
1722	186.7309	90.0757	0.0000	0.7022
1723	186.7309	94.5010	0.0000	0.7025
1724	186.7309	93.1653	0.0000	0.7028
1725	186.7309	90.5538	0.0000	0.7031
1726	186.7309	92.8483	0.0000	0.7034
1727	186.7309	91.0530	0.0000	0.7037
1728	186.7309	92.8490	0.0000	0.7040
1729	186.7309	89.1657	0.0000	0.7043
1730	186.7309	96.2267	0.0000	0.7046
1731	186.7309	98.0962	0.0000	0.7049
1732	186.7309	94.4511	0.0000	0.7052
1733	186.7309	90.0192	0.0000	0.7055
1734	186.7309	95.2468	0.0000	0.7058
1735	186.7309	106.2875	0.0000	0.7060
1736	186.7309	92.1573	0.0000	0.7063
1737	186.7309	96.1984	0.0000	0.7066
1738	186.7309	93.1340	0.0000	0.7069
1739	186.7309	95.7286	0.0000	0.7072
1740	186.7309	90.8008	0.0000	0.7075
1741	186.7309	99.5847	0.0000	0.7078
1742	186.7309	100.9353	0.0000	0.7081
1743	186.7309	87.6622	0.0000	0.7084
1744	186.7309	97.2590	0.0000	0.7087
1745	186.7309	96.4511	0.0000	0.7090
1746	186.7309	100.8747	0.0000	0.7093
1747	186.7309	94.6723	0.0000	0.7096
1748	186.7309	103.1929	0.0000	0.7099
1749	186.7309	102.5807	0.0000	0.7102
1750	186.7309	101.4454	0.0000	0.7105
1751	186.7309	104.3218	0.0000	0.7108
1752	186.7309	88.2595	0.0000	0.7111
1753	186.7309	88.3523	0.0000	0.7114
1754	186.7309	91.0954	0.0000	0.7117
1755	186.7309	95.9726	0.0000	0.7120
1756	186.7309	96.4910	0.0000	0.7123
1757	186.7309	98.4255	0.0000	0.7127
1758	186.7309	97.2820	0.0000	0.7130
1759	186.7309	98.5002	0.0000	0.7133
1760	186.7309	89.0681	0.0000	0.7136
1761	186.7309	98.9262	0.0000	0.7139
1762	186.7309	101.0604	0.0000	0.7142
1763	186.7309	93.5721	0.0000	0.7145
1764	186.7309	84.7172	0.0000	0.7148
1765	186.7309	99.9448	0.0000	0.7151
1766	186.7309	95.4035	0.0000	0.7155
1767	186.7309	103.4004	0.0000	0.7158
1768	186.7309	99.4996	0.0000	0.7161
1769	186.7309	94.2378	0.0000	0.7164
1770	186.7309	93.9926	0.0000	0.7167
1771	186.7309	94.9036	0.0000	0.7170
1772	186.7309	103.4111	0.0000	0.7173
1773	186.7309	97.1678	0.0000	0.7176
1774	186.7309	93.0312	0.0000	0.7179
1775	186.7309	94.4112	0.0000	0.7182
1776	186.7309	94.9069	0.0000	0.7185
1777	186.7309	96.3867	0.0000	0.7188
1778	186.7309	94.7967	0.0000	0.7191
1779	186.7309	91.7021	0.0000	0.7194
1780	186.7309	97.0554	0.0000	0.7197
1781	186.7309	98.6185	0.0000	0.7201
1782	186.7309	90.9961	0.0000	0.7204
1783	186.7309	101.4402	0.0000	0.7207
1784	186.7309	90.3662	0.0000	0.7210
1785	186.7309	98.0040	0.0000	0.7213
1786	186.7309	98.2785	0.0000	0.7216
1787	186.7309	93.3502	0.0000	0.7219
1788	186.7309	96.6813	0.0000	0.7222
1789	186.7309	99.6217	0.0000	0.7225
1790	186.7309	94.5339	0.0000	0.7228
1791	186.7309	97.4670	0.0000	0.7231
1792	186.7309	96.6001	0.0000	0.7234
1793	186.7309	96.2631	0.0000	0.7237
1794	186.7309	105.8772	0.0000	0.7240
1795	186.7309	95.6227	0.0000	0.7243
1796	186.7309	99.1792	0.0000	0.7246
1797	186.7309	91.1648	0.0000	0.7249
1798	186.7309	98.2068	0.0000	0.7252
1799	186.7309	96.1205	0.0000	0.7255
1800	186.7309	91.8945	0.0000	0.7258
1801	186.7309	87.7551	0.0000	0.7262
1802	186.7309	94.0105	0.0000	0.7265
1803	186.7309	93.1795	0.0000	0.7268
1804	186.7309	97.1719	0.0000	0.7270
1805	186.7309	94.0323	0.0000	0.7274
1806	186.7309	89.0124	0.0000	0.7277
1807	186.7309	91.9622	0.0000	0.7279
1808	186.7309	98.6780	0.0000	0.7282
1809	186.7309	93.6537	0.0000	0.7286
1810	186.7309	100.1174	0.0000	0.7289
1811	186.7309	95.5755	0.0000	0.7292
1812	186.7309	96.6205	0.0000	0.7294
1813	186.7309	97.0172	0.0000	0.7297
1814	186.7309	99.1433	0.0000	0.7300
1815	186.7309	93.2441	0.0000	0.7303
1816	186.7309	101.5649	0.0000	0.7306
1817	186.7309	94.2857	0.0000	0.7309
1818	186.7309	97.3372	0.0000	0.7312
1819	186.7309	102.3360	0.0000	0.7315
1820	186.7309	96.2690	0.0000	0.7318
1821	186.7309	100.2585	0.0000	0.7321
1822	186.7309	106.3968	0.0000	0.7323
1823	186.7309	100.3407	0.0000	0.7326
1824	186.7309	97.2930	0.0000	0.7329
1825	186.7309	103.9657	0.0000	0.7332
1826	186.7309	103.8102	0.0000	0.7335
1827	186.7309	100.4860	0.0000	0.7338
1828	186.7309	100.7783	0.0000	0.7341
1829	186.7309	97.6094	0.0000	0.7344
1830	186.7309	101.5829	0.0000	0.7347
1831	186.7309	93.0650	0.0000	0.7350
1832	186.7309	103.6162	0.0000	0.7352
1833	186.7309	89.4117	0.0000	0.7355
1834	186.7309	103.5374	0.0000	0.7358
1835	186.7309	96.1939	0.0000	0.7361
1836	186.7309	100.8111	0.0000	0.7364
1837	186.7309	104.2480	0.0000	0.7367
1838	186.7309	97.7977	0.0000	0.7370
1839	186.7309	101.8424	0.0000	0.7372
1840	186.7309	90.0044	0.0000	0.7375
1841	186.7309	100.3092	0.0000	0.7378
1842	186.7309	101.3802	0.0000	0.7381
1843	186.7309	93.6678	0.0000	0.7384
1844	186.7309	103.2731	0.0000	0.7387
1845	186.7309	97.9610	0.0000	0.7390
1846	186.7309	98.1623	0.0000	0.7393
1847	186.7309	96.9194	0.0000	0.7396
1848	186.7309	102.3967	0.0000	0.7399
1849	186.7309	95.1988	0.0000	0.7402
1850	186.7309	90.2529	0.0000	0.7405
1851	186.7309	104.9285	0.0000	0.7408
1852	186.7309	99.4929	0.0000	0.7411
1853	186.7309	88.9912	0.0000	0.7413
1854	186.7309	93.3595	0.0000	0.7416
1855	186.7309	93.6425	0.0000	0.7419
1856	186.7309	96.5922	0.0000	0.7422
1857	186.7309	91.5426	0.0000	0.7425
1858	186.7309	89.8687	0.0000	0.7428
1859	186.7309	93.2910	0.0000	0.7431
1860	186.7309	95.4118	0.0000	0.7434
1861	186.7309	97.5805	0.0000	0.7437
1862	186.7309	97.1549	0.0000	0.7440
1863	186.7309	105.1286	0.0000	0.7443
1864	186.7309	99.3026	0.0000	0.7445
1865	186.7309	102.1845	0.0000	0.7448
1866	186.7309	104.6304	0.0000	0.7451
1867	186.7309	99.3797	0.0000	0.7454
1868	186.7309	101.9308	0.0000	0.7457
1869	186.7309	87.9433	0.0000	0.7460
1870	186.7309	102.8669	0.0000	0.7463
1871	186.7309	100.6338	0.0000	0.7466
1872	186.7309	92.7312	0.0000	0.7468
1873	186.7309	98.5134	0.0000	0.7471
1874	186.7309	94.3064	0.0000	0.7474
1875	186.7309	95.1122	0.0000	0.7477
1876	186.7309	98.6747	0.0000	0.7480
1877	186.7309	95.3115	0.0000	0.7483
1878	186.7309	100.8595	0.0000	0.7486
1879	186.7309	101.5977	0.0000	0.7489
1880	186.7309	87.9609	0.0000	0.7491
1881	186.7309	102.7067	0.0000	0.7494
1882	186.7309	99.2485	0.0000	0.7497
1883	186.7309	95.3642	0.0000	0.7500
1884	186.7309	89.9322	0.0000	0.7503
1885	186.7309	94.8810	0.0000	0.7506
1886	186.7309	96.9220	0.0000	0.7509
1887	186.7309	99.6089	0.0000	0.7511
1888	186.7309	89.9165	0.0000	0.7514
1889	186.7309	95.4483	0.0000	0.7517
1890	186.7309	100.3840	0.0000	0.7520
1891	186.7309	95.7770	0.0000	0.7523
1892	186.7309	88.3213	0.0000	0.7525
1893	186.7309	99.1814	0.0000	0.7528
1894	186.7309	93.2185	0.0000	0.7531
1895	186.7309	87.6050	0.0000	0.7534
1896	186.7309	100.1548	0.0000	0.7537
1897	186.7309	100.8137	0.0000	0.7540
1898	186.7309	94.6264	0.0000	0.7543
1899	186.7309	92.3574	0.0000	0.7546
1900	186.7309	98.2178	0.0000	0.7549
1901	186.7309	94.1719	0.0000	0.7552
1902	186.7309	93.5633	0.0000	0.7555
1903	186.7309	95.0479	0.0000	0.7558
1904	186.7309	100.9762	0.0000	0.7561
1905	186.7309	94.7484	0.0000	0.7564
1906	186.7309	96.7392	0.0000	0.7566
1907	186.7309	97.1109	0.0000	0.7569
1908	186.7309	93.5717	0.0000	0.7572
1909	186.7309	93.0946	0.0000	0.7575
1910	186.7309	91.0289	0.0000	0.7578
1911	186.7309	101.1792	0.0000	0.7581
1912	186.7309	93.5707	0.0000	0.7584
1913	186.7309	94.8026	0.0000	0.7587
1914	186.7309	97.5822	0.0000	0.7589
1915	186.7309	99.1472	0.0000	0.7592
1916	186.7309	103.7242	0.0000	0.7595
1917	186.7309	89.7599	0.0000	0.7598
1918	186.7309	97.9005	0.0000	0.7601
1919	186.7309	98.6029	0.0000	0.7604
1920	186.7309	94.1839	0.0000	0.7606
1921	186.7309	93.2710	0.0000	0.7609
1922	186.7309	91.3183	0.0000	0.7612
1923	186.7309	102.5570	0.0000	0.7615
1924	186.7309	83.6229	0.0000	0.7618
1925	186.7309	97.5813	0.0000	0.7621
1926	186.7309	106.1410	0.0000	0.7624
1927	186.7309	93.8198	0.0000	0.7627
1928	186.7309	98.4749	0.0000	0.7630
1929	186.7309	89.7897	0.0000	0.7632
1930	186.7309	89.9651	0.0000	0.7635
1931	186.7309	97.9217	0.0000	0.7638
1932	186.7309	91.8221	0.0000	0.7641
1933	186.7309	96.0236	0.0000	0.7643
1934	186.7309	96.0673	0.0000	0.7646
1935	186.7309	97.2186	0.0000	0.7649
1936	186.7309	103.2779	0.0000	0.7652
1937	186.7309	105.4762	0.0000	0.7655
1938	186.7309	98.4152	0.0000	0.7658
1939	186.7309	98.0859	0.0000	0.7661
1940	186.7309	95.3105	0.0000	0.7663
1941	186.7309	96.0235	0.0000	0.7666
1942	186.7309	100.2357	0.0000	0.7669
1943	186.7309	91.1849	0.0000	0.7672
1944	186.7309	101.0142	0.0000	0.7674
1945	186.7309	95.5750	0.0000	0.7677
1946	186.7309	93.0608	0.0000	0.7680
1947	186.7309	92.9274	0.0000	0.7682
1948	186.7309	96.7603	0.0000	0.7685
1949	186.7309	100.0540	0.0000	0.7688
1950	186.7309	101.3608	0.0000	0.7691
1951	186.7309	102.5019	0.0000	0.7694
1952	186.7309	98.1513	0.0000	0.7697
1953	186.7309	99.0206	0.0000	0.7700
1954	186.7309	96.7745	0.0000	0.7702
1955	186.7309	94.1891	0.0000	0.7705
1956	186.7309	100.2991	0.0000	0.7708
1957	186.7309	101.6795	0.0000	0.7711
1958	186.7309	88.7638	0.0000	0.7714
1959	186.7309	88.9443	0.0000	0.7717
1960	186.7309	100.0282	0.0000	0.7719
1961	186.7309	95.4227	0.0000	0.7722
1962	186.7309	101.5600	0.0000	0.7725
1963	186.7309	105.8538	0.0000	0.7728
1964	186.7309	91.3059	0.0000	0.7731
1965	186.7309	93.3178	0.0000	0.7734
1966	186.7309	100.6340	0.0000	0.7736
1967	186.7309	100.3522	0.0000	0.7739
1968	186.7309	94.2694	0.0000	0.7742
1969	186.7309	96.3738	0.0000	0.7745
1970	186.7309	102.7027	0.0000	0.7747
1971	186.7309	92.8436	0.0000	0.7750
1972	186.7309	99.3549	0.0000	0.7753
1973	186.7309	95.1567	0.0000	0.7756
1974	186.7309	97.1281	0.0000	0.7758
1975	186.7309	87.7598	0.0000	0.7761
1976	186.7309	94.4915	0.0000	0.7764
1977	186.7309	98.7189	0.0000	0.7767
1978	186.7309	93.6162	0.0000	0.7769
1979	186.7309	100.0594	0.0000	0.7772
1980	186.7309	96.2458	0.0000	0.7775
1981	186.7309	89.2309	0.0000	0.7777
1982	186.7309	91.4813	0.0000	0.7780
1983	186.7309	91.6208	0.0000	0.7783
1984	186.7309	95.2788	0.0000	0.7785
1985	186.7309	86.8825	0.0000	0.7788
1986	186.7309	86.7891	0.0000	0.7791
1987	186.7309	94.2988	0.0000	0.7793
1988	186.7309	100.9802	0.0000	0.7796
1989	186.7309	93.4807	0.0000	0.7799
1990	186.7309	99.1775	0.0000	0.7802
1991	186.7309	91.1124	0.0000	0.7805
1992	186.7309	97.4660	0.0000	0.7807
1993	186.7309	89.2278	0.0000	0.7810
1994	186.7309	97.7952	0.0000	0.7813
1995	186.7309	95.8088	0.0000	0.7816
1996	186.7309	93.3546	0.0000	0.7819
1997	186.7309	95.4519	0.0000	0.7821
1998	186.7309	93.9761	0.0000	0.7824
1999	186.7309	94.9112	0.0000	0.7827
Pos: [4.8580569024071005, -0.8003211040256313]

=================================================================================================================