ID: shubert	Date: 2018-09-04 16:13:47	Runs: 1
=================================================================================================================
Run: 0
Iter	Gbest	AvrFit	Diver	ETime	
0	127.9055	10.1412	0.0000	0.0013
1	147.5320	18.0788	0.0000	0.0024
2	147.5320	19.0687	0.0000	0.0034
3	147.5320	23.2078	0.0000	0.0045
4	154.3267	26.1567	0.0000	0.0055
5	154.3267	26.2166	0.0000	0.0065
6	154.3267	32.8611	0.0000	0.0075
7	154.3267	27.0412	0.0000	0.0085
8	154.3267	32.2866	0.0000	0.0096
9	171.4532	36.0705	0.0000	0.0106
10	171.4532	33.3268	0.0000	0.0116
11	171.4532	38.1656	0.0000	0.0126
12	171.4532	39.0964	0.0000	0.0136
13	171.4532	32.4093	0.0000	0.0147
14	171.4532	41.0927	0.0000	0.0157
15	171.4532	47.2255	0.0000	0.0167
16	171.4532	42.7091	0.0000	0.0177
17	171.4532	46.7126	0.0000	0.0187
18	171.4532	41.9483	0.0000	0.0198
19	171.4532	43.9441	0.0000	0.0208
20	171.4532	44.6276	0.0000	0.0218
21	171.4532	39.6443	0.0000	0.0229
22	171.4532	42.9164	0.0000	0.0238
23	184.4769	51.0726	0.0000	0.0248
24	184.5684	45.9225	0.0000	0.0258
25	185.5618	49.0042	0.0000	0.0269
26	185.5618	42.3343	0.0000	0.0279
27	185.5618	46.4476	0.0000	0.0289
28	185.5618	50.2084	0.0000	0.0299
29	185.5618	41.9956	0.0000	0.0310
30	185.5618	49.0737	0.0000	0.0320
31	185.5618	48.7171	0.0000	0.0330
32	185.5618	58.1784	0.0000	0.0340
33	185.5618	48.5450	0.0000	0.0350
34	185.5618	55.8241	0.0000	0.0360
35	185.5618	46.0320	0.0000	0.0371
36	185.5618	53.8049	0.0000	0.0381
37	185.5618	52.1323	0.0000	0.0390
38	185.5618	53.9253	0.0000	0.0400
39	185.5618	55.2818	0.0000	0.0410
40	186.2752	51.5328	0.0000	0.0420
41	186.2752	60.4888	0.0000	0.0430
42	186.2752	59.5347	0.0000	0.0440
43	186.2752	59.2570	0.0000	0.0451
44	186.2752	49.4724	0.0000	0.0461
45	186.2752	55.3928	0.0000	0.0471
46	186.2752	65.0624	0.0000	0.0481
47	186.2752	57.5546	0.0000	0.0492
48	186.2752	51.9181	0.0000	0.0502
49	186.2752	53.8312	0.0000	0.0512
50	186.2752	58.5485	0.0000	0.0522
51	186.2752	60.2816	0.0000	0.0532
52	186.2752	55.8138	0.0000	0.0542
53	186.7248	61.9716	0.0000	0.0552
54	186.7248	60.0794	0.0000	0.0562
55	186.7248	56.6608	0.0000	0.0572
56	186.7248	59.7997	0.0000	0.0582
57	186.7248	49.5986	0.0000	0.0592
58	186.7248	57.5098	0.0000	0.0602
59	186.7248	55.7991	0.0000	0.0611
60	186.7248	58.8570	0.0000	0.0621
61	186.7248	63.2990	0.0000	0.0631
62	186.7248	55.7982	0.0000	0.0641
63	186.7248	64.3328	0.0000	0.0651
64	186.7248	63.9859	0.0000	0.0661
65	186.7248	54.4202	0.0000	0.0670
66	186.7248	62.4500	0.0000	0.0680
67	186.7248	58.1368	0.0000	0.0691
68	186.7248	62.6841	0.0000	0.0703
69	186.7248	58.7890	0.0000	0.0715
70	186.7248	64.1308	0.0000	0.0726
71	186.7248	54.6502	0.0000	0.0736
72	186.7248	62.6030	0.0000	0.0746
73	186.7248	56.5809	0.0000	0.0755
74	186.7248	59.8584	0.0000	0.0767
75	186.7248	62.9465	0.0000	0.0777
76	186.7248	58.7627	0.0000	0.0788
77	186.7248	63.3911	0.0000	0.0797
78	186.7248	63.4486	0.0000	0.0807
79	186.7248	63.5348	0.0000	0.0816
80	186.7248	60.5699	0.0000	0.0826
81	186.7248	69.5757	0.0000	0.0836
82	186.7248	55.5954	0.0000	0.0845
83	186.7248	62.6726	0.0000	0.0854
84	186.7248	68.6200	0.0000	0.0864
85	186.7248	60.4205	0.0000	0.0873
86	186.7248	60.7483	0.0000	0.0883
87	186.7248	59.9291	0.0000	0.0892
88	186.7248	67.5006	0.0000	0.0902
89	186.7248	61.8103	0.0000	0.0911
90	186.7248	61.5463	0.0000	0.0920
91	186.7248	62.0240	0.0000	0.0930
92	186.7248	65.8615	0.0000	0.0939
93	186.7248	65.9856	0.0000	0.0948
94	186.7248	56.8722	0.0000	0.0958
95	186.7248	69.7641	0.0000	0.0967
96	186.7248	60.7770	0.0000	0.0977
97	186.7248	62.5445	0.0000	0.0986
98	186.7248	73.4601	0.0000	0.0996
99	186.7248	68.7936	0.0000	0.1005
100	186.7248	64.4936	0.0000	0.1015
101	186.7248	64.2987	0.0000	0.1025
102	186.7248	62.3548	0.0000	0.1035
103	186.7248	65.2149	0.0000	0.1045
104	186.7248	64.2859	0.0000	0.1055
105	186.7248	65.1106	0.0000	0.1065
106	186.7248	70.2524	0.0000	0.1075
107	186.7248	64.0949	0.0000	0.1085
108	186.7248	63.8965	0.0000	0.1095
109	186.7248	63.4158	0.0000	0.1105
110	186.7248	60.7840	0.0000	0.1116
111	186.7248	64.4014	0.0000	0.1126
112	186.7248	67.4658	0.0000	0.1137
113	186.7248	66.0757	0.0000	0.1147
114	186.7248	68.2396	0.0000	0.1157
115	186.7248	72.7832	0.0000	0.1167
116	186.7248	66.7561	0.0000	0.1177
117	186.7248	68.4646	0.0000	0.1187
118	186.7248	64.6440	0.0000	0.1197
119	186.7248	63.9381	0.0000	0.1207
120	186.7248	69.6799	0.0000	0.1217
121	186.7248	70.9805	0.0000	0.1227
122	186.7248	67.8686	0.0000	0.1236
123	186.7248	58.2690	0.0000	0.1246
124	186.7248	74.9868	0.0000	0.1257
125	186.7248	67.0968	0.0000	0.1267
126	186.7248	64.9036	0.0000	0.1276
127	186.7248	70.3284	0.0000	0.1287
128	186.7248	69.9767	0.0000	0.1299
129	186.7248	68.0616	0.0000	0.1309
130	186.7248	67.3518	0.0000	0.1319
131	186.7248	66.5514	0.0000	0.1329
132	186.7248	68.6802	0.0000	0.1339
133	186.7248	68.6905	0.0000	0.1349
134	186.7248	69.8543	0.0000	0.1359
135	186.7248	72.7435	0.0000	0.1368
136	186.7248	65.3017	0.0000	0.1378
137	186.7248	63.5679	0.0000	0.1388
138	186.7248	65.4494	0.0000	0.1398
139	186.7248	64.8264	0.0000	0.1408
140	186.7248	65.8591	0.0000	0.1418
141	186.7248	69.0226	0.0000	0.1428
142	186.7248	63.5624	0.0000	0.1438
143	186.7248	67.9291	0.0000	0.1450
144	186.7248	70.8286	0.0000	0.1460
145	186.7248	71.0086	0.0000	0.1470
146	186.7248	73.8968	0.0000	0.1480
147	186.7248	74.0189	0.0000	0.1490
148	186.7248	64.4944	0.0000	0.1499
149	186.7248	67.1132	0.0000	0.1509
150	186.7248	71.6265	0.0000	0.1520
151	186.7248	67.2060	0.0000	0.1530
152	186.7248	65.2457	0.0000	0.1539
153	186.7248	70.0478	0.0000	0.1549
154	186.7248	68.4042	0.0000	0.1558
155	186.7248	67.2947	0.0000	0.1568
156	186.7248	68.8779	0.0000	0.1577
157	186.7248	74.5971	0.0000	0.1587
158	186.7248	65.8080	0.0000	0.1596
159	186.7248	68.8938	0.0000	0.1606
160	186.7248	76.4028	0.0000	0.1615
161	186.7248	69.2423	0.0000	0.1624
162	186.7248	71.4908	0.0000	0.1633
163	186.7248	62.3523	0.0000	0.1643
164	186.7248	66.2587	0.0000	0.1652
165	186.7248	64.8851	0.0000	0.1662
166	186.7248	75.4690	0.0000	0.1671
167	186.7248	71.7605	0.0000	0.1680
168	186.7248	65.2539	0.0000	0.1690
169	186.7248	68.2100	0.0000	0.1699
170	186.7248	69.5996	0.0000	0.1709
171	186.7248	74.3593	0.0000	0.1718
172	186.7248	72.0090	0.0000	0.1727
173	186.7248	66.1522	0.0000	0.1736
174	186.7248	71.4338	0.0000	0.1745
175	186.7248	68.6386	0.0000	0.1755
176	186.7248	72.7152	0.0000	0.1765
177	186.7248	71.3193	0.0000	0.1774
178	186.7248	71.5424	0.0000	0.1784
179	186.7248	66.7235	0.0000	0.1793
180	186.7248	61.2602	0.0000	0.1802
181	186.7248	66.5135	0.0000	0.1812
182	186.7248	69.6079	0.0000	0.1821
183	186.7248	71.7302	0.0000	0.1831
184	186.7248	66.8032	0.0000	0.1840
185	186.7248	74.5753	0.0000	0.1850
186	186.7248	63.7436	0.0000	0.1859
187	186.7248	68.7025	0.0000	0.1868
188	186.7248	71.7481	0.0000	0.1878
189	186.7248	66.0797	0.0000	0.1887
190	186.7248	65.7394	0.0000	0.1896
191	186.7248	67.8382	0.0000	0.1906
192	186.7248	61.8144	0.0000	0.1915
193	186.7248	77.0437	0.0000	0.1925
194	186.7248	70.6254	0.0000	0.1934
195	186.7248	66.6475	0.0000	0.1944
196	186.7248	73.2827	0.0000	0.1953
197	186.7248	68.9335	0.0000	0.1963
198	186.7248	71.3448	0.0000	0.1973
199	186.7248	69.8136	0.0000	0.1982
200	186.7248	66.3508	0.0000	0.1991
201	186.7248	69.0091	0.0000	0.2001
202	186.7248	73.9441	0.0000	0.2010
203	186.7248	65.7834	0.0000	0.2020
204	186.7248	72.9287	0.0000	0.2030
205	186.7248	74.4908	0.0000	0.2040
206	186.7248	69.1167	0.0000	0.2049
207	186.7248	67.1062	0.0000	0.2058
208	186.7248	70.7333	0.0000	0.2067
209	186.7248	64.3391	0.0000	0.2077
210	186.7248	71.4676	0.0000	0.2086
211	186.7248	71.0979	0.0000	0.2096
212	186.7248	69.0794	0.0000	0.2105
213	186.7248	71.1230	0.0000	0.2114
214	186.7248	71.7405	0.0000	0.2124
215	186.7248	73.3820	0.0000	0.2134
216	186.7248	71.0247	0.0000	0.2143
217	186.7248	68.2435	0.0000	0.2153
218	186.7248	73.8428	0.0000	0.2163
219	186.7248	72.6147	0.0000	0.2174
220	186.7248	70.3496	0.0000	0.2185
221	186.7248	70.7633	0.0000	0.2194
222	186.7248	64.0238	0.0000	0.2203
223	186.7248	68.5638	0.0000	0.2212
224	186.7248	69.3722	0.0000	0.2221
225	186.7248	65.2115	0.0000	0.2230
226	186.7248	67.4227	0.0000	0.2239
227	186.7248	72.4960	0.0000	0.2248
228	186.7248	63.6172	0.0000	0.2257
229	186.7248	71.7365	0.0000	0.2267
230	186.7248	74.4862	0.0000	0.2276
231	186.7248	65.3302	0.0000	0.2285
232	186.7248	74.5616	0.0000	0.2294
233	186.7248	68.8300	0.0000	0.2303
234	186.7248	71.9118	0.0000	0.2312
235	186.7248	85.5128	0.0000	0.2321
236	186.7248	72.7290	0.0000	0.2330
237	186.7248	66.3679	0.0000	0.2339
238	186.7248	75.2745	0.0000	0.2348
239	186.7248	70.5180	0.0000	0.2357
240	186.7248	61.9181	0.0000	0.2366
241	186.7248	67.7602	0.0000	0.2375
242	186.7248	64.2335	0.0000	0.2384
243	186.7248	65.2520	0.0000	0.2393
244	186.7248	71.8932	0.0000	0.2402
245	186.7248	63.8652	0.0000	0.2412
246	186.7248	68.3744	0.0000	0.2421
247	186.7248	72.5602	0.0000	0.2430
248	186.7248	74.0044	0.0000	0.2439
249	186.7248	72.9518	0.0000	0.2448
250	186.7248	68.5093	0.0000	0.2457
251	186.7248	66.5361	0.0000	0.2467
252	186.7248	70.1561	0.0000	0.2477
253	186.7248	72.3304	0.0000	0.2486
254	186.7248	70.2301	0.0000	0.2495
255	186.7248	63.6903	0.0000	0.2505
256	186.7248	62.2142	0.0000	0.2514
257	186.7248	64.1650	0.0000	0.2523
258	186.7248	73.8371	0.0000	0.2533
259	186.7248	67.4894	0.0000	0.2543
260	186.7248	68.8014	0.0000	0.2552
261	186.7248	71.9267	0.0000	0.2561
262	186.7248	66.0348	0.0000	0.2571
263	186.7248	72.3888	0.0000	0.2581
264	186.7248	72.3169	0.0000	0.2590
265	186.7248	72.2951	0.0000	0.2599
266	186.7248	74.0394	0.0000	0.2609
267	186.7248	68.1892	0.0000	0.2619
268	186.7248	76.9536	0.0000	0.2628
269	186.7248	75.3441	0.0000	0.2637
270	186.7248	78.3584	0.0000	0.2646
271	186.7248	71.9507	0.0000	0.2655
272	186.7248	79.6267	0.0000	0.2664
273	186.7248	66.0067	0.0000	0.2674
274	186.7248	71.4166	0.0000	0.2684
275	186.7248	73.0604	0.0000	0.2693
276	186.7248	72.1741	0.0000	0.2703
277	186.7248	65.1509	0.0000	0.2711
278	186.7248	70.8522	0.0000	0.2721
279	186.7248	70.2441	0.0000	0.2730
280	186.7248	67.8741	0.0000	0.2740
281	186.7248	70.7222	0.0000	0.2750
282	186.7248	75.3589	0.0000	0.2759
283	186.7248	77.0487	0.0000	0.2768
284	186.7248	73.9318	0.0000	0.2776
285	186.7248	71.8449	0.0000	0.2785
286	186.7248	66.3539	0.0000	0.2795
287	186.7248	70.6482	0.0000	0.2804
288	186.7248	73.6129	0.0000	0.2813
289	186.7248	71.6295	0.0000	0.2823
290	186.7248	68.4276	0.0000	0.2832
291	186.7248	71.9220	0.0000	0.2841
292	186.7248	77.0265	0.0000	0.2850
293	186.7248	65.2693	0.0000	0.2859
294	186.7248	70.1611	0.0000	0.2868
295	186.7248	68.6084	0.0000	0.2877
296	186.7248	68.2072	0.0000	0.2886
297	186.7248	68.7569	0.0000	0.2896
298	186.7248	67.0314	0.0000	0.2905
299	186.7248	70.3157	0.0000	0.2914
300	186.7260	68.0720	0.0000	0.2923
301	186.7260	65.3144	0.0000	0.2932
302	186.7260	66.6916	0.0000	0.2942
303	186.7260	67.9337	0.0000	0.2951
304	186.7260	70.6730	0.0000	0.2961
305	186.7260	66.9224	0.0000	0.2970
306	186.7260	76.4132	0.0000	0.2979
307	186.7260	74.8110	0.0000	0.2989
308	186.7260	65.7751	0.0000	0.2998
309	186.7260	68.9130	0.0000	0.3007
310	186.7260	65.7972	0.0000	0.3016
311	186.7260	77.1095	0.0000	0.3027
312	186.7260	68.1937	0.0000	0.3036
313	186.7260	75.3329	0.0000	0.3047
314	186.7260	71.3562	0.0000	0.3056
315	186.7260	69.8192	0.0000	0.3065
316	186.7260	72.8573	0.0000	0.3075
317	186.7260	63.5303	0.0000	0.3084
318	186.7260	74.3518	0.0000	0.3093
319	186.7260	69.3404	0.0000	0.3102
320	186.7260	77.8807	0.0000	0.3112
321	186.7260	65.7500	0.0000	0.3121
322	186.7260	68.8102	0.0000	0.3130
323	186.7260	68.6201	0.0000	0.3139
324	186.7260	70.1406	0.0000	0.3148
325	186.7260	73.1021	0.0000	0.3157
326	186.7260	80.6678	0.0000	0.3167
327	186.7260	70.3195	0.0000	0.3176
328	186.7260	63.5895	0.0000	0.3186
329	186.7260	67.9172	0.0000	0.3195
330	186.7260	74.7217	0.0000	0.3205
331	186.7260	72.5014	0.0000	0.3214
332	186.7260	74.9880	0.0000	0.3224
333	186.7260	80.9201	0.0000	0.3233
334	186.7260	77.7278	0.0000	0.3242
335	186.7260	65.0328	0.0000	0.3251
336	186.7260	68.2128	0.0000	0.3259
337	186.7260	69.3326	0.0000	0.3268
338	186.7260	72.5482	0.0000	0.3277
339	186.7260	79.4225	0.0000	0.3287
340	186.7260	72.4115	0.0000	0.3296
341	186.7260	67.9950	0.0000	0.3305
342	186.7260	75.1547	0.0000	0.3313
343	186.7260	67.4660	0.0000	0.3322
344	186.7260	66.8234	0.0000	0.3331
345	186.7260	66.9188	0.0000	0.3340
346	186.7260	72.9818	0.0000	0.3348
347	186.7260	75.6233	0.0000	0.3357
348	186.7260	64.5112	0.0000	0.3367
349	186.7260	68.7245	0.0000	0.3376
350	186.7270	70.2359	0.0000	0.3385
351	186.7270	78.4036	0.0000	0.3394
352	186.7270	68.2264	0.0000	0.3403
353	186.7270	77.6823	0.0000	0.3412
354	186.7270	71.1750	0.0000	0.3421
355	186.7270	69.9531	0.0000	0.3430
356	186.7270	71.2748	0.0000	0.3439
357	186.7270	70.8673	0.0000	0.3449
358	186.7270	78.8749	0.0000	0.3457
359	186.7270	71.4094	0.0000	0.3466
360	186.7270	68.4027	0.0000	0.3475
361	186.7270	73.1882	0.0000	0.3484
362	186.7270	68.3039	0.0000	0.3493
363	186.7270	68.0927	0.0000	0.3502
364	186.7270	68.1292	0.0000	0.3511
365	186.7270	72.8635	0.0000	0.3520
366	186.7270	72.8417	0.0000	0.3529
367	186.7270	66.6120	0.0000	0.3541
368	186.7270	73.9977	0.0000	0.3550
369	186.7270	73.9343	0.0000	0.3558
370	186.7270	68.4867	0.0000	0.3567
371	186.7270	66.4585	0.0000	0.3576
372	186.7270	63.4950	0.0000	0.3585
373	186.7270	69.2097	0.0000	0.3594
374	186.7270	63.1386	0.0000	0.3602
375	186.7270	73.6849	0.0000	0.3611
376	186.7270	72.7426	0.0000	0.3619
377	186.7270	67.3127	0.0000	0.3628
378	186.7277	73.3892	0.0000	0.3637
379	186.7277	70.0964	0.0000	0.3649
380	186.7277	71.7220	0.0000	0.3659
381	186.7277	66.4402	0.0000	0.3668
382	186.7277	69.7203	0.0000	0.3677
383	186.7277	69.2902	0.0000	0.3685
384	186.7277	67.2543	0.0000	0.3694
385	186.7277	78.6197	0.0000	0.3703
386	186.7277	69.6787	0.0000	0.3712
387	186.7277	76.2361	0.0000	0.3720
388	186.7277	65.8802	0.0000	0.3729
389	186.7277	67.1505	0.0000	0.3737
390	186.7277	72.0934	0.0000	0.3746
391	186.7277	75.2423	0.0000	0.3755
392	186.7277	69.5415	0.0000	0.3764
393	186.7277	67.2255	0.0000	0.3773
394	186.7277	70.9863	0.0000	0.3782
395	186.7277	68.0548	0.0000	0.3791
396	186.7277	78.1107	0.0000	0.3800
397	186.7277	73.0313	0.0000	0.3808
398	186.7277	73.1119	0.0000	0.3817
399	186.7277	69.7878	0.0000	0.3826
400	186.7277	68.4987	0.0000	0.3834
401	186.7277	74.2713	0.0000	0.3843
402	186.7277	73.0447	0.0000	0.3852
403	186.7277	79.3905	0.0000	0.3861
404	186.7277	71.4123	0.0000	0.3869
405	186.7277	73.4599	0.0000	0.3878
406	186.7277	70.5327	0.0000	0.3887
407	186.7277	69.2508	0.0000	0.3895
408	186.7277	73.1032	0.0000	0.3905
409	186.7277	73.7789	0.0000	0.3913
410	186.7277	71.0215	0.0000	0.3923
411	186.7277	65.9041	0.0000	0.3931
412	186.7277	77.0782	0.0000	0.3940
413	186.7293	85.2303	0.0000	0.3948
414	186.7293	74.3836	0.0000	0.3956
415	186.7293	68.8553	0.0000	0.3965
416	186.7293	71.1902	0.0000	0.3973
417	186.7293	77.9732	0.0000	0.3982
418	186.7293	81.5159	0.0000	0.3991
419	186.7293	72.1352	0.0000	0.3999
420	186.7293	71.6766	0.0000	0.4008
421	186.7293	76.6502	0.0000	0.4016
422	186.7293	65.1141	0.0000	0.4025
423	186.7293	78.4432	0.0000	0.4033
424	186.7293	74.1682	0.0000	0.4042
425	186.7293	73.2335	0.0000	0.4051
426	186.7293	77.7601	0.0000	0.4059
427	186.7293	71.7987	0.0000	0.4068
428	186.7293	65.7759	0.0000	0.4076
429	186.7293	66.7480	0.0000	0.4085
430	186.7293	74.7505	0.0000	0.4094
431	186.7293	67.4029	0.0000	0.4104
432	186.7293	78.8140	0.0000	0.4114
433	186.7299	74.1481	0.0000	0.4123
434	186.7299	73.2932	0.0000	0.4131
435	186.7299	66.6790	0.0000	0.4140
436	186.7299	70.9061	0.0000	0.4149
437	186.7299	76.9067	0.0000	0.4158
438	186.7299	75.5119	0.0000	0.4167
439	186.7299	70.7801	0.0000	0.4176
440	186.7299	71.2825	0.0000	0.4185
441	186.7299	76.0683	0.0000	0.4194
442	186.7299	75.0753	0.0000	0.4203
443	186.7299	78.8520	0.0000	0.4212
444	186.7299	67.3922	0.0000	0.4222
445	186.7299	72.2326	0.0000	0.4231
446	186.7299	68.1113	0.0000	0.4240
447	186.7299	70.8516	0.0000	0.4249
448	186.7299	64.3766	0.0000	0.4258
449	186.7299	67.1028	0.0000	0.4267
450	186.7299	78.6888	0.0000	0.4276
451	186.7299	69.5793	0.0000	0.4286
452	186.7299	74.1394	0.0000	0.4295
453	186.7299	74.6677	0.0000	0.4304
454	186.7299	62.0972	0.0000	0.4312
455	186.7299	69.2687	0.0000	0.4321
456	186.7299	72.2908	0.0000	0.4331
457	186.7303	80.1087	0.0000	0.4339
458	186.7303	74.2950	0.0000	0.4348
459	186.7303	62.5008	0.0000	0.4356
460	186.7303	74.7713	0.0000	0.4365
461	186.7303	73.0965	0.0000	0.4374
462	186.7303	68.1678	0.0000	0.4383
463	186.7303	66.2977	0.0000	0.4392
464	186.7303	69.4144	0.0000	0.4402
465	186.7303	70.6367	0.0000	0.4413
466	186.7303	66.7144	0.0000	0.4424
467	186.7303	74.4369	0.0000	0.4432
468	186.7303	78.3539	0.0000	0.4440
469	186.7303	80.0439	0.0000	0.4449
470	186.7303	74.6603	0.0000	0.4459
471	186.7303	71.3158	0.0000	0.4467
472	186.7303	78.4693	0.0000	0.4476
473	186.7303	70.1456	0.0000	0.4484
474	186.7303	75.2807	0.0000	0.4492
475	186.7303	75.0159	0.0000	0.4500
476	186.7303	74.0364	0.0000	0.4508
477	186.7303	76.2267	0.0000	0.4517
478	186.7303	73.6979	0.0000	0.4525
479	186.7303	76.7185	0.0000	0.4533
480	186.7303	74.8599	0.0000	0.4541
481	186.7303	68.6710	0.0000	0.4550
482	186.7303	72.1098	0.0000	0.4558
483	186.7303	77.8215	0.0000	0.4567
484	186.7303	71.7975	0.0000	0.4576
485	186.7303	76.8213	0.0000	0.4584
486	186.7303	78.6587	0.0000	0.4592
487	186.7303	77.4348	0.0000	0.4601
488	186.7303	70.8694	0.0000	0.4609
489	186.7303	77.9994	0.0000	0.4618
490	186.7303	72.5087	0.0000	0.4627
491	186.7303	77.2090	0.0000	0.4635
492	186.7303	72.2817	0.0000	0.4644
493	186.7303	78.7363	0.0000	0.4652
494	186.7303	72.4397	0.0000	0.4660
495	186.7303	71.4869	0.0000	0.4668
496	186.7303	70.8133	0.0000	0.4678
497	186.7303	75.3508	0.0000	0.4687
498	186.7303	74.9680	0.0000	0.4695
499	186.7303	78.1004	0.0000	0.4703
500	186.7303	72.5757	0.0000	0.4711
501	186.7303	70.4455	0.0000	0.4720
502	186.7303	72.5806	0.0000	0.4729
503	186.7303	72.6561	0.0000	0.4738
504	186.7303	70.2230	0.0000	0.4745
505	186.7303	72.2146	0.0000	0.4754
506	186.7303	73.3584	0.0000	0.4761
507	186.7303	66.5074	0.0000	0.4772
508	186.7303	68.6290	0.0000	0.4780
509	186.7303	74.1291	0.0000	0.4788
510	186.7303	67.9492	0.0000	0.4796
511	186.7303	74.7419	0.0000	0.4804
512	186.7303	77.1204	0.0000	0.4812
513	186.7303	72.9174	0.0000	0.4821
514	186.7303	75.5852	0.0000	0.4829
515	186.7303	79.0416	0.0000	0.4838
516	186.7303	68.2864	0.0000	0.4846
517	186.7303	76.6588	0.0000	0.4854
518	186.7303	75.2715	0.0000	0.4863
519	186.7303	72.2195	0.0000	0.4871
520	186.7303	76.0450	0.0000	0.4879
521	186.7303	68.7146	0.0000	0.4888
522	186.7303	75.4635	0.0000	0.4896
523	186.7303	69.3596	0.0000	0.4904
524	186.7303	69.4006	0.0000	0.4912
525	186.7303	77.6681	0.0000	0.4920
526	186.7303	78.0127	0.0000	0.4929
527	186.7303	80.0080	0.0000	0.4938
528	186.7303	72.2913	0.0000	0.4946
529	186.7303	80.8708	0.0000	0.4953
530	186.7303	74.7395	0.0000	0.4962
531	186.7303	72.6465	0.0000	0.4970
532	186.7303	73.4403	0.0000	0.4979
533	186.7303	66.8648	0.0000	0.4987
534	186.7303	72.2223	0.0000	0.4995
535	186.7303	72.4506	0.0000	0.5003
536	186.7303	77.9711	0.0000	0.5011
537	186.7303	78.2075	0.0000	0.5019
538	186.7303	75.2579	0.0000	0.5027
539	186.7303	73.5519	0.0000	0.5035
540	186.7303	71.6511	0.0000	0.5044
541	186.7303	70.7059	0.0000	0.5052
542	186.7303	76.5841	0.0000	0.5060
543	186.7303	68.5058	0.0000	0.5068
544	186.7303	66.1976	0.0000	0.5076
545	186.7303	73.7926	0.0000	0.5084
546	186.7303	76.1717	0.0000	0.5092
547	186.7303	63.5967	0.0000	0.5100
548	186.7303	71.0010	0.0000	0.5108
549	186.7303	69.1472	0.0000	0.5116
550	186.7303	67.8126	0.0000	0.5124
551	186.7303	74.6818	0.0000	0.5132
552	186.7303	72.7291	0.0000	0.5141
553	186.7303	67.1907	0.0000	0.5149
554	186.7303	72.4857	0.0000	0.5158
555	186.7303	70.0263	0.0000	0.5166
556	186.7303	68.3189	0.0000	0.5174
557	186.7303	70.1096	0.0000	0.5182
558	186.7303	70.8450	0.0000	0.5190
559	186.7303	76.9952	0.0000	0.5198
560	186.7303	72.6320	0.0000	0.5207
561	186.7303	81.3284	0.0000	0.5215
562	186.7303	75.4516	0.0000	0.5223
563	186.7303	80.0637	0.0000	0.5231
564	186.7303	78.3352	0.0000	0.5239
565	186.7303	78.8070	0.0000	0.5247
566	186.7303	77.8162	0.0000	0.5255
567	186.7303	74.6463	0.0000	0.5263
568	186.7303	69.0266	0.0000	0.5275
569	186.7303	74.2062	0.0000	0.5285
570	186.7303	69.5792	0.0000	0.5294
571	186.7303	74.7249	0.0000	0.5302
572	186.7303	70.2538	0.0000	0.5310
573	186.7303	73.7098	0.0000	0.5320
574	186.7303	70.0078	0.0000	0.5329
575	186.7303	74.5673	0.0000	0.5337
576	186.7303	73.9812	0.0000	0.5347
577	186.7307	79.0835	0.0000	0.5355
578	186.7307	73.4975	0.0000	0.5364
579	186.7308	71.4431	0.0000	0.5372
580	186.7308	71.7152	0.0000	0.5381
581	186.7308	72.2988	0.0000	0.5390
582	186.7308	84.6835	0.0000	0.5399
583	186.7308	75.0343	0.0000	0.5407
584	186.7308	82.1050	0.0000	0.5415
585	186.7308	69.9220	0.0000	0.5424
586	186.7308	69.5790	0.0000	0.5432
587	186.7308	77.6040	0.0000	0.5441
588	186.7308	75.7146	0.0000	0.5450
589	186.7308	75.1334	0.0000	0.5458
590	186.7308	70.3073	0.0000	0.5467
591	186.7308	73.7388	0.0000	0.5476
592	186.7308	74.0992	0.0000	0.5485
593	186.7308	69.2500	0.0000	0.5494
594	186.7309	74.2338	0.0000	0.5502
595	186.7309	73.6392	0.0000	0.5511
596	186.7309	72.4004	0.0000	0.5520
597	186.7309	82.4406	0.0000	0.5529
598	186.7309	83.9160	0.0000	0.5538
599	186.7309	74.7577	0.0000	0.5547
600	186.7309	74.9010	0.0000	0.5556
601	186.7309	72.8980	0.0000	0.5564
602	186.7309	76.5208	0.0000	0.5572
603	186.7309	83.9042	0.0000	0.5580
604	186.7309	76.3425	0.0000	0.5588
605	186.7309	72.4912	0.0000	0.5596
606	186.7309	68.6407	0.0000	0.5605
607	186.7309	68.1121	0.0000	0.5613
608	186.7309	69.6521	0.0000	0.5621
609	186.7309	72.3399	0.0000	0.5629
610	186.7309	71.4495	0.0000	0.5637
611	186.7309	76.2520	0.0000	0.5645
612	186.7309	79.0146	0.0000	0.5653
613	186.7309	69.9333	0.0000	0.5661
614	186.7309	70.8417	0.0000	0.5669
615	186.7309	81.7608	0.0000	0.5678
616	186.7309	66.9141	0.0000	0.5686
617	186.7309	80.0320	0.0000	0.5694
618	186.7309	78.7355	0.0000	0.5705
619	186.7309	77.4086	0.0000	0.5713
620	186.7309	70.7279	0.0000	0.5722
621	186.7309	77.8246	0.0000	0.5731
622	186.7309	70.8888	0.0000	0.5739
623	186.7309	76.7111	0.0000	0.5747
624	186.7309	81.3146	0.0000	0.5755
625	186.7309	76.1903	0.0000	0.5763
626	186.7309	78.3563	0.0000	0.5771
627	186.7309	68.4156	0.0000	0.5779
628	186.7309	75.0888	0.0000	0.5788
629	186.7309	74.9520	0.0000	0.5796
630	186.7309	72.3005	0.0000	0.5804
631	186.7309	70.9366	0.0000	0.5813
632	186.7309	71.8258	0.0000	0.5821
633	186.7309	74.8592	0.0000	0.5829
634	186.7309	80.2851	0.0000	0.5837
635	186.7309	66.9462	0.0000	0.5845
636	186.7309	73.7576	0.0000	0.5853
637	186.7309	76.6925	0.0000	0.5861
638	186.7309	73.7873	0.0000	0.5869
639	186.7309	76.1529	0.0000	0.5877
640	186.7309	70.3381	0.0000	0.5886
641	186.7309	66.5553	0.0000	0.5894
642	186.7309	76.0311	0.0000	0.5902
643	186.7309	70.9943	0.0000	0.5909
644	186.7309	75.7607	0.0000	0.5917
645	186.7309	68.0461	0.0000	0.5925
646	186.7309	82.6473	0.0000	0.5934
647	186.7309	71.7755	0.0000	0.5942
648	186.7309	73.4466	0.0000	0.5950
649	186.7309	77.3268	0.0000	0.5958
650	186.7309	78.1529	0.0000	0.5966
651	186.7309	76.1455	0.0000	0.5974
652	186.7309	69.3045	0.0000	0.5982
653	186.7309	77.8956	0.0000	0.5991
654	186.7309	72.6812	0.0000	0.5999
655	186.7309	78.4393	0.0000	0.6006
656	186.7309	71.8413	0.0000	0.6014
657	186.7309	70.0969	0.0000	0.6022
658	186.7309	74.1954	0.0000	0.6030
659	186.7309	74.1308	0.0000	0.6038
660	186.7309	69.4222	0.0000	0.6047
661	186.7309	76.4638	0.0000	0.6054
662	186.7309	83.6031	0.0000	0.6062
663	186.7309	84.5229	0.0000	0.6070
664	186.7309	77.2920	0.0000	0.6078
665	186.7309	67.4868	0.0000	0.6086
666	186.7309	77.7594	0.0000	0.6094
667	186.7309	77.0292	0.0000	0.6102
668	186.7309	81.9397	0.0000	0.6109
669	186.7309	70.8296	0.0000	0.6117
670	186.7309	76.7947	0.0000	0.6125
671	186.7309	72.7577	0.0000	0.6132
672	186.7309	66.0646	0.0000	0.6140
673	186.7309	77.2310	0.0000	0.6148
674	186.7309	77.6078	0.0000	0.6156
675	186.7309	72.6833	0.0000	0.6164
676	186.7309	79.3118	0.0000	0.6172
677	186.7309	82.1862	0.0000	0.6180
678	186.7309	75.7800	0.0000	0.6188
679	186.7309	75.8819	0.0000	0.6196
680	186.7309	70.7775	0.0000	0.6203
681	186.7309	84.9995	0.0000	0.6211
682	186.7309	74.5517	0.0000	0.6219
683	186.7309	78.9242	0.0000	0.6227
684	186.7309	74.5871	0.0000	0.6234
685	186.7309	82.9322	0.0000	0.6242
686	186.7309	75.8209	0.0000	0.6250
687	186.7309	78.5538	0.0000	0.6258
688	186.7309	75.1783	0.0000	0.6266
689	186.7309	75.0019	0.0000	0.6274
690	186.7309	79.9615	0.0000	0.6282
691	186.7309	74.5437	0.0000	0.6290
692	186.7309	72.6291	0.0000	0.6298
693	186.7309	77.2857	0.0000	0.6306
694	186.7309	83.4576	0.0000	0.6314
695	186.7309	74.1921	0.0000	0.6322
696	186.7309	77.6063	0.0000	0.6330
697	186.7309	73.2474	0.0000	0.6337
698	186.7309	72.7512	0.0000	0.6345
699	186.7309	73.8601	0.0000	0.6353
700	186.7309	76.3950	0.0000	0.6361
701	186.7309	74.0856	0.0000	0.6369
702	186.7309	67.2836	0.0000	0.6378
703	186.7309	68.5844	0.0000	0.6386
704	186.7309	76.4715	0.0000	0.6393
705	186.7309	72.8672	0.0000	0.6401
706	186.7309	71.0953	0.0000	0.6409
707	186.7309	69.0981	0.0000	0.6417
708	186.7309	82.4561	0.0000	0.6425
709	186.7309	76.9868	0.0000	0.6433
710	186.7309	84.4799	0.0000	0.6441
711	186.7309	71.8623	0.0000	0.6449
712	186.7309	68.8045	0.0000	0.6458
713	186.7309	75.8831	0.0000	0.6467
714	186.7309	83.0467	0.0000	0.6477
715	186.7309	73.7153	0.0000	0.6486
716	186.7309	70.7311	0.0000	0.6494
717	186.7309	68.9457	0.0000	0.6502
718	186.7309	73.5803	0.0000	0.6510
719	186.7309	74.8565	0.0000	0.6519
720	186.7309	69.4546	0.0000	0.6527
721	186.7309	76.3084	0.0000	0.6535
722	186.7309	78.4203	0.0000	0.6543
723	186.7309	72.9699	0.0000	0.6551
724	186.7309	68.3426	0.0000	0.6559
725	186.7309	70.8281	0.0000	0.6567
726	186.7309	64.6804	0.0000	0.6575
727	186.7309	76.5810	0.0000	0.6583
728	186.7309	77.9644	0.0000	0.6591
729	186.7309	75.8204	0.0000	0.6599
730	186.7309	73.1770	0.0000	0.6607
731	186.7309	72.5703	0.0000	0.6615
732	186.7309	75.1995	0.0000	0.6623
733	186.7309	74.1852	0.0000	0.6631
734	186.7309	82.2620	0.0000	0.6639
735	186.7309	78.7700	0.0000	0.6647
736	186.7309	76.7185	0.0000	0.6655
737	186.7309	76.4437	0.0000	0.6662
738	186.7309	75.7875	0.0000	0.6670
739	186.7309	69.4738	0.0000	0.6679
740	186.7309	75.8100	0.0000	0.6687
741	186.7309	72.5340	0.0000	0.6694
742	186.7309	78.3882	0.0000	0.6702
743	186.7309	79.2967	0.0000	0.6710
744	186.7309	72.6810	0.0000	0.6718
745	186.7309	76.3471	0.0000	0.6726
746	186.7309	70.4067	0.0000	0.6733
747	186.7309	66.9266	0.0000	0.6744
748	186.7309	78.0036	0.0000	0.6753
749	186.7309	76.4865	0.0000	0.6761
750	186.7309	72.0060	0.0000	0.6769
751	186.7309	79.0904	0.0000	0.6777
752	186.7309	69.9709	0.0000	0.6784
753	186.7309	75.3315	0.0000	0.6792
754	186.7309	75.9854	0.0000	0.6800
755	186.7309	76.7827	0.0000	0.6808
756	186.7309	71.9065	0.0000	0.6815
757	186.7309	71.5551	0.0000	0.6823
758	186.7309	77.2838	0.0000	0.6830
759	186.7309	78.0459	0.0000	0.6837
760	186.7309	74.0852	0.0000	0.6845
761	186.7309	77.1606	0.0000	0.6852
762	186.7309	67.3081	0.0000	0.6860
763	186.7309	76.0965	0.0000	0.6868
764	186.7309	73.3543	0.0000	0.6875
765	186.7309	74.8772	0.0000	0.6882
766	186.7309	71.5072	0.0000	0.6890
767	186.7309	74.1167	0.0000	0.6897
768	186.7309	81.0134	0.0000	0.6905
769	186.7309	72.4454	0.0000	0.6912
770	186.7309	73.8725	0.0000	0.6920
771	186.7309	77.2656	0.0000	0.6928
772	186.7309	76.9525	0.0000	0.6936
773	186.7309	73.1568	0.0000	0.6944
774	186.7309	75.0940	0.0000	0.6951
775	186.7309	69.4285	0.0000	0.6959
776	186.7309	73.7408	0.0000	0.6966
777	186.7309	67.9533	0.0000	0.6973
778	186.7309	71.9270	0.0000	0.6981
779	186.7309	83.3365	0.0000	0.6988
780	186.7309	64.4148	0.0000	0.6996
781	186.7309	70.5250	0.0000	0.7003
782	186.7309	75.4871	0.0000	0.7011
783	186.7309	72.0272	0.0000	0.7018
784	186.7309	67.3701	0.0000	0.7026
785	186.7309	78.4437	0.0000	0.7033
786	186.7309	80.8363	0.0000	0.7041
787	186.7309	73.3951	0.0000	0.7048
788	186.7309	75.0199	0.0000	0.7056
789	186.7309	85.0846	0.0000	0.7064
790	186.7309	72.8853	0.0000	0.7071
791	186.7309	74.4531	0.0000	0.7079
792	186.7309	78.0593	0.0000	0.7086
793	186.7309	72.9172	0.0000	0.7095
794	186.7309	71.3879	0.0000	0.7102
795	186.7309	77.3578	0.0000	0.7110
796	186.7309	78.7964	0.0000	0.7117
797	186.7309	78.6931	0.0000	0.7125
798	186.7309	80.3290	0.0000	0.7132
799	186.7309	78.6991	0.0000	0.7141
800	186.7309	82.5011	0.0000	0.7148
801	186.7309	77.2978	0.0000	0.7156
802	186.7309	86.1118	0.0000	0.7164
803	186.7309	78.5054	0.0000	0.7171
804	186.7309	80.5770	0.0000	0.7179
805	186.7309	78.7472	0.0000	0.7186
806	186.7309	75.9063	0.0000	0.7194
807	186.7309	74.3693	0.0000	0.7202
808	186.7309	76.1411	0.0000	0.7209
809	186.7309	68.8663	0.0000	0.7217
810	186.7309	91.7509	0.0000	0.7224
811	186.7309	81.6055	0.0000	0.7232
812	186.7309	82.3085	0.0000	0.7239
813	186.7309	74.5268	0.0000	0.7246
814	186.7309	87.7992	0.0000	0.7254
815	186.7309	71.8909	0.0000	0.7261
816	186.7309	83.0666	0.0000	0.7268
817	186.7309	74.0980	0.0000	0.7276
818	186.7309	83.8191	0.0000	0.7283
819	186.7309	85.1280	0.0000	0.7290
820	186.7309	82.1572	0.0000	0.7298
821	186.7309	74.6278	0.0000	0.7305
822	186.7309	80.8430	0.0000	0.7313
823	186.7309	78.9151	0.0000	0.7320
824	186.7309	68.9158	0.0000	0.7328
825	186.7309	72.9706	0.0000	0.7336
826	186.7309	76.0982	0.0000	0.7343
827	186.7309	77.7752	0.0000	0.7350
828	186.7309	81.3492	0.0000	0.7358
829	186.7309	79.0678	0.0000	0.7365
830	186.7309	79.4236	0.0000	0.7372
831	186.7309	81.5925	0.0000	0.7380
832	186.7309	79.9915	0.0000	0.7387
833	186.7309	74.5878	0.0000	0.7394
834	186.7309	79.9400	0.0000	0.7402
835	186.7309	73.0107	0.0000	0.7409
836	186.7309	75.6227	0.0000	0.7416
837	186.7309	76.0690	0.0000	0.7423
838	186.7309	77.5286	0.0000	0.7430
839	186.7309	79.8549	0.0000	0.7438
840	186.7309	77.8926	0.0000	0.7445
841	186.7309	79.7230	0.0000	0.7452
842	186.7309	68.9695	0.0000	0.7459
843	186.7309	77.2418	0.0000	0.7467
844	186.7309	82.9910	0.0000	0.7474
845	186.7309	77.9544	0.0000	0.7481
846	186.7309	81.3418	0.0000	0.7489
847	186.7309	77.2212	0.0000	0.7496
848	186.7309	77.5089	0.0000	0.7503
849	186.7309	76.8461	0.0000	0.7510
850	186.7309	84.3927	0.0000	0.7517
851	186.7309	80.0009	0.0000	0.7525
852	186.7309	79.2368	0.0000	0.7532
853	186.7309	84.9860	0.0000	0.7540
854	186.7309	77.1367	0.0000	0.7547
855	186.7309	79.2324	0.0000	0.7554
856	186.7309	76.5239	0.0000	0.7562
857	186.7309	78.2478	0.0000	0.7569
858	186.7309	73.2566	0.0000	0.7576
859	186.7309	82.4737	0.0000	0.7584
860	186.7309	77.3524	0.0000	0.7591
861	186.7309	79.4907	0.0000	0.7598
862	186.7309	76.7946	0.0000	0.7605
863	186.7309	78.4520	0.0000	0.7612
864	186.7309	82.2895	0.0000	0.7620
865	186.7309	74.6451	0.0000	0.7627
866	186.7309	71.1659	0.0000	0.7635
867	186.7309	74.7315	0.0000	0.7643
868	186.7309	76.2392	0.0000	0.7650
869	186.7309	79.3869	0.0000	0.7657
870	186.7309	83.8348	0.0000	0.7664
871	186.7309	82.0648	0.0000	0.7671
872	186.7309	78.5891	0.0000	0.7679
873	186.7309	87.4559	0.0000	0.7686
874	186.7309	78.4421	0.0000	0.7693
875	186.7309	74.7952	0.0000	0.7700
876	186.7309	84.3554	0.0000	0.7708
877	186.7309	75.1804	0.0000	0.7715
878	186.7309	78.9751	0.0000	0.7722
879	186.7309	77.1039	0.0000	0.7729
880	186.7309	75.0742	0.0000	0.7737
881	186.7309	85.6081	0.0000	0.7744
882	186.7309	86.4622	0.0000	0.7751
883	186.7309	86.8366	0.0000	0.7758
884	186.7309	79.3064	0.0000	0.7765
885	186.7309	75.8049	0.0000	0.7773
886	186.7309	79.1755	0.0000	0.7780
887	186.7309	73.8917	0.0000	0.7787
888	186.7309	72.6706	0.0000	0.7794
889	186.7309	74.5835	0.0000	0.7801
890	186.7309	78.3038	0.0000	0.7808
891	186.7309	73.8370	0.0000	0.7816
892	186.7309	75.1544	0.0000	0.7823
893	186.7309	77.5094	0.0000	0.7830
894	186.7309	81.4796	0.0000	0.7837
895	186.7309	82.1821	0.0000	0.7844
896	186.7309	77.4547	0.0000	0.7851
897	186.7309	78.6143	0.0000	0.7858
898	186.7309	83.4062	0.0000	0.7865
899	186.7309	76.0649	0.0000	0.7872
900	186.7309	81.6786	0.0000	0.7879
901	186.7309	84.8775	0.0000	0.7887
902	186.7309	81.7112	0.0000	0.7894
903	186.7309	80.3977	0.0000	0.7901
904	186.7309	79.1852	0.0000	0.7908
905	186.7309	87.1508	0.0000	0.7915
906	186.7309	80.0183	0.0000	0.7922
907	186.7309	82.8656	0.0000	0.7929
908	186.7309	82.5812	0.0000	0.7936
909	186.7309	79.7306	0.0000	0.7943
910	186.7309	80.4071	0.0000	0.7950
911	186.7309	78.4476	0.0000	0.7957
912	186.7309	77.0456	0.0000	0.7964
913	186.7309	77.0662	0.0000	0.7971
914	186.7309	78.4573	0.0000	0.7979
915	186.7309	74.5233	0.0000	0.7986
916	186.7309	79.1657	0.0000	0.7993
917	186.7309	79.8342	0.0000	0.8000
918	186.7309	74.6095	0.0000	0.8007
919	186.7309	84.1739	0.0000	0.8014
920	186.7309	85.9114	0.0000	0.8022
921	186.7309	75.0761	0.0000	0.8029
922	186.7309	81.1064	0.0000	0.8036
923	186.7309	74.9982	0.0000	0.8044
924	186.7309	75.7972	0.0000	0.8050
925	186.7309	81.0403	0.0000	0.8057
926	186.7309	73.7743	0.0000	0.8064
927	186.7309	74.7061	0.0000	0.8071
928	186.7309	82.2838	0.0000	0.8079
929	186.7309	76.8480	0.0000	0.8086
930	186.7309	74.7003	0.0000	0.8093
931	186.7309	78.3171	0.0000	0.8099
932	186.7309	73.5575	0.0000	0.8107
933	186.7309	79.0557	0.0000	0.8114
934	186.7309	80.6578	0.0000	0.8120
935	186.7309	76.2914	0.0000	0.8127
936	186.7309	78.1043	0.0000	0.8134
937	186.7309	78.7015	0.0000	0.8141
938	186.7309	80.0297	0.0000	0.8148
939	186.7309	84.4556	0.0000	0.8155
940	186.7309	91.8669	0.0000	0.8161
941	186.7309	82.1571	0.0000	0.8168
942	186.7309	80.9810	0.0000	0.8175
943	186.7309	74.6625	0.0000	0.8181
944	186.7309	74.8529	0.0000	0.8188
945	186.7309	79.0160	0.0000	0.8195
946	186.7309	81.6646	0.0000	0.8201
947	186.7309	83.3426	0.0000	0.8208
948	186.7309	74.8011	0.0000	0.8215
949	186.7309	80.1169	0.0000	0.8222
950	186.7309	78.0796	0.0000	0.8228
951	186.7309	85.4553	0.0000	0.8236
952	186.7309	74.4386	0.0000	0.8242
953	186.7309	79.2440	0.0000	0.8249
954	186.7309	83.1694	0.0000	0.8256
955	186.7309	81.1085	0.0000	0.8263
956	186.7309	75.8531	0.0000	0.8270
957	186.7309	85.1867	0.0000	0.8276
958	186.7309	80.1634	0.0000	0.8283
959	186.7309	85.8177	0.0000	0.8290
960	186.7309	84.5119	0.0000	0.8297
961	186.7309	81.6048	0.0000	0.8303
962	186.7309	83.1611	0.0000	0.8310
963	186.7309	74.2523	0.0000	0.8317
964	186.7309	81.3524	0.0000	0.8324
965	186.7309	82.8510	0.0000	0.8330
966	186.7309	89.3047	0.0000	0.8337
967	186.7309	76.1901	0.0000	0.8344
968	186.7309	78.0114	0.0000	0.8351
969	186.7309	81.0602	0.0000	0.8358
970	186.7309	82.0581	0.0000	0.8365
971	186.7309	80.1024	0.0000	0.8372
972	186.7309	85.3630	0.0000	0.8379
973	186.7309	78.3467	0.0000	0.8385
974	186.7309	79.5843	0.0000	0.8393
975	186.7309	72.9403	0.0000	0.8400
976	186.7309	75.8344	0.0000	0.8406
977	186.7309	77.1963	0.0000	0.8413
978	186.7309	78.9745	0.0000	0.8420
979	186.7309	81.0294	0.0000	0.8427
980	186.7309	86.8608	0.0000	0.8433
981	186.7309	83.6872	0.0000	0.8440
982	186.7309	83.2154	0.0000	0.8447
983	186.7309	79.2524	0.0000	0.8454
984	186.7309	77.6258	0.0000	0.8461
985	186.7309	80.8171	0.0000	0.8468
986	186.7309	85.8078	0.0000	0.8474
987	186.7309	81.1447	0.0000	0.8481
988	186.7309	81.1464	0.0000	0.8488
989	186.7309	85.0187	0.0000	0.8495
990	186.7309	80.6429	0.0000	0.8502
991	186.7309	81.3298	0.0000	0.8508
992	186.7309	76.3607	0.0000	0.8515
993	186.7309	79.7165	0.0000	0.8522
994	186.7309	77.2701	0.0000	0.8529
995	186.7309	83.5511	0.0000	0.8536
996	186.7309	76.6941	0.0000	0.8542
997	186.7309	75.3157	0.0000	0.8549
998	186.7309	69.8947	0.0000	0.8556
999	186.7309	78.5480	0.0000	0.8562
1000	186.7309	82.7015	0.0000	0.8569
1001	186.7309	82.9204	0.0000	0.8576
1002	186.7309	84.4653	0.0000	0.8583
1003	186.7309	79.0426	0.0000	0.8589
1004	186.7309	78.3012	0.0000	0.8596
1005	186.7309	85.9189	0.0000	0.8603
1006	186.7309	83.4909	0.0000	0.8610
1007	186.7309	73.6004	0.0000	0.8617
1008	186.7309	74.8276	0.0000	0.8624
1009	186.7309	77.9700	0.0000	0.8631
1010	186.7309	75.3704	0.0000	0.8638
1011	186.7309	80.8525	0.0000	0.8644
1012	186.7309	74.0882	0.0000	0.8651
1013	186.7309	78.2670	0.0000	0.8658
1014	186.7309	82.5836	0.0000	0.8665
1015	186.7309	83.6670	0.0000	0.8672
1016	186.7309	84.1034	0.0000	0.8679
1017	186.7309	80.9022	0.0000	0.8685
1018	186.7309	77.7469	0.0000	0.8696
1019	186.7309	77.5970	0.0000	0.8706
1020	186.7309	81.3943	0.0000	0.8712
1021	186.7309	82.7611	0.0000	0.8719
1022	186.7309	79.9849	0.0000	0.8725
1023	186.7309	78.8068	0.0000	0.8732
1024	186.7309	85.7684	0.0000	0.8738
1025	186.7309	83.3742	0.0000	0.8745
1026	186.7309	74.4860	0.0000	0.8752
1027	186.7309	83.6984	0.0000	0.8758
1028	186.7309	82.4317	0.0000	0.8765
1029	186.7309	82.2709	0.0000	0.8772
1030	186.7309	82.5480	0.0000	0.8779
1031	186.7309	76.0568	0.0000	0.8785
1032	186.7309	82.7432	0.0000	0.8792
1033	186.7309	77.1800	0.0000	0.8799
1034	186.7309	85.7901	0.0000	0.8806
1035	186.7309	84.1934	0.0000	0.8813
1036	186.7309	83.9049	0.0000	0.8819
1037	186.7309	80.3049	0.0000	0.8826
1038	186.7309	85.4085	0.0000	0.8833
1039	186.7309	81.7417	0.0000	0.8840
1040	186.7309	80.1203	0.0000	0.8847
1041	186.7309	81.7558	0.0000	0.8853
1042	186.7309	79.4535	0.0000	0.8860
1043	186.7309	80.4399	0.0000	0.8867
1044	186.7309	84.1752	0.0000	0.8873
1045	186.7309	81.9620	0.0000	0.8880
1046	186.7309	79.6925	0.0000	0.8886
1047	186.7309	79.7163	0.0000	0.8893
1048	186.7309	81.1543	0.0000	0.8900
1049	186.7309	82.9366	0.0000	0.8906
1050	186.7309	76.8445	0.0000	0.8913
1051	186.7309	81.8232	0.0000	0.8920
1052	186.7309	82.6850	0.0000	0.8926
1053	186.7309	78.0228	0.0000	0.8933
1054	186.7309	77.3900	0.0000	0.8939
1055	186.7309	78.5076	0.0000	0.8946
1056	186.7309	79.9226	0.0000	0.8952
1057	186.7309	69.0909	0.0000	0.8959
1058	186.7309	83.7412	0.0000	0.8966
1059	186.7309	83.3501	0.0000	0.8972
1060	186.7309	79.9148	0.0000	0.8979
1061	186.7309	78.0827	0.0000	0.8986
1062	186.7309	83.9964	0.0000	0.8992
1063	186.7309	78.7991	0.0000	0.8998
1064	186.7309	80.6856	0.0000	0.9005
1065	186.7309	81.7426	0.0000	0.9012
1066	186.7309	83.8630	0.0000	0.9018
1067	186.7309	88.3090	0.0000	0.9024
1068	186.7309	79.5956	0.0000	0.9031
1069	186.7309	82.5142	0.0000	0.9037
1070	186.7309	89.1861	0.0000	0.9044
1071	186.7309	88.5439	0.0000	0.9050
1072	186.7309	80.1558	0.0000	0.9056
1073	186.7309	85.8529	0.0000	0.9063
1074	186.7309	76.8963	0.0000	0.9069
1075	186.7309	79.0142	0.0000	0.9075
1076	186.7309	79.8076	0.0000	0.9081
1077	186.7309	78.7712	0.0000	0.9087
1078	186.7309	78.1109	0.0000	0.9094
1079	186.7309	81.1082	0.0000	0.9100
1080	186.7309	84.6054	0.0000	0.9106
1081	186.7309	79.5769	0.0000	0.9112
1082	186.7309	81.2920	0.0000	0.9119
1083	186.7309	86.1651	0.0000	0.9125
1084	186.7309	77.5445	0.0000	0.9131
1085	186.7309	88.8380	0.0000	0.9138
1086	186.7309	88.8691	0.0000	0.9144
1087	186.7309	84.2379	0.0000	0.9150
1088	186.7309	81.6647	0.0000	0.9156
1089	186.7309	80.8903	0.0000	0.9163
1090	186.7309	89.3508	0.0000	0.9169
1091	186.7309	86.8391	0.0000	0.9175
1092	186.7309	77.9214	0.0000	0.9181
1093	186.7309	86.6161	0.0000	0.9188
1094	186.7309	87.5673	0.0000	0.9194
1095	186.7309	79.7836	0.0000	0.9200
1096	186.7309	77.3983	0.0000	0.9207
1097	186.7309	80.1708	0.0000	0.9213
1098	186.7309	78.0296	0.0000	0.9219
1099	186.7309	80.1454	0.0000	0.9226
1100	186.7309	72.9720	0.0000	0.9232
1101	186.7309	81.8381	0.0000	0.9238
1102	186.7309	79.1546	0.0000	0.9245
1103	186.7309	82.3612	0.0000	0.9251
1104	186.7309	76.8300	0.0000	0.9257
1105	186.7309	79.8667	0.0000	0.9263
1106	186.7309	86.5415	0.0000	0.9269
1107	186.7309	81.8409	0.0000	0.9275
1108	186.7309	84.8826	0.0000	0.9282
1109	186.7309	85.8546	0.0000	0.9288
1110	186.7309	83.5890	0.0000	0.9294
1111	186.7309	70.7367	0.0000	0.9300
1112	186.7309	82.9045	0.0000	0.9307
1113	186.7309	80.1759	0.0000	0.9313
1114	186.7309	82.8683	0.0000	0.9319
1115	186.7309	77.5479	0.0000	0.9326
1116	186.7309	77.5168	0.0000	0.9332
1117	186.7309	83.2870	0.0000	0.9339
1118	186.7309	76.5956	0.0000	0.9345
1119	186.7309	79.4126	0.0000	0.9351
1120	186.7309	80.7481	0.0000	0.9357
1121	186.7309	83.7788	0.0000	0.9364
1122	186.7309	86.0345	0.0000	0.9371
1123	186.7309	74.6672	0.0000	0.9377
1124	186.7309	81.3768	0.0000	0.9383
1125	186.7309	79.8713	0.0000	0.9389
1126	186.7309	83.3299	0.0000	0.9395
1127	186.7309	78.5710	0.0000	0.9401
1128	186.7309	82.7350	0.0000	0.9407
1129	186.7309	82.7331	0.0000	0.9413
1130	186.7309	87.3077	0.0000	0.9420
1131	186.7309	80.6684	0.0000	0.9426
1132	186.7309	81.7943	0.0000	0.9432
1133	186.7309	83.7160	0.0000	0.9438
1134	186.7309	85.9412	0.0000	0.9444
1135	186.7309	95.4258	0.0000	0.9450
1136	186.7309	80.6939	0.0000	0.9456
1137	186.7309	90.8674	0.0000	0.9462
1138	186.7309	75.7475	0.0000	0.9468
1139	186.7309	80.6321	0.0000	0.9474
1140	186.7309	84.4304	0.0000	0.9480
1141	186.7309	86.7613	0.0000	0.9486
1142	186.7309	79.0656	0.0000	0.9492
1143	186.7309	82.6054	0.0000	0.9498
1144	186.7309	85.5208	0.0000	0.9504
1145	186.7309	78.5975	0.0000	0.9510
1146	186.7309	77.4875	0.0000	0.9516
1147	186.7309	88.1992	0.0000	0.9522
1148	186.7309	77.2155	0.0000	0.9527
1149	186.7309	76.4294	0.0000	0.9533
1150	186.7309	85.8320	0.0000	0.9539
1151	186.7309	81.2030	0.0000	0.9546
1152	186.7309	80.4085	0.0000	0.9552
1153	186.7309	85.7623	0.0000	0.9558
1154	186.7309	80.3894	0.0000	0.9564
1155	186.7309	79.9206	0.0000	0.9570
1156	186.7309	84.2261	0.0000	0.9576
1157	186.7309	78.8613	0.0000	0.9584
1158	186.7309	80.8836	0.0000	0.9590
1159	186.7309	73.8597	0.0000	0.9597
1160	186.7309	86.7362	0.0000	0.9602
1161	186.7309	82.7221	0.0000	0.9608
1162	186.7309	83.0887	0.0000	0.9614
1163	186.7309	79.4182	0.0000	0.9621
1164	186.7309	85.5878	0.0000	0.9627
1165	186.7309	80.2063	0.0000	0.9633
1166	186.7309	88.4810	0.0000	0.9640
1167	186.7309	82.8959	0.0000	0.9646
1168	186.7309	79.1319	0.0000	0.9652
1169	186.7309	82.0805	0.0000	0.9658
1170	186.7309	78.0159	0.0000	0.9664
1171	186.7309	84.0437	0.0000	0.9670
1172	186.7309	87.4105	0.0000	0.9677
1173	186.7309	83.4905	0.0000	0.9683
1174	186.7309	75.8010	0.0000	0.9689
1175	186.7309	76.1287	0.0000	0.9695
1176	186.7309	79.9925	0.0000	0.9702
1177	186.7309	77.3200	0.0000	0.9708
1178	186.7309	82.2249	0.0000	0.9714
1179	186.7309	80.3093	0.0000	0.9720
1180	186.7309	77.6234	0.0000	0.9726
1181	186.7309	80.6288	0.0000	0.9732
1182	186.7309	74.4268	0.0000	0.9738
1183	186.7309	80.2181	0.0000	0.9744
1184	186.7309	78.3284	0.0000	0.9750
1185	186.7309	76.4969	0.0000	0.9756
1186	186.7309	80.7497	0.0000	0.9762
1187	186.7309	85.4303	0.0000	0.9769
1188	186.7309	81.3321	0.0000	0.9775
1189	186.7309	79.6539	0.0000	0.9782
1190	186.7309	83.2083	0.0000	0.9788
1191	186.7309	86.3823	0.0000	0.9794
1192	186.7309	77.4607	0.0000	0.9800
1193	186.7309	76.8472	0.0000	0.9806
1194	186.7309	75.7958	0.0000	0.9812
1195	186.7309	75.5012	0.0000	0.9818
1196	186.7309	79.4657	0.0000	0.9824
1197	186.7309	79.7433	0.0000	0.9830
1198	186.7309	80.0180	0.0000	0.9836
1199	186.7309	81.8614	0.0000	0.9842
1200	186.7309	89.9592	0.0000	0.9848
1201	186.7309	85.0237	0.0000	0.9854
1202	186.7309	92.5682	0.0000	0.9859
1203	186.7309	84.8720	0.0000	0.9865
1204	186.7309	82.5993	0.0000	0.9871
1205	186.7309	81.9248	0.0000	0.9876
1206	186.7309	81.4364	0.0000	0.9882
1207	186.7309	78.1407	0.0000	0.9888
1208	186.7309	76.3785	0.0000	0.9894
1209	186.7309	80.4116	0.0000	0.9900
1210	186.7309	83.1638	0.0000	0.9906
1211	186.7309	85.5679	0.0000	0.9912
1212	186.7309	80.2397	0.0000	0.9918
1213	186.7309	85.0484	0.0000	0.9923
1214	186.7309	80.6281	0.0000	0.9929
1215	186.7309	77.3236	0.0000	0.9935
1216	186.7309	81.2957	0.0000	0.9941
1217	186.7309	81.7365	0.0000	0.9946
1218	186.7309	82.0372	0.0000	0.9952
1219	186.7309	81.3290	0.0000	0.9957
1220	186.7309	81.1166	0.0000	0.9963
1221	186.7309	84.5622	0.0000	0.9969
1222	186.7309	82.8746	0.0000	0.9975
1223	186.7309	82.5620	0.0000	0.9981
1224	186.7309	85.5435	0.0000	0.9987
1225	186.7309	80.3861	0.0000	0.9993
1226	186.7309	75.0371	0.0000	0.9998
1227	186.7309	75.6810	0.0000	1.0004
1228	186.7309	75.2639	0.0000	1.0010
1229	186.7309	78.8735	0.0000	1.0016
1230	186.7309	82.8669	0.0000	1.0022
1231	186.7309	77.2698	0.0000	1.0028
1232	186.7309	79.1434	0.0000	1.0034
1233	186.7309	77.7913	0.0000	1.0040
1234	186.7309	76.3879	0.0000	1.0046
1235	186.7309	79.3852	0.0000	1.0052
1236	186.7309	79.3486	0.0000	1.0057
1237	186.7309	86.2393	0.0000	1.0063
1238	186.7309	81.6977	0.0000	1.0069
1239	186.7309	76.7565	0.0000	1.0075
1240	186.7309	78.5888	0.0000	1.0081
1241	186.7309	79.2315	0.0000	1.0086
1242	186.7309	80.9906	0.0000	1.0092
1243	186.7309	82.9822	0.0000	1.0099
1244	186.7309	87.0621	0.0000	1.0106
1245	186.7309	84.5125	0.0000	1.0111
1246	186.7309	79.8518	0.0000	1.0117
1247	186.7309	86.8638	0.0000	1.0123
1248	186.7309	84.6587	0.0000	1.0129
1249	186.7309	83.7117	0.0000	1.0135
1250	186.7309	84.1095	0.0000	1.0141
1251	186.7309	77.5852	0.0000	1.0147
1252	186.7309	78.5794	0.0000	1.0153
1253	186.7309	79.8592	0.0000	1.0159
1254	186.7309	80.1087	0.0000	1.0165
1255	186.7309	81.1826	0.0000	1.0170
1256	186.7309	83.3116	0.0000	1.0176
1257	186.7309	79.4767	0.0000	1.0182
1258	186.7309	71.5526	0.0000	1.0187
1259	186.7309	88.6091	0.0000	1.0193
1260	186.7309	80.8769	0.0000	1.0199
1261	186.7309	86.2689	0.0000	1.0204
1262	186.7309	77.7724	0.0000	1.0210
1263	186.7309	83.8897	0.0000	1.0216
1264	186.7309	79.8075	0.0000	1.0222
1265	186.7309	78.1406	0.0000	1.0228
1266	186.7309	86.6589	0.0000	1.0234
1267	186.7309	78.3259	0.0000	1.0240
1268	186.7309	79.3006	0.0000	1.0245
1269	186.7309	73.6591	0.0000	1.0250
1270	186.7309	81.3250	0.0000	1.0256
1271	186.7309	81.3486	0.0000	1.0261
1272	186.7309	82.6172	0.0000	1.0267
1273	186.7309	81.5992	0.0000	1.0272
1274	186.7309	81.6451	0.0000	1.0277
1275	186.7309	77.6865	0.0000	1.0283
1276	186.7309	79.4776	0.0000	1.0288
1277	186.7309	82.7708	0.0000	1.0294
1278	186.7309	80.4358	0.0000	1.0299
1279	186.7309	77.1098	0.0000	1.0305
1280	186.7309	84.6233	0.0000	1.0310
1281	186.7309	77.8676	0.0000	1.0316
1282	186.7309	80.2068	0.0000	1.0321
1283	186.7309	89.4824	0.0000	1.0326
1284	186.7309	80.2766	0.0000	1.0332
1285	186.7309	85.8052	0.0000	1.0337
1286	186.7309	85.0643	0.0000	1.0343
1287	186.7309	86.5258	0.0000	1.0348
1288	186.7309	82.7421	0.0000	1.0354
1289	186.7309	77.5341	0.0000	1.0360
1290	186.7309	72.5372	0.0000	1.0366
1291	186.7309	78.0143	0.0000	1.0371
1292	186.7309	78.8128	0.0000	1.0377
1293	186.7309	79.0566	0.0000	1.0383
1294	186.7309	80.8712	0.0000	1.0388
1295	186.7309	72.0844	0.0000	1.0394
1296	186.7309	81.9037	0.0000	1.0399
1297	186.7309	86.7803	0.0000	1.0405
1298	186.7309	78.4421	0.0000	1.0410
1299	186.7309	84.6475	0.0000	1.0416
1300	186.7309	76.0331	0.0000	1.0421
1301	186.7309	77.3891	0.0000	1.0427
1302	186.7309	78.8635	0.0000	1.0433
1303	186.7309	82.7272	0.0000	1.0439
1304	186.7309	76.5967	0.0000	1.0444
1305	186.7309	80.7548	0.0000	1.0450
1306	186.7309	88.0566	0.0000	1.0455
1307	186.7309	75.6165	0.0000	1.0461
1308	186.7309	78.7106	0.0000	1.0466
1309	186.7309	82.5127	0.0000	1.0472
1310	186.7309	83.4003	0.0000	1.0478
1311	186.7309	79.7120	0.0000	1.0484
1312	186.7309	76.7967	0.0000	1.0489
1313	186.7309	80.3313	0.0000	1.0494
1314	186.7309	72.3129	0.0000	1.0500
1315	186.7309	78.3212	0.0000	1.0505
1316	186.7309	78.1171	0.0000	1.0511
1317	186.7309	75.7709	0.0000	1.0516
1318	186.7309	81.7082	0.0000	1.0522
1319	186.7309	79.6166	0.0000	1.0528
1320	186.7309	85.6536	0.0000	1.0533
1321	186.7309	83.0534	0.0000	1.0539
1322	186.7309	77.5940	0.0000	1.0544
1323	186.7309	80.4206	0.0000	1.0550
1324	186.7309	84.8448	0.0000	1.0555
1325	186.7309	85.1827	0.0000	1.0561
1326	186.7309	83.8692	0.0000	1.0566
1327	186.7309	76.8111	0.0000	1.0571
1328	186.7309	76.8722	0.0000	1.0577
1329	186.7309	80.7830	0.0000	1.0583
1330	186.7309	80.0680	0.0000	1.0588
1331	186.7309	77.8333	0.0000	1.0594
1332	186.7309	82.1801	0.0000	1.0599
Pos: [-7.083506689977961, -1.425131887128238]

=================================================================================================================