ID: shubert	Date: 2019-05-03 16:02:17	Runs: 1
=================================================================================================================
Run: 0
Iter	Gbest	AvrFit	Diver	ETime	
0	596.4353	54.0672	0.0000	0.0011
1	596.4353	70.8484	0.0000	0.0018
2	2348.1881	120.3031	0.0000	0.0026
3	2348.1881	161.8589	0.0000	0.0035
4	2348.1881	117.4407	0.0000	0.0043
5	2348.1881	158.4588	0.0000	0.0052
6	2348.1881	179.9806	0.0000	0.0060
7	2348.1881	198.5504	0.0000	0.0067
8	2348.1881	190.0341	0.0000	0.0074
9	2348.1881	219.2952	0.0000	0.0082
10	2348.1881	231.3147	0.0000	0.0090
11	2348.1881	254.7830	0.0000	0.0098
12	2348.1881	248.4574	0.0000	0.0106
13	2348.1881	293.4732	0.0000	0.0114
14	2348.1881	279.3905	0.0000	0.0121
15	2348.1881	294.0755	0.0000	0.0129
16	2348.1881	336.9101	0.0000	0.0137
17	2348.1881	333.9299	0.0000	0.0145
18	2348.1881	430.2099	0.0000	0.0154
19	2434.7544	413.2322	0.0000	0.0162
20	2595.3711	391.7809	0.0000	0.0169
21	2595.3711	443.5127	0.0000	0.0177
22	2595.3711	510.0868	0.0000	0.0185
23	2606.3845	448.8902	0.0000	0.0193
24	2606.3845	572.8870	0.0000	0.0201
25	2606.3845	481.1537	0.0000	0.0209
26	2606.3845	535.3419	0.0000	0.0217
27	2606.3845	523.8057	0.0000	0.0225
28	2606.3845	522.5236	0.0000	0.0233
29	2606.3845	548.2440	0.0000	0.0241
30	2606.3845	611.0683	0.0000	0.0250
31	2606.3845	645.5174	0.0000	0.0257
32	2606.3845	617.8114	0.0000	0.0265
33	2606.3845	647.3645	0.0000	0.0273
34	2606.3845	710.3702	0.0000	0.0281
35	2606.3845	633.0880	0.0000	0.0289
36	2606.3845	648.9618	0.0000	0.0296
37	2537.4640	650.1256	0.0000	0.0317
38	1117.8382	84.0721	0.0000	0.0325
39	1117.8382	68.2425	0.0000	0.0333
40	1117.8382	96.9613	0.0000	0.0340
41	1117.8382	80.7031	0.0000	0.0348
42	1117.8382	101.1261	0.0000	0.0356
43	1117.8382	119.9384	0.0000	0.0364
44	1117.8382	121.9339	0.0000	0.0372
45	2231.0750	134.2025	0.0000	0.0380
46	2231.0750	151.0418	0.0000	0.0388
47	2231.0750	178.5780	0.0000	0.0395
48	2231.0750	172.8187	0.0000	0.0403
49	2231.0750	184.8548	0.0000	0.0411
50	2231.0750	231.3989	0.0000	0.0419
51	2231.0750	235.7476	0.0000	0.0427
52	2231.0750	248.6754	0.0000	0.0436
53	2231.0750	248.0451	0.0000	0.0443
54	2231.0750	241.2030	0.0000	0.0451
55	2231.0750	315.9472	0.0000	0.0458
56	2231.0750	285.0597	0.0000	0.0466
57	2231.0750	387.0679	0.0000	0.0474
58	2231.0750	367.5952	0.0000	0.0483
59	2231.0750	348.9207	0.0000	0.0491
60	2231.0750	363.3249	0.0000	0.0498
61	2231.0750	386.8886	0.0000	0.0506
62	2231.0750	397.1346	0.0000	0.0514
63	2231.0750	396.9540	0.0000	0.0522
64	2270.1231	386.4175	0.0000	0.0531
65	2270.1231	426.2275	0.0000	0.0539
66	2270.1231	506.2395	0.0000	0.0546
67	2270.1231	583.2006	0.0000	0.0554
68	2270.1231	530.3372	0.0000	0.0561
69	2380.2442	567.0266	0.0000	0.0569
70	2380.2442	573.8225	0.0000	0.0577
71	2380.2442	566.8166	0.0000	0.0585
72	2380.2442	693.2579	0.0000	0.0594
73	2380.2442	530.6207	0.0000	0.0603
74	2380.2442	603.3372	0.0000	0.0610
75	2530.4238	578.1472	0.0000	0.0618
76	353.5621	657.0279	0.0000	0.0666
77	353.5621	31.4610	0.0000	0.0674
78	831.6229	53.0334	0.0000	0.0683
79	831.6229	75.8813	0.0000	0.0692
80	831.6229	77.5395	0.0000	0.0699
81	1040.1439	129.6237	0.0000	0.0707
82	1040.1439	117.1779	0.0000	0.0715
83	1257.3505	144.7750	0.0000	0.0722
84	1426.4285	168.8138	0.0000	0.0730
85	1426.4285	157.1433	0.0000	0.0738
86	1426.4285	189.5258	0.0000	0.0746
87	1426.4285	217.4930	0.0000	0.0754
88	1426.4285	198.7730	0.0000	0.0763
89	1426.4285	231.9918	0.0000	0.0770
90	2042.7076	234.7660	0.0000	0.0778
91	2042.7076	219.2916	0.0000	0.0786
92	2366.9141	283.9379	0.0000	0.0795
93	2366.9141	311.0087	0.0000	0.0804
94	2366.9141	360.5843	0.0000	0.0812
95	2565.1853	333.9585	0.0000	0.0819
96	2604.4257	388.9923	0.0000	0.0827
97	2604.4257	462.3340	0.0000	0.0835
98	2656.4298	430.0885	0.0000	0.0843
99	2656.4298	357.8131	0.0000	0.0851
100	2656.4298	461.7515	0.0000	0.0861
101	2676.9204	521.5288	0.0000	0.0874
102	2676.9204	497.2049	0.0000	0.0882
103	2676.9204	507.0315	0.0000	0.0891
104	2676.9204	481.2016	0.0000	0.0900
105	2676.9204	560.4152	0.0000	0.0908
106	2676.9204	540.2240	0.0000	0.0917
107	2676.9204	581.9593	0.0000	0.0925
108	2676.9204	535.8302	0.0000	0.0933
109	2676.9204	619.3671	0.0000	0.0941
110	2676.9204	694.8004	0.0000	0.0949
111	2676.9204	661.7474	0.0000	0.0956
112	2676.9204	581.9896	0.0000	0.0964
113	2676.9204	605.6179	0.0000	0.0972
114	2676.9204	603.6561	0.0000	0.0980
115	497.4449	565.4760	0.0000	0.1054
116	436.7611	47.5468	0.0000	0.1063
117	436.7611	72.9893	0.0000	0.1071
118	1762.7695	88.3601	0.0000	0.1079
119	1762.7695	96.6788	0.0000	0.1088
120	1762.7695	113.5637	0.0000	0.1096
121	1762.7695	134.7224	0.0000	0.1104
122	1762.7695	171.0810	0.0000	0.1112
123	1762.7695	153.8097	0.0000	0.1121
124	1762.7695	136.4209	0.0000	0.1130
125	1762.7695	164.7335	0.0000	0.1137
126	1762.7695	181.1202	0.0000	0.1145
127	1762.7695	213.2205	0.0000	0.1153
128	1762.7695	183.4349	0.0000	0.1162
129	1762.7695	191.5330	0.0000	0.1171
130	1762.7695	227.7385	0.0000	0.1179
131	1762.7695	279.2209	0.0000	0.1187
132	2400.8783	320.2508	0.0000	0.1195
133	2400.8783	289.4834	0.0000	0.1204
134	2400.8783	271.8507	0.0000	0.1212
135	2400.8783	289.1450	0.0000	0.1221
136	2400.8783	313.9157	0.0000	0.1229
137	2400.8783	281.3448	0.0000	0.1238
138	2400.8783	370.1368	0.0000	0.1245
139	2400.8783	404.5930	0.0000	0.1253
140	2593.3092	408.0661	0.0000	0.1260
141	2605.2394	473.1993	0.0000	0.1269
142	2605.2394	433.4564	0.0000	0.1277
143	2605.2394	501.0402	0.0000	0.1286
144	2605.2394	431.7516	0.0000	0.1293
145	2605.2394	526.4624	0.0000	0.1300
146	2651.6648	487.7119	0.0000	0.1309
147	2651.6648	571.6685	0.0000	0.1317
148	2651.6648	556.6612	0.0000	0.1325
149	2651.6648	568.7103	0.0000	0.1334
150	2651.6648	594.7904	0.0000	0.1341
151	2651.6648	550.3476	0.0000	0.1349
152	2651.6648	599.9143	0.0000	0.1356
153	2651.6648	508.6939	0.0000	0.1363
154	1236.1661	520.3745	0.0000	0.1461
155	1129.2134	62.2831	0.0000	0.1469
156	1129.2134	65.1534	0.0000	0.1476
157	1601.2292	104.5364	0.0000	0.1484
158	1601.2292	88.9345	0.0000	0.1491
159	1601.2292	120.6032	0.0000	0.1499
160	1826.0485	154.2734	0.0000	0.1508
161	1826.0485	179.3084	0.0000	0.1517
162	1951.0984	209.8209	0.0000	0.1524
163	1951.0984	180.4663	0.0000	0.1532
164	2535.1897	264.1058	0.0000	0.1540
165	2535.1897	200.9251	0.0000	0.1548
166	2535.1897	242.0883	0.0000	0.1556
167	2535.1897	236.1631	0.0000	0.1564
168	2535.1897	249.1561	0.0000	0.1572
169	2535.1897	308.8809	0.0000	0.1579
170	2684.7672	334.3340	0.0000	0.1587
171	2684.7672	288.4829	0.0000	0.1594
172	2684.7672	321.9771	0.0000	0.1602
173	2684.7672	248.4081	0.0000	0.1610
174	2684.7672	381.6678	0.0000	0.1618
175	2684.7672	396.8384	0.0000	0.1626
176	2684.7672	367.0211	0.0000	0.1633
177	2684.7672	402.2022	0.0000	0.1642
178	2684.7672	446.6105	0.0000	0.1650
179	2684.7672	443.1978	0.0000	0.1659
180	2684.7672	441.8634	0.0000	0.1667
181	2684.7672	472.0367	0.0000	0.1674
182	2684.7672	473.0505	0.0000	0.1682
183	2684.7672	409.8679	0.0000	0.1690
184	2684.7672	511.7329	0.0000	0.1698
185	2684.7672	544.2000	0.0000	0.1706
186	2684.7672	524.7968	0.0000	0.1716
187	2684.7672	557.9440	0.0000	0.1724
188	2684.7672	518.0194	0.0000	0.1733
189	2684.7672	582.6584	0.0000	0.1742
190	2684.7672	469.7278	0.0000	0.1750
191	2684.7672	643.0170	0.0000	0.1759
192	2684.7672	584.2201	0.0000	0.1767
193	2684.7672	674.2889	0.0000	0.1907
194	997.4011	86.4124	0.0000	0.1918
195	997.4011	75.8983	0.0000	0.1928
196	997.4011	91.0734	0.0000	0.1938
197	1616.1103	109.6331	0.0000	0.1948
198	1616.1103	153.7861	0.0000	0.1957
199	1616.1103	173.6210	0.0000	0.1967
200	1616.1103	166.3754	0.0000	0.1978
201	2121.4586	224.6149	0.0000	0.1988
202	2121.4586	260.4274	0.0000	0.1997
203	2121.4586	227.4445	0.0000	0.2006
204	2121.4586	261.7249	0.0000	0.2015
205	2121.4586	273.0459	0.0000	0.2024
206	2121.4586	263.6455	0.0000	0.2035
207	2121.4586	283.9401	0.0000	0.2045
208	2121.4586	275.3321	0.0000	0.2056
209	2121.4586	250.7054	0.0000	0.2066
210	2121.4586	299.8627	0.0000	0.2077
211	2121.4586	335.2075	0.0000	0.2087
212	2121.4586	405.9122	0.0000	0.2095
213	2121.4586	335.7482	0.0000	0.2104
214	2121.4586	395.0341	0.0000	0.2112
215	2121.4586	344.4175	0.0000	0.2122
216	2121.4586	362.3502	0.0000	0.2131
217	2187.8021	400.9008	0.0000	0.2141
218	2187.8021	407.7343	0.0000	0.2150
219	2187.8021	412.0488	0.0000	0.2158
220	2187.8021	439.1706	0.0000	0.2166
221	2187.8021	435.2941	0.0000	0.2174
222	2271.4993	533.6388	0.0000	0.2182
223	2271.4993	456.0611	0.0000	0.2191
224	2453.3383	487.8121	0.0000	0.2200
225	2453.3383	486.3694	0.0000	0.2207
226	2453.3383	526.9773	0.0000	0.2215
227	2453.3383	522.3414	0.0000	0.2223
228	2453.3383	584.5181	0.0000	0.2232
229	2453.3383	518.2934	0.0000	0.2240
230	2453.3383	541.1336	0.0000	0.2248
231	2543.7582	619.3711	0.0000	0.2256
232	727.6229	566.8478	0.0000	0.2420
233	727.6229	68.2317	0.0000	0.2431
234	1109.8126	72.6082	0.0000	0.2440
235	1109.8126	103.6519	0.0000	0.2448
236	1109.8126	120.6353	0.0000	0.2457
237	1109.8126	136.6438	0.0000	0.2465
238	1109.8126	135.5773	0.0000	0.2473
239	1320.7639	174.6836	0.0000	0.2482
240	1320.7639	158.6825	0.0000	0.2490
241	1320.7639	196.0766	0.0000	0.2499
242	1320.7639	182.7318	0.0000	0.2506
243	1320.7639	205.5607	0.0000	0.2514
244	1320.7639	209.8434	0.0000	0.2522
245	1320.7639	222.7845	0.0000	0.2531
246	1320.7639	233.7072	0.0000	0.2541
247	1320.7639	218.6151	0.0000	0.2552
248	1320.7639	276.7620	0.0000	0.2560
249	2166.9325	255.0724	0.0000	0.2569
250	2166.9325	264.1038	0.0000	0.2578
251	2166.9325	350.9945	0.0000	0.2588
252	2166.9325	310.8814	0.0000	0.2597
253	2166.9325	322.3931	0.0000	0.2607
254	2413.1820	356.2527	0.0000	0.2617
255	2488.3901	359.7105	0.0000	0.2626
256	2488.3901	374.4933	0.0000	0.2636
257	2488.3901	375.7926	0.0000	0.2646
258	2488.3901	402.3075	0.0000	0.2655
259	2488.3901	459.1767	0.0000	0.2664
260	2488.3901	441.9887	0.0000	0.2674
261	2488.3901	512.5845	0.0000	0.2683
262	2488.3901	504.8673	0.0000	0.2692
263	2597.9772	541.3813	0.0000	0.2701
264	2665.0412	641.3200	0.0000	0.2709
265	2665.0412	573.3976	0.0000	0.2718
266	2665.0412	667.6023	0.0000	0.2728
267	2665.0412	626.1198	0.0000	0.2737
268	2665.0412	711.5447	0.0000	0.2747
269	2665.0412	766.1959	0.0000	0.2758
270	2665.0412	738.7317	0.0000	0.2767
271	1205.5317	710.0741	0.0000	0.2975
272	1205.5317	36.7715	0.0000	0.2986
273	1205.5317	65.0934	0.0000	0.2995
274	1205.5317	95.9571	0.0000	0.3005
275	1205.5317	97.0627	0.0000	0.3015
276	1205.5317	109.3093	0.0000	0.3025
277	1959.5028	117.0138	0.0000	0.3035
278	1959.5028	165.1444	0.0000	0.3045
279	1959.5028	166.2572	0.0000	0.3054
280	1959.5028	197.3541	0.0000	0.3063
281	1959.5028	212.6266	0.0000	0.3072
282	1959.5028	248.1227	0.0000	0.3082
283	1959.5028	242.8606	0.0000	0.3090
284	1959.5028	274.4539	0.0000	0.3099
285	2043.0987	323.6293	0.0000	0.3109
286	2327.9233	342.1032	0.0000	0.3119
287	2327.9233	269.4785	0.0000	0.3128
288	2327.9233	362.4007	0.0000	0.3137
289	2338.4193	371.1151	0.0000	0.3146
290	2338.4193	345.8554	0.0000	0.3156
291	2338.4193	439.4344	0.0000	0.3165
292	2338.4193	406.6715	0.0000	0.3173
293	2570.3562	382.8095	0.0000	0.3182
294	2570.3562	499.2949	0.0000	0.3193
295	2570.3562	468.6839	0.0000	0.3202
296	2570.3562	408.2365	0.0000	0.3212
297	2570.3562	480.0437	0.0000	0.3223
298	2570.3562	544.7259	0.0000	0.3231
299	2570.3562	482.7846	0.0000	0.3240
300	2570.3562	538.1116	0.0000	0.3248
301	2570.3562	598.4156	0.0000	0.3257
302	2570.3562	581.4942	0.0000	0.3268
303	2570.3562	581.8079	0.0000	0.3276
304	2570.3562	638.3893	0.0000	0.3285
305	2570.3562	589.0217	0.0000	0.3293
306	2570.3562	601.2331	0.0000	0.3304
307	2570.3562	717.2441	0.0000	0.3314
308	2570.3562	641.9653	0.0000	0.3322
309	2618.1933	776.4457	0.0000	0.3331
310	1518.4677	701.3527	0.0000	0.3554
311	1518.4677	66.1928	0.0000	0.3567
312	1521.1365	75.9621	0.0000	0.3578
313	1521.1365	123.1133	0.0000	0.3587
314	1521.1365	136.0661	0.0000	0.3597
315	2287.2717	163.5778	0.0000	0.3607
316	2287.2717	196.6110	0.0000	0.3618
317	2287.2717	174.4093	0.0000	0.3628
318	2287.2717	180.4650	0.0000	0.3638
319	2287.2717	199.6394	0.0000	0.3648
320	2473.3868	281.3503	0.0000	0.3656
321	2473.3868	186.5088	0.0000	0.3665
322	2473.3868	276.2875	0.0000	0.3674
323	2473.3868	225.0294	0.0000	0.3684
324	2473.3868	293.7364	0.0000	0.3695
325	2473.3868	282.5124	0.0000	0.3706
326	2473.3868	369.4021	0.0000	0.3715
327	2473.3868	369.7665	0.0000	0.3725
328	2473.3868	365.3773	0.0000	0.3734
329	2473.3868	375.3713	0.0000	0.3744
330	2473.3868	393.5165	0.0000	0.3754
331	2473.3868	407.6017	0.0000	0.3762
332	2473.3868	357.2370	0.0000	0.3770
333	2473.3868	370.4898	0.0000	0.3778
334	2473.3868	518.4429	0.0000	0.3787
335	2473.3868	426.6617	0.0000	0.3796
336	2473.3868	476.6871	0.0000	0.3804
337	2473.3868	398.8062	0.0000	0.3812
338	2473.3868	441.7116	0.0000	0.3820
339	2473.3868	457.7898	0.0000	0.3829
340	2473.3868	471.0620	0.0000	0.3837
341	2473.3868	507.8203	0.0000	0.3847
342	2473.3868	519.1301	0.0000	0.3856
343	2473.3868	502.5789	0.0000	0.3865
344	2591.0978	479.0656	0.0000	0.3874
345	2591.0978	529.5645	0.0000	0.3882
346	2591.0978	398.7930	0.0000	0.3890
347	2591.0978	658.9399	0.0000	0.3898
348	2632.8761	632.1206	0.0000	0.3906
349	446.2100	685.9050	0.0000	0.4154
350	1578.5171	54.7666	0.0000	0.4164
351	1578.5171	49.8771	0.0000	0.4173
352	1578.5171	89.2479	0.0000	0.4180
353	1578.5171	154.7368	0.0000	0.4188
354	1578.5171	126.4203	0.0000	0.4196
355	1578.5171	140.1886	0.0000	0.4204
356	1578.5171	141.8374	0.0000	0.4212
357	1578.5171	156.0268	0.0000	0.4221
358	1592.4732	179.2939	0.0000	0.4228
359	1774.9702	194.7948	0.0000	0.4236
360	1774.9702	190.4292	0.0000	0.4244
361	1774.9702	196.5754	0.0000	0.4253
362	1774.9702	232.9579	0.0000	0.4261
363	1774.9702	212.8981	0.0000	0.4271
364	1774.9702	267.9207	0.0000	0.4281
365	1978.8939	267.9463	0.0000	0.4288
366	1978.8939	272.4956	0.0000	0.4297
367	1978.8939	268.1786	0.0000	0.4305
368	1978.8939	263.3629	0.0000	0.4313
369	2132.3513	406.9699	0.0000	0.4323
370	2132.3513	429.2729	0.0000	0.4331
371	2646.4941	402.0040	0.0000	0.4340
372	2646.4941	501.1127	0.0000	0.4348
373	2646.4941	495.2170	0.0000	0.4357
374	2697.9146	459.2818	0.0000	0.4365
375	2697.9146	495.8426	0.0000	0.4374
376	2697.9146	511.7063	0.0000	0.4382
377	2697.9146	501.9254	0.0000	0.4390
378	2697.9146	528.6856	0.0000	0.4398
379	2697.9146	541.5100	0.0000	0.4407
380	2706.6877	628.9852	0.0000	0.4415
381	2706.6877	611.4633	0.0000	0.4423
382	2706.6877	578.8220	0.0000	0.4431
383	2706.6877	762.5405	0.0000	0.4439
384	2706.6877	669.5392	0.0000	0.4447
385	2706.6877	739.5356	0.0000	0.4456
386	2706.6877	644.4531	0.0000	0.4465
387	2706.6877	661.1533	0.0000	0.4473
388	1378.7094	726.2065	0.0000	0.4714
389	1378.7094	62.2209	0.0000	0.4723
390	1378.7094	65.8474	0.0000	0.4731
391	1435.0127	105.4520	0.0000	0.4740
392	1435.0127	121.1714	0.0000	0.4749
393	1435.0127	128.3283	0.0000	0.4757
394	1435.0127	156.6215	0.0000	0.4766
395	1435.0127	165.9294	0.0000	0.4774
396	1435.0127	149.0510	0.0000	0.4782
397	1435.0127	177.5175	0.0000	0.4790
398	1435.0127	180.2552	0.0000	0.4798
399	1435.0127	227.9068	0.0000	0.4806
400	1573.5546	243.9096	0.0000	0.4813
401	1573.5546	255.9282	0.0000	0.4821
402	1766.6921	275.5574	0.0000	0.4829
403	1766.6921	299.3993	0.0000	0.4838
404	2157.1703	355.2466	0.0000	0.4846
405	2157.1703	343.5144	0.0000	0.4856
406	2157.1703	300.9092	0.0000	0.4863
407	2157.1703	320.9755	0.0000	0.4873
408	2157.1703	391.7700	0.0000	0.4882
409	2157.1703	282.4404	0.0000	0.4891
410	2157.1703	332.5076	0.0000	0.4899
411	2392.9845	436.1205	0.0000	0.4909
412	2392.9845	412.7938	0.0000	0.4917
413	2392.9845	485.5564	0.0000	0.4925
414	2392.9845	410.0774	0.0000	0.4932
415	2392.9845	492.6486	0.0000	0.4940
416	2392.9845	483.5409	0.0000	0.4947
417	2392.9845	599.8298	0.0000	0.4955
418	2440.4774	563.3096	0.0000	0.4963
419	2440.4774	558.5984	0.0000	0.4971
420	2440.4774	577.8228	0.0000	0.4980
421	2440.4774	615.6121	0.0000	0.4990
422	2499.1524	644.2476	0.0000	0.4998
423	2499.1524	608.4715	0.0000	0.5007
424	2499.1524	742.3074	0.0000	0.5015
425	2499.1524	582.3379	0.0000	0.5025
426	2499.1524	804.3089	0.0000	0.5033
427	1592.9451	720.5739	0.0000	0.5305
428	1592.9451	52.2207	0.0000	0.5316
429	1592.9451	64.6032	0.0000	0.5326
430	1592.9451	79.2476	0.0000	0.5334
431	1592.9451	103.5709	0.0000	0.5342
432	1592.9451	124.4137	0.0000	0.5351
433	1592.9451	165.9325	0.0000	0.5362
434	1592.9451	124.6472	0.0000	0.5371
435	1592.9451	186.6516	0.0000	0.5379
436	1592.9451	183.9867	0.0000	0.5388
437	1592.9451	176.0420	0.0000	0.5396
438	2021.8794	208.2834	0.0000	0.5406
439	2481.9746	310.6851	0.0000	0.5414
440	2481.9746	285.9259	0.0000	0.5422
441	2481.9746	409.7075	0.0000	0.5431
442	2481.9746	338.3417	0.0000	0.5441
443	2481.9746	365.3457	0.0000	0.5449
444	2481.9746	434.3917	0.0000	0.5459
445	2481.9746	442.0923	0.0000	0.5467
446	2481.9746	392.8839	0.0000	0.5475
447	2481.9746	379.7095	0.0000	0.5484
448	2481.9746	373.7445	0.0000	0.5493
449	2481.9746	387.7175	0.0000	0.5501
450	2481.9746	482.5996	0.0000	0.5510
451	2481.9746	456.0817	0.0000	0.5518
452	2481.9746	396.6717	0.0000	0.5526
453	2481.9746	554.6559	0.0000	0.5535
454	2481.9746	583.0173	0.0000	0.5543
455	2481.9746	484.7049	0.0000	0.5552
456	2481.9746	613.9317	0.0000	0.5560
457	2481.9746	539.7491	0.0000	0.5568
458	2481.9746	493.2390	0.0000	0.5576
459	2559.3008	629.9294	0.0000	0.5585
460	2559.3008	677.7210	0.0000	0.5594
461	2559.3008	627.7769	0.0000	0.5603
462	2559.3008	613.3314	0.0000	0.5611
463	2559.3008	639.6097	0.0000	0.5619
464	2662.8317	670.2209	0.0000	0.5627
465	2662.8317	640.0258	0.0000	0.5635
466	2259.7151	582.2689	0.0000	0.5932
467	2259.7151	64.9679	0.0000	0.5941
468	1258.4861	102.7106	0.0000	0.5953
469	1258.4861	107.8020	0.0000	0.5961
470	2567.2564	152.2638	0.0000	0.5970
471	2567.2564	151.6255	0.0000	0.5979
472	2567.2564	140.9702	0.0000	0.5990
473	2567.2564	248.9451	0.0000	0.6001
474	2567.2564	311.0023	0.0000	0.6008
475	2567.2564	275.7020	0.0000	0.6016
476	2567.2564	287.6470	0.0000	0.6024
477	2567.2564	286.1312	0.0000	0.6032
478	2567.2564	289.3878	0.0000	0.6040
479	2567.2564	290.1861	0.0000	0.6047
480	2567.2564	364.2350	0.0000	0.6056
481	2567.2564	333.2280	0.0000	0.6066
482	2567.2564	362.7008	0.0000	0.6074
483	2567.2564	400.2676	0.0000	0.6087
484	2567.2564	392.6969	0.0000	0.6099
485	2567.2564	484.5730	0.0000	0.6107
486	2567.2564	413.3031	0.0000	0.6119
487	2567.2564	415.3471	0.0000	0.6129
488	2567.2564	595.4958	0.0000	0.6139
489	2567.2564	573.9370	0.0000	0.6148
490	2612.5641	543.6245	0.0000	0.6156
491	2612.5641	645.2201	0.0000	0.6165
492	2612.5641	619.2622	0.0000	0.6174
493	2612.5641	637.1423	0.0000	0.6182
494	2612.5641	595.2630	0.0000	0.6190
495	2612.5641	644.3688	0.0000	0.6199
496	2612.5641	660.5738	0.0000	0.6208
497	2630.8101	681.4387	0.0000	0.6216
498	2630.8101	673.9085	0.0000	0.6224
499	2630.8101	731.4953	0.0000	0.6232
500	2630.8101	775.4420	0.0000	0.6239
501	2685.6990	787.5283	0.0000	0.6248
502	2685.6990	724.7475	0.0000	0.6256
503	2685.6990	815.6643	0.0000	0.6264
504	2685.6990	816.1451	0.0000	0.6272
505	2346.1046	765.1942	0.0000	0.6602
506	2346.1046	63.2968	0.0000	0.6612
507	2346.1046	145.4505	0.0000	0.6622
508	2346.1046	137.3545	0.0000	0.6630
509	2346.1046	146.9245	0.0000	0.6638
510	2346.1046	160.9572	0.0000	0.6645
511	1613.6108	188.6986	0.0000	0.6657
512	1613.6108	185.8476	0.0000	0.6667
513	2305.9746	272.6833	0.0000	0.6675
514	2305.9746	271.2772	0.0000	0.6683
515	2412.6288	285.0873	0.0000	0.6690
516	2412.6288	285.6364	0.0000	0.6698
517	2412.6288	250.8283	0.0000	0.6706
518	2412.6288	329.4098	0.0000	0.6713
519	2412.6288	352.5462	0.0000	0.6721
520	2412.6288	418.5639	0.0000	0.6730
521	2555.5371	427.1503	0.0000	0.6738
522	2555.5371	471.5422	0.0000	0.6749
523	2555.5371	467.3794	0.0000	0.6757
524	2555.5371	522.0891	0.0000	0.6765
525	2555.5371	590.5245	0.0000	0.6772
526	2555.5371	504.0680	0.0000	0.6780
527	2555.5371	555.3261	0.0000	0.6788
528	2555.5371	538.8851	0.0000	0.6796
529	2559.8421	547.5112	0.0000	0.6804
530	2559.8421	433.1472	0.0000	0.6811
531	2559.8421	568.7902	0.0000	0.6819
532	2559.8421	541.9856	0.0000	0.6827
533	2559.8421	631.7062	0.0000	0.6834
534	2688.8106	701.9461	0.0000	0.6842
535	2688.8106	640.9444	0.0000	0.6850
536	2688.8106	592.3687	0.0000	0.6857
537	2688.8106	742.5944	0.0000	0.6865
538	2688.8106	812.1322	0.0000	0.6873
539	2688.8106	729.8297	0.0000	0.6881
540	2688.8106	787.8679	0.0000	0.6889
541	2688.8106	723.9144	0.0000	0.6897
542	2688.8106	836.5193	0.0000	0.6905
543	2688.8106	758.3052	0.0000	0.6913
544	1341.5955	825.6567	0.0000	0.7270
545	1341.5955	64.8210	0.0000	0.7282
546	1341.5955	86.7220	0.0000	0.7294
547	1341.5955	73.2435	0.0000	0.7305
548	1341.5955	97.6261	0.0000	0.7315
549	1341.5955	106.1986	0.0000	0.7331
550	1047.5250	117.3217	0.0000	0.7347
551	1047.5250	122.1091	0.0000	0.7359
552	1248.5606	136.2165	0.0000	0.7369
553	1248.5606	141.3800	0.0000	0.7378
554	1248.5606	185.5784	0.0000	0.7388
555	2107.7416	202.1325	0.0000	0.7398
556	2107.7416	253.4176	0.0000	0.7409
557	2107.7416	251.3001	0.0000	0.7417
558	2618.2472	294.2182	0.0000	0.7426
559	2647.8966	367.9983	0.0000	0.7438
560	2647.8966	341.6773	0.0000	0.7447
561	2647.8966	339.4429	0.0000	0.7460
562	2647.8966	440.0974	0.0000	0.7470
563	2647.8966	466.2168	0.0000	0.7478
564	2647.8966	396.4185	0.0000	0.7487
565	2647.8966	468.0822	0.0000	0.7496
566	2647.8966	477.9441	0.0000	0.7506
567	2647.8966	513.4130	0.0000	0.7515
568	2647.8966	546.9412	0.0000	0.7525
569	2647.8966	491.3222	0.0000	0.7534
570	2690.3403	562.8722	0.0000	0.7543
571	2690.3403	537.0222	0.0000	0.7553
572	2690.3403	547.5568	0.0000	0.7563
573	2690.3403	528.1259	0.0000	0.7574
574	2690.3403	545.5977	0.0000	0.7583
575	2690.3403	622.2434	0.0000	0.7594
576	2690.3403	579.5907	0.0000	0.7605
577	2690.3403	559.2365	0.0000	0.7615
578	2690.3403	643.7550	0.0000	0.7624
579	2690.3403	680.5447	0.0000	0.7634
580	2690.3403	719.1679	0.0000	0.7642
581	2690.3403	719.8945	0.0000	0.7651
582	2690.3403	625.8104	0.0000	0.7661
583	2183.1883	692.3405	0.0000	0.8087
584	2183.1883	83.3175	0.0000	0.8099
585	1472.3999	91.3564	0.0000	0.8113
586	1472.3999	99.3667	0.0000	0.8122
587	1472.3999	103.6074	0.0000	0.8131
588	1744.0859	144.5467	0.0000	0.8145
589	1744.0859	111.8420	0.0000	0.8161
590	1744.0859	161.0632	0.0000	0.8173
591	1744.0859	165.6225	0.0000	0.8182
592	1744.0859	267.5980	0.0000	0.8192
593	1946.8632	273.0100	0.0000	0.8203
594	1946.8632	249.8586	0.0000	0.8213
595	1946.8632	226.1969	0.0000	0.8221
596	1946.8632	252.3548	0.0000	0.8229
597	1946.8632	262.9197	0.0000	0.8237
598	1946.8632	353.0482	0.0000	0.8249
599	2083.1791	279.6706	0.0000	0.8258
600	2083.1791	351.1936	0.0000	0.8271
601	2083.1791	365.8411	0.0000	0.8279
602	2482.3386	343.1548	0.0000	0.8289
603	2482.3386	355.5254	0.0000	0.8299
604	2482.3386	367.8752	0.0000	0.8308
605	2482.3386	426.5799	0.0000	0.8317
606	2482.3386	467.3306	0.0000	0.8325
607	2482.3386	426.9353	0.0000	0.8334
608	2482.3386	508.4290	0.0000	0.8343
609	2482.3386	474.4573	0.0000	0.8353
610	2482.3386	630.9521	0.0000	0.8363
611	2482.3386	559.4352	0.0000	0.8370
612	2482.3386	598.8031	0.0000	0.8378
613	2482.3386	628.5300	0.0000	0.8387
614	2482.3386	581.4249	0.0000	0.8399
615	2601.3482	721.0279	0.0000	0.8409
616	2601.3482	569.9147	0.0000	0.8418
617	2655.5621	624.3638	0.0000	0.8428
618	2655.5621	682.0611	0.0000	0.8436
619	2655.5621	669.5167	0.0000	0.8444
620	2655.5621	725.1631	0.0000	0.8453
621	2655.5621	695.9974	0.0000	0.8461
622	1468.4536	689.5946	0.0000	0.8860
623	1468.4536	91.8269	0.0000	0.8871
624	1468.4536	124.7936	0.0000	0.8882
625	1468.4536	119.7780	0.0000	0.8890
626	1468.4536	164.5986	0.0000	0.8899
627	1607.1653	161.1019	0.0000	0.8913
628	1607.1653	177.0918	0.0000	0.8925
629	1607.1653	195.1008	0.0000	0.8936
630	1607.1653	155.9184	0.0000	0.8943
631	1607.1653	199.6208	0.0000	0.8951
632	1607.1653	206.1847	0.0000	0.8960
633	1607.1653	245.2426	0.0000	0.8968
634	1607.1653	240.6013	0.0000	0.8980
635	1607.1653	241.9122	0.0000	0.8989
636	1607.1653	232.9112	0.0000	0.8998
637	2135.1442	288.0753	0.0000	0.9009
638	2135.1442	326.6453	0.0000	0.9017
639	2135.1442	323.4252	0.0000	0.9028
640	2135.1442	360.6559	0.0000	0.9036
641	2135.1442	325.5030	0.0000	0.9044
642	2135.1442	382.5931	0.0000	0.9051
643	2135.1442	406.4370	0.0000	0.9060
644	2135.1442	358.8402	0.0000	0.9068
645	2135.1442	433.6309	0.0000	0.9076
646	2135.1442	468.3616	0.0000	0.9084
647	2135.1442	533.2828	0.0000	0.9093
648	2135.1442	451.9382	0.0000	0.9101
649	2135.1442	380.2657	0.0000	0.9109
650	2135.1442	479.7016	0.0000	0.9117
651	2315.0076	469.0432	0.0000	0.9125
652	2315.0076	436.9276	0.0000	0.9133
653	2315.0076	439.1418	0.0000	0.9142
654	2315.0076	559.3747	0.0000	0.9152
655	2484.3619	612.2936	0.0000	0.9160
656	2484.3619	647.3626	0.0000	0.9168
657	2484.3619	504.3415	0.0000	0.9177
658	2484.3619	545.1887	0.0000	0.9185
659	2484.3619	612.0307	0.0000	0.9194
660	2484.3619	628.5829	0.0000	0.9203
661	2484.3619	690.0099	0.0000	0.9606
662	2484.3619	81.5496	0.0000	0.9619
663	2484.3619	83.3980	0.0000	0.9629
664	2484.3619	108.1152	0.0000	0.9636
665	2484.3619	114.1925	0.0000	0.9643
666	2484.3619	121.5651	0.0000	0.9657
667	2484.3619	180.2324	0.0000	0.9670
668	2484.3619	191.7399	0.0000	0.9681
669	2484.3619	183.4811	0.0000	0.9692
670	2484.3619	256.1082	0.0000	0.9702
671	2484.3619	251.4984	0.0000	0.9712
672	2484.3619	298.7140	0.0000	0.9721
673	2484.3619	295.1026	0.0000	0.9731
674	2484.3619	273.3025	0.0000	0.9739
675	2484.3619	281.4313	0.0000	0.9748
676	2484.3619	279.1114	0.0000	0.9759
677	2484.3619	306.3671	0.0000	0.9768
678	2187.8032	401.0381	0.0000	0.9780
679	2187.8032	368.2294	0.0000	0.9790
680	2187.8032	399.0595	0.0000	0.9799
681	2187.8032	370.4014	0.0000	0.9808
682	2187.8032	359.2999	0.0000	0.9815
683	2187.8032	409.4187	0.0000	0.9823
684	2187.8032	339.9545	0.0000	0.9830
685	2187.8032	361.5622	0.0000	0.9838
686	2187.8032	452.5098	0.0000	0.9846
687	2187.8032	468.6858	0.0000	0.9854
688	2187.8032	523.1007	0.0000	0.9861
689	2187.8032	505.1764	0.0000	0.9869
690	2187.8032	581.7833	0.0000	0.9876
691	2187.8032	592.3113	0.0000	0.9885
692	2187.8032	642.2404	0.0000	0.9893
693	2234.7201	622.9084	0.0000	0.9902
694	2234.7201	618.3253	0.0000	0.9910
695	2543.1588	626.5203	0.0000	0.9918
696	2543.1588	671.9734	0.0000	0.9927
697	2543.1588	664.6329	0.0000	0.9936
698	2543.1588	649.4541	0.0000	0.9945
699	2543.1588	589.2119	0.0000	0.9954
700	2386.6201	673.2293	0.0000	1.0402
701	2386.6201	109.1315	0.0000	1.0415
702	1599.2973	75.3026	0.0000	1.0426
703	1599.2973	91.2682	0.0000	1.0433
704	1599.2973	107.8415	0.0000	1.0441
705	735.4746	109.2574	0.0000	1.0455
706	735.4746	104.0561	0.0000	1.0470
707	949.1486	121.1766	0.0000	1.0482
708	949.1486	133.7240	0.0000	1.0490
709	1073.4735	164.7117	0.0000	1.0500
710	1079.6542	157.0509	0.0000	1.0509
711	1121.0772	189.7555	0.0000	1.0517
712	2004.3225	205.8755	0.0000	1.0527
713	2004.3225	240.8952	0.0000	1.0536
714	2258.0447	284.5006	0.0000	1.0546
715	2258.0447	287.5242	0.0000	1.0558
716	2258.0447	239.6476	0.0000	1.0570
717	2258.0447	329.1829	0.0000	1.0584
718	2258.0447	304.6193	0.0000	1.0593
719	2258.0447	288.7591	0.0000	1.0603
720	2258.0447	345.0815	0.0000	1.0612
721	2258.0447	342.0837	0.0000	1.0620
722	2420.7466	457.5035	0.0000	1.0627
723	2420.7466	424.0900	0.0000	1.0635
724	2420.7466	404.3688	0.0000	1.0643
725	2420.7466	478.4919	0.0000	1.0650
726	2590.4973	455.1824	0.0000	1.0659
727	2590.4973	508.3974	0.0000	1.0666
728	2590.4973	474.8802	0.0000	1.0674
729	2590.4973	499.9514	0.0000	1.0682
730	2590.4973	556.1123	0.0000	1.0692
731	2590.4973	588.3958	0.0000	1.0702
732	2590.4973	640.2454	0.0000	1.0712
733	2590.4973	594.7525	0.0000	1.0720
734	2590.4973	613.4360	0.0000	1.0729
735	2590.4973	572.4853	0.0000	1.0736
736	2590.4973	632.1167	0.0000	1.0744
737	2590.4973	738.8818	0.0000	1.0752
738	2590.4973	648.0641	0.0000	1.0760
739	1535.8355	731.6016	0.0000	1.1210
740	1535.8355	85.6493	0.0000	1.1221
741	1546.0374	115.3602	0.0000	1.1231
742	1694.8266	134.9614	0.0000	1.1239
743	1694.8266	161.1000	0.0000	1.1250
744	2033.2897	228.0780	0.0000	1.1264
745	2033.2897	191.7018	0.0000	1.1279
746	2033.2897	202.2897	0.0000	1.1291
747	2033.2897	237.0878	0.0000	1.1300
748	2033.2897	268.7825	0.0000	1.1309
749	2033.2897	280.5673	0.0000	1.1318
750	2033.2897	281.8708	0.0000	1.1325
751	2033.2897	298.9303	0.0000	1.1333
752	2395.3181	336.5759	0.0000	1.1340
753	2395.6628	430.9936	0.0000	1.1349
754	2395.6628	385.4557	0.0000	1.1360
755	2395.6628	431.5727	0.0000	1.1368
756	2395.3181	464.8672	0.0000	1.1380
757	2395.3181	421.0570	0.0000	1.1389
758	2395.3181	455.1655	0.0000	1.1398
759	2615.5933	508.5506	0.0000	1.1409
760	2615.5933	511.8579	0.0000	1.1417
761	2615.5933	547.9661	0.0000	1.1424
762	2652.1048	593.6338	0.0000	1.1433
763	2663.6469	568.2709	0.0000	1.1441
764	2663.6469	569.5745	0.0000	1.1449
765	2663.6469	523.9176	0.0000	1.1457
766	2663.6469	597.3552	0.0000	1.1465
767	2663.6469	612.1152	0.0000	1.1473
768	2663.6469	750.0044	0.0000	1.1482
769	2663.6469	568.0267	0.0000	1.1490
770	2663.6469	616.1928	0.0000	1.1498
771	2663.6469	643.0463	0.0000	1.1506
772	2663.6469	620.7176	0.0000	1.1513
773	2663.6469	658.6486	0.0000	1.1521
774	2663.6469	733.5318	0.0000	1.1529
775	2663.6469	808.9780	0.0000	1.1538
776	2663.6469	796.7925	0.0000	1.1547
777	2689.7193	890.3479	0.0000	1.1556
778	2556.8559	866.0191	0.0000	1.2040
779	2556.8559	107.7529	0.0000	1.2048
780	2556.8559	105.1235	0.0000	1.2060
781	2556.8559	95.3163	0.0000	1.2067
782	2556.8559	148.2593	0.0000	1.2078
783	2556.8559	134.7937	0.0000	1.2094
784	2556.8559	143.7977	0.0000	1.2109
785	1590.6429	151.6538	0.0000	1.2123
786	1590.6429	119.1170	0.0000	1.2131
787	1868.7102	154.0911	0.0000	1.2138
788	1868.7102	196.9457	0.0000	1.2146
789	1975.9571	210.4527	0.0000	1.2155
790	1989.5512	237.8826	0.0000	1.2163
791	1989.5512	256.2808	0.0000	1.2171
792	2664.2969	293.8750	0.0000	1.2179
793	2664.2969	289.6719	0.0000	1.2191
794	2664.2969	275.4399	0.0000	1.2199
795	2664.2969	290.5981	0.0000	1.2211
796	2664.2969	280.4652	0.0000	1.2219
797	2664.2969	334.2845	0.0000	1.2227
798	2664.2969	332.2459	0.0000	1.2235
799	2664.2969	452.9035	0.0000	1.2242
800	2664.2969	425.2127	0.0000	1.2253
801	2664.2969	393.7751	0.0000	1.2261
802	2664.2969	390.7962	0.0000	1.2268
803	2664.2969	517.0447	0.0000	1.2276
804	2664.2969	476.1715	0.0000	1.2283
805	2664.2969	484.3894	0.0000	1.2291
806	2664.2969	450.0877	0.0000	1.2300
807	2664.2969	610.6090	0.0000	1.2308
808	2664.2969	633.4147	0.0000	1.2316
809	2664.2969	526.6664	0.0000	1.2326
810	2664.2969	477.0708	0.0000	1.2333
811	2664.2969	601.0351	0.0000	1.2341
812	2664.2969	587.7069	0.0000	1.2349
813	2664.2969	631.0282	0.0000	1.2358
814	2691.7789	612.8160	0.0000	1.2366
815	2691.7789	711.6326	0.0000	1.2373
816	2691.7789	739.9177	0.0000	1.2382
817	2111.7488	701.4359	0.0000	1.2859
818	2249.7462	107.9971	0.0000	1.2869
819	2249.7462	157.4886	0.0000	1.2884
820	2249.7462	188.7716	0.0000	1.2893
821	2249.7462	214.3462	0.0000	1.2906
822	2249.7462	188.4201	0.0000	1.2921
823	2249.7462	152.5172	0.0000	1.2935
824	2249.7462	138.5250	0.0000	1.2951
825	2249.7462	195.9923	0.0000	1.2958
826	2249.7462	176.4391	0.0000	1.2967
827	2249.7462	260.0950	0.0000	1.2975
828	2249.7462	214.6958	0.0000	1.2984
829	2249.7462	267.3813	0.0000	1.2994
830	2249.7462	270.0401	0.0000	1.3003
831	2249.7462	270.5991	0.0000	1.3012
832	2249.7462	336.4261	0.0000	1.3022
833	2249.7462	285.7662	0.0000	1.3029
834	2124.8158	356.7929	0.0000	1.3039
835	2124.8158	312.1783	0.0000	1.3047
836	2124.8158	365.6851	0.0000	1.3054
837	2124.8158	366.7133	0.0000	1.3062
838	2300.8855	367.8902	0.0000	1.3069
839	2300.8855	448.4566	0.0000	1.3076
840	2300.8855	411.3131	0.0000	1.3084
841	2505.1864	539.4427	0.0000	1.3093
842	2505.1864	464.6619	0.0000	1.3101
843	2505.1864	422.1639	0.0000	1.3113
844	2505.1864	527.5693	0.0000	1.3122
845	2567.3076	582.7177	0.0000	1.3129
846	2567.3076	559.4104	0.0000	1.3137
847	2567.3076	567.2594	0.0000	1.3144
848	2567.3076	608.6442	0.0000	1.3152
849	2567.3076	597.8955	0.0000	1.3161
850	2567.3076	553.6931	0.0000	1.3171
851	2579.5871	607.0454	0.0000	1.3179
852	2579.5871	542.3491	0.0000	1.3187
853	2579.5871	688.3708	0.0000	1.3195
854	2579.5871	806.6564	0.0000	1.3204
855	2579.5871	701.3733	0.0000	1.3216
856	2522.6748	717.4424	0.0000	1.3733
857	2522.6748	169.5206	0.0000	1.3745
858	2522.6748	134.8865	0.0000	1.3762
859	2522.6748	240.4081	0.0000	1.3777
860	2412.3849	182.0864	0.0000	1.3806
861	2395.3580	277.3834	0.0000	1.3823
862	2395.3580	170.3211	0.0000	1.3839
863	2395.3580	207.7164	0.0000	1.3855
864	2395.3580	194.5709	0.0000	1.3865
865	2395.3580	236.3603	0.0000	1.3874
866	2395.3580	190.5372	0.0000	1.3882
867	2395.3580	206.2870	0.0000	1.3890
868	2395.3580	272.5377	0.0000	1.3898
869	2395.3580	201.9386	0.0000	1.3905
870	2395.3580	287.0965	0.0000	1.3913
871	2395.3580	306.9403	0.0000	1.3926
872	2395.3580	365.2298	0.0000	1.3935
873	2053.3252	364.8810	0.0000	1.3946
874	2053.3252	381.8704	0.0000	1.3955
875	2617.6186	416.5538	0.0000	1.3964
876	2617.6186	315.1904	0.0000	1.3973
877	2617.6186	394.0569	0.0000	1.3980
878	2617.6186	363.2873	0.0000	1.3988
879	2617.6186	475.1138	0.0000	1.3997
880	2617.6186	481.6783	0.0000	1.4007
881	2617.6186	397.5361	0.0000	1.4016
882	2617.6186	493.9283	0.0000	1.4029
883	2617.6186	451.5725	0.0000	1.4037
884	2617.6186	509.1908	0.0000	1.4045
885	2617.6186	543.9487	0.0000	1.4053
886	2617.6186	465.5989	0.0000	1.4061
887	2617.6186	555.2527	0.0000	1.4070
888	2617.6186	499.5116	0.0000	1.4079
889	2617.6186	546.7427	0.0000	1.4088
890	2617.6186	587.7967	0.0000	1.4096
891	2617.6186	617.6057	0.0000	1.4104
892	2617.6186	559.8417	0.0000	1.4112
893	2638.4760	572.6021	0.0000	1.4121
894	2659.5470	713.5442	0.0000	1.4129
895	2033.8002	643.2546	0.0000	1.4668
896	1518.5760	86.5068	0.0000	1.4681
897	1518.5760	128.5824	0.0000	1.4698
898	1518.5760	154.2135	0.0000	1.4715
899	1518.5760	140.2669	0.0000	1.4744
900	1518.5760	139.5968	0.0000	1.4765
901	1518.5760	155.2500	0.0000	1.4784
902	1949.3582	135.9958	0.0000	1.4802
903	1949.3582	155.3688	0.0000	1.4809
904	2223.2087	219.3322	0.0000	1.4817
905	2223.2087	227.2266	0.0000	1.4824
906	2223.2087	239.0499	0.0000	1.4832
907	2369.3837	265.9167	0.0000	1.4841
908	2369.3837	311.7356	0.0000	1.4849
909	2369.3837	273.4859	0.0000	1.4856
910	1949.3582	297.3719	0.0000	1.4867
911	1949.3582	307.1287	0.0000	1.4874
912	1949.3582	277.2512	0.0000	1.4885
913	2309.0761	323.8951	0.0000	1.4893
914	2383.8525	371.8093	0.0000	1.4901
915	2383.8525	370.3182	0.0000	1.4909
916	2527.4234	445.3939	0.0000	1.4918
917	2527.4234	436.3525	0.0000	1.4929
918	2527.4234	495.6575	0.0000	1.4938
919	2527.4234	482.9507	0.0000	1.4947
920	2527.4234	544.1568	0.0000	1.4955
921	2619.0389	504.5658	0.0000	1.4963
922	2619.0389	548.5928	0.0000	1.4973
923	2623.6910	634.6796	0.0000	1.4987
924	2623.6910	597.7879	0.0000	1.4995
925	2623.6910	582.8301	0.0000	1.5003
926	2623.6910	670.7147	0.0000	1.5011
927	2623.6910	711.9356	0.0000	1.5019
928	2623.6910	599.2344	0.0000	1.5027
929	2623.6910	650.4961	0.0000	1.5036
930	2623.6910	702.6977	0.0000	1.5046
931	2655.3508	647.4703	0.0000	1.5053
932	2655.3508	647.2855	0.0000	1.5062
933	2655.3508	718.7277	0.0000	1.5070
934	2180.8825	641.8750	0.0000	1.5616
935	2180.8825	105.0022	0.0000	1.5632
936	1544.0344	163.1447	0.0000	1.5661
937	1164.8144	116.7628	0.0000	1.5680
938	1534.4474	155.9497	0.0000	1.5714
939	1534.4474	151.0014	0.0000	1.5732
940	1534.4474	171.3485	0.0000	1.5751
941	1534.4474	171.1175	0.0000	1.5767
942	1534.4474	169.9779	0.0000	1.5775
943	1534.4474	211.2540	0.0000	1.5783
944	1534.4474	224.8999	0.0000	1.5791
945	1534.4474	216.2261	0.0000	1.5799
946	1923.4542	266.2944	0.0000	1.5806
947	1923.4542	288.3918	0.0000	1.5813
948	1923.4542	322.2838	0.0000	1.5821
949	1923.4542	327.6006	0.0000	1.5833
950	1923.4542	313.5306	0.0000	1.5840
951	1923.4542	349.6383	0.0000	1.5852
952	1923.4542	353.2619	0.0000	1.5860
953	1923.4542	380.5939	0.0000	1.5868
954	1923.4542	362.9998	0.0000	1.5876
955	1923.4542	417.8401	0.0000	1.5884
956	2087.3937	405.1702	0.0000	1.5892
957	2087.3937	443.4163	0.0000	1.5901
958	2495.9417	478.6871	0.0000	1.5910
959	2495.9417	487.2649	0.0000	1.5920
960	2495.9417	531.1106	0.0000	1.5930
961	2495.9417	512.7770	0.0000	1.5941
962	2495.9417	549.1140	0.0000	1.5955
963	2649.2944	543.2751	0.0000	1.5965
964	2649.2944	544.8991	0.0000	1.5975
965	2649.2944	544.5558	0.0000	1.5984
966	2657.1750	614.0690	0.0000	1.5994
967	2657.1750	585.4443	0.0000	1.6004
968	2657.1750	747.6503	0.0000	1.6015
969	2657.1750	661.1392	0.0000	1.6024
970	2661.3748	638.7714	0.0000	1.6032
971	2681.1103	675.2197	0.0000	1.6040
972	2681.1103	706.7784	0.0000	1.6049
973	2661.3748	773.0419	0.0000	1.6611
974	2661.3748	133.4263	0.0000	1.6623
975	2661.3748	120.8458	0.0000	1.6645
976	2683.9074	202.7712	0.0000	1.6661
977	2683.9074	168.4621	0.0000	1.6687
978	2683.9074	172.0621	0.0000	1.6703
979	1544.9615	145.1784	0.0000	1.6719
980	1480.1445	163.5023	0.0000	1.6737
981	1480.1445	151.1806	0.0000	1.6744
982	2162.9570	228.1785	0.0000	1.6752
983	2162.9570	182.4813	0.0000	1.6760
984	2162.9570	180.5185	0.0000	1.6767
985	2162.9570	320.0197	0.0000	1.6775
986	2162.9570	246.9800	0.0000	1.6784
987	2162.9570	305.0867	0.0000	1.6791
988	2162.9570	302.7575	0.0000	1.6804
989	2219.5776	322.2994	0.0000	1.6812
990	2219.5776	363.6913	0.0000	1.6824
991	2219.5776	341.4360	0.0000	1.6832
992	2377.4957	448.9934	0.0000	1.6840
993	2377.4957	403.6358	0.0000	1.6847
994	2422.9021	443.0345	0.0000	1.6855
995	2422.9021	436.1215	0.0000	1.6864
996	2422.9021	447.2357	0.0000	1.6872
997	2422.9021	484.4594	0.0000	1.6880
998	2422.9021	475.2752	0.0000	1.6889
999	2422.9021	480.9569	0.0000	1.6896
1000	2485.2498	553.9878	0.0000	1.6904
1001	2485.2498	530.7159	0.0000	1.6912
1002	2485.2498	558.2548	0.0000	1.6920
1003	2485.2498	565.4301	0.0000	1.6928
1004	2485.2498	624.8270	0.0000	1.6940
1005	2485.2498	752.5639	0.0000	1.6947
1006	2535.3780	829.0659	0.0000	1.6955
1007	2535.3780	693.5840	0.0000	1.6963
1008	2535.3780	795.8886	0.0000	1.6971
1009	2535.3780	792.0288	0.0000	1.6978
1010	2535.3780	852.5775	0.0000	1.6986
1011	2535.3780	810.7040	0.0000	1.6994
1012	2313.7618	856.5562	0.0000	1.7568
1013	2313.7618	177.5153	0.0000	1.7582
1014	2313.7618	167.2975	0.0000	1.7604
1015	2313.7618	193.3816	0.0000	1.7625
1016	2152.6442	142.5830	0.0000	1.7652
1017	1613.0017	164.2600	0.0000	1.7668
1018	1613.0017	150.8146	0.0000	1.7685
1019	1613.0017	169.7274	0.0000	1.7703
1020	1613.0017	186.7806	0.0000	1.7711
1021	1613.0017	189.2141	0.0000	1.7720
1022	1613.0017	218.7053	0.0000	1.7728
1023	1613.0017	177.8551	0.0000	1.7737
1024	1892.6180	231.2396	0.0000	1.7746
1025	1892.6180	259.3019	0.0000	1.7754
1026	2096.1763	294.6389	0.0000	1.7762
1027	2096.1763	292.4048	0.0000	1.7774
1028	2096.1763	299.6047	0.0000	1.7783
1029	2096.1763	324.4854	0.0000	1.7797
1030	2096.1763	311.5995	0.0000	1.7804
1031	2289.0835	390.8345	0.0000	1.7813
1032	2289.0835	392.5964	0.0000	1.7820
1033	2289.0835	399.8919	0.0000	1.7829
1034	2289.0835	344.1754	0.0000	1.7837
1035	2469.5581	425.3372	0.0000	1.7847
1036	2469.5581	447.7881	0.0000	1.7855
1037	2469.5581	373.0356	0.0000	1.7863
1038	2469.5581	488.2734	0.0000	1.7872
1039	2469.5581	509.4441	0.0000	1.7880
1040	2469.5581	541.0538	0.0000	1.7889
1041	2469.5581	564.6989	0.0000	1.7898
1042	2698.9790	712.8118	0.0000	1.7907
1043	2698.9790	558.9833	0.0000	1.7921
1044	2698.9790	475.3983	0.0000	1.7930
1045	2698.9790	630.9802	0.0000	1.7939
1046	2698.9790	615.0433	0.0000	1.7948
1047	2698.9790	658.1853	0.0000	1.7957
1048	2698.9790	722.6564	0.0000	1.7966
1049	2698.9790	709.2024	0.0000	1.7976
1050	2698.9790	694.8160	0.0000	1.7985
1051	1754.0032	706.2144	0.0000	1.8628
1052	2334.8727	165.8644	0.0000	1.8637
1053	2334.8727	172.5494	0.0000	1.8655
1054	2334.8727	149.6338	0.0000	1.8684
1055	2334.8727	220.9329	0.0000	1.8715
1056	2334.8727	151.3422	0.0000	1.8732
1057	2334.8727	171.9608	0.0000	1.8746
1058	2334.8727	222.3833	0.0000	1.8767
1059	2334.8727	207.1834	0.0000	1.8775
1060	2334.8727	214.4320	0.0000	1.8785
1061	2334.8727	303.5233	0.0000	1.8793
1062	2334.8727	270.0659	0.0000	1.8802
1063	2334.8727	307.9709	0.0000	1.8810
1064	2334.8727	307.2033	0.0000	1.8818
1065	2567.6435	351.5710	0.0000	1.8827
1066	2567.6435	393.9027	0.0000	1.8842
1067	2569.6451	447.7504	0.0000	1.8851
1068	2569.6451	418.9849	0.0000	1.8864
1069	2569.6451	456.6063	0.0000	1.8872
1070	2569.6451	400.5198	0.0000	1.8881
1071	2569.6451	559.6631	0.0000	1.8890
1072	2569.6451	577.1984	0.0000	1.8898
1073	2569.6451	535.7825	0.0000	1.8907
1074	2569.6451	610.0331	0.0000	1.8915
1075	2569.6451	548.9744	0.0000	1.8923
1076	2641.1898	646.4507	0.0000	1.8932
1077	2641.1898	542.0792	0.0000	1.8941
1078	2641.1898	641.1750	0.0000	1.8951
1079	2641.1898	597.5023	0.0000	1.8960
1080	2641.1898	624.7699	0.0000	1.8968
1081	2641.1898	719.2302	0.0000	1.8976
1082	2641.1898	687.7159	0.0000	1.8985
1083	2641.1898	537.6667	0.0000	1.8995
1084	2684.5655	641.9101	0.0000	1.9004
1085	2684.5655	651.3694	0.0000	1.9012
1086	2684.5655	751.6000	0.0000	1.9021
1087	2684.5655	683.9638	0.0000	1.9029
1088	2684.5655	797.2825	0.0000	1.9037
1089	2684.5655	632.6476	0.0000	1.9045
1090	2569.6451	772.3426	0.0000	1.9642
1091	2569.6451	100.4636	0.0000	1.9651
1092	2118.2390	194.4775	0.0000	1.9669
1093	1991.4298	171.7081	0.0000	1.9696
1094	1783.0282	156.2513	0.0000	1.9754
1095	1122.8818	122.1108	0.0000	1.9772
1096	1122.8818	125.1529	0.0000	1.9784
1097	1122.8818	144.2679	0.0000	1.9804
1098	1122.8818	148.6787	0.0000	1.9812
1099	1122.8818	164.7961	0.0000	1.9820
1100	1122.8818	177.0445	0.0000	1.9828
1101	1275.7246	197.6260	0.0000	1.9837
1102	1673.2514	225.0661	0.0000	1.9846
1103	1815.8920	218.0250	0.0000	1.9853
1104	1815.8920	252.2363	0.0000	1.9862
1105	1815.8920	246.7953	0.0000	1.9874
1106	1815.8920	278.7665	0.0000	1.9882
1107	1931.9826	320.9405	0.0000	1.9895
1108	1931.9826	336.3442	0.0000	1.9904
1109	1931.9826	348.4237	0.0000	1.9912
1110	1931.9826	340.0727	0.0000	1.9920
1111	2610.5188	404.2103	0.0000	1.9927
1112	2610.5188	431.5919	0.0000	1.9935
1113	2610.5188	485.5025	0.0000	1.9943
1114	2610.5188	475.0552	0.0000	1.9952
1115	2615.7644	541.7447	0.0000	1.9960
1116	2615.7644	558.6301	0.0000	1.9967
1117	2615.7644	454.2033	0.0000	1.9975
1118	2625.3621	649.5902	0.0000	1.9983
1119	2625.3621	619.6861	0.0000	1.9990
1120	2625.3621	556.0948	0.0000	1.9999
1121	2677.7349	588.1766	0.0000	2.0007
1122	2689.1141	595.4207	0.0000	2.0016
1123	2689.1141	568.2295	0.0000	2.0024
1124	2689.1141	582.5403	0.0000	2.0032
1125	2689.1141	641.6042	0.0000	2.0040
1126	2689.1141	560.0530	0.0000	2.0047
1127	2689.1141	680.3872	0.0000	2.0056
1128	2689.1772	699.9075	0.0000	2.0064
1129	2423.7364	744.2893	0.0000	2.0661
1130	2423.7364	166.5926	0.0000	2.0669
1131	2423.7364	199.4305	0.0000	2.0687
1132	2423.7364	263.5981	0.0000	2.0715
1133	2079.5054	232.1544	0.0000	2.0766
1134	1894.2138	148.0452	0.0000	2.0785
1135	1752.3132	195.7354	0.0000	2.0802
1136	1752.3132	177.9388	0.0000	2.0821
1137	1752.3132	209.0745	0.0000	2.0829
1138	1752.3132	260.3381	0.0000	2.0838
1139	1792.4164	224.5416	0.0000	2.0846
1140	1792.4164	238.0849	0.0000	2.0853
1141	2183.9877	257.3022	0.0000	2.0861
1142	2183.9877	273.8599	0.0000	2.0870
1143	2183.9877	281.2923	0.0000	2.0879
1144	2183.9877	291.1301	0.0000	2.0891
1145	2183.9877	264.4531	0.0000	2.0899
1146	2183.9877	309.4998	0.0000	2.0912
1147	2432.0869	364.0875	0.0000	2.0921
1148	2432.0869	395.5358	0.0000	2.0930
1149	2432.0869	427.8161	0.0000	2.0939
1150	2432.0869	392.5522	0.0000	2.0946
1151	2432.0869	505.2873	0.0000	2.0954
1152	2432.0869	532.1128	0.0000	2.0963
1153	2432.0869	440.4955	0.0000	2.0972
1154	2432.0869	521.2822	0.0000	2.0981
1155	2567.7939	493.6626	0.0000	2.0989
1156	2567.7939	534.7435	0.0000	2.0997
1157	2567.7939	544.5824	0.0000	2.1005
1158	2567.7939	637.6790	0.0000	2.1014
1159	2567.7939	521.1264	0.0000	2.1022
1160	2642.2707	568.1550	0.0000	2.1032
1161	2642.2707	636.8406	0.0000	2.1040
1162	2642.2707	610.3544	0.0000	2.1047
1163	2642.2707	681.2412	0.0000	2.1055
1164	2642.2707	677.2271	0.0000	2.1064
1165	2642.2707	643.7387	0.0000	2.1072
1166	2642.2707	755.0666	0.0000	2.1081
1167	2642.2707	867.3229	0.0000	2.1089
1168	2642.2707	784.3952	0.0000	2.1721
1169	2642.2707	135.7788	0.0000	2.1729
1170	2642.2707	182.0290	0.0000	2.1748
1171	2642.2707	201.2973	0.0000	2.1775
1172	1104.9605	152.4445	0.0000	2.1829
1173	1536.0931	125.4398	0.0000	2.1848
1174	1655.9674	170.5259	0.0000	2.1865
1175	1655.9674	136.6654	0.0000	2.1884
1176	1655.9674	164.9383	0.0000	2.1893
1177	1655.9674	161.7570	0.0000	2.1900
1178	1655.9674	205.7121	0.0000	2.1908
1179	1655.9674	211.0209	0.0000	2.1916
1180	1655.9674	192.4848	0.0000	2.1925
1181	2116.9713	259.3819	0.0000	2.1934
1182	2116.9713	303.5742	0.0000	2.1942
1183	2116.9713	278.2789	0.0000	2.1955
1184	2116.9713	279.4412	0.0000	2.1963
1185	2629.8262	317.5178	0.0000	2.1977
1186	2629.8262	375.8267	0.0000	2.1986
1187	2629.8262	369.8442	0.0000	2.1994
1188	2629.8262	426.9285	0.0000	2.2002
1189	2629.8262	406.2970	0.0000	2.2010
1190	2629.8262	424.8252	0.0000	2.2019
1191	2629.8262	501.5238	0.0000	2.2028
1192	2629.8262	486.1457	0.0000	2.2037
1193	2629.8262	515.5418	0.0000	2.2045
1194	2629.8262	505.3212	0.0000	2.2053
1195	2629.8262	607.8819	0.0000	2.2061
1196	2637.1364	517.1608	0.0000	2.2069
1197	2637.1364	639.0754	0.0000	2.2079
1198	2637.1364	602.1250	0.0000	2.2088
1199	2637.1364	667.1851	0.0000	2.2096
1200	2643.7799	664.0939	0.0000	2.2105
1201	2643.7799	609.6943	0.0000	2.2114
1202	2643.7799	644.6694	0.0000	2.2123
1203	2659.8225	622.8883	0.0000	2.2131
1204	2659.8225	692.5567	0.0000	2.2139
1205	2659.8225	689.9508	0.0000	2.2147
1206	2659.8225	743.9169	0.0000	2.2156
1207	2616.8892	751.5560	0.0000	2.2802
1208	2616.8892	179.3841	0.0000	2.2810
1209	2616.8892	194.9621	0.0000	2.2830
1210	2616.8892	205.8729	0.0000	2.2858
1211	2220.5168	230.9630	0.0000	2.2907
1212	2220.5168	170.6891	0.0000	2.2924
1213	2220.5168	154.0034	0.0000	2.2947
1214	2220.5168	190.6452	0.0000	2.2965
1215	2220.5168	151.1323	0.0000	2.2973
1216	2220.5168	142.9827	0.0000	2.2982
1217	2220.5168	177.0804	0.0000	2.2990
1218	2220.5168	219.2953	0.0000	2.2997
1219	2220.5168	224.2990	0.0000	2.3005
1220	2220.5168	173.7873	0.0000	2.3013
1221	2220.5168	234.4779	0.0000	2.3022
1222	2254.9042	269.0932	0.0000	2.3030
1223	2254.9042	324.7282	0.0000	2.3041
1224	2254.9042	326.4176	0.0000	2.3053
1225	2254.9042	359.5414	0.0000	2.3061
1226	2254.9042	368.0883	0.0000	2.3070
1227	2254.9042	304.1365	0.0000	2.3078
1228	2254.9042	435.0223	0.0000	2.3086
1229	2254.9042	366.5893	0.0000	2.3094
1230	2254.9042	390.4575	0.0000	2.3102
1231	2254.9042	388.8415	0.0000	2.3110
1232	2254.9042	397.0225	0.0000	2.3118
1233	2254.9042	374.6714	0.0000	2.3126
1234	2459.0675	433.6112	0.0000	2.3135
1235	2459.0675	478.0160	0.0000	2.3143
1236	2459.0675	451.2375	0.0000	2.3151
1237	2459.0675	521.7915	0.0000	2.3158
1238	2459.0675	489.7609	0.0000	2.3166
1239	2459.0675	567.9159	0.0000	2.3174
1240	2459.0675	538.7699	0.0000	2.3181
1241	2459.0675	519.6354	0.0000	2.3190
1242	2573.5747	564.3965	0.0000	2.3197
1243	2573.5747	572.7257	0.0000	2.3205
1244	2573.5747	605.1794	0.0000	2.3212
1245	2573.5747	653.0794	0.0000	2.3219
1246	2220.5168	567.7564	0.0000	2.3867
1247	1206.7765	144.2335	0.0000	2.3887
1248	1206.7765	149.9413	0.0000	2.3905
1249	1206.7765	158.2486	0.0000	2.3934
1250	1157.3756	161.8205	0.0000	2.3980
1251	1157.3756	117.8952	0.0000	2.3998
1252	1270.3247	186.8954	0.0000	2.4019
1253	1282.3200	212.9494	0.0000	2.4036
1254	1303.8737	192.5970	0.0000	2.4043
1255	1303.8737	207.7640	0.0000	2.4051
1256	1303.8737	217.1438	0.0000	2.4059
1257	1303.8737	234.0076	0.0000	2.4067
1258	1303.8737	251.6235	0.0000	2.4075
1259	1766.0196	292.7114	0.0000	2.4088
1260	1766.0196	281.1224	0.0000	2.4095
1261	1766.0196	279.0434	0.0000	2.4103
1262	1766.0196	302.3812	0.0000	2.4111
1263	1766.0196	420.2025	0.0000	2.4124
1264	2032.7250	376.1048	0.0000	2.4132
1265	2032.7250	440.3563	0.0000	2.4140
1266	2032.7250	432.8113	0.0000	2.4148
1267	2259.0545	459.8160	0.0000	2.4155
1268	2320.2667	454.9334	0.0000	2.4163
1269	2391.0068	498.6512	0.0000	2.4171
1270	2391.0068	468.6201	0.0000	2.4179
1271	2391.0068	502.4506	0.0000	2.4187
1272	2391.0068	488.3247	0.0000	2.4194
1273	2391.0068	519.8945	0.0000	2.4202
1274	2391.0068	478.4309	0.0000	2.4209
1275	2391.0068	558.0293	0.0000	2.4218
1276	2470.1664	543.1476	0.0000	2.4226
1277	2470.1664	624.6703	0.0000	2.4235
1278	2611.2149	781.5759	0.0000	2.4242
1279	2611.2149	728.2511	0.0000	2.4250
1280	2611.2149	682.9903	0.0000	2.4257
1281	2611.2149	654.2715	0.0000	2.4266
1282	2611.2149	733.2390	0.0000	2.4274
1283	2611.2149	673.7849	0.0000	2.4283
1284	2611.2149	680.1977	0.0000	2.4291
1285	2391.0068	656.9069	0.0000	2.4966
1286	2391.0068	172.7150	0.0000	2.4986
1287	2391.0068	200.6438	0.0000	2.5006
1288	2391.0068	191.3473	0.0000	2.5037
1289	1595.3939	219.9455	0.0000	2.5091
1290	1595.3939	147.4506	0.0000	2.5109
1291	1595.3939	183.0965	0.0000	2.5129
1292	2339.5152	192.2375	0.0000	2.5137
1293	2339.5152	232.6467	0.0000	2.5145
1294	2339.5152	213.2392	0.0000	2.5153
1295	2339.5152	209.7275	0.0000	2.5161
1296	2339.5152	245.3710	0.0000	2.5170
1297	2339.5152	244.6538	0.0000	2.5188
1298	2339.5152	257.3877	0.0000	2.5202
1299	2339.5152	287.1651	0.0000	2.5210
1300	2339.5152	336.6526	0.0000	2.5220
1301	2339.5152	313.0401	0.0000	2.5230
1302	2339.5152	393.5950	0.0000	2.5243
1303	2339.5152	352.8321	0.0000	2.5251
1304	2339.5152	368.6428	0.0000	2.5259
1305	2339.5152	404.8691	0.0000	2.5267
1306	2339.5152	444.1349	0.0000	2.5276
1307	2339.5152	433.3329	0.0000	2.5283
1308	2339.5152	491.8465	0.0000	2.5291
1309	2339.5152	519.7961	0.0000	2.5299
1310	2339.5152	564.6404	0.0000	2.5308
1311	2339.5152	507.9377	0.0000	2.5316
1312	2446.3103	550.5254	0.0000	2.5328
1313	2470.1205	631.5766	0.0000	2.5336
1314	2470.1205	715.2114	0.0000	2.5344
1315	2470.1205	686.6284	0.0000	2.5356
1316	2470.1205	697.8529	0.0000	2.5366
1317	2545.2740	773.5666	0.0000	2.5374
1318	2545.2740	623.1011	0.0000	2.5381
1319	2621.9140	734.4055	0.0000	2.5389
1320	2621.9140	805.2586	0.0000	2.5397
1321	2641.5081	730.2079	0.0000	2.5405
1322	2641.5081	797.8275	0.0000	2.5413
1323	2641.5081	770.2038	0.0000	2.5421
1324	2363.5776	907.4365	0.0000	2.6112
1325	2363.5776	131.5135	0.0000	2.6131
1326	2387.8968	206.1933	0.0000	2.6150
1327	2603.6391	257.1823	0.0000	2.6182
1328	2603.6391	224.4451	0.0000	2.6235
1329	2603.6391	160.2342	0.0000	2.6256
1330	2603.6391	212.0057	0.0000	2.6275
1331	2603.6391	233.8720	0.0000	2.6283
1332	2603.6391	221.6193	0.0000	2.6292
1333	2603.6391	224.5663	0.0000	2.6301
1334	2603.6391	197.4773	0.0000	2.6309
1335	2603.6391	264.0500	0.0000	2.6317
1336	2500.8071	293.4021	0.0000	2.6336
1337	2500.8071	313.5167	0.0000	2.6350
1338	2500.8071	310.7541	0.0000	2.6358
1339	2500.8071	305.7176	0.0000	2.6366
1340	2500.8071	328.4510	0.0000	2.6374
1341	2500.8071	385.8273	0.0000	2.6388
1342	2500.8071	421.5750	0.0000	2.6397
1343	2568.0801	360.9757	0.0000	2.6405
1344	2568.0801	454.0235	0.0000	2.6414
1345	2584.3643	402.8854	0.0000	2.6422
1346	2660.6465	527.5893	0.0000	2.6430
1347	2660.6465	426.1608	0.0000	2.6439
1348	2660.6465	436.9099	0.0000	2.6447
1349	2660.6465	413.4901	0.0000	2.6455
1350	2660.6465	451.6564	0.0000	2.6463
1351	2660.6465	462.8401	0.0000	2.6472
1352	2660.6465	461.6662	0.0000	2.6481
1353	2660.6465	557.8082	0.0000	2.6490
1354	2678.7771	515.5578	0.0000	2.6498
1355	2678.7771	546.5631	0.0000	2.6506
1356	2678.7771	547.8953	0.0000	2.6514
1357	2678.7771	540.8806	0.0000	2.6522
1358	2678.7771	526.2680	0.0000	2.6531
1359	2678.7771	636.1398	0.0000	2.6540
1360	2678.7771	540.2788	0.0000	2.6550
1361	2678.7771	596.1578	0.0000	2.6557
1362	2678.7771	620.7633	0.0000	2.6565
1363	2660.6465	593.7883	0.0000	2.7254
1364	2660.6465	236.3454	0.0000	2.7273
1365	2394.2144	161.0185	0.0000	2.7293
1366	2394.2144	136.4615	0.0000	2.7324
1367	1350.0952	178.6591	0.0000	2.7378
1368	1350.0952	137.5989	0.0000	2.7398
1369	1350.0952	124.4947	0.0000	2.7419
1370	1350.0952	159.3072	0.0000	2.7427
1371	1528.6275	175.2733	0.0000	2.7436
1372	1528.6275	173.2743	0.0000	2.7443
1373	1528.6275	196.1854	0.0000	2.7452
1374	1528.6275	201.3163	0.0000	2.7460
1375	1528.6275	214.6624	0.0000	2.7481
1376	1528.6275	245.5590	0.0000	2.7489
1377	1837.9059	279.7298	0.0000	2.7497
1378	2073.0322	305.2296	0.0000	2.7505
1379	2073.0322	316.0023	0.0000	2.7513
1380	2073.0322	343.2317	0.0000	2.7528
1381	2073.0322	294.7438	0.0000	2.7542
1382	2073.0322	393.3360	0.0000	2.7549
1383	2073.0322	343.0884	0.0000	2.7557
1384	2073.0322	438.4149	0.0000	2.7566
1385	2073.0322	421.8033	0.0000	2.7574
1386	2073.0322	412.6395	0.0000	2.7583
1387	2073.0322	406.2344	0.0000	2.7591
1388	2171.6167	456.6793	0.0000	2.7599
1389	2171.6167	462.9002	0.0000	2.7607
1390	2171.6167	464.2755	0.0000	2.7615
1391	2171.6167	542.1502	0.0000	2.7624
1392	2171.6167	521.4252	0.0000	2.7632
1393	2171.6167	464.0181	0.0000	2.7641
1394	2260.0984	573.2657	0.0000	2.7650
1395	2512.8827	484.4917	0.0000	2.7658
1396	2512.8827	492.7479	0.0000	2.7666
1397	2512.8827	518.8165	0.0000	2.7674
1398	2512.8827	555.2527	0.0000	2.7682
1399	2679.2955	666.9222	0.0000	2.7691
1400	2679.2955	732.2480	0.0000	2.7698
1401	2679.2955	765.5974	0.0000	2.7706
1402	1195.9824	634.9964	0.0000	2.8411
1403	1094.2073	153.7761	0.0000	2.8429
1404	2466.6101	137.9513	0.0000	2.8448
1405	2477.0892	230.7873	0.0000	2.8481
1406	1593.8856	180.4800	0.0000	2.8531
1407	1593.8856	192.7852	0.0000	2.8553
1408	1593.8856	192.9597	0.0000	2.8571
1409	1593.8856	197.9270	0.0000	2.8578
1410	1593.8856	232.6221	0.0000	2.8586
1411	1593.8856	203.3977	0.0000	2.8595
1412	1593.8856	223.9508	0.0000	2.8603
1413	1593.8856	233.4138	0.0000	2.8612
1414	1593.8856	269.4877	0.0000	2.8632
1415	2027.3094	309.1231	0.0000	2.8640
1416	2027.3094	293.3379	0.0000	2.8648
1417	2027.3094	303.4267	0.0000	2.8656
1418	2027.3094	349.3331	0.0000	2.8664
1419	2027.3094	354.8053	0.0000	2.8678
1420	2691.1329	374.3594	0.0000	2.8686
1421	2691.1329	457.5573	0.0000	2.8694
1422	2691.1329	372.8868	0.0000	2.8703
1423	2691.1329	380.6416	0.0000	2.8711
1424	2691.1329	402.8640	0.0000	2.8719
1425	2691.1329	409.5225	0.0000	2.8727
1426	2691.1329	472.4697	0.0000	2.8736
1427	2691.1329	482.4221	0.0000	2.8746
1428	2691.1329	472.2863	0.0000	2.8760
1429	2693.6573	535.7439	0.0000	2.8767
1430	2693.6573	536.4489	0.0000	2.8775
1431	2693.6573	499.0794	0.0000	2.8783
1432	2693.6573	550.7358	0.0000	2.8792
1433	2693.6573	481.9361	0.0000	2.8801
1434	2693.6573	564.3777	0.0000	2.8809
1435	2693.6573	556.8845	0.0000	2.8816
1436	2693.6573	638.3943	0.0000	2.8824
1437	2693.6573	594.5885	0.0000	2.8832
1438	2693.6573	663.4642	0.0000	2.8841
1439	2693.6573	648.0072	0.0000	2.8850
1440	2693.6573	667.4607	0.0000	2.8858
1441	2652.3746	656.4088	0.0000	2.9624
1442	2652.3746	168.7128	0.0000	2.9649
1443	2652.3746	155.8288	0.0000	2.9667
1444	2652.3746	168.0965	0.0000	2.9705
1445	2652.3746	173.1552	0.0000	2.9759
1446	2392.6904	200.5390	0.0000	2.9786
1447	2326.9032	187.2750	0.0000	2.9809
1448	2326.9032	151.4522	0.0000	2.9818
1449	2326.9032	171.8838	0.0000	2.9826
1450	2326.9032	198.0161	0.0000	2.9835
1451	2653.5787	252.3255	0.0000	2.9844
1452	2653.5787	218.4607	0.0000	2.9852
1453	2653.5787	261.7864	0.0000	2.9874
1454	2653.5787	271.9608	0.0000	2.9883
1455	2653.5787	282.3547	0.0000	2.9892
1456	2653.5787	310.2451	0.0000	2.9902
1457	2653.5787	314.0182	0.0000	2.9911
1458	2653.5787	352.7901	0.0000	2.9925
1459	2653.5787	295.5558	0.0000	2.9933
1460	2653.5787	348.0638	0.0000	2.9941
1461	2653.5787	330.3632	0.0000	2.9949
1462	2653.5787	325.7865	0.0000	2.9957
1463	2653.5787	394.8832	0.0000	2.9966
1464	2653.5787	385.8360	0.0000	2.9974
1465	2653.5787	457.0543	0.0000	2.9983
1466	2653.5787	417.6319	0.0000	2.9991
1467	2653.5787	372.7264	0.0000	2.9998
1468	2653.5787	493.6748	0.0000	3.0006
1469	2653.5787	499.5986	0.0000	3.0014
1470	2653.5787	537.0518	0.0000	3.0023
1471	2653.5787	549.3534	0.0000	3.0031
1472	2653.5787	548.9792	0.0000	3.0040
1473	2653.5787	561.1078	0.0000	3.0054
1474	2653.5787	633.4287	0.0000	3.0062
1475	2653.5787	590.7718	0.0000	3.0070
1476	2653.5787	548.2779	0.0000	3.0078
1477	2653.5787	606.9210	0.0000	3.0086
1478	2653.5787	635.7478	0.0000	3.0094
1479	2653.5787	727.1586	0.0000	3.0102
1480	2509.4638	639.3990	0.0000	3.0847
1481	2509.4638	182.1550	0.0000	3.0865
1482	2509.4638	175.0786	0.0000	3.0880
1483	2509.4638	181.9973	0.0000	3.0917
1484	2509.4638	222.6907	0.0000	3.0970
1485	2509.4638	208.0119	0.0000	3.1006
1486	2509.4638	201.9186	0.0000	3.1024
1487	1715.7500	183.7113	0.0000	3.1045
1488	1936.4541	206.1507	0.0000	3.1052
1489	2578.5140	220.3400	0.0000	3.1060
1490	2578.5140	282.0960	0.0000	3.1068
1491	2578.5140	186.4171	0.0000	3.1077
1492	2578.5140	239.3259	0.0000	3.1095
1493	2578.5140	246.2895	0.0000	3.1102
1494	2578.5140	302.7843	0.0000	3.1109
1495	2578.5140	321.3427	0.0000	3.1118
1496	2578.5140	415.0950	0.0000	3.1125
1497	2585.3705	270.3114	0.0000	3.1138
1498	2585.3705	363.4522	0.0000	3.1147
1499	2585.3705	385.9741	0.0000	3.1154
1500	2585.3705	329.8184	0.0000	3.1161
1501	2585.3705	383.8249	0.0000	3.1169
1502	2585.3705	496.9927	0.0000	3.1177
1503	2585.3705	416.1737	0.0000	3.1186
1504	2585.3705	398.2523	0.0000	3.1195
1505	2585.3705	436.4806	0.0000	3.1203
1506	2585.3705	507.2264	0.0000	3.1213
1507	2585.3705	478.3057	0.0000	3.1221
1508	2585.3705	568.5701	0.0000	3.1230
1509	2585.3705	557.7157	0.0000	3.1237
1510	2585.3705	521.8284	0.0000	3.1244
1511	2675.0383	612.1390	0.0000	3.1252
1512	2675.0383	610.6620	0.0000	3.1261
1513	2675.0383	599.3124	0.0000	3.1277
1514	2675.0383	557.2601	0.0000	3.1285
1515	2675.0383	634.1430	0.0000	3.1293
1516	2675.0383	724.7318	0.0000	3.1302
1517	2675.0383	617.3903	0.0000	3.1310
1518	2675.0383	722.1960	0.0000	3.1317
1519	1549.5239	683.2177	0.0000	3.2108
1520	1549.5239	160.4005	0.0000	3.2133
1521	1549.5239	123.5822	0.0000	3.2147
1522	1549.5239	146.7638	0.0000	3.2181
1523	1549.5239	135.1882	0.0000	3.2228
1524	1785.9020	131.8277	0.0000	3.2261
1525	1785.9020	111.9179	0.0000	3.2282
1526	1549.5239	171.1129	0.0000	3.2302
1527	1549.5239	166.3295	0.0000	3.2316
1528	1549.5239	151.3077	0.0000	3.2325
1529	1820.8424	205.5527	0.0000	3.2334
1530	1820.8424	141.0731	0.0000	3.2341
1531	1820.8424	200.8091	0.0000	3.2361
1532	1820.8424	208.0483	0.0000	3.2372
1533	1820.8424	255.0566	0.0000	3.2381
1534	1820.8424	203.1666	0.0000	3.2388
1535	1820.8424	261.7126	0.0000	3.2396
1536	2265.9771	304.7712	0.0000	3.2410
1537	2265.9771	296.8018	0.0000	3.2419
1538	2265.9771	355.1249	0.0000	3.2427
1539	2265.9771	339.5983	0.0000	3.2436
1540	2265.9771	347.8510	0.0000	3.2443
1541	2265.9771	341.9078	0.0000	3.2451
1542	2265.9771	394.5914	0.0000	3.2459
1543	2265.9771	406.8001	0.0000	3.2468
1544	2265.9771	440.7132	0.0000	3.2477
1545	2441.2858	479.4632	0.0000	3.2486
1546	2441.2858	518.7792	0.0000	3.2494
1547	2441.2858	415.6978	0.0000	3.2502
1548	2441.2858	450.9081	0.0000	3.2510
1549	2441.2858	600.2192	0.0000	3.2518
1550	2441.2858	566.0274	0.0000	3.2526
1551	2441.2858	565.9326	0.0000	3.2534
1552	2634.9474	639.2954	0.0000	3.2548
1553	2634.9474	530.7064	0.0000	3.2556
1554	2634.9474	600.0322	0.0000	3.2565
1555	2634.9474	619.3261	0.0000	3.2573
1556	2634.9474	661.5096	0.0000	3.2581
1557	2634.9474	611.2723	0.0000	3.2589
1558	2282.2612	638.3289	0.0000	3.3383
1559	2282.2612	169.1358	0.0000	3.3404
1560	2282.2612	164.1505	0.0000	3.3418
1561	2282.2612	196.2827	0.0000	3.3451
1562	2282.2612	184.9470	0.0000	3.3499
1563	2282.2612	186.0160	0.0000	3.3533
1564	2282.2612	181.6825	0.0000	3.3553
1565	2282.2612	232.5327	0.0000	3.3574
1566	2282.2612	220.3628	0.0000	3.3588
1567	2282.2612	215.4823	0.0000	3.3596
1568	2282.2612	237.5470	0.0000	3.3604
1569	2282.2612	251.8291	0.0000	3.3612
1570	2375.6670	295.8305	0.0000	3.3634
1571	2375.6670	290.3829	0.0000	3.3643
1572	2375.6670	306.8454	0.0000	3.3652
1573	2375.6670	321.2309	0.0000	3.3660
1574	2375.6670	297.4839	0.0000	3.3669
1575	2375.6670	320.1334	0.0000	3.3677
1576	2375.6670	354.0835	0.0000	3.3685
1577	2375.6670	346.3347	0.0000	3.3693
1578	2375.6670	360.1106	0.0000	3.3701
1579	2375.6670	371.0143	0.0000	3.3710
1580	2375.6670	461.8002	0.0000	3.3718
1581	2375.6670	386.7206	0.0000	3.3727
1582	2375.6670	370.9238	0.0000	3.3735
1583	2375.6670	461.4546	0.0000	3.3743
1584	2375.6670	458.6237	0.0000	3.3751
1585	2628.3659	538.9041	0.0000	3.3759
1586	2628.3659	503.9511	0.0000	3.3768
1587	2628.3659	471.5415	0.0000	3.3777
1588	2628.3659	511.6931	0.0000	3.3785
1589	2628.3659	513.6428	0.0000	3.3793
1590	2628.3659	553.4244	0.0000	3.3801
1591	2628.3659	459.3917	0.0000	3.3810
1592	2628.3659	597.5348	0.0000	3.3817
1593	2628.3659	626.9189	0.0000	3.3826
1594	2685.9369	638.3310	0.0000	3.3834
1595	2685.9369	610.2160	0.0000	3.3841
1596	2685.9369	623.7695	0.0000	3.3849
1597	2282.2612	681.8335	0.0000	3.4621
1598	2282.2612	132.1750	0.0000	3.4640
1599	2282.2612	210.0930	0.0000	3.4655
1600	2282.2612	200.5012	0.0000	3.4690
1601	2282.2612	142.2568	0.0000	3.4738
1602	2282.2612	196.9488	0.0000	3.4780
1603	2282.2612	193.3054	0.0000	3.4801
1604	2282.2612	206.0708	0.0000	3.4824
1605	2282.2612	166.8888	0.0000	3.4838
1606	2282.2612	231.1208	0.0000	3.4846
1607	1877.6119	228.3907	0.0000	3.4861
1608	1877.6119	240.3739	0.0000	3.4869
1609	1877.6119	295.3984	0.0000	3.4890
1610	1877.6119	253.9597	0.0000	3.4897
1611	1877.6119	267.6276	0.0000	3.4905
1612	2383.5676	353.1010	0.0000	3.4914
1613	2383.5676	269.3917	0.0000	3.4922
1614	2383.5676	275.3958	0.0000	3.4931
1615	2383.5676	394.3824	0.0000	3.4939
1616	2383.5676	358.8628	0.0000	3.4947
1617	2383.5676	397.3691	0.0000	3.4954
1618	2383.5676	386.4349	0.0000	3.4962
1619	2383.5676	493.0359	0.0000	3.4970
1620	2383.5676	445.3456	0.0000	3.4978
1621	2383.5676	396.8192	0.0000	3.4986
1622	2383.5676	493.8077	0.0000	3.4995
1623	2383.5676	510.9683	0.0000	3.5002
1624	2383.5676	483.5607	0.0000	3.5010
1625	2383.5676	537.0060	0.0000	3.5018
1626	2383.5676	538.5702	0.0000	3.5027
1627	2480.3327	616.7782	0.0000	3.5035
1628	2480.3327	541.2132	0.0000	3.5044
1629	2480.3327	599.4151	0.0000	3.5052
1630	2480.3327	623.7300	0.0000	3.5060
1631	2480.3327	545.4391	0.0000	3.5067
1632	2480.3327	663.1145	0.0000	3.5075
1633	2480.3327	644.9742	0.0000	3.5083
1634	2588.4539	715.4528	0.0000	3.5091
1635	2588.4539	618.5037	0.0000	3.5100
1636	2060.2806	684.3732	0.0000	3.5910
1637	2060.2806	114.7830	0.0000	3.5931
1638	2060.2806	165.8511	0.0000	3.5947
1639	2060.2806	153.2679	0.0000	3.5982
1640	1742.5797	197.3536	0.0000	3.6030
1641	1742.5797	168.2940	0.0000	3.6065
1642	1742.5797	170.1479	0.0000	3.6087
1643	1742.5797	209.1284	0.0000	3.6116
1644	1742.5797	206.4526	0.0000	3.6132
1645	1742.5797	209.7191	0.0000	3.6140
1646	1742.5797	227.7020	0.0000	3.6155
1647	1742.5797	230.9532	0.0000	3.6170
1648	2510.7088	284.5093	0.0000	3.6193
1649	2510.7088	310.9379	0.0000	3.6201
1650	2510.7088	292.1809	0.0000	3.6209
1651	2510.7088	335.2132	0.0000	3.6217
1652	2543.8881	320.9588	0.0000	3.6225
1653	2543.8881	373.6169	0.0000	3.6234
1654	2543.8881	336.7069	0.0000	3.6243
1655	2543.8881	381.2281	0.0000	3.6252
1656	2543.8881	399.9878	0.0000	3.6260
1657	2543.8881	441.0012	0.0000	3.6269
1658	2543.8881	383.6250	0.0000	3.6277
1659	2543.8881	442.7797	0.0000	3.6286
1660	2543.8881	433.1758	0.0000	3.6295
1661	2543.8881	479.4374	0.0000	3.6303
1662	2543.8881	511.1582	0.0000	3.6311
1663	2617.6781	539.2473	0.0000	3.6319
1664	2617.6781	532.1138	0.0000	3.6328
1665	2617.6781	532.4319	0.0000	3.6336
1666	2617.6781	581.6632	0.0000	3.6345
1667	2617.6781	534.9100	0.0000	3.6353
1668	2617.6781	498.0782	0.0000	3.6361
1669	2617.6781	548.4755	0.0000	3.6369
1670	2617.6781	559.4646	0.0000	3.6377
1671	2617.6781	643.6863	0.0000	3.6386
1672	2617.6781	567.2446	0.0000	3.6394
1673	2617.6781	541.0461	0.0000	3.6402
1674	2617.6781	640.5620	0.0000	3.6410
1675	2222.2497	520.0818	0.0000	3.7304
1676	2222.2497	174.3193	0.0000	3.7328
1677	2222.2497	146.3435	0.0000	3.7344
1678	2222.2497	188.3086	0.0000	3.7382
1679	2222.2497	215.8427	0.0000	3.7434
1680	2222.2497	176.1101	0.0000	3.7465
1681	2222.2497	184.4015	0.0000	3.7487
1682	2222.2497	186.1712	0.0000	3.7511
1683	2222.2497	224.5671	0.0000	3.7534
1684	2222.2497	208.9349	0.0000	3.7543
1685	2222.2497	185.4669	0.0000	3.7559
1686	2222.2497	194.2944	0.0000	3.7574
1687	2222.2497	290.7043	0.0000	3.7612
1688	2222.2497	258.2470	0.0000	3.7621
1689	2222.2497	365.4680	0.0000	3.7630
1690	2222.2497	286.9342	0.0000	3.7639
1691	2222.2497	365.4640	0.0000	3.7648
1692	2222.2497	358.5277	0.0000	3.7657
1693	2222.2497	342.2289	0.0000	3.7665
1694	2222.2497	366.7338	0.0000	3.7674
1695	2222.2497	325.0577	0.0000	3.7682
1696	2222.2497	360.9780	0.0000	3.7690
1697	2222.2497	369.2956	0.0000	3.7699
1698	2225.7384	445.2864	0.0000	3.7708
1699	2225.7384	404.7630	0.0000	3.7717
1700	2538.9502	428.5721	0.0000	3.7727
1701	2538.9502	480.4458	0.0000	3.7735
1702	2538.9502	442.3059	0.0000	3.7743
1703	2538.9502	410.5153	0.0000	3.7752
1704	2538.9502	430.1975	0.0000	3.7760
1705	2538.9502	483.4249	0.0000	3.7769
1706	2538.9502	543.1636	0.0000	3.7778
1707	2538.9502	527.3180	0.0000	3.7786
1708	2538.9502	537.3457	0.0000	3.7795
1709	2626.1095	551.2231	0.0000	3.7804
1710	2626.1095	573.5561	0.0000	3.7812
1711	2626.1095	528.0581	0.0000	3.7820
1712	2626.1095	525.3367	0.0000	3.7829
1713	2626.1095	580.1748	0.0000	3.7837
1714	2626.1095	586.0988	0.0000	3.8674
1715	2626.1095	129.8911	0.0000	3.8695
1716	2626.1095	229.2280	0.0000	3.8710
1717	2626.1095	226.9396	0.0000	3.8745
1718	2268.2801	224.5833	0.0000	3.8793
1719	2675.6896	266.1127	0.0000	3.8821
1720	2675.6896	300.7736	0.0000	3.8840
1721	2675.6896	310.3832	0.0000	3.8861
1722	2675.6896	288.2056	0.0000	3.8878
1723	2675.6896	240.0127	0.0000	3.8886
1724	2675.6896	330.3976	0.0000	3.8899
1725	2675.6896	293.6108	0.0000	3.8914
1726	2675.6896	334.9450	0.0000	3.8947
1727	2675.6896	282.4855	0.0000	3.8954
1728	2675.6896	288.9806	0.0000	3.8963
1729	2675.6896	276.3761	0.0000	3.8970
1730	2675.6896	339.2281	0.0000	3.8979
1731	2675.6896	307.6534	0.0000	3.8987
1732	2675.6896	336.8400	0.0000	3.8994
1733	2675.6896	457.4174	0.0000	3.9002
1734	2675.6896	430.3811	0.0000	3.9017
1735	2675.6896	427.0139	0.0000	3.9025
1736	2675.6896	482.3685	0.0000	3.9034
1737	2675.6896	430.2791	0.0000	3.9042
1738	2675.6896	444.4620	0.0000	3.9049
1739	2675.6896	459.7176	0.0000	3.9058
1740	2675.6896	477.7457	0.0000	3.9065
1741	2675.6896	485.7928	0.0000	3.9074
1742	2675.6896	536.6275	0.0000	3.9082
1743	2675.6896	466.8555	0.0000	3.9091
1744	2675.6896	443.8484	0.0000	3.9099
1745	2675.6896	571.5896	0.0000	3.9114
1746	2675.6896	498.5342	0.0000	3.9121
1747	2675.6896	573.1498	0.0000	3.9129
1748	2675.6896	548.3110	0.0000	3.9138
1749	2675.6896	584.7493	0.0000	3.9146
1750	2675.6896	563.3322	0.0000	3.9159
1751	2675.6896	549.5504	0.0000	3.9168
1752	2675.6896	620.7179	0.0000	3.9176
1753	1308.4708	522.9286	0.0000	4.0018
1754	1308.4708	97.1738	0.0000	4.0041
1755	1308.4708	82.6327	0.0000	4.0056
1756	1308.4708	116.9276	0.0000	4.0090
1757	1430.1893	134.7048	0.0000	4.0141
1758	1430.1893	138.1408	0.0000	4.0169
1759	1430.1893	154.0524	0.0000	4.0191
1760	1746.8021	193.7926	0.0000	4.0212
1761	1746.8021	187.9787	0.0000	4.0228
1762	2291.6103	184.0328	0.0000	4.0235
1763	2291.6103	240.5223	0.0000	4.0250
1764	2291.6103	222.9118	0.0000	4.0264
1765	1746.8021	232.7833	0.0000	4.0300
1766	1746.8021	218.6180	0.0000	4.0307
1767	2102.8462	309.7930	0.0000	4.0315
1768	2102.8462	253.6283	0.0000	4.0323
1769	2102.8462	316.5721	0.0000	4.0331
1770	2102.8462	274.6357	0.0000	4.0339
1771	2102.8462	257.0730	0.0000	4.0348
1772	2102.8462	270.2436	0.0000	4.0357
1773	2102.8462	373.1190	0.0000	4.0371
1774	2102.8462	384.3647	0.0000	4.0379
1775	2102.8462	343.0468	0.0000	4.0387
1776	2384.2880	393.2676	0.0000	4.0395
1777	2384.2880	440.8533	0.0000	4.0402
1778	2384.2880	412.6484	0.0000	4.0410
1779	2384.2880	359.6914	0.0000	4.0417
1780	2384.2880	446.5128	0.0000	4.0425
1781	2384.2880	475.2280	0.0000	4.0433
1782	2384.2880	493.2987	0.0000	4.0441
1783	2384.2880	500.4307	0.0000	4.0449
1784	2384.2880	491.3145	0.0000	4.0465
1785	2384.2880	566.3270	0.0000	4.0473
1786	2384.2880	584.9519	0.0000	4.0481
1787	2384.2880	506.2759	0.0000	4.0490
1788	2384.2880	562.5420	0.0000	4.0497
1789	2384.2880	595.3978	0.0000	4.0512
1790	2556.5275	584.2985	0.0000	4.0520
1791	2556.5275	600.7527	0.0000	4.0529
1792	2556.5275	669.5271	0.0000	4.1378
1793	2556.5275	109.3522	0.0000	4.1404
1794	2556.5275	136.8014	0.0000	4.1419
1795	2556.5275	130.1654	0.0000	4.1464
1796	2556.5275	143.9786	0.0000	4.1527
1797	2556.5275	212.8430	0.0000	4.1547
1798	1663.5793	133.3909	0.0000	4.1588
1799	1663.5793	155.3973	0.0000	4.1614
1800	1663.5793	176.0584	0.0000	4.1630
1801	2169.2803	213.3105	0.0000	4.1638
1802	2169.2803	215.8360	0.0000	4.1654
1803	2169.2803	237.0506	0.0000	4.1671
1804	2206.7077	280.3881	0.0000	4.1709
1805	2206.7077	214.6206	0.0000	4.1718
1806	2206.7077	267.5158	0.0000	4.1727
1807	2206.7077	301.0715	0.0000	4.1734
1808	2387.7776	369.5743	0.0000	4.1742
1809	2387.7776	300.2380	0.0000	4.1750
1810	2387.7776	401.5110	0.0000	4.1759
1811	2387.7776	316.1924	0.0000	4.1767
1812	2387.7776	364.1407	0.0000	4.1774
1813	2387.7776	447.6470	0.0000	4.1782
1814	2387.7776	343.7838	0.0000	4.1790
1815	2387.7776	366.4174	0.0000	4.1799
1816	2387.7776	421.8761	0.0000	4.1808
1817	2387.7776	335.1869	0.0000	4.1816
1818	2387.7776	383.3324	0.0000	4.1824
1819	2387.7776	409.6353	0.0000	4.1832
1820	2387.7776	447.0260	0.0000	4.1841
1821	2477.7654	465.5321	0.0000	4.1851
1822	2477.7654	512.1952	0.0000	4.1861
1823	2477.7654	470.3296	0.0000	4.1881
1824	2477.7654	516.3141	0.0000	4.1890
1825	2477.7654	517.9249	0.0000	4.1898
1826	2477.7654	483.2059	0.0000	4.1907
1827	2521.1874	609.2968	0.0000	4.1916
1828	2521.1874	653.5048	0.0000	4.1933
1829	2521.1874	564.5643	0.0000	4.1941
1830	2549.0394	687.4159	0.0000	4.1949
1831	2549.0394	677.6158	0.0000	4.2871
1832	2549.0394	154.5937	0.0000	4.2894
1833	2549.0394	208.9847	0.0000	4.2910
1834	2549.0394	158.1264	0.0000	4.2948
1835	2549.0394	192.5374	0.0000	4.3003
1836	2549.0394	187.1131	0.0000	4.3018
1837	2549.0394	161.2908	0.0000	4.3050
1838	2047.8950	172.6075	0.0000	4.3072
1839	2047.8950	199.0180	0.0000	4.3088
1840	2047.8950	215.5243	0.0000	4.3097
1841	1794.6530	230.5532	0.0000	4.3111
1842	1794.6530	259.2566	0.0000	4.3126
1843	1794.6530	223.8523	0.0000	4.3167
1844	1949.1159	258.9297	0.0000	4.3182
1845	1949.1159	253.2140	0.0000	4.3191
1846	1949.1159	240.5309	0.0000	4.3198
1847	1973.9834	323.1151	0.0000	4.3206
1848	1973.9834	295.2766	0.0000	4.3215
1849	1973.9834	302.5464	0.0000	4.3225
1850	1973.9834	295.9296	0.0000	4.3232
1851	1973.9834	301.8709	0.0000	4.3242
1852	1998.8325	319.4253	0.0000	4.3257
1853	2294.4852	375.3747	0.0000	4.3265
1854	2294.4852	341.3529	0.0000	4.3273
1855	2294.4852	374.0329	0.0000	4.3282
1856	2501.1275	438.5074	0.0000	4.3291
1857	2501.1275	411.5526	0.0000	4.3298
1858	2501.1275	373.2757	0.0000	4.3306
1859	2501.1275	466.2849	0.0000	4.3314
1860	2501.1275	467.2974	0.0000	4.3322
1861	2501.1275	674.8940	0.0000	4.3330
1862	2501.1275	493.3914	0.0000	4.3345
1863	2501.1275	581.1930	0.0000	4.3360
1864	2501.1275	484.3020	0.0000	4.3368
1865	2501.1275	599.9320	0.0000	4.3376
Pos: [5.428173517438537, -0.8263469854108974, -7.761971416283027]

=================================================================================================================