ID: 8e7f82e7-0b63-4418-8f68-5d29df71fd95	Date: 2018-05-02 02:05:10	Runs: 10
=================================================================================================================
Run: 0
Iter	Gbest	AvrFit	Diver	ETime	
0	194.9699	71.1201	1.0000	0.9961
1	194.9699	80.0696	0.9895	1.6816
2	194.9699	100.0724	0.9756	2.4583
3	194.9699	136.4255	0.9324	3.1464
4	194.9699	148.4351	0.9085	3.8223
5	199.6725	168.4724	0.9261	4.6241
6	199.6725	169.7725	0.8980	5.3432
7	199.6725	176.3056	0.9785	6.0158
8	199.6725	179.8416	0.9704	6.6888
9	199.6725	180.9962	0.8476	7.3714
10	199.6725	181.5026	0.8518	8.0428
11	199.6725	183.4951	0.9754	8.7698
12	199.7263	183.7018	0.9667	9.4450
13	199.7263	184.0094	0.9730	10.1161
14	199.7263	187.6015	0.9578	10.7889
15	199.8773	189.2653	0.8755	11.4615
16	199.8773	189.3164	0.8813	12.1434
17	199.8773	191.0653	0.8891	12.8484
18	199.8773	191.1673	0.8922	13.5162
19	199.8773	193.2028	1.0000	14.2395
20	199.8773	193.2031	1.0000	14.9100
21	199.8783	194.2146	0.9667	15.5911
22	199.8783	194.2470	0.9681	16.2985
23	199.8783	194.2817	0.9695	16.9764
24	199.8783	194.6220	0.9492	17.6482
25	199.8783	195.0183	0.9553	18.3220
26	199.9990	195.6154	0.9535	19.0101
27	199.9990	196.1778	0.7773	19.6791
28	199.9990	196.1912	0.7761	20.3829
29	199.9990	198.6761	0.7549	21.2073
30	199.9990	198.9014	0.6882	21.8785
31	199.9990	198.9395	0.6869	22.5675
32	199.9990	198.9418	0.6868	23.2451
33	199.9990	199.0093	0.6840	23.9186
34	199.9990	199.2323	0.5127	24.6370
35	199.9990	199.7004	0.5036	25.3079
36	199.9990	199.7679	0.5013	25.9922
37	199.9990	199.8467	0.3744	26.6604
38	199.9995	199.8711	0.3736	27.3273
39	199.9996	199.9357	0.1270	28.0013
40	199.9996	199.9408	0.1267	28.7023
41	199.9996	199.9486	0.1257	29.4077
42	199.9996	199.9531	0.1247	30.0751
43	199.9996	199.9548	0.1240	30.8776
44	199.9996	199.9636	0.1223	31.7254
45	199.9996	199.9675	0.1203	32.4149
46	199.9996	199.9686	0.1197	33.1616
47	199.9998	199.9700	0.1190	33.8383
48	199.9998	199.9712	0.1181	34.5109
49	199.9998	199.9977	0.0036	35.1806
50	199.9998	199.9984	0.0029	35.8586
51	200.0000	199.9990	0.0022	36.5508
52	200.0000	199.9993	0.0016	37.2245
53	200.0000	199.9995	0.0014	38.0025
54	200.0000	199.9996	0.0013	38.6703
55	200.0000	199.9997	0.0011	39.3610
56	200.0000	199.9999	0.0008	40.0538
57	200.0000	199.9999	0.0007	40.7603
58	200.0000	199.9999	0.0006	41.4488
59	200.0000	200.0000	0.0004	42.1352
60	200.0000	200.0000	0.0003	42.7990
61	200.0000	200.0000	0.0002	43.5045
62	200.0000	200.0000	0.0002	44.1868
63	200.0000	200.0000	0.0001	44.8709
64	200.0000	200.0000	0.0001	45.5387
65	200.0000	200.0000	0.0001	46.2134
66	200.0000	200.0000	0.0000	46.9317
67	200.0000	200.0000	0.0000	47.6165
68	200.0000	200.0000	0.0000	48.3303
69	200.0000	200.0000	0.0000	49.0036
70	200.0000	200.0000	0.0000	49.6705
71	200.0000	200.0000	0.0000	50.3519
72	200.0000	200.0000	0.0000	51.0199
73	200.0000	200.0000	0.0000	51.6896
74	200.0000	200.0000	0.0000	52.4421
75	200.0000	200.0000	0.0000	53.1263
76	200.0000	200.0000	0.0000	53.8406
77	200.0000	200.0000	0.0000	54.6854
78	200.0000	200.0000	0.0000	55.3594
79	200.0000	200.0000	0.0000	56.0315
80	200.0000	200.0000	0.0000	56.7050
81	200.0000	200.0000	0.0000	57.3871
82	200.0000	200.0000	0.0000	58.0590
83	200.0000	200.0000	0.0000	58.7358
84	200.0000	200.0000	0.0000	59.4051
85	200.0000	200.0000	0.0000	60.0777
86	200.0000	200.0000	0.0000	60.7665
87	200.0000	200.0000	0.0000	61.4429
88	200.0000	200.0000	0.0000	62.1092
89	200.0000	200.0000	0.0000	62.7770
90	200.0000	200.0000	0.0000	63.4451
91	200.0000	200.0000	0.0000	64.1210
92	200.0000	200.0000	0.0000	64.7984
93	200.0000	200.0000	0.0000	65.4640
94	200.0000	200.0000	0.0000	66.1304
95	200.0000	200.0000	0.0000	66.8037
96	200.0000	200.0000	0.0000	67.4846
97	200.0000	200.0000	0.0000	68.1589
98	200.0000	200.0000	0.0000	68.8481
99	200.0000	200.0000	0.0000	69.5217
100	200.0000	200.0000	0.0000	70.2000
101	200.0000	200.0000	0.0000	70.9980
102	200.0000	200.0000	0.0000	71.7800
103	200.0000	200.0000	0.0000	72.4883
104	200.0000	200.0000	0.0000	73.1668
105	200.0000	200.0000	0.0000	73.8394
106	200.0000	200.0000	0.0000	74.5299
107	200.0000	200.0000	0.0000	75.2120
108	200.0000	200.0000	0.0000	75.8855
109	200.0000	200.0000	0.0000	76.5607
110	200.0000	200.0000	0.0000	77.2333
111	200.0000	200.0000	0.0000	77.9240
112	200.0000	200.0000	0.0000	78.5990
113	200.0000	200.0000	0.0000	79.2751
114	200.0000	200.0000	0.0000	79.9525
115	200.0000	200.0000	0.0000	80.6267
116	200.0000	200.0000	0.0000	81.3146
117	200.0000	200.0000	0.0000	82.0255
118	200.0000	200.0000	0.0000	82.6995
119	200.0000	200.0000	0.0000	83.3776
120	200.0000	200.0000	0.0000	84.0559
121	200.0000	200.0000	0.0000	84.7588
122	200.0000	200.0000	0.0000	85.4471
123	200.0000	200.0000	0.0000	86.1390
124	200.0000	200.0000	0.0000	86.8125
125	200.0000	200.0000	0.0000	87.5657
126	200.0000	200.0000	0.0000	88.2995
127	200.0000	200.0000	0.0000	88.9831
128	200.0000	200.0000	0.0000	89.6814
129	200.0000	200.0000	0.0000	90.3592
130	200.0000	200.0000	0.0000	91.1329
131	200.0000	200.0000	0.0000	91.8224
132	200.0000	200.0000	0.0000	92.5062
133	200.0000	200.0000	0.0000	93.2014
134	200.0000	200.0000	0.0000	93.8859
135	200.0000	200.0000	0.0000	94.5642
136	200.0000	200.0000	0.0000	95.2554
137	200.0000	200.0000	0.0000	95.9294
138	200.0000	200.0000	0.0000	96.6058
139	200.0000	200.0000	0.0000	97.2807
140	200.0000	200.0000	0.0000	97.9695
141	200.0000	200.0000	0.0000	98.6586
142	200.0000	200.0000	0.0000	99.3474
143	200.0000	200.0000	0.0000	100.0233
144	200.0000	200.0000	0.0000	100.7428
145	200.0000	200.0000	0.0000	101.4266
146	200.0000	200.0000	0.0000	102.1204
147	200.0000	200.0000	0.0000	102.8037
148	200.0000	200.0000	0.0000	103.4827
149	200.0000	200.0000	0.0000	104.2645
150	200.0000	200.0000	0.0000	105.0024
151	200.0000	200.0000	0.0000	105.7053
152	200.0000	200.0000	0.0000	106.4029
153	200.0000	200.0000	0.0000	107.0750
154	200.0000	200.0000	0.0000	107.7538
155	200.0000	200.0000	0.0000	108.4361
156	200.0000	200.0000	0.0000	109.1251
157	200.0000	200.0000	0.0000	109.8149
158	200.0000	200.0000	0.0000	110.5707
159	200.0000	200.0000	0.0000	111.2480
160	200.0000	200.0000	0.0000	111.9289
161	200.0000	200.0000	0.0000	112.6277
162	200.0000	200.0000	0.0000	113.3108
163	200.0000	200.0000	0.0000	113.9905
164	200.0000	200.0000	0.0000	114.6653
165	200.0000	200.0000	0.0000	115.3395
166	200.0000	200.0000	0.0000	116.0259
167	200.0000	200.0000	0.0000	116.6973
168	200.0000	200.0000	0.0000	117.3782
169	200.0000	200.0000	0.0000	118.0496
170	200.0000	200.0000	0.0000	118.7243
171	200.0000	200.0000	0.0000	119.4117
172	200.0000	200.0000	0.0000	120.1193
173	200.0000	200.0000	0.0000	120.8797
174	200.0000	200.0000	0.0000	121.6090
175	200.0000	200.0000	0.0000	122.2863
176	200.0000	200.0000	0.0000	122.9982
177	200.0000	200.0000	0.0000	123.6784
178	200.0000	200.0000	0.0000	124.3584
179	200.0000	200.0000	0.0000	125.0489
180	200.0000	200.0000	0.0000	125.7334
181	200.0000	200.0000	0.0000	126.4231
182	200.0000	200.0000	0.0000	127.1019
183	200.0000	200.0000	0.0000	127.7785
184	200.0000	200.0000	0.0000	128.4711
185	200.0000	200.0000	0.0000	129.2231
186	200.0000	200.0000	0.0000	129.9379
187	200.0000	200.0000	0.0000	130.6117
188	200.0000	200.0000	0.0000	131.2907
189	200.0000	200.0000	0.0000	131.9621
190	200.0000	200.0000	0.0000	132.6487
191	200.0000	200.0000	0.0000	133.3418
192	200.0000	200.0000	0.0000	134.0182
193	200.0000	200.0000	0.0000	134.7029
194	200.0000	200.0000	0.0000	135.3819
195	200.0000	200.0000	0.0000	136.0602
196	200.0000	200.0000	0.0000	136.7550
197	200.0000	200.0000	0.0000	137.5093
198	200.0000	200.0000	0.0000	138.2420
199	200.0000	200.0000	0.0000	138.9427
Pos: [-3.7793102408204575, -3.283186000377882]

