ID: CF3	Date: 2019-05-04 11:52:43	Runs: 1
=================================================================================================================
Run: 0
Iter	Gbest	AvrFit	Diver	ETime	
0	-26.4804	-1107.1118	0.0000	0.0032
1	-17.9582	-1075.5838	0.0000	0.0057
2	-17.9582	-1040.1926	0.0000	0.0082
3	-17.9582	-1004.4088	0.0000	0.0107
4	-12.9721	-1001.3304	0.0000	0.0131
5	-12.9721	-903.5910	0.0000	0.0154
6	-8.8890	-880.5442	0.0000	0.0177
7	-8.8890	-867.3456	0.0000	0.0201
8	-4.8524	-864.1640	0.0000	0.0226
9	-3.7844	-858.3209	0.0000	0.0252
10	-3.4139	-819.3952	0.0000	0.0285
11	-2.0927	-864.9532	0.0000	0.0309
12	-2.0927	-824.4569	0.0000	0.0334
13	-1.8272	-865.7294	0.0000	0.0357
14	-0.5425	-858.0816	0.0000	0.0382
15	-0.5425	-805.0761	0.0000	0.0404
16	-0.5425	-849.3657	0.0000	0.0428
17	-0.5425	-844.1537	0.0000	0.0452
18	-0.0676	-855.5389	0.0000	0.0480
19	-0.0676	-878.1215	0.0000	0.0503
20	-0.0676	-855.4343	0.0000	0.0526
21	-0.0676	-847.2682	0.0000	0.0551
22	-0.0676	-875.2658	0.0000	0.0575
23	-0.0676	-819.6340	0.0000	0.0598
24	-0.0676	-827.5192	0.0000	0.0623
25	-0.0676	-825.1803	0.0000	0.0650
26	-0.0676	-806.4425	0.0000	0.0675
27	-0.0676	-818.5357	0.0000	0.0702
28	-0.0676	-819.4899	0.0000	0.0734
29	-0.0676	-793.0844	0.0000	0.0762
30	-0.0676	-814.7891	0.0000	0.0792
31	-0.0676	-749.0393	0.0000	0.0821
32	-0.0676	-792.2024	0.0000	0.0851
33	-0.0676	-814.8463	0.0000	0.0876
34	-0.0029	-762.6012	0.0000	0.0900
35	-0.0029	-749.2456	0.0000	0.0924
36	-0.0029	-780.9872	0.0000	0.0949
37	-0.0029	-790.5824	0.0000	0.0973
38	-0.0029	-769.8917	0.0000	0.0996
39	-0.0029	-787.2641	0.0000	0.1021
40	-0.0029	-756.3220	0.0000	0.1050
41	-0.0029	-728.3222	0.0000	0.1079
42	-0.0029	-755.3209	0.0000	0.1109
43	-0.0029	-760.6312	0.0000	0.1141
44	-0.0029	-733.9214	0.0000	0.1173
45	-0.0029	-776.6506	0.0000	0.1196
46	-0.0029	-744.9913	0.0000	0.1220
47	-0.0029	-763.0144	0.0000	0.1245
48	-0.0029	-783.5871	0.0000	0.1271
49	-0.0029	-759.3266	0.0000	0.1294
50	-0.0029	-757.8865	0.0000	0.1320
51	-0.0029	-762.6274	0.0000	0.1350
52	-0.0029	-756.4954	0.0000	0.1376
53	-0.0029	-688.6417	0.0000	0.1399
54	-0.0029	-733.7699	0.0000	0.1423
55	-0.0029	-727.8590	0.0000	0.1445
56	-0.0029	-761.7557	0.0000	0.1471
57	-0.0029	-740.7295	0.0000	0.1495
58	-0.0029	-693.9417	0.0000	0.1519
59	-0.0029	-693.3219	0.0000	0.1544
60	-0.0024	-746.0262	0.0000	0.1569
61	-0.0024	-711.4615	0.0000	0.1593
62	-0.0024	-735.1367	0.0000	0.1616
63	-0.0024	-709.6208	0.0000	0.1641
64	-0.0024	-719.8662	0.0000	0.1665
65	-0.0024	-741.9543	0.0000	0.1689
66	-0.0024	-720.2850	0.0000	0.1712
67	-0.0023	-706.9606	0.0000	0.1736
68	-0.0023	-740.0976	0.0000	0.1758
69	-0.0023	-733.0272	0.0000	0.1782
70	-0.0019	-733.6325	0.0000	0.1805
71	-0.0019	-718.8970	0.0000	0.1830
72	-0.0019	-696.0254	0.0000	0.1854
73	-0.0019	-694.6100	0.0000	0.1878
74	-0.0019	-718.1691	0.0000	0.1902
75	-0.0019	-721.6794	0.0000	0.1925
76	-0.0019	-721.3975	0.0000	0.1949
77	-0.0019	-691.5945	0.0000	0.1971
78	-0.0019	-690.4291	0.0000	0.1995
79	-0.0019	-703.2121	0.0000	0.2020
80	-0.0005	-692.0766	0.0000	0.2044
81	-0.0005	-680.7593	0.0000	0.2068
82	-0.0005	-708.7751	0.0000	0.2091
83	-0.0005	-668.6523	0.0000	0.2114
84	-0.0005	-708.3816	0.0000	0.2138
85	-0.0005	-677.1113	0.0000	0.2161
86	-0.0005	-671.7781	0.0000	0.2184
87	-0.0008	-676.2968	0.0000	0.2208
88	-0.0008	-749.5410	0.0000	0.2233
89	-0.0008	-756.5340	0.0000	0.2257
90	-0.0008	-766.4782	0.0000	0.2281
91	-0.0008	-752.7776	0.0000	0.2304
92	-0.0008	-741.9792	0.0000	0.2327
93	-0.0008	-724.8891	0.0000	0.2351
94	-0.0008	-726.9324	0.0000	0.2375
95	-0.0008	-769.2556	0.0000	0.2400
96	-0.0008	-711.9390	0.0000	0.2423
97	-0.0008	-776.9649	0.0000	0.2447
98	-0.0003	-760.1093	0.0000	0.2472
99	-0.0003	-744.1291	0.0000	0.2497
100	-0.0003	-742.7874	0.0000	0.2521
101	-0.0003	-749.8163	0.0000	0.2544
102	-0.0003	-743.2963	0.0000	0.2568
103	-0.0003	-725.8269	0.0000	0.2592
104	-0.0003	-782.4569	0.0000	0.2615
105	-0.0003	-754.9613	0.0000	0.2639
106	-0.0003	-721.2191	0.0000	0.2662
107	-0.0003	-733.5822	0.0000	0.2685
108	-0.0003	-786.0019	0.0000	0.2708
109	-0.0003	-741.1238	0.0000	0.2732
110	-0.0003	-747.8326	0.0000	0.2757
111	-0.0003	-756.9590	0.0000	0.2781
112	-0.0003	-756.8564	0.0000	0.2806
113	-0.0003	-789.6755	0.0000	0.2829
114	-0.0003	-766.2655	0.0000	0.2852
115	-0.0003	-789.0232	0.0000	0.2878
116	-0.0003	-760.9939	0.0000	0.2902
117	-0.0003	-765.1655	0.0000	0.2927
118	-0.0003	-812.7051	0.0000	0.2952
119	-0.0003	-769.0949	0.0000	0.2977
120	-0.0002	-771.8412	0.0000	0.3002
121	-0.0002	-784.1336	0.0000	0.3025
122	-0.0002	-799.6860	0.0000	0.3047
123	-0.0002	-796.9435	0.0000	0.3070
124	-0.0002	-817.1491	0.0000	0.3093
125	-0.0002	-797.3388	0.0000	0.3116
126	-0.0002	-769.1356	0.0000	0.3139
127	-0.0002	-788.8345	0.0000	0.3163
128	-0.0002	-753.0192	0.0000	0.3186
129	-0.0002	-770.9800	0.0000	0.3209
130	-0.0002	-799.8491	0.0000	0.3234
131	-0.0002	-773.4370	0.0000	0.3258
132	-0.0002	-755.9251	0.0000	0.3282
133	-0.0002	-758.5849	0.0000	0.3311
134	-0.0002	-774.6630	0.0000	0.3337
135	-0.0002	-773.4272	0.0000	0.3362
136	-0.0002	-782.8497	0.0000	0.3386
137	-0.0002	-772.4023	0.0000	0.3409
138	-0.0002	-753.0055	0.0000	0.3432
139	-0.0002	-745.1269	0.0000	0.3456
140	-0.0002	-764.5071	0.0000	0.3478
141	-0.0002	-752.9833	0.0000	0.3503
142	-0.0002	-736.1073	0.0000	0.3526
143	-0.0001	-738.8506	0.0000	0.3550
144	-0.0001	-745.9500	0.0000	0.3573
145	-0.0001	-735.2538	0.0000	0.3596
146	-0.0001	-715.0185	0.0000	0.3619
147	-0.0001	-745.5555	0.0000	0.3642
148	-0.0001	-745.5148	0.0000	0.3668
149	-0.0001	-708.7556	0.0000	0.3690
150	-0.0001	-732.8368	0.0000	0.3714
151	-0.0001	-695.5660	0.0000	0.3739
152	-0.0001	-759.5937	0.0000	0.3762
153	-0.0001	-752.2177	0.0000	0.3785
154	-0.0001	-732.8010	0.0000	0.3807
155	-0.0001	-733.3278	0.0000	0.3831
156	-0.0001	-723.7197	0.0000	0.3854
157	-0.0001	-705.3664	0.0000	0.3878
158	-0.0001	-695.9116	0.0000	0.3902
159	-0.0001	-730.6546	0.0000	0.3925
160	-0.0001	-782.7339	0.0000	0.3949
161	-0.0001	-718.7044	0.0000	0.3974
162	-0.0001	-738.8096	0.0000	0.3999
163	-0.0001	-734.4924	0.0000	0.4023
164	-0.0001	-725.8179	0.0000	0.4048
165	-0.0001	-714.7236	0.0000	0.4072
166	-0.0001	-713.3859	0.0000	0.4096
167	-0.0001	-717.7432	0.0000	0.4120
168	-0.0001	-671.5749	0.0000	0.4144
169	-0.0001	-672.9996	0.0000	0.4169
170	-0.0001	-707.0953	0.0000	0.4194
171	-0.0001	-700.6309	0.0000	0.4217
172	-0.0001	-671.8231	0.0000	0.4241
173	-0.0001	-727.1444	0.0000	0.4265
174	-0.0001	-687.0539	0.0000	0.4289
175	-0.0001	-679.8339	0.0000	0.4314
176	-0.0001	-689.8824	0.0000	0.4338
177	-0.0001	-667.9388	0.0000	0.4361
178	-0.0001	-710.3715	0.0000	0.4383
179	-0.0001	-699.1569	0.0000	0.4407
180	-0.0000	-675.1234	0.0000	0.4431
181	-0.0000	-724.7557	0.0000	0.4454
182	-0.0000	-666.4879	0.0000	0.4478
183	-0.0000	-698.9072	0.0000	0.4502
184	-0.0000	-726.5040	0.0000	0.4526
185	-0.0000	-706.8600	0.0000	0.4549
186	-0.0000	-720.1092	0.0000	0.4574
187	-0.0000	-692.9197	0.0000	0.4596
188	-0.0000	-693.7064	0.0000	0.4618
189	-0.0000	-686.3991	0.0000	0.4642
190	-0.0000	-772.9823	0.0000	0.4666
191	-0.0000	-683.8028	0.0000	0.4690
192	-0.0000	-721.8132	0.0000	0.4712
193	-0.0000	-705.7424	0.0000	0.4735
194	-0.0000	-709.5912	0.0000	0.4760
195	-0.0000	-704.0645	0.0000	0.4782
196	-0.0000	-719.5595	0.0000	0.4806
197	-0.0000	-708.8004	0.0000	0.4830
198	-0.0000	-684.3455	0.0000	0.4852
199	-0.0000	-734.5130	0.0000	0.4875
200	-0.0000	-697.9687	0.0000	0.4899
201	-0.0000	-673.5099	0.0000	0.4921
202	-0.0000	-647.3709	0.0000	0.4943
203	-0.0000	-677.4095	0.0000	0.4966
204	-0.0000	-696.9916	0.0000	0.4989
205	-0.0000	-717.5500	0.0000	0.5012
206	-0.0000	-655.6395	0.0000	0.5036
207	-0.0000	-685.4831	0.0000	0.5061
208	-0.0000	-690.6961	0.0000	0.5084
209	-0.0000	-682.8007	0.0000	0.5109
210	-0.0000	-703.2056	0.0000	0.5133
211	-0.0000	-719.9925	0.0000	0.5155
212	-0.0000	-674.7518	0.0000	0.5178
213	-0.0000	-660.2340	0.0000	0.5203
214	-0.0000	-680.9638	0.0000	0.5227
215	-0.0000	-696.3689	0.0000	0.5251
216	-0.0000	-695.9624	0.0000	0.5273
217	-0.0000	-690.9595	0.0000	0.5295
218	-0.0000	-691.9322	0.0000	0.5316
219	-0.0000	-688.2051	0.0000	0.5338
220	-0.0000	-676.0539	0.0000	0.5360
221	-0.0000	-702.6698	0.0000	0.5381
222	-0.0000	-687.2815	0.0000	0.5403
223	-0.0000	-696.1402	0.0000	0.5429
224	-0.0000	-698.3504	0.0000	0.5450
225	-0.0000	-688.5475	0.0000	0.5472
226	-0.0000	-691.8554	0.0000	0.5495
227	-0.0000	-655.5673	0.0000	0.5518
228	-0.0000	-673.9085	0.0000	0.5542
229	-0.0000	-686.9699	0.0000	0.5565
230	-0.0000	-723.2700	0.0000	0.5588
231	-0.0000	-690.7812	0.0000	0.5613
232	-0.0000	-684.1307	0.0000	0.5636
233	-0.0000	-736.9760	0.0000	0.5660
234	-0.0000	-707.0572	0.0000	0.5684
235	-0.0000	-713.1838	0.0000	0.5710
236	-0.0000	-699.5141	0.0000	0.5733
237	-0.0000	-722.5523	0.0000	0.5756
238	-0.0000	-698.7582	0.0000	0.5780
239	-0.0000	-690.8211	0.0000	0.5806
240	-0.0000	-663.9737	0.0000	0.5830
241	-0.0000	-717.0078	0.0000	0.5854
242	-0.0000	-730.1952	0.0000	0.5878
243	-0.0000	-687.7075	0.0000	0.5902
244	-0.0000	-707.4913	0.0000	0.5928
245	-0.0000	-686.5939	0.0000	0.5957
246	-0.0000	-683.2519	0.0000	0.5981
247	-0.0000	-662.2010	0.0000	0.6008
248	-0.0000	-622.9082	0.0000	0.6036
249	-0.0000	-706.7214	0.0000	0.6066
250	-0.0000	-675.4625	0.0000	0.6095
251	-0.0000	-653.5560	0.0000	0.6120
252	-0.0000	-663.0877	0.0000	0.6145
253	-0.0000	-641.0133	0.0000	0.6173
254	-0.0000	-632.1999	0.0000	0.6200
255	-0.0000	-662.1318	0.0000	0.6225
256	-0.0000	-647.0585	0.0000	0.6249
257	-0.0000	-667.5932	0.0000	0.6274
258	-0.0000	-687.6883	0.0000	0.6300
259	-0.0000	-679.0156	0.0000	0.6324
260	-0.0000	-652.6663	0.0000	0.6352
261	-0.0000	-650.6564	0.0000	0.6379
262	-0.0000	-651.7005	0.0000	0.6408
263	-0.0000	-655.8729	0.0000	0.6435
264	-0.0000	-649.9909	0.0000	0.6459
265	-0.0000	-634.7463	0.0000	0.6485
266	-0.0000	-655.4494	0.0000	0.6508
267	-0.0000	-682.8523	0.0000	0.6540
268	-0.0000	-654.1471	0.0000	0.6571
269	-0.0000	-646.6611	0.0000	0.6602
270	-0.0000	-694.8642	0.0000	0.6627
271	-0.0000	-726.0928	0.0000	0.6652
272	-0.0000	-684.1269	0.0000	0.6675
273	-0.0000	-676.5623	0.0000	0.6700
274	-0.0000	-665.8588	0.0000	0.6723
275	-0.0000	-681.8667	0.0000	0.6750
276	-0.0000	-647.8060	0.0000	0.6775
277	-0.0000	-689.1799	0.0000	0.6800
278	-0.0000	-691.7702	0.0000	0.6824
279	-0.0000	-679.8438	0.0000	0.6847
280	-0.0000	-663.2516	0.0000	0.6873
281	-0.0000	-644.7563	0.0000	0.6900
282	-0.0000	-681.1586	0.0000	0.6928
283	-0.0000	-696.4161	0.0000	0.6955
284	-0.0000	-649.8510	0.0000	0.6980
285	-0.0000	-707.2338	0.0000	0.7007
286	-0.0000	-655.4932	0.0000	0.7033
287	-0.0000	-600.6169	0.0000	0.7056
288	-0.0000	-663.2942	0.0000	0.7080
289	-0.0000	-653.3450	0.0000	0.7103
290	-0.0000	-683.9268	0.0000	0.7127
291	-0.0000	-698.5649	0.0000	0.7155
292	-0.0000	-696.9899	0.0000	0.7183
293	-0.0000	-677.1087	0.0000	0.7211
294	-0.0000	-659.8255	0.0000	0.7240
295	-0.0000	-642.2092	0.0000	0.7271
296	-0.0000	-661.7562	0.0000	0.7296
297	-0.0000	-673.0545	0.0000	0.7323
298	-0.0000	-656.6727	0.0000	0.7348
299	-0.0000	-675.0761	0.0000	0.7373
300	-0.0000	-677.8097	0.0000	0.7397
301	-0.0000	-702.6845	0.0000	0.7422
302	-0.0000	-677.4638	0.0000	0.7445
303	-0.0000	-652.6866	0.0000	0.7468
304	-0.0000	-689.9961	0.0000	0.7495
305	-0.0000	-705.1966	0.0000	0.7521
306	-0.0000	-669.5360	0.0000	0.7544
307	-0.0000	-686.0159	0.0000	0.7568
308	-0.0000	-660.0421	0.0000	0.7591
309	-0.0000	-665.5570	0.0000	0.7616
310	-0.0000	-683.6113	0.0000	0.7637
311	-0.0000	-656.5960	0.0000	0.7661
312	-0.0000	-622.4412	0.0000	0.7685
313	-0.0000	-692.0883	0.0000	0.7710
314	-0.0000	-672.2420	0.0000	0.7734
315	-0.0000	-657.4692	0.0000	0.7759
316	-0.0000	-638.5925	0.0000	0.7787
317	-0.0000	-646.8159	0.0000	0.7811
318	-0.0000	-680.3220	0.0000	0.7833
319	-0.0000	-675.1744	0.0000	0.7855
320	-0.0000	-687.2234	0.0000	0.7878
321	-0.0000	-640.1082	0.0000	0.7902
322	-0.0000	-667.5951	0.0000	0.7926
323	-0.0000	-627.8906	0.0000	0.7950
324	-0.0000	-639.3865	0.0000	0.7973
325	-0.0000	-672.0085	0.0000	0.7996
326	-0.0000	-636.4896	0.0000	0.8020
327	-0.0000	-624.3838	0.0000	0.8044
328	-0.0000	-621.9156	0.0000	0.8068
329	-0.0000	-631.4129	0.0000	0.8091
330	-0.0000	-649.4942	0.0000	0.8116
331	-0.0000	-633.2391	0.0000	0.8139
332	-0.0000	-652.3484	0.0000	0.8163
333	-0.0000	-631.8553	0.0000	0.8186
334	-0.0000	-623.2065	0.0000	0.8210
335	-0.0000	-647.9927	0.0000	0.8234
336	-0.0000	-659.5294	0.0000	0.8258
337	-0.0000	-632.7306	0.0000	0.8280
338	-0.0000	-654.1621	0.0000	0.8303
339	-0.0000	-614.6273	0.0000	0.8329
340	-0.0000	-661.7010	0.0000	0.8352
341	-0.0000	-665.2372	0.0000	0.8376
342	-0.0000	-641.0308	0.0000	0.8400
343	-0.0000	-639.8064	0.0000	0.8425
344	-0.0000	-646.8753	0.0000	0.8448
345	-0.0000	-635.2107	0.0000	0.8471
346	-0.0000	-640.6770	0.0000	0.8495
347	-0.0000	-655.1257	0.0000	0.8518
348	-0.0000	-657.4425	0.0000	0.8542
349	-0.0000	-672.5479	0.0000	0.8567
350	-0.0000	-657.5911	0.0000	0.8590
351	-0.0000	-667.9772	0.0000	0.8615
352	-0.0000	-670.1527	0.0000	0.8638
353	-0.0000	-657.1463	0.0000	0.8661
354	-0.0000	-657.3924	0.0000	0.8686
355	-0.0000	-665.4649	0.0000	0.8713
356	-0.0000	-663.1098	0.0000	0.8736
357	-0.0000	-632.0169	0.0000	0.8760
358	-0.0000	-635.1652	0.0000	0.8784
359	-0.0000	-645.5479	0.0000	0.8810
360	-0.0000	-615.6856	0.0000	0.8835
361	-0.0000	-643.7727	0.0000	0.8858
362	-0.0000	-638.0550	0.0000	0.8882
363	-0.0000	-645.9152	0.0000	0.8907
364	-0.0000	-608.5470	0.0000	0.8932
365	-0.0000	-595.3034	0.0000	0.8955
366	-0.0000	-580.0973	0.0000	0.8980
367	-0.0000	-637.6602	0.0000	0.9002
368	-0.0000	-615.9966	0.0000	0.9025
369	-0.0000	-654.3069	0.0000	0.9049
370	-0.0000	-636.7478	0.0000	0.9074
371	-0.0000	-659.7550	0.0000	0.9099
372	-0.0000	-631.7541	0.0000	0.9123
373	-0.0000	-615.2746	0.0000	0.9148
374	-0.0000	-634.0996	0.0000	0.9171
375	-0.0000	-628.4636	0.0000	0.9196
376	-0.0000	-641.3312	0.0000	0.9222
377	-0.0000	-658.5884	0.0000	0.9245
378	-0.0000	-674.8114	0.0000	0.9268
379	-0.0000	-647.6737	0.0000	0.9296
380	-0.0000	-653.7213	0.0000	0.9319
381	-0.0000	-669.7231	0.0000	0.9343
382	-0.0000	-627.9793	0.0000	0.9367
383	-0.0000	-648.9359	0.0000	0.9391
384	-0.0000	-642.2716	0.0000	0.9415
385	-0.0000	-636.8517	0.0000	0.9439
386	-0.0000	-633.1512	0.0000	0.9464
387	-0.0000	-646.2649	0.0000	0.9489
388	-0.0000	-655.7567	0.0000	0.9512
389	-0.0000	-626.0488	0.0000	0.9539
390	-0.0000	-676.7946	0.0000	0.9563
391	-0.0000	-652.9621	0.0000	0.9587
392	-0.0000	-582.4825	0.0000	0.9612
393	-0.0000	-596.7347	0.0000	0.9635
394	-0.0000	-627.2816	0.0000	0.9658
395	-0.0000	-655.7270	0.0000	0.9683
396	-0.0000	-620.5174	0.0000	0.9707
397	-0.0000	-675.6964	0.0000	0.9732
398	-0.0000	-623.8053	0.0000	0.9754
399	-0.0000	-655.2732	0.0000	0.9777
400	-0.0000	-639.9610	0.0000	0.9801
401	-0.0000	-643.2877	0.0000	0.9825
402	-0.0000	-670.5799	0.0000	0.9847
403	-0.0000	-670.3334	0.0000	0.9872
404	-0.0000	-657.4885	0.0000	0.9894
405	-0.0000	-656.2060	0.0000	0.9918
406	-0.0000	-692.2351	0.0000	0.9942
407	-0.0000	-656.5247	0.0000	0.9966
408	-0.0000	-665.9162	0.0000	0.9990
409	-0.0000	-655.2341	0.0000	1.0013
410	-0.0000	-666.7532	0.0000	1.0036
411	-0.0000	-704.3675	0.0000	1.0059
412	-0.0000	-661.3990	0.0000	1.0083
413	-0.0000	-700.3675	0.0000	1.0108
414	-0.0000	-638.6962	0.0000	1.0130
415	-0.0000	-697.3380	0.0000	1.0153
416	-0.0000	-679.0907	0.0000	1.0176
417	-0.0000	-680.6772	0.0000	1.0198
418	-0.0000	-667.3512	0.0000	1.0223
419	-0.0000	-641.5191	0.0000	1.0246
420	-0.0000	-659.8107	0.0000	1.0270
421	-0.0000	-695.8776	0.0000	1.0295
422	-0.0000	-715.9332	0.0000	1.0316
423	-0.0000	-662.6316	0.0000	1.0342
424	-0.0000	-730.7781	0.0000	1.0364
425	-0.0000	-683.9832	0.0000	1.0387
426	-0.0000	-717.1855	0.0000	1.0414
427	-0.0000	-652.3350	0.0000	1.0438
428	-0.0000	-708.3905	0.0000	1.0465
429	-0.0000	-649.2615	0.0000	1.0486
430	-0.0000	-665.9876	0.0000	1.0511
431	-0.0000	-673.2095	0.0000	1.0535
432	-0.0000	-671.8323	0.0000	1.0559
433	-0.0000	-686.2210	0.0000	1.0581
434	-0.0000	-674.5450	0.0000	1.0603
435	-0.0000	-730.2413	0.0000	1.0625
436	-0.0000	-668.8515	0.0000	1.0647
437	-0.0000	-658.8818	0.0000	1.0669
438	-0.0000	-695.8857	0.0000	1.0691
439	-0.0000	-706.6096	0.0000	1.0714
440	-0.0000	-707.1517	0.0000	1.0738
441	-0.0000	-664.7027	0.0000	1.0766
442	-0.0000	-700.7040	0.0000	1.0791
443	-0.0000	-691.2727	0.0000	1.0816
444	-0.0000	-714.9614	0.0000	1.0839
445	-0.0000	-650.8438	0.0000	1.0863
446	-0.0000	-643.4042	0.0000	1.0888
447	-0.0000	-687.2853	0.0000	1.0912
448	-0.0000	-674.1449	0.0000	1.0936
449	-0.0000	-668.6861	0.0000	1.0960
450	-0.0000	-682.7635	0.0000	1.0987
451	-0.0000	-686.4150	0.0000	1.1011
452	-0.0000	-703.1909	0.0000	1.1036
453	-0.0000	-680.5047	0.0000	1.1059
454	-0.0000	-702.0189	0.0000	1.1084
455	-0.0000	-682.6027	0.0000	1.1111
456	-0.0000	-691.1303	0.0000	1.1136
457	-0.0000	-713.2222	0.0000	1.1161
458	-0.0000	-678.0447	0.0000	1.1184
459	-0.0000	-686.2575	0.0000	1.1209
460	-0.0000	-688.3807	0.0000	1.1236
461	-0.0000	-622.7795	0.0000	1.1260
462	-0.0000	-645.2253	0.0000	1.1283
463	-0.0000	-664.6492	0.0000	1.1308
464	-0.0000	-680.6299	0.0000	1.1331
465	-0.0000	-670.7347	0.0000	1.1355
466	-0.0000	-655.9028	0.0000	1.1379
467	-0.0000	-667.8983	0.0000	1.1404
468	-0.0000	-650.2156	0.0000	1.1427
469	-0.0000	-657.7363	0.0000	1.1450
470	-0.0000	-653.4581	0.0000	1.1473
471	-0.0000	-659.7118	0.0000	1.1498
472	-0.0000	-634.1590	0.0000	1.1522
473	-0.0000	-617.0283	0.0000	1.1546
474	-0.0000	-673.3800	0.0000	1.1570
475	-0.0000	-628.8438	0.0000	1.1593
476	-0.0000	-646.7274	0.0000	1.1617
477	-0.0000	-617.6189	0.0000	1.1642
478	-0.0000	-620.5484	0.0000	1.1666
479	-0.0000	-656.0158	0.0000	1.1689
480	-0.0000	-646.7272	0.0000	1.1713
481	-0.0000	-672.3905	0.0000	1.1736
482	-0.0000	-658.2742	0.0000	1.1761
483	-0.0000	-630.6131	0.0000	1.1785
484	-0.0000	-618.5253	0.0000	1.1808
485	-0.0000	-635.9875	0.0000	1.1832
486	-0.0000	-639.2529	0.0000	1.1855
487	-0.0000	-641.2732	0.0000	1.1879
488	-0.0000	-622.7974	0.0000	1.1903
489	-0.0000	-626.0136	0.0000	1.1926
490	-0.0000	-640.2050	0.0000	1.1950
491	-0.0000	-697.5015	0.0000	1.1974
492	-0.0000	-612.2237	0.0000	1.1997
493	-0.0000	-641.4926	0.0000	1.2021
494	-0.0000	-646.6243	0.0000	1.2046
495	-0.0000	-624.4010	0.0000	1.2070
496	-0.0000	-670.8966	0.0000	1.2096
497	-0.0000	-700.6805	0.0000	1.2120
498	-0.0000	-679.1214	0.0000	1.2144
499	-0.0000	-679.2327	0.0000	1.2169
500	-0.0000	-654.7034	0.0000	1.2196
501	-0.0000	-654.8656	0.0000	1.2220
502	-0.0000	-622.5198	0.0000	1.2244
503	-0.0000	-628.0785	0.0000	1.2267
504	-0.0000	-642.8681	0.0000	1.2291
505	-0.0000	-647.8638	0.0000	1.2313
506	-0.0000	-668.3794	0.0000	1.2338
507	-0.0000	-651.5307	0.0000	1.2366
508	-0.0000	-628.6145	0.0000	1.2391
509	-0.0000	-642.9398	0.0000	1.2415
510	-0.0000	-635.9501	0.0000	1.2439
511	-0.0000	-597.3641	0.0000	1.2464
512	-0.0000	-588.3656	0.0000	1.2489
513	-0.0000	-617.3992	0.0000	1.2513
514	-0.0000	-597.8821	0.0000	1.2537
515	-0.0000	-605.1159	0.0000	1.2560
516	-0.0000	-623.8057	0.0000	1.2581
517	-0.0000	-607.5978	0.0000	1.2604
518	-0.0000	-594.7787	0.0000	1.2625
519	-0.0000	-635.4745	0.0000	1.2647
520	-0.0000	-665.4122	0.0000	1.2670
521	-0.0000	-617.2988	0.0000	1.2692
522	-0.0000	-619.2728	0.0000	1.2715
523	-0.0000	-625.9546	0.0000	1.2739
524	-0.0000	-619.8158	0.0000	1.2764
525	-0.0000	-626.6605	0.0000	1.2788
526	-0.0000	-590.1438	0.0000	1.2812
527	-0.0000	-646.4991	0.0000	1.2836
528	-0.0000	-591.5096	0.0000	1.2859
529	-0.0000	-631.1470	0.0000	1.2883
530	-0.0000	-596.6121	0.0000	1.2908
531	-0.0000	-621.2652	0.0000	1.2933
532	-0.0000	-628.4222	0.0000	1.2955
533	-0.0000	-594.1496	0.0000	1.2980
534	-0.0000	-609.4083	0.0000	1.3004
535	-0.0000	-632.4017	0.0000	1.3028
536	-0.0000	-620.6141	0.0000	1.3054
537	-0.0000	-653.7875	0.0000	1.3077
538	-0.0000	-640.1577	0.0000	1.3104
539	-0.0000	-624.2456	0.0000	1.3129
540	-0.0000	-644.3508	0.0000	1.3152
541	-0.0000	-612.7244	0.0000	1.3176
542	-0.0000	-618.0052	0.0000	1.3200
543	-0.0000	-624.4415	0.0000	1.3224
544	-0.0000	-594.3719	0.0000	1.3247
545	-0.0000	-583.1688	0.0000	1.3272
546	-0.0000	-627.9343	0.0000	1.3297
547	-0.0000	-587.4716	0.0000	1.3321
548	-0.0000	-614.0134	0.0000	1.3346
549	-0.0000	-596.8276	0.0000	1.3370
550	-0.0000	-636.3951	0.0000	1.3395
551	-0.0000	-618.9650	0.0000	1.3419
552	-0.0000	-642.3898	0.0000	1.3444
553	-0.0000	-625.4357	0.0000	1.3469
554	-0.0000	-623.8941	0.0000	1.3494
555	-0.0000	-616.6536	0.0000	1.3520
556	-0.0000	-640.2808	0.0000	1.3545
557	-0.0000	-634.2716	0.0000	1.3572
558	-0.0000	-642.7528	0.0000	1.3595
559	-0.0000	-623.8804	0.0000	1.3620
560	-0.0000	-605.1855	0.0000	1.3643
561	-0.0000	-600.8353	0.0000	1.3666
562	-0.0000	-652.3699	0.0000	1.3690
563	-0.0000	-644.3000	0.0000	1.3715
564	-0.0000	-661.8177	0.0000	1.3740
565	-0.0000	-646.4835	0.0000	1.3767
566	-0.0000	-677.3928	0.0000	1.3793
567	-0.0000	-641.3019	0.0000	1.3816
568	-0.0000	-627.4895	0.0000	1.3841
569	-0.0000	-608.4868	0.0000	1.3866
570	-0.0000	-637.9349	0.0000	1.3891
571	-0.0000	-587.5676	0.0000	1.3915
572	-0.0000	-627.4605	0.0000	1.3941
573	-0.0000	-597.8044	0.0000	1.3966
574	-0.0000	-609.9270	0.0000	1.3990
575	-0.0000	-641.8044	0.0000	1.4014
576	-0.0000	-631.2938	0.0000	1.4038
577	-0.0000	-634.8525	0.0000	1.4063
578	-0.0000	-616.7254	0.0000	1.4087
579	-0.0000	-656.7809	0.0000	1.4112
580	-0.0000	-625.9914	0.0000	1.4136
581	-0.0000	-613.9046	0.0000	1.4160
582	-0.0000	-624.0837	0.0000	1.4185
583	-0.0000	-619.1394	0.0000	1.4210
584	-0.0000	-648.1887	0.0000	1.4233
585	-0.0000	-648.3215	0.0000	1.4257
586	-0.0000	-660.2918	0.0000	1.4281
587	-0.0000	-642.9576	0.0000	1.4306
588	-0.0000	-687.8911	0.0000	1.4330
589	-0.0000	-637.6702	0.0000	1.4353
590	-0.0000	-665.6238	0.0000	1.4378
591	-0.0000	-632.0398	0.0000	1.4401
592	-0.0000	-642.3138	0.0000	1.4424
593	-0.0000	-631.8248	0.0000	1.4449
594	-0.0000	-649.8818	0.0000	1.4473
595	-0.0000	-656.8475	0.0000	1.4497
596	-0.0000	-642.2864	0.0000	1.4523
597	-0.0000	-670.2254	0.0000	1.4547
598	-0.0000	-682.8879	0.0000	1.4573
599	-0.0000	-637.3110	0.0000	1.4597
600	-0.0000	-627.3815	0.0000	1.4621
601	-0.0000	-612.1432	0.0000	1.4645
602	-0.0000	-666.5191	0.0000	1.4668
603	-0.0000	-636.0042	0.0000	1.4691
604	-0.0000	-650.0792	0.0000	1.4716
605	-0.0000	-675.3100	0.0000	1.4739
606	-0.0000	-640.3499	0.0000	1.4764
607	-0.0000	-634.0292	0.0000	1.4788
608	-0.0000	-628.8728	0.0000	1.4811
609	-0.0000	-623.5772	0.0000	1.4836
610	-0.0000	-623.5220	0.0000	1.4860
611	-0.0000	-606.4484	0.0000	1.4883
612	-0.0000	-643.0929	0.0000	1.4909
613	-0.0000	-672.7348	0.0000	1.4933
614	-0.0000	-677.7365	0.0000	1.4959
615	-0.0000	-652.6044	0.0000	1.4983
616	-0.0000	-626.6054	0.0000	1.5005
617	-0.0000	-639.6005	0.0000	1.5030
618	-0.0000	-678.9746	0.0000	1.5054
619	-0.0000	-688.5504	0.0000	1.5078
620	-0.0000	-639.3835	0.0000	1.5103
621	-0.0000	-634.1575	0.0000	1.5126
622	-0.0000	-620.0214	0.0000	1.5151
623	-0.0000	-650.0552	0.0000	1.5175
624	-0.0000	-637.4741	0.0000	1.5202
625	-0.0000	-668.7227	0.0000	1.5226
626	-0.0000	-697.8307	0.0000	1.5250
627	-0.0000	-716.9244	0.0000	1.5275
628	-0.0000	-673.8418	0.0000	1.5298
629	-0.0000	-665.9082	0.0000	1.5323
630	-0.0000	-641.0819	0.0000	1.5347
631	-0.0000	-667.4619	0.0000	1.5370
632	-0.0000	-665.3229	0.0000	1.5394
633	-0.0000	-672.4305	0.0000	1.5419
634	-0.0000	-687.1204	0.0000	1.5443
635	-0.0000	-641.8199	0.0000	1.5468
636	-0.0000	-617.8290	0.0000	1.5492
637	-0.0000	-614.6664	0.0000	1.5515
638	-0.0000	-623.1742	0.0000	1.5538
639	-0.0000	-665.4415	0.0000	1.5564
640	-0.0000	-619.4942	0.0000	1.5587
641	-0.0000	-635.5762	0.0000	1.5612
642	-0.0000	-701.7938	0.0000	1.5634
643	-0.0000	-697.1600	0.0000	1.5666
644	-0.0000	-696.2416	0.0000	1.5691
645	-0.0000	-665.2743	0.0000	1.5716
646	-0.0000	-667.7309	0.0000	1.5742
647	-0.0000	-647.3613	0.0000	1.5765
648	-0.0000	-667.2609	0.0000	1.5791
649	-0.0000	-643.6824	0.0000	1.5813
650	-0.0000	-632.8023	0.0000	1.5837
651	-0.0000	-686.3211	0.0000	1.5860
652	-0.0000	-674.4025	0.0000	1.5885
653	-0.0000	-657.2252	0.0000	1.5909
654	-0.0000	-643.7959	0.0000	1.5933
655	-0.0000	-684.2604	0.0000	1.5957
656	-0.0000	-673.9066	0.0000	1.5980
657	-0.0000	-689.7119	0.0000	1.6004
658	-0.0000	-687.5821	0.0000	1.6030
659	-0.0000	-668.4984	0.0000	1.6053
660	-0.0000	-691.8400	0.0000	1.6077
661	-0.0000	-655.6663	0.0000	1.6100
662	-0.0000	-679.0910	0.0000	1.6125
663	-0.0000	-699.3013	0.0000	1.6150
664	-0.0000	-655.5158	0.0000	1.6173
665	-0.0000	-661.8888	0.0000	1.6198
666	-0.0000	-660.1043	0.0000	1.6222
667	-0.0000	-707.9768	0.0000	1.6246
668	-0.0000	-675.1612	0.0000	1.6271
669	-0.0000	-672.0832	0.0000	1.6295
670	-0.0000	-662.8430	0.0000	1.6318
671	-0.0000	-643.6245	0.0000	1.6343
672	-0.0000	-669.9321	0.0000	1.6367
673	-0.0000	-660.9424	0.0000	1.6392
674	-0.0000	-692.4844	0.0000	1.6418
675	-0.0000	-647.8551	0.0000	1.6443
676	-0.0000	-679.5942	0.0000	1.6467
677	-0.0000	-667.4932	0.0000	1.6492
678	-0.0000	-636.9197	0.0000	1.6516
679	-0.0000	-691.0774	0.0000	1.6542
680	-0.0000	-673.8184	0.0000	1.6567
681	-0.0000	-668.4961	0.0000	1.6591
682	-0.0000	-688.8636	0.0000	1.6614
683	-0.0000	-630.6784	0.0000	1.6639
684	-0.0000	-653.2904	0.0000	1.6661
685	-0.0000	-646.7602	0.0000	1.6684
686	-0.0000	-652.0622	0.0000	1.6708
687	-0.0000	-685.6184	0.0000	1.6733
688	-0.0000	-667.5713	0.0000	1.6758
689	-0.0000	-706.4698	0.0000	1.6781
690	-0.0000	-679.1899	0.0000	1.6805
691	-0.0000	-676.0637	0.0000	1.6828
692	-0.0000	-672.5341	0.0000	1.6853
693	-0.0000	-696.5544	0.0000	1.6876
694	-0.0000	-689.7659	0.0000	1.6900
695	-0.0000	-705.2848	0.0000	1.6923
696	-0.0000	-702.5080	0.0000	1.6947
697	-0.0000	-706.6870	0.0000	1.6973
698	-0.0000	-712.6474	0.0000	1.6996
699	-0.0000	-682.9646	0.0000	1.7021
700	-0.0000	-658.8321	0.0000	1.7044
701	-0.0000	-693.8387	0.0000	1.7070
702	-0.0000	-681.9335	0.0000	1.7094
703	-0.0000	-698.3989	0.0000	1.7120
704	-0.0000	-695.3410	0.0000	1.7144
705	-0.0000	-736.1730	0.0000	1.7166
706	-0.0000	-675.9414	0.0000	1.7190
707	-0.0000	-681.2451	0.0000	1.7215
708	-0.0000	-737.0917	0.0000	1.7240
709	-0.0000	-706.8499	0.0000	1.7263
710	-0.0000	-708.4104	0.0000	1.7288
711	-0.0000	-740.3002	0.0000	1.7314
712	-0.0000	-736.5846	0.0000	1.7336
713	-0.0000	-649.9941	0.0000	1.7360
714	-0.0000	-670.4843	0.0000	1.7384
715	-0.0000	-692.2961	0.0000	1.7412
716	-0.0000	-687.8083	0.0000	1.7438
717	-0.0000	-665.3327	0.0000	1.7466
718	-0.0000	-687.3187	0.0000	1.7491
719	-0.0000	-671.4644	0.0000	1.7515
720	-0.0000	-703.4514	0.0000	1.7539
721	-0.0000	-659.9211	0.0000	1.7566
722	-0.0000	-707.0465	0.0000	1.7592
723	-0.0000	-703.2759	0.0000	1.7619
724	-0.0000	-660.7702	0.0000	1.7645
725	-0.0000	-668.0687	0.0000	1.7670
726	-0.0000	-710.4518	0.0000	1.7694
727	-0.0000	-693.4855	0.0000	1.7719
728	-0.0000	-673.3810	0.0000	1.7745
729	-0.0000	-643.2182	0.0000	1.7770
730	-0.0000	-695.6458	0.0000	1.7795
731	-0.0000	-708.5546	0.0000	1.7820
732	-0.0000	-696.4560	0.0000	1.7846
733	-0.0000	-710.2825	0.0000	1.7869
734	-0.0000	-651.5642	0.0000	1.7894
735	-0.0000	-683.7045	0.0000	1.7918
736	-0.0000	-712.5620	0.0000	1.7941
737	-0.0000	-663.9605	0.0000	1.7966
738	-0.0000	-693.7990	0.0000	1.7988
739	-0.0000	-649.2544	0.0000	1.8015
740	-0.0000	-658.0783	0.0000	1.8036
741	-0.0000	-686.1975	0.0000	1.8061
742	-0.0000	-699.1880	0.0000	1.8084
743	-0.0000	-715.8957	0.0000	1.8108
744	-0.0000	-698.3345	0.0000	1.8132
745	-0.0000	-678.2059	0.0000	1.8155
746	-0.0000	-710.2080	0.0000	1.8181
747	-0.0000	-668.1103	0.0000	1.8204
748	-0.0000	-642.8550	0.0000	1.8227
749	-0.0000	-646.6507	0.0000	1.8252
750	-0.0000	-690.4954	0.0000	1.8274
751	-0.0000	-684.9396	0.0000	1.8298
752	-0.0000	-648.7082	0.0000	1.8322
753	-0.0000	-707.2096	0.0000	1.8345
754	-0.0000	-689.9837	0.0000	1.8369
755	-0.0000	-681.8864	0.0000	1.8393
756	-0.0000	-667.4277	0.0000	1.8419
757	-0.0000	-661.8992	0.0000	1.8441
758	-0.0000	-695.9674	0.0000	1.8465
759	-0.0000	-652.5803	0.0000	1.8490
760	-0.0000	-649.9710	0.0000	1.8513
761	-0.0000	-690.0385	0.0000	1.8536
762	-0.0000	-725.4391	0.0000	1.8561
763	-0.0000	-703.1705	0.0000	1.8585
764	-0.0000	-681.2444	0.0000	1.8607
765	-0.0000	-674.2283	0.0000	1.8629
766	-0.0000	-683.5919	0.0000	1.8650
767	-0.0000	-713.7624	0.0000	1.8672
768	-0.0000	-682.3289	0.0000	1.8695
769	-0.0000	-696.5822	0.0000	1.8719
770	-0.0000	-683.8996	0.0000	1.8741
771	-0.0000	-662.6002	0.0000	1.8763
772	-0.0000	-656.8708	0.0000	1.8788
773	-0.0000	-652.2638	0.0000	1.8811
774	-0.0000	-718.0484	0.0000	1.8832
775	-0.0000	-668.5644	0.0000	1.8854
776	-0.0000	-643.1277	0.0000	1.8878
777	-0.0000	-660.4708	0.0000	1.8901
778	-0.0000	-672.5992	0.0000	1.8925
779	-0.0000	-709.3149	0.0000	1.8947
780	-0.0000	-669.7798	0.0000	1.8971
781	-0.0000	-658.1443	0.0000	1.8992
782	-0.0000	-657.1216	0.0000	1.9014
783	-0.0000	-661.2705	0.0000	1.9035
784	-0.0000	-686.7543	0.0000	1.9057
785	-0.0000	-702.6285	0.0000	1.9079
786	-0.0000	-701.1404	0.0000	1.9103
787	-0.0000	-624.2921	0.0000	1.9125
788	-0.0000	-665.7510	0.0000	1.9148
789	-0.0000	-654.1613	0.0000	1.9170
790	-0.0000	-627.1384	0.0000	1.9191
791	-0.0000	-662.4166	0.0000	1.9213
792	-0.0000	-678.0040	0.0000	1.9235
793	-0.0000	-643.8044	0.0000	1.9258
794	-0.0000	-643.2205	0.0000	1.9282
795	-0.0000	-649.1325	0.0000	1.9307
796	-0.0000	-645.1508	0.0000	1.9329
797	-0.0000	-654.8626	0.0000	1.9351
798	-0.0000	-655.2702	0.0000	1.9374
799	-0.0000	-656.8628	0.0000	1.9396
800	-0.0000	-620.7114	0.0000	1.9417
801	-0.0000	-622.6176	0.0000	1.9439
802	-0.0000	-630.0774	0.0000	1.9462
803	-0.0000	-663.1142	0.0000	1.9483
804	-0.0000	-633.1863	0.0000	1.9505
805	-0.0000	-610.0731	0.0000	1.9527
806	-0.0000	-620.3606	0.0000	1.9549
807	-0.0000	-660.4267	0.0000	1.9571
808	-0.0000	-643.3886	0.0000	1.9594
809	-0.0000	-648.9653	0.0000	1.9616
810	-0.0000	-592.1093	0.0000	1.9639
811	-0.0000	-624.4575	0.0000	1.9661
812	-0.0000	-608.6225	0.0000	1.9682
813	-0.0000	-593.4750	0.0000	1.9704
814	-0.0000	-609.1357	0.0000	1.9729
815	-0.0000	-645.7698	0.0000	1.9751
816	-0.0000	-623.2672	0.0000	1.9772
817	-0.0000	-623.3413	0.0000	1.9795
818	-0.0000	-645.6661	0.0000	1.9817
819	-0.0000	-596.9115	0.0000	1.9838
820	-0.0000	-647.5559	0.0000	1.9862
821	-0.0000	-704.0415	0.0000	1.9886
822	-0.0000	-678.5694	0.0000	1.9911
823	-0.0000	-645.6398	0.0000	1.9933
824	-0.0000	-648.1693	0.0000	1.9958
825	-0.0000	-652.3969	0.0000	1.9980
826	-0.0000	-641.5570	0.0000	2.0004
827	-0.0000	-643.4452	0.0000	2.0026
828	-0.0000	-675.4054	0.0000	2.0050
829	-0.0000	-688.4310	0.0000	2.0072
830	-0.0000	-684.2619	0.0000	2.0095
831	-0.0000	-660.0787	0.0000	2.0117
832	-0.0000	-714.4463	0.0000	2.0142
833	-0.0000	-686.7791	0.0000	2.0166
834	-0.0000	-686.1252	0.0000	2.0190
835	-0.0000	-689.2038	0.0000	2.0214
836	-0.0000	-721.3477	0.0000	2.0238
837	-0.0000	-707.3527	0.0000	2.0261
838	-0.0000	-724.9976	0.0000	2.0285
839	-0.0000	-735.5858	0.0000	2.0308
840	-0.0000	-745.8337	0.0000	2.0331
841	-0.0000	-672.2739	0.0000	2.0357
842	-0.0000	-730.9591	0.0000	2.0379
843	-0.0000	-665.2880	0.0000	2.0404
844	-0.0000	-703.9390	0.0000	2.0427
845	-0.0000	-672.9619	0.0000	2.0451
846	-0.0000	-688.1132	0.0000	2.0475
847	-0.0000	-675.3971	0.0000	2.0499
848	-0.0000	-653.8732	0.0000	2.0523
849	-0.0000	-677.4453	0.0000	2.0546
850	-0.0000	-713.2030	0.0000	2.0570
851	-0.0000	-685.3890	0.0000	2.0592
852	-0.0000	-692.2228	0.0000	2.0617
853	-0.0000	-691.2399	0.0000	2.0640
854	-0.0000	-692.0163	0.0000	2.0664
855	-0.0000	-728.9648	0.0000	2.0689
856	-0.0000	-648.9344	0.0000	2.0715
857	-0.0000	-678.0617	0.0000	2.0739
858	-0.0000	-644.5914	0.0000	2.0763
859	-0.0000	-660.0378	0.0000	2.0791
860	-0.0000	-618.2819	0.0000	2.0813
861	-0.0000	-660.0545	0.0000	2.0837
862	-0.0000	-653.0986	0.0000	2.0863
863	-0.0000	-664.1521	0.0000	2.0887
864	-0.0000	-668.9853	0.0000	2.0913
865	-0.0000	-653.2612	0.0000	2.0937
866	-0.0000	-696.0843	0.0000	2.0960
867	-0.0000	-677.7777	0.0000	2.0983
868	-0.0000	-687.6386	0.0000	2.1008
869	-0.0000	-706.6244	0.0000	2.1032
870	-0.0000	-711.5794	0.0000	2.1056
871	-0.0000	-697.0741	0.0000	2.1080
872	-0.0000	-691.7055	0.0000	2.1104
873	-0.0000	-690.5218	0.0000	2.1129
874	-0.0000	-693.4603	0.0000	2.1153
875	-0.0000	-707.4169	0.0000	2.1178
876	-0.0000	-708.9594	0.0000	2.1201
877	-0.0000	-706.3851	0.0000	2.1225
878	-0.0000	-659.3164	0.0000	2.1249
879	-0.0000	-688.5213	0.0000	2.1274
880	-0.0000	-701.3055	0.0000	2.1298
881	-0.0000	-691.8900	0.0000	2.1323
882	-0.0000	-690.0914	0.0000	2.1348
883	-0.0000	-703.4410	0.0000	2.1372
884	-0.0000	-694.4898	0.0000	2.1396
885	-0.0000	-713.2981	0.0000	2.1419
886	-0.0000	-731.1590	0.0000	2.1445
887	-0.0000	-710.7130	0.0000	2.1469
888	-0.0000	-691.8381	0.0000	2.1492
889	-0.0000	-720.2180	0.0000	2.1518
890	-0.0000	-730.8778	0.0000	2.1542
891	-0.0000	-684.0609	0.0000	2.1570
892	-0.0000	-687.9708	0.0000	2.1593
893	-0.0000	-703.8930	0.0000	2.1616
894	-0.0000	-714.7060	0.0000	2.1641
895	-0.0000	-709.3559	0.0000	2.1664
896	-0.0000	-719.6383	0.0000	2.1687
897	-0.0000	-710.2704	0.0000	2.1712
898	-0.0000	-717.3701	0.0000	2.1736
899	-0.0000	-710.8492	0.0000	2.1762
900	-0.0000	-732.4799	0.0000	2.1785
901	-0.0000	-730.2309	0.0000	2.1810
902	-0.0000	-684.8514	0.0000	2.1833
903	-0.0000	-671.5935	0.0000	2.1855
904	-0.0000	-684.5974	0.0000	2.1879
905	-0.0000	-671.7561	0.0000	2.1904
906	-0.0000	-664.6869	0.0000	2.1933
907	-0.0000	-663.6579	0.0000	2.1956
908	-0.0000	-680.8508	0.0000	2.1980
909	-0.0000	-681.3309	0.0000	2.2005
910	-0.0000	-676.1779	0.0000	2.2032
911	-0.0000	-695.3091	0.0000	2.2056
912	-0.0000	-701.2066	0.0000	2.2080
913	-0.0000	-706.6801	0.0000	2.2107
914	-0.0000	-695.5128	0.0000	2.2129
915	-0.0000	-743.4949	0.0000	2.2154
916	-0.0000	-772.5825	0.0000	2.2182
917	-0.0000	-685.0721	0.0000	2.2205
918	-0.0000	-730.7891	0.0000	2.2229
919	-0.0000	-725.7769	0.0000	2.2257
920	-0.0000	-709.0872	0.0000	2.2283
921	-0.0000	-677.1667	0.0000	2.2306
922	-0.0000	-668.5759	0.0000	2.2333
923	-0.0000	-683.9751	0.0000	2.2357
924	-0.0000	-705.5050	0.0000	2.2380
925	-0.0000	-671.9762	0.0000	2.2406
926	-0.0000	-688.7242	0.0000	2.2431
927	-0.0000	-738.2603	0.0000	2.2454
928	-0.0000	-709.8750	0.0000	2.2479
929	-0.0000	-685.0043	0.0000	2.2505
930	-0.0000	-698.8795	0.0000	2.2532
931	-0.0000	-703.4445	0.0000	2.2555
932	-0.0000	-782.9775	0.0000	2.2582
933	-0.0000	-725.9060	0.0000	2.2606
934	-0.0000	-729.3034	0.0000	2.2632
935	-0.0000	-711.3976	0.0000	2.2659
936	-0.0000	-693.3336	0.0000	2.2684
937	-0.0000	-707.3562	0.0000	2.2707
938	-0.0000	-648.5715	0.0000	2.2734
939	-0.0000	-685.0214	0.0000	2.2758
940	-0.0000	-661.2552	0.0000	2.2783
941	-0.0000	-702.0649	0.0000	2.2811
942	-0.0000	-724.0212	0.0000	2.2835
943	-0.0000	-691.8178	0.0000	2.2861
944	-0.0000	-703.6215	0.0000	2.2886
945	-0.0000	-684.6689	0.0000	2.2912
946	-0.0000	-696.4135	0.0000	2.2938
947	-0.0000	-739.5524	0.0000	2.2961
948	-0.0000	-664.1176	0.0000	2.2984
949	-0.0000	-705.5435	0.0000	2.3008
950	-0.0000	-698.3876	0.0000	2.3033
951	-0.0000	-723.4004	0.0000	2.3057
952	-0.0000	-661.0501	0.0000	2.3081
953	-0.0000	-708.7849	0.0000	2.3107
954	-0.0000	-684.8355	0.0000	2.3131
955	-0.0000	-734.2888	0.0000	2.3154
956	-0.0000	-695.5065	0.0000	2.3177
957	-0.0000	-687.5076	0.0000	2.3202
958	-0.0000	-739.9778	0.0000	2.3226
959	-0.0000	-720.9939	0.0000	2.3251
960	-0.0000	-756.2535	0.0000	2.3275
961	-0.0000	-746.4689	0.0000	2.3297
962	-0.0000	-734.1868	0.0000	2.3321
963	-0.0000	-745.5984	0.0000	2.3346
964	-0.0000	-711.5355	0.0000	2.3369
965	-0.0000	-757.2103	0.0000	2.3394
966	-0.0000	-724.8218	0.0000	2.3417
967	-0.0000	-709.8154	0.0000	2.3442
968	-0.0000	-736.7884	0.0000	2.3466
969	-0.0000	-727.7917	0.0000	2.3491
970	-0.0000	-703.9280	0.0000	2.3514
971	-0.0000	-695.7805	0.0000	2.3538
972	-0.0000	-703.9233	0.0000	2.3562
973	-0.0000	-675.8768	0.0000	2.3586
974	-0.0000	-702.9927	0.0000	2.3609
975	-0.0000	-711.9005	0.0000	2.3632
976	-0.0000	-707.2411	0.0000	2.3656
977	-0.0000	-717.2392	0.0000	2.3680
978	-0.0000	-718.3631	0.0000	2.3704
979	-0.0000	-752.7794	0.0000	2.3729
980	-0.0000	-715.5192	0.0000	2.3754
981	-0.0000	-730.9326	0.0000	2.3777
982	-0.0000	-698.0313	0.0000	2.3801
983	-0.0000	-713.7166	0.0000	2.3825
984	-0.0000	-734.1308	0.0000	2.3849
985	-0.0000	-739.0517	0.0000	2.3875
986	-0.0000	-773.7570	0.0000	2.3898
987	-0.0000	-771.4662	0.0000	2.3924
988	-0.0000	-753.0570	0.0000	2.3947
989	-0.0000	-728.6129	0.0000	2.3971
990	-0.0000	-748.6242	0.0000	2.3994
991	-0.0000	-724.6133	0.0000	2.4017
992	-0.0000	-738.0217	0.0000	2.4042
993	-0.0000	-743.8826	0.0000	2.4066
994	-0.0000	-720.5385	0.0000	2.4090
995	-0.0000	-751.8845	0.0000	2.4116
996	-0.0000	-724.9310	0.0000	2.4139
997	-0.0000	-752.1653	0.0000	2.4164
998	-0.0000	-742.3488	0.0000	2.4187
999	-0.0000	-726.4335	0.0000	2.4210
1000	-0.0000	-736.1255	0.0000	2.4234
1001	-0.0000	-751.2267	0.0000	2.4259
1002	-0.0000	-702.8958	0.0000	2.4282
1003	-0.0000	-732.7295	0.0000	2.4308
1004	-0.0000	-743.5801	0.0000	2.4332
1005	-0.0000	-714.5971	0.0000	2.4355
1006	-0.0000	-692.7959	0.0000	2.4381
1007	-0.0000	-681.9383	0.0000	2.4406
1008	-0.0000	-695.8720	0.0000	2.4431
1009	-0.0000	-727.9105	0.0000	2.4455
1010	-0.0000	-704.7688	0.0000	2.4480
1011	-0.0000	-711.4260	0.0000	2.4505
1012	-0.0000	-720.5242	0.0000	2.4528
1013	-0.0000	-748.3988	0.0000	2.4552
1014	-0.0000	-725.9658	0.0000	2.4577
1015	-0.0000	-748.9260	0.0000	2.4602
1016	-0.0000	-675.1019	0.0000	2.4628
1017	-0.0000	-721.9161	0.0000	2.4652
1018	-0.0000	-734.6087	0.0000	2.4679
1019	-0.0000	-712.7763	0.0000	2.4703
1020	-0.0000	-731.2514	0.0000	2.4727
1021	-0.0000	-689.9143	0.0000	2.4750
1022	-0.0000	-685.2214	0.0000	2.4776
1023	-0.0000	-718.9778	0.0000	2.4802
1024	-0.0000	-720.5145	0.0000	2.4827
1025	-0.0000	-731.5167	0.0000	2.4851
1026	-0.0000	-729.6660	0.0000	2.4875
1027	-0.0000	-736.5778	0.0000	2.4900
1028	-0.0000	-707.2481	0.0000	2.4924
1029	-0.0000	-748.7299	0.0000	2.4948
1030	-0.0000	-713.6936	0.0000	2.4973
1031	-0.0000	-714.6336	0.0000	2.4996
1032	-0.0000	-721.0842	0.0000	2.5019
1033	-0.0000	-750.2757	0.0000	2.5043
1034	-0.0000	-716.9321	0.0000	2.5067
1035	-0.0000	-701.4678	0.0000	2.5093
1036	-0.0000	-752.4730	0.0000	2.5119
1037	-0.0000	-721.7141	0.0000	2.5143
1038	-0.0000	-736.3619	0.0000	2.5167
1039	-0.0000	-717.6746	0.0000	2.5193
1040	-0.0000	-740.1726	0.0000	2.5223
1041	-0.0000	-715.5976	0.0000	2.5248
1042	-0.0000	-728.8982	0.0000	2.5274
1043	-0.0000	-738.0978	0.0000	2.5299
1044	-0.0000	-708.5003	0.0000	2.5321
1045	-0.0000	-695.8322	0.0000	2.5345
1046	-0.0000	-680.3097	0.0000	2.5370
1047	-0.0000	-716.2337	0.0000	2.5393
1048	-0.0000	-710.1449	0.0000	2.5419
1049	-0.0000	-706.5783	0.0000	2.5443
1050	-0.0000	-744.6705	0.0000	2.5468
1051	-0.0000	-727.8274	0.0000	2.5493
1052	-0.0000	-706.0829	0.0000	2.5517
1053	-0.0000	-750.7393	0.0000	2.5540
1054	-0.0000	-715.7202	0.0000	2.5564
1055	-0.0000	-732.3431	0.0000	2.5588
1056	-0.0000	-706.7150	0.0000	2.5613
1057	-0.0000	-680.6628	0.0000	2.5639
1058	-0.0000	-728.8727	0.0000	2.5665
1059	-0.0000	-716.1124	0.0000	2.5688
1060	-0.0000	-715.9961	0.0000	2.5712
1061	-0.0000	-723.3559	0.0000	2.5736
1062	-0.0000	-726.1133	0.0000	2.5761
1063	-0.0000	-688.7856	0.0000	2.5785
1064	-0.0000	-693.4483	0.0000	2.5808
1065	-0.0000	-744.0022	0.0000	2.5834
Pos: [1.7577495660389497, 1.595732999982578]

=================================================================================================================