ID: CF3	Date: 2018-11-27 16:13:09	Runs: 1
=================================================================================================================
Run: 0
Iter	Gbest	AvrFit	Diver	ETime	
0	-32.1325	-1150.8867	0.0000	0.0066
1	-32.1325	-1063.5407	0.0000	0.0083
2	-22.5936	-975.4502	0.0000	0.0100
3	-22.5936	-951.0919	0.0000	0.0116
4	-22.5936	-954.5710	0.0000	0.0136
5	-22.5936	-947.2616	0.0000	0.0155
6	-8.0678	-867.3683	0.0000	0.0173
7	-8.0678	-848.9585	0.0000	0.0189
8	-2.6744	-839.5916	0.0000	0.0206
9	-2.6744	-868.3282	0.0000	0.0222
10	-2.6744	-826.4000	0.0000	0.0238
11	-2.6744	-768.8286	0.0000	0.0255
12	-2.5093	-776.1405	0.0000	0.0274
13	-2.5093	-765.6764	0.0000	0.0291
14	-2.5093	-785.7689	0.0000	0.0308
15	-2.5093	-724.8418	0.0000	0.0327
16	-1.8873	-747.1576	0.0000	0.0346
17	-1.8873	-697.7516	0.0000	0.0366
18	-1.1000	-692.3839	0.0000	0.0386
19	-1.1000	-710.1159	0.0000	0.0402
20	-1.1000	-704.9643	0.0000	0.0418
21	-1.1000	-665.1220	0.0000	0.0435
22	-1.0948	-682.8592	0.0000	0.0453
23	-1.0948	-668.2487	0.0000	0.0469
24	-1.0948	-628.8614	0.0000	0.0485
25	-0.0133	-643.2216	0.0000	0.0501
26	-0.0133	-657.0176	0.0000	0.0517
27	-0.0133	-595.0568	0.0000	0.0536
28	-0.0133	-595.1789	0.0000	0.0555
29	-0.0133	-649.3196	0.0000	0.0575
30	-0.0133	-629.7246	0.0000	0.0592
31	-0.0133	-571.2952	0.0000	0.0608
32	-0.0133	-599.8834	0.0000	0.0624
33	-0.0133	-583.3111	0.0000	0.0640
34	-0.0133	-604.7167	0.0000	0.0656
35	-0.0133	-570.6932	0.0000	0.0672
36	-0.0133	-581.3167	0.0000	0.0688
37	-0.0133	-546.4761	0.0000	0.0705
38	-0.0133	-553.5142	0.0000	0.0721
39	-0.0068	-519.3280	0.0000	0.0737
40	-0.0068	-553.8566	0.0000	0.0753
41	-0.0068	-533.5590	0.0000	0.0769
42	-0.0068	-538.9925	0.0000	0.0786
43	-0.0068	-538.8993	0.0000	0.0802
44	-0.0048	-549.1394	0.0000	0.0818
45	-0.0048	-546.0543	0.0000	0.0834
46	-0.0048	-528.1975	0.0000	0.0850
47	-0.0040	-537.4157	0.0000	0.0867
48	-0.0040	-531.7816	0.0000	0.0883
49	-0.0005	-516.3203	0.0000	0.0899
50	-0.0005	-519.1291	0.0000	0.0915
51	-0.0005	-478.3316	0.0000	0.0931
52	-0.0003	-536.4182	0.0000	0.0947
53	-0.0003	-499.8331	0.0000	0.0963
54	-0.0003	-505.4304	0.0000	0.0979
55	-0.0003	-532.3155	0.0000	0.0995
56	-0.0001	-494.4949	0.0000	0.1011
57	-0.0001	-510.8511	0.0000	0.1027
58	-0.0001	-488.3904	0.0000	0.1044
59	-0.0001	-505.2174	0.0000	0.1060
60	-0.0001	-469.4961	0.0000	0.1076
61	-0.0001	-472.0747	0.0000	0.1094
62	-0.0001	-450.4666	0.0000	0.1110
63	-0.0001	-453.6754	0.0000	0.1127
64	-0.0001	-478.6914	0.0000	0.1143
65	-0.0000	-492.8365	0.0000	0.1159
66	-0.0000	-498.8994	0.0000	0.1175
67	-0.0000	-430.0302	0.0000	0.1191
68	-0.0000	-423.2243	0.0000	0.1208
69	-0.0000	-454.8960	0.0000	0.1226
70	-0.0000	-456.4796	0.0000	0.1242
71	-0.0000	-448.2065	0.0000	0.1261
72	-0.0000	-447.7465	0.0000	0.1276
73	-0.0000	-468.6704	0.0000	0.1294
74	-0.0000	-430.8561	0.0000	0.1310
75	-0.0000	-434.5682	0.0000	0.1330
76	-0.0000	-420.4553	0.0000	0.1346
77	-0.0000	-417.3859	0.0000	0.1362
78	-0.0000	-427.8265	0.0000	0.1378
79	-0.0000	-428.4646	0.0000	0.1396
80	-0.0000	-419.1273	0.0000	0.1412
81	-0.0000	-441.4021	0.0000	0.1429
82	-0.0000	-401.5584	0.0000	0.1445
83	-0.0000	-366.3143	0.0000	0.1461
84	-0.0000	-425.3423	0.0000	0.1479
85	-0.0000	-431.4896	0.0000	0.1495
86	-0.0000	-390.0960	0.0000	0.1511
87	-0.0000	-404.3767	0.0000	0.1527
88	-0.0000	-426.9412	0.0000	0.1543
89	-0.0000	-409.6673	0.0000	0.1560
90	-0.0000	-397.4009	0.0000	0.1576
91	-0.0000	-405.0733	0.0000	0.1593
92	-0.0000	-403.8483	0.0000	0.1609
93	-0.0000	-398.8082	0.0000	0.1626
94	-0.0000	-391.2260	0.0000	0.1642
95	-0.0000	-404.9455	0.0000	0.1658
96	-0.0000	-372.3287	0.0000	0.1674
97	-0.0000	-375.7355	0.0000	0.1692
98	-0.0000	-402.7593	0.0000	0.1708
99	-0.0000	-386.8530	0.0000	0.1724
100	-0.0000	-374.3849	0.0000	0.1740
101	-0.0000	-351.7686	0.0000	0.1756
102	-0.0000	-403.7335	0.0000	0.1772
103	-0.0000	-402.9299	0.0000	0.1788
104	-0.0000	-385.4484	0.0000	0.1805
105	-0.0000	-376.1908	0.0000	0.1821
106	-0.0000	-382.1610	0.0000	0.1837
107	-0.0000	-386.8589	0.0000	0.1853
108	-0.0000	-373.4172	0.0000	0.1870
109	-0.0000	-377.4314	0.0000	0.1886
110	-0.0000	-371.7618	0.0000	0.1902
111	-0.0000	-400.9307	0.0000	0.1918
112	-0.0000	-365.6725	0.0000	0.1934
113	-0.0000	-350.4399	0.0000	0.1950
114	-0.0000	-403.5768	0.0000	0.1965
115	-0.0000	-365.1297	0.0000	0.1982
116	-0.0000	-400.1728	0.0000	0.1998
117	-0.0000	-359.2206	0.0000	0.2014
118	-0.0000	-368.6462	0.0000	0.2031
119	-0.0000	-357.1025	0.0000	0.2047
120	-0.0000	-346.5701	0.0000	0.2063
121	-0.0000	-348.8188	0.0000	0.2079
122	-0.0000	-353.6301	0.0000	0.2095
123	-0.0000	-383.1528	0.0000	0.2112
124	-0.0000	-339.0674	0.0000	0.2127
125	-0.0000	-370.1012	0.0000	0.2146
126	-0.0000	-364.3243	0.0000	0.2165
127	-0.0000	-359.8867	0.0000	0.2180
128	-0.0000	-377.6047	0.0000	0.2197
129	-0.0000	-346.4796	0.0000	0.2214
130	-0.0000	-368.2282	0.0000	0.2229
131	-0.0000	-338.2214	0.0000	0.2246
132	-0.0000	-337.3532	0.0000	0.2263
133	-0.0000	-324.4901	0.0000	0.2279
134	-0.0000	-343.3313	0.0000	0.2295
135	-0.0000	-300.5928	0.0000	0.2312
136	-0.0000	-319.8552	0.0000	0.2328
137	-0.0000	-345.7061	0.0000	0.2344
138	-0.0000	-310.3649	0.0000	0.2359
139	0.0000	-330.3020	0.0000	0.2376
140	0.0000	-328.2098	0.0000	0.2392
141	0.0000	-327.7952	0.0000	0.2408
142	0.0000	-341.9006	0.0000	0.2424
143	0.0000	-341.7679	0.0000	0.2441
144	0.0000	-315.3637	0.0000	0.2457
145	0.0000	-307.8584	0.0000	0.2473
146	0.0000	-299.5299	0.0000	0.2489
147	0.0000	-295.7629	0.0000	0.2506
148	0.0000	-335.7784	0.0000	0.2522
149	0.0000	-334.7961	0.0000	0.2538
150	0.0000	-320.2716	0.0000	0.2554
151	0.0000	-581.9244	0.0000	0.2575
152	0.0000	-663.0755	0.0000	0.2591
153	0.0000	-672.6789	0.0000	0.2611
154	0.0000	-654.8393	0.0000	0.2630
155	0.0000	-668.2117	0.0000	0.2650
156	0.0000	-636.6344	0.0000	0.2668
157	0.0000	-658.7057	0.0000	0.2684
158	0.0000	-626.0823	0.0000	0.2700
159	0.0000	-652.7512	0.0000	0.2717
160	0.0000	-634.3973	0.0000	0.2733
161	0.0000	-642.3006	0.0000	0.2749
162	0.0000	-617.4953	0.0000	0.2765
163	0.0000	-640.3029	0.0000	0.2782
164	0.0000	-619.5984	0.0000	0.2809
165	0.0000	-623.8317	0.0000	0.2834
166	0.0000	-617.3216	0.0000	0.2861
167	0.0000	-599.6109	0.0000	0.2886
168	0.0000	-632.4046	0.0000	0.2913
169	0.0000	-607.0535	0.0000	0.2940
170	0.0000	-615.1632	0.0000	0.2965
171	0.0000	-596.8013	0.0000	0.2990
172	0.0000	-576.9435	0.0000	0.3008
173	0.0000	-580.5315	0.0000	0.3024
174	0.0000	-579.8289	0.0000	0.3041
175	0.0000	-534.1206	0.0000	0.3057
176	0.0000	-593.1963	0.0000	0.3074
177	0.0000	-593.1671	0.0000	0.3090
178	0.0000	-584.8264	0.0000	0.3106
179	0.0000	-582.4643	0.0000	0.3122
180	0.0000	-567.8903	0.0000	0.3138
181	0.0000	-581.0224	0.0000	0.3154
182	0.0000	-566.5075	0.0000	0.3171
183	0.0000	-561.7576	0.0000	0.3187
184	0.0000	-563.6969	0.0000	0.3207
185	0.0000	-554.2960	0.0000	0.3225
186	0.0000	-545.6750	0.0000	0.3243
187	0.0000	-563.0635	0.0000	0.3259
188	0.0000	-546.3896	0.0000	0.3275
189	0.0000	-542.0011	0.0000	0.3291
190	0.0000	-546.9391	0.0000	0.3307
191	0.0000	-565.6481	0.0000	0.3323
192	0.0000	-550.3800	0.0000	0.3339
193	0.0000	-555.2540	0.0000	0.3354
194	0.0000	-532.7833	0.0000	0.3371
195	0.0000	-555.3919	0.0000	0.3388
196	0.0000	-545.1581	0.0000	0.3404
197	0.0000	-522.2490	0.0000	0.3420
198	0.0000	-553.4241	0.0000	0.3436
199	0.0000	-534.8342	0.0000	0.3452
200	0.0000	-538.4153	0.0000	0.3468
201	0.0000	-531.1732	0.0000	0.3484
202	0.0000	-547.3056	0.0000	0.3500
203	0.0000	-530.3474	0.0000	0.3518
204	0.0000	-533.6870	0.0000	0.3534
205	0.0000	-527.1725	0.0000	0.3550
206	0.0000	-515.8042	0.0000	0.3568
207	0.0000	-513.9763	0.0000	0.3584
208	0.0000	-538.5965	0.0000	0.3600
209	0.0000	-532.9319	0.0000	0.3616
210	0.0000	-539.4360	0.0000	0.3633
211	0.0000	-530.7954	0.0000	0.3651
212	0.0000	-501.5348	0.0000	0.3667
213	0.0000	-504.7200	0.0000	0.3684
214	0.0000	-538.9604	0.0000	0.3701
215	0.0000	-501.4945	0.0000	0.3720
216	0.0000	-506.5584	0.0000	0.3736
217	0.0000	-538.0591	0.0000	0.3752
218	0.0000	-519.3409	0.0000	0.3768
219	0.0000	-508.7335	0.0000	0.3788
220	0.0000	-492.8207	0.0000	0.3807
221	0.0000	-481.5542	0.0000	0.3823
222	0.0000	-505.7085	0.0000	0.3840
223	0.0000	-456.6725	0.0000	0.3858
224	0.0000	-531.1727	0.0000	0.3876
225	0.0000	-518.4522	0.0000	0.3892
226	0.0000	-482.3052	0.0000	0.3910
227	0.0000	-503.2249	0.0000	0.3926
228	0.0000	-505.1534	0.0000	0.3943
229	0.0000	-509.1512	0.0000	0.3959
230	0.0000	-509.8820	0.0000	0.3975
231	0.0000	-508.8036	0.0000	0.3991
232	0.0000	-500.9096	0.0000	0.4008
233	0.0000	-511.3536	0.0000	0.4025
234	0.0000	-483.7754	0.0000	0.4041
235	0.0000	-485.0954	0.0000	0.4057
236	0.0000	-494.8726	0.0000	0.4074
237	0.0000	-498.2068	0.0000	0.4092
238	0.0000	-478.1729	0.0000	0.4108
239	0.0000	-482.5761	0.0000	0.4124
240	0.0000	-519.7197	0.0000	0.4141
241	0.0000	-474.9317	0.0000	0.4157
242	0.0000	-509.7503	0.0000	0.4173
243	0.0000	-512.8820	0.0000	0.4189
244	0.0000	-474.2100	0.0000	0.4208
245	0.0000	-472.5078	0.0000	0.4224
246	0.0000	-488.2577	0.0000	0.4240
247	0.0000	-492.2010	0.0000	0.4256
248	0.0000	-501.9186	0.0000	0.4272
249	0.0000	-489.2372	0.0000	0.4288
250	0.0000	-491.9637	0.0000	0.4303
251	0.0000	-490.3863	0.0000	0.4319
252	0.0000	-474.1389	0.0000	0.4335
253	0.0000	-482.0226	0.0000	0.4355
254	0.0000	-459.6591	0.0000	0.4373
255	0.0000	-483.5720	0.0000	0.4389
256	0.0000	-506.5453	0.0000	0.4406
257	0.0000	-470.0220	0.0000	0.4422
258	0.0000	-441.2232	0.0000	0.4437
259	0.0000	-486.0236	0.0000	0.4453
260	0.0000	-494.7808	0.0000	0.4470
261	0.0000	-457.3030	0.0000	0.4486
262	0.0000	-436.7420	0.0000	0.4503
263	0.0000	-476.2851	0.0000	0.4519
264	0.0000	-498.8735	0.0000	0.4535
265	0.0000	-499.2982	0.0000	0.4551
266	0.0000	-504.2948	0.0000	0.4567
267	0.0000	-519.6987	0.0000	0.4585
268	0.0000	-501.8700	0.0000	0.4600
269	0.0000	-480.4215	0.0000	0.4616
270	0.0000	-464.9415	0.0000	0.4633
271	0.0000	-451.2806	0.0000	0.4655
272	0.0000	-495.0401	0.0000	0.4671
273	0.0000	-454.1017	0.0000	0.4690
274	0.0000	-469.8030	0.0000	0.4706
275	0.0000	-457.9985	0.0000	0.4723
276	0.0000	-496.3038	0.0000	0.4740
277	0.0000	-473.2305	0.0000	0.4760
278	0.0000	-511.4856	0.0000	0.4776
279	0.0000	-487.8174	0.0000	0.4792
280	0.0000	-462.9698	0.0000	0.4808
281	0.0000	-486.0301	0.0000	0.4823
282	0.0000	-500.9747	0.0000	0.4840
283	0.0000	-475.8146	0.0000	0.4856
284	0.0000	-500.7621	0.0000	0.4872
285	0.0000	-479.1266	0.0000	0.4888
286	0.0000	-479.5702	0.0000	0.4904
287	0.0000	-471.5878	0.0000	0.4920
288	0.0000	-491.1503	0.0000	0.4935
289	0.0000	-486.6354	0.0000	0.4951
290	0.0000	-511.8899	0.0000	0.4967
291	0.0000	-468.3378	0.0000	0.4982
292	0.0000	-475.6813	0.0000	0.4998
293	0.0000	-459.3658	0.0000	0.5014
294	0.0000	-505.5756	0.0000	0.5030
295	0.0000	-448.2664	0.0000	0.5047
296	0.0000	-493.6851	0.0000	0.5063
297	0.0000	-475.3169	0.0000	0.5082
298	0.0000	-462.8981	0.0000	0.5098
299	0.0000	-464.3044	0.0000	0.5116
300	0.0000	-472.8900	0.0000	0.5132
301	0.0000	-558.9685	0.0000	0.5157
302	0.0000	-664.7037	0.0000	0.5173
303	0.0000	-651.1872	0.0000	0.5196
304	0.0000	-654.3241	0.0000	0.5216
305	0.0000	-622.7105	0.0000	0.5236
306	0.0000	-615.5816	0.0000	0.5255
307	0.0000	-583.5761	0.0000	0.5273
308	0.0000	-631.0026	0.0000	0.5291
309	0.0000	-611.3620	0.0000	0.5307
310	0.0000	-604.4355	0.0000	0.5324
311	0.0000	-614.2860	0.0000	0.5340
312	0.0000	-621.8658	0.0000	0.5360
313	0.0000	-632.3381	0.0000	0.5379
314	0.0000	-592.9170	0.0000	0.5395
315	0.0000	-589.3348	0.0000	0.5412
316	0.0000	-625.9491	0.0000	0.5428
317	0.0000	-612.0936	0.0000	0.5444
318	0.0000	-584.3406	0.0000	0.5460
319	0.0000	-575.5417	0.0000	0.5477
320	0.0000	-593.8084	0.0000	0.5493
321	0.0000	-552.7819	0.0000	0.5509
322	0.0000	-576.1666	0.0000	0.5525
323	0.0000	-568.5194	0.0000	0.5541
324	0.0000	-583.8126	0.0000	0.5559
325	0.0000	-547.7494	0.0000	0.5579
326	0.0000	-578.7933	0.0000	0.5598
327	0.0000	-580.2998	0.0000	0.5618
328	0.0000	-572.5187	0.0000	0.5635
329	0.0000	-606.3578	0.0000	0.5652
330	0.0000	-559.4482	0.0000	0.5668
331	0.0000	-546.9640	0.0000	0.5684
332	0.0000	-587.2497	0.0000	0.5700
333	0.0000	-541.2877	0.0000	0.5717
334	0.0000	-536.4271	0.0000	0.5733
335	0.0000	-531.6848	0.0000	0.5749
336	0.0000	-546.0936	0.0000	0.5765
337	0.0000	-584.2895	0.0000	0.5781
338	0.0000	-543.9192	0.0000	0.5796
339	0.0000	-573.0152	0.0000	0.5813
340	0.0000	-597.1978	0.0000	0.5829
341	0.0000	-560.3507	0.0000	0.5845
342	0.0000	-552.3413	0.0000	0.5862
343	0.0000	-547.5764	0.0000	0.5878
344	0.0000	-558.8065	0.0000	0.5895
345	0.0000	-541.6721	0.0000	0.5911
346	0.0000	-559.0890	0.0000	0.5931
347	0.0000	-545.0308	0.0000	0.5947
348	0.0000	-562.9523	0.0000	0.5963
349	0.0000	-576.0740	0.0000	0.5980
350	0.0000	-582.0814	0.0000	0.5996
351	0.0000	-533.2237	0.0000	0.6013
352	0.0000	-545.7289	0.0000	0.6031
353	0.0000	-543.9099	0.0000	0.6048
354	0.0000	-535.7859	0.0000	0.6064
355	0.0000	-537.8427	0.0000	0.6083
356	0.0000	-567.0727	0.0000	0.6100
357	0.0000	-557.7854	0.0000	0.6116
358	0.0000	-546.8858	0.0000	0.6132
359	0.0000	-524.5661	0.0000	0.6148
360	0.0000	-553.7895	0.0000	0.6164
361	0.0000	-562.9229	0.0000	0.6180
362	0.0000	-516.1678	0.0000	0.6195
363	0.0000	-573.7454	0.0000	0.6211
364	0.0000	-511.3176	0.0000	0.6227
365	0.0000	-544.0792	0.0000	0.6244
366	0.0000	-527.6053	0.0000	0.6260
367	0.0000	-536.8836	0.0000	0.6275
368	0.0000	-522.0326	0.0000	0.6291
369	0.0000	-523.7634	0.0000	0.6307
370	0.0000	-546.3077	0.0000	0.6324
371	0.0000	-538.9751	0.0000	0.6343
372	0.0000	-534.2771	0.0000	0.6359
373	0.0000	-515.8868	0.0000	0.6376
374	0.0000	-544.9496	0.0000	0.6392
375	0.0000	-507.3968	0.0000	0.6409
376	0.0000	-544.7635	0.0000	0.6425
377	0.0000	-525.5246	0.0000	0.6441
378	0.0000	-538.9317	0.0000	0.6457
379	0.0000	-547.2269	0.0000	0.6474
380	0.0000	-532.2985	0.0000	0.6489
381	0.0000	-539.6396	0.0000	0.6506
382	0.0000	-549.4433	0.0000	0.6524
383	0.0000	-535.8007	0.0000	0.6544
384	0.0000	-504.0138	0.0000	0.6560
385	0.0000	-514.6345	0.0000	0.6579
386	0.0000	-514.8926	0.0000	0.6596
387	0.0000	-545.3472	0.0000	0.6613
388	0.0000	-513.7494	0.0000	0.6631
389	0.0000	-511.9460	0.0000	0.6647
390	0.0000	-514.8601	0.0000	0.6664
391	0.0000	-528.8123	0.0000	0.6681
392	0.0000	-508.9906	0.0000	0.6697
393	0.0000	-505.3773	0.0000	0.6713
394	0.0000	-484.0987	0.0000	0.6730
395	0.0000	-516.5921	0.0000	0.6746
396	0.0000	-521.1578	0.0000	0.6764
397	0.0000	-519.0706	0.0000	0.6780
398	0.0000	-533.0094	0.0000	0.6796
399	0.0000	-534.1019	0.0000	0.6813
400	0.0000	-543.4777	0.0000	0.6833
401	0.0000	-515.9941	0.0000	0.6849
402	0.0000	-503.8144	0.0000	0.6865
403	0.0000	-526.6401	0.0000	0.6882
404	0.0000	-494.7304	0.0000	0.6899
405	0.0000	-493.9856	0.0000	0.6915
406	0.0000	-526.9579	0.0000	0.6934
407	0.0000	-499.5078	0.0000	0.6954
408	0.0000	-495.6173	0.0000	0.6973
409	0.0000	-517.4592	0.0000	0.6992
410	0.0000	-499.5414	0.0000	0.7009
411	0.0000	-514.8788	0.0000	0.7025
412	0.0000	-512.6254	0.0000	0.7041
413	0.0000	-509.4865	0.0000	0.7057
414	0.0000	-493.3862	0.0000	0.7073
415	0.0000	-506.1243	0.0000	0.7089
416	0.0000	-490.5832	0.0000	0.7109
417	0.0000	-525.0036	0.0000	0.7125
418	0.0000	-505.4703	0.0000	0.7143
419	0.0000	-503.5010	0.0000	0.7159
420	0.0000	-551.0680	0.0000	0.7176
421	0.0000	-509.3721	0.0000	0.7192
422	0.0000	-535.9767	0.0000	0.7208
423	0.0000	-531.5798	0.0000	0.7224
424	0.0000	-476.0442	0.0000	0.7242
425	0.0000	-503.5362	0.0000	0.7264
426	0.0000	-506.4905	0.0000	0.7283
427	0.0000	-499.2727	0.0000	0.7298
428	0.0000	-462.7374	0.0000	0.7314
429	0.0000	-503.1001	0.0000	0.7330
430	0.0000	-523.9867	0.0000	0.7346
431	0.0000	-475.4397	0.0000	0.7362
432	0.0000	-518.0981	0.0000	0.7382
433	0.0000	-517.3098	0.0000	0.7399
434	0.0000	-545.2799	0.0000	0.7415
435	0.0000	-528.9541	0.0000	0.7432
436	0.0000	-517.9901	0.0000	0.7448
437	0.0000	-497.3046	0.0000	0.7464
438	0.0000	-468.6871	0.0000	0.7481
439	0.0000	-521.9539	0.0000	0.7497
440	0.0000	-489.0896	0.0000	0.7513
441	0.0000	-472.5978	0.0000	0.7531
442	0.0000	-468.1441	0.0000	0.7549
443	0.0000	-489.1245	0.0000	0.7565
444	0.0000	-511.0477	0.0000	0.7581
445	0.0000	-510.2444	0.0000	0.7597
446	0.0000	-489.4902	0.0000	0.7614
447	0.0000	-488.0037	0.0000	0.7629
448	0.0000	-495.0893	0.0000	0.7646
449	0.0000	-514.9513	0.0000	0.7662
450	0.0000	-468.0144	0.0000	0.7680
451	0.0000	-552.1753	0.0000	0.7700
452	0.0000	-588.6736	0.0000	0.7716
453	0.0000	-577.9167	0.0000	0.7732
454	0.0000	-587.8813	0.0000	0.7749
455	0.0000	-577.7083	0.0000	0.7765
456	0.0000	-561.4362	0.0000	0.7781
457	0.0000	-623.7982	0.0000	0.7803
458	0.0000	-551.4720	0.0000	0.7819
459	0.0000	-532.5032	0.0000	0.7835
460	0.0000	-581.8325	0.0000	0.7851
461	0.0000	-608.9183	0.0000	0.7867
462	0.0000	-573.5874	0.0000	0.7883
463	0.0000	-533.9135	0.0000	0.7899
464	0.0000	-544.3310	0.0000	0.7918
465	0.0000	-554.8196	0.0000	0.7934
466	0.0000	-531.9863	0.0000	0.7950
467	0.0000	-574.9020	0.0000	0.7966
468	0.0000	-569.0093	0.0000	0.7982
469	0.0000	-517.0892	0.0000	0.7998
470	0.0000	-549.8697	0.0000	0.8014
471	0.0000	-568.0257	0.0000	0.8030
472	0.0000	-561.7396	0.0000	0.8046
473	0.0000	-547.7447	0.0000	0.8062
474	0.0000	-579.0317	0.0000	0.8080
475	0.0000	-549.6778	0.0000	0.8102
476	0.0000	-565.6265	0.0000	0.8120
477	0.0000	-553.6003	0.0000	0.8136
478	0.0000	-551.9882	0.0000	0.8152
479	0.0000	-531.0925	0.0000	0.8168
480	0.0000	-553.9135	0.0000	0.8183
481	0.0000	-523.6500	0.0000	0.8199
482	0.0000	-539.2027	0.0000	0.8215
483	0.0000	-522.9951	0.0000	0.8233
484	0.0000	-551.0638	0.0000	0.8250
485	0.0000	-542.2244	0.0000	0.8266
486	0.0000	-505.1821	0.0000	0.8282
487	0.0000	-514.4060	0.0000	0.8298
488	0.0000	-566.8091	0.0000	0.8315
489	0.0000	-519.8180	0.0000	0.8331
490	0.0000	-550.9366	0.0000	0.8348
491	0.0000	-538.1229	0.0000	0.8366
492	0.0000	-547.3827	0.0000	0.8382
493	0.0000	-514.9524	0.0000	0.8400
494	0.0000	-517.1054	0.0000	0.8416
495	0.0000	-528.6575	0.0000	0.8435
496	0.0000	-542.7839	0.0000	0.8451
497	0.0000	-555.0002	0.0000	0.8467
498	0.0000	-522.0742	0.0000	0.8484
499	0.0000	-524.9220	0.0000	0.8500
500	0.0000	-535.8867	0.0000	0.8516
501	0.0000	-530.8200	0.0000	0.8536
502	0.0000	-490.0639	0.0000	0.8556
503	0.0000	-527.8980	0.0000	0.8579
504	0.0000	-520.2893	0.0000	0.8598
505	0.0000	-537.3844	0.0000	0.8618
506	0.0000	-507.6407	0.0000	0.8636
507	0.0000	-495.7860	0.0000	0.8652
508	0.0000	-510.9988	0.0000	0.8668
509	0.0000	-495.8804	0.0000	0.8684
510	0.0000	-495.5181	0.0000	0.8703
511	0.0000	-511.8759	0.0000	0.8720
512	0.0000	-497.2599	0.0000	0.8736
513	0.0000	-510.5551	0.0000	0.8752
514	0.0000	-508.7203	0.0000	0.8768
515	0.0000	-508.8472	0.0000	0.8784
516	0.0000	-501.3955	0.0000	0.8800
517	0.0000	-493.5155	0.0000	0.8816
518	0.0000	-509.3427	0.0000	0.8832
519	0.0000	-515.9917	0.0000	0.8848
520	0.0000	-461.0875	0.0000	0.8868
521	0.0000	-502.2093	0.0000	0.8886
522	0.0000	-521.7121	0.0000	0.8903
523	0.0000	-514.1381	0.0000	0.8919
524	0.0000	-523.2982	0.0000	0.8937
525	0.0000	-492.0572	0.0000	0.8953
526	0.0000	-503.7664	0.0000	0.8973
527	0.0000	-487.1489	0.0000	0.8993
528	0.0000	-488.8071	0.0000	0.9010
529	0.0000	-532.0471	0.0000	0.9028
530	0.0000	-521.7843	0.0000	0.9045
531	0.0000	-504.2991	0.0000	0.9061
532	0.0000	-492.9743	0.0000	0.9077
533	0.0000	-473.7890	0.0000	0.9093
534	0.0000	-508.1198	0.0000	0.9109
535	0.0000	-511.3528	0.0000	0.9126
536	0.0000	-518.0360	0.0000	0.9142
537	0.0000	-492.6672	0.0000	0.9158
538	0.0000	-497.8610	0.0000	0.9174
539	0.0000	-443.9618	0.0000	0.9191
540	0.0000	-469.2498	0.0000	0.9209
541	0.0000	-493.0787	0.0000	0.9227
542	0.0000	-504.2645	0.0000	0.9243
543	0.0000	-497.3602	0.0000	0.9260
544	0.0000	-498.2866	0.0000	0.9277
545	0.0000	-499.4952	0.0000	0.9293
546	0.0000	-495.6331	0.0000	0.9309
547	0.0000	-507.9836	0.0000	0.9325
548	0.0000	-490.8633	0.0000	0.9342
549	0.0000	-518.9362	0.0000	0.9359
550	0.0000	-480.3860	0.0000	0.9376
551	0.0000	-520.4453	0.0000	0.9397
552	0.0000	-504.2455	0.0000	0.9413
553	0.0000	-510.0054	0.0000	0.9430
554	0.0000	-498.2457	0.0000	0.9446
555	0.0000	-484.9087	0.0000	0.9464
556	0.0000	-489.0283	0.0000	0.9484
557	0.0000	-511.1753	0.0000	0.9503
558	0.0000	-487.9715	0.0000	0.9519
559	0.0000	-505.8676	0.0000	0.9535
560	0.0000	-497.5597	0.0000	0.9553
561	0.0000	-513.0749	0.0000	0.9575
562	0.0000	-485.6788	0.0000	0.9591
563	0.0000	-507.6414	0.0000	0.9611
564	0.0000	-528.8543	0.0000	0.9630
565	0.0000	-493.8083	0.0000	0.9648
566	0.0000	-499.9387	0.0000	0.9665
567	0.0000	-476.7368	0.0000	0.9682
568	0.0000	-468.3323	0.0000	0.9698
569	0.0000	-480.9611	0.0000	0.9714
570	0.0000	-487.1979	0.0000	0.9731
571	0.0000	-485.3485	0.0000	0.9747
572	0.0000	-495.8840	0.0000	0.9763
573	0.0000	-480.7831	0.0000	0.9779
574	0.0000	-469.6899	0.0000	0.9795
575	0.0000	-486.9824	0.0000	0.9811
576	0.0000	-517.3032	0.0000	0.9827
577	0.0000	-528.5129	0.0000	0.9844
578	0.0000	-515.5464	0.0000	0.9863
579	0.0000	-489.5001	0.0000	0.9883
580	0.0000	-510.9843	0.0000	0.9901
581	0.0000	-509.7643	0.0000	0.9916
582	0.0000	-529.8294	0.0000	0.9932
583	0.0000	-506.7430	0.0000	0.9949
584	0.0000	-494.0454	0.0000	0.9965
585	0.0000	-500.3352	0.0000	0.9981
586	0.0000	-495.1669	0.0000	0.9997
587	0.0000	-486.6322	0.0000	1.0013
588	0.0000	-472.5494	0.0000	1.0030
589	0.0000	-509.8351	0.0000	1.0047
590	0.0000	-491.5491	0.0000	1.0063
591	0.0000	-524.4456	0.0000	1.0079
592	0.0000	-472.7214	0.0000	1.0095
593	0.0000	-490.1079	0.0000	1.0111
594	0.0000	-496.5585	0.0000	1.0130
595	0.0000	-488.7411	0.0000	1.0146
596	0.0000	-494.1807	0.0000	1.0162
597	0.0000	-476.6709	0.0000	1.0178
598	0.0000	-520.1167	0.0000	1.0194
599	0.0000	-502.8437	0.0000	1.0210
600	0.0000	-465.2834	0.0000	1.0229
601	0.0000	-569.0457	0.0000	1.0249
602	0.0000	-617.7950	0.0000	1.0266
603	0.0000	-598.8414	0.0000	1.0282
604	0.0000	-640.1818	0.0000	1.0298
605	0.0000	-601.8538	0.0000	1.0315
606	0.0000	-601.7653	0.0000	1.0331
607	0.0000	-580.9986	0.0000	1.0348
608	0.0000	-572.3695	0.0000	1.0364
609	0.0000	-550.7933	0.0000	1.0380
610	0.0000	-589.5289	0.0000	1.0400
611	0.0000	-543.8499	0.0000	1.0420
612	0.0000	-585.2593	0.0000	1.0438
613	0.0000	-571.4287	0.0000	1.0454
614	0.0000	-549.7359	0.0000	1.0472
615	0.0000	-553.2248	0.0000	1.0491
616	0.0000	-565.1990	0.0000	1.0509
617	0.0000	-534.7994	0.0000	1.0525
618	0.0000	-539.8162	0.0000	1.0549
619	0.0000	-531.8544	0.0000	1.0566
620	0.0000	-551.7237	0.0000	1.0586
621	0.0000	-565.1728	0.0000	1.0604
622	0.0000	-510.0207	0.0000	1.0624
623	0.0000	-542.0812	0.0000	1.0641
624	0.0000	-516.6760	0.0000	1.0660
625	0.0000	-527.2879	0.0000	1.0676
626	0.0000	-531.4126	0.0000	1.0692
627	0.0000	-540.8068	0.0000	1.0708
628	0.0000	-561.2658	0.0000	1.0724
629	0.0000	-537.6067	0.0000	1.0740
630	0.0000	-577.0305	0.0000	1.0756
631	0.0000	-526.3809	0.0000	1.0772
632	0.0000	-508.6282	0.0000	1.0788
633	0.0000	-520.7755	0.0000	1.0804
634	0.0000	-540.6274	0.0000	1.0821
635	0.0000	-548.3195	0.0000	1.0837
636	0.0000	-528.1898	0.0000	1.0853
637	0.0000	-513.3399	0.0000	1.0869
638	0.0000	-542.4630	0.0000	1.0885
639	0.0000	-531.6399	0.0000	1.0901
640	0.0000	-536.2865	0.0000	1.0918
641	0.0000	-590.7325	0.0000	1.0934
642	0.0000	-557.5493	0.0000	1.0950
643	0.0000	-527.4869	0.0000	1.0966
644	0.0000	-560.2366	0.0000	1.0982
645	0.0000	-547.7834	0.0000	1.0998
646	0.0000	-575.1241	0.0000	1.1014
647	0.0000	-533.4852	0.0000	1.1030
648	0.0000	-537.3574	0.0000	1.1046
649	0.0000	-519.3873	0.0000	1.1062
650	0.0000	-530.3540	0.0000	1.1079
651	0.0000	-540.8162	0.0000	1.1096
652	0.0000	-522.0774	0.0000	1.1113
653	0.0000	-522.3035	0.0000	1.1131
654	0.0000	-542.1397	0.0000	1.1147
655	0.0000	-506.7874	0.0000	1.1164
656	0.0000	-544.0819	0.0000	1.1180
657	0.0000	-554.4731	0.0000	1.1197
658	0.0000	-538.6562	0.0000	1.1213
659	0.0000	-510.7449	0.0000	1.1230
660	0.0000	-516.2063	0.0000	1.1250
661	0.0000	-536.3594	0.0000	1.1267
662	0.0000	-532.5253	0.0000	1.1285
663	0.0000	-511.7271	0.0000	1.1301
664	0.0000	-548.8537	0.0000	1.1317
665	0.0000	-494.3249	0.0000	1.1333
666	0.0000	-510.3634	0.0000	1.1349
667	0.0000	-507.3151	0.0000	1.1365
668	0.0000	-551.6651	0.0000	1.1385
669	0.0000	-528.9175	0.0000	1.1401
670	0.0000	-517.2155	0.0000	1.1417
671	0.0000	-485.1080	0.0000	1.1435
672	0.0000	-498.8407	0.0000	1.1451
673	0.0000	-499.5774	0.0000	1.1467
674	0.0000	-514.6201	0.0000	1.1483
675	0.0000	-498.4827	0.0000	1.1500
676	0.0000	-516.5803	0.0000	1.1516
677	0.0000	-519.5515	0.0000	1.1536
678	0.0000	-496.9448	0.0000	1.1555
679	0.0000	-517.3250	0.0000	1.1574
680	0.0000	-499.3536	0.0000	1.1593
681	0.0000	-518.0711	0.0000	1.1611
682	0.0000	-521.2090	0.0000	1.1627
683	0.0000	-534.1231	0.0000	1.1644
684	0.0000	-522.3849	0.0000	1.1663
685	0.0000	-512.7118	0.0000	1.1683
686	0.0000	-515.7983	0.0000	1.1701
687	0.0000	-514.9873	0.0000	1.1717
688	0.0000	-511.8835	0.0000	1.1733
689	0.0000	-532.3344	0.0000	1.1749
690	0.0000	-536.9131	0.0000	1.1765
691	0.0000	-517.0340	0.0000	1.1781
692	0.0000	-559.4604	0.0000	1.1797
693	0.0000	-499.5797	0.0000	1.1813
694	0.0000	-483.7331	0.0000	1.1829
695	0.0000	-477.9112	0.0000	1.1849
696	0.0000	-485.1200	0.0000	1.1865
697	0.0000	-511.1869	0.0000	1.1881
698	0.0000	-527.9289	0.0000	1.1898
699	0.0000	-503.0377	0.0000	1.1915
700	0.0000	-491.5663	0.0000	1.1931
701	0.0000	-492.1009	0.0000	1.1947
702	0.0000	-487.7441	0.0000	1.1968
703	0.0000	-505.8870	0.0000	1.1984
704	0.0000	-477.0108	0.0000	1.2000
705	0.0000	-479.8606	0.0000	1.2016
706	0.0000	-493.9571	0.0000	1.2032
707	0.0000	-484.4450	0.0000	1.2049
708	0.0000	-507.3238	0.0000	1.2066
709	0.0000	-473.0252	0.0000	1.2083
710	0.0000	-510.4604	0.0000	1.2101
711	0.0000	-468.7575	0.0000	1.2117
712	0.0000	-490.3327	0.0000	1.2136
713	0.0000	-482.9820	0.0000	1.2153
714	0.0000	-532.0148	0.0000	1.2169
715	0.0000	-497.1571	0.0000	1.2185
716	0.0000	-469.9965	0.0000	1.2202
717	0.0000	-501.8349	0.0000	1.2221
718	0.0000	-515.8415	0.0000	1.2241
719	0.0000	-511.8176	0.0000	1.2257
720	0.0000	-483.7636	0.0000	1.2277
721	0.0000	-497.3199	0.0000	1.2293
722	0.0000	-510.7507	0.0000	1.2309
723	0.0000	-484.5434	0.0000	1.2325
724	0.0000	-510.6809	0.0000	1.2344
725	0.0000	-503.3414	0.0000	1.2361
726	0.0000	-504.3095	0.0000	1.2377
727	0.0000	-501.2234	0.0000	1.2393
728	0.0000	-494.3768	0.0000	1.2412
729	0.0000	-487.5649	0.0000	1.2432
730	0.0000	-517.0558	0.0000	1.2450
731	0.0000	-509.5599	0.0000	1.2466
732	0.0000	-507.6842	0.0000	1.2482
733	0.0000	-489.9472	0.0000	1.2498
734	0.0000	-476.3475	0.0000	1.2516
735	0.0000	-529.7904	0.0000	1.2532
736	0.0000	-496.8283	0.0000	1.2549
737	0.0000	-486.7378	0.0000	1.2566
738	0.0000	-531.3149	0.0000	1.2585
739	0.0000	-484.4049	0.0000	1.2603
740	0.0000	-510.0269	0.0000	1.2620
741	0.0000	-501.1442	0.0000	1.2640
742	0.0000	-500.4743	0.0000	1.2656
743	0.0000	-493.4511	0.0000	1.2672
744	0.0000	-528.5863	0.0000	1.2689
745	0.0000	-497.9313	0.0000	1.2706
746	0.0000	-508.2525	0.0000	1.2726
747	0.0000	-488.4376	0.0000	1.2742
748	0.0000	-492.2098	0.0000	1.2758
749	0.0000	-473.9656	0.0000	1.2776
750	0.0000	-502.7013	0.0000	1.2795
751	0.0000	-620.2513	0.0000	1.2814
752	0.0000	-630.1067	0.0000	1.2830
753	0.0000	-617.7757	0.0000	1.2854
754	0.0000	-622.9165	0.0000	1.2870
755	0.0000	-576.0595	0.0000	1.2886
756	0.0000	-621.1729	0.0000	1.2903
757	0.0000	-567.5475	0.0000	1.2919
758	0.0000	-629.5279	0.0000	1.2935
759	0.0000	-640.0619	0.0000	1.2952
760	0.0000	-605.7583	0.0000	1.2968
761	0.0000	-586.9864	0.0000	1.2985
762	0.0000	-577.5988	0.0000	1.3004
763	0.0000	-588.0671	0.0000	1.3020
764	0.0000	-549.1782	0.0000	1.3037
765	0.0000	-585.4189	0.0000	1.3054
766	0.0000	-604.3321	0.0000	1.3070
767	0.0000	-624.9356	0.0000	1.3086
768	0.0000	-597.7081	0.0000	1.3102
769	0.0000	-577.7569	0.0000	1.3120
770	0.0000	-560.1454	0.0000	1.3138
771	0.0000	-600.2259	0.0000	1.3154
772	0.0000	-575.1895	0.0000	1.3171
773	0.0000	-575.2022	0.0000	1.3189
774	0.0000	-589.5913	0.0000	1.3205
775	0.0000	-579.4844	0.0000	1.3221
776	0.0000	-583.9106	0.0000	1.3237
777	0.0000	-533.1465	0.0000	1.3254
778	0.0000	-590.5638	0.0000	1.3270
779	0.0000	-574.3690	0.0000	1.3286
780	0.0000	-544.2420	0.0000	1.3302
781	0.0000	-545.4336	0.0000	1.3319
782	0.0000	-597.8639	0.0000	1.3335
783	0.0000	-561.8172	0.0000	1.3351
784	0.0000	-534.7177	0.0000	1.3368
785	0.0000	-531.7758	0.0000	1.3383
786	0.0000	-538.4983	0.0000	1.3401
787	0.0000	-557.2952	0.0000	1.3418
788	0.0000	-558.3423	0.0000	1.3434
789	0.0000	-565.7411	0.0000	1.3450
790	0.0000	-524.2524	0.0000	1.3471
791	0.0000	-553.9555	0.0000	1.3490
792	0.0000	-546.5238	0.0000	1.3508
793	0.0000	-545.8713	0.0000	1.3527
794	0.0000	-527.0310	0.0000	1.3544
795	0.0000	-545.5370	0.0000	1.3559
796	0.0000	-561.2731	0.0000	1.3576
797	0.0000	-561.1495	0.0000	1.3592
798	0.0000	-533.6862	0.0000	1.3608
799	0.0000	-540.9184	0.0000	1.3624
800	0.0000	-560.5239	0.0000	1.3641
801	0.0000	-537.3251	0.0000	1.3659
802	0.0000	-542.2490	0.0000	1.3687
803	0.0000	-549.6383	0.0000	1.3703
804	0.0000	-535.4577	0.0000	1.3719
805	0.0000	-552.8830	0.0000	1.3736
806	0.0000	-552.2487	0.0000	1.3753
807	0.0000	-536.1166	0.0000	1.3772
808	0.0000	-534.6823	0.0000	1.3789
809	0.0000	-562.1944	0.0000	1.3805
810	0.0000	-558.0055	0.0000	1.3821
811	0.0000	-532.6231	0.0000	1.3839
812	0.0000	-549.2412	0.0000	1.3855
813	0.0000	-533.6453	0.0000	1.3871
814	0.0000	-526.4283	0.0000	1.3886
815	0.0000	-550.9768	0.0000	1.3902
816	0.0000	-532.0311	0.0000	1.3922
817	0.0000	-517.6755	0.0000	1.3940
818	0.0000	-514.3266	0.0000	1.3957
819	0.0000	-489.6386	0.0000	1.3976
820	0.0000	-526.0778	0.0000	1.3993
821	0.0000	-523.7524	0.0000	1.4010
822	0.0000	-530.0891	0.0000	1.4026
823	0.0000	-540.2037	0.0000	1.4043
824	0.0000	-509.5129	0.0000	1.4059
825	0.0000	-516.2691	0.0000	1.4076
826	0.0000	-545.0049	0.0000	1.4092
827	0.0000	-518.0379	0.0000	1.4108
828	0.0000	-576.3348	0.0000	1.4124
829	0.0000	-489.9764	0.0000	1.4140
830	0.0000	-529.5289	0.0000	1.4156
831	0.0000	-541.3085	0.0000	1.4172
832	0.0000	-532.6300	0.0000	1.4188
833	0.0000	-548.1994	0.0000	1.4204
834	0.0000	-531.4597	0.0000	1.4221
835	0.0000	-552.0963	0.0000	1.4237
836	0.0000	-491.4835	0.0000	1.4253
837	0.0000	-513.5693	0.0000	1.4269
838	0.0000	-532.0705	0.0000	1.4285
839	0.0000	-527.8953	0.0000	1.4303
840	0.0000	-517.7407	0.0000	1.4319
841	0.0000	-524.5414	0.0000	1.4336
842	0.0000	-544.9554	0.0000	1.4352
843	0.0000	-537.8051	0.0000	1.4368
844	0.0000	-501.9281	0.0000	1.4384
845	0.0000	-545.4180	0.0000	1.4400
846	0.0000	-550.3751	0.0000	1.4416
847	0.0000	-544.2528	0.0000	1.4435
848	0.0000	-557.6993	0.0000	1.4455
849	0.0000	-493.0829	0.0000	1.4473
850	0.0000	-510.8070	0.0000	1.4490
851	0.0000	-482.0161	0.0000	1.4506
852	0.0000	-510.6542	0.0000	1.4522
853	0.0000	-560.7887	0.0000	1.4538
854	0.0000	-529.5775	0.0000	1.4555
855	0.0000	-533.2482	0.0000	1.4574
856	0.0000	-518.2461	0.0000	1.4592
857	0.0000	-520.1479	0.0000	1.4609
858	0.0000	-482.4456	0.0000	1.4625
859	0.0000	-503.4833	0.0000	1.4641
860	0.0000	-503.0765	0.0000	1.4657
861	0.0000	-486.6093	0.0000	1.4674
862	0.0000	-492.5917	0.0000	1.4690
863	0.0000	-525.3297	0.0000	1.4706
864	0.0000	-533.0523	0.0000	1.4723
865	0.0000	-490.3988	0.0000	1.4739
866	0.0000	-478.6581	0.0000	1.4756
867	0.0000	-516.1282	0.0000	1.4772
868	0.0000	-495.6994	0.0000	1.4788
869	0.0000	-487.8153	0.0000	1.4805
870	0.0000	-532.8103	0.0000	1.4821
871	0.0000	-515.6804	0.0000	1.4837
872	0.0000	-492.4946	0.0000	1.4854
873	0.0000	-500.2762	0.0000	1.4870
874	0.0000	-494.8526	0.0000	1.4886
875	0.0000	-498.1572	0.0000	1.4903
876	0.0000	-518.4679	0.0000	1.4919
877	0.0000	-501.8288	0.0000	1.4935
878	0.0000	-492.6520	0.0000	1.4951
879	0.0000	-489.8382	0.0000	1.4967
880	0.0000	-463.8592	0.0000	1.4983
881	0.0000	-489.3089	0.0000	1.5003
882	0.0000	-516.6748	0.0000	1.5022
883	0.0000	-479.8397	0.0000	1.5040
884	0.0000	-499.6992	0.0000	1.5056
885	0.0000	-554.0382	0.0000	1.5073
886	0.0000	-480.7892	0.0000	1.5089
887	0.0000	-511.8565	0.0000	1.5105
888	0.0000	-483.3674	0.0000	1.5124
889	0.0000	-503.0174	0.0000	1.5143
890	0.0000	-492.2455	0.0000	1.5161
891	0.0000	-497.2258	0.0000	1.5177
892	0.0000	-500.0038	0.0000	1.5197
893	0.0000	-474.3824	0.0000	1.5216
894	0.0000	-483.3876	0.0000	1.5235
895	0.0000	-483.6733	0.0000	1.5254
896	0.0000	-506.2292	0.0000	1.5273
897	0.0000	-512.5828	0.0000	1.5291
898	0.0000	-491.3735	0.0000	1.5307
899	0.0000	-510.9762	0.0000	1.5324
900	0.0000	-481.5154	0.0000	1.5340
901	0.0000	-514.7205	0.0000	1.5362
902	0.0000	-623.7350	0.0000	1.5381
903	0.0000	-622.7226	0.0000	1.5398
904	0.0000	-601.3556	0.0000	1.5415
905	0.0000	-619.0720	0.0000	1.5432
906	0.0000	-559.4108	0.0000	1.5448
907	0.0000	-576.4529	0.0000	1.5464
908	0.0000	-581.4550	0.0000	1.5482
909	0.0000	-589.4351	0.0000	1.5498
910	0.0000	-583.5255	0.0000	1.5514
911	0.0000	-572.8199	0.0000	1.5531
912	0.0000	-614.2465	0.0000	1.5547
913	0.0000	-570.6247	0.0000	1.5565
914	0.0000	-562.9416	0.0000	1.5585
915	0.0000	-572.4355	0.0000	1.5604
916	0.0000	-579.3050	0.0000	1.5622
917	0.0000	-557.6698	0.0000	1.5638
918	0.0000	-555.2440	0.0000	1.5658
919	0.0000	-577.8635	0.0000	1.5678
920	0.0000	-566.6258	0.0000	1.5694
921	0.0000	-549.1559	0.0000	1.5710
922	0.0000	-548.1273	0.0000	1.5726
923	0.0000	-558.3926	0.0000	1.5743
924	0.0000	-564.3165	0.0000	1.5759
925	0.0000	-541.7124	0.0000	1.5775
926	0.0000	-534.8666	0.0000	1.5791
927	0.0000	-544.8821	0.0000	1.5807
928	0.0000	-505.9074	0.0000	1.5823
929	0.0000	-541.6583	0.0000	1.5840
930	0.0000	-553.5336	0.0000	1.5856
931	0.0000	-547.9577	0.0000	1.5872
932	0.0000	-521.0925	0.0000	1.5888
933	0.0000	-545.0713	0.0000	1.5906
934	0.0000	-506.8243	0.0000	1.5923
935	0.0000	-543.3202	0.0000	1.5939
936	0.0000	-495.5193	0.0000	1.5955
937	0.0000	-530.4648	0.0000	1.5973
938	0.0000	-566.6323	0.0000	1.5991
939	0.0000	-518.5358	0.0000	1.6007
940	0.0000	-518.7879	0.0000	1.6023
941	0.0000	-534.5373	0.0000	1.6040
942	0.0000	-537.7036	0.0000	1.6059
943	0.0000	-514.0966	0.0000	1.6076
944	0.0000	-513.9472	0.0000	1.6092
945	0.0000	-553.3572	0.0000	1.6108
946	0.0000	-530.4311	0.0000	1.6124
947	0.0000	-531.5580	0.0000	1.6140
948	0.0000	-524.8282	0.0000	1.6156
949	0.0000	-530.6547	0.0000	1.6172
950	0.0000	-545.8740	0.0000	1.6189
951	0.0000	-535.5212	0.0000	1.6205
952	0.0000	-544.1036	0.0000	1.6221
953	0.0000	-515.6656	0.0000	1.6238
954	0.0000	-498.5090	0.0000	1.6253
955	0.0000	-538.8754	0.0000	1.6269
956	0.0000	-509.7410	0.0000	1.6287
957	0.0000	-502.3700	0.0000	1.6303
958	0.0000	-516.2964	0.0000	1.6319
959	0.0000	-507.8223	0.0000	1.6335
960	0.0000	-529.6271	0.0000	1.6351
961	0.0000	-479.7139	0.0000	1.6367
962	0.0000	-511.3057	0.0000	1.6383
963	0.0000	-505.2999	0.0000	1.6399
964	0.0000	-512.2123	0.0000	1.6416
965	0.0000	-523.6710	0.0000	1.6432
966	0.0000	-519.4508	0.0000	1.6448
967	0.0000	-531.2429	0.0000	1.6463
968	0.0000	-513.4814	0.0000	1.6479
969	0.0000	-497.7617	0.0000	1.6496
970	0.0000	-497.5403	0.0000	1.6512
971	0.0000	-509.7072	0.0000	1.6528
972	0.0000	-516.8320	0.0000	1.6544
973	0.0000	-515.9497	0.0000	1.6560
974	0.0000	-554.9117	0.0000	1.6576
975	0.0000	-510.3792	0.0000	1.6591
976	0.0000	-513.3199	0.0000	1.6607
977	0.0000	-525.9296	0.0000	1.6623
978	0.0000	-506.6738	0.0000	1.6639
979	0.0000	-501.8229	0.0000	1.6655
980	0.0000	-532.6023	0.0000	1.6671
981	0.0000	-493.8440	0.0000	1.6687
982	0.0000	-519.6093	0.0000	1.6703
983	0.0000	-486.6122	0.0000	1.6723
984	0.0000	-495.6654	0.0000	1.6741
985	0.0000	-500.8651	0.0000	1.6758
986	0.0000	-489.5174	0.0000	1.6778
987	0.0000	-492.8676	0.0000	1.6795
988	0.0000	-511.8717	0.0000	1.6811
989	0.0000	-498.7877	0.0000	1.6827
990	0.0000	-500.6980	0.0000	1.6843
991	0.0000	-515.1314	0.0000	1.6859
992	0.0000	-499.1860	0.0000	1.6875
993	0.0000	-481.1186	0.0000	1.6891
994	0.0000	-523.2162	0.0000	1.6907
995	0.0000	-498.0918	0.0000	1.6923
996	0.0000	-508.2664	0.0000	1.6942
997	0.0000	-492.6661	0.0000	1.6959
998	0.0000	-454.1577	0.0000	1.6975
999	0.0000	-494.9930	0.0000	1.6991
1000	0.0000	-516.4856	0.0000	1.7007
1001	0.0000	-527.1522	0.0000	1.7023
1002	0.0000	-503.8580	0.0000	1.7040
1003	0.0000	-487.8637	0.0000	1.7056
1004	0.0000	-502.8286	0.0000	1.7073
1005	0.0000	-509.6695	0.0000	1.7090
1006	0.0000	-479.0577	0.0000	1.7106
1007	0.0000	-473.3935	0.0000	1.7126
1008	0.0000	-493.0299	0.0000	1.7142
1009	0.0000	-462.7793	0.0000	1.7158
1010	0.0000	-484.3170	0.0000	1.7174
1011	0.0000	-495.3928	0.0000	1.7191
1012	0.0000	-493.9758	0.0000	1.7207
1013	0.0000	-511.8149	0.0000	1.7223
1014	0.0000	-462.8848	0.0000	1.7240
1015	0.0000	-479.9394	0.0000	1.7256
1016	0.0000	-483.6609	0.0000	1.7273
1017	0.0000	-493.7138	0.0000	1.7289
1018	0.0000	-483.5935	0.0000	1.7304
1019	0.0000	-488.1505	0.0000	1.7321
1020	0.0000	-499.4922	0.0000	1.7337
1021	0.0000	-493.4080	0.0000	1.7353
1022	0.0000	-485.1240	0.0000	1.7369
1023	0.0000	-486.1789	0.0000	1.7385
1024	0.0000	-499.8214	0.0000	1.7402
1025	0.0000	-511.0070	0.0000	1.7418
1026	0.0000	-483.5242	0.0000	1.7436
1027	0.0000	-493.9287	0.0000	1.7452
1028	0.0000	-475.2277	0.0000	1.7469
1029	0.0000	-489.5904	0.0000	1.7490
1030	0.0000	-496.4875	0.0000	1.7506
1031	0.0000	-477.5299	0.0000	1.7522
1032	0.0000	-476.6569	0.0000	1.7539
1033	0.0000	-456.1634	0.0000	1.7557
1034	0.0000	-472.1017	0.0000	1.7573
1035	0.0000	-490.6591	0.0000	1.7589
1036	0.0000	-486.9968	0.0000	1.7606
1037	0.0000	-482.7610	0.0000	1.7622
1038	0.0000	-489.4069	0.0000	1.7639
1039	0.0000	-494.8253	0.0000	1.7655
1040	0.0000	-491.9757	0.0000	1.7671
1041	0.0000	-499.5356	0.0000	1.7692
1042	0.0000	-477.0982	0.0000	1.7709
1043	0.0000	-479.6213	0.0000	1.7725
1044	0.0000	-469.8127	0.0000	1.7741
1045	0.0000	-516.9693	0.0000	1.7756
1046	0.0000	-465.4702	0.0000	1.7778
1047	0.0000	-493.4326	0.0000	1.7795
1048	0.0000	-500.6442	0.0000	1.7811
1049	0.0000	-450.4269	0.0000	1.7827
1050	0.0000	-462.3017	0.0000	1.7843
1051	0.0000	-536.1860	0.0000	1.7862
1052	0.0000	-624.4605	0.0000	1.7880
1053	0.0000	-620.1385	0.0000	1.7896
1054	0.0000	-582.4541	0.0000	1.7913
1055	0.0000	-580.6318	0.0000	1.7929
1056	0.0000	-576.5012	0.0000	1.7946
1057	0.0000	-612.6512	0.0000	1.7964
1058	0.0000	-588.7209	0.0000	1.7980
1059	0.0000	-544.3155	0.0000	1.7997
1060	0.0000	-561.2839	0.0000	1.8014
1061	0.0000	-573.2790	0.0000	1.8030
1062	0.0000	-578.9941	0.0000	1.8048
1063	0.0000	-586.7535	0.0000	1.8064
1064	0.0000	-596.3898	0.0000	1.8081
1065	0.0000	-579.5841	0.0000	1.8097
1066	0.0000	-569.4245	0.0000	1.8113
1067	0.0000	-571.2441	0.0000	1.8130
1068	0.0000	-554.9233	0.0000	1.8147
1069	0.0000	-563.0879	0.0000	1.8163
1070	0.0000	-545.5896	0.0000	1.8180
1071	0.0000	-533.0883	0.0000	1.8198
1072	0.0000	-532.9606	0.0000	1.8216
1073	0.0000	-545.3952	0.0000	1.8232
1074	0.0000	-531.1803	0.0000	1.8257
1075	0.0000	-549.4757	0.0000	1.8282
1076	0.0000	-500.5894	0.0000	1.8301
1077	0.0000	-559.1300	0.0000	1.8320
1078	0.0000	-511.4697	0.0000	1.8339
1079	0.0000	-520.2762	0.0000	1.8356
1080	0.0000	-507.5971	0.0000	1.8373
1081	0.0000	-505.0702	0.0000	1.8398
1082	0.0000	-502.0606	0.0000	1.8415
1083	0.0000	-514.4415	0.0000	1.8434
1084	0.0000	-498.4290	0.0000	1.8451
1085	0.0000	-514.0348	0.0000	1.8467
1086	0.0000	-515.4693	0.0000	1.8483
1087	0.0000	-510.1028	0.0000	1.8500
1088	0.0000	-524.4003	0.0000	1.8515
1089	0.0000	-495.4560	0.0000	1.8532
1090	0.0000	-514.5298	0.0000	1.8548
1091	0.0000	-511.4713	0.0000	1.8565
1092	0.0000	-495.0039	0.0000	1.8581
1093	0.0000	-485.0747	0.0000	1.8598
1094	0.0000	-499.3182	0.0000	1.8615
1095	0.0000	-485.1817	0.0000	1.8639
1096	0.0000	-520.6342	0.0000	1.8659
1097	0.0000	-515.3583	0.0000	1.8675
1098	0.0000	-475.5831	0.0000	1.8693
1099	0.0000	-505.4798	0.0000	1.8718
1100	0.0000	-507.7987	0.0000	1.8743
1101	0.0000	-503.1264	0.0000	1.8759
1102	0.0000	-508.8169	0.0000	1.8776
1103	0.0000	-492.2037	0.0000	1.8792
1104	0.0000	-498.4486	0.0000	1.8812
1105	0.0000	-522.0219	0.0000	1.8831
1106	0.0000	-490.8814	0.0000	1.8848
1107	0.0000	-508.7770	0.0000	1.8865
1108	0.0000	-482.3619	0.0000	1.8880
1109	0.0000	-505.6099	0.0000	1.8896
1110	0.0000	-530.8059	0.0000	1.8912
1111	0.0000	-499.7950	0.0000	1.8929
1112	0.0000	-526.1323	0.0000	1.8946
1113	0.0000	-480.0440	0.0000	1.8971
1114	0.0000	-510.0671	0.0000	1.8996
1115	0.0000	-494.7750	0.0000	1.9021
1116	0.0000	-484.9795	0.0000	1.9038
1117	0.0000	-484.7072	0.0000	1.9062
1118	0.0000	-507.2751	0.0000	1.9086
1119	0.0000	-495.1947	0.0000	1.9111
1120	0.0000	-500.6213	0.0000	1.9135
1121	0.0000	-464.4576	0.0000	1.9161
1122	0.0000	-472.1271	0.0000	1.9186
1123	0.0000	-500.7913	0.0000	1.9211
1124	0.0000	-513.9542	0.0000	1.9237
1125	0.0000	-494.6840	0.0000	1.9261
1126	0.0000	-479.2080	0.0000	1.9286
1127	0.0000	-481.5902	0.0000	1.9311
1128	0.0000	-473.3679	0.0000	1.9337
1129	0.0000	-475.5776	0.0000	1.9363
1130	0.0000	-495.9519	0.0000	1.9379
1131	0.0000	-513.6081	0.0000	1.9395
1132	0.0000	-514.5667	0.0000	1.9412
1133	0.0000	-499.8168	0.0000	1.9428
1134	0.0000	-486.9076	0.0000	1.9444
1135	0.0000	-478.9485	0.0000	1.9461
1136	0.0000	-463.9526	0.0000	1.9483
1137	0.0000	-477.2887	0.0000	1.9500
1138	0.0000	-520.4294	0.0000	1.9516
1139	0.0000	-498.4915	0.0000	1.9532
1140	0.0000	-498.1821	0.0000	1.9552
1141	0.0000	-462.8393	0.0000	1.9571
1142	0.0000	-488.8631	0.0000	1.9590
1143	0.0000	-451.0727	0.0000	1.9606
1144	0.0000	-490.9724	0.0000	1.9623
1145	0.0000	-501.4710	0.0000	1.9640
1146	0.0000	-496.8870	0.0000	1.9660
1147	0.0000	-493.2708	0.0000	1.9681
1148	0.0000	-489.6930	0.0000	1.9697
1149	0.0000	-509.2987	0.0000	1.9714
1150	0.0000	-481.3119	0.0000	1.9730
1151	0.0000	-506.6950	0.0000	1.9749
1152	0.0000	-471.3337	0.0000	1.9769
1153	0.0000	-460.7726	0.0000	1.9785
1154	0.0000	-481.3297	0.0000	1.9802
1155	0.0000	-492.3164	0.0000	1.9818
1156	0.0000	-453.9944	0.0000	1.9838
1157	0.0000	-487.4051	0.0000	1.9858
1158	0.0000	-468.1700	0.0000	1.9877
1159	0.0000	-501.8455	0.0000	1.9895
1160	0.0000	-465.7235	0.0000	1.9911
1161	0.0000	-469.2495	0.0000	1.9927
1162	0.0000	-494.6237	0.0000	1.9944
1163	0.0000	-486.5646	0.0000	1.9960
1164	0.0000	-488.1647	0.0000	1.9975
1165	0.0000	-487.9491	0.0000	1.9991
1166	0.0000	-477.5335	0.0000	2.0008
1167	0.0000	-496.9248	0.0000	2.0023
1168	0.0000	-504.4661	0.0000	2.0040
1169	0.0000	-467.1960	0.0000	2.0056
1170	0.0000	-505.4972	0.0000	2.0072
1171	0.0000	-512.6320	0.0000	2.0088
1172	0.0000	-488.6314	0.0000	2.0105
1173	0.0000	-461.4623	0.0000	2.0121
1174	0.0000	-473.1586	0.0000	2.0138
1175	0.0000	-460.3535	0.0000	2.0154
1176	0.0000	-485.5716	0.0000	2.0170
1177	0.0000	-504.4667	0.0000	2.0186
1178	0.0000	-500.0545	0.0000	2.0202
1179	0.0000	-495.6534	0.0000	2.0218
1180	0.0000	-471.3281	0.0000	2.0237
1181	0.0000	-485.1812	0.0000	2.0257
1182	0.0000	-491.1662	0.0000	2.0274
1183	0.0000	-497.7064	0.0000	2.0290
1184	0.0000	-468.1728	0.0000	2.0307
1185	0.0000	-499.5306	0.0000	2.0323
1186	0.0000	-437.8938	0.0000	2.0339
1187	0.0000	-490.3009	0.0000	2.0355
1188	0.0000	-480.4396	0.0000	2.0371
1189	0.0000	-491.7764	0.0000	2.0387
1190	0.0000	-513.9940	0.0000	2.0404
1191	0.0000	-499.2788	0.0000	2.0420
1192	0.0000	-491.8449	0.0000	2.0437
1193	0.0000	-461.3121	0.0000	2.0453
1194	0.0000	-479.7638	0.0000	2.0478
1195	0.0000	-495.2080	0.0000	2.0502
1196	0.0000	-469.9265	0.0000	2.0527
1197	0.0000	-485.8678	0.0000	2.0551
1198	0.0000	-479.7521	0.0000	2.0577
1199	0.0000	-466.6554	0.0000	2.0602
1200	0.0000	-461.1031	0.0000	2.0626
1201	0.0000	-532.1940	0.0000	2.0647
1202	0.0000	-557.3188	0.0000	2.0672
1203	0.0000	-550.9395	0.0000	2.0696
1204	0.0000	-540.7236	0.0000	2.0722
1205	0.0000	-503.1899	0.0000	2.0746
1206	0.0000	-575.3559	0.0000	2.0771
1207	0.0000	-569.3914	0.0000	2.0795
1208	0.0000	-553.2201	0.0000	2.0819
1209	0.0000	-528.7956	0.0000	2.0844
1210	0.0000	-531.8730	0.0000	2.0869
1211	0.0000	-510.8483	0.0000	2.0893
1212	0.0000	-550.5790	0.0000	2.0919
1213	0.0000	-539.1526	0.0000	2.0944
1214	0.0000	-514.8731	0.0000	2.0970
1215	0.0000	-520.6222	0.0000	2.0995
1216	0.0000	-526.8077	0.0000	2.1020
1217	0.0000	-546.5764	0.0000	2.1036
1218	0.0000	-510.0838	0.0000	2.1064
1219	0.0000	-510.5201	0.0000	2.1088
1220	0.0000	-528.2740	0.0000	2.1115
1221	0.0000	-525.1357	0.0000	2.1142
1222	0.0000	-492.6551	0.0000	2.1167
1223	0.0000	-518.1134	0.0000	2.1192
1224	0.0000	-511.6898	0.0000	2.1216
1225	0.0000	-516.3118	0.0000	2.1241
1226	0.0000	-542.0041	0.0000	2.1266
1227	0.0000	-525.4446	0.0000	2.1286
1228	0.0000	-525.4163	0.0000	2.1313
1229	0.0000	-518.0735	0.0000	2.1338
1230	0.0000	-502.8599	0.0000	2.1363
1231	0.0000	-510.8274	0.0000	2.1387
1232	0.0000	-511.6959	0.0000	2.1411
1233	0.0000	-482.4810	0.0000	2.1435
1234	0.0000	-502.9406	0.0000	2.1463
1235	0.0000	-502.5735	0.0000	2.1489
1236	0.0000	-493.8544	0.0000	2.1505
1237	0.0000	-510.2857	0.0000	2.1523
1238	0.0000	-495.2816	0.0000	2.1538
1239	0.0000	-500.6851	0.0000	2.1558
1240	0.0000	-528.7441	0.0000	2.1574
1241	0.0000	-479.2241	0.0000	2.1590
1242	0.0000	-511.1256	0.0000	2.1606
1243	0.0000	-523.4001	0.0000	2.1622
1244	0.0000	-515.1365	0.0000	2.1641
1245	0.0000	-495.6219	0.0000	2.1658
1246	0.0000	-513.6965	0.0000	2.1677
1247	0.0000	-487.3195	0.0000	2.1693
1248	0.0000	-524.2865	0.0000	2.1712
1249	0.0000	-447.1744	0.0000	2.1731
1250	0.0000	-509.1536	0.0000	2.1748
1251	0.0000	-506.6153	0.0000	2.1765
1252	0.0000	-504.7547	0.0000	2.1781
1253	0.0000	-485.1468	0.0000	2.1802
1254	0.0000	-496.7652	0.0000	2.1818
1255	0.0000	-502.4353	0.0000	2.1834
1256	0.0000	-486.2182	0.0000	2.1850
1257	0.0000	-529.6744	0.0000	2.1866
1258	0.0000	-495.6836	0.0000	2.1885
1259	0.0000	-504.7655	0.0000	2.1902
1260	0.0000	-491.6062	0.0000	2.1919
1261	0.0000	-494.3856	0.0000	2.1935
1262	0.0000	-462.1677	0.0000	2.1951
1263	0.0000	-474.5670	0.0000	2.1968
1264	0.0000	-503.5688	0.0000	2.1985
1265	0.0000	-460.5208	0.0000	2.2001
1266	0.0000	-462.9084	0.0000	2.2018
1267	0.0000	-480.5628	0.0000	2.2035
1268	0.0000	-484.3332	0.0000	2.2051
1269	0.0000	-483.3570	0.0000	2.2068
1270	0.0000	-460.3304	0.0000	2.2084
1271	0.0000	-479.9639	0.0000	2.2100
1272	0.0000	-470.0865	0.0000	2.2116
1273	0.0000	-476.5721	0.0000	2.2132
1274	0.0000	-468.8617	0.0000	2.2148
1275	0.0000	-470.0971	0.0000	2.2164
1276	0.0000	-476.1600	0.0000	2.2180
1277	0.0000	-489.5464	0.0000	2.2196
1278	0.0000	-440.6393	0.0000	2.2212
1279	0.0000	-468.7453	0.0000	2.2228
1280	0.0000	-472.9387	0.0000	2.2246
1281	0.0000	-462.5516	0.0000	2.2264
1282	0.0000	-457.5906	0.0000	2.2281
1283	0.0000	-458.3661	0.0000	2.2297
1284	0.0000	-482.2431	0.0000	2.2313
1285	0.0000	-435.8348	0.0000	2.2329
1286	0.0000	-468.0832	0.0000	2.2346
1287	0.0000	-486.3090	0.0000	2.2362
1288	0.0000	-469.3091	0.0000	2.2378
1289	0.0000	-449.1526	0.0000	2.2394
1290	0.0000	-488.6492	0.0000	2.2410
1291	0.0000	-485.9651	0.0000	2.2426
1292	0.0000	-467.5569	0.0000	2.2442
1293	0.0000	-448.3656	0.0000	2.2459
1294	0.0000	-478.2494	0.0000	2.2475
1295	0.0000	-480.5461	0.0000	2.2491
1296	0.0000	-481.6874	0.0000	2.2507
1297	0.0000	-471.4266	0.0000	2.2523
1298	0.0000	-432.6993	0.0000	2.2540
1299	0.0000	-454.8505	0.0000	2.2556
1300	0.0000	-473.0239	0.0000	2.2574
1301	0.0000	-468.4482	0.0000	2.2591
1302	0.0000	-472.4525	0.0000	2.2607
1303	0.0000	-478.6111	0.0000	2.2626
1304	0.0000	-443.8167	0.0000	2.2642
1305	0.0000	-469.5867	0.0000	2.2658
1306	0.0000	-471.6473	0.0000	2.2675
1307	0.0000	-458.5248	0.0000	2.2696
1308	0.0000	-465.8571	0.0000	2.2713
1309	0.0000	-476.0351	0.0000	2.2730
1310	0.0000	-442.5353	0.0000	2.2746
1311	0.0000	-464.1013	0.0000	2.2762
1312	0.0000	-428.7204	0.0000	2.2778
1313	0.0000	-462.2916	0.0000	2.2794
1314	0.0000	-457.7252	0.0000	2.2810
1315	0.0000	-458.0095	0.0000	2.2826
1316	0.0000	-474.4260	0.0000	2.2843
1317	0.0000	-486.6799	0.0000	2.2862
1318	0.0000	-473.6149	0.0000	2.2878
1319	0.0000	-455.1830	0.0000	2.2894
1320	0.0000	-459.2673	0.0000	2.2911
1321	0.0000	-461.1726	0.0000	2.2927
1322	0.0000	-459.8838	0.0000	2.2944
1323	0.0000	-439.2460	0.0000	2.2960
1324	0.0000	-438.3395	0.0000	2.2976
1325	0.0000	-457.1483	0.0000	2.2996
1326	0.0000	-463.7909	0.0000	2.3014
1327	0.0000	-423.5031	0.0000	2.3032
1328	0.0000	-451.8120	0.0000	2.3049
1329	0.0000	-470.5629	0.0000	2.3065
1330	0.0000	-467.4424	0.0000	2.3081
1331	0.0000	-459.1339	0.0000	2.3097
1332	0.0000	-468.4390	0.0000	2.3113
1333	0.0000	-447.6315	0.0000	2.3129
1334	0.0000	-467.2811	0.0000	2.3145
1335	0.0000	-453.7274	0.0000	2.3161
1336	0.0000	-455.8341	0.0000	2.3177
1337	0.0000	-441.9961	0.0000	2.3193
1338	0.0000	-460.0022	0.0000	2.3209
1339	0.0000	-480.9008	0.0000	2.3225
1340	0.0000	-438.2039	0.0000	2.3241
1341	0.0000	-462.1506	0.0000	2.3259
1342	0.0000	-472.5936	0.0000	2.3274
1343	0.0000	-466.4648	0.0000	2.3290
1344	0.0000	-474.3965	0.0000	2.3306
1345	0.0000	-484.3153	0.0000	2.3322
1346	0.0000	-435.7638	0.0000	2.3338
1347	0.0000	-467.6684	0.0000	2.3353
1348	0.0000	-468.1401	0.0000	2.3370
1349	0.0000	-455.7087	0.0000	2.3386
1350	0.0000	-444.1760	0.0000	2.3402
1351	0.0000	-598.9030	0.0000	2.3422
1352	0.0000	-611.1685	0.0000	2.3438
1353	0.0000	-619.6231	0.0000	2.3455
1354	0.0000	-647.4134	0.0000	2.3471
1355	0.0000	-619.7156	0.0000	2.3487
1356	0.0000	-621.5238	0.0000	2.3503
1357	0.0000	-591.5148	0.0000	2.3519
1358	0.0000	-601.5695	0.0000	2.3536
1359	0.0000	-601.3023	0.0000	2.3552
1360	0.0000	-619.6239	0.0000	2.3568
1361	0.0000	-620.6133	0.0000	2.3585
1362	0.0000	-615.2047	0.0000	2.3601
1363	0.0000	-635.0040	0.0000	2.3617
1364	0.0000	-599.6440	0.0000	2.3633
1365	0.0000	-610.7911	0.0000	2.3649
1366	0.0000	-631.0479	0.0000	2.3665
1367	0.0000	-601.8003	0.0000	2.3682
1368	0.0000	-594.9154	0.0000	2.3699
1369	0.0000	-570.9823	0.0000	2.3718
1370	0.0000	-588.0554	0.0000	2.3734
1371	0.0000	-607.3974	0.0000	2.3750
1372	0.0000	-575.5701	0.0000	2.3771
1373	0.0000	-604.5904	0.0000	2.3788
1374	0.0000	-586.6514	0.0000	2.3804
1375	0.0000	-592.4548	0.0000	2.3821
1376	0.0000	-579.3193	0.0000	2.3837
1377	0.0000	-579.9247	0.0000	2.3853
1378	0.0000	-585.3401	0.0000	2.3869
1379	0.0000	-588.0431	0.0000	2.3885
1380	0.0000	-582.9234	0.0000	2.3902
1381	0.0000	-582.6109	0.0000	2.3920
1382	0.0000	-577.9101	0.0000	2.3936
1383	0.0000	-567.1401	0.0000	2.3952
1384	0.0000	-577.4332	0.0000	2.3968
1385	0.0000	-586.4349	0.0000	2.3984
1386	0.0000	-571.4648	0.0000	2.4000
1387	0.0000	-561.3419	0.0000	2.4017
1388	0.0000	-580.5464	0.0000	2.4036
1389	0.0000	-560.2923	0.0000	2.4056
1390	0.0000	-555.8188	0.0000	2.4075
1391	0.0000	-590.0898	0.0000	2.4093
1392	0.0000	-576.9859	0.0000	2.4110
1393	0.0000	-583.0118	0.0000	2.4130
1394	0.0000	-556.6080	0.0000	2.4146
1395	0.0000	-549.5634	0.0000	2.4164
1396	0.0000	-579.9455	0.0000	2.4182
1397	0.0000	-581.1632	0.0000	2.4200
1398	0.0000	-588.3279	0.0000	2.4217
1399	0.0000	-571.3585	0.0000	2.4234
Pos: [-1.5615447136569323, 4.4000206790718215]

=================================================================================================================