ID: vincent	Date: 2019-05-03 13:50:38	Runs: 1
=================================================================================================================
Run: 0
Iter	Gbest	AvrFit	Diver	ETime	
0	0.9713	0.2966	0.0000	0.0008
1	0.9713	0.3810	0.0000	0.0014
2	0.9713	0.4479	0.0000	0.0021
3	0.9968	0.5045	0.0000	0.0027
4	0.9968	0.5772	0.0000	0.0033
5	0.9968	0.6114	0.0000	0.0040
6	0.9968	0.6503	0.0000	0.0046
7	0.9970	0.6632	0.0000	0.0052
8	0.9970	0.7096	0.0000	0.0059
9	0.9987	0.7172	0.0000	0.0065
10	0.9987	0.7705	0.0000	0.0071
11	0.9990	0.7646	0.0000	0.0077
12	0.9990	0.7684	0.0000	0.0083
13	0.9990	0.8378	0.0000	0.0090
14	0.9990	0.8102	0.0000	0.0096
15	0.9990	0.8457	0.0000	0.0102
16	0.9990	0.8423	0.0000	0.0108
17	0.9990	0.8647	0.0000	0.0115
18	0.9990	0.8854	0.0000	0.0121
19	0.9991	0.9038	0.0000	0.0127
20	0.9991	0.9034	0.0000	0.0133
21	0.9991	0.8903	0.0000	0.0139
22	0.9996	0.8935	0.0000	0.0146
23	0.9996	0.9016	0.0000	0.0152
24	0.9998	0.9085	0.0000	0.0158
25	0.9998	0.9292	0.0000	0.0164
26	0.9998	0.9328	0.0000	0.0171
27	0.9999	0.9173	0.0000	0.0177
28	1.0000	0.9196	0.0000	0.0183
29	1.0000	0.9324	0.0000	0.0189
30	1.0000	0.9299	0.0000	0.0195
31	1.0000	0.9319	0.0000	0.0202
32	1.0000	0.9384	0.0000	0.0209
33	1.0000	0.9356	0.0000	0.0215
34	1.0000	0.9442	0.0000	0.0221
35	1.0000	0.9536	0.0000	0.0227
36	1.0000	0.9539	0.0000	0.0233
37	1.0000	0.9705	0.0000	0.0239
38	1.0000	0.9632	0.0000	0.0245
39	1.0000	0.9547	0.0000	0.0251
40	1.0000	0.9593	0.0000	0.0257
41	1.0000	0.9630	0.0000	0.0264
42	1.0000	0.9658	0.0000	0.0270
43	1.0000	0.9693	0.0000	0.0276
44	1.0000	0.9647	0.0000	0.0282
45	1.0000	0.9485	0.0000	0.0288
46	1.0000	0.9425	0.0000	0.0294
47	1.0000	0.9731	0.0000	0.0300
48	1.0000	0.9470	0.0000	0.0306
49	1.0000	0.9605	0.0000	0.0312
50	1.0000	0.9597	0.0000	0.0318
51	1.0000	0.9659	0.0000	0.0324
52	1.0000	0.9402	0.0000	0.0330
53	1.0000	0.9409	0.0000	0.0336
54	1.0000	0.9459	0.0000	0.0343
55	1.0000	0.9535	0.0000	0.0349
56	1.0000	0.9640	0.0000	0.0355
57	1.0000	0.9442	0.0000	0.0361
58	1.0000	0.9478	0.0000	0.0367
59	1.0000	0.9457	0.0000	0.0373
60	1.0000	0.9462	0.0000	0.0379
61	1.0000	0.9657	0.0000	0.0385
62	1.0000	0.9613	0.0000	0.0391
63	1.0000	0.9666	0.0000	0.0397
64	1.0000	0.9432	0.0000	0.0404
65	1.0000	0.9463	0.0000	0.0410
66	1.0000	0.9520	0.0000	0.0416
67	1.0000	0.9597	0.0000	0.0422
68	1.0000	0.9605	0.0000	0.0428
69	1.0000	0.9452	0.0000	0.0434
70	1.0000	0.9553	0.0000	0.0440
71	1.0000	0.9523	0.0000	0.0446
72	1.0000	0.9581	0.0000	0.0452
73	1.0000	0.9096	0.0000	0.0458
74	1.0000	0.9295	0.0000	0.0464
75	1.0000	0.9319	0.0000	0.0470
76	1.0000	0.9343	0.0000	0.0476
77	1.0000	0.9253	0.0000	0.0482
78	1.0000	0.9292	0.0000	0.0488
79	1.0000	0.9314	0.0000	0.0495
80	1.0000	0.9263	0.0000	0.0501
81	1.0000	0.9505	0.0000	0.0507
82	1.0000	0.9372	0.0000	0.0512
83	1.0000	0.9323	0.0000	0.0519
84	1.0000	0.9506	0.0000	0.0525
85	1.0000	0.9571	0.0000	0.0531
86	1.0000	0.9461	0.0000	0.0537
87	1.0000	0.9676	0.0000	0.0543
88	1.0000	0.9666	0.0000	0.0549
89	1.0000	0.9517	0.0000	0.0555
90	1.0000	0.9675	0.0000	0.0561
91	1.0000	0.9506	0.0000	0.0567
92	1.0000	0.9575	0.0000	0.0573
93	1.0000	0.9618	0.0000	0.0579
94	1.0000	0.9657	0.0000	0.0585
95	1.0000	0.9565	0.0000	0.0591
96	1.0000	0.9611	0.0000	0.0597
97	1.0000	0.9654	0.0000	0.0603
98	1.0000	0.9642	0.0000	0.0609
99	1.0000	0.9543	0.0000	0.0615
100	1.0000	0.9532	0.0000	0.0621
101	1.0000	0.9285	0.0000	0.0627
102	1.0000	0.9304	0.0000	0.0633
103	1.0000	0.9311	0.0000	0.0639
104	1.0000	0.9407	0.0000	0.0645
105	1.0000	0.9423	0.0000	0.0651
106	1.0000	0.9566	0.0000	0.0657
107	1.0000	0.9371	0.0000	0.0663
108	1.0000	0.9405	0.0000	0.0669
109	1.0000	0.9564	0.0000	0.0675
110	1.0000	0.9391	0.0000	0.0681
111	1.0000	0.9756	0.0000	0.0687
112	1.0000	0.9621	0.0000	0.0693
113	1.0000	0.9619	0.0000	0.0699
114	1.0000	0.9317	0.0000	0.0705
115	1.0000	0.9087	0.0000	0.0711
116	1.0000	0.9406	0.0000	0.0717
117	1.0000	0.9467	0.0000	0.0723
118	1.0000	0.9340	0.0000	0.0729
119	1.0000	0.9332	0.0000	0.0735
120	1.0000	0.9174	0.0000	0.0741
121	1.0000	0.9424	0.0000	0.0748
122	1.0000	0.9443	0.0000	0.0754
123	1.0000	0.9368	0.0000	0.0760
124	1.0000	0.9491	0.0000	0.0766
125	1.0000	0.9439	0.0000	0.0772
126	1.0000	0.9560	0.0000	0.0778
127	1.0000	0.9327	0.0000	0.0784
128	1.0000	0.9478	0.0000	0.0790
129	1.0000	0.9473	0.0000	0.0797
130	1.0000	0.9494	0.0000	0.0802
131	1.0000	0.9581	0.0000	0.0808
132	1.0000	0.9453	0.0000	0.0814
133	1.0000	0.9322	0.0000	0.0820
134	1.0000	0.9367	0.0000	0.0827
135	1.0000	0.9265	0.0000	0.0833
136	1.0000	0.9338	0.0000	0.0839
137	1.0000	0.9297	0.0000	0.0845
138	1.0000	0.9352	0.0000	0.0850
139	1.0000	0.9227	0.0000	0.0857
140	1.0000	0.9363	0.0000	0.0863
141	1.0000	0.9265	0.0000	0.0869
142	1.0000	0.9002	0.0000	0.0875
143	1.0000	0.9353	0.0000	0.0881
144	1.0000	0.9127	0.0000	0.0887
145	1.0000	0.9110	0.0000	0.0893
146	1.0000	0.9304	0.0000	0.0899
147	1.0000	0.8981	0.0000	0.0906
148	1.0000	0.8880	0.0000	0.0913
149	1.0000	0.9047	0.0000	0.0920
150	1.0000	0.8737	0.0000	0.0927
151	1.0000	0.9205	0.0000	0.0933
152	1.0000	0.9371	0.0000	0.0939
153	1.0000	0.9292	0.0000	0.0946
154	1.0000	0.9194	0.0000	0.0952
155	1.0000	0.9093	0.0000	0.0958
156	1.0000	0.9310	0.0000	0.0964
157	1.0000	0.9114	0.0000	0.0970
158	1.0000	0.9088	0.0000	0.0976
159	1.0000	0.9153	0.0000	0.0982
160	1.0000	0.9207	0.0000	0.0988
161	1.0000	0.9275	0.0000	0.0995
162	1.0000	0.9334	0.0000	0.1001
163	1.0000	0.9379	0.0000	0.1007
164	1.0000	0.9261	0.0000	0.1013
165	1.0000	0.9005	0.0000	0.1019
166	1.0000	0.9287	0.0000	0.1025
167	1.0000	0.9323	0.0000	0.1031
168	1.0000	0.9250	0.0000	0.1037
169	1.0000	0.9185	0.0000	0.1043
170	1.0000	0.9202	0.0000	0.1049
171	1.0000	0.9201	0.0000	0.1055
172	1.0000	0.9527	0.0000	0.1061
173	1.0000	0.9510	0.0000	0.1067
174	1.0000	0.9376	0.0000	0.1073
175	1.0000	0.9421	0.0000	0.1079
176	1.0000	0.9419	0.0000	0.1085
177	1.0000	0.9347	0.0000	0.1091
178	1.0000	0.9502	0.0000	0.1097
179	1.0000	0.9548	0.0000	0.1103
180	1.0000	0.9425	0.0000	0.1109
181	1.0000	0.9073	0.0000	0.1115
182	1.0000	0.9147	0.0000	0.1121
183	1.0000	0.9254	0.0000	0.1127
184	1.0000	0.9240	0.0000	0.1134
185	1.0000	0.9152	0.0000	0.1140
186	1.0000	0.9100	0.0000	0.1146
187	1.0000	0.9228	0.0000	0.1152
188	1.0000	0.9140	0.0000	0.1158
189	1.0000	0.9498	0.0000	0.1164
190	1.0000	0.9315	0.0000	0.1170
191	1.0000	0.9654	0.0000	0.1176
192	1.0000	0.9552	0.0000	0.1182
193	1.0000	0.9703	0.0000	0.1188
194	1.0000	0.9596	0.0000	0.1194
195	1.0000	0.9476	0.0000	0.1200
196	1.0000	0.9489	0.0000	0.1206
197	1.0000	0.9540	0.0000	0.1213
198	1.0000	0.9531	0.0000	0.1219
199	1.0000	0.9469	0.0000	0.1225
200	1.0000	0.9483	0.0000	0.1231
201	1.0000	0.9497	0.0000	0.1237
202	1.0000	0.9652	0.0000	0.1243
203	1.0000	0.9661	0.0000	0.1249
204	1.0000	0.9659	0.0000	0.1255
205	1.0000	0.9616	0.0000	0.1261
206	1.0000	0.9612	0.0000	0.1268
207	1.0000	0.9572	0.0000	0.1274
208	1.0000	0.9370	0.0000	0.1280
209	1.0000	0.9431	0.0000	0.1286
210	1.0000	0.9489	0.0000	0.1292
211	1.0000	0.9413	0.0000	0.1298
212	1.0000	0.9568	0.0000	0.1304
213	1.0000	0.9418	0.0000	0.1311
214	1.0000	0.9650	0.0000	0.1317
215	1.0000	0.9449	0.0000	0.1323
216	1.0000	0.9322	0.0000	0.1329
217	1.0000	0.9489	0.0000	0.1335
218	1.0000	0.9470	0.0000	0.1341
219	1.0000	0.9424	0.0000	0.1347
220	1.0000	0.9593	0.0000	0.1353
221	1.0000	0.9421	0.0000	0.1359
222	1.0000	0.9580	0.0000	0.1366
223	1.0000	0.9319	0.0000	0.1371
224	1.0000	0.9272	0.0000	0.1378
225	1.0000	0.9256	0.0000	0.1384
226	1.0000	0.9097	0.0000	0.1390
227	1.0000	0.9317	0.0000	0.1396
228	1.0000	0.9200	0.0000	0.1402
229	1.0000	0.9493	0.0000	0.1408
230	1.0000	0.9351	0.0000	0.1414
231	1.0000	0.9423	0.0000	0.1420
232	1.0000	0.9401	0.0000	0.1426
233	1.0000	0.9477	0.0000	0.1432
234	1.0000	0.9500	0.0000	0.1438
235	1.0000	0.9455	0.0000	0.1444
236	1.0000	0.9605	0.0000	0.1450
237	1.0000	0.9283	0.0000	0.1456
238	1.0000	0.8955	0.0000	0.1463
239	1.0000	0.9220	0.0000	0.1469
240	1.0000	0.9084	0.0000	0.1475
241	1.0000	0.9168	0.0000	0.1481
242	1.0000	0.9296	0.0000	0.1487
243	1.0000	0.9061	0.0000	0.1493
244	1.0000	0.9405	0.0000	0.1499
245	1.0000	0.9391	0.0000	0.1506
246	1.0000	0.9433	0.0000	0.1512
247	1.0000	0.9490	0.0000	0.1518
248	1.0000	0.9438	0.0000	0.1524
249	1.0000	0.9381	0.0000	0.1530
250	1.0000	0.9354	0.0000	0.1537
251	1.0000	0.8934	0.0000	0.1543
252	1.0000	0.9247	0.0000	0.1549
253	1.0000	0.9234	0.0000	0.1555
254	1.0000	0.8987	0.0000	0.1561
255	1.0000	0.9210	0.0000	0.1567
256	1.0000	0.9098	0.0000	0.1573
257	1.0000	0.9081	0.0000	0.1579
258	1.0000	0.9218	0.0000	0.1586
259	1.0000	0.9243	0.0000	0.1592
260	1.0000	0.9395	0.0000	0.1598
261	1.0000	0.9344	0.0000	0.1604
262	1.0000	0.9157	0.0000	0.1610
263	1.0000	0.9085	0.0000	0.1616
264	1.0000	0.9046	0.0000	0.1622
265	1.0000	0.9200	0.0000	0.1629
266	1.0000	0.9292	0.0000	0.1635
267	1.0000	0.9183	0.0000	0.1641
268	1.0000	0.9223	0.0000	0.1647
269	1.0000	0.9181	0.0000	0.1652
270	1.0000	0.9369	0.0000	0.1659
271	1.0000	0.9252	0.0000	0.1665
272	1.0000	0.9455	0.0000	0.1671
273	1.0000	0.9519	0.0000	0.1677
274	1.0000	0.9258	0.0000	0.1684
275	1.0000	0.9198	0.0000	0.1690
276	1.0000	0.9371	0.0000	0.1696
277	1.0000	0.9465	0.0000	0.1702
278	1.0000	0.9278	0.0000	0.1708
279	1.0000	0.9393	0.0000	0.1715
280	1.0000	0.9477	0.0000	0.1721
281	1.0000	0.9455	0.0000	0.1727
282	1.0000	0.9503	0.0000	0.1733
283	1.0000	0.9421	0.0000	0.1739
284	1.0000	0.9523	0.0000	0.1746
285	1.0000	0.9607	0.0000	0.1752
286	1.0000	0.9625	0.0000	0.1758
287	1.0000	0.9568	0.0000	0.1764
288	1.0000	0.9614	0.0000	0.1770
289	1.0000	0.9603	0.0000	0.1776
290	1.0000	0.9678	0.0000	0.1782
291	1.0000	0.9532	0.0000	0.1788
292	1.0000	0.9527	0.0000	0.1794
293	1.0000	0.9508	0.0000	0.1801
294	1.0000	0.9487	0.0000	0.1807
295	1.0000	0.9529	0.0000	0.1813
296	1.0000	0.9456	0.0000	0.1819
297	1.0000	0.9589	0.0000	0.1826
298	1.0000	0.9568	0.0000	0.1832
299	1.0000	0.9613	0.0000	0.1838
300	1.0000	0.9625	0.0000	0.1844
301	1.0000	0.9458	0.0000	0.1851
302	1.0000	0.9306	0.0000	0.1857
303	1.0000	0.9592	0.0000	0.1863
304	1.0000	0.9502	0.0000	0.1869
305	1.0000	0.9532	0.0000	0.1875
306	1.0000	0.9528	0.0000	0.1881
307	1.0000	0.9641	0.0000	0.1887
308	1.0000	0.9782	0.0000	0.1893
309	1.0000	0.9700	0.0000	0.1899
310	1.0000	0.9713	0.0000	0.1905
311	1.0000	0.9658	0.0000	0.1911
312	1.0000	0.9524	0.0000	0.1917
313	1.0000	0.9711	0.0000	0.1923
314	1.0000	0.9618	0.0000	0.1930
315	1.0000	0.9723	0.0000	0.1938
316	1.0000	0.9788	0.0000	0.1945
317	1.0000	0.9774	0.0000	0.1951
318	1.0000	0.9654	0.0000	0.1957
319	1.0000	0.9659	0.0000	0.1963
320	1.0000	0.9707	0.0000	0.1969
321	1.0000	0.9602	0.0000	0.1975
322	1.0000	0.9602	0.0000	0.1981
323	1.0000	0.9658	0.0000	0.1987
324	1.0000	0.9523	0.0000	0.1993
325	1.0000	0.9676	0.0000	0.1999
326	1.0000	0.9555	0.0000	0.2005
327	1.0000	0.9405	0.0000	0.2011
328	1.0000	0.9625	0.0000	0.2017
329	1.0000	0.8993	0.0000	0.2023
330	1.0000	0.8858	0.0000	0.2029
331	1.0000	0.9117	0.0000	0.2035
332	1.0000	0.9103	0.0000	0.2041
333	1.0000	0.9298	0.0000	0.2047
334	1.0000	0.9108	0.0000	0.2053
335	1.0000	0.8835	0.0000	0.2060
336	1.0000	0.8944	0.0000	0.2066
337	1.0000	0.8990	0.0000	0.2072
338	1.0000	0.9042	0.0000	0.2078
339	1.0000	0.8683	0.0000	0.2084
340	1.0000	0.8990	0.0000	0.2090
341	1.0000	0.8563	0.0000	0.2096
342	1.0000	0.8618	0.0000	0.2102
343	1.0000	0.8927	0.0000	0.2108
344	1.0000	0.8544	0.0000	0.2114
345	1.0000	0.8811	0.0000	0.2121
346	1.0000	0.8990	0.0000	0.2127
347	1.0000	0.8744	0.0000	0.2133
348	1.0000	0.9037	0.0000	0.2139
349	1.0000	0.9096	0.0000	0.2145
350	1.0000	0.9139	0.0000	0.2151
351	1.0000	0.9053	0.0000	0.2157
352	1.0000	0.8958	0.0000	0.2163
353	1.0000	0.9264	0.0000	0.2169
354	1.0000	0.9196	0.0000	0.2175
355	1.0000	0.9526	0.0000	0.2181
356	1.0000	0.9282	0.0000	0.2187
357	1.0000	0.9368	0.0000	0.2193
358	1.0000	0.9365	0.0000	0.2199
359	1.0000	0.9409	0.0000	0.2205
360	1.0000	0.9273	0.0000	0.2211
361	1.0000	0.9290	0.0000	0.2218
362	1.0000	0.9340	0.0000	0.2224
363	1.0000	0.9365	0.0000	0.2230
364	1.0000	0.9313	0.0000	0.2236
365	1.0000	0.9418	0.0000	0.2242
366	1.0000	0.9480	0.0000	0.2248
367	1.0000	0.9576	0.0000	0.2254
368	1.0000	0.9568	0.0000	0.2260
369	1.0000	0.9707	0.0000	0.2266
370	1.0000	0.9464	0.0000	0.2272
371	1.0000	0.9402	0.0000	0.2278
372	1.0000	0.9432	0.0000	0.2284
373	1.0000	0.9533	0.0000	0.2290
374	1.0000	0.9539	0.0000	0.2296
375	1.0000	0.9756	0.0000	0.2302
376	1.0000	0.9571	0.0000	0.2308
377	1.0000	0.9539	0.0000	0.2314
378	1.0000	0.9421	0.0000	0.2320
379	1.0000	0.9666	0.0000	0.2326
380	1.0000	0.9599	0.0000	0.2332
381	1.0000	0.9500	0.0000	0.2338
382	1.0000	0.9628	0.0000	0.2344
383	1.0000	0.9657	0.0000	0.2350
384	1.0000	0.9562	0.0000	0.2356
385	1.0000	0.9443	0.0000	0.2363
386	1.0000	0.9493	0.0000	0.2369
387	1.0000	0.9289	0.0000	0.2375
388	1.0000	0.9240	0.0000	0.2381
389	1.0000	0.9357	0.0000	0.2387
390	1.0000	0.9596	0.0000	0.2393
391	1.0000	0.9490	0.0000	0.2399
392	1.0000	0.9485	0.0000	0.2405
393	1.0000	0.9315	0.0000	0.2412
394	1.0000	0.9477	0.0000	0.2418
395	1.0000	0.9599	0.0000	0.2424
396	1.0000	0.9500	0.0000	0.2430
397	1.0000	0.9468	0.0000	0.2436
398	1.0000	0.9538	0.0000	0.2442
399	1.0000	0.9309	0.0000	0.2448
400	1.0000	0.9472	0.0000	0.2454
401	1.0000	0.9235	0.0000	0.2461
402	1.0000	0.9457	0.0000	0.2467
403	1.0000	0.9143	0.0000	0.2473
404	1.0000	0.9336	0.0000	0.2479
405	1.0000	0.9595	0.0000	0.2485
406	1.0000	0.9091	0.0000	0.2491
407	1.0000	0.9259	0.0000	0.2497
408	1.0000	0.9200	0.0000	0.2503
409	1.0000	0.8872	0.0000	0.2509
410	1.0000	0.9268	0.0000	0.2516
411	1.0000	0.9081	0.0000	0.2522
412	1.0000	0.9242	0.0000	0.2528
413	1.0000	0.9206	0.0000	0.2534
414	1.0000	0.9213	0.0000	0.2540
415	1.0000	0.9380	0.0000	0.2546
416	1.0000	0.9465	0.0000	0.2552
417	1.0000	0.9617	0.0000	0.2558
418	1.0000	0.9555	0.0000	0.2564
419	1.0000	0.9470	0.0000	0.2570
420	1.0000	0.9725	0.0000	0.2576
421	1.0000	0.9512	0.0000	0.2582
422	1.0000	0.9522	0.0000	0.2588
423	1.0000	0.9550	0.0000	0.2594
424	1.0000	0.9475	0.0000	0.2601
425	1.0000	0.9361	0.0000	0.2607
426	1.0000	0.9425	0.0000	0.2613
427	1.0000	0.9401	0.0000	0.2619
428	1.0000	0.9419	0.0000	0.2624
429	1.0000	0.9607	0.0000	0.2630
430	1.0000	0.9444	0.0000	0.2637
431	1.0000	0.9606	0.0000	0.2643
432	1.0000	0.9613	0.0000	0.2649
433	1.0000	0.9509	0.0000	0.2655
434	1.0000	0.9590	0.0000	0.2661
435	1.0000	0.9367	0.0000	0.2667
436	1.0000	0.9717	0.0000	0.2673
437	1.0000	0.9419	0.0000	0.2679
438	1.0000	0.9631	0.0000	0.2685
439	1.0000	0.9693	0.0000	0.2691
440	1.0000	0.9669	0.0000	0.2697
441	1.0000	0.9565	0.0000	0.2703
442	1.0000	0.9261	0.0000	0.2709
443	1.0000	0.9380	0.0000	0.2715
444	1.0000	0.9418	0.0000	0.2723
445	1.0000	0.9534	0.0000	0.2729
446	1.0000	0.9555	0.0000	0.2736
447	1.0000	0.9330	0.0000	0.2742
448	1.0000	0.9339	0.0000	0.2749
449	1.0000	0.9284	0.0000	0.2755
450	1.0000	0.9561	0.0000	0.2761
451	1.0000	0.9306	0.0000	0.2767
452	1.0000	0.9312	0.0000	0.2773
453	1.0000	0.9515	0.0000	0.2779
454	1.0000	0.9583	0.0000	0.2785
455	1.0000	0.8929	0.0000	0.2791
456	1.0000	0.9266	0.0000	0.2797
457	1.0000	0.9413	0.0000	0.2803
458	1.0000	0.9313	0.0000	0.2810
459	1.0000	0.9445	0.0000	0.2816
460	1.0000	0.9328	0.0000	0.2822
461	1.0000	0.9007	0.0000	0.2828
462	1.0000	0.9406	0.0000	0.2834
463	1.0000	0.8965	0.0000	0.2840
464	1.0000	0.9361	0.0000	0.2846
465	1.0000	0.9104	0.0000	0.2853
466	1.0000	0.9409	0.0000	0.2859
467	1.0000	0.8997	0.0000	0.2865
468	1.0000	0.9038	0.0000	0.2871
469	1.0000	0.8847	0.0000	0.2877
470	1.0000	0.8879	0.0000	0.2884
471	1.0000	0.8895	0.0000	0.2890
472	1.0000	0.9112	0.0000	0.2896
473	1.0000	0.8904	0.0000	0.2902
474	1.0000	0.8895	0.0000	0.2908
475	1.0000	0.8998	0.0000	0.2914
476	1.0000	0.9238	0.0000	0.2920
477	1.0000	0.9298	0.0000	0.2926
478	1.0000	0.9352	0.0000	0.2933
479	1.0000	0.9336	0.0000	0.2939
480	1.0000	0.9374	0.0000	0.2945
481	1.0000	0.9389	0.0000	0.2951
482	1.0000	0.9447	0.0000	0.2957
483	1.0000	0.9363	0.0000	0.2963
484	1.0000	0.9605	0.0000	0.2969
485	1.0000	0.9489	0.0000	0.2975
486	1.0000	0.9677	0.0000	0.2981
487	1.0000	0.9372	0.0000	0.2987
488	1.0000	0.9294	0.0000	0.2993
489	1.0000	0.9430	0.0000	0.2999
490	1.0000	0.9314	0.0000	0.3005
491	1.0000	0.9221	0.0000	0.3011
492	1.0000	0.9381	0.0000	0.3017
493	1.0000	0.9477	0.0000	0.3023
494	1.0000	0.9476	0.0000	0.3030
495	1.0000	0.9392	0.0000	0.3036
496	1.0000	0.9502	0.0000	0.3042
497	1.0000	0.9480	0.0000	0.3048
498	1.0000	0.9491	0.0000	0.3054
499	1.0000	0.9460	0.0000	0.3060
500	1.0000	0.9359	0.0000	0.3067
501	1.0000	0.9383	0.0000	0.3073
502	1.0000	0.9463	0.0000	0.3079
503	1.0000	0.9643	0.0000	0.3085
504	1.0000	0.9311	0.0000	0.3091
505	1.0000	0.9579	0.0000	0.3097
506	1.0000	0.9466	0.0000	0.3103
507	1.0000	0.9346	0.0000	0.3109
508	1.0000	0.9265	0.0000	0.3115
509	1.0000	0.9232	0.0000	0.3121
510	1.0000	0.9314	0.0000	0.3127
511	1.0000	0.9167	0.0000	0.3134
512	1.0000	0.9468	0.0000	0.3140
513	1.0000	0.9327	0.0000	0.3146
514	1.0000	0.9299	0.0000	0.3152
515	1.0000	0.9543	0.0000	0.3158
516	1.0000	0.9476	0.0000	0.3164
517	1.0000	0.9513	0.0000	0.3170
518	1.0000	0.9391	0.0000	0.3176
519	1.0000	0.9450	0.0000	0.3182
520	1.0000	0.9510	0.0000	0.3189
521	1.0000	0.9165	0.0000	0.3195
522	1.0000	0.9462	0.0000	0.3201
523	1.0000	0.9371	0.0000	0.3207
524	1.0000	0.9131	0.0000	0.3213
525	1.0000	0.9422	0.0000	0.3220
526	1.0000	0.9558	0.0000	0.3226
527	1.0000	0.9478	0.0000	0.3232
528	1.0000	0.9666	0.0000	0.3238
529	1.0000	0.9498	0.0000	0.3245
530	1.0000	0.9492	0.0000	0.3251
531	1.0000	0.9486	0.0000	0.3257
532	1.0000	0.9493	0.0000	0.3263
533	1.0000	0.9467	0.0000	0.3270
534	1.0000	0.9536	0.0000	0.3277
535	1.0000	0.9431	0.0000	0.3283
536	1.0000	0.9544	0.0000	0.3289
537	1.0000	0.9558	0.0000	0.3295
538	1.0000	0.9629	0.0000	0.3301
539	1.0000	0.9511	0.0000	0.3307
540	1.0000	0.9334	0.0000	0.3313
541	1.0000	0.9432	0.0000	0.3319
542	1.0000	0.9490	0.0000	0.3325
543	1.0000	0.9483	0.0000	0.3331
544	1.0000	0.9469	0.0000	0.3338
545	1.0000	0.9528	0.0000	0.3344
546	1.0000	0.9417	0.0000	0.3350
547	1.0000	0.9465	0.0000	0.3356
548	1.0000	0.9600	0.0000	0.3363
549	1.0000	0.9569	0.0000	0.3369
550	1.0000	0.9566	0.0000	0.3375
551	1.0000	0.9492	0.0000	0.3381
552	1.0000	0.9666	0.0000	0.3387
553	1.0000	0.9583	0.0000	0.3393
554	1.0000	0.9593	0.0000	0.3400
555	1.0000	0.9652	0.0000	0.3406
556	1.0000	0.9407	0.0000	0.3412
557	1.0000	0.9404	0.0000	0.3418
558	1.0000	0.9414	0.0000	0.3425
559	1.0000	0.9651	0.0000	0.3431
560	1.0000	0.9481	0.0000	0.3437
561	1.0000	0.9266	0.0000	0.3443
562	1.0000	0.9445	0.0000	0.3449
563	1.0000	0.9619	0.0000	0.3455
564	1.0000	0.9261	0.0000	0.3461
565	1.0000	0.9476	0.0000	0.3468
566	1.0000	0.9121	0.0000	0.3474
567	1.0000	0.9252	0.0000	0.3480
568	1.0000	0.9408	0.0000	0.3486
569	1.0000	0.9378	0.0000	0.3492
570	1.0000	0.9350	0.0000	0.3498
571	1.0000	0.9494	0.0000	0.3504
572	1.0000	0.9446	0.0000	0.3511
573	1.0000	0.9408	0.0000	0.3517
574	1.0000	0.9483	0.0000	0.3523
575	1.0000	0.9461	0.0000	0.3529
576	1.0000	0.9491	0.0000	0.3535
577	1.0000	0.9536	0.0000	0.3541
578	1.0000	0.9605	0.0000	0.3547
579	1.0000	0.9367	0.0000	0.3554
580	1.0000	0.9553	0.0000	0.3560
581	1.0000	0.9664	0.0000	0.3567
582	1.0000	0.9621	0.0000	0.3573
583	1.0000	0.9523	0.0000	0.3580
584	1.0000	0.9658	0.0000	0.3586
585	1.0000	0.9629	0.0000	0.3592
586	1.0000	0.9616	0.0000	0.3598
587	1.0000	0.9680	0.0000	0.3604
588	1.0000	0.9694	0.0000	0.3611
589	1.0000	0.9544	0.0000	0.3617
590	1.0000	0.9533	0.0000	0.3623
591	1.0000	0.9439	0.0000	0.3629
592	1.0000	0.9601	0.0000	0.3635
593	1.0000	0.9614	0.0000	0.3641
594	1.0000	0.9680	0.0000	0.3648
595	1.0000	0.9564	0.0000	0.3654
596	1.0000	0.9583	0.0000	0.3660
597	1.0000	0.9591	0.0000	0.3666
598	1.0000	0.9611	0.0000	0.3673
599	1.0000	0.9648	0.0000	0.3679
600	1.0000	0.9698	0.0000	0.3685
601	1.0000	0.9614	0.0000	0.3691
602	1.0000	0.9789	0.0000	0.3697
603	1.0000	0.9724	0.0000	0.3704
604	1.0000	0.9702	0.0000	0.3710
605	1.0000	0.9713	0.0000	0.3716
606	1.0000	0.9746	0.0000	0.3722
607	1.0000	0.9759	0.0000	0.3728
608	1.0000	0.9748	0.0000	0.3734
609	1.0000	0.9819	0.0000	0.3740
610	1.0000	0.9846	0.0000	0.3746
611	1.0000	0.9771	0.0000	0.3752
612	1.0000	0.9824	0.0000	0.3758
613	1.0000	0.9844	0.0000	0.3764
614	1.0000	0.9751	0.0000	0.3771
615	1.0000	0.9708	0.0000	0.3776
616	1.0000	0.9727	0.0000	0.3783
617	1.0000	0.9704	0.0000	0.3789
618	1.0000	0.9701	0.0000	0.3795
619	1.0000	0.9708	0.0000	0.3801
620	1.0000	0.9374	0.0000	0.3807
621	1.0000	0.9402	0.0000	0.3814
622	1.0000	0.8859	0.0000	0.3820
623	1.0000	0.9048	0.0000	0.3826
624	1.0000	0.9132	0.0000	0.3832
625	1.0000	0.9123	0.0000	0.3838
626	1.0000	0.9151	0.0000	0.3845
627	1.0000	0.8880	0.0000	0.3851
628	1.0000	0.9104	0.0000	0.3857
629	1.0000	0.9050	0.0000	0.3863
630	1.0000	0.9392	0.0000	0.3870
631	1.0000	0.9181	0.0000	0.3876
632	1.0000	0.9115	0.0000	0.3882
633	1.0000	0.9548	0.0000	0.3888
634	1.0000	0.9439	0.0000	0.3894
635	1.0000	0.9400	0.0000	0.3901
636	1.0000	0.9295	0.0000	0.3907
637	1.0000	0.9229	0.0000	0.3913
638	1.0000	0.9233	0.0000	0.3919
639	1.0000	0.9324	0.0000	0.3925
640	1.0000	0.9373	0.0000	0.3932
641	1.0000	0.9538	0.0000	0.3938
642	1.0000	0.9248	0.0000	0.3944
643	1.0000	0.9474	0.0000	0.3950
644	1.0000	0.9441	0.0000	0.3956
645	1.0000	0.9481	0.0000	0.3962
646	1.0000	0.9533	0.0000	0.3968
647	1.0000	0.9433	0.0000	0.3975
648	1.0000	0.9392	0.0000	0.3981
649	1.0000	0.9518	0.0000	0.3987
650	1.0000	0.9572	0.0000	0.3994
651	1.0000	0.9604	0.0000	0.4000
652	1.0000	0.9209	0.0000	0.4006
653	1.0000	0.9445	0.0000	0.4012
654	1.0000	0.9417	0.0000	0.4018
655	1.0000	0.9323	0.0000	0.4025
656	1.0000	0.9478	0.0000	0.4031
657	1.0000	0.9130	0.0000	0.4037
658	1.0000	0.9305	0.0000	0.4043
659	1.0000	0.9339	0.0000	0.4050
660	1.0000	0.9197	0.0000	0.4056
661	1.0000	0.9409	0.0000	0.4062
662	1.0000	0.9576	0.0000	0.4068
663	1.0000	0.9263	0.0000	0.4074
664	1.0000	0.9548	0.0000	0.4080
665	1.0000	0.9436	0.0000	0.4086
666	1.0000	0.9455	0.0000	0.4092
667	1.0000	0.9580	0.0000	0.4098
668	1.0000	0.9631	0.0000	0.4105
669	1.0000	0.9368	0.0000	0.4111
670	1.0000	0.9517	0.0000	0.4117
671	1.0000	0.9607	0.0000	0.4123
672	1.0000	0.9589	0.0000	0.4129
673	1.0000	0.9537	0.0000	0.4135
674	1.0000	0.9474	0.0000	0.4141
675	1.0000	0.9665	0.0000	0.4147
676	1.0000	0.9666	0.0000	0.4153
677	1.0000	0.9775	0.0000	0.4159
678	1.0000	0.9627	0.0000	0.4165
679	1.0000	0.9660	0.0000	0.4172
680	1.0000	0.9660	0.0000	0.4178
681	1.0000	0.9491	0.0000	0.4184
682	1.0000	0.9655	0.0000	0.4190
683	1.0000	0.9721	0.0000	0.4196
684	1.0000	0.9655	0.0000	0.4202
685	1.0000	0.9536	0.0000	0.4208
686	1.0000	0.9254	0.0000	0.4214
687	1.0000	0.9280	0.0000	0.4221
688	1.0000	0.9248	0.0000	0.4227
689	1.0000	0.9455	0.0000	0.4233
690	1.0000	0.9341	0.0000	0.4239
691	1.0000	0.9416	0.0000	0.4245
692	1.0000	0.9622	0.0000	0.4252
693	1.0000	0.9383	0.0000	0.4258
694	1.0000	0.9550	0.0000	0.4264
695	1.0000	0.9547	0.0000	0.4270
696	1.0000	0.9724	0.0000	0.4276
697	1.0000	0.9483	0.0000	0.4283
698	1.0000	0.9216	0.0000	0.4289
699	1.0000	0.9345	0.0000	0.4295
700	1.0000	0.9428	0.0000	0.4301
701	1.0000	0.9596	0.0000	0.4307
702	1.0000	0.9490	0.0000	0.4313
703	1.0000	0.9532	0.0000	0.4319
704	1.0000	0.9330	0.0000	0.4325
705	1.0000	0.9300	0.0000	0.4333
706	1.0000	0.9470	0.0000	0.4339
707	1.0000	0.9567	0.0000	0.4346
708	1.0000	0.9534	0.0000	0.4352
709	1.0000	0.9378	0.0000	0.4358
710	1.0000	0.9482	0.0000	0.4364
711	1.0000	0.9624	0.0000	0.4371
712	1.0000	0.9421	0.0000	0.4377
713	1.0000	0.9577	0.0000	0.4383
714	1.0000	0.9623	0.0000	0.4389
715	1.0000	0.9561	0.0000	0.4395
716	1.0000	0.9746	0.0000	0.4402
717	1.0000	0.9626	0.0000	0.4408
718	1.0000	0.9696	0.0000	0.4414
719	1.0000	0.9684	0.0000	0.4420
720	1.0000	0.9604	0.0000	0.4427
721	1.0000	0.9662	0.0000	0.4433
722	1.0000	0.9770	0.0000	0.4439
723	1.0000	0.9677	0.0000	0.4445
724	1.0000	0.9810	0.0000	0.4452
725	1.0000	0.9735	0.0000	0.4458
726	1.0000	0.9798	0.0000	0.4464
727	1.0000	0.9596	0.0000	0.4470
728	1.0000	0.9713	0.0000	0.4476
729	1.0000	0.9563	0.0000	0.4482
730	1.0000	0.9686	0.0000	0.4488
731	1.0000	0.9647	0.0000	0.4495
732	1.0000	0.9535	0.0000	0.4501
733	1.0000	0.9482	0.0000	0.4507
734	1.0000	0.9553	0.0000	0.4513
735	1.0000	0.9554	0.0000	0.4519
736	1.0000	0.9617	0.0000	0.4525
737	1.0000	0.9587	0.0000	0.4531
738	1.0000	0.9532	0.0000	0.4537
739	1.0000	0.9589	0.0000	0.4543
740	1.0000	0.9675	0.0000	0.4549
741	1.0000	0.9034	0.0000	0.4556
742	1.0000	0.9331	0.0000	0.4562
743	1.0000	0.9381	0.0000	0.4567
744	1.0000	0.9319	0.0000	0.4574
745	1.0000	0.9279	0.0000	0.4580
746	1.0000	0.9251	0.0000	0.4586
747	1.0000	0.9480	0.0000	0.4592
748	1.0000	0.9416	0.0000	0.4598
749	1.0000	0.9466	0.0000	0.4604
750	1.0000	0.9251	0.0000	0.4610
751	1.0000	0.9501	0.0000	0.4616
752	1.0000	0.9577	0.0000	0.4622
753	1.0000	0.9657	0.0000	0.4628
754	1.0000	0.9464	0.0000	0.4634
755	1.0000	0.9531	0.0000	0.4641
756	1.0000	0.9663	0.0000	0.4647
757	1.0000	0.9608	0.0000	0.4653
758	1.0000	0.9682	0.0000	0.4659
759	1.0000	0.9687	0.0000	0.4666
760	1.0000	0.9714	0.0000	0.4672
761	1.0000	0.9604	0.0000	0.4679
762	1.0000	0.9606	0.0000	0.4685
763	1.0000	0.9210	0.0000	0.4691
764	1.0000	0.9571	0.0000	0.4698
765	1.0000	0.9276	0.0000	0.4704
766	1.0000	0.9423	0.0000	0.4710
767	1.0000	0.9362	0.0000	0.4716
768	1.0000	0.9280	0.0000	0.4722
769	1.0000	0.9312	0.0000	0.4728
770	1.0000	0.9689	0.0000	0.4734
771	1.0000	0.9633	0.0000	0.4740
772	1.0000	0.9524	0.0000	0.4747
773	1.0000	0.9007	0.0000	0.4753
774	1.0000	0.9243	0.0000	0.4759
775	1.0000	0.9233	0.0000	0.4765
776	1.0000	0.9183	0.0000	0.4771
777	1.0000	0.9249	0.0000	0.4777
778	1.0000	0.9290	0.0000	0.4784
779	1.0000	0.9177	0.0000	0.4791
780	1.0000	0.9501	0.0000	0.4798
781	1.0000	0.9406	0.0000	0.4805
782	1.0000	0.9438	0.0000	0.4811
783	1.0000	0.9236	0.0000	0.4817
784	1.0000	0.9149	0.0000	0.4824
785	1.0000	0.8849	0.0000	0.4830
786	1.0000	0.9071	0.0000	0.4836
787	1.0000	0.8855	0.0000	0.4842
788	1.0000	0.9061	0.0000	0.4849
789	1.0000	0.9057	0.0000	0.4855
790	1.0000	0.9187	0.0000	0.4861
791	1.0000	0.9071	0.0000	0.4867
792	1.0000	0.9061	0.0000	0.4873
793	1.0000	0.9190	0.0000	0.4879
794	1.0000	0.9419	0.0000	0.4886
795	1.0000	0.9417	0.0000	0.4892
796	1.0000	0.9155	0.0000	0.4898
797	1.0000	0.9339	0.0000	0.4904
798	1.0000	0.9203	0.0000	0.4911
799	1.0000	0.9141	0.0000	0.4917
800	1.0000	0.9421	0.0000	0.4923
801	1.0000	0.9410	0.0000	0.4929
802	1.0000	0.9155	0.0000	0.4935
803	1.0000	0.9249	0.0000	0.4941
804	1.0000	0.9379	0.0000	0.4947
805	1.0000	0.9453	0.0000	0.4954
806	1.0000	0.9510	0.0000	0.4960
807	1.0000	0.9329	0.0000	0.4966
808	1.0000	0.9435	0.0000	0.4972
809	1.0000	0.9673	0.0000	0.4978
810	1.0000	0.9440	0.0000	0.4985
811	1.0000	0.9589	0.0000	0.4991
812	1.0000	0.9458	0.0000	0.4997
813	1.0000	0.9426	0.0000	0.5003
814	1.0000	0.9583	0.0000	0.5009
815	1.0000	0.9582	0.0000	0.5015
816	1.0000	0.9744	0.0000	0.5021
817	1.0000	0.9649	0.0000	0.5027
818	1.0000	0.9721	0.0000	0.5033
819	1.0000	0.9662	0.0000	0.5039
820	1.0000	0.9732	0.0000	0.5046
821	1.0000	0.9724	0.0000	0.5052
822	1.0000	0.9685	0.0000	0.5058
823	1.0000	0.9694	0.0000	0.5064
824	1.0000	0.9632	0.0000	0.5070
825	1.0000	0.9714	0.0000	0.5076
826	1.0000	0.9722	0.0000	0.5082
827	1.0000	0.9600	0.0000	0.5088
828	1.0000	0.9685	0.0000	0.5094
829	1.0000	0.9868	0.0000	0.5100
830	1.0000	0.9747	0.0000	0.5107
831	1.0000	0.9863	0.0000	0.5113
832	1.0000	0.9796	0.0000	0.5119
833	1.0000	0.9779	0.0000	0.5124
834	1.0000	0.9699	0.0000	0.5131
835	1.0000	0.9804	0.0000	0.5137
836	1.0000	0.9791	0.0000	0.5143
837	1.0000	0.9230	0.0000	0.5149
838	1.0000	0.9205	0.0000	0.5155
839	1.0000	0.9524	0.0000	0.5161
840	1.0000	0.9582	0.0000	0.5169
841	1.0000	0.9586	0.0000	0.5175
842	1.0000	0.9372	0.0000	0.5181
843	1.0000	0.9418	0.0000	0.5188
844	1.0000	0.9572	0.0000	0.5194
845	1.0000	0.9430	0.0000	0.5200
846	1.0000	0.9636	0.0000	0.5206
847	1.0000	0.9425	0.0000	0.5212
848	1.0000	0.9436	0.0000	0.5218
849	1.0000	0.9454	0.0000	0.5224
850	1.0000	0.9220	0.0000	0.5230
851	1.0000	0.9480	0.0000	0.5236
852	1.0000	0.9466	0.0000	0.5242
853	1.0000	0.9627	0.0000	0.5249
854	1.0000	0.9523	0.0000	0.5256
855	1.0000	0.9555	0.0000	0.5263
856	1.0000	0.9600	0.0000	0.5269
857	1.0000	0.9458	0.0000	0.5275
858	1.0000	0.9362	0.0000	0.5282
859	1.0000	0.9143	0.0000	0.5288
860	1.0000	0.9036	0.0000	0.5294
861	1.0000	0.9283	0.0000	0.5300
862	1.0000	0.8970	0.0000	0.5306
863	1.0000	0.9384	0.0000	0.5313
864	1.0000	0.9306	0.0000	0.5319
865	1.0000	0.9156	0.0000	0.5325
866	1.0000	0.9132	0.0000	0.5331
867	1.0000	0.9018	0.0000	0.5337
868	1.0000	0.9111	0.0000	0.5344
869	1.0000	0.9137	0.0000	0.5350
870	1.0000	0.9096	0.0000	0.5356
871	1.0000	0.9298	0.0000	0.5362
872	1.0000	0.9228	0.0000	0.5368
873	1.0000	0.8976	0.0000	0.5374
874	1.0000	0.9117	0.0000	0.5380
875	1.0000	0.9197	0.0000	0.5386
876	1.0000	0.9071	0.0000	0.5393
877	1.0000	0.9314	0.0000	0.5399
878	1.0000	0.9531	0.0000	0.5405
879	1.0000	0.9286	0.0000	0.5411
880	1.0000	0.9477	0.0000	0.5417
881	1.0000	0.9291	0.0000	0.5423
882	1.0000	0.9363	0.0000	0.5429
883	1.0000	0.9570	0.0000	0.5435
884	1.0000	0.9538	0.0000	0.5442
885	1.0000	0.9359	0.0000	0.5448
886	1.0000	0.9425	0.0000	0.5454
887	1.0000	0.9630	0.0000	0.5460
888	1.0000	0.9689	0.0000	0.5466
889	1.0000	0.9685	0.0000	0.5472
890	1.0000	0.9572	0.0000	0.5478
891	1.0000	0.9491	0.0000	0.5485
892	1.0000	0.9583	0.0000	0.5491
893	1.0000	0.9471	0.0000	0.5497
894	1.0000	0.9569	0.0000	0.5503
895	1.0000	0.9708	0.0000	0.5509
896	1.0000	0.9501	0.0000	0.5515
897	1.0000	0.9682	0.0000	0.5521
898	1.0000	0.9474	0.0000	0.5527
899	1.0000	0.9594	0.0000	0.5533
900	1.0000	0.9648	0.0000	0.5539
901	1.0000	0.9651	0.0000	0.5545
902	1.0000	0.9618	0.0000	0.5551
903	1.0000	0.9486	0.0000	0.5557
904	1.0000	0.9606	0.0000	0.5563
905	1.0000	0.9725	0.0000	0.5569
906	1.0000	0.9521	0.0000	0.5575
907	1.0000	0.9458	0.0000	0.5582
908	1.0000	0.9236	0.0000	0.5588
909	1.0000	0.9300	0.0000	0.5594
910	1.0000	0.9356	0.0000	0.5600
911	1.0000	0.9428	0.0000	0.5606
912	1.0000	0.9479	0.0000	0.5612
913	1.0000	0.9342	0.0000	0.5618
914	1.0000	0.9328	0.0000	0.5625
915	1.0000	0.9430	0.0000	0.5631
916	1.0000	0.9555	0.0000	0.5637
917	1.0000	0.9569	0.0000	0.5643
918	1.0000	0.9285	0.0000	0.5649
919	1.0000	0.9498	0.0000	0.5655
920	1.0000	0.9389	0.0000	0.5661
921	1.0000	0.9255	0.0000	0.5667
922	1.0000	0.9482	0.0000	0.5673
923	1.0000	0.9679	0.0000	0.5679
924	1.0000	0.9540	0.0000	0.5686
925	1.0000	0.9280	0.0000	0.5692
926	1.0000	0.9545	0.0000	0.5698
927	1.0000	0.9414	0.0000	0.5704
928	1.0000	0.9115	0.0000	0.5710
929	1.0000	0.9098	0.0000	0.5716
930	1.0000	0.9371	0.0000	0.5722
931	1.0000	0.9370	0.0000	0.5728
932	1.0000	0.9447	0.0000	0.5735
933	1.0000	0.9339	0.0000	0.5741
934	1.0000	0.9133	0.0000	0.5747
935	1.0000	0.9370	0.0000	0.5753
936	1.0000	0.9207	0.0000	0.5759
937	1.0000	0.9445	0.0000	0.5765
938	1.0000	0.9595	0.0000	0.5771
939	1.0000	0.9310	0.0000	0.5777
940	1.0000	0.9520	0.0000	0.5784
941	1.0000	0.9264	0.0000	0.5790
942	1.0000	0.9495	0.0000	0.5796
943	1.0000	0.9462	0.0000	0.5802
944	1.0000	0.9370	0.0000	0.5808
945	1.0000	0.9394	0.0000	0.5815
946	1.0000	0.9533	0.0000	0.5821
947	1.0000	0.9487	0.0000	0.5827
948	1.0000	0.9474	0.0000	0.5833
949	1.0000	0.9605	0.0000	0.5839
950	1.0000	0.9546	0.0000	0.5845
951	1.0000	0.9650	0.0000	0.5851
952	1.0000	0.9598	0.0000	0.5857
953	1.0000	0.9532	0.0000	0.5864
954	1.0000	0.9571	0.0000	0.5870
955	1.0000	0.9649	0.0000	0.5876
956	1.0000	0.9549	0.0000	0.5882
957	1.0000	0.9608	0.0000	0.5888
958	1.0000	0.9594	0.0000	0.5895
959	1.0000	0.9550	0.0000	0.5901
960	1.0000	0.9647	0.0000	0.5907
961	1.0000	0.9575	0.0000	0.5913
962	1.0000	0.9580	0.0000	0.5919
963	1.0000	0.9608	0.0000	0.5925
964	1.0000	0.9656	0.0000	0.5931
965	1.0000	0.9561	0.0000	0.5938
966	1.0000	0.9654	0.0000	0.5944
967	1.0000	0.9455	0.0000	0.5950
968	1.0000	0.9665	0.0000	0.5956
969	1.0000	0.9597	0.0000	0.5962
970	1.0000	0.9738	0.0000	0.5968
971	1.0000	0.9527	0.0000	0.5974
972	1.0000	0.9454	0.0000	0.5980
973	1.0000	0.9501	0.0000	0.5986
974	1.0000	0.9526	0.0000	0.5992
975	1.0000	0.9531	0.0000	0.5998
976	1.0000	0.9265	0.0000	0.6004
977	1.0000	0.9220	0.0000	0.6011
978	1.0000	0.9465	0.0000	0.6018
979	1.0000	0.9436	0.0000	0.6025
980	1.0000	0.9406	0.0000	0.6031
981	1.0000	0.9556	0.0000	0.6037
982	1.0000	0.9338	0.0000	0.6043
983	1.0000	0.9515	0.0000	0.6050
984	1.0000	0.9460	0.0000	0.6056
985	1.0000	0.9560	0.0000	0.6062
986	1.0000	0.9515	0.0000	0.6068
987	1.0000	0.9604	0.0000	0.6074
988	1.0000	0.9342	0.0000	0.6080
989	1.0000	0.9387	0.0000	0.6087
990	1.0000	0.9355	0.0000	0.6093
991	1.0000	0.9484	0.0000	0.6099
992	1.0000	0.9622	0.0000	0.6105
993	1.0000	0.9489	0.0000	0.6111
994	1.0000	0.9554	0.0000	0.6117
995	1.0000	0.9513	0.0000	0.6123
996	1.0000	0.9763	0.0000	0.6129
997	1.0000	0.9486	0.0000	0.6136
998	1.0000	0.9314	0.0000	0.6142
999	1.0000	0.9495	0.0000	0.6148
1000	1.0000	0.9417	0.0000	0.6154
1001	1.0000	0.9400	0.0000	0.6160
1002	1.0000	0.9313	0.0000	0.6166
1003	1.0000	0.9281	0.0000	0.6172
1004	1.0000	0.9169	0.0000	0.6178
1005	1.0000	0.9227	0.0000	0.6185
1006	1.0000	0.9357	0.0000	0.6191
1007	1.0000	0.9353	0.0000	0.6197
1008	1.0000	0.9414	0.0000	0.6203
1009	1.0000	0.9452	0.0000	0.6209
1010	1.0000	0.9296	0.0000	0.6215
1011	1.0000	0.9567	0.0000	0.6221
1012	1.0000	0.9282	0.0000	0.6227
1013	1.0000	0.9364	0.0000	0.6233
1014	1.0000	0.9291	0.0000	0.6239
1015	1.0000	0.9459	0.0000	0.6245
1016	1.0000	0.9364	0.0000	0.6252
1017	1.0000	0.9575	0.0000	0.6258
1018	1.0000	0.9486	0.0000	0.6264
1019	1.0000	0.9495	0.0000	0.6270
1020	1.0000	0.9538	0.0000	0.6276
1021	1.0000	0.9397	0.0000	0.6282
1022	1.0000	0.9620	0.0000	0.6288
1023	1.0000	0.9274	0.0000	0.6294
1024	1.0000	0.9471	0.0000	0.6301
1025	1.0000	0.9620	0.0000	0.6307
1026	1.0000	0.9429	0.0000	0.6313
1027	1.0000	0.9723	0.0000	0.6319
1028	1.0000	0.9578	0.0000	0.6329
1029	1.0000	0.9543	0.0000	0.6335
1030	1.0000	0.9536	0.0000	0.6341
1031	1.0000	0.9504	0.0000	0.6347
1032	1.0000	0.9495	0.0000	0.6353
1033	1.0000	0.9537	0.0000	0.6359
1034	1.0000	0.9520	0.0000	0.6365
1035	1.0000	0.9636	0.0000	0.6372
1036	1.0000	0.9671	0.0000	0.6378
1037	1.0000	0.9583	0.0000	0.6384
1038	1.0000	0.9464	0.0000	0.6390
1039	1.0000	0.9450	0.0000	0.6396
1040	1.0000	0.9254	0.0000	0.6402
1041	1.0000	0.9538	0.0000	0.6408
1042	1.0000	0.9217	0.0000	0.6415
1043	1.0000	0.9569	0.0000	0.6421
1044	1.0000	0.9420	0.0000	0.6427
1045	1.0000	0.9288	0.0000	0.6433
1046	1.0000	0.9465	0.0000	0.6439
1047	1.0000	0.9423	0.0000	0.6446
1048	1.0000	0.9470	0.0000	0.6452
1049	1.0000	0.9513	0.0000	0.6458
1050	1.0000	0.9535	0.0000	0.6464
1051	1.0000	0.9602	0.0000	0.6470
1052	1.0000	0.9563	0.0000	0.6476
1053	1.0000	0.9546	0.0000	0.6483
1054	1.0000	0.9719	0.0000	0.6489
1055	1.0000	0.9621	0.0000	0.6495
1056	1.0000	0.9824	0.0000	0.6501
1057	1.0000	0.9591	0.0000	0.6507
1058	1.0000	0.9670	0.0000	0.6513
1059	1.0000	0.9477	0.0000	0.6519
1060	1.0000	0.9460	0.0000	0.6526
1061	1.0000	0.9434	0.0000	0.6532
1062	1.0000	0.9477	0.0000	0.6538
1063	1.0000	0.9586	0.0000	0.6544
1064	1.0000	0.9526	0.0000	0.6550
1065	1.0000	0.9684	0.0000	0.6556
1066	1.0000	0.9514	0.0000	0.6562
1067	1.0000	0.9569	0.0000	0.6568
1068	1.0000	0.9580	0.0000	0.6574
1069	1.0000	0.9713	0.0000	0.6581
1070	1.0000	0.9550	0.0000	0.6587
1071	1.0000	0.9675	0.0000	0.6593
1072	1.0000	0.9576	0.0000	0.6599
1073	1.0000	0.9667	0.0000	0.6605
1074	1.0000	0.9524	0.0000	0.6611
1075	1.0000	0.9653	0.0000	0.6617
1076	1.0000	0.9557	0.0000	0.6624
1077	1.0000	0.9209	0.0000	0.6630
1078	1.0000	0.9504	0.0000	0.6636
1079	1.0000	0.9394	0.0000	0.6642
1080	1.0000	0.9556	0.0000	0.6648
1081	1.0000	0.9483	0.0000	0.6654
1082	1.0000	0.9633	0.0000	0.6661
1083	1.0000	0.9541	0.0000	0.6667
1084	1.0000	0.9288	0.0000	0.6673
1085	1.0000	0.9438	0.0000	0.6679
1086	1.0000	0.9548	0.0000	0.6686
1087	1.0000	0.9460	0.0000	0.6692
1088	1.0000	0.9300	0.0000	0.6698
1089	1.0000	0.9513	0.0000	0.6704
1090	1.0000	0.9478	0.0000	0.6710
1091	1.0000	0.9524	0.0000	0.6717
1092	1.0000	0.9429	0.0000	0.6723
1093	1.0000	0.9458	0.0000	0.6729
1094	1.0000	0.9406	0.0000	0.6735
1095	1.0000	0.9569	0.0000	0.6741
1096	1.0000	0.9588	0.0000	0.6748
1097	1.0000	0.9411	0.0000	0.6754
1098	1.0000	0.9569	0.0000	0.6760
1099	1.0000	0.9517	0.0000	0.6766
1100	1.0000	0.9604	0.0000	0.6772
1101	1.0000	0.9702	0.0000	0.6778
1102	1.0000	0.9416	0.0000	0.6784
1103	1.0000	0.9499	0.0000	0.6791
1104	1.0000	0.9544	0.0000	0.6797
1105	1.0000	0.9483	0.0000	0.6803
1106	1.0000	0.9677	0.0000	0.6809
1107	1.0000	0.9469	0.0000	0.6815
1108	1.0000	0.9248	0.0000	0.6821
1109	1.0000	0.9269	0.0000	0.6828
1110	1.0000	0.9391	0.0000	0.6834
1111	1.0000	0.9179	0.0000	0.6840
1112	1.0000	0.9368	0.0000	0.6846
1113	1.0000	0.9471	0.0000	0.6853
1114	1.0000	0.9415	0.0000	0.6859
1115	1.0000	0.9630	0.0000	0.6865
1116	1.0000	0.9535	0.0000	0.6871
1117	1.0000	0.9648	0.0000	0.6877
1118	1.0000	0.9652	0.0000	0.6884
1119	1.0000	0.9490	0.0000	0.6890
1120	1.0000	0.9606	0.0000	0.6896
1121	1.0000	0.9637	0.0000	0.6902
1122	1.0000	0.9608	0.0000	0.6908
1123	1.0000	0.9504	0.0000	0.6914
1124	1.0000	0.9653	0.0000	0.6921
1125	1.0000	0.9525	0.0000	0.6928
1126	1.0000	0.9538	0.0000	0.6935
1127	1.0000	0.9653	0.0000	0.6942
1128	1.0000	0.9583	0.0000	0.6948
1129	1.0000	0.9627	0.0000	0.6954
1130	1.0000	0.9573	0.0000	0.6960
1131	1.0000	0.9439	0.0000	0.6966
1132	1.0000	0.9293	0.0000	0.6972
1133	1.0000	0.9439	0.0000	0.6979
1134	1.0000	0.9402	0.0000	0.6984
1135	1.0000	0.9490	0.0000	0.6990
1136	1.0000	0.9393	0.0000	0.6997
1137	1.0000	0.9448	0.0000	0.7003
1138	1.0000	0.9516	0.0000	0.7009
1139	1.0000	0.9162	0.0000	0.7015
1140	1.0000	0.9248	0.0000	0.7021
1141	1.0000	0.9206	0.0000	0.7027
1142	1.0000	0.9209	0.0000	0.7034
1143	1.0000	0.8965	0.0000	0.7040
1144	1.0000	0.8763	0.0000	0.7046
1145	1.0000	0.8762	0.0000	0.7052
1146	1.0000	0.9070	0.0000	0.7058
1147	1.0000	0.8999	0.0000	0.7064
1148	1.0000	0.9053	0.0000	0.7071
1149	1.0000	0.9203	0.0000	0.7077
1150	1.0000	0.9156	0.0000	0.7083
1151	1.0000	0.9210	0.0000	0.7089
1152	1.0000	0.9467	0.0000	0.7095
1153	1.0000	0.9328	0.0000	0.7101
1154	1.0000	0.9402	0.0000	0.7107
1155	1.0000	0.9326	0.0000	0.7114
1156	1.0000	0.9374	0.0000	0.7120
1157	1.0000	0.9380	0.0000	0.7126
1158	1.0000	0.9380	0.0000	0.7132
1159	1.0000	0.9596	0.0000	0.7138
1160	1.0000	0.9432	0.0000	0.7144
1161	1.0000	0.9528	0.0000	0.7151
1162	1.0000	0.9351	0.0000	0.7157
1163	1.0000	0.9414	0.0000	0.7163
1164	1.0000	0.9429	0.0000	0.7169
1165	1.0000	0.9308	0.0000	0.7175
1166	1.0000	0.9377	0.0000	0.7181
1167	1.0000	0.9608	0.0000	0.7187
1168	1.0000	0.9495	0.0000	0.7193
1169	1.0000	0.9617	0.0000	0.7199
1170	1.0000	0.9397	0.0000	0.7205
1171	1.0000	0.9304	0.0000	0.7211
1172	1.0000	0.9375	0.0000	0.7218
1173	1.0000	0.9151	0.0000	0.7224
1174	1.0000	0.9329	0.0000	0.7230
1175	1.0000	0.9520	0.0000	0.7236
1176	1.0000	0.9294	0.0000	0.7242
1177	1.0000	0.9226	0.0000	0.7248
1178	1.0000	0.9266	0.0000	0.7255
1179	1.0000	0.9213	0.0000	0.7261
1180	1.0000	0.9350	0.0000	0.7267
1181	1.0000	0.9587	0.0000	0.7274
1182	1.0000	0.9498	0.0000	0.7281
1183	1.0000	0.9483	0.0000	0.7288
1184	1.0000	0.9606	0.0000	0.7294
1185	1.0000	0.9549	0.0000	0.7300
1186	1.0000	0.9656	0.0000	0.7307
1187	1.0000	0.9397	0.0000	0.7313
1188	1.0000	0.9427	0.0000	0.7319
1189	1.0000	0.9446	0.0000	0.7325
1190	1.0000	0.9218	0.0000	0.7331
1191	1.0000	0.9468	0.0000	0.7337
1192	1.0000	0.9481	0.0000	0.7343
1193	1.0000	0.9568	0.0000	0.7349
1194	1.0000	0.9515	0.0000	0.7355
1195	1.0000	0.9413	0.0000	0.7362
1196	1.0000	0.9529	0.0000	0.7368
1197	1.0000	0.9552	0.0000	0.7374
1198	1.0000	0.9586	0.0000	0.7380
1199	1.0000	0.9611	0.0000	0.7386
1200	1.0000	0.9578	0.0000	0.7392
1201	1.0000	0.9576	0.0000	0.7398
1202	1.0000	0.9640	0.0000	0.7404
1203	1.0000	0.9472	0.0000	0.7410
1204	1.0000	0.9429	0.0000	0.7416
1205	1.0000	0.9582	0.0000	0.7422
1206	1.0000	0.9710	0.0000	0.7428
1207	1.0000	0.9636	0.0000	0.7434
1208	1.0000	0.9779	0.0000	0.7440
1209	1.0000	0.9609	0.0000	0.7447
1210	1.0000	0.9658	0.0000	0.7453
1211	1.0000	0.9694	0.0000	0.7459
1212	1.0000	0.9786	0.0000	0.7465
1213	1.0000	0.9806	0.0000	0.7471
1214	1.0000	0.9719	0.0000	0.7477
1215	1.0000	0.9751	0.0000	0.7482
1216	1.0000	0.9732	0.0000	0.7488
1217	1.0000	0.9737	0.0000	0.7495
1218	1.0000	0.9728	0.0000	0.7501
1219	1.0000	0.9757	0.0000	0.7507
1220	1.0000	0.9510	0.0000	0.7513
1221	1.0000	0.9500	0.0000	0.7520
1222	1.0000	0.9575	0.0000	0.7526
1223	1.0000	0.9643	0.0000	0.7532
1224	1.0000	0.9703	0.0000	0.7538
1225	1.0000	0.9654	0.0000	0.7544
1226	1.0000	0.9535	0.0000	0.7551
1227	1.0000	0.9623	0.0000	0.7557
1228	1.0000	0.9568	0.0000	0.7563
1229	1.0000	0.9639	0.0000	0.7569
1230	1.0000	0.9800	0.0000	0.7575
1231	1.0000	0.9785	0.0000	0.7581
1232	1.0000	0.9659	0.0000	0.7588
1233	1.0000	0.9669	0.0000	0.7594
1234	1.0000	0.9500	0.0000	0.7600
1235	1.0000	0.9616	0.0000	0.7606
1236	1.0000	0.9525	0.0000	0.7612
1237	1.0000	0.9033	0.0000	0.7619
1238	1.0000	0.8794	0.0000	0.7625
1239	1.0000	0.9007	0.0000	0.7631
1240	1.0000	0.9369	0.0000	0.7638
1241	1.0000	0.8806	0.0000	0.7644
1242	1.0000	0.9142	0.0000	0.7650
1243	1.0000	0.9086	0.0000	0.7656
1244	1.0000	0.9231	0.0000	0.7663
1245	1.0000	0.9380	0.0000	0.7669
1246	1.0000	0.9534	0.0000	0.7675
1247	1.0000	0.9257	0.0000	0.7682
1248	1.0000	0.9263	0.0000	0.7688
1249	1.0000	0.9087	0.0000	0.7694
1250	1.0000	0.9413	0.0000	0.7700
1251	1.0000	0.9591	0.0000	0.7706
1252	1.0000	0.9529	0.0000	0.7712
1253	1.0000	0.9647	0.0000	0.7718
1254	1.0000	0.9437	0.0000	0.7725
1255	1.0000	0.9327	0.0000	0.7733
1256	1.0000	0.9510	0.0000	0.7740
1257	1.0000	0.9536	0.0000	0.7747
1258	1.0000	0.9584	0.0000	0.7754
1259	1.0000	0.9596	0.0000	0.7760
1260	1.0000	0.9719	0.0000	0.7766
1261	1.0000	0.9502	0.0000	0.7772
1262	1.0000	0.9665	0.0000	0.7778
1263	1.0000	0.9601	0.0000	0.7785
1264	1.0000	0.9319	0.0000	0.7791
1265	1.0000	0.9563	0.0000	0.7797
1266	1.0000	0.9296	0.0000	0.7803
1267	1.0000	0.9337	0.0000	0.7809
1268	1.0000	0.9383	0.0000	0.7816
1269	1.0000	0.9180	0.0000	0.7822
1270	1.0000	0.9355	0.0000	0.7828
1271	1.0000	0.9261	0.0000	0.7834
1272	1.0000	0.9197	0.0000	0.7840
1273	1.0000	0.9451	0.0000	0.7847
1274	1.0000	0.9228	0.0000	0.7853
1275	1.0000	0.8758	0.0000	0.7859
1276	1.0000	0.9216	0.0000	0.7865
1277	1.0000	0.9151	0.0000	0.7872
1278	1.0000	0.9139	0.0000	0.7878
1279	1.0000	0.9236	0.0000	0.7884
1280	1.0000	0.9189	0.0000	0.7890
1281	1.0000	0.9214	0.0000	0.7896
1282	1.0000	0.9090	0.0000	0.7902
1283	1.0000	0.9144	0.0000	0.7909
1284	1.0000	0.9252	0.0000	0.7915
1285	1.0000	0.9234	0.0000	0.7921
1286	1.0000	0.9403	0.0000	0.7927
1287	1.0000	0.9548	0.0000	0.7934
1288	1.0000	0.9268	0.0000	0.7940
1289	1.0000	0.9300	0.0000	0.7946
1290	1.0000	0.9609	0.0000	0.7952
1291	1.0000	0.9410	0.0000	0.7959
1292	1.0000	0.9527	0.0000	0.7965
1293	1.0000	0.9551	0.0000	0.7972
1294	1.0000	0.9461	0.0000	0.7981
1295	1.0000	0.9245	0.0000	0.7988
1296	1.0000	0.9184	0.0000	0.7996
1297	1.0000	0.9080	0.0000	0.8002
1298	1.0000	0.9310	0.0000	0.8009
1299	1.0000	0.9258	0.0000	0.8015
1300	1.0000	0.9047	0.0000	0.8022
1301	1.0000	0.9118	0.0000	0.8029
1302	1.0000	0.9175	0.0000	0.8036
1303	1.0000	0.9319	0.0000	0.8042
1304	1.0000	0.9330	0.0000	0.8048
1305	1.0000	0.9391	0.0000	0.8054
1306	1.0000	0.9355	0.0000	0.8060
1307	1.0000	0.9528	0.0000	0.8066
1308	1.0000	0.9459	0.0000	0.8073
1309	1.0000	0.9443	0.0000	0.8079
1310	1.0000	0.9434	0.0000	0.8085
1311	1.0000	0.9448	0.0000	0.8091
1312	1.0000	0.9221	0.0000	0.8097
1313	1.0000	0.9063	0.0000	0.8104
1314	1.0000	0.9325	0.0000	0.8110
1315	1.0000	0.9332	0.0000	0.8116
1316	1.0000	0.9189	0.0000	0.8122
1317	1.0000	0.9182	0.0000	0.8128
1318	1.0000	0.9436	0.0000	0.8134
1319	1.0000	0.9523	0.0000	0.8140
1320	1.0000	0.9420	0.0000	0.8146
1321	1.0000	0.9441	0.0000	0.8152
1322	1.0000	0.9492	0.0000	0.8158
1323	1.0000	0.9399	0.0000	0.8165
1324	1.0000	0.9605	0.0000	0.8171
1325	1.0000	0.9482	0.0000	0.8177
1326	1.0000	0.9535	0.0000	0.8184
1327	1.0000	0.9477	0.0000	0.8190
1328	1.0000	0.9432	0.0000	0.8196
1329	1.0000	0.9560	0.0000	0.8202
1330	1.0000	0.9497	0.0000	0.8208
1331	1.0000	0.9669	0.0000	0.8214
1332	1.0000	0.9041	0.0000	0.8221
1333	1.0000	0.9115	0.0000	0.8227
1334	1.0000	0.9162	0.0000	0.8233
1335	1.0000	0.9162	0.0000	0.8239
1336	1.0000	0.9082	0.0000	0.8245
1337	1.0000	0.9205	0.0000	0.8252
1338	1.0000	0.9361	0.0000	0.8258
1339	1.0000	0.9509	0.0000	0.8264
1340	1.0000	0.9493	0.0000	0.8270
1341	1.0000	0.9491	0.0000	0.8276
1342	1.0000	0.9351	0.0000	0.8282
1343	1.0000	0.9382	0.0000	0.8289
1344	1.0000	0.9467	0.0000	0.8295
1345	1.0000	0.9565	0.0000	0.8301
1346	1.0000	0.9449	0.0000	0.8307
1347	1.0000	0.9418	0.0000	0.8313
1348	1.0000	0.9343	0.0000	0.8319
1349	1.0000	0.9556	0.0000	0.8325
1350	1.0000	0.9454	0.0000	0.8331
1351	1.0000	0.9483	0.0000	0.8337
1352	1.0000	0.9582	0.0000	0.8344
1353	1.0000	0.9410	0.0000	0.8350
1354	1.0000	0.9515	0.0000	0.8356
1355	1.0000	0.9549	0.0000	0.8362
1356	1.0000	0.9335	0.0000	0.8368
1357	1.0000	0.9504	0.0000	0.8374
1358	1.0000	0.9653	0.0000	0.8380
1359	1.0000	0.9575	0.0000	0.8387
1360	1.0000	0.9613	0.0000	0.8393
1361	1.0000	0.9405	0.0000	0.8399
1362	1.0000	0.9546	0.0000	0.8405
1363	1.0000	0.9584	0.0000	0.8411
1364	1.0000	0.9472	0.0000	0.8417
1365	1.0000	0.9340	0.0000	0.8423
1366	1.0000	0.9371	0.0000	0.8429
1367	1.0000	0.9563	0.0000	0.8435
1368	1.0000	0.9476	0.0000	0.8441
1369	1.0000	0.9593	0.0000	0.8447
1370	1.0000	0.9388	0.0000	0.8453
1371	1.0000	0.9519	0.0000	0.8459
1372	1.0000	0.9507	0.0000	0.8465
1373	1.0000	0.9567	0.0000	0.8472
1374	1.0000	0.9728	0.0000	0.8479
1375	1.0000	0.9318	0.0000	0.8486
1376	1.0000	0.9584	0.0000	0.8493
1377	1.0000	0.9573	0.0000	0.8500
1378	1.0000	0.9291	0.0000	0.8507
1379	1.0000	0.9392	0.0000	0.8513
1380	1.0000	0.9290	0.0000	0.8519
1381	1.0000	0.9414	0.0000	0.8525
1382	1.0000	0.9605	0.0000	0.8532
1383	1.0000	0.9550	0.0000	0.8538
1384	1.0000	0.9569	0.0000	0.8544
1385	1.0000	0.9176	0.0000	0.8550
1386	1.0000	0.9395	0.0000	0.8556
1387	1.0000	0.9447	0.0000	0.8563
1388	1.0000	0.9494	0.0000	0.8569
1389	1.0000	0.9418	0.0000	0.8575
1390	1.0000	0.9614	0.0000	0.8581
1391	1.0000	0.9449	0.0000	0.8587
1392	1.0000	0.9429	0.0000	0.8593
1393	1.0000	0.9291	0.0000	0.8599
1394	1.0000	0.9526	0.0000	0.8605
1395	1.0000	0.9513	0.0000	0.8612
1396	1.0000	0.9470	0.0000	0.8618
1397	1.0000	0.9560	0.0000	0.8624
1398	1.0000	0.9565	0.0000	0.8630
1399	1.0000	0.9564	0.0000	0.8636
1400	1.0000	0.9620	0.0000	0.8642
1401	1.0000	0.9565	0.0000	0.8648
1402	1.0000	0.9533	0.0000	0.8655
1403	1.0000	0.9443	0.0000	0.8661
1404	1.0000	0.9578	0.0000	0.8667
1405	1.0000	0.9537	0.0000	0.8673
1406	1.0000	0.9539	0.0000	0.8679
1407	1.0000	0.9597	0.0000	0.8685
1408	1.0000	0.9543	0.0000	0.8692
1409	1.0000	0.9651	0.0000	0.8698
1410	1.0000	0.9708	0.0000	0.8704
1411	1.0000	0.9443	0.0000	0.8710
1412	1.0000	0.9539	0.0000	0.8717
1413	1.0000	0.9446	0.0000	0.8723
1414	1.0000	0.9393	0.0000	0.8729
1415	1.0000	0.9687	0.0000	0.8735
1416	1.0000	0.9585	0.0000	0.8741
1417	1.0000	0.9373	0.0000	0.8747
1418	1.0000	0.9613	0.0000	0.8754
1419	1.0000	0.9604	0.0000	0.8760
1420	1.0000	0.9594	0.0000	0.8766
1421	1.0000	0.9550	0.0000	0.8772
1422	1.0000	0.9604	0.0000	0.8778
1423	1.0000	0.9390	0.0000	0.8784
1424	1.0000	0.9499	0.0000	0.8790
1425	1.0000	0.9554	0.0000	0.8797
1426	1.0000	0.9419	0.0000	0.8803
1427	1.0000	0.9370	0.0000	0.8809
1428	1.0000	0.9561	0.0000	0.8815
1429	1.0000	0.9468	0.0000	0.8821
1430	1.0000	0.9546	0.0000	0.8827
1431	1.0000	0.9399	0.0000	0.8834
1432	1.0000	0.9412	0.0000	0.8840
1433	1.0000	0.9543	0.0000	0.8846
1434	1.0000	0.9396	0.0000	0.8852
1435	1.0000	0.9634	0.0000	0.8858
1436	1.0000	0.9523	0.0000	0.8864
1437	1.0000	0.9522	0.0000	0.8870
1438	1.0000	0.9436	0.0000	0.8876
1439	1.0000	0.9594	0.0000	0.8882
1440	1.0000	0.9492	0.0000	0.8888
1441	1.0000	0.9509	0.0000	0.8895
1442	1.0000	0.9398	0.0000	0.8901
1443	1.0000	0.9458	0.0000	0.8907
1444	1.0000	0.9668	0.0000	0.8913
1445	1.0000	0.9520	0.0000	0.8919
1446	1.0000	0.9711	0.0000	0.8925
1447	1.0000	0.9668	0.0000	0.8931
1448	1.0000	0.9643	0.0000	0.8937
1449	1.0000	0.9692	0.0000	0.8943
1450	1.0000	0.9689	0.0000	0.8949
1451	1.0000	0.9637	0.0000	0.8956
1452	1.0000	0.9714	0.0000	0.8962
1453	1.0000	0.9610	0.0000	0.8968
1454	1.0000	0.9712	0.0000	0.8974
1455	1.0000	0.9822	0.0000	0.8979
1456	1.0000	0.9736	0.0000	0.8985
1457	1.0000	0.9820	0.0000	0.8991
1458	1.0000	0.9691	0.0000	0.8997
1459	1.0000	0.9790	0.0000	0.9003
1460	1.0000	0.9754	0.0000	0.9009
1461	1.0000	0.9632	0.0000	0.9015
1462	1.0000	0.9751	0.0000	0.9021
1463	1.0000	0.9787	0.0000	0.9027
1464	1.0000	0.9733	0.0000	0.9033
1465	1.0000	0.9785	0.0000	0.9040
1466	1.0000	0.9716	0.0000	0.9046
1467	1.0000	0.9792	0.0000	0.9052
1468	1.0000	0.9766	0.0000	0.9058
1469	1.0000	0.9761	0.0000	0.9064
1470	1.0000	0.9787	0.0000	0.9070
1471	1.0000	0.9679	0.0000	0.9076
1472	1.0000	0.9758	0.0000	0.9082
1473	1.0000	0.9431	0.0000	0.9089
1474	1.0000	0.9614	0.0000	0.9095
1475	1.0000	0.9462	0.0000	0.9101
1476	1.0000	0.9659	0.0000	0.9107
1477	1.0000	0.9420	0.0000	0.9113
1478	1.0000	0.9326	0.0000	0.9119
1479	1.0000	0.9193	0.0000	0.9125
1480	1.0000	0.9245	0.0000	0.9132
1481	1.0000	0.9375	0.0000	0.9138
1482	1.0000	0.9283	0.0000	0.9144
1483	1.0000	0.9143	0.0000	0.9150
1484	1.0000	0.9063	0.0000	0.9156
1485	1.0000	0.9226	0.0000	0.9162
1486	1.0000	0.9174	0.0000	0.9168
1487	1.0000	0.9322	0.0000	0.9174
1488	1.0000	0.9280	0.0000	0.9181
1489	1.0000	0.9010	0.0000	0.9187
1490	1.0000	0.9068	0.0000	0.9193
1491	1.0000	0.9336	0.0000	0.9200
1492	1.0000	0.9010	0.0000	0.9206
1493	1.0000	0.9267	0.0000	0.9212
1494	1.0000	0.9435	0.0000	0.9218
1495	1.0000	0.9377	0.0000	0.9225
1496	1.0000	0.9045	0.0000	0.9231
1497	1.0000	0.9022	0.0000	0.9237
1498	1.0000	0.8873	0.0000	0.9244
1499	1.0000	0.9229	0.0000	0.9250
1500	1.0000	0.9283	0.0000	0.9256
1501	1.0000	0.9225	0.0000	0.9262
1502	1.0000	0.8921	0.0000	0.9269
1503	1.0000	0.9133	0.0000	0.9275
1504	1.0000	0.9236	0.0000	0.9281
1505	1.0000	0.9504	0.0000	0.9287
1506	1.0000	0.9148	0.0000	0.9293
1507	1.0000	0.9345	0.0000	0.9299
1508	1.0000	0.9292	0.0000	0.9305
1509	1.0000	0.9182	0.0000	0.9312
1510	1.0000	0.9475	0.0000	0.9318
1511	1.0000	0.9384	0.0000	0.9324
1512	1.0000	0.9408	0.0000	0.9330
1513	1.0000	0.9387	0.0000	0.9337
1514	1.0000	0.9343	0.0000	0.9343
1515	1.0000	0.9324	0.0000	0.9349
1516	1.0000	0.9543	0.0000	0.9355
1517	1.0000	0.9544	0.0000	0.9361
1518	1.0000	0.9505	0.0000	0.9367
1519	1.0000	0.9606	0.0000	0.9374
1520	1.0000	0.9563	0.0000	0.9382
1521	1.0000	0.9569	0.0000	0.9388
1522	1.0000	0.9393	0.0000	0.9395
1523	1.0000	0.9282	0.0000	0.9402
1524	1.0000	0.9215	0.0000	0.9408
1525	1.0000	0.9421	0.0000	0.9414
1526	1.0000	0.9576	0.0000	0.9421
1527	1.0000	0.8800	0.0000	0.9427
1528	1.0000	0.9385	0.0000	0.9433
1529	1.0000	0.9150	0.0000	0.9439
1530	1.0000	0.9137	0.0000	0.9445
1531	1.0000	0.8877	0.0000	0.9452
1532	1.0000	0.9105	0.0000	0.9458
1533	1.0000	0.8889	0.0000	0.9464
1534	1.0000	0.9126	0.0000	0.9470
1535	1.0000	0.9370	0.0000	0.9477
1536	1.0000	0.9216	0.0000	0.9487
1537	1.0000	0.9281	0.0000	0.9495
1538	1.0000	0.9324	0.0000	0.9502
1539	1.0000	0.9404	0.0000	0.9508
1540	1.0000	0.9208	0.0000	0.9514
1541	1.0000	0.9410	0.0000	0.9520
1542	1.0000	0.9366	0.0000	0.9526
1543	1.0000	0.9347	0.0000	0.9533
1544	1.0000	0.9429	0.0000	0.9539
1545	1.0000	0.9477	0.0000	0.9545
1546	1.0000	0.9215	0.0000	0.9551
1547	1.0000	0.9622	0.0000	0.9557
1548	1.0000	0.9455	0.0000	0.9563
1549	1.0000	0.9557	0.0000	0.9569
1550	1.0000	0.9625	0.0000	0.9575
1551	1.0000	0.9536	0.0000	0.9581
1552	1.0000	0.9465	0.0000	0.9587
1553	1.0000	0.9688	0.0000	0.9595
1554	1.0000	0.9599	0.0000	0.9603
1555	1.0000	0.9470	0.0000	0.9609
1556	1.0000	0.9548	0.0000	0.9615
1557	1.0000	0.9623	0.0000	0.9622
1558	1.0000	0.9430	0.0000	0.9628
1559	1.0000	0.9497	0.0000	0.9634
1560	1.0000	0.9641	0.0000	0.9640
1561	1.0000	0.9667	0.0000	0.9646
1562	1.0000	0.9735	0.0000	0.9652
1563	1.0000	0.9636	0.0000	0.9658
1564	1.0000	0.9594	0.0000	0.9664
1565	1.0000	0.9483	0.0000	0.9670
1566	1.0000	0.9751	0.0000	0.9676
1567	1.0000	0.9558	0.0000	0.9682
1568	1.0000	0.9696	0.0000	0.9690
1569	1.0000	0.9619	0.0000	0.9697
1570	1.0000	0.9631	0.0000	0.9704
1571	1.0000	0.9680	0.0000	0.9710
1572	1.0000	0.9525	0.0000	0.9716
1573	1.0000	0.9521	0.0000	0.9722
1574	1.0000	0.9416	0.0000	0.9728
1575	1.0000	0.9310	0.0000	0.9734
1576	1.0000	0.9354	0.0000	0.9740
1577	1.0000	0.9557	0.0000	0.9746
1578	1.0000	0.9577	0.0000	0.9753
1579	1.0000	0.9556	0.0000	0.9759
1580	1.0000	0.9488	0.0000	0.9765
1581	1.0000	0.9500	0.0000	0.9771
1582	1.0000	0.9486	0.0000	0.9777
1583	1.0000	0.9610	0.0000	0.9783
1584	1.0000	0.9510	0.0000	0.9789
1585	1.0000	0.9573	0.0000	0.9795
1586	1.0000	0.9577	0.0000	0.9801
1587	1.0000	0.9487	0.0000	0.9807
1588	1.0000	0.9547	0.0000	0.9813
1589	1.0000	0.9644	0.0000	0.9820
1590	1.0000	0.9579	0.0000	0.9826
1591	1.0000	0.9655	0.0000	0.9832
1592	1.0000	0.9690	0.0000	0.9838
1593	1.0000	0.9662	0.0000	0.9844
1594	1.0000	0.9640	0.0000	0.9851
1595	1.0000	0.9707	0.0000	0.9857
1596	1.0000	0.9544	0.0000	0.9863
1597	1.0000	0.9687	0.0000	0.9869
1598	1.0000	0.9683	0.0000	0.9875
1599	1.0000	0.9653	0.0000	0.9881
1600	1.0000	0.9553	0.0000	0.9887
1601	1.0000	0.9257	0.0000	0.9894
1602	1.0000	0.9297	0.0000	0.9900
1603	1.0000	0.9579	0.0000	0.9906
1604	1.0000	0.9308	0.0000	0.9912
1605	1.0000	0.9529	0.0000	0.9919
1606	1.0000	0.9435	0.0000	0.9925
1607	1.0000	0.9450	0.0000	0.9931
1608	1.0000	0.9539	0.0000	0.9937
1609	1.0000	0.9474	0.0000	0.9943
1610	1.0000	0.9393	0.0000	0.9950
1611	1.0000	0.9347	0.0000	0.9956
1612	1.0000	0.9286	0.0000	0.9962
1613	1.0000	0.9495	0.0000	0.9968
1614	1.0000	0.9244	0.0000	0.9974
1615	1.0000	0.9431	0.0000	0.9980
1616	1.0000	0.9324	0.0000	0.9986
1617	1.0000	0.9501	0.0000	0.9993
1618	1.0000	0.9239	0.0000	0.9999
1619	1.0000	0.9511	0.0000	1.0005
1620	1.0000	0.9488	0.0000	1.0011
1621	1.0000	0.9439	0.0000	1.0017
1622	1.0000	0.9479	0.0000	1.0023
1623	1.0000	0.9480	0.0000	1.0029
1624	1.0000	0.9563	0.0000	1.0035
1625	1.0000	0.9595	0.0000	1.0041
1626	1.0000	0.9545	0.0000	1.0048
1627	1.0000	0.9650	0.0000	1.0054
1628	1.0000	0.9691	0.0000	1.0060
1629	1.0000	0.9631	0.0000	1.0066
1630	1.0000	0.9691	0.0000	1.0073
1631	1.0000	0.9652	0.0000	1.0079
1632	1.0000	0.9496	0.0000	1.0085
1633	1.0000	0.9654	0.0000	1.0091
1634	1.0000	0.9567	0.0000	1.0097
1635	1.0000	0.9688	0.0000	1.0104
1636	1.0000	0.9764	0.0000	1.0110
1637	1.0000	0.9594	0.0000	1.0116
1638	1.0000	0.9545	0.0000	1.0122
1639	1.0000	0.9634	0.0000	1.0128
1640	1.0000	0.9614	0.0000	1.0134
1641	1.0000	0.9582	0.0000	1.0140
1642	1.0000	0.9700	0.0000	1.0147
1643	1.0000	0.9706	0.0000	1.0153
1644	1.0000	0.9802	0.0000	1.0159
1645	1.0000	0.9766	0.0000	1.0165
1646	1.0000	0.9681	0.0000	1.0171
1647	1.0000	0.9649	0.0000	1.0177
1648	1.0000	0.9719	0.0000	1.0183
1649	1.0000	0.9636	0.0000	1.0189
1650	1.0000	0.9623	0.0000	1.0196
1651	1.0000	0.9768	0.0000	1.0202
1652	1.0000	0.9474	0.0000	1.0208
1653	1.0000	0.9631	0.0000	1.0214
1654	1.0000	0.9667	0.0000	1.0220
1655	1.0000	0.9392	0.0000	1.0226
1656	1.0000	0.9525	0.0000	1.0233
1657	1.0000	0.9494	0.0000	1.0239
1658	1.0000	0.9573	0.0000	1.0245
1659	1.0000	0.9608	0.0000	1.0251
1660	1.0000	0.9550	0.0000	1.0257
1661	1.0000	0.9812	0.0000	1.0263
1662	1.0000	0.9482	0.0000	1.0269
1663	1.0000	0.9450	0.0000	1.0275
1664	1.0000	0.9738	0.0000	1.0281
1665	1.0000	0.9645	0.0000	1.0287
1666	1.0000	0.9621	0.0000	1.0294
1667	1.0000	0.9641	0.0000	1.0300
1668	1.0000	0.9740	0.0000	1.0307
1669	1.0000	0.9639	0.0000	1.0315
1670	1.0000	0.9558	0.0000	1.0322
1671	1.0000	0.9745	0.0000	1.0329
1672	1.0000	0.9736	0.0000	1.0335
1673	1.0000	0.9604	0.0000	1.0342
1674	1.0000	0.9686	0.0000	1.0348
1675	1.0000	0.9654	0.0000	1.0355
1676	1.0000	0.8898	0.0000	1.0361
1677	1.0000	0.9341	0.0000	1.0367
1678	1.0000	0.9285	0.0000	1.0374
1679	1.0000	0.9338	0.0000	1.0380
1680	1.0000	0.9343	0.0000	1.0386
1681	1.0000	0.9263	0.0000	1.0393
1682	1.0000	0.9291	0.0000	1.0399
1683	1.0000	0.9166	0.0000	1.0405
1684	1.0000	0.9282	0.0000	1.0411
1685	1.0000	0.9553	0.0000	1.0418
1686	1.0000	0.9373	0.0000	1.0424
1687	1.0000	0.9493	0.0000	1.0430
1688	1.0000	0.9479	0.0000	1.0436
1689	1.0000	0.9425	0.0000	1.0443
1690	1.0000	0.9408	0.0000	1.0449
1691	1.0000	0.9599	0.0000	1.0455
1692	1.0000	0.9577	0.0000	1.0461
1693	1.0000	0.9569	0.0000	1.0467
1694	1.0000	0.9513	0.0000	1.0473
1695	1.0000	0.9632	0.0000	1.0480
1696	1.0000	0.9677	0.0000	1.0486
1697	1.0000	0.9563	0.0000	1.0492
1698	1.0000	0.9647	0.0000	1.0499
1699	1.0000	0.9328	0.0000	1.0505
1700	1.0000	0.8807	0.0000	1.0511
1701	1.0000	0.9294	0.0000	1.0517
1702	1.0000	0.9021	0.0000	1.0523
1703	1.0000	0.9132	0.0000	1.0530
1704	1.0000	0.9088	0.0000	1.0536
1705	1.0000	0.9110	0.0000	1.0542
1706	1.0000	0.8730	0.0000	1.0548
1707	1.0000	0.8709	0.0000	1.0555
1708	1.0000	0.8995	0.0000	1.0561
1709	1.0000	0.8974	0.0000	1.0567
1710	1.0000	0.9067	0.0000	1.0573
1711	1.0000	0.9106	0.0000	1.0579
1712	1.0000	0.9301	0.0000	1.0585
1713	1.0000	0.9286	0.0000	1.0591
1714	1.0000	0.9156	0.0000	1.0598
1715	1.0000	0.9366	0.0000	1.0604
1716	1.0000	0.9036	0.0000	1.0610
1717	1.0000	0.9311	0.0000	1.0616
1718	1.0000	0.9357	0.0000	1.0622
1719	1.0000	0.9344	0.0000	1.0628
1720	1.0000	0.9589	0.0000	1.0634
1721	1.0000	0.9602	0.0000	1.0641
1722	1.0000	0.9463	0.0000	1.0647
1723	1.0000	0.9563	0.0000	1.0653
1724	1.0000	0.9482	0.0000	1.0659
1725	1.0000	0.9593	0.0000	1.0665
1726	1.0000	0.9434	0.0000	1.0671
1727	1.0000	0.9618	0.0000	1.0677
1728	1.0000	0.9540	0.0000	1.0683
1729	1.0000	0.9506	0.0000	1.0689
1730	1.0000	0.9660	0.0000	1.0695
1731	1.0000	0.9621	0.0000	1.0702
1732	1.0000	0.9544	0.0000	1.0708
1733	1.0000	0.9643	0.0000	1.0714
1734	1.0000	0.9685	0.0000	1.0720
1735	1.0000	0.9539	0.0000	1.0726
1736	1.0000	0.9517	0.0000	1.0732
1737	1.0000	0.9726	0.0000	1.0738
1738	1.0000	0.9447	0.0000	1.0744
1739	1.0000	0.9450	0.0000	1.0751
1740	1.0000	0.9461	0.0000	1.0757
1741	1.0000	0.9611	0.0000	1.0763
1742	1.0000	0.9490	0.0000	1.0769
1743	1.0000	0.9579	0.0000	1.0775
1744	1.0000	0.9236	0.0000	1.0781
1745	1.0000	0.9467	0.0000	1.0787
1746	1.0000	0.9522	0.0000	1.0793
1747	1.0000	0.9447	0.0000	1.0799
1748	1.0000	0.9576	0.0000	1.0805
1749	1.0000	0.9424	0.0000	1.0811
1750	1.0000	0.9386	0.0000	1.0818
1751	1.0000	0.9430	0.0000	1.0824
1752	1.0000	0.9509	0.0000	1.0831
1753	1.0000	0.9489	0.0000	1.0837
1754	1.0000	0.9513	0.0000	1.0843
1755	1.0000	0.9582	0.0000	1.0849
1756	1.0000	0.9395	0.0000	1.0855
1757	1.0000	0.9689	0.0000	1.0861
1758	1.0000	0.9668	0.0000	1.0867
1759	1.0000	0.9690	0.0000	1.0873
1760	1.0000	0.9692	0.0000	1.0879
1761	1.0000	0.9607	0.0000	1.0885
1762	1.0000	0.9716	0.0000	1.0892
1763	1.0000	0.9584	0.0000	1.0898
1764	1.0000	0.9456	0.0000	1.0904
1765	1.0000	0.9314	0.0000	1.0910
1766	1.0000	0.9624	0.0000	1.0916
1767	1.0000	0.9607	0.0000	1.0922
1768	1.0000	0.9579	0.0000	1.0928
1769	1.0000	0.9358	0.0000	1.0935
1770	1.0000	0.9284	0.0000	1.0941
1771	1.0000	0.9096	0.0000	1.0947
1772	1.0000	0.9561	0.0000	1.0954
1773	1.0000	0.9264	0.0000	1.0960
1774	1.0000	0.9338	0.0000	1.0966
1775	1.0000	0.9275	0.0000	1.0972
1776	1.0000	0.9340	0.0000	1.0978
1777	1.0000	0.9524	0.0000	1.0984
1778	1.0000	0.9644	0.0000	1.0991
1779	1.0000	0.9616	0.0000	1.0997
1780	1.0000	0.9585	0.0000	1.1003
1781	1.0000	0.9363	0.0000	1.1009
1782	1.0000	0.9613	0.0000	1.1015
1783	1.0000	0.9589	0.0000	1.1022
1784	1.0000	0.9413	0.0000	1.1029
1785	1.0000	0.9505	0.0000	1.1036
1786	1.0000	0.9539	0.0000	1.1043
1787	1.0000	0.9724	0.0000	1.1049
1788	1.0000	0.9581	0.0000	1.1055
1789	1.0000	0.9421	0.0000	1.1061
1790	1.0000	0.9544	0.0000	1.1067
1791	1.0000	0.9611	0.0000	1.1073
1792	1.0000	0.9555	0.0000	1.1079
1793	1.0000	0.9743	0.0000	1.1085
1794	1.0000	0.9789	0.0000	1.1092
1795	1.0000	0.9616	0.0000	1.1098
1796	1.0000	0.9499	0.0000	1.1105
1797	1.0000	0.9536	0.0000	1.1111
1798	1.0000	0.9622	0.0000	1.1117
1799	1.0000	0.9528	0.0000	1.1123
1800	1.0000	0.9561	0.0000	1.1129
1801	1.0000	0.9361	0.0000	1.1135
1802	1.0000	0.9517	0.0000	1.1141
1803	1.0000	0.9573	0.0000	1.1148
1804	1.0000	0.9511	0.0000	1.1154
1805	1.0000	0.9452	0.0000	1.1160
1806	1.0000	0.9441	0.0000	1.1166
1807	1.0000	0.9441	0.0000	1.1172
1808	1.0000	0.9214	0.0000	1.1179
1809	1.0000	0.9434	0.0000	1.1185
1810	1.0000	0.9483	0.0000	1.1191
1811	1.0000	0.9525	0.0000	1.1197
1812	1.0000	0.9337	0.0000	1.1203
1813	1.0000	0.9169	0.0000	1.1209
1814	1.0000	0.9348	0.0000	1.1216
1815	1.0000	0.9446	0.0000	1.1222
1816	1.0000	0.9485	0.0000	1.1228
1817	1.0000	0.9410	0.0000	1.1234
1818	1.0000	0.9451	0.0000	1.1240
1819	1.0000	0.9153	0.0000	1.1246
1820	1.0000	0.9364	0.0000	1.1252
1821	1.0000	0.9175	0.0000	1.1258
1822	1.0000	0.9318	0.0000	1.1265
1823	1.0000	0.8996	0.0000	1.1271
1824	1.0000	0.9312	0.0000	1.1277
1825	1.0000	0.9107	0.0000	1.1283
1826	1.0000	0.9194	0.0000	1.1289
1827	1.0000	0.9281	0.0000	1.1295
1828	1.0000	0.9257	0.0000	1.1302
1829	1.0000	0.9212	0.0000	1.1308
1830	1.0000	0.9464	0.0000	1.1314
1831	1.0000	0.9277	0.0000	1.1320
1832	1.0000	0.9319	0.0000	1.1326
1833	1.0000	0.9279	0.0000	1.1332
1834	1.0000	0.9512	0.0000	1.1338
1835	1.0000	0.9419	0.0000	1.1344
1836	1.0000	0.9428	0.0000	1.1351
1837	1.0000	0.9285	0.0000	1.1357
1838	1.0000	0.9297	0.0000	1.1363
1839	1.0000	0.9301	0.0000	1.1369
1840	1.0000	0.9421	0.0000	1.1375
1841	1.0000	0.9418	0.0000	1.1381
1842	1.0000	0.9589	0.0000	1.1387
1843	1.0000	0.9387	0.0000	1.1394
1844	1.0000	0.9493	0.0000	1.1400
1845	1.0000	0.9562	0.0000	1.1406
1846	1.0000	0.9566	0.0000	1.1412
1847	1.0000	0.9559	0.0000	1.1418
1848	1.0000	0.9548	0.0000	1.1425
1849	1.0000	0.9268	0.0000	1.1431
1850	1.0000	0.9303	0.0000	1.1437
1851	1.0000	0.9292	0.0000	1.1443
1852	1.0000	0.9390	0.0000	1.1449
1853	1.0000	0.9291	0.0000	1.1456
1854	1.0000	0.9468	0.0000	1.1462
1855	1.0000	0.9579	0.0000	1.1468
1856	1.0000	0.9564	0.0000	1.1474
1857	1.0000	0.9453	0.0000	1.1480
1858	1.0000	0.9682	0.0000	1.1486
1859	1.0000	0.9563	0.0000	1.1492
1860	1.0000	0.9455	0.0000	1.1499
1861	1.0000	0.9532	0.0000	1.1505
1862	1.0000	0.9572	0.0000	1.1511
1863	1.0000	0.9548	0.0000	1.1517
1864	1.0000	0.9576	0.0000	1.1523
1865	1.0000	0.9605	0.0000	1.1529
1866	1.0000	0.9717	0.0000	1.1536
1867	1.0000	0.9540	0.0000	1.1542
1868	1.0000	0.9616	0.0000	1.1548
1869	1.0000	0.9590	0.0000	1.1554
1870	1.0000	0.9629	0.0000	1.1560
1871	1.0000	0.9624	0.0000	1.1566
1872	1.0000	0.9677	0.0000	1.1572
1873	1.0000	0.9618	0.0000	1.1578
1874	1.0000	0.9687	0.0000	1.1585
1875	1.0000	0.9646	0.0000	1.1591
1876	1.0000	0.9746	0.0000	1.1597
1877	1.0000	0.9574	0.0000	1.1603
1878	1.0000	0.9509	0.0000	1.1609
1879	1.0000	0.9739	0.0000	1.1615
1880	1.0000	0.9527	0.0000	1.1621
1881	1.0000	0.9575	0.0000	1.1627
1882	1.0000	0.9736	0.0000	1.1634
1883	1.0000	0.9751	0.0000	1.1640
1884	1.0000	0.9551	0.0000	1.1646
1885	1.0000	0.9715	0.0000	1.1652
1886	1.0000	0.9596	0.0000	1.1658
1887	1.0000	0.9604	0.0000	1.1664
1888	1.0000	0.9531	0.0000	1.1670
1889	1.0000	0.9642	0.0000	1.1676
1890	1.0000	0.9457	0.0000	1.1682
1891	1.0000	0.9345	0.0000	1.1688
1892	1.0000	0.9636	0.0000	1.1694
1893	1.0000	0.9434	0.0000	1.1701
1894	1.0000	0.9464	0.0000	1.1707
1895	1.0000	0.9553	0.0000	1.1713
1896	1.0000	0.9539	0.0000	1.1719
1897	1.0000	0.9652	0.0000	1.1725
1898	1.0000	0.9500	0.0000	1.1732
1899	1.0000	0.9482	0.0000	1.1738
1900	1.0000	0.9503	0.0000	1.1744
1901	1.0000	0.9445	0.0000	1.1750
1902	1.0000	0.9032	0.0000	1.1757
1903	1.0000	0.9160	0.0000	1.1763
1904	1.0000	0.9421	0.0000	1.1769
1905	1.0000	0.9249	0.0000	1.1775
1906	1.0000	0.9195	0.0000	1.1781
1907	1.0000	0.9291	0.0000	1.1788
1908	1.0000	0.9264	0.0000	1.1794
1909	1.0000	0.9485	0.0000	1.1800
1910	1.0000	0.9551	0.0000	1.1806
1911	1.0000	0.9414	0.0000	1.1812
1912	1.0000	0.9407	0.0000	1.1819
1913	1.0000	0.9516	0.0000	1.1826
1914	1.0000	0.9507	0.0000	1.1833
1915	1.0000	0.9536	0.0000	1.1839
1916	1.0000	0.9350	0.0000	1.1845
1917	1.0000	0.9625	0.0000	1.1851
1918	1.0000	0.9592	0.0000	1.1857
1919	1.0000	0.9653	0.0000	1.1864
1920	1.0000	0.9749	0.0000	1.1870
1921	1.0000	0.9560	0.0000	1.1876
1922	1.0000	0.9583	0.0000	1.1882
1923	1.0000	0.9562	0.0000	1.1888
1924	1.0000	0.9512	0.0000	1.1894
1925	1.0000	0.9590	0.0000	1.1900
1926	1.0000	0.9570	0.0000	1.1906
1927	1.0000	0.9756	0.0000	1.1912
1928	1.0000	0.9633	0.0000	1.1918
1929	1.0000	0.9688	0.0000	1.1924
1930	1.0000	0.9548	0.0000	1.1931
1931	1.0000	0.9316	0.0000	1.1937
1932	1.0000	0.9359	0.0000	1.1943
1933	1.0000	0.9364	0.0000	1.1949
1934	1.0000	0.9462	0.0000	1.1955
1935	1.0000	0.9529	0.0000	1.1961
1936	1.0000	0.9564	0.0000	1.1967
1937	1.0000	0.9571	0.0000	1.1973
1938	1.0000	0.9392	0.0000	1.1979
1939	1.0000	0.9429	0.0000	1.1986
1940	1.0000	0.9352	0.0000	1.1992
1941	1.0000	0.9458	0.0000	1.1998
1942	1.0000	0.9355	0.0000	1.2004
1943	1.0000	0.9374	0.0000	1.2010
1944	1.0000	0.9602	0.0000	1.2016
1945	1.0000	0.9699	0.0000	1.2022
1946	1.0000	0.9555	0.0000	1.2028
1947	1.0000	0.9451	0.0000	1.2034
1948	1.0000	0.9264	0.0000	1.2040
1949	1.0000	0.9577	0.0000	1.2046
1950	1.0000	0.9467	0.0000	1.2052
1951	1.0000	0.9517	0.0000	1.2058
1952	1.0000	0.9489	0.0000	1.2065
1953	1.0000	0.9544	0.0000	1.2070
1954	1.0000	0.9439	0.0000	1.2076
1955	1.0000	0.9665	0.0000	1.2082
1956	1.0000	0.9515	0.0000	1.2089
1957	1.0000	0.9590	0.0000	1.2095
1958	1.0000	0.9550	0.0000	1.2101
1959	1.0000	0.9685	0.0000	1.2108
1960	1.0000	0.9617	0.0000	1.2114
1961	1.0000	0.9590	0.0000	1.2120
1962	1.0000	0.9593	0.0000	1.2126
1963	1.0000	0.9596	0.0000	1.2132
1964	1.0000	0.9565	0.0000	1.2138
1965	1.0000	0.9486	0.0000	1.2144
1966	1.0000	0.9527	0.0000	1.2150
1967	1.0000	0.9595	0.0000	1.2156
1968	1.0000	0.9502	0.0000	1.2163
1969	1.0000	0.9635	0.0000	1.2169
1970	1.0000	0.9752	0.0000	1.2175
1971	1.0000	0.9510	0.0000	1.2181
1972	1.0000	0.9566	0.0000	1.2188
1973	1.0000	0.9488	0.0000	1.2194
1974	1.0000	0.9584	0.0000	1.2200
1975	1.0000	0.9636	0.0000	1.2206
1976	1.0000	0.9815	0.0000	1.2212
1977	1.0000	0.9724	0.0000	1.2218
1978	1.0000	0.9727	0.0000	1.2224
1979	1.0000	0.9807	0.0000	1.2230
1980	1.0000	0.9630	0.0000	1.2237
1981	1.0000	0.9570	0.0000	1.2243
1982	1.0000	0.9859	0.0000	1.2249
1983	1.0000	0.9638	0.0000	1.2255
1984	1.0000	0.9667	0.0000	1.2261
1985	1.0000	0.9500	0.0000	1.2267
1986	1.0000	0.9566	0.0000	1.2273
1987	1.0000	0.9619	0.0000	1.2279
1988	1.0000	0.9627	0.0000	1.2285
1989	1.0000	0.9767	0.0000	1.2291
1990	1.0000	0.9653	0.0000	1.2298
1991	1.0000	0.9535	0.0000	1.2304
1992	1.0000	0.9614	0.0000	1.2310
1993	1.0000	0.9713	0.0000	1.2316
1994	1.0000	0.9597	0.0000	1.2323
1995	1.0000	0.9549	0.0000	1.2331
1996	1.0000	0.9507	0.0000	1.2339
1997	1.0000	0.9534	0.0000	1.2345
1998	1.0000	0.9560	0.0000	1.2351
1999	1.0000	0.9691	0.0000	1.2358
2000	1.0000	0.9592	0.0000	1.2364
2001	1.0000	0.9656	0.0000	1.2370
2002	1.0000	0.9529	0.0000	1.2377
2003	1.0000	0.9682	0.0000	1.2383
2004	1.0000	0.9705	0.0000	1.2389
2005	1.0000	0.9664	0.0000	1.2395
2006	1.0000	0.9447	0.0000	1.2401
2007	1.0000	0.9654	0.0000	1.2407
2008	1.0000	0.9492	0.0000	1.2413
2009	1.0000	0.9723	0.0000	1.2419
2010	1.0000	0.9708	0.0000	1.2426
2011	1.0000	0.9554	0.0000	1.2432
2012	1.0000	0.9688	0.0000	1.2438
2013	1.0000	0.9619	0.0000	1.2444
2014	1.0000	0.9706	0.0000	1.2450
2015	1.0000	0.9584	0.0000	1.2457
2016	1.0000	0.9665	0.0000	1.2463
2017	1.0000	0.9673	0.0000	1.2469
2018	1.0000	0.9699	0.0000	1.2475
2019	1.0000	0.9594	0.0000	1.2481
2020	1.0000	0.9706	0.0000	1.2487
2021	1.0000	0.9685	0.0000	1.2494
2022	1.0000	0.9633	0.0000	1.2500
2023	1.0000	0.9634	0.0000	1.2506
2024	1.0000	0.9631	0.0000	1.2512
2025	1.0000	0.9709	0.0000	1.2518
2026	1.0000	0.9730	0.0000	1.2524
2027	1.0000	0.9623	0.0000	1.2531
2028	1.0000	0.9696	0.0000	1.2537
2029	1.0000	0.9686	0.0000	1.2543
2030	1.0000	0.9709	0.0000	1.2549
2031	1.0000	0.9610	0.0000	1.2555
2032	1.0000	0.9692	0.0000	1.2561
2033	1.0000	0.9685	0.0000	1.2567
2034	1.0000	0.9467	0.0000	1.2574
2035	1.0000	0.9510	0.0000	1.2580
2036	1.0000	0.9435	0.0000	1.2586
2037	1.0000	0.9535	0.0000	1.2592
2038	1.0000	0.9355	0.0000	1.2598
2039	1.0000	0.9431	0.0000	1.2604
2040	1.0000	0.9431	0.0000	1.2610
2041	1.0000	0.9476	0.0000	1.2617
2042	1.0000	0.9473	0.0000	1.2623
2043	1.0000	0.9459	0.0000	1.2629
2044	1.0000	0.9241	0.0000	1.2635
2045	1.0000	0.9390	0.0000	1.2641
2046	1.0000	0.9213	0.0000	1.2647
2047	1.0000	0.9417	0.0000	1.2654
2048	1.0000	0.9540	0.0000	1.2660
2049	1.0000	0.9283	0.0000	1.2666
2050	1.0000	0.9554	0.0000	1.2672
2051	1.0000	0.9415	0.0000	1.2678
2052	1.0000	0.9497	0.0000	1.2684
2053	1.0000	0.9630	0.0000	1.2690
2054	1.0000	0.9501	0.0000	1.2697
2055	1.0000	0.9394	0.0000	1.2704
2056	1.0000	0.9580	0.0000	1.2711
2057	1.0000	0.9552	0.0000	1.2719
2058	1.0000	0.9483	0.0000	1.2726
2059	1.0000	0.9278	0.0000	1.2733
2060	1.0000	0.9289	0.0000	1.2739
2061	1.0000	0.9297	0.0000	1.2746
2062	1.0000	0.9323	0.0000	1.2752
2063	1.0000	0.9275	0.0000	1.2759
2064	1.0000	0.9291	0.0000	1.2765
2065	1.0000	0.9256	0.0000	1.2771
2066	1.0000	0.9050	0.0000	1.2777
2067	1.0000	0.9178	0.0000	1.2783
2068	1.0000	0.9280	0.0000	1.2790
2069	1.0000	0.9161	0.0000	1.2796
2070	1.0000	0.9486	0.0000	1.2802
2071	1.0000	0.9358	0.0000	1.2808
2072	1.0000	0.9357	0.0000	1.2814
2073	1.0000	0.9224	0.0000	1.2820
2074	1.0000	0.9068	0.0000	1.2827
2075	1.0000	0.9467	0.0000	1.2833
2076	1.0000	0.9441	0.0000	1.2839
2077	1.0000	0.9645	0.0000	1.2845
2078	1.0000	0.9578	0.0000	1.2851
2079	1.0000	0.9652	0.0000	1.2857
2080	1.0000	0.9533	0.0000	1.2864
2081	1.0000	0.9528	0.0000	1.2870
2082	1.0000	0.9562	0.0000	1.2876
2083	1.0000	0.9617	0.0000	1.2882
2084	1.0000	0.9657	0.0000	1.2888
2085	1.0000	0.9516	0.0000	1.2895
2086	1.0000	0.9328	0.0000	1.2901
2087	1.0000	0.9606	0.0000	1.2907
2088	1.0000	0.9630	0.0000	1.2913
2089	1.0000	0.9618	0.0000	1.2919
2090	1.0000	0.9429	0.0000	1.2925
2091	1.0000	0.9116	0.0000	1.2932
2092	1.0000	0.9244	0.0000	1.2938
2093	1.0000	0.9198	0.0000	1.2944
2094	1.0000	0.9061	0.0000	1.2950
2095	1.0000	0.9287	0.0000	1.2956
2096	1.0000	0.9272	0.0000	1.2962
2097	1.0000	0.9326	0.0000	1.2969
2098	1.0000	0.9318	0.0000	1.2977
2099	1.0000	0.9605	0.0000	1.2986
2100	1.0000	0.9559	0.0000	1.2993
2101	1.0000	0.9462	0.0000	1.2999
2102	1.0000	0.9561	0.0000	1.3005
2103	1.0000	0.9518	0.0000	1.3012
2104	1.0000	0.9337	0.0000	1.3018
2105	1.0000	0.9584	0.0000	1.3025
2106	1.0000	0.9360	0.0000	1.3031
2107	1.0000	0.9309	0.0000	1.3037
2108	1.0000	0.9627	0.0000	1.3044
2109	1.0000	0.9648	0.0000	1.3050
2110	1.0000	0.9478	0.0000	1.3056
2111	1.0000	0.9513	0.0000	1.3063
2112	1.0000	0.9522	0.0000	1.3069
2113	1.0000	0.9590	0.0000	1.3075
2114	1.0000	0.9593	0.0000	1.3082
2115	1.0000	0.9674	0.0000	1.3088
2116	1.0000	0.9627	0.0000	1.3095
2117	1.0000	0.9635	0.0000	1.3101
2118	1.0000	0.9478	0.0000	1.3107
2119	1.0000	0.9609	0.0000	1.3113
2120	1.0000	0.9661	0.0000	1.3119
2121	1.0000	0.9494	0.0000	1.3126
2122	1.0000	0.9693	0.0000	1.3132
2123	1.0000	0.9588	0.0000	1.3138
2124	1.0000	0.9689	0.0000	1.3144
2125	1.0000	0.9617	0.0000	1.3151
2126	1.0000	0.9763	0.0000	1.3157
2127	1.0000	0.9619	0.0000	1.3164
2128	1.0000	0.9605	0.0000	1.3170
2129	1.0000	0.9588	0.0000	1.3176
2130	1.0000	0.9665	0.0000	1.3182
2131	1.0000	0.9700	0.0000	1.3188
Pos: [0.3330179870195537, 1.1700855810222242, 2.193283771727602]

=================================================================================================================