ID: vincent	Date: 2019-05-03 16:38:00	Runs: 1
=================================================================================================================
Run: 0
Iter	Gbest	AvrFit	Diver	ETime	
0	0.9846	0.2564	0.0000	0.0008
1	0.9846	0.3978	0.0000	0.0014
2	0.9846	0.4548	0.0000	0.0021
3	0.9846	0.4715	0.0000	0.0027
4	0.9846	0.5577	0.0000	0.0033
5	0.9846	0.6005	0.0000	0.0041
6	0.9846	0.6400	0.0000	0.0048
7	0.9851	0.6227	0.0000	0.0054
8	0.9861	0.6502	0.0000	0.0061
9	0.9995	0.7306	0.0000	0.0068
10	0.9995	0.7410	0.0000	0.0074
11	0.9995	0.7354	0.0000	0.0081
12	0.9995	0.7524	0.0000	0.0088
13	0.9995	0.7814	0.0000	0.0094
14	0.9995	0.7968	0.0000	0.0101
15	0.9995	0.7698	0.0000	0.0108
16	0.9995	0.8372	0.0000	0.0115
17	0.9995	0.8446	0.0000	0.0122
18	0.9995	0.8238	0.0000	0.0128
19	0.9995	0.8503	0.0000	0.0135
20	0.9995	0.8793	0.0000	0.0141
21	0.9995	0.8903	0.0000	0.0148
22	1.0000	0.8694	0.0000	0.0154
23	1.0000	0.8772	0.0000	0.0161
24	1.0000	0.8728	0.0000	0.0167
25	1.0000	0.9108	0.0000	0.0174
26	1.0000	0.9119	0.0000	0.0180
27	1.0000	0.9200	0.0000	0.0187
28	1.0000	0.8978	0.0000	0.0193
29	1.0000	0.9216	0.0000	0.0200
30	1.0000	0.9149	0.0000	0.0206
31	1.0000	0.9347	0.0000	0.0213
32	1.0000	0.9203	0.0000	0.0221
33	1.0000	0.9399	0.0000	0.0227
34	1.0000	0.9324	0.0000	0.0233
35	1.0000	0.9509	0.0000	0.0240
36	1.0000	0.9431	0.0000	0.0246
37	1.0000	0.9221	0.0000	0.0255
38	1.0000	0.7118	0.0000	0.0262
39	1.0000	0.7364	0.0000	0.0269
40	1.0000	0.7537	0.0000	0.0276
41	1.0000	0.7715	0.0000	0.0282
42	1.0000	0.7809	0.0000	0.0288
43	1.0000	0.8198	0.0000	0.0295
44	1.0000	0.8485	0.0000	0.0301
45	1.0000	0.8564	0.0000	0.0308
46	1.0000	0.8565	0.0000	0.0314
47	1.0000	0.8461	0.0000	0.0321
48	1.0000	0.8640	0.0000	0.0327
49	1.0000	0.8639	0.0000	0.0333
50	1.0000	0.8654	0.0000	0.0340
51	1.0000	0.8807	0.0000	0.0346
52	1.0000	0.8914	0.0000	0.0353
53	1.0000	0.8927	0.0000	0.0359
54	1.0000	0.8962	0.0000	0.0365
55	1.0000	0.8936	0.0000	0.0372
56	1.0000	0.8976	0.0000	0.0379
57	1.0000	0.8997	0.0000	0.0385
58	1.0000	0.8995	0.0000	0.0391
59	1.0000	0.9003	0.0000	0.0398
60	1.0000	0.8941	0.0000	0.0404
61	1.0000	0.8935	0.0000	0.0411
62	1.0000	0.9254	0.0000	0.0417
63	1.0000	0.9150	0.0000	0.0423
64	1.0000	0.8891	0.0000	0.0429
65	1.0000	0.8862	0.0000	0.0436
66	1.0000	0.9098	0.0000	0.0442
67	1.0000	0.9203	0.0000	0.0448
68	1.0000	0.9269	0.0000	0.0455
69	1.0000	0.9349	0.0000	0.0461
70	1.0000	0.9421	0.0000	0.0467
71	1.0000	0.9202	0.0000	0.0474
72	1.0000	0.9219	0.0000	0.0481
73	1.0000	0.9224	0.0000	0.0487
74	1.0000	0.9273	0.0000	0.0493
75	1.0000	0.9157	0.0000	0.0499
76	1.0000	0.9039	0.0000	0.0508
77	1.0000	0.8589	0.0000	0.0515
78	1.0000	0.8610	0.0000	0.0521
79	1.0000	0.8719	0.0000	0.0528
80	1.0000	0.8640	0.0000	0.0535
81	1.0000	0.8569	0.0000	0.0542
82	1.0000	0.8774	0.0000	0.0549
83	1.0000	0.8932	0.0000	0.0555
84	1.0000	0.9068	0.0000	0.0561
85	1.0000	0.8997	0.0000	0.0567
86	1.0000	0.9186	0.0000	0.0574
87	1.0000	0.8975	0.0000	0.0580
88	1.0000	0.9162	0.0000	0.0586
89	1.0000	0.9335	0.0000	0.0593
90	1.0000	0.9272	0.0000	0.0599
91	1.0000	0.9176	0.0000	0.0605
92	1.0000	0.9511	0.0000	0.0611
93	1.0000	0.9372	0.0000	0.0618
94	1.0000	0.9207	0.0000	0.0624
95	1.0000	0.9061	0.0000	0.0631
96	1.0000	0.9215	0.0000	0.0638
97	1.0000	0.9174	0.0000	0.0644
98	1.0000	0.9105	0.0000	0.0651
99	1.0000	0.9132	0.0000	0.0657
100	1.0000	0.9048	0.0000	0.0663
101	1.0000	0.9056	0.0000	0.0670
102	1.0000	0.9319	0.0000	0.0676
103	1.0000	0.9338	0.0000	0.0683
104	1.0000	0.9315	0.0000	0.0690
105	1.0000	0.9090	0.0000	0.0696
106	1.0000	0.9156	0.0000	0.0703
107	1.0000	0.9078	0.0000	0.0709
108	1.0000	0.9056	0.0000	0.0716
109	1.0000	0.9257	0.0000	0.0722
110	1.0000	0.9178	0.0000	0.0729
111	1.0000	0.9003	0.0000	0.0736
112	1.0000	0.9202	0.0000	0.0742
113	1.0000	0.9201	0.0000	0.0748
114	1.0000	0.9458	0.0000	0.0756
115	1.0000	0.8982	0.0000	0.0768
116	1.0000	0.8771	0.0000	0.0776
117	1.0000	0.8949	0.0000	0.0782
118	1.0000	0.8924	0.0000	0.0789
119	1.0000	0.8876	0.0000	0.0795
120	1.0000	0.8807	0.0000	0.0801
121	1.0000	0.8820	0.0000	0.0808
122	1.0000	0.8747	0.0000	0.0814
123	1.0000	0.8718	0.0000	0.0821
124	1.0000	0.8627	0.0000	0.0827
125	1.0000	0.8660	0.0000	0.0833
126	1.0000	0.9034	0.0000	0.0840
127	1.0000	0.8879	0.0000	0.0846
128	1.0000	0.8877	0.0000	0.0852
129	1.0000	0.9018	0.0000	0.0859
130	1.0000	0.8943	0.0000	0.0865
131	1.0000	0.9279	0.0000	0.0871
132	1.0000	0.8989	0.0000	0.0878
133	1.0000	0.9089	0.0000	0.0885
134	1.0000	0.9173	0.0000	0.0891
135	1.0000	0.9083	0.0000	0.0898
136	1.0000	0.8749	0.0000	0.0905
137	1.0000	0.8054	0.0000	0.0911
138	1.0000	0.8325	0.0000	0.0918
139	1.0000	0.8496	0.0000	0.0924
140	1.0000	0.8678	0.0000	0.0931
141	1.0000	0.8569	0.0000	0.0937
142	1.0000	0.8636	0.0000	0.0945
143	1.0000	0.8561	0.0000	0.0952
144	1.0000	0.8530	0.0000	0.0959
145	1.0000	0.8404	0.0000	0.0966
146	1.0000	0.8132	0.0000	0.0972
147	1.0000	0.8409	0.0000	0.0979
148	1.0000	0.8066	0.0000	0.0986
149	1.0000	0.8227	0.0000	0.0993
150	1.0000	0.8247	0.0000	0.1000
151	1.0000	0.8674	0.0000	0.1007
152	1.0000	0.8426	0.0000	0.1014
153	1.0000	0.8567	0.0000	0.1021
154	1.0000	0.8499	0.0000	0.1030
155	1.0000	0.7762	0.0000	0.1038
156	1.0000	0.8071	0.0000	0.1045
157	1.0000	0.8331	0.0000	0.1052
158	1.0000	0.8242	0.0000	0.1059
159	1.0000	0.8159	0.0000	0.1066
160	1.0000	0.8164	0.0000	0.1073
161	1.0000	0.7956	0.0000	0.1080
162	1.0000	0.8192	0.0000	0.1087
163	1.0000	0.8509	0.0000	0.1094
164	1.0000	0.8481	0.0000	0.1100
165	1.0000	0.8643	0.0000	0.1107
166	1.0000	0.8639	0.0000	0.1113
167	1.0000	0.8748	0.0000	0.1120
168	1.0000	0.8941	0.0000	0.1127
169	1.0000	0.8810	0.0000	0.1133
170	1.0000	0.9077	0.0000	0.1139
171	1.0000	0.9135	0.0000	0.1146
172	1.0000	0.8848	0.0000	0.1153
173	1.0000	0.8922	0.0000	0.1161
174	1.0000	0.8842	0.0000	0.1168
175	1.0000	0.8715	0.0000	0.1175
176	1.0000	0.8987	0.0000	0.1182
177	1.0000	0.8710	0.0000	0.1188
178	1.0000	0.8635	0.0000	0.1195
179	1.0000	0.8963	0.0000	0.1202
180	1.0000	0.8818	0.0000	0.1209
181	1.0000	0.8480	0.0000	0.1216
182	1.0000	0.8521	0.0000	0.1223
183	1.0000	0.8225	0.0000	0.1230
184	1.0000	0.8371	0.0000	0.1238
185	1.0000	0.8466	0.0000	0.1245
186	1.0000	0.8577	0.0000	0.1252
187	1.0000	0.8328	0.0000	0.1259
188	1.0000	0.8538	0.0000	0.1267
189	1.0000	0.7920	0.0000	0.1276
190	1.0000	0.8243	0.0000	0.1283
191	1.0000	0.8199	0.0000	0.1289
192	1.0000	0.8570	0.0000	0.1298
193	1.0000	0.8162	0.0000	0.1307
194	1.0000	0.8402	0.0000	0.1315
195	1.0000	0.8180	0.0000	0.1322
196	1.0000	0.8039	0.0000	0.1329
197	1.0000	0.8265	0.0000	0.1337
198	1.0000	0.8304	0.0000	0.1343
199	1.0000	0.8230	0.0000	0.1350
200	1.0000	0.8528	0.0000	0.1358
201	1.0000	0.8615	0.0000	0.1365
202	1.0000	0.8477	0.0000	0.1372
203	1.0000	0.8621	0.0000	0.1379
204	1.0000	0.8523	0.0000	0.1386
205	1.0000	0.8691	0.0000	0.1393
206	1.0000	0.8879	0.0000	0.1400
207	1.0000	0.8496	0.0000	0.1407
208	1.0000	0.8569	0.0000	0.1415
209	1.0000	0.8831	0.0000	0.1423
210	1.0000	0.8753	0.0000	0.1431
211	1.0000	0.8499	0.0000	0.1439
212	1.0000	0.8581	0.0000	0.1446
213	1.0000	0.8769	0.0000	0.1454
214	1.0000	0.8694	0.0000	0.1461
215	1.0000	0.8513	0.0000	0.1468
216	1.0000	0.8470	0.0000	0.1476
217	1.0000	0.8305	0.0000	0.1483
218	1.0000	0.8434	0.0000	0.1490
219	1.0000	0.8663	0.0000	0.1497
220	1.0000	0.8509	0.0000	0.1504
221	1.0000	0.8711	0.0000	0.1514
222	1.0000	0.8357	0.0000	0.1523
223	1.0000	0.8091	0.0000	0.1530
224	1.0000	0.8103	0.0000	0.1537
225	1.0000	0.7808	0.0000	0.1544
226	1.0000	0.8591	0.0000	0.1551
227	1.0000	0.8574	0.0000	0.1558
228	1.0000	0.8169	0.0000	0.1566
229	1.0000	0.8598	0.0000	0.1574
230	1.0000	0.8679	0.0000	0.1580
231	1.0000	0.8544	0.0000	0.1588
232	1.0000	0.8883	0.0000	0.1596
233	1.0000	0.8542	0.0000	0.1604
234	1.0000	0.8891	0.0000	0.1610
235	1.0000	0.8866	0.0000	0.1617
236	1.0000	0.9074	0.0000	0.1624
237	1.0000	0.9021	0.0000	0.1631
238	1.0000	0.9142	0.0000	0.1638
239	1.0000	0.8991	0.0000	0.1644
240	1.0000	0.8990	0.0000	0.1652
241	1.0000	0.9003	0.0000	0.1658
242	1.0000	0.8817	0.0000	0.1665
243	1.0000	0.9265	0.0000	0.1672
244	1.0000	0.8883	0.0000	0.1679
245	1.0000	0.9044	0.0000	0.1687
246	1.0000	0.9020	0.0000	0.1694
247	1.0000	0.9240	0.0000	0.1702
248	1.0000	0.9153	0.0000	0.1709
249	1.0000	0.9307	0.0000	0.1718
250	1.0000	0.8989	0.0000	0.1725
251	1.0000	0.9023	0.0000	0.1733
252	1.0000	0.9169	0.0000	0.1742
253	1.0000	0.8997	0.0000	0.1751
254	1.0000	0.8857	0.0000	0.1758
255	1.0000	0.8661	0.0000	0.1767
256	1.0000	0.8801	0.0000	0.1774
257	1.0000	0.8969	0.0000	0.1781
258	1.0000	0.9122	0.0000	0.1789
259	1.0000	0.9215	0.0000	0.1797
260	1.0000	0.8961	0.0000	0.1806
261	1.0000	0.9091	0.0000	0.1815
262	1.0000	0.8765	0.0000	0.1823
263	1.0000	0.8893	0.0000	0.1830
264	1.0000	0.8769	0.0000	0.1839
265	1.0000	0.8756	0.0000	0.1847
266	1.0000	0.8575	0.0000	0.1855
267	1.0000	0.8399	0.0000	0.1862
268	1.0000	0.8527	0.0000	0.1869
269	1.0000	0.8565	0.0000	0.1877
270	1.0000	0.8593	0.0000	0.1885
271	1.0000	0.8427	0.0000	0.1893
272	1.0000	0.8586	0.0000	0.1901
273	1.0000	0.8632	0.0000	0.1909
274	1.0000	0.8183	0.0000	0.1916
275	1.0000	0.8531	0.0000	0.1924
276	1.0000	0.8335	0.0000	0.1932
277	1.0000	0.8698	0.0000	0.1939
278	1.0000	0.8755	0.0000	0.1946
279	1.0000	0.8846	0.0000	0.1954
280	1.0000	0.8762	0.0000	0.1961
281	1.0000	0.8702	0.0000	0.1969
282	1.0000	0.8591	0.0000	0.1977
283	1.0000	0.9034	0.0000	0.1985
284	1.0000	0.8489	0.0000	0.1993
285	1.0000	0.8515	0.0000	0.2000
286	1.0000	0.8839	0.0000	0.2008
287	1.0000	0.8623	0.0000	0.2016
288	1.0000	0.8667	0.0000	0.2025
289	1.0000	0.8454	0.0000	0.2033
290	1.0000	0.8615	0.0000	0.2041
291	1.0000	0.8363	0.0000	0.2051
292	1.0000	0.8657	0.0000	0.2058
293	1.0000	0.8644	0.0000	0.2066
294	1.0000	0.9077	0.0000	0.2076
295	1.0000	0.8599	0.0000	0.2084
296	1.0000	0.8501	0.0000	0.2091
297	1.0000	0.8735	0.0000	0.2099
298	1.0000	0.8834	0.0000	0.2108
299	1.0000	0.8782	0.0000	0.2119
300	1.0000	0.8693	0.0000	0.2127
301	1.0000	0.8420	0.0000	0.2136
302	1.0000	0.8569	0.0000	0.2144
303	1.0000	0.8746	0.0000	0.2152
304	1.0000	0.8782	0.0000	0.2161
305	1.0000	0.8380	0.0000	0.2170
306	1.0000	0.8345	0.0000	0.2177
307	1.0000	0.8412	0.0000	0.2185
308	1.0000	0.8486	0.0000	0.2194
309	1.0000	0.8385	0.0000	0.2202
310	1.0000	0.8471	0.0000	0.2210
311	1.0000	0.8646	0.0000	0.2217
312	1.0000	0.8199	0.0000	0.2225
313	1.0000	0.8808	0.0000	0.2233
314	1.0000	0.8758	0.0000	0.2240
315	1.0000	0.8861	0.0000	0.2248
316	1.0000	0.8984	0.0000	0.2256
317	1.0000	0.8767	0.0000	0.2263
318	1.0000	0.8853	0.0000	0.2272
319	1.0000	0.9003	0.0000	0.2279
320	1.0000	0.8990	0.0000	0.2288
321	1.0000	0.8479	0.0000	0.2297
322	1.0000	0.8472	0.0000	0.2306
323	1.0000	0.8673	0.0000	0.2316
324	1.0000	0.8683	0.0000	0.2324
325	1.0000	0.9000	0.0000	0.2333
326	1.0000	0.8705	0.0000	0.2342
327	1.0000	0.9051	0.0000	0.2352
328	1.0000	0.8460	0.0000	0.2359
329	1.0000	0.8446	0.0000	0.2367
330	1.0000	0.8755	0.0000	0.2375
331	1.0000	0.8405	0.0000	0.2384
332	1.0000	0.8528	0.0000	0.2391
333	1.0000	0.8564	0.0000	0.2399
334	1.0000	0.8307	0.0000	0.2406
335	1.0000	0.8334	0.0000	0.2413
336	1.0000	0.8477	0.0000	0.2420
337	1.0000	0.8553	0.0000	0.2428
338	1.0000	0.8790	0.0000	0.2438
339	1.0000	0.8259	0.0000	0.2445
340	1.0000	0.8850	0.0000	0.2453
341	1.0000	0.8256	0.0000	0.2460
342	1.0000	0.8534	0.0000	0.2469
343	1.0000	0.8525	0.0000	0.2476
344	1.0000	0.8476	0.0000	0.2484
345	1.0000	0.8447	0.0000	0.2491
346	1.0000	0.8422	0.0000	0.2499
347	1.0000	0.8601	0.0000	0.2505
348	1.0000	0.8592	0.0000	0.2513
349	1.0000	0.8926	0.0000	0.2521
350	1.0000	0.9118	0.0000	0.2527
351	1.0000	0.8959	0.0000	0.2535
352	1.0000	0.8857	0.0000	0.2543
353	1.0000	0.8616	0.0000	0.2550
354	1.0000	0.9162	0.0000	0.2557
355	1.0000	0.8938	0.0000	0.2564
356	1.0000	0.8935	0.0000	0.2571
357	1.0000	0.9145	0.0000	0.2578
358	1.0000	0.8652	0.0000	0.2585
359	1.0000	0.8980	0.0000	0.2593
360	1.0000	0.8356	0.0000	0.2600
361	1.0000	0.8767	0.0000	0.2608
362	1.0000	0.8380	0.0000	0.2616
363	1.0000	0.8690	0.0000	0.2625
364	1.0000	0.8543	0.0000	0.2635
365	1.0000	0.8254	0.0000	0.2645
366	1.0000	0.8272	0.0000	0.2656
367	1.0000	0.8069	0.0000	0.2664
368	1.0000	0.8192	0.0000	0.2676
369	1.0000	0.7977	0.0000	0.2686
370	1.0000	0.8348	0.0000	0.2694
371	1.0000	0.7971	0.0000	0.2703
372	1.0000	0.8126	0.0000	0.2713
373	1.0000	0.8143	0.0000	0.2720
374	1.0000	0.7856	0.0000	0.2726
375	1.0000	0.8412	0.0000	0.2734
376	1.0000	0.8433	0.0000	0.2743
377	1.0000	0.8198	0.0000	0.2752
378	1.0000	0.8302	0.0000	0.2760
379	1.0000	0.8101	0.0000	0.2768
380	1.0000	0.8467	0.0000	0.2775
381	1.0000	0.8309	0.0000	0.2784
382	1.0000	0.8286	0.0000	0.2791
383	1.0000	0.8224	0.0000	0.2798
384	1.0000	0.8281	0.0000	0.2805
385	1.0000	0.8294	0.0000	0.2813
386	1.0000	0.8713	0.0000	0.2821
387	1.0000	0.8329	0.0000	0.2829
388	1.0000	0.8590	0.0000	0.2836
389	1.0000	0.8797	0.0000	0.2844
390	1.0000	0.8262	0.0000	0.2852
391	1.0000	0.8693	0.0000	0.2860
392	1.0000	0.8890	0.0000	0.2867
393	1.0000	0.8869	0.0000	0.2874
394	1.0000	0.8656	0.0000	0.2882
395	1.0000	0.8839	0.0000	0.2890
396	1.0000	0.8627	0.0000	0.2897
397	1.0000	0.8781	0.0000	0.2904
398	1.0000	0.8584	0.0000	0.2912
399	1.0000	0.8557	0.0000	0.2921
400	1.0000	0.8688	0.0000	0.2930
401	1.0000	0.8788	0.0000	0.2937
402	1.0000	0.8728	0.0000	0.2945
403	1.0000	0.8570	0.0000	0.2954
404	1.0000	0.8627	0.0000	0.2963
405	1.0000	0.8583	0.0000	0.2972
406	1.0000	0.8916	0.0000	0.2980
407	1.0000	0.8918	0.0000	0.2989
408	1.0000	0.8281	0.0000	0.2998
409	1.0000	0.8657	0.0000	0.3006
410	1.0000	0.8582	0.0000	0.3015
411	1.0000	0.8693	0.0000	0.3024
412	1.0000	0.8789	0.0000	0.3031
413	1.0000	0.8489	0.0000	0.3037
414	1.0000	0.8519	0.0000	0.3045
415	1.0000	0.8817	0.0000	0.3054
416	1.0000	0.8859	0.0000	0.3061
417	1.0000	0.8797	0.0000	0.3068
418	1.0000	0.8765	0.0000	0.3075
419	1.0000	0.8642	0.0000	0.3082
420	1.0000	0.8412	0.0000	0.3089
421	1.0000	0.8803	0.0000	0.3096
422	1.0000	0.8921	0.0000	0.3102
423	1.0000	0.8798	0.0000	0.3109
424	1.0000	0.8950	0.0000	0.3116
425	1.0000	0.8844	0.0000	0.3124
426	1.0000	0.8926	0.0000	0.3131
427	1.0000	0.8793	0.0000	0.3138
428	1.0000	0.8783	0.0000	0.3145
429	1.0000	0.9042	0.0000	0.3152
430	1.0000	0.9004	0.0000	0.3159
431	1.0000	0.8904	0.0000	0.3166
432	1.0000	0.9062	0.0000	0.3174
433	1.0000	0.9117	0.0000	0.3182
434	1.0000	0.8917	0.0000	0.3190
435	1.0000	0.9312	0.0000	0.3197
436	1.0000	0.8907	0.0000	0.3205
437	1.0000	0.8955	0.0000	0.3214
438	1.0000	0.8814	0.0000	0.3223
439	1.0000	0.8608	0.0000	0.3231
440	1.0000	0.8885	0.0000	0.3239
441	1.0000	0.8872	0.0000	0.3248
442	1.0000	0.8733	0.0000	0.3256
443	1.0000	0.9044	0.0000	0.3265
444	1.0000	0.9061	0.0000	0.3274
445	1.0000	0.8907	0.0000	0.3282
446	1.0000	0.8738	0.0000	0.3292
447	1.0000	0.8643	0.0000	0.3300
448	1.0000	0.8835	0.0000	0.3308
449	1.0000	0.8808	0.0000	0.3316
450	1.0000	0.8968	0.0000	0.3325
451	1.0000	0.8895	0.0000	0.3332
452	1.0000	0.8993	0.0000	0.3339
453	1.0000	0.8979	0.0000	0.3345
454	1.0000	0.9002	0.0000	0.3355
455	1.0000	0.8520	0.0000	0.3362
456	1.0000	0.8885	0.0000	0.3371
457	1.0000	0.8730	0.0000	0.3378
458	1.0000	0.8806	0.0000	0.3385
459	1.0000	0.8655	0.0000	0.3393
460	1.0000	0.8992	0.0000	0.3400
461	1.0000	0.8723	0.0000	0.3407
462	1.0000	0.8905	0.0000	0.3413
463	1.0000	0.8927	0.0000	0.3421
464	1.0000	0.8887	0.0000	0.3427
465	1.0000	0.9027	0.0000	0.3434
466	1.0000	0.8651	0.0000	0.3442
467	1.0000	0.8879	0.0000	0.3449
468	1.0000	0.8748	0.0000	0.3458
469	1.0000	0.8917	0.0000	0.3470
470	1.0000	0.8844	0.0000	0.3478
471	1.0000	0.8981	0.0000	0.3485
472	1.0000	0.9024	0.0000	0.3495
473	1.0000	0.8716	0.0000	0.3503
474	1.0000	0.8870	0.0000	0.3510
475	1.0000	0.8922	0.0000	0.3517
476	1.0000	0.9057	0.0000	0.3526
477	1.0000	0.8941	0.0000	0.3537
478	1.0000	0.8814	0.0000	0.3545
479	1.0000	0.8979	0.0000	0.3554
480	1.0000	0.8846	0.0000	0.3562
481	1.0000	0.8835	0.0000	0.3572
482	1.0000	0.8900	0.0000	0.3581
483	1.0000	0.8846	0.0000	0.3590
484	1.0000	0.8987	0.0000	0.3600
485	1.0000	0.8834	0.0000	0.3609
486	1.0000	0.9013	0.0000	0.3618
487	1.0000	0.9024	0.0000	0.3626
488	1.0000	0.8955	0.0000	0.3635
489	1.0000	0.8777	0.0000	0.3644
490	1.0000	0.9204	0.0000	0.3653
491	1.0000	0.8982	0.0000	0.3660
492	1.0000	0.8959	0.0000	0.3667
493	1.0000	0.8893	0.0000	0.3675
494	1.0000	0.9008	0.0000	0.3684
495	1.0000	0.8813	0.0000	0.3692
496	1.0000	0.8585	0.0000	0.3701
497	1.0000	0.8872	0.0000	0.3708
498	1.0000	0.8877	0.0000	0.3718
499	1.0000	0.8775	0.0000	0.3726
500	1.0000	0.8588	0.0000	0.3734
501	1.0000	0.8807	0.0000	0.3742
502	1.0000	0.8532	0.0000	0.3755
503	1.0000	0.8717	0.0000	0.3764
504	1.0000	0.8640	0.0000	0.3772
505	1.0000	0.8872	0.0000	0.3783
506	1.0000	0.8580	0.0000	0.3793
507	1.0000	0.8857	0.0000	0.3801
508	1.0000	0.8839	0.0000	0.3810
509	1.0000	0.8803	0.0000	0.3817
510	1.0000	0.8706	0.0000	0.3825
511	1.0000	0.8826	0.0000	0.3833
512	1.0000	0.8780	0.0000	0.3840
513	1.0000	0.8910	0.0000	0.3847
514	1.0000	0.8862	0.0000	0.3856
515	1.0000	0.8625	0.0000	0.3866
516	1.0000	0.9020	0.0000	0.3875
517	1.0000	0.8960	0.0000	0.3884
518	1.0000	0.9120	0.0000	0.3891
519	1.0000	0.8782	0.0000	0.3899
520	1.0000	0.9281	0.0000	0.3905
521	1.0000	0.9191	0.0000	0.3913
522	1.0000	0.9229	0.0000	0.3919
523	1.0000	0.9205	0.0000	0.3927
524	1.0000	0.9330	0.0000	0.3935
525	1.0000	0.8868	0.0000	0.3942
526	1.0000	0.9089	0.0000	0.3951
527	1.0000	0.9022	0.0000	0.3959
528	1.0000	0.9213	0.0000	0.3967
529	1.0000	0.9174	0.0000	0.3974
530	1.0000	0.8913	0.0000	0.3981
531	1.0000	0.9168	0.0000	0.3989
532	1.0000	0.9231	0.0000	0.3998
533	1.0000	0.9161	0.0000	0.4007
534	1.0000	0.9122	0.0000	0.4014
535	1.0000	0.9325	0.0000	0.4022
536	1.0000	0.9125	0.0000	0.4030
537	1.0000	0.9183	0.0000	0.4037
538	1.0000	0.9247	0.0000	0.4044
539	1.0000	0.9246	0.0000	0.4052
540	1.0000	0.9050	0.0000	0.4066
541	1.0000	0.9041	0.0000	0.4081
542	1.0000	0.8743	0.0000	0.4089
543	1.0000	0.8981	0.0000	0.4098
544	1.0000	0.8818	0.0000	0.4106
545	1.0000	0.8870	0.0000	0.4117
546	1.0000	0.8671	0.0000	0.4126
547	1.0000	0.8773	0.0000	0.4134
548	1.0000	0.8264	0.0000	0.4141
549	1.0000	0.8557	0.0000	0.4148
550	1.0000	0.8856	0.0000	0.4155
551	1.0000	0.8868	0.0000	0.4162
552	1.0000	0.9010	0.0000	0.4168
553	1.0000	0.8904	0.0000	0.4176
554	1.0000	0.8965	0.0000	0.4184
555	1.0000	0.9195	0.0000	0.4192
556	1.0000	0.8808	0.0000	0.4199
557	1.0000	0.9073	0.0000	0.4207
558	1.0000	0.8864	0.0000	0.4214
559	1.0000	0.8938	0.0000	0.4222
560	1.0000	0.8695	0.0000	0.4230
561	1.0000	0.9037	0.0000	0.4236
562	1.0000	0.9207	0.0000	0.4245
563	1.0000	0.9196	0.0000	0.4254
564	1.0000	0.8887	0.0000	0.4261
565	1.0000	0.8941	0.0000	0.4268
566	1.0000	0.8931	0.0000	0.4276
567	1.0000	0.9158	0.0000	0.4283
568	1.0000	0.9114	0.0000	0.4292
569	1.0000	0.9128	0.0000	0.4303
570	1.0000	0.8710	0.0000	0.4312
571	1.0000	0.9046	0.0000	0.4322
572	1.0000	0.9212	0.0000	0.4330
573	1.0000	0.9155	0.0000	0.4336
574	1.0000	0.9100	0.0000	0.4344
575	1.0000	0.9015	0.0000	0.4352
576	1.0000	0.8835	0.0000	0.4358
577	1.0000	0.9335	0.0000	0.4365
578	1.0000	0.9180	0.0000	0.4372
579	1.0000	0.9165	0.0000	0.4383
580	1.0000	0.9133	0.0000	0.4393
581	1.0000	0.8915	0.0000	0.4400
582	1.0000	0.9114	0.0000	0.4409
583	1.0000	0.9093	0.0000	0.4416
584	1.0000	0.8748	0.0000	0.4427
585	1.0000	0.8504	0.0000	0.4435
586	1.0000	0.8737	0.0000	0.4446
587	1.0000	0.8461	0.0000	0.4454
588	1.0000	0.8432	0.0000	0.4462
589	1.0000	0.8558	0.0000	0.4472
590	1.0000	0.8781	0.0000	0.4480
591	1.0000	0.8784	0.0000	0.4488
592	1.0000	0.8792	0.0000	0.4497
593	1.0000	0.8848	0.0000	0.4505
594	1.0000	0.9000	0.0000	0.4512
595	1.0000	0.8896	0.0000	0.4519
596	1.0000	0.8917	0.0000	0.4528
597	1.0000	0.8861	0.0000	0.4535
598	1.0000	0.9006	0.0000	0.4544
599	1.0000	0.8942	0.0000	0.4550
600	1.0000	0.8877	0.0000	0.4561
601	1.0000	0.8911	0.0000	0.4570
602	1.0000	0.9113	0.0000	0.4578
603	1.0000	0.8960	0.0000	0.4585
604	1.0000	0.8791	0.0000	0.4593
605	1.0000	0.8929	0.0000	0.4600
606	1.0000	0.8727	0.0000	0.4607
607	1.0000	0.9198	0.0000	0.4614
608	1.0000	0.8621	0.0000	0.4621
609	1.0000	0.8670	0.0000	0.4628
610	1.0000	0.8648	0.0000	0.4636
611	1.0000	0.8638	0.0000	0.4643
612	1.0000	0.8903	0.0000	0.4650
613	1.0000	0.8803	0.0000	0.4657
614	1.0000	0.8854	0.0000	0.4663
615	1.0000	0.9154	0.0000	0.4670
616	1.0000	0.9144	0.0000	0.4676
617	1.0000	0.9208	0.0000	0.4683
618	1.0000	0.9355	0.0000	0.4693
619	1.0000	0.9238	0.0000	0.4701
620	1.0000	0.8994	0.0000	0.4708
621	1.0000	0.9012	0.0000	0.4716
622	1.0000	0.9160	0.0000	0.4722
623	1.0000	0.9288	0.0000	0.4732
624	1.0000	0.9062	0.0000	0.4739
625	1.0000	0.8753	0.0000	0.4749
626	1.0000	0.8878	0.0000	0.4756
627	1.0000	0.8979	0.0000	0.4763
628	1.0000	0.8902	0.0000	0.4770
629	1.0000	0.9060	0.0000	0.4776
630	1.0000	0.9043	0.0000	0.4783
631	1.0000	0.9198	0.0000	0.4790
632	1.0000	0.9197	0.0000	0.4799
633	1.0000	0.9041	0.0000	0.4805
634	1.0000	0.9018	0.0000	0.4811
635	1.0000	0.9103	0.0000	0.4819
636	1.0000	0.9416	0.0000	0.4827
637	1.0000	0.9451	0.0000	0.4834
638	1.0000	0.9268	0.0000	0.4843
639	1.0000	0.9230	0.0000	0.4852
640	1.0000	0.8995	0.0000	0.4860
641	1.0000	0.8789	0.0000	0.4869
642	1.0000	0.8787	0.0000	0.4875
643	1.0000	0.9183	0.0000	0.4882
644	1.0000	0.8977	0.0000	0.4889
645	1.0000	0.9044	0.0000	0.4897
646	1.0000	0.9162	0.0000	0.4905
647	1.0000	0.9126	0.0000	0.4911
648	1.0000	0.9276	0.0000	0.4919
649	1.0000	0.9308	0.0000	0.4926
650	1.0000	0.9314	0.0000	0.4933
651	1.0000	0.9286	0.0000	0.4940
652	1.0000	0.9503	0.0000	0.4947
653	1.0000	0.9517	0.0000	0.4954
654	1.0000	0.9509	0.0000	0.4961
655	1.0000	0.9300	0.0000	0.4968
656	1.0000	0.9389	0.0000	0.4976
657	1.0000	0.9397	0.0000	0.4982
658	1.0000	0.9363	0.0000	0.4990
659	1.0000	0.9128	0.0000	0.4998
660	1.0000	0.9457	0.0000	0.5006
661	1.0000	0.9364	0.0000	0.5013
662	1.0000	0.9536	0.0000	0.5021
663	1.0000	0.9388	0.0000	0.5029
664	1.0000	0.9451	0.0000	0.5038
665	1.0000	0.9290	0.0000	0.5045
666	1.0000	0.9285	0.0000	0.5053
667	1.0000	0.9124	0.0000	0.5061
668	1.0000	0.9086	0.0000	0.5068
669	1.0000	0.9255	0.0000	0.5074
670	1.0000	0.9219	0.0000	0.5081
671	1.0000	0.9093	0.0000	0.5088
672	1.0000	0.9241	0.0000	0.5095
673	1.0000	0.9023	0.0000	0.5102
674	1.0000	0.9254	0.0000	0.5110
675	1.0000	0.9421	0.0000	0.5120
676	1.0000	0.9097	0.0000	0.5129
677	1.0000	0.8936	0.0000	0.5137
678	1.0000	0.8883	0.0000	0.5143
679	1.0000	0.8892	0.0000	0.5151
680	1.0000	0.9197	0.0000	0.5159
681	1.0000	0.8766	0.0000	0.5165
682	1.0000	0.8942	0.0000	0.5172
683	1.0000	0.9158	0.0000	0.5178
684	1.0000	0.9240	0.0000	0.5186
685	1.0000	0.9009	0.0000	0.5193
686	1.0000	0.9295	0.0000	0.5199
687	1.0000	0.9414	0.0000	0.5206
688	1.0000	0.9405	0.0000	0.5212
689	1.0000	0.9580	0.0000	0.5219
690	1.0000	0.9420	0.0000	0.5225
691	1.0000	0.9534	0.0000	0.5232
692	1.0000	0.9506	0.0000	0.5240
693	1.0000	0.9373	0.0000	0.5246
694	1.0000	0.9415	0.0000	0.5254
695	1.0000	0.9438	0.0000	0.5262
696	1.0000	0.9462	0.0000	0.5268
697	1.0000	0.9410	0.0000	0.5275
698	1.0000	0.9430	0.0000	0.5283
699	1.0000	0.9125	0.0000	0.5292
700	1.0000	0.9310	0.0000	0.5299
701	1.0000	0.9110	0.0000	0.5306
702	1.0000	0.8821	0.0000	0.5314
703	1.0000	0.9259	0.0000	0.5324
704	1.0000	0.8979	0.0000	0.5332
705	1.0000	0.9035	0.0000	0.5341
706	1.0000	0.9117	0.0000	0.5349
707	1.0000	0.9268	0.0000	0.5356
708	1.0000	0.9105	0.0000	0.5363
709	1.0000	0.9095	0.0000	0.5372
710	1.0000	0.8971	0.0000	0.5380
711	1.0000	0.8916	0.0000	0.5390
712	1.0000	0.8878	0.0000	0.5398
713	1.0000	0.8504	0.0000	0.5407
714	1.0000	0.8883	0.0000	0.5421
715	1.0000	0.8706	0.0000	0.5429
716	1.0000	0.8632	0.0000	0.5437
717	1.0000	0.8483	0.0000	0.5443
718	1.0000	0.8660	0.0000	0.5451
719	1.0000	0.8263	0.0000	0.5459
720	1.0000	0.8771	0.0000	0.5465
721	1.0000	0.8529	0.0000	0.5473
722	1.0000	0.8614	0.0000	0.5480
723	1.0000	0.8866	0.0000	0.5488
724	1.0000	0.8903	0.0000	0.5496
725	1.0000	0.8943	0.0000	0.5503
726	1.0000	0.8793	0.0000	0.5509
727	1.0000	0.9130	0.0000	0.5517
728	1.0000	0.9111	0.0000	0.5524
729	1.0000	0.8790	0.0000	0.5530
730	1.0000	0.8751	0.0000	0.5536
731	1.0000	0.8846	0.0000	0.5543
732	1.0000	0.8797	0.0000	0.5550
733	1.0000	0.8878	0.0000	0.5557
734	1.0000	0.8943	0.0000	0.5564
735	1.0000	0.9308	0.0000	0.5572
736	1.0000	0.8840	0.0000	0.5578
737	1.0000	0.8895	0.0000	0.5585
738	1.0000	0.8850	0.0000	0.5592
739	1.0000	0.8656	0.0000	0.5601
740	1.0000	0.8872	0.0000	0.5608
741	1.0000	0.8886	0.0000	0.5616
742	1.0000	0.8689	0.0000	0.5624
743	1.0000	0.8644	0.0000	0.5633
744	1.0000	0.8801	0.0000	0.5642
745	1.0000	0.8818	0.0000	0.5649
746	1.0000	0.9062	0.0000	0.5657
747	1.0000	0.8680	0.0000	0.5666
748	1.0000	0.8689	0.0000	0.5674
749	1.0000	0.9058	0.0000	0.5683
750	1.0000	0.8708	0.0000	0.5694
751	1.0000	0.8580	0.0000	0.5704
752	1.0000	0.8972	0.0000	0.5715
753	1.0000	0.8844	0.0000	0.5725
754	1.0000	0.8660	0.0000	0.5734
755	1.0000	0.8761	0.0000	0.5744
756	1.0000	0.8632	0.0000	0.5752
757	1.0000	0.8532	0.0000	0.5762
758	1.0000	0.8684	0.0000	0.5770
759	1.0000	0.8595	0.0000	0.5776
760	1.0000	0.8767	0.0000	0.5784
761	1.0000	0.8659	0.0000	0.5792
762	1.0000	0.8752	0.0000	0.5799
763	1.0000	0.8676	0.0000	0.5808
764	1.0000	0.8687	0.0000	0.5815
765	1.0000	0.8871	0.0000	0.5822
766	1.0000	0.8748	0.0000	0.5832
767	1.0000	0.8879	0.0000	0.5843
768	1.0000	0.8630	0.0000	0.5852
769	1.0000	0.8331	0.0000	0.5859
770	1.0000	0.8562	0.0000	0.5866
771	1.0000	0.8602	0.0000	0.5874
772	1.0000	0.8614	0.0000	0.5882
773	1.0000	0.8666	0.0000	0.5890
774	1.0000	0.8812	0.0000	0.5902
775	1.0000	0.8203	0.0000	0.5909
776	1.0000	0.8452	0.0000	0.5915
777	1.0000	0.8399	0.0000	0.5925
778	1.0000	0.8538	0.0000	0.5933
779	1.0000	0.8411	0.0000	0.5940
780	1.0000	0.8518	0.0000	0.5947
781	1.0000	0.8501	0.0000	0.5954
782	1.0000	0.8783	0.0000	0.5964
783	1.0000	0.8457	0.0000	0.5971
784	1.0000	0.8874	0.0000	0.5980
785	1.0000	0.8660	0.0000	0.5989
786	1.0000	0.8759	0.0000	0.5996
787	1.0000	0.8765	0.0000	0.6006
788	1.0000	0.8912	0.0000	0.6016
789	1.0000	0.8991	0.0000	0.6027
790	1.0000	0.8814	0.0000	0.6036
791	1.0000	0.8954	0.0000	0.6044
792	1.0000	0.8806	0.0000	0.6052
793	1.0000	0.8933	0.0000	0.6059
794	1.0000	0.8885	0.0000	0.6068
795	1.0000	0.8904	0.0000	0.6076
796	1.0000	0.8906	0.0000	0.6085
797	1.0000	0.8939	0.0000	0.6094
798	1.0000	0.8877	0.0000	0.6103
799	1.0000	0.8835	0.0000	0.6109
800	1.0000	0.9007	0.0000	0.6119
801	1.0000	0.8707	0.0000	0.6126
802	1.0000	0.9130	0.0000	0.6137
803	1.0000	0.8842	0.0000	0.6149
804	1.0000	0.8463	0.0000	0.6158
805	1.0000	0.8390	0.0000	0.6169
806	1.0000	0.8387	0.0000	0.6178
807	1.0000	0.8454	0.0000	0.6185
808	1.0000	0.8275	0.0000	0.6191
809	1.0000	0.8624	0.0000	0.6200
810	1.0000	0.8738	0.0000	0.6209
811	1.0000	0.8707	0.0000	0.6218
812	1.0000	0.8651	0.0000	0.6228
813	1.0000	0.8722	0.0000	0.6238
814	1.0000	0.8729	0.0000	0.6246
815	1.0000	0.8442	0.0000	0.6254
816	1.0000	0.8660	0.0000	0.6264
817	1.0000	0.8762	0.0000	0.6272
818	1.0000	0.8769	0.0000	0.6278
819	1.0000	0.8669	0.0000	0.6286
820	1.0000	0.8807	0.0000	0.6292
821	1.0000	0.8781	0.0000	0.6303
822	1.0000	0.8546	0.0000	0.6310
823	1.0000	0.8849	0.0000	0.6318
824	1.0000	0.8975	0.0000	0.6326
825	1.0000	0.8626	0.0000	0.6335
826	1.0000	0.8507	0.0000	0.6344
827	1.0000	0.8789	0.0000	0.6354
828	1.0000	0.8598	0.0000	0.6366
829	1.0000	0.8486	0.0000	0.6377
830	1.0000	0.8542	0.0000	0.6385
831	1.0000	0.8501	0.0000	0.6395
832	1.0000	0.8750	0.0000	0.6402
833	1.0000	0.8876	0.0000	0.6413
834	1.0000	0.8553	0.0000	0.6422
835	1.0000	0.8549	0.0000	0.6431
836	1.0000	0.8633	0.0000	0.6442
837	1.0000	0.8529	0.0000	0.6452
838	1.0000	0.8747	0.0000	0.6458
839	1.0000	0.8789	0.0000	0.6469
840	1.0000	0.8602	0.0000	0.6477
841	1.0000	0.8609	0.0000	0.6487
842	1.0000	0.8528	0.0000	0.6499
843	1.0000	0.8318	0.0000	0.6508
844	1.0000	0.8640	0.0000	0.6523
845	1.0000	0.8232	0.0000	0.6531
846	1.0000	0.8220	0.0000	0.6538
847	1.0000	0.8439	0.0000	0.6546
848	1.0000	0.8827	0.0000	0.6556
849	1.0000	0.8981	0.0000	0.6566
850	1.0000	0.8331	0.0000	0.6574
851	1.0000	0.8589	0.0000	0.6585
852	1.0000	0.8283	0.0000	0.6597
853	1.0000	0.8605	0.0000	0.6606
854	1.0000	0.8603	0.0000	0.6615
855	1.0000	0.8352	0.0000	0.6623
856	1.0000	0.8582	0.0000	0.6631
857	1.0000	0.8843	0.0000	0.6638
858	1.0000	0.8717	0.0000	0.6646
859	1.0000	0.8617	0.0000	0.6653
860	1.0000	0.8860	0.0000	0.6666
861	1.0000	0.8297	0.0000	0.6674
862	1.0000	0.8468	0.0000	0.6682
863	1.0000	0.8481	0.0000	0.6692
864	1.0000	0.8555	0.0000	0.6701
865	1.0000	0.8440	0.0000	0.6713
866	1.0000	0.8367	0.0000	0.6724
867	1.0000	0.8086	0.0000	0.6738
868	1.0000	0.8282	0.0000	0.6747
869	1.0000	0.8168	0.0000	0.6754
870	1.0000	0.8502	0.0000	0.6767
871	1.0000	0.8405	0.0000	0.6777
872	1.0000	0.8375	0.0000	0.6789
873	1.0000	0.8401	0.0000	0.6797
874	1.0000	0.8571	0.0000	0.6806
875	1.0000	0.8859	0.0000	0.6816
876	1.0000	0.8480	0.0000	0.6826
877	1.0000	0.8942	0.0000	0.6833
878	1.0000	0.8719	0.0000	0.6842
879	1.0000	0.8960	0.0000	0.6851
880	1.0000	0.8694	0.0000	0.6861
881	1.0000	0.8711	0.0000	0.6873
882	1.0000	0.8657	0.0000	0.6884
883	1.0000	0.8458	0.0000	0.6900
884	1.0000	0.8362	0.0000	0.6910
885	1.0000	0.8377	0.0000	0.6918
886	1.0000	0.8389	0.0000	0.6928
887	1.0000	0.8287	0.0000	0.6939
888	1.0000	0.8717	0.0000	0.6950
889	1.0000	0.8449	0.0000	0.6959
890	1.0000	0.8056	0.0000	0.6967
891	1.0000	0.8627	0.0000	0.6979
892	1.0000	0.8449	0.0000	0.6994
893	1.0000	0.8811	0.0000	0.7004
894	1.0000	0.8268	0.0000	0.7011
895	1.0000	0.8671	0.0000	0.7019
896	1.0000	0.8881	0.0000	0.7026
897	1.0000	0.8925	0.0000	0.7035
898	1.0000	0.9035	0.0000	0.7041
899	1.0000	0.8800	0.0000	0.7050
900	1.0000	0.8485	0.0000	0.7058
901	1.0000	0.8638	0.0000	0.7068
902	1.0000	0.9039	0.0000	0.7077
903	1.0000	0.8997	0.0000	0.7088
904	1.0000	0.8759	0.0000	0.7097
905	1.0000	0.9050	0.0000	0.7108
906	1.0000	0.8902	0.0000	0.7120
907	1.0000	0.8772	0.0000	0.7133
908	1.0000	0.8646	0.0000	0.7143
909	1.0000	0.8689	0.0000	0.7156
910	1.0000	0.8696	0.0000	0.7166
911	1.0000	0.8666	0.0000	0.7177
912	1.0000	0.8881	0.0000	0.7185
913	1.0000	0.8870	0.0000	0.7193
914	1.0000	0.8725	0.0000	0.7203
915	1.0000	0.8623	0.0000	0.7212
916	1.0000	0.8893	0.0000	0.7220
917	1.0000	0.8785	0.0000	0.7228
918	1.0000	0.8960	0.0000	0.7237
919	1.0000	0.8859	0.0000	0.7246
920	1.0000	0.8926	0.0000	0.7261
921	1.0000	0.8865	0.0000	0.7271
922	1.0000	0.8613	0.0000	0.7286
923	1.0000	0.8540	0.0000	0.7295
924	1.0000	0.8820	0.0000	0.7304
925	1.0000	0.8743	0.0000	0.7312
926	1.0000	0.8670	0.0000	0.7323
927	1.0000	0.8481	0.0000	0.7332
928	1.0000	0.8776	0.0000	0.7341
929	1.0000	0.8334	0.0000	0.7352
930	1.0000	0.8810	0.0000	0.7364
931	1.0000	0.8620	0.0000	0.7373
932	1.0000	0.8866	0.0000	0.7380
933	1.0000	0.8799	0.0000	0.7387
934	1.0000	0.8975	0.0000	0.7395
935	1.0000	0.9164	0.0000	0.7403
936	1.0000	0.8906	0.0000	0.7411
937	1.0000	0.8936	0.0000	0.7424
938	1.0000	0.8973	0.0000	0.7433
939	1.0000	0.9052	0.0000	0.7441
940	1.0000	0.8808	0.0000	0.7452
941	1.0000	0.8879	0.0000	0.7459
942	1.0000	0.9039	0.0000	0.7467
943	1.0000	0.9171	0.0000	0.7477
944	1.0000	0.8884	0.0000	0.7488
945	1.0000	0.8618	0.0000	0.7502
946	1.0000	0.8766	0.0000	0.7511
947	1.0000	0.8701	0.0000	0.7519
948	1.0000	0.8729	0.0000	0.7530
949	1.0000	0.8458	0.0000	0.7540
950	1.0000	0.8528	0.0000	0.7548
951	1.0000	0.8914	0.0000	0.7556
952	1.0000	0.8611	0.0000	0.7563
953	1.0000	0.8830	0.0000	0.7575
954	1.0000	0.8500	0.0000	0.7586
955	1.0000	0.8526	0.0000	0.7596
956	1.0000	0.8509	0.0000	0.7603
957	1.0000	0.8589	0.0000	0.7613
958	1.0000	0.8609	0.0000	0.7623
959	1.0000	0.8497	0.0000	0.7638
960	1.0000	0.8240	0.0000	0.7647
961	1.0000	0.8589	0.0000	0.7663
962	1.0000	0.8276	0.0000	0.7674
963	1.0000	0.8285	0.0000	0.7684
964	1.0000	0.8370	0.0000	0.7692
965	1.0000	0.8493	0.0000	0.7700
966	1.0000	0.8815	0.0000	0.7711
967	1.0000	0.8877	0.0000	0.7721
968	1.0000	0.8660	0.0000	0.7730
969	1.0000	0.8935	0.0000	0.7743
970	1.0000	0.7980	0.0000	0.7752
971	1.0000	0.8335	0.0000	0.7759
972	1.0000	0.8359	0.0000	0.7765
973	1.0000	0.8629	0.0000	0.7773
974	1.0000	0.8139	0.0000	0.7782
975	1.0000	0.8282	0.0000	0.7790
976	1.0000	0.8840	0.0000	0.7800
977	1.0000	0.8576	0.0000	0.7809
978	1.0000	0.8346	0.0000	0.7816
979	1.0000	0.8463	0.0000	0.7825
980	1.0000	0.8684	0.0000	0.7834
981	1.0000	0.8874	0.0000	0.7842
982	1.0000	0.8725	0.0000	0.7852
983	1.0000	0.8869	0.0000	0.7865
984	1.0000	0.8900	0.0000	0.7879
985	1.0000	0.8472	0.0000	0.7889
986	1.0000	0.8363	0.0000	0.7898
987	1.0000	0.8620	0.0000	0.7908
988	1.0000	0.8562	0.0000	0.7916
989	1.0000	0.8917	0.0000	0.7925
990	1.0000	0.8875	0.0000	0.7933
991	1.0000	0.8737	0.0000	0.7939
992	1.0000	0.8945	0.0000	0.7951
993	1.0000	0.8640	0.0000	0.7962
994	1.0000	0.8599	0.0000	0.7969
995	1.0000	0.8639	0.0000	0.7977
996	1.0000	0.8777	0.0000	0.7986
997	1.0000	0.8433	0.0000	0.7995
998	1.0000	0.8285	0.0000	0.8008
999	1.0000	0.8484	0.0000	0.8017
1000	1.0000	0.8480	0.0000	0.8033
1001	1.0000	0.8443	0.0000	0.8044
1002	1.0000	0.8342	0.0000	0.8054
1003	1.0000	0.8281	0.0000	0.8061
1004	1.0000	0.8417	0.0000	0.8069
1005	1.0000	0.8605	0.0000	0.8079
1006	1.0000	0.8444	0.0000	0.8090
1007	1.0000	0.8354	0.0000	0.8100
1008	1.0000	0.8602	0.0000	0.8111
1009	1.0000	0.8405	0.0000	0.8120
1010	1.0000	0.8539	0.0000	0.8128
1011	1.0000	0.8771	0.0000	0.8137
1012	1.0000	0.8627	0.0000	0.8146
1013	1.0000	0.8730	0.0000	0.8155
1014	1.0000	0.8722	0.0000	0.8163
1015	1.0000	0.8613	0.0000	0.8170
1016	1.0000	0.8825	0.0000	0.8181
1017	1.0000	0.8699	0.0000	0.8190
1018	1.0000	0.8878	0.0000	0.8198
1019	1.0000	0.8653	0.0000	0.8206
1020	1.0000	0.8728	0.0000	0.8215
1021	1.0000	0.8574	0.0000	0.8225
1022	1.0000	0.8115	0.0000	0.8236
1023	1.0000	0.8304	0.0000	0.8248
1024	1.0000	0.8673	0.0000	0.8256
1025	1.0000	0.8323	0.0000	0.8265
1026	1.0000	0.8395	0.0000	0.8275
1027	1.0000	0.8418	0.0000	0.8283
1028	1.0000	0.8891	0.0000	0.8293
1029	1.0000	0.8916	0.0000	0.8304
1030	1.0000	0.8770	0.0000	0.8314
1031	1.0000	0.8880	0.0000	0.8325
1032	1.0000	0.8965	0.0000	0.8334
1033	1.0000	0.8766	0.0000	0.8342
1034	1.0000	0.8576	0.0000	0.8349
1035	1.0000	0.8999	0.0000	0.8359
1036	1.0000	0.9074	0.0000	0.8367
1037	1.0000	0.8968	0.0000	0.8375
1038	1.0000	0.9097	0.0000	0.8386
1039	1.0000	0.8725	0.0000	0.8398
1040	1.0000	0.8437	0.0000	0.8408
1041	1.0000	0.8864	0.0000	0.8418
1042	1.0000	0.8872	0.0000	0.8425
1043	1.0000	0.8960	0.0000	0.8434
1044	1.0000	0.8860	0.0000	0.8443
1045	1.0000	0.8809	0.0000	0.8453
1046	1.0000	0.8933	0.0000	0.8463
1047	1.0000	0.8826	0.0000	0.8473
1048	1.0000	0.8819	0.0000	0.8483
1049	1.0000	0.9046	0.0000	0.8491
1050	1.0000	0.8720	0.0000	0.8497
1051	1.0000	0.9216	0.0000	0.8505
1052	1.0000	0.9210	0.0000	0.8515
1053	1.0000	0.9060	0.0000	0.8524
1054	1.0000	0.9264	0.0000	0.8532
1055	1.0000	0.8976	0.0000	0.8542
1056	1.0000	0.9221	0.0000	0.8555
1057	1.0000	0.8817	0.0000	0.8569
1058	1.0000	0.8811	0.0000	0.8576
1059	1.0000	0.8925	0.0000	0.8583
1060	1.0000	0.9148	0.0000	0.8594
1061	1.0000	0.8929	0.0000	0.8601
1062	1.0000	0.8911	0.0000	0.8615
1063	1.0000	0.8954	0.0000	0.8623
1064	1.0000	0.8989	0.0000	0.8633
1065	1.0000	0.9017	0.0000	0.8644
1066	1.0000	0.8778	0.0000	0.8656
1067	1.0000	0.8916	0.0000	0.8664
1068	1.0000	0.8904	0.0000	0.8673
1069	1.0000	0.8827	0.0000	0.8681
1070	1.0000	0.8906	0.0000	0.8691
1071	1.0000	0.8786	0.0000	0.8701
1072	1.0000	0.9057	0.0000	0.8713
1073	1.0000	0.8314	0.0000	0.8720
1074	1.0000	0.8198	0.0000	0.8731
1075	1.0000	0.8402	0.0000	0.8739
1076	1.0000	0.8304	0.0000	0.8748
1077	1.0000	0.8331	0.0000	0.8759
1078	1.0000	0.8126	0.0000	0.8769
1079	1.0000	0.8217	0.0000	0.8779
1080	1.0000	0.8268	0.0000	0.8785
1081	1.0000	0.8642	0.0000	0.8793
1082	1.0000	0.8782	0.0000	0.8804
1083	1.0000	0.8627	0.0000	0.8813
1084	1.0000	0.8314	0.0000	0.8823
1085	1.0000	0.8638	0.0000	0.8834
1086	1.0000	0.8404	0.0000	0.8846
1087	1.0000	0.8648	0.0000	0.8852
1088	1.0000	0.8537	0.0000	0.8860
1089	1.0000	0.8794	0.0000	0.8866
1090	1.0000	0.8875	0.0000	0.8875
1091	1.0000	0.8751	0.0000	0.8883
1092	1.0000	0.8802	0.0000	0.8892
1093	1.0000	0.9049	0.0000	0.8899
1094	1.0000	0.9057	0.0000	0.8907
1095	1.0000	0.8910	0.0000	0.8916
1096	1.0000	0.8943	0.0000	0.8928
1097	1.0000	0.8942	0.0000	0.8938
1098	1.0000	0.8903	0.0000	0.8948
1099	1.0000	0.9076	0.0000	0.8966
1100	1.0000	0.8717	0.0000	0.8977
1101	1.0000	0.8944	0.0000	0.8993
1102	1.0000	0.9081	0.0000	0.9003
1103	1.0000	0.8760	0.0000	0.9014
1104	1.0000	0.8948	0.0000	0.9025
1105	1.0000	0.8822	0.0000	0.9037
1106	1.0000	0.8521	0.0000	0.9046
1107	1.0000	0.9036	0.0000	0.9056
1108	1.0000	0.8945	0.0000	0.9062
1109	1.0000	0.8735	0.0000	0.9075
1110	1.0000	0.8747	0.0000	0.9086
1111	1.0000	0.8882	0.0000	0.9105
1112	1.0000	0.8936	0.0000	0.9114
1113	1.0000	0.8414	0.0000	0.9127
1114	1.0000	0.8688	0.0000	0.9140
1115	1.0000	0.8744	0.0000	0.9153
1116	1.0000	0.8365	0.0000	0.9164
1117	1.0000	0.8473	0.0000	0.9175
1118	1.0000	0.8573	0.0000	0.9186
1119	1.0000	0.8702	0.0000	0.9193
1120	1.0000	0.8662	0.0000	0.9206
1121	1.0000	0.8845	0.0000	0.9220
1122	1.0000	0.8453	0.0000	0.9228
1123	1.0000	0.8740	0.0000	0.9238
1124	1.0000	0.8672	0.0000	0.9249
1125	1.0000	0.8219	0.0000	0.9261
1126	1.0000	0.8692	0.0000	0.9268
1127	1.0000	0.8885	0.0000	0.9279
1128	1.0000	0.8848	0.0000	0.9286
1129	1.0000	0.8785	0.0000	0.9294
1130	1.0000	0.9287	0.0000	0.9301
1131	1.0000	0.8975	0.0000	0.9309
1132	1.0000	0.8801	0.0000	0.9316
1133	1.0000	0.8788	0.0000	0.9324
1134	1.0000	0.9061	0.0000	0.9334
1135	1.0000	0.9072	0.0000	0.9346
1136	1.0000	0.8788	0.0000	0.9355
1137	1.0000	0.8788	0.0000	0.9364
1138	1.0000	0.8722	0.0000	0.9378
1139	1.0000	0.8674	0.0000	0.9385
1140	1.0000	0.8836	0.0000	0.9395
1141	1.0000	0.8822	0.0000	0.9405
1142	1.0000	0.8622	0.0000	0.9415
1143	1.0000	0.8652	0.0000	0.9426
1144	1.0000	0.9011	0.0000	0.9435
1145	1.0000	0.8950	0.0000	0.9444
1146	1.0000	0.9093	0.0000	0.9455
1147	1.0000	0.9260	0.0000	0.9462
1148	1.0000	0.9076	0.0000	0.9473
1149	1.0000	0.8916	0.0000	0.9482
1150	1.0000	0.8841	0.0000	0.9500
1151	1.0000	0.8707	0.0000	0.9510
1152	1.0000	0.8599	0.0000	0.9527
1153	1.0000	0.8823	0.0000	0.9539
1154	1.0000	0.8785	0.0000	0.9551
1155	1.0000	0.8653	0.0000	0.9565
1156	1.0000	0.8720	0.0000	0.9577
1157	1.0000	0.8675	0.0000	0.9590
1158	1.0000	0.8302	0.0000	0.9597
1159	1.0000	0.8401	0.0000	0.9607
1160	1.0000	0.8723	0.0000	0.9621
1161	1.0000	0.8587	0.0000	0.9633
1162	1.0000	0.8233	0.0000	0.9643
1163	1.0000	0.8440	0.0000	0.9652
1164	1.0000	0.8411	0.0000	0.9659
1165	1.0000	0.8591	0.0000	0.9667
1166	1.0000	0.8612	0.0000	0.9677
1167	1.0000	0.8936	0.0000	0.9687
1168	1.0000	0.8623	0.0000	0.9696
1169	1.0000	0.8930	0.0000	0.9703
1170	1.0000	0.8877	0.0000	0.9714
1171	1.0000	0.8705	0.0000	0.9722
1172	1.0000	0.8609	0.0000	0.9733
1173	1.0000	0.8863	0.0000	0.9742
1174	1.0000	0.9033	0.0000	0.9753
1175	1.0000	0.8959	0.0000	0.9763
1176	1.0000	0.8548	0.0000	0.9770
1177	1.0000	0.8843	0.0000	0.9788
1178	1.0000	0.8510	0.0000	0.9798
1179	1.0000	0.8536	0.0000	0.9806
1180	1.0000	0.8618	0.0000	0.9819
1181	1.0000	0.8701	0.0000	0.9833
1182	1.0000	0.8684	0.0000	0.9846
1183	1.0000	0.8619	0.0000	0.9857
1184	1.0000	0.8874	0.0000	0.9868
1185	1.0000	0.8756	0.0000	0.9879
1186	1.0000	0.8947	0.0000	0.9886
1187	1.0000	0.8991	0.0000	0.9898
1188	1.0000	0.8967	0.0000	0.9908
1189	1.0000	0.8925	0.0000	0.9928
1190	1.0000	0.8749	0.0000	0.9940
1191	1.0000	0.8953	0.0000	0.9963
1192	1.0000	0.8844	0.0000	0.9974
1193	1.0000	0.8719	0.0000	0.9985
1194	1.0000	0.8830	0.0000	0.9998
1195	1.0000	0.9103	0.0000	1.0012
1196	1.0000	0.8840	0.0000	1.0023
1197	1.0000	0.8959	0.0000	1.0030
1198	1.0000	0.8941	0.0000	1.0039
1199	1.0000	0.8960	0.0000	1.0054
1200	1.0000	0.8436	0.0000	1.0069
1201	1.0000	0.8745	0.0000	1.0078
1202	1.0000	0.8799	0.0000	1.0089
1203	1.0000	0.8810	0.0000	1.0097
1204	1.0000	0.8633	0.0000	1.0107
1205	1.0000	0.8915	0.0000	1.0119
1206	1.0000	0.8806	0.0000	1.0129
1207	1.0000	0.8431	0.0000	1.0138
1208	1.0000	0.8642	0.0000	1.0146
1209	1.0000	0.8280	0.0000	1.0158
1210	1.0000	0.8701	0.0000	1.0167
1211	1.0000	0.8531	0.0000	1.0175
1212	1.0000	0.8666	0.0000	1.0187
1213	1.0000	0.8545	0.0000	1.0198
1214	1.0000	0.8551	0.0000	1.0212
1215	1.0000	0.8600	0.0000	1.0219
1216	1.0000	0.8611	0.0000	1.0239
1217	1.0000	0.8366	0.0000	1.0250
1218	1.0000	0.8330	0.0000	1.0259
1219	1.0000	0.8306	0.0000	1.0267
1220	1.0000	0.8745	0.0000	1.0282
1221	1.0000	0.8425	0.0000	1.0294
1222	1.0000	0.8828	0.0000	1.0304
1223	1.0000	0.8870	0.0000	1.0316
1224	1.0000	0.9103	0.0000	1.0326
1225	1.0000	0.8720	0.0000	1.0335
1226	1.0000	0.8811	0.0000	1.0347
1227	1.0000	0.9096	0.0000	1.0356
1228	1.0000	0.8807	0.0000	1.0374
1229	1.0000	0.8864	0.0000	1.0386
1230	1.0000	0.8645	0.0000	1.0401
1231	1.0000	0.8536	0.0000	1.0412
1232	1.0000	0.8667	0.0000	1.0422
1233	1.0000	0.8570	0.0000	1.0433
1234	1.0000	0.8830	0.0000	1.0450
1235	1.0000	0.8820	0.0000	1.0460
1236	1.0000	0.8716	0.0000	1.0470
1237	1.0000	0.8314	0.0000	1.0482
1238	1.0000	0.8781	0.0000	1.0493
1239	1.0000	0.8699	0.0000	1.0504
1240	1.0000	0.8437	0.0000	1.0514
1241	1.0000	0.8919	0.0000	1.0521
1242	1.0000	0.8736	0.0000	1.0528
1243	1.0000	0.8837	0.0000	1.0535
1244	1.0000	0.9043	0.0000	1.0545
1245	1.0000	0.8858	0.0000	1.0552
1246	1.0000	0.8978	0.0000	1.0559
1247	1.0000	0.9158	0.0000	1.0566
1248	1.0000	0.9007	0.0000	1.0579
1249	1.0000	0.9177	0.0000	1.0588
1250	1.0000	0.9309	0.0000	1.0595
1251	1.0000	0.9248	0.0000	1.0603
1252	1.0000	0.8937	0.0000	1.0615
1253	1.0000	0.9219	0.0000	1.0626
1254	1.0000	0.9013	0.0000	1.0633
1255	1.0000	0.9044	0.0000	1.0649
1256	1.0000	0.8944	0.0000	1.0658
1257	1.0000	0.8872	0.0000	1.0667
1258	1.0000	0.9191	0.0000	1.0674
1259	1.0000	0.9098	0.0000	1.0687
1260	1.0000	0.9011	0.0000	1.0698
1261	1.0000	0.8800	0.0000	1.0707
1262	1.0000	0.8993	0.0000	1.0716
1263	1.0000	0.9134	0.0000	1.0725
1264	1.0000	0.9169	0.0000	1.0732
1265	1.0000	0.9327	0.0000	1.0746
1266	1.0000	0.9248	0.0000	1.0756
1267	1.0000	0.9357	0.0000	1.0774
1268	1.0000	0.8687	0.0000	1.0785
1269	1.0000	0.8999	0.0000	1.0802
1270	1.0000	0.8999	0.0000	1.0816
1271	1.0000	0.9136	0.0000	1.0825
1272	1.0000	0.8920	0.0000	1.0838
1273	1.0000	0.8663	0.0000	1.0853
1274	1.0000	0.8721	0.0000	1.0865
1275	1.0000	0.8937	0.0000	1.0871
1276	1.0000	0.8893	0.0000	1.0885
1277	1.0000	0.8624	0.0000	1.0897
1278	1.0000	0.8549	0.0000	1.0907
1279	1.0000	0.8529	0.0000	1.0917
1280	1.0000	0.8786	0.0000	1.0924
1281	1.0000	0.8868	0.0000	1.0931
1282	1.0000	0.8761	0.0000	1.0938
1283	1.0000	0.8959	0.0000	1.0949
1284	1.0000	0.8618	0.0000	1.0957
1285	1.0000	0.8642	0.0000	1.0965
1286	1.0000	0.8567	0.0000	1.0975
1287	1.0000	0.8530	0.0000	1.0988
1288	1.0000	0.8365	0.0000	1.1001
1289	1.0000	0.8885	0.0000	1.1008
1290	1.0000	0.8927	0.0000	1.1019
1291	1.0000	0.9069	0.0000	1.1028
1292	1.0000	0.8901	0.0000	1.1040
1293	1.0000	0.8888	0.0000	1.1051
1294	1.0000	0.8937	0.0000	1.1067
1295	1.0000	0.8818	0.0000	1.1080
1296	1.0000	0.8782	0.0000	1.1091
1297	1.0000	0.8871	0.0000	1.1101
1298	1.0000	0.8798	0.0000	1.1111
1299	1.0000	0.8832	0.0000	1.1124
1300	1.0000	0.8864	0.0000	1.1136
1301	1.0000	0.9075	0.0000	1.1145
1302	1.0000	0.8886	0.0000	1.1157
1303	1.0000	0.8923	0.0000	1.1164
1304	1.0000	0.8907	0.0000	1.1177
1305	1.0000	0.9004	0.0000	1.1186
1306	1.0000	0.8998	0.0000	1.1204
1307	1.0000	0.8567	0.0000	1.1216
1308	1.0000	0.8476	0.0000	1.1231
1309	1.0000	0.8588	0.0000	1.1247
1310	1.0000	0.8474	0.0000	1.1256
1311	1.0000	0.8531	0.0000	1.1268
1312	1.0000	0.8501	0.0000	1.1282
1313	1.0000	0.8970	0.0000	1.1293
1314	1.0000	0.8720	0.0000	1.1303
1315	1.0000	0.8545	0.0000	1.1319
1316	1.0000	0.8481	0.0000	1.1333
1317	1.0000	0.8116	0.0000	1.1346
1318	1.0000	0.8292	0.0000	1.1355
1319	1.0000	0.8426	0.0000	1.1364
1320	1.0000	0.8418	0.0000	1.1373
1321	1.0000	0.8522	0.0000	1.1382
1322	1.0000	0.8478	0.0000	1.1394
1323	1.0000	0.8387	0.0000	1.1405
1324	1.0000	0.8782	0.0000	1.1416
1325	1.0000	0.8631	0.0000	1.1427
1326	1.0000	0.8793	0.0000	1.1443
1327	1.0000	0.8615	0.0000	1.1450
1328	1.0000	0.8515	0.0000	1.1459
1329	1.0000	0.8729	0.0000	1.1469
1330	1.0000	0.8638	0.0000	1.1480
1331	1.0000	0.8551	0.0000	1.1492
1332	1.0000	0.8840	0.0000	1.1503
1333	1.0000	0.8677	0.0000	1.1521
1334	1.0000	0.8723	0.0000	1.1533
1335	1.0000	0.8562	0.0000	1.1543
1336	1.0000	0.8696	0.0000	1.1553
1337	1.0000	0.8600	0.0000	1.1570
1338	1.0000	0.8681	0.0000	1.1583
1339	1.0000	0.8854	0.0000	1.1592
1340	1.0000	0.8831	0.0000	1.1608
1341	1.0000	0.8821	0.0000	1.1619
1342	1.0000	0.8807	0.0000	1.1628
1343	1.0000	0.8719	0.0000	1.1641
1344	1.0000	0.8647	0.0000	1.1650
1345	1.0000	0.8677	0.0000	1.1664
1346	1.0000	0.8421	0.0000	1.1675
1347	1.0000	0.8688	0.0000	1.1688
1348	1.0000	0.8878	0.0000	1.1705
1349	1.0000	0.8425	0.0000	1.1713
1350	1.0000	0.8595	0.0000	1.1725
1351	1.0000	0.8403	0.0000	1.1742
1352	1.0000	0.8092	0.0000	1.1755
1353	1.0000	0.8676	0.0000	1.1765
1354	1.0000	0.8599	0.0000	1.1778
1355	1.0000	0.8719	0.0000	1.1791
1356	1.0000	0.8457	0.0000	1.1805
1357	1.0000	0.8529	0.0000	1.1815
1358	1.0000	0.8633	0.0000	1.1829
1359	1.0000	0.8136	0.0000	1.1836
1360	1.0000	0.8459	0.0000	1.1848
1361	1.0000	0.8584	0.0000	1.1859
1362	1.0000	0.8640	0.0000	1.1870
1363	1.0000	0.8643	0.0000	1.1879
1364	1.0000	0.8379	0.0000	1.1889
1365	1.0000	0.8791	0.0000	1.1907
1366	1.0000	0.8739	0.0000	1.1918
1367	1.0000	0.8694	0.0000	1.1927
1368	1.0000	0.8631	0.0000	1.1939
1369	1.0000	0.8332	0.0000	1.1950
1370	1.0000	0.8398	0.0000	1.1961
1371	1.0000	0.8672	0.0000	1.1973
1372	1.0000	0.8762	0.0000	1.1991
1373	1.0000	0.8404	0.0000	1.2003
1374	1.0000	0.8320	0.0000	1.2016
1375	1.0000	0.8637	0.0000	1.2026
1376	1.0000	0.8678	0.0000	1.2040
1377	1.0000	0.8372	0.0000	1.2050
1378	1.0000	0.8668	0.0000	1.2061
1379	1.0000	0.8459	0.0000	1.2077
1380	1.0000	0.8124	0.0000	1.2088
1381	1.0000	0.8532	0.0000	1.2102
1382	1.0000	0.8321	0.0000	1.2117
1383	1.0000	0.8227	0.0000	1.2132
1384	1.0000	0.8278	0.0000	1.2142
1385	1.0000	0.8567	0.0000	1.2151
1386	1.0000	0.8316	0.0000	1.2166
1387	1.0000	0.8564	0.0000	1.2180
1388	1.0000	0.8488	0.0000	1.2187
1389	1.0000	0.8348	0.0000	1.2199
1390	1.0000	0.8428	0.0000	1.2217
1391	1.0000	0.8738	0.0000	1.2231
1392	1.0000	0.8507	0.0000	1.2238
1393	1.0000	0.8818	0.0000	1.2252
1394	1.0000	0.8766	0.0000	1.2263
1395	1.0000	0.8721	0.0000	1.2279
1396	1.0000	0.8696	0.0000	1.2285
1397	1.0000	0.8816	0.0000	1.2299
1398	1.0000	0.9050	0.0000	1.2309
1399	1.0000	0.8328	0.0000	1.2323
1400	1.0000	0.8839	0.0000	1.2337
1401	1.0000	0.8641	0.0000	1.2346
1402	1.0000	0.8388	0.0000	1.2353
1403	1.0000	0.8489	0.0000	1.2364
1404	1.0000	0.8667	0.0000	1.2384
1405	1.0000	0.8330	0.0000	1.2393
1406	1.0000	0.8624	0.0000	1.2403
1407	1.0000	0.8660	0.0000	1.2411
1408	1.0000	0.8627	0.0000	1.2423
1409	1.0000	0.8755	0.0000	1.2434
1410	1.0000	0.8664	0.0000	1.2444
1411	1.0000	0.8776	0.0000	1.2462
1412	1.0000	0.8438	0.0000	1.2478
1413	1.0000	0.8852	0.0000	1.2487
1414	1.0000	0.8865	0.0000	1.2500
1415	1.0000	0.8375	0.0000	1.2513
1416	1.0000	0.8841	0.0000	1.2522
1417	1.0000	0.8816	0.0000	1.2541
1418	1.0000	0.8589	0.0000	1.2557
1419	1.0000	0.8575	0.0000	1.2570
1420	1.0000	0.8774	0.0000	1.2582
1421	1.0000	0.9104	0.0000	1.2595
1422	1.0000	0.8925	0.0000	1.2611
1423	1.0000	0.8204	0.0000	1.2622
1424	1.0000	0.8550	0.0000	1.2632
1425	1.0000	0.8941	0.0000	1.2643
1426	1.0000	0.9035	0.0000	1.2654
1427	1.0000	0.8561	0.0000	1.2662
1428	1.0000	0.8768	0.0000	1.2677
1429	1.0000	0.8783	0.0000	1.2692
1430	1.0000	0.8804	0.0000	1.2705
1431	1.0000	0.8662	0.0000	1.2713
1432	1.0000	0.8902	0.0000	1.2726
1433	1.0000	0.8723	0.0000	1.2737
1434	1.0000	0.8390	0.0000	1.2751
1435	1.0000	0.8805	0.0000	1.2759
1436	1.0000	0.8469	0.0000	1.2774
1437	1.0000	0.8776	0.0000	1.2787
1438	1.0000	0.8564	0.0000	1.2798
1439	1.0000	0.8789	0.0000	1.2809
1440	1.0000	0.8724	0.0000	1.2819
1441	1.0000	0.8816	0.0000	1.2830
1442	1.0000	0.9142	0.0000	1.2841
1443	1.0000	0.8880	0.0000	1.2855
1444	1.0000	0.8780	0.0000	1.2864
1445	1.0000	0.8837	0.0000	1.2874
1446	1.0000	0.8928	0.0000	1.2883
1447	1.0000	0.8796	0.0000	1.2895
1448	1.0000	0.9201	0.0000	1.2906
1449	1.0000	0.8982	0.0000	1.2915
1450	1.0000	0.9008	0.0000	1.2928
1451	1.0000	0.8916	0.0000	1.2935
1452	1.0000	0.9126	0.0000	1.2946
1453	1.0000	0.9024	0.0000	1.2956
1454	1.0000	0.9040	0.0000	1.2969
1455	1.0000	0.9057	0.0000	1.2976
1456	1.0000	0.8962	0.0000	1.2993
1457	1.0000	0.9162	0.0000	1.3012
1458	1.0000	0.8649	0.0000	1.3022
1459	1.0000	0.8547	0.0000	1.3039
1460	1.0000	0.8983	0.0000	1.3051
1461	1.0000	0.8929	0.0000	1.3065
1462	1.0000	0.9046	0.0000	1.3079
1463	1.0000	0.8723	0.0000	1.3088
1464	1.0000	0.9033	0.0000	1.3100
1465	1.0000	0.9168	0.0000	1.3110
1466	1.0000	0.8733	0.0000	1.3117
1467	1.0000	0.8805	0.0000	1.3131
1468	1.0000	0.8941	0.0000	1.3145
1469	1.0000	0.8643	0.0000	1.3157
1470	1.0000	0.8755	0.0000	1.3166
1471	1.0000	0.8507	0.0000	1.3177
1472	1.0000	0.8398	0.0000	1.3191
1473	1.0000	0.8293	0.0000	1.3200
1474	1.0000	0.8410	0.0000	1.3214
1475	1.0000	0.8618	0.0000	1.3225
1476	1.0000	0.8691	0.0000	1.3236
1477	1.0000	0.8511	0.0000	1.3243
1478	1.0000	0.8557	0.0000	1.3251
1479	1.0000	0.8496	0.0000	1.3264
1480	1.0000	0.8636	0.0000	1.3272
1481	1.0000	0.8776	0.0000	1.3286
1482	1.0000	0.8677	0.0000	1.3297
1483	1.0000	0.8746	0.0000	1.3308
1484	1.0000	0.8701	0.0000	1.3318
1485	1.0000	0.8783	0.0000	1.3325
1486	1.0000	0.8888	0.0000	1.3337
1487	1.0000	0.8834	0.0000	1.3347
1488	1.0000	0.8960	0.0000	1.3360
1489	1.0000	0.8889	0.0000	1.3370
1490	1.0000	0.8921	0.0000	1.3379
1491	1.0000	0.8714	0.0000	1.3386
1492	1.0000	0.8927	0.0000	1.3395
1493	1.0000	0.8451	0.0000	1.3409
1494	1.0000	0.8370	0.0000	1.3419
1495	1.0000	0.8674	0.0000	1.3436
1496	1.0000	0.8505	0.0000	1.3455
1497	1.0000	0.8271	0.0000	1.3463
1498	1.0000	0.8289	0.0000	1.3478
1499	1.0000	0.8380	0.0000	1.3491
1500	1.0000	0.8487	0.0000	1.3506
1501	1.0000	0.7907	0.0000	1.3520
1502	1.0000	0.8221	0.0000	1.3530
1503	1.0000	0.8712	0.0000	1.3542
1504	1.0000	0.8533	0.0000	1.3554
1505	1.0000	0.8316	0.0000	1.3561
1506	1.0000	0.8445	0.0000	1.3572
1507	1.0000	0.8907	0.0000	1.3583
1508	1.0000	0.8598	0.0000	1.3595
1509	1.0000	0.8645	0.0000	1.3602
1510	1.0000	0.8540	0.0000	1.3613
1511	1.0000	0.8511	0.0000	1.3622
1512	1.0000	0.8837	0.0000	1.3632
1513	1.0000	0.8735	0.0000	1.3643
1514	1.0000	0.8658	0.0000	1.3655
1515	1.0000	0.8227	0.0000	1.3666
1516	1.0000	0.8819	0.0000	1.3673
1517	1.0000	0.8899	0.0000	1.3680
1518	1.0000	0.8811	0.0000	1.3693
1519	1.0000	0.8638	0.0000	1.3703
1520	1.0000	0.8847	0.0000	1.3715
1521	1.0000	0.8716	0.0000	1.3728
1522	1.0000	0.8647	0.0000	1.3741
1523	1.0000	0.8530	0.0000	1.3750
1524	1.0000	0.8587	0.0000	1.3760
1525	1.0000	0.8526	0.0000	1.3772
1526	1.0000	0.8582	0.0000	1.3781
1527	1.0000	0.8937	0.0000	1.3790
1528	1.0000	0.8915	0.0000	1.3802
1529	1.0000	0.8806	0.0000	1.3810
1530	1.0000	0.8884	0.0000	1.3820
1531	1.0000	0.9206	0.0000	1.3829
1532	1.0000	0.9062	0.0000	1.3844
1533	1.0000	0.9242	0.0000	1.3851
1534	1.0000	0.8992	0.0000	1.3869
1535	1.0000	0.9134	0.0000	1.3882
1536	1.0000	0.8712	0.0000	1.3895
1537	1.0000	0.8588	0.0000	1.3913
1538	1.0000	0.8678	0.0000	1.3932
1539	1.0000	0.8590	0.0000	1.3950
1540	1.0000	0.8214	0.0000	1.3970
1541	1.0000	0.8525	0.0000	1.3986
1542	1.0000	0.8288	0.0000	1.3997
1543	1.0000	0.8335	0.0000	1.4008
1544	1.0000	0.8387	0.0000	1.4018
1545	1.0000	0.8254	0.0000	1.4036
1546	1.0000	0.8421	0.0000	1.4045
1547	1.0000	0.8324	0.0000	1.4056
1548	1.0000	0.8590	0.0000	1.4066
1549	1.0000	0.8886	0.0000	1.4078
1550	1.0000	0.8419	0.0000	1.4091
1551	1.0000	0.8695	0.0000	1.4100
1552	1.0000	0.8579	0.0000	1.4117
1553	1.0000	0.8452	0.0000	1.4129
1554	1.0000	0.8988	0.0000	1.4145
1555	1.0000	0.8628	0.0000	1.4153
1556	1.0000	0.8810	0.0000	1.4161
1557	1.0000	0.8740	0.0000	1.4178
1558	1.0000	0.8589	0.0000	1.4187
1559	1.0000	0.8659	0.0000	1.4203
1560	1.0000	0.9007	0.0000	1.4217
1561	1.0000	0.8810	0.0000	1.4236
1562	1.0000	0.8682	0.0000	1.4246
1563	1.0000	0.8682	0.0000	1.4255
1564	1.0000	0.8650	0.0000	1.4267
1565	1.0000	0.8670	0.0000	1.4277
1566	1.0000	0.8855	0.0000	1.4291
1567	1.0000	0.8937	0.0000	1.4298
1568	1.0000	0.8732	0.0000	1.4306
1569	1.0000	0.8757	0.0000	1.4317
1570	1.0000	0.8882	0.0000	1.4333
1571	1.0000	0.8284	0.0000	1.4345
1572	1.0000	0.8671	0.0000	1.4352
1573	1.0000	0.8814	0.0000	1.4366
1574	1.0000	0.8700	0.0000	1.4377
1575	1.0000	0.8832	0.0000	1.4392
1576	1.0000	0.8234	0.0000	1.4410
1577	1.0000	0.8816	0.0000	1.4427
1578	1.0000	0.8646	0.0000	1.4444
1579	1.0000	0.8774	0.0000	1.4458
1580	1.0000	0.8691	0.0000	1.4470
1581	1.0000	0.8788	0.0000	1.4477
1582	1.0000	0.9125	0.0000	1.4484
1583	1.0000	0.9085	0.0000	1.4498
1584	1.0000	0.9026	0.0000	1.4513
1585	1.0000	0.8956	0.0000	1.4526
1586	1.0000	0.8773	0.0000	1.4537
1587	1.0000	0.8937	0.0000	1.4546
1588	1.0000	0.8790	0.0000	1.4556
1589	1.0000	0.9070	0.0000	1.4568
1590	1.0000	0.9164	0.0000	1.4576
1591	1.0000	0.9076	0.0000	1.4592
1592	1.0000	0.9280	0.0000	1.4600
1593	1.0000	0.8904	0.0000	1.4613
1594	1.0000	0.8935	0.0000	1.4620
1595	1.0000	0.9099	0.0000	1.4627
1596	1.0000	0.9230	0.0000	1.4641
1597	1.0000	0.9067	0.0000	1.4648
1598	1.0000	0.9256	0.0000	1.4662
1599	1.0000	0.9448	0.0000	1.4671
1600	1.0000	0.9358	0.0000	1.4684
1601	1.0000	0.9075	0.0000	1.4694
1602	1.0000	0.9066	0.0000	1.4703
1603	1.0000	0.9358	0.0000	1.4714
1604	1.0000	0.9175	0.0000	1.4725
1605	1.0000	0.9157	0.0000	1.4735
1606	1.0000	0.9421	0.0000	1.4742
1607	1.0000	0.9106	0.0000	1.4751
1608	1.0000	0.8819	0.0000	1.4761
1609	1.0000	0.8966	0.0000	1.4768
1610	1.0000	0.8961	0.0000	1.4779
1611	1.0000	0.9115	0.0000	1.4787
1612	1.0000	0.9332	0.0000	1.4802
1613	1.0000	0.9219	0.0000	1.4815
1614	1.0000	0.9133	0.0000	1.4826
1615	1.0000	0.9283	0.0000	1.4843
1616	1.0000	0.9034	0.0000	1.4856
1617	1.0000	0.9104	0.0000	1.4869
1618	1.0000	0.9045	0.0000	1.4880
1619	1.0000	0.8674	0.0000	1.4893
1620	1.0000	0.9025	0.0000	1.4901
1621	1.0000	0.9047	0.0000	1.4908
1622	1.0000	0.8867	0.0000	1.4921
1623	1.0000	0.9089	0.0000	1.4935
1624	1.0000	0.8896	0.0000	1.4945
1625	1.0000	0.8969	0.0000	1.4959
1626	1.0000	0.9054	0.0000	1.4968
1627	1.0000	0.8777	0.0000	1.4981
1628	1.0000	0.9074	0.0000	1.4990
1629	1.0000	0.9134	0.0000	1.4999
1630	1.0000	0.9293	0.0000	1.5010
1631	1.0000	0.9210	0.0000	1.5025
1632	1.0000	0.8902	0.0000	1.5040
1633	1.0000	0.8915	0.0000	1.5050
1634	1.0000	0.9102	0.0000	1.5062
1635	1.0000	0.8745	0.0000	1.5074
1636	1.0000	0.9097	0.0000	1.5084
1637	1.0000	0.9035	0.0000	1.5096
1638	1.0000	0.9122	0.0000	1.5106
1639	1.0000	0.9158	0.0000	1.5119
1640	1.0000	0.8876	0.0000	1.5129
1641	1.0000	0.9036	0.0000	1.5143
1642	1.0000	0.9305	0.0000	1.5156
1643	1.0000	0.9115	0.0000	1.5165
1644	1.0000	0.8971	0.0000	1.5178
1645	1.0000	0.8776	0.0000	1.5189
1646	1.0000	0.8939	0.0000	1.5199
1647	1.0000	0.8851	0.0000	1.5209
1648	1.0000	0.8863	0.0000	1.5217
1649	1.0000	0.8959	0.0000	1.5227
1650	1.0000	0.8999	0.0000	1.5234
1651	1.0000	0.9136	0.0000	1.5246
1652	1.0000	0.9085	0.0000	1.5254
1653	1.0000	0.9150	0.0000	1.5265
1654	1.0000	0.9290	0.0000	1.5280
1655	1.0000	0.9372	0.0000	1.5295
1656	1.0000	0.9019	0.0000	1.5305
1657	1.0000	0.9365	0.0000	1.5317
1658	1.0000	0.9092	0.0000	1.5330
1659	1.0000	0.9236	0.0000	1.5337
1660	1.0000	0.9231	0.0000	1.5347
1661	1.0000	0.9169	0.0000	1.5361
1662	1.0000	0.9135	0.0000	1.5379
1663	1.0000	0.8999	0.0000	1.5394
1664	1.0000	0.9133	0.0000	1.5404
1665	1.0000	0.9022	0.0000	1.5413
1666	1.0000	0.8720	0.0000	1.5425
1667	1.0000	0.9176	0.0000	1.5435
1668	1.0000	0.8971	0.0000	1.5445
1669	1.0000	0.9089	0.0000	1.5459
1670	1.0000	0.8753	0.0000	1.5476
1671	1.0000	0.8936	0.0000	1.5494
1672	1.0000	0.8612	0.0000	1.5503
1673	1.0000	0.9072	0.0000	1.5515
1674	1.0000	0.8750	0.0000	1.5529
1675	1.0000	0.8868	0.0000	1.5537
1676	1.0000	0.8918	0.0000	1.5549
1677	1.0000	0.8965	0.0000	1.5559
1678	1.0000	0.8943	0.0000	1.5573
1679	1.0000	0.8908	0.0000	1.5587
1680	1.0000	0.8861	0.0000	1.5603
1681	1.0000	0.8507	0.0000	1.5616
1682	1.0000	0.8472	0.0000	1.5626
1683	1.0000	0.8414	0.0000	1.5635
1684	1.0000	0.8644	0.0000	1.5647
1685	1.0000	0.8525	0.0000	1.5659
1686	1.0000	0.8540	0.0000	1.5670
1687	1.0000	0.8667	0.0000	1.5678
1688	1.0000	0.8778	0.0000	1.5687
1689	1.0000	0.8760	0.0000	1.5696
1690	1.0000	0.8674	0.0000	1.5706
1691	1.0000	0.8923	0.0000	1.5717
1692	1.0000	0.8797	0.0000	1.5728
1693	1.0000	0.8927	0.0000	1.5748
1694	1.0000	0.8461	0.0000	1.5766
1695	1.0000	0.8670	0.0000	1.5777
1696	1.0000	0.8800	0.0000	1.5785
1697	1.0000	0.9124	0.0000	1.5801
1698	1.0000	0.8658	0.0000	1.5809
1699	1.0000	0.8494	0.0000	1.5821
1700	1.0000	0.9131	0.0000	1.5836
1701	1.0000	0.8631	0.0000	1.5851
1702	1.0000	0.8850	0.0000	1.5866
1703	1.0000	0.8864	0.0000	1.5877
1704	1.0000	0.8734	0.0000	1.5887
1705	1.0000	0.8915	0.0000	1.5901
1706	1.0000	0.8903	0.0000	1.5914
1707	1.0000	0.8709	0.0000	1.5923
1708	1.0000	0.9038	0.0000	1.5938
1709	1.0000	0.9021	0.0000	1.5958
1710	1.0000	0.9188	0.0000	1.5978
1711	1.0000	0.8878	0.0000	1.5989
1712	1.0000	0.8959	0.0000	1.6002
1713	1.0000	0.9028	0.0000	1.6021
1714	1.0000	0.9170	0.0000	1.6034
1715	1.0000	0.9251	0.0000	1.6047
1716	1.0000	0.8944	0.0000	1.6064
1717	1.0000	0.8916	0.0000	1.6077
1718	1.0000	0.8880	0.0000	1.6094
1719	1.0000	0.8915	0.0000	1.6110
1720	1.0000	0.8743	0.0000	1.6125
1721	1.0000	0.9039	0.0000	1.6136
1722	1.0000	0.9111	0.0000	1.6146
1723	1.0000	0.9035	0.0000	1.6157
1724	1.0000	0.9085	0.0000	1.6171
1725	1.0000	0.8746	0.0000	1.6181
1726	1.0000	0.8542	0.0000	1.6192
1727	1.0000	0.8677	0.0000	1.6202
1728	1.0000	0.8656	0.0000	1.6211
1729	1.0000	0.8963	0.0000	1.6220
1730	1.0000	0.8859	0.0000	1.6231
1731	1.0000	0.8927	0.0000	1.6249
1732	1.0000	0.9104	0.0000	1.6265
1733	1.0000	0.8782	0.0000	1.6279
1734	1.0000	0.8819	0.0000	1.6290
1735	1.0000	0.8937	0.0000	1.6298
1736	1.0000	0.9041	0.0000	1.6306
1737	1.0000	0.9052	0.0000	1.6314
1738	1.0000	0.9249	0.0000	1.6323
1739	1.0000	0.9138	0.0000	1.6340
1740	1.0000	0.9235	0.0000	1.6352
1741	1.0000	0.9232	0.0000	1.6364
1742	1.0000	0.9311	0.0000	1.6374
1743	1.0000	0.9149	0.0000	1.6389
1744	1.0000	0.8989	0.0000	1.6404
1745	1.0000	0.8780	0.0000	1.6419
1746	1.0000	0.9139	0.0000	1.6429
1747	1.0000	0.9186	0.0000	1.6440
1748	1.0000	0.8986	0.0000	1.6455
1749	1.0000	0.8831	0.0000	1.6472
1750	1.0000	0.8700	0.0000	1.6480
1751	1.0000	0.8967	0.0000	1.6490
1752	1.0000	0.8919	0.0000	1.6511
1753	1.0000	0.8908	0.0000	1.6522
1754	1.0000	0.8993	0.0000	1.6532
1755	1.0000	0.9062	0.0000	1.6545
1756	1.0000	0.8921	0.0000	1.6560
1757	1.0000	0.8552	0.0000	1.6578
1758	1.0000	0.8177	0.0000	1.6595
1759	1.0000	0.8385	0.0000	1.6612
1760	1.0000	0.8002	0.0000	1.6625
1761	1.0000	0.8230	0.0000	1.6646
1762	1.0000	0.8357	0.0000	1.6658
1763	1.0000	0.8138	0.0000	1.6678
1764	1.0000	0.8711	0.0000	1.6696
1765	1.0000	0.8671	0.0000	1.6703
1766	1.0000	0.8491	0.0000	1.6711
1767	1.0000	0.8585	0.0000	1.6726
1768	1.0000	0.8633	0.0000	1.6734
1769	1.0000	0.8786	0.0000	1.6749
1770	1.0000	0.8750	0.0000	1.6764
1771	1.0000	0.8732	0.0000	1.6783
1772	1.0000	0.8913	0.0000	1.6796
1773	1.0000	0.9038	0.0000	1.6807
1774	1.0000	0.9043	0.0000	1.6815
1775	1.0000	0.8949	0.0000	1.6827
1776	1.0000	0.8652	0.0000	1.6835
1777	1.0000	0.8947	0.0000	1.6843
1778	1.0000	0.8696	0.0000	1.6858
1779	1.0000	0.8798	0.0000	1.6874
1780	1.0000	0.8766	0.0000	1.6885
1781	1.0000	0.8741	0.0000	1.6896
1782	1.0000	0.8774	0.0000	1.6917
1783	1.0000	0.8908	0.0000	1.6935
1784	1.0000	0.8912	0.0000	1.6948
1785	1.0000	0.8864	0.0000	1.6958
1786	1.0000	0.8800	0.0000	1.6971
1787	1.0000	0.9002	0.0000	1.6983
1788	1.0000	0.8958	0.0000	1.7001
1789	1.0000	0.8959	0.0000	1.7011
1790	1.0000	0.8951	0.0000	1.7021
1791	1.0000	0.9088	0.0000	1.7039
1792	1.0000	0.8883	0.0000	1.7049
1793	1.0000	0.8881	0.0000	1.7065
1794	1.0000	0.8674	0.0000	1.7079
1795	1.0000	0.8686	0.0000	1.7089
1796	1.0000	0.8545	0.0000	1.7103
1797	1.0000	0.8741	0.0000	1.7125
1798	1.0000	0.8710	0.0000	1.7142
1799	1.0000	0.8390	0.0000	1.7152
1800	1.0000	0.8489	0.0000	1.7171
1801	1.0000	0.8226	0.0000	1.7184
1802	1.0000	0.8521	0.0000	1.7203
1803	1.0000	0.8430	0.0000	1.7214
1804	1.0000	0.8087	0.0000	1.7226
1805	1.0000	0.8264	0.0000	1.7236
1806	1.0000	0.8618	0.0000	1.7250
1807	1.0000	0.8401	0.0000	1.7260
1808	1.0000	0.8512	0.0000	1.7273
1809	1.0000	0.8379	0.0000	1.7291
1810	1.0000	0.8856	0.0000	1.7306
1811	1.0000	0.8181	0.0000	1.7313
1812	1.0000	0.8603	0.0000	1.7326
1813	1.0000	0.8554	0.0000	1.7336
1814	1.0000	0.8657	0.0000	1.7343
1815	1.0000	0.8644	0.0000	1.7351
1816	1.0000	0.8661	0.0000	1.7361
1817	1.0000	0.8614	0.0000	1.7376
1818	1.0000	0.8661	0.0000	1.7389
1819	1.0000	0.8662	0.0000	1.7404
1820	1.0000	0.8595	0.0000	1.7414
1821	1.0000	0.8592	0.0000	1.7426
1822	1.0000	0.8854	0.0000	1.7440
1823	1.0000	0.8846	0.0000	1.7456
1824	1.0000	0.8782	0.0000	1.7466
1825	1.0000	0.8801	0.0000	1.7483
1826	1.0000	0.8667	0.0000	1.7497
1827	1.0000	0.8803	0.0000	1.7515
1828	1.0000	0.8266	0.0000	1.7522
1829	1.0000	0.8447	0.0000	1.7530
1830	1.0000	0.8288	0.0000	1.7547
1831	1.0000	0.8626	0.0000	1.7556
1832	1.0000	0.8801	0.0000	1.7566
1833	1.0000	0.8764	0.0000	1.7582
1834	1.0000	0.8774	0.0000	1.7592
1835	1.0000	0.8715	0.0000	1.7605
1836	1.0000	0.8811	0.0000	1.7624
1837	1.0000	0.8730	0.0000	1.7639
1838	1.0000	0.8820	0.0000	1.7649
1839	1.0000	0.8566	0.0000	1.7662
1840	1.0000	0.8755	0.0000	1.7672
1841	1.0000	0.9020	0.0000	1.7691
1842	1.0000	0.8675	0.0000	1.7707
1843	1.0000	0.8975	0.0000	1.7718
1844	1.0000	0.8838	0.0000	1.7726
1845	1.0000	0.9005	0.0000	1.7736
1846	1.0000	0.8700	0.0000	1.7743
1847	1.0000	0.9056	0.0000	1.7751
1848	1.0000	0.8931	0.0000	1.7765
1849	1.0000	0.8842	0.0000	1.7778
1850	1.0000	0.8729	0.0000	1.7791
1851	1.0000	0.9155	0.0000	1.7803
1852	1.0000	0.9001	0.0000	1.7812
1853	1.0000	0.9047	0.0000	1.7819
1854	1.0000	0.9132	0.0000	1.7831
1855	1.0000	0.9054	0.0000	1.7838
1856	1.0000	0.9143	0.0000	1.7852
1857	1.0000	0.8921	0.0000	1.7861
1858	1.0000	0.9124	0.0000	1.7876
1859	1.0000	0.9098	0.0000	1.7885
1860	1.0000	0.9266	0.0000	1.7895
1861	1.0000	0.9014	0.0000	1.7913
1862	1.0000	0.8978	0.0000	1.7927
1863	1.0000	0.8909	0.0000	1.7936
1864	1.0000	0.9076	0.0000	1.7946
1865	1.0000	0.9126	0.0000	1.7966
Pos: [7.70627596583896, 7.706276038217843, 7.706277030749187]

=================================================================================================================