ID: vincent	Date: 2019-05-03 20:32:29	Runs: 1
=================================================================================================================
Run: 0
Iter	Gbest	AvrFit	Diver	ETime	
0	0.9799	0.2759	0.0000	0.0018
1	0.9799	0.3515	0.0000	0.0033
2	0.9829	0.4285	0.0000	0.0048
3	0.9829	0.4791	0.0000	0.0063
4	0.9832	0.5458	0.0000	0.0078
5	0.9922	0.5669	0.0000	0.0093
6	0.9922	0.5895	0.0000	0.0106
7	0.9922	0.6602	0.0000	0.0114
8	0.9922	0.6748	0.0000	0.0123
9	0.9922	0.7002	0.0000	0.0132
10	0.9940	0.7329	0.0000	0.0141
11	0.9958	0.7263	0.0000	0.0150
12	0.9958	0.7547	0.0000	0.0157
13	0.9986	0.8022	0.0000	0.0166
14	0.9986	0.7825	0.0000	0.0175
15	0.9986	0.8192	0.0000	0.0183
16	0.9986	0.8386	0.0000	0.0192
17	0.9986	0.8283	0.0000	0.0200
18	0.9986	0.8513	0.0000	0.0209
19	0.9986	0.8430	0.0000	0.0228
20	0.9986	0.3770	0.0000	0.0237
21	0.9991	0.4594	0.0000	0.0250
22	0.9997	0.5270	0.0000	0.0262
23	0.9997	0.5447	0.0000	0.0271
24	0.9997	0.6029	0.0000	0.0279
25	0.9997	0.6174	0.0000	0.0287
26	0.9997	0.7046	0.0000	0.0295
27	0.9997	0.7232	0.0000	0.0304
28	0.9997	0.7586	0.0000	0.0313
29	0.9997	0.8001	0.0000	0.0321
30	0.9997	0.7851	0.0000	0.0329
31	0.9997	0.7974	0.0000	0.0338
32	0.9997	0.8239	0.0000	0.0346
33	0.9997	0.8189	0.0000	0.0354
34	0.9997	0.8494	0.0000	0.0364
35	0.9998	0.8466	0.0000	0.0374
36	0.9998	0.8170	0.0000	0.0385
37	0.9998	0.8341	0.0000	0.0394
38	0.9998	0.8429	0.0000	0.0407
39	0.9999	0.8569	0.0000	0.0421
40	0.9998	0.8532	0.0000	0.0457
41	0.9998	0.4638	0.0000	0.0467
42	0.9998	0.4990	0.0000	0.0476
43	0.9999	0.5244	0.0000	0.0487
44	0.9999	0.5531	0.0000	0.0497
45	0.9999	0.6164	0.0000	0.0507
46	0.9999	0.6715	0.0000	0.0516
47	0.9999	0.6793	0.0000	0.0527
48	0.9999	0.6842	0.0000	0.0535
49	0.9999	0.7297	0.0000	0.0545
50	1.0000	0.7338	0.0000	0.0555
51	1.0000	0.7985	0.0000	0.0569
52	1.0000	0.8031	0.0000	0.0580
53	1.0000	0.7961	0.0000	0.0590
54	1.0000	0.8082	0.0000	0.0599
55	1.0000	0.8313	0.0000	0.0609
56	1.0000	0.8128	0.0000	0.0619
57	1.0000	0.8157	0.0000	0.0628
58	1.0000	0.8367	0.0000	0.0637
59	1.0000	0.8167	0.0000	0.0646
60	1.0000	0.8295	0.0000	0.0656
61	1.0000	0.8566	0.0000	0.0707
62	1.0000	0.4888	0.0000	0.0717
63	1.0000	0.4857	0.0000	0.0733
64	1.0000	0.5083	0.0000	0.0746
65	1.0000	0.5274	0.0000	0.0757
66	1.0000	0.5124	0.0000	0.0767
67	1.0000	0.6045	0.0000	0.0777
68	1.0000	0.6584	0.0000	0.0786
69	1.0000	0.6320	0.0000	0.0796
70	1.0000	0.6669	0.0000	0.0805
71	1.0000	0.6683	0.0000	0.0815
72	1.0000	0.7181	0.0000	0.0824
73	1.0000	0.7404	0.0000	0.0835
74	1.0000	0.7487	0.0000	0.0844
75	1.0000	0.7431	0.0000	0.0854
76	1.0000	0.7332	0.0000	0.0863
77	1.0000	0.7543	0.0000	0.0872
78	1.0000	0.7836	0.0000	0.0883
79	1.0000	0.7828	0.0000	0.0898
80	1.0000	0.8244	0.0000	0.0909
81	1.0000	0.8044	0.0000	0.0919
82	1.0000	0.8354	0.0000	0.0983
83	1.0000	0.4915	0.0000	0.0994
84	1.0000	0.5709	0.0000	0.1007
85	1.0000	0.6094	0.0000	0.1017
86	1.0000	0.5601	0.0000	0.1027
87	1.0000	0.6327	0.0000	0.1036
88	1.0000	0.6541	0.0000	0.1047
89	1.0000	0.7499	0.0000	0.1061
90	1.0000	0.7340	0.0000	0.1072
91	1.0000	0.7586	0.0000	0.1081
92	1.0000	0.7481	0.0000	0.1089
93	1.0000	0.7530	0.0000	0.1098
94	1.0000	0.7833	0.0000	0.1108
95	1.0000	0.8086	0.0000	0.1117
96	1.0000	0.7889	0.0000	0.1127
97	1.0000	0.7949	0.0000	0.1136
98	1.0000	0.8053	0.0000	0.1145
99	1.0000	0.8217	0.0000	0.1154
100	1.0000	0.8234	0.0000	0.1163
101	1.0000	0.8018	0.0000	0.1172
102	1.0000	0.8275	0.0000	0.1182
103	1.0000	0.8238	0.0000	0.1273
104	1.0000	0.4961	0.0000	0.1288
105	1.0000	0.5415	0.0000	0.1299
106	1.0000	0.6054	0.0000	0.1309
107	1.0000	0.5932	0.0000	0.1318
108	1.0000	0.6647	0.0000	0.1327
109	1.0000	0.6773	0.0000	0.1336
110	1.0000	0.7361	0.0000	0.1347
111	1.0000	0.6833	0.0000	0.1358
112	1.0000	0.7497	0.0000	0.1371
113	1.0000	0.7572	0.0000	0.1385
114	1.0000	0.7490	0.0000	0.1394
115	1.0000	0.7637	0.0000	0.1403
116	1.0000	0.7623	0.0000	0.1414
117	1.0000	0.7856	0.0000	0.1423
118	1.0000	0.7943	0.0000	0.1432
119	1.0000	0.8077	0.0000	0.1440
120	1.0000	0.8121	0.0000	0.1449
121	1.0000	0.8138	0.0000	0.1459
122	1.0000	0.8125	0.0000	0.1468
123	1.0000	0.7929	0.0000	0.1477
124	1.0000	0.8614	0.0000	0.1562
125	1.0000	0.5213	0.0000	0.1572
126	1.0000	0.5608	0.0000	0.1584
127	1.0000	0.6508	0.0000	0.1596
128	1.0000	0.6596	0.0000	0.1606
129	1.0000	0.6612	0.0000	0.1617
130	1.0000	0.6659	0.0000	0.1626
131	1.0000	0.6615	0.0000	0.1636
132	1.0000	0.7727	0.0000	0.1648
133	1.0000	0.7572	0.0000	0.1658
134	1.0000	0.7583	0.0000	0.1669
135	1.0000	0.7678	0.0000	0.1681
136	1.0000	0.7891	0.0000	0.1694
137	1.0000	0.8135	0.0000	0.1705
138	1.0000	0.7891	0.0000	0.1714
139	1.0000	0.7783	0.0000	0.1723
140	1.0000	0.8395	0.0000	0.1731
141	1.0000	0.8264	0.0000	0.1740
142	1.0000	0.8315	0.0000	0.1750
143	1.0000	0.8358	0.0000	0.1759
144	1.0000	0.8421	0.0000	0.1769
145	1.0000	0.8547	0.0000	0.1851
146	1.0000	0.5561	0.0000	0.1862
147	1.0000	0.6176	0.0000	0.1873
148	1.0000	0.6030	0.0000	0.1883
149	1.0000	0.6369	0.0000	0.1892
150	1.0000	0.6928	0.0000	0.1902
151	1.0000	0.7013	0.0000	0.1911
152	1.0000	0.7309	0.0000	0.1922
153	1.0000	0.8007	0.0000	0.1932
154	1.0000	0.7698	0.0000	0.1941
155	1.0000	0.8012	0.0000	0.1950
156	1.0000	0.8347	0.0000	0.1960
157	1.0000	0.8070	0.0000	0.1970
158	1.0000	0.8011	0.0000	0.1986
159	1.0000	0.8417	0.0000	0.1997
160	1.0000	0.8507	0.0000	0.2006
161	1.0000	0.7845	0.0000	0.2015
162	1.0000	0.8194	0.0000	0.2023
163	1.0000	0.8110	0.0000	0.2032
164	1.0000	0.8418	0.0000	0.2040
165	1.0000	0.8040	0.0000	0.2050
166	1.0000	0.8354	0.0000	0.2134
167	1.0000	0.6217	0.0000	0.2145
168	1.0000	0.6546	0.0000	0.2158
169	1.0000	0.6805	0.0000	0.2169
170	1.0000	0.7298	0.0000	0.2182
171	1.0000	0.7223	0.0000	0.2195
172	1.0000	0.7440	0.0000	0.2205
173	1.0000	0.7530	0.0000	0.2217
174	1.0000	0.7634	0.0000	0.2226
175	1.0000	0.7704	0.0000	0.2237
176	1.0000	0.7678	0.0000	0.2249
177	1.0000	0.7786	0.0000	0.2266
178	1.0000	0.8135	0.0000	0.2281
179	1.0000	0.7987	0.0000	0.2302
180	1.0000	0.8220	0.0000	0.2319
181	1.0000	0.8168	0.0000	0.2341
182	1.0000	0.7925	0.0000	0.2364
183	1.0000	0.7477	0.0000	0.2380
184	1.0000	0.7672	0.0000	0.2398
185	1.0000	0.7995	0.0000	0.2415
186	1.0000	0.8053	0.0000	0.2433
187	1.0000	0.8313	0.0000	0.2581
188	1.0000	0.5761	0.0000	0.2600
189	1.0000	0.6475	0.0000	0.2623
190	1.0000	0.6013	0.0000	0.2642
191	1.0000	0.6572	0.0000	0.2661
192	1.0000	0.7132	0.0000	0.2683
193	1.0000	0.7460	0.0000	0.2702
194	1.0000	0.7235	0.0000	0.2719
195	1.0000	0.7724	0.0000	0.2735
196	1.0000	0.7797	0.0000	0.2755
197	1.0000	0.7935	0.0000	0.2772
198	1.0000	0.8191	0.0000	0.2788
199	1.0000	0.8270	0.0000	0.2805
200	1.0000	0.8197	0.0000	0.2824
201	1.0000	0.8002	0.0000	0.2853
202	1.0000	0.7986	0.0000	0.2876
203	1.0000	0.8192	0.0000	0.2903
204	1.0000	0.8277	0.0000	0.2919
205	1.0000	0.8339	0.0000	0.2934
206	1.0000	0.8864	0.0000	0.2952
207	1.0000	0.8549	0.0000	0.2969
208	1.0000	0.8730	0.0000	0.3107
209	1.0000	0.7466	0.0000	0.3129
210	1.0000	0.7151	0.0000	0.3154
211	1.0000	0.7849	0.0000	0.3176
212	1.0000	0.7297	0.0000	0.3196
213	1.0000	0.7895	0.0000	0.3218
214	1.0000	0.7594	0.0000	0.3236
215	1.0000	0.7907	0.0000	0.3253
216	1.0000	0.7862	0.0000	0.3270
217	1.0000	0.7934	0.0000	0.3290
218	1.0000	0.8135	0.0000	0.3307
219	1.0000	0.8326	0.0000	0.3327
220	1.0000	0.8071	0.0000	0.3349
221	1.0000	0.8126	0.0000	0.3367
222	1.0000	0.8510	0.0000	0.3396
223	1.0000	0.8360	0.0000	0.3421
224	1.0000	0.8323	0.0000	0.3446
225	1.0000	0.8399	0.0000	0.3466
226	1.0000	0.8403	0.0000	0.3481
227	1.0000	0.8454	0.0000	0.3498
228	1.0000	0.8593	0.0000	0.3515
229	1.0000	0.8547	0.0000	0.3626
230	1.0000	0.7722	0.0000	0.3646
231	1.0000	0.7792	0.0000	0.3669
232	1.0000	0.7922	0.0000	0.3695
233	1.0000	0.7469	0.0000	0.3715
234	1.0000	0.8025	0.0000	0.3744
235	1.0000	0.7772	0.0000	0.3763
236	1.0000	0.8104	0.0000	0.3792
237	1.0000	0.8139	0.0000	0.3815
238	1.0000	0.7992	0.0000	0.3838
239	1.0000	0.8066	0.0000	0.3860
240	1.0000	0.8694	0.0000	0.3886
241	1.0000	0.8228	0.0000	0.3912
242	1.0000	0.8359	0.0000	0.3928
243	1.0000	0.8411	0.0000	0.3963
244	1.0000	0.8331	0.0000	0.3989
245	1.0000	0.8023	0.0000	0.4015
246	1.0000	0.8184	0.0000	0.4041
247	1.0000	0.8272	0.0000	0.4061
248	1.0000	0.8102	0.0000	0.4084
249	1.0000	0.8535	0.0000	0.4107
250	1.0000	0.8605	0.0000	0.4229
251	1.0000	0.7297	0.0000	0.4252
252	1.0000	0.7702	0.0000	0.4281
253	1.0000	0.7817	0.0000	0.4314
254	1.0000	0.7488	0.0000	0.4337
255	1.0000	0.7833	0.0000	0.4366
256	1.0000	0.8156	0.0000	0.4384
257	1.0000	0.7986	0.0000	0.4412
258	1.0000	0.8341	0.0000	0.4433
259	1.0000	0.8389	0.0000	0.4455
260	1.0000	0.8590	0.0000	0.4470
261	1.0000	0.8490	0.0000	0.4489
262	1.0000	0.8595	0.0000	0.4513
263	1.0000	0.8441	0.0000	0.4529
264	1.0000	0.8455	0.0000	0.4559
265	1.0000	0.8313	0.0000	0.4577
266	1.0000	0.8645	0.0000	0.4608
267	1.0000	0.8559	0.0000	0.4629
268	1.0000	0.8555	0.0000	0.4648
269	1.0000	0.9030	0.0000	0.4673
270	1.0000	0.8599	0.0000	0.4697
271	1.0000	0.8717	0.0000	0.4802
272	1.0000	0.7632	0.0000	0.4824
273	1.0000	0.7919	0.0000	0.4849
274	1.0000	0.7854	0.0000	0.4874
275	1.0000	0.8224	0.0000	0.4893
276	1.0000	0.8247	0.0000	0.4928
277	1.0000	0.8260	0.0000	0.4946
278	1.0000	0.8414	0.0000	0.4972
279	1.0000	0.8522	0.0000	0.4997
280	1.0000	0.8062	0.0000	0.5019
281	1.0000	0.8362	0.0000	0.5037
282	1.0000	0.8970	0.0000	0.5055
283	1.0000	0.8921	0.0000	0.5079
284	1.0000	0.8725	0.0000	0.5093
285	1.0000	0.8946	0.0000	0.5127
286	1.0000	0.8711	0.0000	0.5145
287	1.0000	0.8464	0.0000	0.5175
288	1.0000	0.8666	0.0000	0.5205
289	1.0000	0.8379	0.0000	0.5226
290	1.0000	0.8495	0.0000	0.5244
291	1.0000	0.8759	0.0000	0.5265
292	1.0000	0.8554	0.0000	0.5358
293	1.0000	0.8252	0.0000	0.5385
294	1.0000	0.7918	0.0000	0.5410
295	1.0000	0.8028	0.0000	0.5434
296	1.0000	0.7944	0.0000	0.5449
297	1.0000	0.8254	0.0000	0.5482
298	1.0000	0.8196	0.0000	0.5504
299	1.0000	0.8064	0.0000	0.5525
300	1.0000	0.8311	0.0000	0.5553
301	1.0000	0.8385	0.0000	0.5577
302	1.0000	0.8500	0.0000	0.5595
303	1.0000	0.8190	0.0000	0.5614
304	1.0000	0.8371	0.0000	0.5641
305	1.0000	0.8195	0.0000	0.5656
306	1.0000	0.8191	0.0000	0.5684
307	1.0000	0.8328	0.0000	0.5708
308	1.0000	0.8143	0.0000	0.5740
309	1.0000	0.8516	0.0000	0.5767
310	1.0000	0.7895	0.0000	0.5791
311	1.0000	0.8282	0.0000	0.5817
312	1.0000	0.8125	0.0000	0.5844
313	1.0000	0.7961	0.0000	0.5922
314	1.0000	0.7682	0.0000	0.5946
315	1.0000	0.7989	0.0000	0.5970
316	1.0000	0.8346	0.0000	0.5990
317	1.0000	0.7853	0.0000	0.6005
318	1.0000	0.8231	0.0000	0.6035
319	1.0000	0.7859	0.0000	0.6058
320	1.0000	0.7874	0.0000	0.6076
321	1.0000	0.8564	0.0000	0.6099
322	1.0000	0.8487	0.0000	0.6123
323	1.0000	0.8420	0.0000	0.6150
324	1.0000	0.8463	0.0000	0.6168
325	1.0000	0.8202	0.0000	0.6189
326	1.0000	0.8447	0.0000	0.6209
327	1.0000	0.8296	0.0000	0.6239
328	1.0000	0.8380	0.0000	0.6263
329	1.0000	0.8360	0.0000	0.6300
330	1.0000	0.8420	0.0000	0.6327
331	1.0000	0.8239	0.0000	0.6354
332	1.0000	0.7929	0.0000	0.6379
333	1.0000	0.8675	0.0000	0.6408
334	1.0000	0.8605	0.0000	0.6457
335	1.0000	0.8589	0.0000	0.6485
336	1.0000	0.8395	0.0000	0.6514
337	1.0000	0.8781	0.0000	0.6539
338	1.0000	0.8712	0.0000	0.6561
339	1.0000	0.8469	0.0000	0.6596
340	1.0000	0.8754	0.0000	0.6625
341	1.0000	0.8536	0.0000	0.6654
342	1.0000	0.8200	0.0000	0.6676
343	1.0000	0.8384	0.0000	0.6701
344	1.0000	0.8206	0.0000	0.6730
345	1.0000	0.8555	0.0000	0.6749
346	1.0000	0.8697	0.0000	0.6771
347	1.0000	0.8589	0.0000	0.6792
348	1.0000	0.8791	0.0000	0.6822
349	1.0000	0.8869	0.0000	0.6844
350	1.0000	0.8879	0.0000	0.6883
351	1.0000	0.8710	0.0000	0.6912
352	1.0000	0.8569	0.0000	0.6937
353	1.0000	0.8411	0.0000	0.6959
354	1.0000	0.8399	0.0000	0.6977
355	1.0000	0.8684	0.0000	0.7027
356	1.0000	0.8506	0.0000	0.7059
357	1.0000	0.8474	0.0000	0.7104
358	1.0000	0.8353	0.0000	0.7132
359	1.0000	0.8449	0.0000	0.7156
360	1.0000	0.8391	0.0000	0.7193
361	1.0000	0.8260	0.0000	0.7232
362	1.0000	0.8657	0.0000	0.7265
363	1.0000	0.8090	0.0000	0.7298
364	1.0000	0.8055	0.0000	0.7334
365	1.0000	0.8387	0.0000	0.7367
366	1.0000	0.8365	0.0000	0.7392
367	1.0000	0.8049	0.0000	0.7428
368	1.0000	0.8386	0.0000	0.7461
369	1.0000	0.8286	0.0000	0.7498
370	1.0000	0.8336	0.0000	0.7530
371	1.0000	0.8644	0.0000	0.7579
372	1.0000	0.8347	0.0000	0.7617
373	1.0000	0.7802	0.0000	0.7654
374	1.0000	0.8105	0.0000	0.7679
375	1.0000	0.7926	0.0000	0.7703
376	1.0000	0.8304	0.0000	0.7753
377	1.0000	0.7881	0.0000	0.7784
378	1.0000	0.7962	0.0000	0.7823
379	1.0000	0.8121	0.0000	0.7850
380	1.0000	0.8129	0.0000	0.7873
381	1.0000	0.8199	0.0000	0.7911
382	1.0000	0.7980	0.0000	0.7950
383	1.0000	0.8141	0.0000	0.7985
384	1.0000	0.8268	0.0000	0.8016
385	1.0000	0.8212	0.0000	0.8051
386	1.0000	0.8455	0.0000	0.8082
387	1.0000	0.7909	0.0000	0.8110
388	1.0000	0.8273	0.0000	0.8145
389	1.0000	0.8358	0.0000	0.8177
390	1.0000	0.8291	0.0000	0.8208
391	1.0000	0.8107	0.0000	0.8243
392	1.0000	0.8413	0.0000	0.8291
393	1.0000	0.7842	0.0000	0.8323
394	1.0000	0.7863	0.0000	0.8362
395	1.0000	0.7973	0.0000	0.8385
396	1.0000	0.7655	0.0000	0.8411
397	1.0000	0.7890	0.0000	0.8459
398	1.0000	0.7938	0.0000	0.8490
399	1.0000	0.7751	0.0000	0.8527
400	1.0000	0.7780	0.0000	0.8553
401	1.0000	0.7842	0.0000	0.8580
402	1.0000	0.8161	0.0000	0.8626
403	1.0000	0.7341	0.0000	0.8664
404	1.0000	0.7681	0.0000	0.8694
405	1.0000	0.8046	0.0000	0.8725
406	1.0000	0.7423	0.0000	0.8759
407	1.0000	0.7818	0.0000	0.8790
408	1.0000	0.7695	0.0000	0.8813
409	1.0000	0.8084	0.0000	0.8843
410	1.0000	0.7911	0.0000	0.8874
411	1.0000	0.7825	0.0000	0.8905
412	1.0000	0.7324	0.0000	0.8935
413	1.0000	0.7528	0.0000	0.8982
414	1.0000	0.7693	0.0000	0.9013
415	1.0000	0.7727	0.0000	0.9049
416	1.0000	0.7492	0.0000	0.9073
417	1.0000	0.8033	0.0000	0.9098
418	1.0000	0.7896	0.0000	0.9152
419	1.0000	0.7893	0.0000	0.9185
420	1.0000	0.8084	0.0000	0.9213
421	1.0000	0.8254	0.0000	0.9246
422	1.0000	0.7601	0.0000	0.9278
423	1.0000	0.7806	0.0000	0.9333
424	1.0000	0.7478	0.0000	0.9374
425	1.0000	0.7882	0.0000	0.9419
426	1.0000	0.7858	0.0000	0.9457
427	1.0000	0.8193	0.0000	0.9502
428	1.0000	0.7462	0.0000	0.9535
429	1.0000	0.7732	0.0000	0.9564
430	1.0000	0.7746	0.0000	0.9597
431	1.0000	0.8017	0.0000	0.9626
432	1.0000	0.7759	0.0000	0.9659
433	1.0000	0.7681	0.0000	0.9692
434	1.0000	0.8069	0.0000	0.9735
435	1.0000	0.8054	0.0000	0.9762
436	1.0000	0.8114	0.0000	0.9798
437	1.0000	0.8072	0.0000	0.9821
438	1.0000	0.8185	0.0000	0.9845
439	1.0000	0.8091	0.0000	0.9906
440	1.0000	0.7628	0.0000	0.9942
441	1.0000	0.7778	0.0000	0.9970
442	1.0000	0.8118	0.0000	0.9993
443	1.0000	0.8463	0.0000	1.0025
444	1.0000	0.8361	0.0000	1.0074
445	1.0000	0.8386	0.0000	1.0114
446	1.0000	0.8035	0.0000	1.0150
447	1.0000	0.7887	0.0000	1.0187
448	1.0000	0.8002	0.0000	1.0231
449	1.0000	0.7828	0.0000	1.0259
450	1.0000	0.8126	0.0000	1.0287
451	1.0000	0.7909	0.0000	1.0315
452	1.0000	0.7772	0.0000	1.0342
453	1.0000	0.8244	0.0000	1.0380
454	1.0000	0.8088	0.0000	1.0419
455	1.0000	0.7694	0.0000	1.0462
456	1.0000	0.8237	0.0000	1.0495
457	1.0000	0.7781	0.0000	1.0534
458	1.0000	0.7726	0.0000	1.0568
459	1.0000	0.7804	0.0000	1.0597
460	1.0000	0.8244	0.0000	1.0664
461	1.0000	0.7688	0.0000	1.0700
462	1.0000	0.8050	0.0000	1.0730
463	1.0000	0.7933	0.0000	1.0755
464	1.0000	0.7750	0.0000	1.0790
465	1.0000	0.7739	0.0000	1.0841
466	1.0000	0.8064	0.0000	1.0881
467	1.0000	0.7858	0.0000	1.0930
468	1.0000	0.7844	0.0000	1.0975
469	1.0000	0.7691	0.0000	1.1020
470	1.0000	0.7651	0.0000	1.1044
471	1.0000	0.7790	0.0000	1.1078
472	1.0000	0.7605	0.0000	1.1107
473	1.0000	0.7821	0.0000	1.1140
474	1.0000	0.8128	0.0000	1.1178
475	1.0000	0.7443	0.0000	1.1217
476	1.0000	0.7703	0.0000	1.1260
477	1.0000	0.7478	0.0000	1.1284
478	1.0000	0.7745	0.0000	1.1323
479	1.0000	0.7802	0.0000	1.1352
480	1.0000	0.8348	0.0000	1.1381
481	1.0000	0.8169	0.0000	1.1425
482	1.0000	0.7763	0.0000	1.1458
483	1.0000	0.7962	0.0000	1.1488
484	1.0000	0.7694	0.0000	1.1508
485	1.0000	0.7854	0.0000	1.1532
486	1.0000	0.8317	0.0000	1.1576
487	1.0000	0.8396	0.0000	1.1610
488	1.0000	0.8335	0.0000	1.1658
489	1.0000	0.7979	0.0000	1.1697
490	1.0000	0.8179	0.0000	1.1738
491	1.0000	0.8037	0.0000	1.1769
492	1.0000	0.7889	0.0000	1.1805
493	1.0000	0.7923	0.0000	1.1836
494	1.0000	0.8482	0.0000	1.1873
495	1.0000	0.8020	0.0000	1.1909
496	1.0000	0.8341	0.0000	1.1951
497	1.0000	0.8290	0.0000	1.1992
498	1.0000	0.8238	0.0000	1.2019
499	1.0000	0.8637	0.0000	1.2065
500	1.0000	0.8582	0.0000	1.2096
501	1.0000	0.8526	0.0000	1.2142
502	1.0000	0.8372	0.0000	1.2214
503	1.0000	0.7933	0.0000	1.2250
504	1.0000	0.7840	0.0000	1.2286
505	1.0000	0.7768	0.0000	1.2307
506	1.0000	0.8073	0.0000	1.2333
507	1.0000	0.7837	0.0000	1.2374
508	1.0000	0.7907	0.0000	1.2408
509	1.0000	0.7968	0.0000	1.2453
510	1.0000	0.7825	0.0000	1.2497
511	1.0000	0.7973	0.0000	1.2547
512	1.0000	0.7541	0.0000	1.2591
513	1.0000	0.8360	0.0000	1.2625
514	1.0000	0.7926	0.0000	1.2660
515	1.0000	0.8123	0.0000	1.2695
516	1.0000	0.7782	0.0000	1.2719
517	1.0000	0.8386	0.0000	1.2759
518	1.0000	0.7882	0.0000	1.2799
519	1.0000	0.7761	0.0000	1.2824
520	1.0000	0.7971	0.0000	1.2873
521	1.0000	0.7871	0.0000	1.2903
522	1.0000	0.7749	0.0000	1.2942
523	1.0000	0.7841	0.0000	1.2992
524	1.0000	0.7872	0.0000	1.3032
525	1.0000	0.7484	0.0000	1.3064
526	1.0000	0.8194	0.0000	1.3095
527	1.0000	0.7641	0.0000	1.3133
528	1.0000	0.7821	0.0000	1.3170
529	1.0000	0.7797	0.0000	1.3212
530	1.0000	0.7992	0.0000	1.3255
531	1.0000	0.8020	0.0000	1.3298
532	1.0000	0.8149	0.0000	1.3346
533	1.0000	0.7674	0.0000	1.3399
534	1.0000	0.8128	0.0000	1.3426
535	1.0000	0.8116	0.0000	1.3469
536	1.0000	0.7885	0.0000	1.3511
537	1.0000	0.7931	0.0000	1.3543
538	1.0000	0.7748	0.0000	1.3580
539	1.0000	0.7891	0.0000	1.3623
540	1.0000	0.8268	0.0000	1.3644
541	1.0000	0.7787	0.0000	1.3703
542	1.0000	0.7830	0.0000	1.3743
543	1.0000	0.7511	0.0000	1.3773
544	1.0000	0.8057	0.0000	1.3814
545	1.0000	0.8177	0.0000	1.3860
546	1.0000	0.7763	0.0000	1.3890
547	1.0000	0.7803	0.0000	1.3921
548	1.0000	0.8083	0.0000	1.3957
549	1.0000	0.7841	0.0000	1.3998
550	1.0000	0.7629	0.0000	1.4034
551	1.0000	0.7814	0.0000	1.4070
552	1.0000	0.7771	0.0000	1.4106
553	1.0000	0.7494	0.0000	1.4148
554	1.0000	0.7679	0.0000	1.4199
555	1.0000	0.7520	0.0000	1.4230
556	1.0000	0.7786	0.0000	1.4277
557	1.0000	0.7635	0.0000	1.4339
558	1.0000	0.8075	0.0000	1.4370
559	1.0000	0.7990	0.0000	1.4409
560	1.0000	0.7659	0.0000	1.4453
561	1.0000	0.7825	0.0000	1.4474
562	1.0000	0.8013	0.0000	1.4529
563	1.0000	0.7895	0.0000	1.4562
564	1.0000	0.7740	0.0000	1.4600
565	1.0000	0.8519	0.0000	1.4644
566	1.0000	0.8185	0.0000	1.4694
567	1.0000	0.8361	0.0000	1.4709
568	1.0000	0.8359	0.0000	1.4742
569	1.0000	0.7897	0.0000	1.4792
570	1.0000	0.7802	0.0000	1.4836
571	1.0000	0.8034	0.0000	1.4875
572	1.0000	0.7745	0.0000	1.4925
573	1.0000	0.7979	0.0000	1.4958
574	1.0000	0.8008	0.0000	1.5002
575	1.0000	0.8235	0.0000	1.5051
576	1.0000	0.8095	0.0000	1.5077
577	1.0000	0.8305	0.0000	1.5124
578	1.0000	0.8244	0.0000	1.5178
579	1.0000	0.7868	0.0000	1.5204
580	1.0000	0.8189	0.0000	1.5246
581	1.0000	0.7947	0.0000	1.5288
582	1.0000	0.8149	0.0000	1.5309
583	1.0000	0.8134	0.0000	1.5367
584	1.0000	0.8312	0.0000	1.5398
585	1.0000	0.8025	0.0000	1.5430
586	1.0000	0.8248	0.0000	1.5467
587	1.0000	0.8116	0.0000	1.5499
588	1.0000	0.8106	0.0000	1.5520
589	1.0000	0.8392	0.0000	1.5546
590	1.0000	0.7999	0.0000	1.5589
591	1.0000	0.8047	0.0000	1.5638
592	1.0000	0.8391	0.0000	1.5676
593	1.0000	0.8117	0.0000	1.5708
594	1.0000	0.8000	0.0000	1.5742
595	1.0000	0.8018	0.0000	1.5775
596	1.0000	0.8121	0.0000	1.5821
597	1.0000	0.7906	0.0000	1.5849
598	1.0000	0.8227	0.0000	1.5888
599	1.0000	0.8289	0.0000	1.5945
600	1.0000	0.7918	0.0000	1.5984
601	1.0000	0.7774	0.0000	1.6036
602	1.0000	0.7965	0.0000	1.6110
603	1.0000	0.8140	0.0000	1.6150
604	1.0000	0.7864	0.0000	1.6224
605	1.0000	0.7421	0.0000	1.6288
606	1.0000	0.7638	0.0000	1.6315
607	1.0000	0.7072	0.0000	1.6361
608	1.0000	0.7375	0.0000	1.6393
609	1.0000	0.7417	0.0000	1.6414
610	1.0000	0.7657	0.0000	1.6452
611	1.0000	0.7484	0.0000	1.6495
612	1.0000	0.7563	0.0000	1.6533
613	1.0000	0.8015	0.0000	1.6577
614	1.0000	0.7597	0.0000	1.6608
615	1.0000	0.7634	0.0000	1.6641
616	1.0000	0.7519	0.0000	1.6679
617	1.0000	0.7410	0.0000	1.6723
618	1.0000	0.7576	0.0000	1.6749
619	1.0000	0.8006	0.0000	1.6787
620	1.0000	0.7961	0.0000	1.6842
621	1.0000	0.7702	0.0000	1.6880
622	1.0000	0.8189	0.0000	1.6930
623	1.0000	0.7837	0.0000	1.7002
624	1.0000	0.7807	0.0000	1.7041
625	1.0000	0.7876	0.0000	1.7118
626	1.0000	0.7900	0.0000	1.7177
627	1.0000	0.7667	0.0000	1.7205
628	1.0000	0.8121	0.0000	1.7245
629	1.0000	0.8104	0.0000	1.7273
630	1.0000	0.7768	0.0000	1.7295
631	1.0000	0.8043	0.0000	1.7337
632	1.0000	0.8011	0.0000	1.7390
633	1.0000	0.8032	0.0000	1.7425
634	1.0000	0.8277	0.0000	1.7479
635	1.0000	0.8282	0.0000	1.7532
636	1.0000	0.7913	0.0000	1.7567
637	1.0000	0.8178	0.0000	1.7613
638	1.0000	0.8105	0.0000	1.7666
639	1.0000	0.8038	0.0000	1.7701
640	1.0000	0.8059	0.0000	1.7733
641	1.0000	0.8000	0.0000	1.7789
642	1.0000	0.7970	0.0000	1.7822
643	1.0000	0.8583	0.0000	1.7873
644	1.0000	0.8179	0.0000	1.7918
645	1.0000	0.7853	0.0000	1.7962
646	1.0000	0.8067	0.0000	1.8019
647	1.0000	0.8022	0.0000	1.8070
648	1.0000	0.8097	0.0000	1.8091
649	1.0000	0.7680	0.0000	1.8136
650	1.0000	0.7592	0.0000	1.8163
651	1.0000	0.7563	0.0000	1.8190
652	1.0000	0.7690	0.0000	1.8223
653	1.0000	0.8336	0.0000	1.8262
654	1.0000	0.7943	0.0000	1.8296
655	1.0000	0.7628	0.0000	1.8342
656	1.0000	0.7756	0.0000	1.8395
657	1.0000	0.7816	0.0000	1.8423
658	1.0000	0.7867	0.0000	1.8491
659	1.0000	0.7765	0.0000	1.8544
660	1.0000	0.7943	0.0000	1.8592
661	1.0000	0.7633	0.0000	1.8627
662	1.0000	0.8173	0.0000	1.8700
663	1.0000	0.7649	0.0000	1.8742
664	1.0000	0.7915	0.0000	1.8790
665	1.0000	0.7947	0.0000	1.8825
666	1.0000	0.8196	0.0000	1.8873
667	1.0000	0.7937	0.0000	1.8967
668	1.0000	0.7822	0.0000	1.9047
669	1.0000	0.8302	0.0000	1.9086
670	1.0000	0.7781	0.0000	1.9138
671	1.0000	0.7071	0.0000	1.9166
672	1.0000	0.7881	0.0000	1.9200
673	1.0000	0.8153	0.0000	1.9246
674	1.0000	0.8328	0.0000	1.9279
675	1.0000	0.7979	0.0000	1.9313
676	1.0000	0.8213	0.0000	1.9359
677	1.0000	0.8064	0.0000	1.9405
678	1.0000	0.8240	0.0000	1.9433
679	1.0000	0.8369	0.0000	1.9486
680	1.0000	0.8243	0.0000	1.9526
681	1.0000	0.8004	0.0000	1.9565
682	1.0000	0.8161	0.0000	1.9605
683	1.0000	0.8352	0.0000	1.9659
684	1.0000	0.7865	0.0000	1.9678
685	1.0000	0.8199	0.0000	1.9697
686	1.0000	0.8205	0.0000	1.9711
687	1.0000	0.8380	0.0000	1.9734
688	1.0000	0.7948	0.0000	1.9771
689	1.0000	0.7871	0.0000	1.9818
690	1.0000	0.8059	0.0000	1.9848
691	1.0000	0.7989	0.0000	1.9911
692	1.0000	0.7786	0.0000	1.9947
693	1.0000	0.8049	0.0000	1.9995
694	1.0000	0.7670	0.0000	2.0044
695	1.0000	0.7722	0.0000	2.0079
696	1.0000	0.7561	0.0000	2.0128
697	1.0000	0.7964	0.0000	2.0169
698	1.0000	0.7759	0.0000	2.0205
699	1.0000	0.7742	0.0000	2.0234
700	1.0000	0.8273	0.0000	2.0270
701	1.0000	0.7885	0.0000	2.0312
702	1.0000	0.8100	0.0000	2.0355
703	1.0000	0.8042	0.0000	2.0389
704	1.0000	0.7992	0.0000	2.0467
705	1.0000	0.7556	0.0000	2.0507
706	1.0000	0.7730	0.0000	2.0560
707	1.0000	0.7898	0.0000	2.0613
708	1.0000	0.8146	0.0000	2.0659
709	1.0000	0.7946	0.0000	2.0718
710	1.0000	0.8166	0.0000	2.0765
711	1.0000	0.7684	0.0000	2.0805
712	1.0000	0.7740	0.0000	2.0858
713	1.0000	0.7955	0.0000	2.0904
714	1.0000	0.7891	0.0000	2.0938
715	1.0000	0.7616	0.0000	2.0992
716	1.0000	0.7387	0.0000	2.1026
717	1.0000	0.7668	0.0000	2.1082
718	1.0000	0.7712	0.0000	2.1125
719	1.0000	0.8133	0.0000	2.1168
720	1.0000	0.8113	0.0000	2.1198
721	1.0000	0.8022	0.0000	2.1241
722	1.0000	0.8001	0.0000	2.1298
723	1.0000	0.7899	0.0000	2.1342
724	1.0000	0.7640	0.0000	2.1378
725	1.0000	0.7875	0.0000	2.1456
726	1.0000	0.7851	0.0000	2.1500
727	1.0000	0.7857	0.0000	2.1564
728	1.0000	0.7641	0.0000	2.1607
729	1.0000	0.7903	0.0000	2.1657
730	1.0000	0.7889	0.0000	2.1719
731	1.0000	0.7919	0.0000	2.1767
732	1.0000	0.7892	0.0000	2.1807
733	1.0000	0.7742	0.0000	2.1874
734	1.0000	0.7651	0.0000	2.1915
735	1.0000	0.7742	0.0000	2.1962
736	1.0000	0.7925	0.0000	2.2029
737	1.0000	0.7761	0.0000	2.2064
738	1.0000	0.7927	0.0000	2.2112
739	1.0000	0.7829	0.0000	2.2153
740	1.0000	0.7951	0.0000	2.2194
741	1.0000	0.7920	0.0000	2.2222
742	1.0000	0.8016	0.0000	2.2264
743	1.0000	0.7936	0.0000	2.2318
744	1.0000	0.8084	0.0000	2.2360
745	1.0000	0.8015	0.0000	2.2403
746	1.0000	0.8026	0.0000	2.2490
747	1.0000	0.7523	0.0000	2.2534
748	1.0000	0.8003	0.0000	2.2598
749	1.0000	0.7578	0.0000	2.2642
750	1.0000	0.7599	0.0000	2.2701
751	1.0000	0.7327	0.0000	2.2752
752	1.0000	0.7643	0.0000	2.2803
753	1.0000	0.7794	0.0000	2.2833
754	1.0000	0.7794	0.0000	2.2899
755	1.0000	0.7698	0.0000	2.2937
756	1.0000	0.7662	0.0000	2.2995
757	1.0000	0.7522	0.0000	2.3066
758	1.0000	0.7513	0.0000	2.3102
759	1.0000	0.7744	0.0000	2.3137
760	1.0000	0.7898	0.0000	2.3179
761	1.0000	0.7598	0.0000	2.3221
762	1.0000	0.7843	0.0000	2.3255
763	1.0000	0.7951	0.0000	2.3283
764	1.0000	0.8035	0.0000	2.3320
765	1.0000	0.8214	0.0000	2.3342
766	1.0000	0.8193	0.0000	2.3365
767	1.0000	0.8106	0.0000	2.3395
768	1.0000	0.8134	0.0000	2.3426
769	1.0000	0.7911	0.0000	2.3468
770	1.0000	0.7677	0.0000	2.3486
771	1.0000	0.7781	0.0000	2.3512
772	1.0000	0.7798	0.0000	2.3532
773	1.0000	0.8113	0.0000	2.3564
774	1.0000	0.7575	0.0000	2.3586
775	1.0000	0.8168	0.0000	2.3618
776	1.0000	0.8146	0.0000	2.3639
777	1.0000	0.8052	0.0000	2.3662
778	1.0000	0.7941	0.0000	2.3699
779	1.0000	0.8063	0.0000	2.3730
780	1.0000	0.7924	0.0000	2.3755
781	1.0000	0.7698	0.0000	2.3786
782	1.0000	0.7818	0.0000	2.3808
783	1.0000	0.7885	0.0000	2.3830
784	1.0000	0.8049	0.0000	2.3852
785	1.0000	0.8066	0.0000	2.3881
786	1.0000	0.8129	0.0000	2.3906
787	1.0000	0.8209	0.0000	2.3934
788	1.0000	0.8071	0.0000	2.3967
789	1.0000	0.7922	0.0000	2.3994
790	1.0000	0.7937	0.0000	2.4033
791	1.0000	0.7990	0.0000	2.4052
792	1.0000	0.8194	0.0000	2.4075
793	1.0000	0.8061	0.0000	2.4094
794	1.0000	0.8233	0.0000	2.4114
795	1.0000	0.8322	0.0000	2.4131
796	1.0000	0.8415	0.0000	2.4151
797	1.0000	0.8224	0.0000	2.4173
798	1.0000	0.8346	0.0000	2.4189
799	1.0000	0.8017	0.0000	2.4216
800	1.0000	0.7860	0.0000	2.4244
801	1.0000	0.8169	0.0000	2.4275
802	1.0000	0.8135	0.0000	2.4303
803	1.0000	0.8436	0.0000	2.4329
804	1.0000	0.8053	0.0000	2.4355
805	1.0000	0.8184	0.0000	2.4387
806	1.0000	0.7961	0.0000	2.4413
807	1.0000	0.8499	0.0000	2.4440
808	1.0000	0.8182	0.0000	2.4465
809	1.0000	0.8164	0.0000	2.4491
810	1.0000	0.8267	0.0000	2.4519
811	1.0000	0.8344	0.0000	2.4557
812	1.0000	0.7492	0.0000	2.4575
813	1.0000	0.7854	0.0000	2.4597
814	1.0000	0.7527	0.0000	2.4633
815	1.0000	0.7463	0.0000	2.4652
816	1.0000	0.7884	0.0000	2.4676
817	1.0000	0.8216	0.0000	2.4695
818	1.0000	0.7562	0.0000	2.4714
819	1.0000	0.7834	0.0000	2.4736
820	1.0000	0.7893	0.0000	2.4762
821	1.0000	0.8068	0.0000	2.4787
822	1.0000	0.7776	0.0000	2.4817
823	1.0000	0.7859	0.0000	2.4845
824	1.0000	0.7354	0.0000	2.4870
825	1.0000	0.7136	0.0000	2.4898
826	1.0000	0.7423	0.0000	2.4920
827	1.0000	0.7400	0.0000	2.4953
828	1.0000	0.7672	0.0000	2.4972
829	1.0000	0.7903	0.0000	2.4997
830	1.0000	0.8003	0.0000	2.5032
831	1.0000	0.8411	0.0000	2.5063
832	1.0000	0.8052	0.0000	2.5107
833	1.0000	0.7931	0.0000	2.5134
834	1.0000	0.7774	0.0000	2.5157
835	1.0000	0.7870	0.0000	2.5187
836	1.0000	0.7953	0.0000	2.5207
837	1.0000	0.7821	0.0000	2.5230
838	1.0000	0.8149	0.0000	2.5246
839	1.0000	0.7840	0.0000	2.5261
840	1.0000	0.8128	0.0000	2.5282
841	1.0000	0.7654	0.0000	2.5310
842	1.0000	0.7688	0.0000	2.5337
843	1.0000	0.7998	0.0000	2.5365
844	1.0000	0.8105	0.0000	2.5400
845	1.0000	0.7401	0.0000	2.5416
846	1.0000	0.7667	0.0000	2.5453
847	1.0000	0.7694	0.0000	2.5476
848	1.0000	0.8175	0.0000	2.5517
849	1.0000	0.7685	0.0000	2.5533
850	1.0000	0.7985	0.0000	2.5561
851	1.0000	0.8058	0.0000	2.5600
852	1.0000	0.7749	0.0000	2.5636
853	1.0000	0.7855	0.0000	2.5671
854	1.0000	0.7870	0.0000	2.5683
855	1.0000	0.8400	0.0000	2.5707
856	1.0000	0.7859	0.0000	2.5726
857	1.0000	0.7928	0.0000	2.5745
858	1.0000	0.8183	0.0000	2.5764
859	1.0000	0.8217	0.0000	2.5778
860	1.0000	0.8258	0.0000	2.5793
861	1.0000	0.8468	0.0000	2.5812
862	1.0000	0.8453	0.0000	2.5837
863	1.0000	0.8556	0.0000	2.5869
864	1.0000	0.7787	0.0000	2.5907
865	1.0000	0.8157	0.0000	2.5944
866	1.0000	0.7804	0.0000	2.5960
867	1.0000	0.8255	0.0000	2.5989
868	1.0000	0.8490	0.0000	2.6017
869	1.0000	0.8123	0.0000	2.6057
870	1.0000	0.8289	0.0000	2.6072
871	1.0000	0.8033	0.0000	2.6101
872	1.0000	0.8278	0.0000	2.6126
873	1.0000	0.8317	0.0000	2.6147
874	1.0000	0.8207	0.0000	2.6177
875	1.0000	0.8427	0.0000	2.6191
876	1.0000	0.8509	0.0000	2.6212
877	1.0000	0.8545	0.0000	2.6231
878	1.0000	0.8671	0.0000	2.6262
879	1.0000	0.8566	0.0000	2.6277
880	1.0000	0.8475	0.0000	2.6302
881	1.0000	0.8498	0.0000	2.6313
882	1.0000	0.8632	0.0000	2.6321
883	1.0000	0.8549	0.0000	2.6350
884	1.0000	0.8753	0.0000	2.6386
885	1.0000	0.8145	0.0000	2.6419
886	1.0000	0.8532	0.0000	2.6455
887	1.0000	0.8230	0.0000	2.6472
888	1.0000	0.7999	0.0000	2.6503
889	1.0000	0.8193	0.0000	2.6528
890	1.0000	0.8286	0.0000	2.6566
891	1.0000	0.7677	0.0000	2.6588
892	1.0000	0.8203	0.0000	2.6614
893	1.0000	0.8328	0.0000	2.6645
894	1.0000	0.8365	0.0000	2.6664
895	1.0000	0.8052	0.0000	2.6693
896	1.0000	0.8401	0.0000	2.6705
897	1.0000	0.8439	0.0000	2.6722
898	1.0000	0.8456	0.0000	2.6741
899	1.0000	0.8429	0.0000	2.6764
900	1.0000	0.8458	0.0000	2.6780
901	1.0000	0.8914	0.0000	2.6800
902	1.0000	0.8686	0.0000	2.6813
903	1.0000	0.8689	0.0000	2.6849
904	1.0000	0.8746	0.0000	2.6920
905	1.0000	0.8306	0.0000	2.7011
906	1.0000	0.8018	0.0000	2.7067
907	1.0000	0.8512	0.0000	2.7138
908	1.0000	0.8297	0.0000	2.7177
909	1.0000	0.8089	0.0000	2.7248
910	1.0000	0.7947	0.0000	2.7296
911	1.0000	0.8528	0.0000	2.7367
912	1.0000	0.7838	0.0000	2.7399
913	1.0000	0.8239	0.0000	2.7446
914	1.0000	0.8464	0.0000	2.7511
915	1.0000	0.8284	0.0000	2.7550
916	1.0000	0.8166	0.0000	2.7606
917	1.0000	0.8530	0.0000	2.7629
918	1.0000	0.8186	0.0000	2.7669
919	1.0000	0.8115	0.0000	2.7725
920	1.0000	0.8628	0.0000	2.7774
921	1.0000	0.8617	0.0000	2.7798
922	1.0000	0.8603	0.0000	2.7839
923	1.0000	0.8573	0.0000	2.7863
924	1.0000	0.8513	0.0000	2.7938
925	1.0000	0.8274	0.0000	2.8013
926	1.0000	0.8415	0.0000	2.8088
927	1.0000	0.8361	0.0000	2.8147
928	1.0000	0.8059	0.0000	2.8222
929	1.0000	0.7936	0.0000	2.8265
930	1.0000	0.8063	0.0000	2.8323
931	1.0000	0.8152	0.0000	2.8373
932	1.0000	0.8193	0.0000	2.8435
933	1.0000	0.7964	0.0000	2.8466
934	1.0000	0.8268	0.0000	2.8505
935	1.0000	0.7968	0.0000	2.8552
936	1.0000	0.8343	0.0000	2.8583
937	1.0000	0.8213	0.0000	2.8638
938	1.0000	0.8308	0.0000	2.8676
939	1.0000	0.8238	0.0000	2.8707
940	1.0000	0.8746	0.0000	2.8762
941	1.0000	0.8401	0.0000	2.8809
942	1.0000	0.8343	0.0000	2.8832
943	1.0000	0.8364	0.0000	2.8871
944	1.0000	0.8662	0.0000	2.8895
945	1.0000	0.8676	0.0000	2.8965
946	1.0000	0.8606	0.0000	2.9035
947	1.0000	0.8192	0.0000	2.9101
948	1.0000	0.8196	0.0000	2.9159
949	1.0000	0.7454	0.0000	2.9217
950	1.0000	0.8221	0.0000	2.9241
951	1.0000	0.8507	0.0000	2.9291
952	1.0000	0.8546	0.0000	2.9323
953	1.0000	0.8415	0.0000	2.9411
954	1.0000	0.8210	0.0000	2.9435
955	1.0000	0.8229	0.0000	2.9455
956	1.0000	0.8297	0.0000	2.9481
957	1.0000	0.7979	0.0000	2.9507
958	1.0000	0.7994	0.0000	2.9534
959	1.0000	0.8060	0.0000	2.9555
960	1.0000	0.8211	0.0000	2.9583
961	1.0000	0.8369	0.0000	2.9628
962	1.0000	0.7937	0.0000	2.9660
963	1.0000	0.8512	0.0000	2.9669
964	1.0000	0.8558	0.0000	2.9700
965	1.0000	0.8663	0.0000	2.9720
966	1.0000	0.8518	0.0000	2.9758
967	1.0000	0.8610	0.0000	2.9787
968	1.0000	0.8517	0.0000	2.9814
969	1.0000	0.8297	0.0000	2.9844
970	1.0000	0.8407	0.0000	2.9866
971	1.0000	0.8348	0.0000	2.9880
972	1.0000	0.8532	0.0000	2.9910
973	1.0000	0.8381	0.0000	2.9922
974	1.0000	0.8596	0.0000	2.9988
975	1.0000	0.8269	0.0000	3.0045
976	1.0000	0.8098	0.0000	3.0076
977	1.0000	0.8480	0.0000	3.0125
978	1.0000	0.8044	0.0000	3.0190
979	1.0000	0.8585	0.0000	3.0238
980	1.0000	0.8537	0.0000	3.0270
981	1.0000	0.8233	0.0000	3.0311
982	1.0000	0.8291	0.0000	3.0359
983	1.0000	0.7892	0.0000	3.0407
984	1.0000	0.7943	0.0000	3.0421
985	1.0000	0.8418	0.0000	3.0492
986	1.0000	0.8368	0.0000	3.0530
987	1.0000	0.8123	0.0000	3.0601
988	1.0000	0.8133	0.0000	3.0664
989	1.0000	0.8403	0.0000	3.0719
990	1.0000	0.8337	0.0000	3.0766
991	1.0000	0.8387	0.0000	3.0805
992	1.0000	0.8260	0.0000	3.0827
993	1.0000	0.8425	0.0000	3.0874
994	1.0000	0.8292	0.0000	3.0889
995	1.0000	0.8314	0.0000	3.0952
996	1.0000	0.8247	0.0000	3.0999
997	1.0000	0.8594	0.0000	3.1046
998	1.0000	0.8487	0.0000	3.1105
999	1.0000	0.8315	0.0000	3.1180
1000	1.0000	0.8319	0.0000	3.1247
1001	1.0000	0.8250	0.0000	3.1271
1002	1.0000	0.7908	0.0000	3.1321
1003	1.0000	0.8510	0.0000	3.1362
1004	1.0000	0.8387	0.0000	3.1411
1005	1.0000	0.8200	0.0000	3.1425
1006	1.0000	0.8682	0.0000	3.1484
1007	1.0000	0.8247	0.0000	3.1516
1008	1.0000	0.8549	0.0000	3.1565
1009	1.0000	0.8436	0.0000	3.1614
1010	1.0000	0.8151	0.0000	3.1672
1011	1.0000	0.8327	0.0000	3.1704
1012	1.0000	0.8402	0.0000	3.1735
1013	1.0000	0.8473	0.0000	3.1775
1014	1.0000	0.8499	0.0000	3.1831
1015	1.0000	0.8390	0.0000	3.1853
1016	1.0000	0.8526	0.0000	3.1917
1017	1.0000	0.8097	0.0000	3.1965
1018	1.0000	0.8129	0.0000	3.1995
1019	1.0000	0.8472	0.0000	3.2051
1020	1.0000	0.8334	0.0000	3.2123
1021	1.0000	0.7876	0.0000	3.2196
1022	1.0000	0.8274	0.0000	3.2219
1023	1.0000	0.8614	0.0000	3.2250
1024	1.0000	0.8193	0.0000	3.2272
1025	1.0000	0.8331	0.0000	3.2312
1026	1.0000	0.8313	0.0000	3.2326
1027	1.0000	0.8354	0.0000	3.2365
1028	1.0000	0.8224	0.0000	3.2397
1029	1.0000	0.8466	0.0000	3.2464
1030	1.0000	0.7986	0.0000	3.2496
1031	1.0000	0.8461	0.0000	3.2554
1032	1.0000	0.8793	0.0000	3.2613
1033	1.0000	0.8831	0.0000	3.2663
1034	1.0000	0.8472	0.0000	3.2704
1035	1.0000	0.8547	0.0000	3.2745
1036	1.0000	0.8410	0.0000	3.2768
1037	1.0000	0.8360	0.0000	3.2835
1038	1.0000	0.8196	0.0000	3.2877
1039	1.0000	0.8259	0.0000	3.2918
1040	1.0000	0.8468	0.0000	3.2994
1041	1.0000	0.8429	0.0000	3.3079
1042	1.0000	0.8133	0.0000	3.3152
1043	1.0000	0.7908	0.0000	3.3200
1044	1.0000	0.8111	0.0000	3.3282
1045	1.0000	0.7662	0.0000	3.3314
1046	1.0000	0.7691	0.0000	3.3353
1047	1.0000	0.8044	0.0000	3.3376
1048	1.0000	0.8195	0.0000	3.3408
1049	1.0000	0.8017	0.0000	3.3447
1050	1.0000	0.8129	0.0000	3.3504
1051	1.0000	0.8433	0.0000	3.3535
1052	1.0000	0.8090	0.0000	3.3558
1053	1.0000	0.8226	0.0000	3.3624
1054	1.0000	0.8311	0.0000	3.3656
1055	1.0000	0.8409	0.0000	3.3677
1056	1.0000	0.8810	0.0000	3.3701
1057	1.0000	0.8502	0.0000	3.3724
1058	1.0000	0.8760	0.0000	3.3764
1059	1.0000	0.8364	0.0000	3.3784
1060	1.0000	0.8403	0.0000	3.3813
1061	1.0000	0.8892	0.0000	3.3857
1062	1.0000	0.8485	0.0000	3.3902
1063	1.0000	0.8340	0.0000	3.3938
1064	1.0000	0.8089	0.0000	3.3963
1065	1.0000	0.8450	0.0000	3.3996
1066	1.0000	0.8302	0.0000	3.4004
1067	1.0000	0.7996	0.0000	3.4027
1068	1.0000	0.8278	0.0000	3.4039
1069	1.0000	0.8414	0.0000	3.4051
1070	1.0000	0.8428	0.0000	3.4069
1071	1.0000	0.8498	0.0000	3.4093
1072	1.0000	0.8232	0.0000	3.4109
1073	1.0000	0.8470	0.0000	3.4121
1074	1.0000	0.8080	0.0000	3.4148
1075	1.0000	0.8297	0.0000	3.4164
1076	1.0000	0.8469	0.0000	3.4180
1077	1.0000	0.8582	0.0000	3.4200
1078	1.0000	0.8796	0.0000	3.4218
1079	1.0000	0.8262	0.0000	3.4245
1080	1.0000	0.8563	0.0000	3.4265
1081	1.0000	0.8309	0.0000	3.4289
1082	1.0000	0.8301	0.0000	3.4321
1083	1.0000	0.8246	0.0000	3.4348
1084	1.0000	0.8558	0.0000	3.4381
1085	1.0000	0.8183	0.0000	3.4406
1086	1.0000	0.8939	0.0000	3.4451
1087	1.0000	0.8195	0.0000	3.4460
1088	1.0000	0.8282	0.0000	3.4483
1089	1.0000	0.8673	0.0000	3.4497
1090	1.0000	0.8823	0.0000	3.4515
1091	1.0000	0.8375	0.0000	3.4544
1092	1.0000	0.8751	0.0000	3.4576
1093	1.0000	0.8694	0.0000	3.4594
1094	1.0000	0.8263	0.0000	3.4638
1095	1.0000	0.7975	0.0000	3.4661
1096	1.0000	0.8506	0.0000	3.4689
1097	1.0000	0.8252	0.0000	3.4715
1098	1.0000	0.8235	0.0000	3.4754
1099	1.0000	0.8513	0.0000	3.4793
1100	1.0000	0.8193	0.0000	3.4824
1101	1.0000	0.7999	0.0000	3.4851
1102	1.0000	0.8391	0.0000	3.4875
1103	1.0000	0.7802	0.0000	3.4921
1104	1.0000	0.8342	0.0000	3.4957
1105	1.0000	0.8010	0.0000	3.4997
1106	1.0000	0.7486	0.0000	3.5024
1107	1.0000	0.7761	0.0000	3.5064
1108	1.0000	0.8053	0.0000	3.5077
1109	1.0000	0.8143	0.0000	3.5096
1110	1.0000	0.7910	0.0000	3.5109
1111	1.0000	0.8555	0.0000	3.5135
1112	1.0000	0.8219	0.0000	3.5151
1113	1.0000	0.8226	0.0000	3.5181
1114	1.0000	0.7957	0.0000	3.5194
1115	1.0000	0.8103	0.0000	3.5224
1116	1.0000	0.8064	0.0000	3.5246
1117	1.0000	0.8206	0.0000	3.5286
1118	1.0000	0.8111	0.0000	3.5318
1119	1.0000	0.7565	0.0000	3.5344
1120	1.0000	0.7826	0.0000	3.5369
1121	1.0000	0.7807	0.0000	3.5401
1122	1.0000	0.7968	0.0000	3.5426
1123	1.0000	0.8133	0.0000	3.5447
1124	1.0000	0.7886	0.0000	3.5489
1125	1.0000	0.8188	0.0000	3.5527
1126	1.0000	0.8717	0.0000	3.5561
1127	1.0000	0.8143	0.0000	3.5582
1128	1.0000	0.8246	0.0000	3.5616
1129	1.0000	0.7995	0.0000	3.5628
1130	1.0000	0.7739	0.0000	3.5649
1131	1.0000	0.8439	0.0000	3.5666
1132	1.0000	0.8240	0.0000	3.5682
1133	1.0000	0.8202	0.0000	3.5707
1134	1.0000	0.8788	0.0000	3.5740
1135	1.0000	0.8020	0.0000	3.5769
1136	1.0000	0.8191	0.0000	3.5797
1137	1.0000	0.7808	0.0000	3.5814
1138	1.0000	0.8230	0.0000	3.5842
1139	1.0000	0.8141	0.0000	3.5866
1140	1.0000	0.8174	0.0000	3.5891
1141	1.0000	0.7871	0.0000	3.5912
1142	1.0000	0.7889	0.0000	3.5945
1143	1.0000	0.8359	0.0000	3.5973
1144	1.0000	0.7639	0.0000	3.5997
1145	1.0000	0.7623	0.0000	3.6041
1146	1.0000	0.7509	0.0000	3.6073
1147	1.0000	0.7562	0.0000	3.6111
1148	1.0000	0.7481	0.0000	3.6141
1149	1.0000	0.7792	0.0000	3.6169
1150	1.0000	0.7745	0.0000	3.6181
1151	1.0000	0.7767	0.0000	3.6201
1152	1.0000	0.7648	0.0000	3.6218
1153	1.0000	0.7831	0.0000	3.6242
1154	1.0000	0.7835	0.0000	3.6262
1155	1.0000	0.7568	0.0000	3.6313
1156	1.0000	0.7299	0.0000	3.6338
1157	1.0000	0.7770	0.0000	3.6366
1158	1.0000	0.7254	0.0000	3.6386
1159	1.0000	0.7759	0.0000	3.6413
1160	1.0000	0.7706	0.0000	3.6435
1161	1.0000	0.8047	0.0000	3.6462
1162	1.0000	0.8033	0.0000	3.6488
1163	1.0000	0.7861	0.0000	3.6519
1164	1.0000	0.7940	0.0000	3.6558
1165	1.0000	0.7672	0.0000	3.6580
1166	1.0000	0.7819	0.0000	3.6626
1167	1.0000	0.7943	0.0000	3.6661
1168	1.0000	0.8130	0.0000	3.6697
1169	1.0000	0.7289	0.0000	3.6723
1170	1.0000	0.7195	0.0000	3.6749
1171	1.0000	0.7921	0.0000	3.6763
1172	1.0000	0.7755	0.0000	3.6784
1173	1.0000	0.7565	0.0000	3.6805
1174	1.0000	0.8020	0.0000	3.6835
1175	1.0000	0.7913	0.0000	3.6857
1176	1.0000	0.7953	0.0000	3.6904
1177	1.0000	0.7695	0.0000	3.6921
1178	1.0000	0.7590	0.0000	3.6956
1179	1.0000	0.7498	0.0000	3.6978
1180	1.0000	0.7186	0.0000	3.7004
1181	1.0000	0.7218	0.0000	3.7026
1182	1.0000	0.7730	0.0000	3.7043
1183	1.0000	0.7448	0.0000	3.7072
1184	1.0000	0.7696	0.0000	3.7101
1185	1.0000	0.7483	0.0000	3.7138
1186	1.0000	0.7413	0.0000	3.7158
1187	1.0000	0.7670	0.0000	3.7209
1188	1.0000	0.7302	0.0000	3.7243
1189	1.0000	0.7674	0.0000	3.7277
1190	1.0000	0.7478	0.0000	3.7302
1191	1.0000	0.8094	0.0000	3.7343
1192	1.0000	0.7568	0.0000	3.7355
1193	1.0000	0.7752	0.0000	3.7386
1194	1.0000	0.7782	0.0000	3.7402
1195	1.0000	0.7894	0.0000	3.7436
1196	1.0000	0.7974	0.0000	3.7462
1197	1.0000	0.7622	0.0000	3.7500
1198	1.0000	0.8124	0.0000	3.7516
1199	1.0000	0.7587	0.0000	3.7537
1200	1.0000	0.7720	0.0000	3.7560
1201	1.0000	0.7842	0.0000	3.7585
1202	1.0000	0.8325	0.0000	3.7610
1203	1.0000	0.8159	0.0000	3.7634
1204	1.0000	0.8253	0.0000	3.7655
1205	1.0000	0.8217	0.0000	3.7686
1206	1.0000	0.8409	0.0000	3.7724
1207	1.0000	0.8070	0.0000	3.7742
1208	1.0000	0.7969	0.0000	3.7791
1209	1.0000	0.7404	0.0000	3.7818
1210	1.0000	0.7838	0.0000	3.7849
1211	1.0000	0.7801	0.0000	3.7866
1212	1.0000	0.8057	0.0000	3.7904
1213	1.0000	0.8180	0.0000	3.7917
1214	1.0000	0.8000	0.0000	3.7957
1215	1.0000	0.7863	0.0000	3.7985
1216	1.0000	0.8252	0.0000	3.8008
1217	1.0000	0.8019	0.0000	3.8025
1218	1.0000	0.8003	0.0000	3.8073
1219	1.0000	0.8130	0.0000	3.8090
1220	1.0000	0.8248	0.0000	3.8122
1221	1.0000	0.8201	0.0000	3.8145
1222	1.0000	0.8039	0.0000	3.8163
1223	1.0000	0.8134	0.0000	3.8190
1224	1.0000	0.8132	0.0000	3.8213
1225	1.0000	0.8042	0.0000	3.8244
1226	1.0000	0.7808	0.0000	3.8275
1227	1.0000	0.7970	0.0000	3.8314
1228	1.0000	0.7779	0.0000	3.8337
1229	1.0000	0.7753	0.0000	3.8389
1230	1.0000	0.8139	0.0000	3.8433
1231	1.0000	0.7835	0.0000	3.8485
1232	1.0000	0.7837	0.0000	3.8516
1233	1.0000	0.8085	0.0000	3.8554
1234	1.0000	0.8194	0.0000	3.8567
1235	1.0000	0.7604	0.0000	3.8608
1236	1.0000	0.7386	0.0000	3.8633
1237	1.0000	0.7793	0.0000	3.8656
1238	1.0000	0.8274	0.0000	3.8686
1239	1.0000	0.8145	0.0000	3.8735
1240	1.0000	0.7915	0.0000	3.8752
1241	1.0000	0.8172	0.0000	3.8791
1242	1.0000	0.8215	0.0000	3.8811
1243	1.0000	0.8316	0.0000	3.8844
1244	1.0000	0.8180	0.0000	3.8870
1245	1.0000	0.8112	0.0000	3.8892
1246	1.0000	0.8293	0.0000	3.8928
1247	1.0000	0.7996	0.0000	3.8959
1248	1.0000	0.8223	0.0000	3.8999
1249	1.0000	0.7942	0.0000	3.9025
1250	1.0000	0.7962	0.0000	3.9084
1251	1.0000	0.7794	0.0000	3.9123
1252	1.0000	0.7821	0.0000	3.9160
1253	1.0000	0.8112	0.0000	3.9191
1254	1.0000	0.8112	0.0000	3.9226
1255	1.0000	0.8104	0.0000	3.9244
1256	1.0000	0.7988	0.0000	3.9277
1257	1.0000	0.7988	0.0000	3.9314
1258	1.0000	0.7683	0.0000	3.9343
1259	1.0000	0.7990	0.0000	3.9364
1260	1.0000	0.7995	0.0000	3.9410
1261	1.0000	0.7190	0.0000	3.9428
1262	1.0000	0.7899	0.0000	3.9466
1263	1.0000	0.7631	0.0000	3.9496
1264	1.0000	0.7982	0.0000	3.9531
1265	1.0000	0.7888	0.0000	3.9554
1266	1.0000	0.7813	0.0000	3.9577
1267	1.0000	0.8183	0.0000	3.9626
1268	1.0000	0.8172	0.0000	3.9681
1269	1.0000	0.8095	0.0000	3.9728
1270	1.0000	0.8390	0.0000	3.9753
1271	1.0000	0.7978	0.0000	3.9802
1272	1.0000	0.8021	0.0000	3.9847
1273	1.0000	0.7436	0.0000	3.9882
1274	1.0000	0.7435	0.0000	3.9914
1275	1.0000	0.7790	0.0000	3.9946
1276	1.0000	0.7665	0.0000	3.9960
1277	1.0000	0.7847	0.0000	3.9992
1278	1.0000	0.7681	0.0000	4.0024
1279	1.0000	0.7965	0.0000	4.0062
1280	1.0000	0.7822	0.0000	4.0088
1281	1.0000	0.7417	0.0000	4.0141
1282	1.0000	0.7564	0.0000	4.0162
1283	1.0000	0.7836	0.0000	4.0206
1284	1.0000	0.7336	0.0000	4.0227
1285	1.0000	0.7761	0.0000	4.0254
1286	1.0000	0.7893	0.0000	4.0282
1287	1.0000	0.7694	0.0000	4.0304
1288	1.0000	0.8290	0.0000	4.0336
1289	1.0000	0.7777	0.0000	4.0374
1290	1.0000	0.7890	0.0000	4.0409
1291	1.0000	0.8002	0.0000	4.0435
1292	1.0000	0.7789	0.0000	4.0475
1293	1.0000	0.8085	0.0000	4.0532
1294	1.0000	0.8134	0.0000	4.0562
1295	1.0000	0.8219	0.0000	4.0588
1296	1.0000	0.8121	0.0000	4.0622
1297	1.0000	0.8213	0.0000	4.0635
1298	1.0000	0.8203	0.0000	4.0666
1299	1.0000	0.8025	0.0000	4.0697
1300	1.0000	0.7876	0.0000	4.0728
1301	1.0000	0.7963	0.0000	4.0754
1302	1.0000	0.8531	0.0000	4.0797
1303	1.0000	0.7973	0.0000	4.0818
1304	1.0000	0.8365	0.0000	4.0853
1305	1.0000	0.8131	0.0000	4.0879
1306	1.0000	0.8140	0.0000	4.0905
1307	1.0000	0.7848	0.0000	4.0926
1308	1.0000	0.8284	0.0000	4.0951
1309	1.0000	0.8258	0.0000	4.0982
1310	1.0000	0.8198	0.0000	4.1022
1311	1.0000	0.8423	0.0000	4.1061
1312	1.0000	0.7772	0.0000	4.1083
1313	1.0000	0.7876	0.0000	4.1124
1314	1.0000	0.7814	0.0000	4.1168
1315	1.0000	0.8034	0.0000	4.1210
1316	1.0000	0.7675	0.0000	4.1232
1317	1.0000	0.7566	0.0000	4.1264
1318	1.0000	0.8043	0.0000	4.1276
1319	1.0000	0.7828	0.0000	4.1313
1320	1.0000	0.7961	0.0000	4.1340
1321	1.0000	0.8042	0.0000	4.1373
1322	1.0000	0.8228	0.0000	4.1394
1323	1.0000	0.8309	0.0000	4.1435
1324	1.0000	0.7753	0.0000	4.1452
1325	1.0000	0.8059	0.0000	4.1497
1326	1.0000	0.8031	0.0000	4.1520
1327	1.0000	0.7933	0.0000	4.1549
1328	1.0000	0.8249	0.0000	4.1575
1329	1.0000	0.7983	0.0000	4.1601
1330	1.0000	0.7936	0.0000	4.1627
1331	1.0000	0.8215	0.0000	4.1672
1332	1.0000	0.7780	0.0000	4.1707
1333	1.0000	0.7840	0.0000	4.1735
1334	1.0000	0.7617	0.0000	4.1786
1335	1.0000	0.8101	0.0000	4.1817
1336	1.0000	0.7699	0.0000	4.1863
1337	1.0000	0.7666	0.0000	4.1888
1338	1.0000	0.8094	0.0000	4.1929
1339	1.0000	0.8087	0.0000	4.1948
1340	1.0000	0.8033	0.0000	4.1998
1341	1.0000	0.8182	0.0000	4.2054
1342	1.0000	0.7827	0.0000	4.2085
1343	1.0000	0.7857	0.0000	4.2105
1344	1.0000	0.8253	0.0000	4.2136
1345	1.0000	0.7816	0.0000	4.2145
1346	1.0000	0.8071	0.0000	4.2181
1347	1.0000	0.7854	0.0000	4.2207
1348	1.0000	0.7715	0.0000	4.2238
1349	1.0000	0.7811	0.0000	4.2262
1350	1.0000	0.7891	0.0000	4.2294
1351	1.0000	0.7972	0.0000	4.2326
1352	1.0000	0.8282	0.0000	4.2363
1353	1.0000	0.7863	0.0000	4.2411
1354	1.0000	0.8116	0.0000	4.2445
1355	1.0000	0.8234	0.0000	4.2488
1356	1.0000	0.8324	0.0000	4.2511
1357	1.0000	0.7991	0.0000	4.2557
1358	1.0000	0.7907	0.0000	4.2576
1359	1.0000	0.7770	0.0000	4.2611
1360	1.0000	0.8279	0.0000	4.2630
1361	1.0000	0.7966	0.0000	4.2665
1362	1.0000	0.7830	0.0000	4.2710
1363	1.0000	0.8167	0.0000	4.2749
1364	1.0000	0.8187	0.0000	4.2772
1365	1.0000	0.7926	0.0000	4.2801
1366	1.0000	0.8344	0.0000	4.2810
1367	1.0000	0.8223	0.0000	4.2839
1368	1.0000	0.8021	0.0000	4.2858
1369	1.0000	0.8011	0.0000	4.2894
1370	1.0000	0.8136	0.0000	4.2940
1371	1.0000	0.7997	0.0000	4.2990
1372	1.0000	0.8114	0.0000	4.3015
1373	1.0000	0.8181	0.0000	4.3056
1374	1.0000	0.7921	0.0000	4.3102
1375	1.0000	0.8044	0.0000	4.3129
1376	1.0000	0.7961	0.0000	4.3169
1377	1.0000	0.7720	0.0000	4.3194
1378	1.0000	0.7505	0.0000	4.3230
1379	1.0000	0.7576	0.0000	4.3242
1380	1.0000	0.8320	0.0000	4.3276
1381	1.0000	0.7793	0.0000	4.3299
1382	1.0000	0.7770	0.0000	4.3331
1383	1.0000	0.7663	0.0000	4.3370
1384	1.0000	0.7789	0.0000	4.3403
1385	1.0000	0.7998	0.0000	4.3430
1386	1.0000	0.7782	0.0000	4.3458
1387	1.0000	0.7986	0.0000	4.3471
1388	1.0000	0.7874	0.0000	4.3499
1389	1.0000	0.8026	0.0000	4.3516
1390	1.0000	0.7478	0.0000	4.3549
1391	1.0000	0.7636	0.0000	4.3592
1392	1.0000	0.8428	0.0000	4.3639
1393	1.0000	0.7852	0.0000	4.3661
1394	1.0000	0.7877	0.0000	4.3716
1395	1.0000	0.8101	0.0000	4.3778
1396	1.0000	0.7825	0.0000	4.3809
1397	1.0000	0.8174	0.0000	4.3868
1398	1.0000	0.7944	0.0000	4.3896
1399	1.0000	0.8307	0.0000	4.3936
1400	1.0000	0.7535	0.0000	4.3950
1401	1.0000	0.8304	0.0000	4.3980
1402	1.0000	0.8111	0.0000	4.4007
1403	1.0000	0.8239	0.0000	4.4049
1404	1.0000	0.8225	0.0000	4.4083
1405	1.0000	0.8354	0.0000	4.4117
1406	1.0000	0.8295	0.0000	4.4158
1407	1.0000	0.8137	0.0000	4.4190
1408	1.0000	0.7849	0.0000	4.4203
1409	1.0000	0.8230	0.0000	4.4241
1410	1.0000	0.8406	0.0000	4.4260
1411	1.0000	0.8139	0.0000	4.4287
1412	1.0000	0.8255	0.0000	4.4324
1413	1.0000	0.8137	0.0000	4.4366
1414	1.0000	0.7809	0.0000	4.4394
1415	1.0000	0.8049	0.0000	4.4441
1416	1.0000	0.7855	0.0000	4.4485
1417	1.0000	0.7713	0.0000	4.4508
1418	1.0000	0.7762	0.0000	4.4551
1419	1.0000	0.7800	0.0000	4.4574
1420	1.0000	0.7771	0.0000	4.4613
1421	1.0000	0.7867	0.0000	4.4627
1422	1.0000	0.7946	0.0000	4.4650
1423	1.0000	0.8356	0.0000	4.4682
1424	1.0000	0.8049	0.0000	4.4723
1425	1.0000	0.7732	0.0000	4.4761
1426	1.0000	0.7904	0.0000	4.4791
1427	1.0000	0.7930	0.0000	4.4825
1428	1.0000	0.8381	0.0000	4.4861
1429	1.0000	0.8050	0.0000	4.4874
1430	1.0000	0.8353	0.0000	4.4905
1431	1.0000	0.8196	0.0000	4.4935
1432	1.0000	0.8093	0.0000	4.4970
1433	1.0000	0.7854	0.0000	4.5016
1434	1.0000	0.8433	0.0000	4.5079
1435	1.0000	0.8326	0.0000	4.5131
1436	1.0000	0.8108	0.0000	4.5180
1437	1.0000	0.8375	0.0000	4.5225
1438	1.0000	0.8145	0.0000	4.5253
1439	1.0000	0.8117	0.0000	4.5292
1440	1.0000	0.8183	0.0000	4.5330
1441	1.0000	0.7792	0.0000	4.5375
1442	1.0000	0.7835	0.0000	4.5391
1443	1.0000	0.7369	0.0000	4.5412
1444	1.0000	0.7738	0.0000	4.5433
1445	1.0000	0.7728	0.0000	4.5472
1446	1.0000	0.7655	0.0000	4.5512
1447	1.0000	0.7905	0.0000	4.5543
1448	1.0000	0.7706	0.0000	4.5593
1449	1.0000	0.7602	0.0000	4.5626
1450	1.0000	0.8247	0.0000	4.5658
1451	1.0000	0.8010	0.0000	4.5699
1452	1.0000	0.8192	0.0000	4.5730
1453	1.0000	0.8032	0.0000	4.5755
1454	1.0000	0.8092	0.0000	4.5787
1455	1.0000	0.8322	0.0000	4.5851
1456	1.0000	0.8161	0.0000	4.5893
1457	1.0000	0.8295	0.0000	4.5959
1458	1.0000	0.8119	0.0000	4.6010
1459	1.0000	0.8123	0.0000	4.6029
1460	1.0000	0.8139	0.0000	4.6073
1461	1.0000	0.7885	0.0000	4.6141
1462	1.0000	0.7914	0.0000	4.6193
1463	1.0000	0.8066	0.0000	4.6212
1464	1.0000	0.8021	0.0000	4.6231
1465	1.0000	0.8114	0.0000	4.6250
1466	1.0000	0.8274	0.0000	4.6287
1467	1.0000	0.8643	0.0000	4.6324
1468	1.0000	0.8033	0.0000	4.6349
1469	1.0000	0.7907	0.0000	4.6405
1470	1.0000	0.8074	0.0000	4.6429
1471	1.0000	0.8233	0.0000	4.6458
1472	1.0000	0.8360	0.0000	4.6492
1473	1.0000	0.8217	0.0000	4.6522
1474	1.0000	0.8158	0.0000	4.6546
1475	1.0000	0.8525	0.0000	4.6570
1476	1.0000	0.8389	0.0000	4.6611
1477	1.0000	0.8050	0.0000	4.6645
1478	1.0000	0.7956	0.0000	4.6685
1479	1.0000	0.7391	0.0000	4.6727
1480	1.0000	0.8025	0.0000	4.6746
1481	1.0000	0.8146	0.0000	4.6797
1482	1.0000	0.8034	0.0000	4.6843
1483	1.0000	0.8104	0.0000	4.6873
1484	1.0000	0.7637	0.0000	4.6903
1485	1.0000	0.7888	0.0000	4.6923
1486	1.0000	0.8077	0.0000	4.6950
1487	1.0000	0.8063	0.0000	4.6986
1488	1.0000	0.8585	0.0000	4.7019
1489	1.0000	0.8189	0.0000	4.7043
1490	1.0000	0.8440	0.0000	4.7096
1491	1.0000	0.8285	0.0000	4.7132
1492	1.0000	0.8412	0.0000	4.7163
1493	1.0000	0.8449	0.0000	4.7203
1494	1.0000	0.8403	0.0000	4.7228
1495	1.0000	0.8241	0.0000	4.7251
1496	1.0000	0.8339	0.0000	4.7279
1497	1.0000	0.8262	0.0000	4.7320
1498	1.0000	0.8467	0.0000	4.7367
1499	1.0000	0.8417	0.0000	4.7439
1500	1.0000	0.7624	0.0000	4.7481
1501	1.0000	0.7705	0.0000	4.7505
1502	1.0000	0.7468	0.0000	4.7559
1503	1.0000	0.7669	0.0000	4.7597
1504	1.0000	0.7276	0.0000	4.7626
1505	1.0000	0.7981	0.0000	4.7657
1506	1.0000	0.7813	0.0000	4.7670
1507	1.0000	0.8403	0.0000	4.7703
1508	1.0000	0.8399	0.0000	4.7736
1509	1.0000	0.8197	0.0000	4.7766
1510	1.0000	0.7974	0.0000	4.7789
1511	1.0000	0.7592	0.0000	4.7855
1512	1.0000	0.7925	0.0000	4.7875
1513	1.0000	0.8030	0.0000	4.7895
1514	1.0000	0.7889	0.0000	4.7919
1515	1.0000	0.8345	0.0000	4.7944
1516	1.0000	0.8658	0.0000	4.7962
1517	1.0000	0.8283	0.0000	4.7998
1518	1.0000	0.8327	0.0000	4.8038
1519	1.0000	0.8520	0.0000	4.8072
1520	1.0000	0.8283	0.0000	4.8136
1521	1.0000	0.7818	0.0000	4.8193
1522	1.0000	0.8436	0.0000	4.8215
1523	1.0000	0.8359	0.0000	4.8277
1524	1.0000	0.8541	0.0000	4.8315
1525	1.0000	0.8243	0.0000	4.8333
1526	1.0000	0.8603	0.0000	4.8356
1527	1.0000	0.8343	0.0000	4.8378
1528	1.0000	0.8111	0.0000	4.8402
1529	1.0000	0.8417	0.0000	4.8436
1530	1.0000	0.8186	0.0000	4.8469
1531	1.0000	0.8582	0.0000	4.8496
1532	1.0000	0.8674	0.0000	4.8552
1533	1.0000	0.8610	0.0000	4.8574
1534	1.0000	0.8714	0.0000	4.8595
1535	1.0000	0.8585	0.0000	4.8623
1536	1.0000	0.8698	0.0000	4.8633
1537	1.0000	0.8755	0.0000	4.8655
1538	1.0000	0.8522	0.0000	4.8687
1539	1.0000	0.8508	0.0000	4.8732
1540	1.0000	0.8298	0.0000	4.8765
1541	1.0000	0.8569	0.0000	4.8833
1542	1.0000	0.8301	0.0000	4.8890
1543	1.0000	0.7846	0.0000	4.8912
1544	1.0000	0.8140	0.0000	4.8975
1545	1.0000	0.8117	0.0000	4.9008
1546	1.0000	0.8159	0.0000	4.9029
1547	1.0000	0.7872	0.0000	4.9075
1548	1.0000	0.7765	0.0000	4.9095
1549	1.0000	0.7513	0.0000	4.9114
1550	1.0000	0.7515	0.0000	4.9133
1551	1.0000	0.8025	0.0000	4.9155
1552	1.0000	0.7731	0.0000	4.9181
1553	1.0000	0.7959	0.0000	4.9232
1554	1.0000	0.7860	0.0000	4.9269
1555	1.0000	0.7862	0.0000	4.9292
1556	1.0000	0.8411	0.0000	4.9325
1557	1.0000	0.8030	0.0000	4.9334
1558	1.0000	0.8539	0.0000	4.9350
1559	1.0000	0.8555	0.0000	4.9373
1560	1.0000	0.8332	0.0000	4.9414
1561	1.0000	0.8320	0.0000	4.9453
1562	1.0000	0.8445	0.0000	4.9522
1563	1.0000	0.8334	0.0000	4.9572
1564	1.0000	0.8099	0.0000	4.9593
1565	1.0000	0.8559	0.0000	4.9648
1566	1.0000	0.8289	0.0000	4.9679
1567	1.0000	0.8222	0.0000	4.9717
1568	1.0000	0.8130	0.0000	4.9748
1569	1.0000	0.8144	0.0000	4.9778
1570	1.0000	0.8157	0.0000	4.9804
1571	1.0000	0.8012	0.0000	4.9840
1572	1.0000	0.8041	0.0000	4.9864
1573	1.0000	0.8304	0.0000	4.9884
1574	1.0000	0.8330	0.0000	4.9932
1575	1.0000	0.8282	0.0000	4.9969
1576	1.0000	0.8251	0.0000	4.9993
1577	1.0000	0.8352	0.0000	5.0019
1578	1.0000	0.8327	0.0000	5.0033
1579	1.0000	0.8504	0.0000	5.0047
1580	1.0000	0.8576	0.0000	5.0066
1581	1.0000	0.8721	0.0000	5.0109
1582	1.0000	0.8560	0.0000	5.0144
1583	1.0000	0.8320	0.0000	5.0191
1584	1.0000	0.8293	0.0000	5.0223
1585	1.0000	0.8125	0.0000	5.0243
1586	1.0000	0.8176	0.0000	5.0294
1587	1.0000	0.8151	0.0000	5.0335
1588	1.0000	0.7966	0.0000	5.0382
1589	1.0000	0.8347	0.0000	5.0415
1590	1.0000	0.8268	0.0000	5.0460
1591	1.0000	0.8289	0.0000	5.0488
1592	1.0000	0.8415	0.0000	5.0520
1593	1.0000	0.8389	0.0000	5.0548
1594	1.0000	0.8167	0.0000	5.0575
1595	1.0000	0.8256	0.0000	5.0619
1596	1.0000	0.8019	0.0000	5.0651
1597	1.0000	0.8333	0.0000	5.0670
1598	1.0000	0.8221	0.0000	5.0699
1599	1.0000	0.8467	0.0000	5.0713
1600	1.0000	0.8559	0.0000	5.0727
1601	1.0000	0.8510	0.0000	5.0743
1602	1.0000	0.8811	0.0000	5.0775
1603	1.0000	0.8424	0.0000	5.0808
1604	1.0000	0.8188	0.0000	5.0846
1605	1.0000	0.8241	0.0000	5.0885
1606	1.0000	0.8532	0.0000	5.0912
1607	1.0000	0.8471	0.0000	5.0971
1608	1.0000	0.8190	0.0000	5.0996
1609	1.0000	0.7857	0.0000	5.1052
1610	1.0000	0.8213	0.0000	5.1085
1611	1.0000	0.8277	0.0000	5.1122
1612	1.0000	0.8162	0.0000	5.1141
1613	1.0000	0.8149	0.0000	5.1155
1614	1.0000	0.8673	0.0000	5.1170
1615	1.0000	0.8474	0.0000	5.1194
1616	1.0000	0.8684	0.0000	5.1230
1617	1.0000	0.8506	0.0000	5.1266
1618	1.0000	0.8197	0.0000	5.1293
1619	1.0000	0.8318	0.0000	5.1320
1620	1.0000	0.8446	0.0000	5.1341
1621	1.0000	0.8574	0.0000	5.1362
1622	1.0000	0.8762	0.0000	5.1388
1623	1.0000	0.8755	0.0000	5.1429
1624	1.0000	0.8331	0.0000	5.1471
1625	1.0000	0.8413	0.0000	5.1504
1626	1.0000	0.8547	0.0000	5.1530
1627	1.0000	0.8468	0.0000	5.1557
1628	1.0000	0.8315	0.0000	5.1601
1629	1.0000	0.8595	0.0000	5.1632
1630	1.0000	0.8544	0.0000	5.1681
1631	1.0000	0.8048	0.0000	5.1718
1632	1.0000	0.7932	0.0000	5.1772
1633	1.0000	0.7588	0.0000	5.1790
1634	1.0000	0.7784	0.0000	5.1826
1635	1.0000	0.7920	0.0000	5.1846
1636	1.0000	0.8033	0.0000	5.1864
1637	1.0000	0.7977	0.0000	5.1904
1638	1.0000	0.8019	0.0000	5.1940
1639	1.0000	0.7926	0.0000	5.1966
1640	1.0000	0.8275	0.0000	5.1996
1641	1.0000	0.8042	0.0000	5.2015
1642	1.0000	0.8086	0.0000	5.2029
1643	1.0000	0.8190	0.0000	5.2047
1644	1.0000	0.8253	0.0000	5.2086
1645	1.0000	0.7879	0.0000	5.2120
1646	1.0000	0.7895	0.0000	5.2153
1647	1.0000	0.8122	0.0000	5.2183
1648	1.0000	0.8113	0.0000	5.2202
1649	1.0000	0.8297	0.0000	5.2242
1650	1.0000	0.8450	0.0000	5.2291
1651	1.0000	0.7955	0.0000	5.2344
1652	1.0000	0.8209	0.0000	5.2395
1653	1.0000	0.8031	0.0000	5.2450
1654	1.0000	0.7931	0.0000	5.2477
1655	1.0000	0.7803	0.0000	5.2521
1656	1.0000	0.8106	0.0000	5.2540
1657	1.0000	0.7967	0.0000	5.2565
1658	1.0000	0.8149	0.0000	5.2603
1659	1.0000	0.7974	0.0000	5.2636
1660	1.0000	0.7852	0.0000	5.2661
1661	1.0000	0.8065	0.0000	5.2693
1662	1.0000	0.8336	0.0000	5.2719
1663	1.0000	0.7995	0.0000	5.2732
1664	1.0000	0.8408	0.0000	5.2772
1665	1.0000	0.8190	0.0000	5.2827
1666	1.0000	0.8025	0.0000	5.2872
1667	1.0000	0.8232	0.0000	5.2916
1668	1.0000	0.7725	0.0000	5.2944
1669	1.0000	0.7770	0.0000	5.2975
1670	1.0000	0.7939	0.0000	5.3029
1671	1.0000	0.8052	0.0000	5.3073
1672	1.0000	0.8257	0.0000	5.3135
1673	1.0000	0.8455	0.0000	5.3194
1674	1.0000	0.8432	0.0000	5.3270
1675	1.0000	0.7649	0.0000	5.3288
1676	1.0000	0.7965	0.0000	5.3324
1677	1.0000	0.7963	0.0000	5.3341
1678	1.0000	0.8152	0.0000	5.3371
1679	1.0000	0.8285	0.0000	5.3413
1680	1.0000	0.7943	0.0000	5.3451
1681	1.0000	0.7979	0.0000	5.3490
1682	1.0000	0.8079	0.0000	5.3556
1683	1.0000	0.8072	0.0000	5.3582
1684	1.0000	0.7940	0.0000	5.3613
1685	1.0000	0.8218	0.0000	5.3648
1686	1.0000	0.7839	0.0000	5.3705
1687	1.0000	0.7713	0.0000	5.3742
1688	1.0000	0.7798	0.0000	5.3798
1689	1.0000	0.7360	0.0000	5.3839
1690	1.0000	0.8091	0.0000	5.3861
1691	1.0000	0.7796	0.0000	5.3909
1692	1.0000	0.8118	0.0000	5.3970
1693	1.0000	0.7830	0.0000	5.4034
1694	1.0000	0.7908	0.0000	5.4083
1695	1.0000	0.7773	0.0000	5.4152
1696	1.0000	0.8228	0.0000	5.4160
1697	1.0000	0.7976	0.0000	5.4193
1698	1.0000	0.8316	0.0000	5.4208
1699	1.0000	0.8316	0.0000	5.4229
1700	1.0000	0.8492	0.0000	5.4264
1701	1.0000	0.8260	0.0000	5.4307
1702	1.0000	0.8252	0.0000	5.4336
1703	1.0000	0.8401	0.0000	5.4374
1704	1.0000	0.8300	0.0000	5.4395
1705	1.0000	0.8473	0.0000	5.4409
1706	1.0000	0.8151	0.0000	5.4442
1707	1.0000	0.8309	0.0000	5.4494
1708	1.0000	0.8021	0.0000	5.4532
1709	1.0000	0.8295	0.0000	5.4587
1710	1.0000	0.8334	0.0000	5.4629
1711	1.0000	0.8276	0.0000	5.4662
1712	1.0000	0.8447	0.0000	5.4741
1713	1.0000	0.7960	0.0000	5.4787
1714	1.0000	0.8308	0.0000	5.4831
1715	1.0000	0.8017	0.0000	5.4886
1716	1.0000	0.7808	0.0000	5.4953
1717	1.0000	0.7604	0.0000	5.4963
1718	1.0000	0.7918	0.0000	5.4995
1719	1.0000	0.8184	0.0000	5.5011
1720	1.0000	0.8161	0.0000	5.5042
1721	1.0000	0.8322	0.0000	5.5076
1722	1.0000	0.8467	0.0000	5.5106
1723	1.0000	0.8442	0.0000	5.5147
1724	1.0000	0.8097	0.0000	5.5191
1725	1.0000	0.7923	0.0000	5.5215
1726	1.0000	0.8305	0.0000	5.5230
1727	1.0000	0.8469	0.0000	5.5270
1728	1.0000	0.8560	0.0000	5.5310
1729	1.0000	0.8801	0.0000	5.5343
1730	1.0000	0.8417	0.0000	5.5385
1731	1.0000	0.8011	0.0000	5.5426
1732	1.0000	0.8083	0.0000	5.5441
1733	1.0000	0.8461	0.0000	5.5485
1734	1.0000	0.8446	0.0000	5.5530
1735	1.0000	0.8571	0.0000	5.5600
1736	1.0000	0.8067	0.0000	5.5663
1737	1.0000	0.8284	0.0000	5.5713
1738	1.0000	0.8267	0.0000	5.5750
1739	1.0000	0.8409	0.0000	5.5800
1740	1.0000	0.8158	0.0000	5.5826
1741	1.0000	0.8395	0.0000	5.5856
1742	1.0000	0.8238	0.0000	5.5883
1743	1.0000	0.8801	0.0000	5.5915
1744	1.0000	0.8592	0.0000	5.5948
1745	1.0000	0.8459	0.0000	5.5997
1746	1.0000	0.8487	0.0000	5.6030
1747	1.0000	0.8548	0.0000	5.6045
1748	1.0000	0.8840	0.0000	5.6105
1749	1.0000	0.8164	0.0000	5.6142
1750	1.0000	0.8245	0.0000	5.6174
1751	1.0000	0.8411	0.0000	5.6206
1752	1.0000	0.8476	0.0000	5.6241
1753	1.0000	0.8426	0.0000	5.6263
1754	1.0000	0.8230	0.0000	5.6310
1755	1.0000	0.7938	0.0000	5.6357
1756	1.0000	0.8141	0.0000	5.6406
1757	1.0000	0.7933	0.0000	5.6446
1758	1.0000	0.8321	0.0000	5.6486
1759	1.0000	0.8255	0.0000	5.6515
1760	1.0000	0.8189	0.0000	5.6536
1761	1.0000	0.8214	0.0000	5.6558
1762	1.0000	0.8135	0.0000	5.6582
1763	1.0000	0.8348	0.0000	5.6611
1764	1.0000	0.8328	0.0000	5.6653
1765	1.0000	0.8032	0.0000	5.6688
1766	1.0000	0.7771	0.0000	5.6733
1767	1.0000	0.7684	0.0000	5.6762
1768	1.0000	0.8212	0.0000	5.6784
1769	1.0000	0.8221	0.0000	5.6833
1770	1.0000	0.8272	0.0000	5.6861
1771	1.0000	0.8473	0.0000	5.6911
1772	1.0000	0.8211	0.0000	5.6947
1773	1.0000	0.8079	0.0000	5.6977
1774	1.0000	0.8091	0.0000	5.6992
1775	1.0000	0.8179	0.0000	5.7034
1776	1.0000	0.8340	0.0000	5.7083
1777	1.0000	0.8390	0.0000	5.7149
1778	1.0000	0.8226	0.0000	5.7186
1779	1.0000	0.7806	0.0000	5.7245
1780	1.0000	0.8527	0.0000	5.7272
1781	1.0000	0.8047	0.0000	5.7298
1782	1.0000	0.8173	0.0000	5.7312
1783	1.0000	0.8188	0.0000	5.7338
1784	1.0000	0.8318	0.0000	5.7378
1785	1.0000	0.8355	0.0000	5.7424
1786	1.0000	0.8193	0.0000	5.7460
1787	1.0000	0.8207	0.0000	5.7498
1788	1.0000	0.8180	0.0000	5.7519
1789	1.0000	0.8417	0.0000	5.7533
1790	1.0000	0.8188	0.0000	5.7571
1791	1.0000	0.8371	0.0000	5.7598
1792	1.0000	0.8643	0.0000	5.7649
1793	1.0000	0.8163	0.0000	5.7689
1794	1.0000	0.8198	0.0000	5.7717
1795	1.0000	0.8550	0.0000	5.7737
1796	1.0000	0.8276	0.0000	5.7785
1797	1.0000	0.8196	0.0000	5.7840
1798	1.0000	0.8182	0.0000	5.7887
1799	1.0000	0.8581	0.0000	5.7922
1800	1.0000	0.7945	0.0000	5.7966
1801	1.0000	0.8516	0.0000	5.7983
1802	1.0000	0.8310	0.0000	5.8014
1803	1.0000	0.8513	0.0000	5.8029
1804	1.0000	0.8551	0.0000	5.8044
1805	1.0000	0.8723	0.0000	5.8083
1806	1.0000	0.8347	0.0000	5.8133
1807	1.0000	0.8377	0.0000	5.8170
1808	1.0000	0.7753	0.0000	5.8197
1809	1.0000	0.8355	0.0000	5.8228
1810	1.0000	0.8446	0.0000	5.8247
1811	1.0000	0.8470	0.0000	5.8292
1812	1.0000	0.8385	0.0000	5.8334
1813	1.0000	0.8218	0.0000	5.8390
1814	1.0000	0.7930	0.0000	5.8443
1815	1.0000	0.7837	0.0000	5.8462
1816	1.0000	0.7891	0.0000	5.8484
1817	1.0000	0.7917	0.0000	5.8546
1818	1.0000	0.7333	0.0000	5.8598
1819	1.0000	0.8234	0.0000	5.8638
1820	1.0000	0.8224	0.0000	5.8678
1821	1.0000	0.7625	0.0000	5.8705
1822	1.0000	0.8184	0.0000	5.8719
1823	1.0000	0.8276	0.0000	5.8760
1824	1.0000	0.8225	0.0000	5.8775
1825	1.0000	0.8320	0.0000	5.8795
1826	1.0000	0.7909	0.0000	5.8827
1827	1.0000	0.8072	0.0000	5.8874
1828	1.0000	0.7918	0.0000	5.8895
1829	1.0000	0.8217	0.0000	5.8927
1830	1.0000	0.8187	0.0000	5.8974
1831	1.0000	0.7778	0.0000	5.8989
1832	1.0000	0.7856	0.0000	5.9034
1833	1.0000	0.7787	0.0000	5.9067
1834	1.0000	0.8313	0.0000	5.9127
1835	1.0000	0.7906	0.0000	5.9184
1836	1.0000	0.8169	0.0000	5.9203
1837	1.0000	0.7694	0.0000	5.9235
1838	1.0000	0.7877	0.0000	5.9291
1839	1.0000	0.7948	0.0000	5.9344
1840	1.0000	0.7815	0.0000	5.9384
1841	1.0000	0.7953	0.0000	5.9431
1842	1.0000	0.7912	0.0000	5.9462
1843	1.0000	0.7992	0.0000	5.9483
1844	1.0000	0.7971	0.0000	5.9526
1845	1.0000	0.7713	0.0000	5.9540
1846	1.0000	0.8258	0.0000	5.9568
1847	1.0000	0.8244	0.0000	5.9603
1848	1.0000	0.8154	0.0000	5.9652
1849	1.0000	0.8314	0.0000	5.9669
1850	1.0000	0.8285	0.0000	5.9706
1851	1.0000	0.8341	0.0000	5.9750
1852	1.0000	0.8382	0.0000	5.9773
1853	1.0000	0.8278	0.0000	5.9834
1854	1.0000	0.8318	0.0000	5.9894
1855	1.0000	0.8518	0.0000	5.9984
1856	1.0000	0.8485	0.0000	6.0045
1857	1.0000	0.7914	0.0000	6.0073
1858	1.0000	0.7802	0.0000	6.0109
1859	1.0000	0.8382	0.0000	6.0156
1860	1.0000	0.8184	0.0000	6.0209
1861	1.0000	0.7825	0.0000	6.0251
1862	1.0000	0.8224	0.0000	6.0278
1863	1.0000	0.8004	0.0000	6.0317
1864	1.0000	0.7759	0.0000	6.0336
1865	1.0000	0.8011	0.0000	6.0396
1866	1.0000	0.7775	0.0000	6.0414
1867	1.0000	0.8121	0.0000	6.0454
1868	1.0000	0.7793	0.0000	6.0516
1869	1.0000	0.7939	0.0000	6.0569
1870	1.0000	0.7319	0.0000	6.0592
1871	1.0000	0.7746	0.0000	6.0624
1872	1.0000	0.8288	0.0000	6.0662
1873	1.0000	0.8497	0.0000	6.0686
1874	1.0000	0.8265	0.0000	6.0740
1875	1.0000	0.8635	0.0000	6.0777
1876	1.0000	0.8225	0.0000	6.0849
1877	1.0000	0.8326	0.0000	6.0928
1878	1.0000	0.7841	0.0000	6.0972
1879	1.0000	0.7883	0.0000	6.1017
1880	1.0000	0.8046	0.0000	6.1069
1881	1.0000	0.8026	0.0000	6.1149
1882	1.0000	0.8192	0.0000	6.1192
1883	1.0000	0.8111	0.0000	6.1214
1884	1.0000	0.8306	0.0000	6.1256
1885	1.0000	0.8153	0.0000	6.1285
1886	1.0000	0.8514	0.0000	6.1334
1887	1.0000	0.8163	0.0000	6.1357
1888	1.0000	0.8076	0.0000	6.1380
1889	1.0000	0.8446	0.0000	6.1409
1890	1.0000	0.8068	0.0000	6.1465
1891	1.0000	0.7970	0.0000	6.1474
1892	1.0000	0.7914	0.0000	6.1497
1893	1.0000	0.8534	0.0000	6.1536
1894	1.0000	0.7926	0.0000	6.1558
1895	1.0000	0.8417	0.0000	6.1630
1896	1.0000	0.8022	0.0000	6.1666
1897	1.0000	0.8112	0.0000	6.1734
1898	1.0000	0.7964	0.0000	6.1820
1899	1.0000	0.7719	0.0000	6.1851
1900	1.0000	0.8081	0.0000	6.1891
1901	1.0000	0.8056	0.0000	6.1930
1902	1.0000	0.8134	0.0000	6.2003
1903	1.0000	0.8101	0.0000	6.2052
1904	1.0000	0.8505	0.0000	6.2073
1905	1.0000	0.8036	0.0000	6.2138
1906	1.0000	0.7477	0.0000	6.2153
1907	1.0000	0.8013	0.0000	6.2195
1908	1.0000	0.7856	0.0000	6.2210
1909	1.0000	0.8043	0.0000	6.2238
1910	1.0000	0.7892	0.0000	6.2266
1911	1.0000	0.7699	0.0000	6.2341
1912	1.0000	0.8185	0.0000	6.2353
1913	1.0000	0.7976	0.0000	6.2376
1914	1.0000	0.8277	0.0000	6.2414
1915	1.0000	0.8430	0.0000	6.2441
1916	1.0000	0.8259	0.0000	6.2501
1917	1.0000	0.8380	0.0000	6.2535
1918	1.0000	0.8170	0.0000	6.2590
1919	1.0000	0.8022	0.0000	6.2655
1920	1.0000	0.8047	0.0000	6.2690
1921	1.0000	0.7881	0.0000	6.2729
1922	1.0000	0.7896	0.0000	6.2776
1923	1.0000	0.8217	0.0000	6.2838
1924	1.0000	0.8163	0.0000	6.2894
1925	1.0000	0.8180	0.0000	6.2916
1926	1.0000	0.8147	0.0000	6.2977
1927	1.0000	0.8067	0.0000	6.2994
1928	1.0000	0.8096	0.0000	6.3032
1929	1.0000	0.7987	0.0000	6.3054
1930	1.0000	0.8235	0.0000	6.3085
1931	1.0000	0.8011	0.0000	6.3113
1932	1.0000	0.7200	0.0000	6.3166
1933	1.0000	0.7652	0.0000	6.3182
1934	1.0000	0.8429	0.0000	6.3208
1935	1.0000	0.7961	0.0000	6.3247
1936	1.0000	0.8110	0.0000	6.3277
1937	1.0000	0.7421	0.0000	6.3335
1938	1.0000	0.8185	0.0000	6.3366
1939	1.0000	0.7909	0.0000	6.3412
1940	1.0000	0.7502	0.0000	6.3473
1941	1.0000	0.7742	0.0000	6.3516
1942	1.0000	0.7692	0.0000	6.3564
1943	1.0000	0.7886	0.0000	6.3638
1944	1.0000	0.8208	0.0000	6.3706
1945	1.0000	0.7657	0.0000	6.3763
1946	1.0000	0.7712	0.0000	6.3787
1947	1.0000	0.7663	0.0000	6.3845
1948	1.0000	0.7775	0.0000	6.3876
1949	1.0000	0.7949	0.0000	6.3915
1950	1.0000	0.7961	0.0000	6.3946
1951	1.0000	0.8085	0.0000	6.3962
1952	1.0000	0.8313	0.0000	6.3992
1953	1.0000	0.8114	0.0000	6.4038
1954	1.0000	0.8286	0.0000	6.4047
1955	1.0000	0.8491	0.0000	6.4071
1956	1.0000	0.8488	0.0000	6.4110
1957	1.0000	0.8362	0.0000	6.4155
1958	1.0000	0.8709	0.0000	6.4208
1959	1.0000	0.8177	0.0000	6.4240
1960	1.0000	0.8301	0.0000	6.4302
1961	1.0000	0.8272	0.0000	6.4363
1962	1.0000	0.8388	0.0000	6.4401
1963	1.0000	0.8182	0.0000	6.4452
1964	1.0000	0.8387	0.0000	6.4501
1965	1.0000	0.8189	0.0000	6.4565
1966	1.0000	0.7536	0.0000	6.4614
1967	1.0000	0.8072	0.0000	6.4656
1968	1.0000	0.7638	0.0000	6.4713
1969	1.0000	0.7334	0.0000	6.4735
1970	1.0000	0.7612	0.0000	6.4771
1971	1.0000	0.7962	0.0000	6.4800
1972	1.0000	0.8026	0.0000	6.4843
1973	1.0000	0.7812	0.0000	6.4886
1974	1.0000	0.7856	0.0000	6.4930
1975	1.0000	0.7604	0.0000	6.4939
1976	1.0000	0.7899	0.0000	6.4955
1977	1.0000	0.8153	0.0000	6.4997
1978	1.0000	0.8217	0.0000	6.5041
1979	1.0000	0.7756	0.0000	6.5099
1980	1.0000	0.8122	0.0000	6.5126
1981	1.0000	0.8073	0.0000	6.5179
1982	1.0000	0.7953	0.0000	6.5234
1983	1.0000	0.8203	0.0000	6.5263
1984	1.0000	0.7943	0.0000	6.5324
1985	1.0000	0.8203	0.0000	6.5380
1986	1.0000	0.7622	0.0000	6.5449
1987	1.0000	0.7721	0.0000	6.5513
1988	1.0000	0.7551	0.0000	6.5582
1989	1.0000	0.8002	0.0000	6.5671
1990	1.0000	0.7168	0.0000	6.5719
1991	1.0000	0.7001	0.0000	6.5769
1992	1.0000	0.7398	0.0000	6.5816
1993	1.0000	0.7513	0.0000	6.5864
1994	1.0000	0.7241	0.0000	6.5879
1995	1.0000	0.7693	0.0000	6.5927
1996	1.0000	0.8083	0.0000	6.5934
1997	1.0000	0.8078	0.0000	6.5959
1998	1.0000	0.7941	0.0000	6.6013
1999	1.0000	0.8127	0.0000	6.6046
2000	1.0000	0.7948	0.0000	6.6100
2001	1.0000	0.7983	0.0000	6.6132
2002	1.0000	0.7786	0.0000	6.6191
2003	1.0000	0.7823	0.0000	6.6272
2004	1.0000	0.7611	0.0000	6.6300
2005	1.0000	0.7862	0.0000	6.6348
2006	1.0000	0.7961	0.0000	6.6394
2007	1.0000	0.7912	0.0000	6.6450
2008	1.0000	0.7801	0.0000	6.6498
2009	1.0000	0.8215	0.0000	6.6541
2010	1.0000	0.8036	0.0000	6.6599
2011	1.0000	0.8026	0.0000	6.6634
2012	1.0000	0.7937	0.0000	6.6670
2013	1.0000	0.8166	0.0000	6.6708
2014	1.0000	0.8024	0.0000	6.6765
2015	1.0000	0.7936	0.0000	6.6780
2016	1.0000	0.8052	0.0000	6.6831
2017	1.0000	0.8116	0.0000	6.6852
2018	1.0000	0.8099	0.0000	6.6873
2019	1.0000	0.8218	0.0000	6.6938
2020	1.0000	0.7763	0.0000	6.6965
2021	1.0000	0.8444	0.0000	6.7028
2022	1.0000	0.7733	0.0000	6.7057
2023	1.0000	0.8032	0.0000	6.7117
2024	1.0000	0.7752	0.0000	6.7178
2025	1.0000	0.8172	0.0000	6.7220
2026	1.0000	0.8162	0.0000	6.7271
2027	1.0000	0.8087	0.0000	6.7325
2028	1.0000	0.8506	0.0000	6.7389
2029	1.0000	0.8307	0.0000	6.7460
2030	1.0000	0.8010	0.0000	6.7521
2031	1.0000	0.7153	0.0000	6.7605
2032	1.0000	0.7575	0.0000	6.7646
2033	1.0000	0.7453	0.0000	6.7690
2034	1.0000	0.7795	0.0000	6.7737
2035	1.0000	0.7804	0.0000	6.7783
2036	1.0000	0.7918	0.0000	6.7798
2037	1.0000	0.7795	0.0000	6.7842
2038	1.0000	0.8063	0.0000	6.7858
2039	1.0000	0.8165	0.0000	6.7888
2040	1.0000	0.8139	0.0000	6.7951
2041	1.0000	0.8173	0.0000	6.7967
2042	1.0000	0.8425	0.0000	6.8026
2043	1.0000	0.7821	0.0000	6.8055
2044	1.0000	0.8224	0.0000	6.8114
2045	1.0000	0.8324	0.0000	6.8177
2046	1.0000	0.8026	0.0000	6.8212
2047	1.0000	0.8067	0.0000	6.8256
2048	1.0000	0.8138	0.0000	6.8289
2049	1.0000	0.8420	0.0000	6.8342
2050	1.0000	0.8518	0.0000	6.8386
2051	1.0000	0.7911	0.0000	6.8440
2052	1.0000	0.8417	0.0000	6.8488
2053	1.0000	0.8516	0.0000	6.8534
2054	1.0000	0.8032	0.0000	6.8572
2055	1.0000	0.7735	0.0000	6.8633
2056	1.0000	0.8306	0.0000	6.8672
2057	1.0000	0.8509	0.0000	6.8688
2058	1.0000	0.8212	0.0000	6.8735
2059	1.0000	0.8262	0.0000	6.8754
2060	1.0000	0.8216	0.0000	6.8793
2061	1.0000	0.8645	0.0000	6.8867
2062	1.0000	0.8183	0.0000	6.8897
2063	1.0000	0.8518	0.0000	6.9006
2064	1.0000	0.8251	0.0000	6.9097
2065	1.0000	0.8236	0.0000	6.9216
2066	1.0000	0.8122	0.0000	6.9335
2067	1.0000	0.7967	0.0000	6.9379
2068	1.0000	0.8379	0.0000	6.9483
2069	1.0000	0.7817	0.0000	6.9543
2070	1.0000	0.8338	0.0000	6.9647
2071	1.0000	0.7987	0.0000	6.9736
2072	1.0000	0.7930	0.0000	6.9861
2073	1.0000	0.7893	0.0000	6.9969
2074	1.0000	0.7845	0.0000	7.0046
2075	1.0000	0.7974	0.0000	7.0123
2076	1.0000	0.8330	0.0000	7.0184
2077	1.0000	0.8543	0.0000	7.0262
2078	1.0000	0.8243	0.0000	7.0292
2079	1.0000	0.8008	0.0000	7.0354
2080	1.0000	0.8358	0.0000	7.0385
2081	1.0000	0.8456	0.0000	7.0468
2082	1.0000	0.8169	0.0000	7.0538
2083	1.0000	0.8137	0.0000	7.0625
2084	1.0000	0.8292	0.0000	7.0782
2085	1.0000	0.8067	0.0000	7.0887
2086	1.0000	0.7790	0.0000	7.0993
2087	1.0000	0.8007	0.0000	7.1129
2088	1.0000	0.7813	0.0000	7.1161
2089	1.0000	0.8315	0.0000	7.1260
2090	1.0000	0.7875	0.0000	7.1325
2091	1.0000	0.7819	0.0000	7.1424
2092	1.0000	0.8283	0.0000	7.1539
2093	1.0000	0.7765	0.0000	7.1654
2094	1.0000	0.7795	0.0000	7.1800
2095	1.0000	0.7742	0.0000	7.1878
2096	1.0000	0.7864	0.0000	7.1940
2097	1.0000	0.8151	0.0000	7.1970
2098	1.0000	0.8177	0.0000	7.2047
2099	1.0000	0.8443	0.0000	7.2078
2100	1.0000	0.7895	0.0000	7.2140
2101	1.0000	0.8447	0.0000	7.2186
2102	1.0000	0.8798	0.0000	7.2279
2103	1.0000	0.8028	0.0000	7.2341
2104	1.0000	0.7988	0.0000	7.2449
2105	1.0000	0.8150	0.0000	7.2569
2106	1.0000	0.7539	0.0000	7.2675
2107	1.0000	0.7769	0.0000	7.2811
2108	1.0000	0.7599	0.0000	7.2946
2109	1.0000	0.8029	0.0000	7.3006
2110	1.0000	0.7652	0.0000	7.3112
2111	1.0000	0.7969	0.0000	7.3159
2112	1.0000	0.7630	0.0000	7.3268
2113	1.0000	0.7789	0.0000	7.3394
2114	1.0000	0.7522	0.0000	7.3471
2115	1.0000	0.7273	0.0000	7.3541
2116	1.0000	0.7903	0.0000	7.3582
2117	1.0000	0.7966	0.0000	7.3636
2118	1.0000	0.7346	0.0000	7.3659
2119	1.0000	0.7697	0.0000	7.3727
2120	1.0000	0.7417	0.0000	7.3756
2121	1.0000	0.7978	0.0000	7.3785
2122	1.0000	0.8118	0.0000	7.3809
2123	1.0000	0.7998	0.0000	7.3842
2124	1.0000	0.8167	0.0000	7.3869
2125	1.0000	0.8131	0.0000	7.3929
2126	1.0000	0.8165	0.0000	7.3986
2127	1.0000	0.7995	0.0000	7.4035
2128	1.0000	0.8046	0.0000	7.4104
2129	1.0000	0.7966	0.0000	7.4182
2130	1.0000	0.7686	0.0000	7.4204
2131	1.0000	0.7716	0.0000	7.4247
Pos: [7.706280961375389, 7.706280631040577, 7.706276951449211]

=================================================================================================================