ID: 63b2f52e-5246-4102-8418-1370cba409cc	Date: 2018-05-02 01:47:56	Runs: 10
=================================================================================================================
Run: 0
Iter	Gbest	AvrFit	Diver	ETime	
0	196.6099	33.3665	1.0000	1.0281
1	196.6099	88.7341	1.0000	1.7717
2	199.6936	129.3008	0.9610	2.5918
3	199.6936	142.6574	0.9174	3.2835
4	199.6936	157.0170	0.9555	3.9976
5	199.6936	161.5381	0.8681	4.6842
6	199.6936	172.5660	0.8594	5.4281
7	199.6936	176.4504	0.8417	6.1667
8	199.6936	176.4878	0.8422	6.8717
9	199.6936	180.6137	0.8101	7.5798
10	199.6936	186.5799	0.8116	8.3444
11	199.9478	190.0341	0.7979	9.0654
12	199.9478	193.8855	0.8148	9.8028
13	199.9478	195.2895	0.8249	10.5262
14	199.9478	195.8725	0.7498	11.2822
15	199.9601	196.2690	0.7989	11.9679
16	199.9601	196.6375	0.8042	12.7046
17	199.9601	197.6611	0.8714	13.4215
18	199.9601	197.8774	0.8630	14.0848
19	199.9601	197.8795	0.8627	14.7476
20	199.9601	198.3000	0.8248	15.4378
21	199.9601	198.5264	0.6978	16.1300
22	199.9601	198.7298	0.6679	16.8087
23	199.9601	198.8748	0.6685	17.5459
24	199.9813	198.9998	0.6659	18.2266
25	199.9813	199.0477	0.6606	18.9033
26	199.9813	199.1525	0.7353	19.6006
27	199.9813	199.2095	0.7368	20.2806
28	199.9813	199.3450	0.6990	20.9668
29	199.9872	199.4338	0.6252	21.6799
30	199.9872	199.5704	0.5521	22.3627
31	199.9872	199.5704	0.5521	23.1142
32	199.9872	199.7177	0.5856	23.8171
33	199.9872	199.7299	0.5846	24.5049
34	199.9872	199.8977	0.4941	25.1977
35	199.9872	199.9100	0.5670	25.9268
36	199.9999	199.9343	0.5426	26.6433
37	199.9999	199.9371	0.5407	27.4186
38	199.9999	199.9440	0.5413	28.1432
39	199.9999	199.9635	0.3405	28.8329
40	199.9999	199.9742	0.3418	29.5665
41	199.9999	199.9770	0.3395	30.2870
42	199.9999	199.9809	0.3394	30.9918
43	199.9999	199.9841	0.3364	31.6985
44	199.9999	199.9852	0.3359	32.3954
45	199.9999	199.9866	0.3352	33.0904
46	199.9999	199.9875	0.3348	33.8092
47	199.9999	199.9899	0.3343	34.4906
48	199.9999	199.9912	0.3341	35.2383
49	199.9999	199.9913	0.3342	36.0396
50	199.9999	199.9921	0.3338	36.7479
51	199.9999	199.9925	0.3338	37.4975
52	199.9999	199.9931	0.3336	38.1768
53	199.9999	199.9934	0.3336	38.8565
54	199.9999	199.9936	0.3346	39.5765
55	199.9999	199.9942	0.4158	40.2822
56	200.0000	199.9977	0.4152	40.9873
57	200.0000	199.9979	0.4969	41.6908
58	200.0000	199.9980	0.4969	42.3708
59	200.0000	199.9980	0.4968	43.0539
60	200.0000	199.9981	0.4556	43.7443
61	200.0000	199.9983	0.4554	44.5533
62	200.0000	199.9986	0.4556	45.2576
63	200.0000	199.9993	0.4550	45.9814
64	200.0000	199.9994	0.4550	46.7041
65	200.0000	199.9994	0.4962	47.3893
66	200.0000	199.9995	0.4963	48.0845
67	200.0000	199.9996	0.4964	48.7652
68	200.0000	199.9997	0.4964	49.4707
69	200.0000	199.9997	0.4140	50.1525
70	200.0000	199.9997	0.4141	50.8289
71	200.0000	199.9997	0.4140	51.5213
72	200.0000	199.9998	0.4962	52.2017
73	200.0000	199.9998	0.4961	52.8791
74	200.0000	199.9998	0.4134	53.5913
75	200.0000	199.9998	0.3309	54.3079
76	200.0000	199.9999	0.3309	55.0060
77	200.0000	199.9999	0.3309	55.6815
78	200.0000	199.9999	0.3308	56.4065
79	200.0000	199.9999	0.2484	57.1074
80	200.0000	200.0000	0.2482	57.8334
81	200.0000	200.0000	0.1656	58.5284
82	200.0000	200.0000	0.1655	59.2127
83	200.0000	200.0000	0.1655	59.8979
84	200.0000	200.0000	0.1655	60.6666
85	200.0000	200.0000	0.1655	61.4319
86	200.0000	200.0000	0.0828	62.1321
87	200.0000	200.0000	0.0828	62.8586
88	200.0000	200.0000	0.0828	63.5471
89	200.0000	200.0000	0.0828	64.2591
90	200.0000	200.0000	0.0827	64.9502
91	200.0000	200.0000	0.0827	65.6712
92	200.0000	200.0000	0.0827	66.4239
93	200.0000	200.0000	0.0827	67.1070
94	200.0000	200.0000	0.0000	67.7898
95	200.0000	200.0000	0.0000	68.4762
96	200.0000	200.0000	0.0000	69.2194
97	200.0000	200.0000	0.0000	69.9074
98	200.0000	200.0000	0.0000	70.5872
99	200.0000	200.0000	0.0000	71.2824
100	200.0000	200.0000	0.0000	71.9647
101	200.0000	200.0000	0.0000	72.7112
102	200.0000	200.0000	0.0000	73.4322
103	200.0000	200.0000	0.0000	74.1274
104	200.0000	200.0000	0.0000	74.8336
105	200.0000	200.0000	0.0000	75.5217
106	200.0000	200.0000	0.0000	76.2138
107	200.0000	200.0000	0.0000	76.8905
108	200.0000	200.0000	0.0000	77.6951
109	200.0000	200.0000	0.0000	78.3918
110	200.0000	200.0000	0.0000	79.1073
111	200.0000	200.0000	0.0000	79.8221
112	200.0000	200.0000	0.0000	80.5209
113	200.0000	200.0000	0.0000	81.2380
114	200.0000	200.0000	0.0000	81.9340
115	200.0000	200.0000	0.0000	82.6430
116	200.0000	200.0000	0.0000	83.3538
117	200.0000	200.0000	0.0000	84.0375
118	200.0000	200.0000	0.0000	84.7235
119	200.0000	200.0000	0.0000	85.4590
120	200.0000	200.0000	0.0000	86.1819
121	200.0000	200.0000	0.0000	86.9124
122	200.0000	200.0000	0.0000	87.6153
123	200.0000	200.0000	0.0000	88.3214
124	200.0000	200.0000	0.0000	89.0279
125	200.0000	200.0000	0.0000	89.7624
126	200.0000	200.0000	0.0000	90.4779
127	200.0000	200.0000	0.0000	91.1717
128	200.0000	200.0000	0.0000	91.8591
129	200.0000	200.0000	0.0000	92.5672
130	200.0000	200.0000	0.0000	93.2858
131	200.0000	200.0000	0.0000	94.0764
132	200.0000	200.0000	0.0000	94.7990
133	200.0000	200.0000	0.0000	95.4864
134	200.0000	200.0000	0.0000	96.2179
135	200.0000	200.0000	0.0000	96.9276
136	200.0000	200.0000	0.0000	97.6524
137	200.0000	200.0000	0.0000	98.3474
138	200.0000	200.0000	0.0000	99.0608
139	200.0000	200.0000	0.0000	99.7620
140	200.0000	200.0000	0.0000	100.4667
141	200.0000	200.0000	0.0000	101.2194
142	200.0000	200.0000	0.0000	102.1476
143	200.0000	200.0000	0.0000	102.8750
144	200.0000	200.0000	0.0000	104.4450
145	200.0000	200.0000	0.0000	106.0433
146	200.0000	200.0000	0.0000	107.5554
147	200.0000	200.0000	0.0000	109.0434
148	200.0000	200.0000	0.0000	110.2474
149	200.0000	200.0000	0.0000	111.0387
150	200.0000	200.0000	0.0000	111.7446
151	200.0000	200.0000	0.0000	112.5021
152	200.0000	200.0000	0.0000	113.1966
153	200.0000	200.0000	0.0000	113.9135
154	200.0000	200.0000	0.0000	114.5983
155	200.0000	200.0000	0.0000	115.2804
156	200.0000	200.0000	0.0000	115.9801
157	200.0000	200.0000	0.0000	116.6725
158	200.0000	200.0000	0.0000	117.4030
159	200.0000	200.0000	0.0000	118.0897
160	200.0000	200.0000	0.0000	118.7980
161	200.0000	200.0000	0.0000	119.5498
162	200.0000	200.0000	0.0000	120.2633
163	200.0000	200.0000	0.0000	121.0628
164	200.0000	200.0000	0.0000	121.9072
165	200.0000	200.0000	0.0000	122.6163
166	200.0000	200.0000	0.0000	123.3771
167	200.0000	200.0000	0.0000	124.1047
168	200.0000	200.0000	0.0000	124.8071
169	200.0000	200.0000	0.0000	125.5240
170	200.0000	200.0000	0.0000	126.2305
171	200.0000	200.0000	0.0000	126.9577
172	200.0000	200.0000	0.0000	127.7020
173	200.0000	200.0000	0.0000	128.4111
174	200.0000	200.0000	0.0000	129.1206
175	200.0000	200.0000	0.0000	129.8428
176	200.0000	200.0000	0.0000	130.5947
177	200.0000	200.0000	0.0000	131.2842
178	200.0000	200.0000	0.0000	131.9776
179	200.0000	200.0000	0.0000	132.6871
180	200.0000	200.0000	0.0000	133.4400
181	200.0000	200.0000	0.0000	134.1515
182	200.0000	200.0000	0.0000	134.8419
183	200.0000	200.0000	0.0000	135.5269
184	200.0000	200.0000	0.0000	136.2190
185	200.0000	200.0000	0.0000	136.9271
186	200.0000	200.0000	0.0000	137.6739
187	200.0000	200.0000	0.0000	138.4270
188	200.0000	200.0000	0.0000	139.1444
189	200.0000	200.0000	0.0000	139.8449
190	200.0000	200.0000	0.0000	140.5525
191	200.0000	200.0000	0.0000	141.2759
192	200.0000	200.0000	0.0000	141.9888
193	200.0000	200.0000	0.0000	142.6916
194	200.0000	200.0000	0.0000	143.4207
195	200.0000	200.0000	0.0000	144.2182
196	200.0000	200.0000	0.0000	144.9337
197	200.0000	200.0000	0.0000	145.7984
198	200.0000	200.0000	0.0000	146.8043
199	200.0000	200.0000	0.0000	147.5143
Pos: [3.0000000080171265, 2.0000000192271163]

Run: 1
Iter	Gbest	AvrFit	Diver	ETime	
0	192.7955	-72.2321	1.0000	0.8564
1	192.7955	68.3814	0.8904	1.5657
2	192.7955	88.2270	0.8851	2.2707
3	199.3614	155.3840	0.9020	2.9745
4	199.3614	157.8415	0.8602	3.7277
5	199.9187	169.1005	0.8166	4.4296
6	199.9187	176.8438	0.7171	5.1355
7	199.9187	177.8643	0.7152	5.8324
8	199.9187	184.7861	0.6904	6.5670
9	199.9187	188.1295	0.6464	7.2334
10	199.9187	189.2730	0.6992	7.9460
11	199.9187	189.4037	0.6986	8.6496
12	199.9187	189.7597	0.6940	9.3384
13	199.9187	191.2927	0.7084	10.0386
14	199.9187	193.1069	0.7104	10.7667
15	199.9187	193.7116	0.7051	11.5769
16	199.9187	194.3679	0.7571	12.3172
17	199.9187	195.3644	0.7133	13.0031
18	199.9187	196.0763	0.7136	13.6900
19	199.9187	196.1298	0.7120	14.3752
20	199.9187	196.6049	0.7051	15.0583
21	199.9187	196.9589	0.6440	15.8501
22	199.9187	197.2794	0.6387	16.5532
23	199.9228	197.3805	0.6420	17.2613
24	199.9228	197.8873	0.5734	17.9594
25	199.9228	198.1546	0.5700	18.6579
26	199.9228	198.4670	0.5664	19.8150
27	199.9667	198.5051	0.5672	21.1627
28	199.9667	198.6137	0.6195	22.0885
29	199.9667	198.7108	0.6141	22.7556
30	199.9667	198.7108	0.6141	23.4621
31	199.9667	198.8205	0.6134	24.1425
32	199.9667	198.9818	0.6110	25.1758
33	199.9667	199.1341	0.5186	26.7317
34	199.9846	199.3519	0.5196	28.2636
35	199.9846	199.4190	0.5172	29.7291
36	199.9846	199.4213	0.5180	31.1849
37	199.9846	199.4790	0.5158	32.6316
38	199.9846	199.5627	0.5152	34.0800
39	199.9885	199.5711	0.5142	35.5661
40	199.9885	199.5723	0.5140	36.5820
41	199.9885	199.6014	0.5089	37.3378
42	199.9903	199.6499	0.5045	37.9977
43	199.9903	199.6615	0.5661	38.6865
44	199.9903	199.6694	0.5636	39.3448
45	199.9903	199.7169	0.4385	40.0443
46	199.9903	199.7493	0.4362	40.7166
47	199.9911	199.7890	0.4361	41.3835
48	199.9940	199.8590	0.3347	42.0742
49	199.9940	199.8877	0.3331	42.7728
50	199.9974	199.9003	0.3315	43.4790
51	199.9974	199.9653	0.1192	44.1916
52	199.9988	199.9835	0.1167	44.8859
53	199.9999	199.9888	0.1147	45.5716
54	200.0000	199.9922	0.1124	46.2561
55	200.0000	199.9935	0.1117	46.9542
56	200.0000	199.9958	0.0046	47.6794
57	200.0000	199.9981	0.0035	48.3787
58	200.0000	199.9985	0.0027	49.0832
59	200.0000	199.9990	0.0020	49.7842
60	200.0000	199.9998	0.0012	50.4808
61	200.0000	199.9999	0.0007	51.1992
62	200.0000	199.9999	0.0006	51.9125
63	200.0000	200.0000	0.0005	52.6350
64	200.0000	200.0000	0.0003	53.3593
65	200.0000	200.0000	0.0002	54.0843
66	200.0000	200.0000	0.0002	54.8296
67	200.0000	200.0000	0.0002	55.5391
68	200.0000	200.0000	0.0002	56.2415
69	200.0000	200.0000	0.0001	56.9422
70	200.0000	200.0000	0.0001	57.6501
71	200.0000	200.0000	0.0001	58.3639
72	200.0000	200.0000	0.0001	59.0651
73	200.0000	200.0000	0.0000	59.7928
74	200.0000	200.0000	0.0000	60.5228
75	200.0000	200.0000	0.0000	61.2273
76	200.0000	200.0000	0.0000	62.0379
77	200.0000	200.0000	0.0000	62.8352
78	200.0000	200.0000	0.0000	63.5619
79	200.0000	200.0000	0.0000	64.2519
80	200.0000	200.0000	0.0000	64.9350
81	200.0000	200.0000	0.0000	65.6359
82	200.0000	200.0000	0.0000	66.3166
83	200.0000	200.0000	0.0000	66.9954
84	200.0000	200.0000	0.0000	67.7197
85	200.0000	200.0000	0.0000	68.4168
86	200.0000	200.0000	0.0000	69.1526
87	200.0000	200.0000	0.0000	69.8767
88	200.0000	200.0000	0.0000	70.6284
89	200.0000	200.0000	0.0000	71.3198
90	200.0000	200.0000	0.0000	72.1164
91	200.0000	200.0000	0.0000	72.7897
92	200.0000	200.0000	0.0000	73.4730
93	200.0000	200.0000	0.0000	74.1854
94	200.0000	200.0000	0.0000	74.8689
95	200.0000	200.0000	0.0000	75.5749
96	200.0000	200.0000	0.0000	76.2959
97	200.0000	200.0000	0.0000	76.9947
98	200.0000	200.0000	0.0000	77.6942
99	200.0000	200.0000	0.0000	78.3970
100	200.0000	200.0000	0.0000	79.0963
101	200.0000	200.0000	0.0000	79.8287
102	200.0000	200.0000	0.0000	80.5383
103	200.0000	200.0000	0.0000	81.2459
104	200.0000	200.0000	0.0000	81.9495
105	200.0000	200.0000	0.0000	82.6583
106	200.0000	200.0000	0.0000	83.4188
107	200.0000	200.0000	0.0000	84.1398
108	200.0000	200.0000	0.0000	84.8322
109	200.0000	200.0000	0.0000	85.5663
110	200.0000	200.0000	0.0000	86.2784
111	200.0000	200.0000	0.0000	87.1177
112	200.0000	200.0000	0.0000	87.7998
113	200.0000	200.0000	0.0000	88.5062
114	200.0000	200.0000	0.0000	89.2291
115	200.0000	200.0000	0.0000	89.9043
116	200.0000	200.0000	0.0000	90.5883
117	200.0000	200.0000	0.0000	91.2774
118	200.0000	200.0000	0.0000	91.9988
119	200.0000	200.0000	0.0000	92.7148
120	200.0000	200.0000	0.0000	93.4367
121	200.0000	200.0000	0.0000	94.1553
122	200.0000	200.0000	0.0000	94.8551
123	200.0000	200.0000	0.0000	95.5675
124	200.0000	200.0000	0.0000	96.2625
125	200.0000	200.0000	0.0000	96.9501
126	200.0000	200.0000	0.0000	97.6834
127	200.0000	200.0000	0.0000	98.3729
128	200.0000	200.0000	0.0000	99.0624
129	200.0000	200.0000	0.0000	99.7746
130	200.0000	200.0000	0.0000	100.4651
131	200.0000	200.0000	0.0000	101.1696
132	200.0000	200.0000	0.0000	101.8765
133	200.0000	200.0000	0.0000	102.6001
134	200.0000	200.0000	0.0000	103.3163
135	200.0000	200.0000	0.0000	104.0478
136	200.0000	200.0000	0.0000	104.7354
137	200.0000	200.0000	0.0000	105.4718
138	200.0000	200.0000	0.0000	106.1449
139	200.0000	200.0000	0.0000	106.8223
140	200.0000	200.0000	0.0000	107.5315
141	200.0000	200.0000	0.0000	108.2630
142	200.0000	200.0000	0.0000	108.9776
143	200.0000	200.0000	0.0000	109.6718
144	200.0000	200.0000	0.0000	110.3623
145	200.0000	200.0000	0.0000	111.0773
146	200.0000	200.0000	0.0000	111.7859
147	200.0000	200.0000	0.0000	112.5185
148	200.0000	200.0000	0.0000	113.2178
149	200.0000	200.0000	0.0000	113.9154
150	200.0000	200.0000	0.0000	114.6054
151	200.0000	200.0000	0.0000	115.3193
152	200.0000	200.0000	0.0000	116.0338
153	200.0000	200.0000	0.0000	116.7481
154	200.0000	200.0000	0.0000	117.4395
155	200.0000	200.0000	0.0000	118.1281
156	200.0000	200.0000	0.0000	118.8500
157	200.0000	200.0000	0.0000	119.5903
158	200.0000	200.0000	0.0000	120.3563
159	200.0000	200.0000	0.0000	121.0418
160	200.0000	200.0000	0.0000	121.7299
161	200.0000	200.0000	0.0000	122.4699
162	200.0000	200.0000	0.0000	123.1470
163	200.0000	200.0000	0.0000	123.8484
164	200.0000	200.0000	0.0000	124.5418
165	200.0000	200.0000	0.0000	125.2277
166	200.0000	200.0000	0.0000	125.9270
167	200.0000	200.0000	0.0000	126.6425
168	200.0000	200.0000	0.0000	127.3391
169	200.0000	200.0000	0.0000	128.0668
170	200.0000	200.0000	0.0000	128.7692
171	200.0000	200.0000	0.0000	129.4825
172	200.0000	200.0000	0.0000	130.1975
173	200.0000	200.0000	0.0000	130.9080
174	200.0000	200.0000	0.0000	131.6490
175	200.0000	200.0000	0.0000	132.3898
176	200.0000	200.0000	0.0000	133.0953
177	200.0000	200.0000	0.0000	133.7852
178	200.0000	200.0000	0.0000	134.4995
179	200.0000	200.0000	0.0000	135.1895
180	200.0000	200.0000	0.0000	135.9386
181	200.0000	200.0000	0.0000	136.6820
182	200.0000	200.0000	0.0000	137.4121
183	200.0000	200.0000	0.0000	138.1042
184	200.0000	200.0000	0.0000	138.8268
185	200.0000	200.0000	0.0000	139.5428
186	200.0000	200.0000	0.0000	140.2278
187	200.0000	200.0000	0.0000	140.9061
188	200.0000	200.0000	0.0000	141.6447
189	200.0000	200.0000	0.0000	142.3349
190	200.0000	200.0000	0.0000	143.0302
191	200.0000	200.0000	0.0000	143.7383
192	200.0000	200.0000	0.0000	144.4304
193	200.0000	200.0000	0.0000	145.1242
194	200.0000	200.0000	0.0000	145.8356
195	200.0000	200.0000	0.0000	146.5256
196	200.0000	200.0000	0.0000	147.2247
197	200.0000	200.0000	0.0000	147.9254
198	200.0000	200.0000	0.0000	148.6170
199	200.0000	200.0000	0.0000	149.3289
Pos: [-2.805118072385251, 3.1313125104567554]

Run: 2
Iter	Gbest	AvrFit	Diver	ETime	
0	195.2763	46.3184	1.0000	0.8550
1	199.5613	130.6315	0.7442	1.5464
2	199.5613	163.7649	0.6440	2.2388
3	199.5613	178.1837	0.5956	2.9578
4	199.8315	180.9533	0.5816	3.6547
5	199.8315	188.3997	0.5462	4.3678
6	199.8315	192.1013	0.4329	5.0852
7	199.8315	192.8046	0.4208	5.8198
8	199.9199	195.0258	0.3251	6.5308
9	199.9825	196.7652	0.2584	7.2329
10	199.9825	197.1748	0.2117	7.9587
11	199.9832	197.4658	0.1955	8.6756
12	199.9832	197.7959	0.1752	9.3777
13	199.9832	197.8472	0.1745	10.0775
14	199.9866	198.0172	0.1695	10.8051
15	199.9866	199.6448	0.0548	11.5137
16	199.9914	199.8742	0.0391	12.2395
17	199.9916	199.8859	0.0332	13.0193
18	199.9994	199.9008	0.0245	14.3616
19	199.9994	199.9497	0.0230	15.0843
20	199.9994	199.9750	0.0180	15.7566
21	199.9994	199.9807	0.0131	16.6633
22	199.9999	199.9878	0.0126	17.3850
23	199.9999	199.9928	0.0092	18.0678
24	199.9999	199.9936	0.0086	18.7654
25	200.0000	199.9953	0.0086	19.4428
26	200.0000	199.9969	0.0070	20.1843
27	200.0000	199.9975	0.0057	20.8871
28	200.0000	199.9984	0.0043	21.5864
29	200.0000	199.9988	0.0045	22.2733
30	200.0000	199.9989	0.0042	22.9495
31	200.0000	199.9992	0.0036	23.6413
32	200.0000	199.9996	0.0025	24.3700
33	200.0000	199.9997	0.0022	25.0783
34	200.0000	199.9998	0.0019	25.7590
35	200.0000	199.9999	0.0011	26.4983
36	200.0000	200.0000	0.0008	27.4644
37	200.0000	200.0000	0.0005	28.2910
38	200.0000	200.0000	0.0005	29.0761
39	200.0000	200.0000	0.0004	30.3767
40	200.0000	200.0000	0.0003	31.1229
41	200.0000	200.0000	0.0002	31.8513
42	200.0000	200.0000	0.0002	32.5570
43	200.0000	200.0000	0.0002	33.3688
44	200.0000	200.0000	0.0001	34.0581
45	200.0000	200.0000	0.0001	34.7359
46	200.0000	200.0000	0.0001	35.4297
47	200.0000	200.0000	0.0001	36.1769
48	200.0000	200.0000	0.0001	36.8793
49	200.0000	200.0000	0.0001	37.5783
50	200.0000	200.0000	0.0000	38.2807
51	200.0000	200.0000	0.0000	39.0031
52	200.0000	200.0000	0.0000	39.7027
53	200.0000	200.0000	0.0000	40.4227
54	200.0000	200.0000	0.0000	41.1272
55	200.0000	200.0000	0.0000	41.8282
56	200.0000	200.0000	0.0000	42.5384
57	200.0000	200.0000	0.0000	43.2463
58	200.0000	200.0000	0.0000	43.9534
59	200.0000	200.0000	0.0000	44.6610
60	200.0000	200.0000	0.0000	45.3598
61	200.0000	200.0000	0.0000	46.1156
62	200.0000	200.0000	0.0000	47.4212
63	200.0000	200.0000	0.0000	48.2006
64	200.0000	200.0000	0.0000	48.8720
65	200.0000	200.0000	0.0000	49.6595
66	200.0000	200.0000	0.0000	50.3824
67	200.0000	200.0000	0.0000	51.0559
68	200.0000	200.0000	0.0000	51.7190
69	200.0000	200.0000	0.0000	52.4378
70	200.0000	200.0000	0.0000	53.1466
71	200.0000	200.0000	0.0000	53.8855
72	200.0000	200.0000	0.0000	54.5695
73	200.0000	200.0000	0.0000	55.2564
74	200.0000	200.0000	0.0000	55.9685
75	200.0000	200.0000	0.0000	56.6571
76	200.0000	200.0000	0.0000	57.3537
77	200.0000	200.0000	0.0000	58.0385
78	200.0000	200.0000	0.0000	58.7416
79	200.0000	200.0000	0.0000	59.4201
80	200.0000	200.0000	0.0000	60.1320
81	200.0000	200.0000	0.0000	60.8282
82	200.0000	200.0000	0.0000	61.5089
83	200.0000	200.0000	0.0000	62.1963
84	200.0000	200.0000	0.0000	62.9888
85	200.0000	200.0000	0.0000	64.2040
86	200.0000	200.0000	0.0000	65.0194
87	200.0000	200.0000	0.0000	65.7215
88	200.0000	200.0000	0.0000	66.5946
89	200.0000	200.0000	0.0000	67.2760
90	200.0000	200.0000	0.0000	67.9724
91	200.0000	200.0000	0.0000	68.6564
92	200.0000	200.0000	0.0000	69.3581
93	200.0000	200.0000	0.0000	70.0626
94	200.0000	200.0000	0.0000	70.7619
95	200.0000	200.0000	0.0000	71.4529
96	200.0000	200.0000	0.0000	72.1943
97	200.0000	200.0000	0.0000	72.8970
98	200.0000	200.0000	0.0000	73.6225
99	200.0000	200.0000	0.0000	74.3201
100	200.0000	200.0000	0.0000	75.0299
101	200.0000	200.0000	0.0000	75.7561
102	200.0000	200.0000	0.0000	76.4849
103	200.0000	200.0000	0.0000	77.1747
104	200.0000	200.0000	0.0000	77.8623
105	200.0000	200.0000	0.0000	78.5780
106	200.0000	200.0000	0.0000	79.2987
107	200.0000	200.0000	0.0000	80.6046
108	200.0000	200.0000	0.0000	81.4302
109	200.0000	200.0000	0.0000	82.1497
110	200.0000	200.0000	0.0000	82.9010
111	200.0000	200.0000	0.0000	83.6735
112	200.0000	200.0000	0.0000	84.4445
113	200.0000	200.0000	0.0000	85.1207
114	200.0000	200.0000	0.0000	85.8083
115	200.0000	200.0000	0.0000	86.4935
116	200.0000	200.0000	0.0000	87.2228
117	200.0000	200.0000	0.0000	87.9478
118	200.0000	200.0000	0.0000	88.6486
119	200.0000	200.0000	0.0000	89.3366
120	200.0000	200.0000	0.0000	90.0178
121	200.0000	200.0000	0.0000	90.7156
122	200.0000	200.0000	0.0000	91.4030
123	200.0000	200.0000	0.0000	92.1237
124	200.0000	200.0000	0.0000	92.8242
125	200.0000	200.0000	0.0000	93.5340
126	200.0000	200.0000	0.0000	94.2512
127	200.0000	200.0000	0.0000	94.9368
128	200.0000	200.0000	0.0000	95.6447
129	200.0000	200.0000	0.0000	96.5848
130	200.0000	200.0000	0.0000	97.7130
131	200.0000	200.0000	0.0000	98.4738
132	200.0000	200.0000	0.0000	99.1726
133	200.0000	200.0000	0.0000	100.0810
134	200.0000	200.0000	0.0000	100.7793
135	200.0000	200.0000	0.0000	101.4693
136	200.0000	200.0000	0.0000	102.1786
137	200.0000	200.0000	0.0000	102.9005
138	200.0000	200.0000	0.0000	103.6093
139	200.0000	200.0000	0.0000	104.3370
140	200.0000	200.0000	0.0000	105.0518
141	200.0000	200.0000	0.0000	105.7746
142	200.0000	200.0000	0.0000	106.4897
143	200.0000	200.0000	0.0000	107.1820
144	200.0000	200.0000	0.0000	107.8973
145	200.0000	200.0000	0.0000	108.6087
146	200.0000	200.0000	0.0000	109.3116
147	200.0000	200.0000	0.0000	109.9982
148	200.0000	200.0000	0.0000	110.6949
149	200.0000	200.0000	0.0000	111.3875
150	200.0000	200.0000	0.0000	112.0982
151	200.0000	200.0000	0.0000	112.8154
152	200.0000	200.0000	0.0000	114.1722
153	200.0000	200.0000	0.0000	114.9623
154	200.0000	200.0000	0.0000	115.6478
155	200.0000	200.0000	0.0000	116.4851
156	200.0000	200.0000	0.0000	117.2044
157	200.0000	200.0000	0.0000	117.8796
158	200.0000	200.0000	0.0000	118.5520
159	200.0000	200.0000	0.0000	119.2663
160	200.0000	200.0000	0.0000	119.9865
161	200.0000	200.0000	0.0000	120.7218
162	200.0000	200.0000	0.0000	121.4135
163	200.0000	200.0000	0.0000	122.1061
164	200.0000	200.0000	0.0000	122.8254
165	200.0000	200.0000	0.0000	123.5328
166	200.0000	200.0000	0.0000	124.2933
167	200.0000	200.0000	0.0000	125.0095
168	200.0000	200.0000	0.0000	125.7050
169	200.0000	200.0000	0.0000	126.3981
170	200.0000	200.0000	0.0000	127.0895
171	200.0000	200.0000	0.0000	127.8248
172	200.0000	200.0000	0.0000	128.5448
173	200.0000	200.0000	0.0000	129.2706
174	200.0000	200.0000	0.0000	130.5487
175	200.0000	200.0000	0.0000	131.4619
176	200.0000	200.0000	0.0000	132.1845
177	200.0000	200.0000	0.0000	132.9970
178	200.0000	200.0000	0.0000	133.7743
179	200.0000	200.0000	0.0000	134.4647
180	200.0000	200.0000	0.0000	135.1547
181	200.0000	200.0000	0.0000	135.8798
182	200.0000	200.0000	0.0000	136.5783
183	200.0000	200.0000	0.0000	137.2640
184	200.0000	200.0000	0.0000	137.9509
185	200.0000	200.0000	0.0000	138.6368
186	200.0000	200.0000	0.0000	139.3557
187	200.0000	200.0000	0.0000	140.0766
188	200.0000	200.0000	0.0000	140.7657
189	200.0000	200.0000	0.0000	141.4578
190	200.0000	200.0000	0.0000	142.1752
191	200.0000	200.0000	0.0000	142.9017
192	200.0000	200.0000	0.0000	143.5938
193	200.0000	200.0000	0.0000	144.3019
194	200.0000	200.0000	0.0000	145.0000
195	200.0000	200.0000	0.0000	145.7007
196	200.0000	200.0000	0.0000	146.6622
197	200.0000	200.0000	0.0000	147.8212
198	200.0000	200.0000	0.0000	148.5538
199	200.0000	200.0000	0.0000	149.2455
Pos: [2.999999996237289, 1.9999999728069575]

Run: 3
Iter	Gbest	AvrFit	Diver	ETime	
0	194.3742	1.0637	1.0000	1.3764
1	194.3742	14.5166	0.9725	2.4292
2	194.3742	48.7030	0.9478	3.1550
3	194.3742	119.6716	0.7381	3.8874
4	194.3742	138.7795	0.6976	4.7181
5	199.7341	157.7733	0.6652	5.4626
6	199.7341	160.7937	0.6902	6.1653
7	199.7341	164.3323	0.7648	6.8734
8	199.7341	167.2991	0.7477	7.6134
9	199.7341	170.8516	0.7210	8.3380
10	199.7341	179.4048	0.7104	9.0764
11	199.7341	184.6183	0.8361	9.8245
12	199.7341	185.6939	0.8284	10.5467
13	199.7341	187.5019	0.8449	11.2841
14	199.9371	193.6310	0.7571	12.0409
15	199.9371	194.0175	0.8527	12.7425
16	199.9371	194.9269	0.8311	13.4552
17	199.9371	194.9679	0.8322	14.1582
18	199.9434	195.4050	0.8277	14.8938
19	199.9434	195.5118	0.7525	15.6238
20	199.9434	196.7551	0.7884	16.3293
21	199.9434	197.0845	0.7629	17.0555
22	199.9434	197.5114	0.8228	18.0867
23	199.9434	197.5564	0.8292	19.1541
24	199.9434	198.3315	0.8549	19.8448
25	199.9434	198.8183	0.8561	20.6511
26	199.9434	198.8183	0.8561	21.3459
27	199.9434	198.8259	0.8783	22.0096
28	199.9434	198.8322	0.8779	22.6903
29	199.9919	199.1250	0.8763	23.3786
30	199.9919	199.1455	0.8745	24.0600
31	199.9919	199.3426	0.8617	24.8473
32	199.9919	199.4458	0.8527	25.5446
33	199.9919	199.6587	0.7480	26.2313
34	199.9989	199.6729	0.6280	27.0121
35	199.9989	199.7855	0.4995	27.7984
36	199.9989	199.7942	0.4988	28.6150
37	199.9989	199.9330	0.2648	29.3415
38	199.9989	199.9601	0.1414	30.0303
39	199.9989	199.9747	0.1359	30.7536
40	199.9997	199.9820	0.1346	31.4534
41	199.9997	199.9841	0.1326	32.2027
42	199.9997	199.9859	0.1315	32.8918
43	200.0000	199.9960	0.0050	33.7522
44	200.0000	199.9967	0.0048	35.0292
45	200.0000	199.9983	0.0036	35.8336
46	200.0000	199.9990	0.0024	36.5551
47	200.0000	199.9997	0.0014	37.3883
48	200.0000	199.9998	0.0012	38.0859
49	200.0000	199.9998	0.0011	38.7955
50	200.0000	199.9999	0.0009	39.4828
51	200.0000	200.0000	0.0008	40.1955
52	200.0000	200.0000	0.0004	40.8871
53	200.0000	200.0000	0.0004	41.6434
54	200.0000	200.0000	0.0003	42.3486
55	200.0000	200.0000	0.0001	43.0577
56	200.0000	200.0000	0.0001	43.7796
57	200.0000	200.0000	0.0001	44.4810
58	200.0000	200.0000	0.0001	45.1796
59	200.0000	200.0000	0.0000	45.8837
60	200.0000	200.0000	0.0000	46.6242
61	200.0000	200.0000	0.0000	47.3554
62	200.0000	200.0000	0.0000	48.0616
63	200.0000	200.0000	0.0000	48.7597
64	200.0000	200.0000	0.0000	49.4623
65	200.0000	200.0000	0.0000	50.1659
66	200.0000	200.0000	0.0000	51.3892
67	200.0000	200.0000	0.0000	52.2542
68	200.0000	200.0000	0.0000	52.9666
69	200.0000	200.0000	0.0000	53.6754
70	200.0000	200.0000	0.0000	54.4732
71	200.0000	200.0000	0.0000	55.2087
72	200.0000	200.0000	0.0000	55.8987
73	200.0000	200.0000	0.0000	56.5844
74	200.0000	200.0000	0.0000	57.2689
75	200.0000	200.0000	0.0000	57.9565
76	200.0000	200.0000	0.0000	58.6774
77	200.0000	200.0000	0.0000	59.3853
78	200.0000	200.0000	0.0000	60.1223
79	200.0000	200.0000	0.0000	60.8456
80	200.0000	200.0000	0.0000	61.5354
81	200.0000	200.0000	0.0000	62.2389
82	200.0000	200.0000	0.0000	62.9385
83	200.0000	200.0000	0.0000	63.6485
84	200.0000	200.0000	0.0000	64.3439
85	200.0000	200.0000	0.0000	65.0387
86	200.0000	200.0000	0.0000	65.7365
87	200.0000	200.0000	0.0000	66.4291
88	200.0000	200.0000	0.0000	67.3027
89	200.0000	200.0000	0.0000	68.4915
90	200.0000	200.0000	0.0000	69.2437
91	200.0000	200.0000	0.0000	69.9558
92	200.0000	200.0000	0.0000	70.7984
93	200.0000	200.0000	0.0000	71.5017
94	200.0000	200.0000	0.0000	72.1927
95	200.0000	200.0000	0.0000	72.8858
96	200.0000	200.0000	0.0000	73.5886
97	200.0000	200.0000	0.0000	74.3051
98	200.0000	200.0000	0.0000	75.0375
99	200.0000	200.0000	0.0000	75.7272
100	200.0000	200.0000	0.0000	76.4196
101	200.0000	200.0000	0.0000	77.1525
102	200.0000	200.0000	0.0000	77.8444
103	200.0000	200.0000	0.0000	78.5327
104	200.0000	200.0000	0.0000	79.2303
105	200.0000	200.0000	0.0000	79.9460
106	200.0000	200.0000	0.0000	80.6527
107	200.0000	200.0000	0.0000	81.3439
108	200.0000	200.0000	0.0000	82.0363
109	200.0000	200.0000	0.0000	82.7510
110	200.0000	200.0000	0.0000	83.4696
111	200.0000	200.0000	0.0000	84.6877
112	200.0000	200.0000	0.0000	85.5491
113	200.0000	200.0000	0.0000	86.2420
114	200.0000	200.0000	0.0000	86.9472
115	200.0000	200.0000	0.0000	87.7764
116	200.0000	200.0000	0.0000	88.4786
117	200.0000	200.0000	0.0000	89.1857
118	200.0000	200.0000	0.0000	89.8783
119	200.0000	200.0000	0.0000	90.5790
120	200.0000	200.0000	0.0000	91.3053
121	200.0000	200.0000	0.0000	92.0138
122	200.0000	200.0000	0.0000	92.7055
123	200.0000	200.0000	0.0000	93.3948
124	200.0000	200.0000	0.0000	94.0833
125	200.0000	200.0000	0.0000	94.7859
126	200.0000	200.0000	0.0000	95.5253
127	200.0000	200.0000	0.0000	96.2398
128	200.0000	200.0000	0.0000	96.9303
129	200.0000	200.0000	0.0000	97.6157
130	200.0000	200.0000	0.0000	98.3093
131	200.0000	200.0000	0.0000	99.1182
132	200.0000	200.0000	0.0000	99.8244
133	200.0000	200.0000	0.0000	100.6711
134	200.0000	200.0000	0.0000	101.8384
135	200.0000	200.0000	0.0000	102.5941
136	200.0000	200.0000	0.0000	103.3072
137	200.0000	200.0000	0.0000	104.1226
138	200.0000	200.0000	0.0000	104.8281
139	200.0000	200.0000	0.0000	105.5205
140	200.0000	200.0000	0.0000	106.2095
141	200.0000	200.0000	0.0000	106.9372
142	200.0000	200.0000	0.0000	107.6322
143	200.0000	200.0000	0.0000	108.3250
144	200.0000	200.0000	0.0000	109.0519
145	200.0000	200.0000	0.0000	109.7558
146	200.0000	200.0000	0.0000	110.4591
147	200.0000	200.0000	0.0000	111.2034
148	200.0000	200.0000	0.0000	111.9168
149	200.0000	200.0000	0.0000	112.6075
150	200.0000	200.0000	0.0000	113.2984
151	200.0000	200.0000	0.0000	114.0103
152	200.0000	200.0000	0.0000	114.7323
153	200.0000	200.0000	0.0000	115.4509
154	200.0000	200.0000	0.0000	116.1666
155	200.0000	200.0000	0.0000	116.8766
156	200.0000	200.0000	0.0000	117.6703
157	200.0000	200.0000	0.0000	118.3972
158	200.0000	200.0000	0.0000	119.1199
159	200.0000	200.0000	0.0000	119.8163
160	200.0000	200.0000	0.0000	120.5232
161	200.0000	200.0000	0.0000	121.2504
162	200.0000	200.0000	0.0000	121.9249
163	200.0000	200.0000	0.0000	122.5953
164	200.0000	200.0000	0.0000	123.3120
165	200.0000	200.0000	0.0000	124.0089
166	200.0000	200.0000	0.0000	124.7191
167	200.0000	200.0000	0.0000	125.4053
168	200.0000	200.0000	0.0000	126.0929
169	200.0000	200.0000	0.0000	126.7922
170	200.0000	200.0000	0.0000	127.5420
171	200.0000	200.0000	0.0000	128.2735
172	200.0000	200.0000	0.0000	128.9847
173	200.0000	200.0000	0.0000	129.6957
174	200.0000	200.0000	0.0000	130.4073
175	200.0000	200.0000	0.0000	131.1302
176	200.0000	200.0000	0.0000	131.8419
177	200.0000	200.0000	0.0000	132.5300
178	200.0000	200.0000	0.0000	133.2159
179	200.0000	200.0000	0.0000	133.9402
180	200.0000	200.0000	0.0000	134.6805
181	200.0000	200.0000	0.0000	135.4461
182	200.0000	200.0000	0.0000	136.1716
183	200.0000	200.0000	0.0000	136.8661
184	200.0000	200.0000	0.0000	137.6808
185	200.0000	200.0000	0.0000	138.3884
186	200.0000	200.0000	0.0000	139.1227
187	200.0000	200.0000	0.0000	139.8282
188	200.0000	200.0000	0.0000	140.5392
189	200.0000	200.0000	0.0000	141.2485
190	200.0000	200.0000	0.0000	141.9616
191	200.0000	200.0000	0.0000	142.6849
192	200.0000	200.0000	0.0000	143.4262
193	200.0000	200.0000	0.0000	144.1622
194	200.0000	200.0000	0.0000	144.8991
195	200.0000	200.0000	0.0000	145.6413
196	200.0000	200.0000	0.0000	146.3690
197	200.0000	200.0000	0.0000	147.1095
198	200.0000	200.0000	0.0000	147.8012
199	200.0000	200.0000	0.0000	148.4916
Pos: [3.5844283345047603, -1.8481265057454814]

Run: 4
Iter	Gbest	AvrFit	Diver	ETime	
0	187.3659	-4.0759	1.0000	0.8595
1	196.6980	90.8030	0.9559	1.7931
2	196.6980	126.0612	0.8422	2.4981
3	199.9276	164.1123	0.8846	3.2198
4	199.9276	166.1047	0.8841	3.9682
5	199.9276	166.5984	0.8616	4.6718
6	199.9276	168.8548	0.8554	5.3966
7	199.9276	172.3097	0.9225	6.1133
8	199.9276	175.0641	0.8571	6.9242
9	199.9276	183.8000	0.7968	7.6826
10	199.9276	191.0969	0.7574	8.4279
11	199.9276	191.2081	0.7576	9.1870
12	199.9276	191.7489	0.7087	9.9370
13	199.9276	193.3710	0.7716	10.9556
14	199.9276	193.6030	0.7777	12.3963
15	199.9276	194.3200	0.7752	13.8049
16	199.9276	194.4885	0.8693	15.1982
17	199.9276	195.6928	0.8263	16.5997
18	199.9276	196.1142	0.8167	17.7925
19	199.9276	196.8806	0.7836	18.8327
20	199.9276	196.8806	0.7836	19.5053
21	199.9276	196.8916	0.7633	20.2549
22	199.9276	196.8928	0.7092	20.9458
23	199.9790	196.9440	0.7091	21.6379
24	199.9790	197.0932	0.6087	22.3038
25	199.9790	197.2278	0.6695	23.0346
26	199.9790	197.5978	0.6640	23.7331
27	199.9790	197.8659	0.7175	24.4210
28	199.9790	198.2168	0.7388	25.1420
29	199.9790	198.3777	0.7361	25.8751
30	199.9790	198.4489	0.7380	26.6364
31	199.9790	198.4891	0.7368	27.4556
32	199.9790	198.6650	0.7609	28.1827
33	199.9790	198.7051	0.7619	28.8720
34	199.9790	198.7425	0.7615	29.5877
35	199.9790	198.7474	0.7613	30.2939
36	199.9790	198.7695	0.7623	30.9999
37	199.9790	199.1340	0.7708	31.6842
38	199.9790	199.4371	0.8359	32.3853
39	199.9939	199.4402	0.8351	33.5984
40	199.9939	199.4402	0.8351	34.4229
41	199.9939	199.4411	0.8350	35.3608
42	199.9939	199.4411	0.8350	36.0482
43	199.9939	199.5823	0.8153	36.9029
44	199.9939	199.5823	0.8153	37.6203
45	199.9939	199.5904	0.8152	38.3034
46	199.9939	199.7432	0.8176	39.0434
47	199.9939	199.7448	0.8176	39.7384
48	199.9939	199.7778	0.8146	40.4274
49	199.9939	199.7930	0.8144	41.1189
50	199.9939	199.7930	0.8144	41.8258
51	199.9966	199.8044	0.8140	42.5320
52	199.9966	199.8102	0.8130	43.2544
53	199.9966	199.8137	0.8127	43.9680
54	199.9966	199.8716	0.8130	44.6584
55	199.9966	199.8716	0.8130	45.3405
56	199.9966	199.8716	0.8130	46.0825
57	199.9966	199.8791	0.8135	46.7665
58	199.9966	199.8791	0.8135	47.4484
59	199.9966	199.8820	0.8133	48.1341
60	199.9966	199.8820	0.8133	48.8353
61	199.9966	199.8848	0.8141	49.6020
62	199.9966	199.8848	0.8141	50.3192
63	199.9966	199.9028	0.8130	51.0433
64	199.9966	199.9388	0.7503	51.8892
65	199.9966	199.9464	0.7511	52.5942
66	199.9966	199.9474	0.6346	53.3292
67	199.9996	199.9481	0.6345	54.0195
68	199.9996	199.9514	0.4575	54.6906
69	199.9996	199.9514	0.4573	55.3572
70	199.9996	199.9567	0.4551	56.0348
71	199.9996	199.9613	0.3765	56.7327
72	199.9998	199.9757	0.2577	57.4722
73	199.9998	199.9850	0.2246	58.2094
74	199.9998	199.9861	0.2241	58.8963
75	199.9999	199.9872	0.2241	59.6030
76	199.9999	199.9882	0.2237	60.3433
77	199.9999	199.9898	0.2229	61.0766
78	199.9999	199.9901	0.2223	61.7907
79	200.0000	199.9902	0.2221	62.5000
80	200.0000	199.9906	0.2218	63.2057
81	200.0000	199.9908	0.2396	63.9243
82	200.0000	199.9911	0.2387	64.6694
83	200.0000	199.9912	0.2386	65.3744
84	200.0000	199.9912	0.2384	66.1104
85	200.0000	199.9913	0.2382	66.8144
86	200.0000	199.9913	0.2381	67.5390
87	200.0000	199.9913	0.2380	68.2864
88	200.0000	199.9989	0.2382	69.0312
89	200.0000	199.9991	0.1194	69.7441
90	200.0000	199.9991	0.1193	70.4691
91	200.0000	199.9991	0.1192	71.1539
92	200.0000	199.9991	0.1192	71.8813
93	200.0000	199.9991	0.1192	72.6221
94	200.0000	199.9991	0.1192	73.3168
95	200.0000	199.9991	0.1192	74.0387
96	200.0000	199.9991	0.1191	74.7423
97	200.0000	199.9991	0.1191	75.4275
98	200.0000	199.9991	0.1191	76.1151
99	200.0000	200.0000	0.0001	76.8037
100	200.0000	200.0000	0.0001	77.5385
101	200.0000	200.0000	0.0000	78.2804
102	200.0000	200.0000	0.0000	78.9649
103	200.0000	200.0000	0.0000	79.6478
104	200.0000	200.0000	0.0000	80.3285
105	200.0000	200.0000	0.0000	81.0096
106	200.0000	200.0000	0.0000	81.7530
107	200.0000	200.0000	0.0000	82.4783
108	200.0000	200.0000	0.0000	83.2000
109	200.0000	200.0000	0.0000	83.9088
110	200.0000	200.0000	0.0000	84.6612
111	200.0000	200.0000	0.0000	85.4459
112	200.0000	200.0000	0.0000	86.1256
113	200.0000	200.0000	0.0000	86.8099
114	200.0000	200.0000	0.0000	87.4918
115	200.0000	200.0000	0.0000	88.1786
116	200.0000	200.0000	0.0000	88.8810
117	200.0000	200.0000	0.0000	89.5913
118	200.0000	200.0000	0.0000	90.2779
119	200.0000	200.0000	0.0000	90.9803
120	200.0000	200.0000	0.0000	92.3815
121	200.0000	200.0000	0.0000	93.8473
122	200.0000	200.0000	0.0000	95.2771
123	200.0000	200.0000	0.0000	96.6904
124	200.0000	200.0000	0.0000	98.1143
125	200.0000	200.0000	0.0000	99.4904
126	200.0000	200.0000	0.0000	100.9219
127	200.0000	200.0000	0.0000	101.7337
128	200.0000	200.0000	0.0000	102.4318
129	200.0000	200.0000	0.0000	103.1415
130	200.0000	200.0000	0.0000	103.8458
131	200.0000	200.0000	0.0000	104.5587
132	200.0000	200.0000	0.0000	105.2558
133	200.0000	200.0000	0.0000	105.9463
134	200.0000	200.0000	0.0000	106.6389
135	200.0000	200.0000	0.0000	107.3513
136	200.0000	200.0000	0.0000	108.0637
137	200.0000	200.0000	0.0000	108.7751
138	200.0000	200.0000	0.0000	109.5068
139	200.0000	200.0000	0.0000	110.2555
140	200.0000	200.0000	0.0000	110.9536
141	200.0000	200.0000	0.0000	111.6576
142	200.0000	200.0000	0.0000	112.3536
143	200.0000	200.0000	0.0000	113.0500
144	200.0000	200.0000	0.0000	113.7612
145	200.0000	200.0000	0.0000	114.4547
146	200.0000	200.0000	0.0000	115.1545
147	200.0000	200.0000	0.0000	115.8831
148	200.0000	200.0000	0.0000	116.6215
149	200.0000	200.0000	0.0000	117.3580
150	200.0000	200.0000	0.0000	118.1645
151	200.0000	200.0000	0.0000	118.9399
152	200.0000	200.0000	0.0000	119.6356
153	200.0000	200.0000	0.0000	120.4388
154	200.0000	200.0000	0.0000	121.1083
155	200.0000	200.0000	0.0000	121.8071
156	200.0000	200.0000	0.0000	122.4966
157	200.0000	200.0000	0.0000	123.2185
158	200.0000	200.0000	0.0000	123.9140
159	200.0000	200.0000	0.0000	124.6319
160	200.0000	200.0000	0.0000	125.3273
161	200.0000	200.0000	0.0000	126.0600
162	200.0000	200.0000	0.0000	126.7509
163	200.0000	200.0000	0.0000	127.4440
164	200.0000	200.0000	0.0000	128.1557
165	200.0000	200.0000	0.0000	128.8536
166	200.0000	200.0000	0.0000	129.5865
167	200.0000	200.0000	0.0000	130.3158
168	200.0000	200.0000	0.0000	131.0263
169	200.0000	200.0000	0.0000	131.7291
170	200.0000	200.0000	0.0000	132.4685
171	200.0000	200.0000	0.0000	133.2099
172	200.0000	200.0000	0.0000	133.9531
173	200.0000	200.0000	0.0000	134.7456
174	200.0000	200.0000	0.0000	135.4802
175	200.0000	200.0000	0.0000	136.1573
176	200.0000	200.0000	0.0000	136.9164
177	200.0000	200.0000	0.0000	137.5897
178	200.0000	200.0000	0.0000	138.2897
179	200.0000	200.0000	0.0000	138.9818
180	200.0000	200.0000	0.0000	139.7257
181	200.0000	200.0000	0.0000	140.4419
182	200.0000	200.0000	0.0000	141.1545
183	200.0000	200.0000	0.0000	141.8571
184	200.0000	200.0000	0.0000	142.5550
185	200.0000	200.0000	0.0000	143.2769
186	200.0000	200.0000	0.0000	143.9853
187	200.0000	200.0000	0.0000	144.6953
188	200.0000	200.0000	0.0000	145.4132
189	200.0000	200.0000	0.0000	146.1496
190	200.0000	200.0000	0.0000	146.8420
191	200.0000	200.0000	0.0000	147.5852
192	200.0000	200.0000	0.0000	148.2887
193	200.0000	200.0000	0.0000	149.0474
194	200.0000	200.0000	0.0000	149.8141
195	200.0000	200.0000	0.0000	150.5508
196	200.0000	200.0000	0.0000	151.3851
197	200.0000	200.0000	0.0000	152.1263
198	200.0000	200.0000	0.0000	152.8001
199	200.0000	200.0000	0.0000	153.5790
Pos: [3.5844283296774573, -1.8481265308012174]

Run: 5
Iter	Gbest	AvrFit	Diver	ETime	
0	197.4820	38.3963	1.0000	0.9081
1	197.4820	113.5706	0.9896	1.6525
2	197.4820	146.4777	0.9623	2.4152
3	197.4820	158.7631	0.9431	3.1838
4	199.5352	177.6267	0.7729	3.9179
5	199.7638	182.1089	0.7361	4.6732
6	199.7638	190.1663	0.8632	5.4364
7	199.7638	190.7251	0.7674	6.3419
8	199.7638	192.3826	0.6626	7.0510
9	199.7638	194.8503	0.5261	7.8204
10	199.7638	194.9474	0.5211	8.5318
11	199.7638	196.4385	0.4968	9.2485
12	199.8542	197.2505	0.4714	9.9499
13	199.8542	197.3796	0.3819	11.1239
14	199.9645	198.3999	0.3512	11.8682
15	199.9645	198.6149	0.3458	12.6464
16	199.9645	198.7735	0.3766	13.4015
17	199.9962	199.2086	0.2549	14.1373
18	199.9962	199.3311	0.2539	14.8699
19	199.9962	199.4315	0.2324	15.6064
20	199.9962	199.7033	0.3057	16.3398
21	199.9962	199.7690	0.3076	17.0839
22	199.9962	199.8595	0.2909	17.8084
23	199.9962	199.8802	0.2911	18.5118
24	199.9962	199.8991	0.2858	19.2101
25	199.9985	199.9258	0.2826	19.9113
26	199.9997	199.9326	0.2821	20.6535
27	199.9997	199.9405	0.2815	21.4012
28	199.9997	199.9575	0.1902	22.1794
29	199.9997	199.9679	0.1001	22.9914
30	199.9997	199.9706	0.0986	23.6816
31	199.9997	199.9932	0.0073	24.4153
32	199.9999	199.9947	0.0077	25.0916
33	200.0000	199.9953	0.0064	25.7602
34	200.0000	199.9960	0.0048	26.6027
35	200.0000	199.9965	0.0039	27.3407
36	200.0000	199.9968	0.0034	28.1410
37	200.0000	199.9970	0.0031	28.9879
38	200.0000	199.9998	0.0015	29.6922
39	200.0000	199.9998	0.0013	30.3955
40	200.0000	199.9998	0.0013	31.1003
41	200.0000	199.9998	0.0012	31.8880
42	200.0000	199.9999	0.0011	32.6467
43	200.0000	199.9999	0.0010	33.3362
44	200.0000	200.0000	0.0005	34.0235
45	200.0000	200.0000	0.0004	34.7102
46	200.0000	200.0000	0.0002	35.4156
47	200.0000	200.0000	0.0002	36.1037
48	200.0000	200.0000	0.0002	36.8524
49	200.0000	200.0000	0.0001	37.5602
50	200.0000	200.0000	0.0001	38.2886
51	200.0000	200.0000	0.0001	39.2923
52	200.0000	200.0000	0.0000	39.9957
53	200.0000	200.0000	0.0000	40.7693
54	200.0000	200.0000	0.0000	41.5022
55	200.0000	200.0000	0.0000	42.1934
56	200.0000	200.0000	0.0000	42.9194
57	200.0000	200.0000	0.0000	43.5886
58	200.0000	200.0000	0.0000	44.3273
59	200.0000	200.0000	0.0000	45.0108
60	200.0000	200.0000	0.0000	45.6960
61	200.0000	200.0000	0.0000	46.4599
62	200.0000	200.0000	0.0000	47.1544
63	200.0000	200.0000	0.0000	47.8413
64	200.0000	200.0000	0.0000	48.5671
65	200.0000	200.0000	0.0000	49.2909
66	200.0000	200.0000	0.0000	50.0107
67	200.0000	200.0000	0.0000	51.0857
68	200.0000	200.0000	0.0000	52.5436
69	200.0000	200.0000	0.0000	53.9920
70	200.0000	200.0000	0.0000	55.3906
71	200.0000	200.0000	0.0000	56.2580
72	200.0000	200.0000	0.0000	56.9651
73	200.0000	200.0000	0.0000	57.7824
74	200.0000	200.0000	0.0000	58.4769
75	200.0000	200.0000	0.0000	59.1588
76	200.0000	200.0000	0.0000	59.8664
77	200.0000	200.0000	0.0000	60.6005
78	200.0000	200.0000	0.0000	61.2979
79	200.0000	200.0000	0.0000	61.9979
80	200.0000	200.0000	0.0000	62.6931
81	200.0000	200.0000	0.0000	63.4029
82	200.0000	200.0000	0.0000	64.0888
83	200.0000	200.0000	0.0000	64.8091
84	200.0000	200.0000	0.0000	65.5000
85	200.0000	200.0000	0.0000	66.1919
86	200.0000	200.0000	0.0000	66.8936
87	200.0000	200.0000	0.0000	67.6003
88	200.0000	200.0000	0.0000	68.3131
89	200.0000	200.0000	0.0000	69.0048
90	200.0000	200.0000	0.0000	69.7191
91	200.0000	200.0000	0.0000	70.4727
92	200.0000	200.0000	0.0000	71.2237
93	200.0000	200.0000	0.0000	71.9299
94	200.0000	200.0000	0.0000	72.8035
95	200.0000	200.0000	0.0000	73.5126
96	200.0000	200.0000	0.0000	74.2846
97	200.0000	200.0000	0.0000	74.9660
98	200.0000	200.0000	0.0000	75.6435
99	200.0000	200.0000	0.0000	76.3483
100	200.0000	200.0000	0.0000	77.0481
101	200.0000	200.0000	0.0000	77.7738
102	200.0000	200.0000	0.0000	78.4814
103	200.0000	200.0000	0.0000	79.2081
104	200.0000	200.0000	0.0000	79.9134
105	200.0000	200.0000	0.0000	80.6417
106	200.0000	200.0000	0.0000	81.3470
107	200.0000	200.0000	0.0000	82.0405
108	200.0000	200.0000	0.0000	82.7301
109	200.0000	200.0000	0.0000	83.4210
110	200.0000	200.0000	0.0000	84.1126
111	200.0000	200.0000	0.0000	84.8439
112	200.0000	200.0000	0.0000	85.5362
113	200.0000	200.0000	0.0000	86.2260
114	200.0000	200.0000	0.0000	86.9710
115	200.0000	200.0000	0.0000	87.6873
116	200.0000	200.0000	0.0000	88.4359
117	200.0000	200.0000	0.0000	89.3161
118	200.0000	200.0000	0.0000	89.9985
119	200.0000	200.0000	0.0000	90.6854
120	200.0000	200.0000	0.0000	91.4156
121	200.0000	200.0000	0.0000	92.1044
122	200.0000	200.0000	0.0000	92.8116
123	200.0000	200.0000	0.0000	93.5042
124	200.0000	200.0000	0.0000	94.1982
125	200.0000	200.0000	0.0000	94.9039
126	200.0000	200.0000	0.0000	95.6314
127	200.0000	200.0000	0.0000	96.3595
128	200.0000	200.0000	0.0000	97.0738
129	200.0000	200.0000	0.0000	97.7662
130	200.0000	200.0000	0.0000	98.4609
131	200.0000	200.0000	0.0000	99.1809
132	200.0000	200.0000	0.0000	99.8745
133	200.0000	200.0000	0.0000	100.6296
134	200.0000	200.0000	0.0000	101.3267
135	200.0000	200.0000	0.0000	102.0179
136	200.0000	200.0000	0.0000	102.7238
137	200.0000	200.0000	0.0000	103.4806
138	200.0000	200.0000	0.0000	104.1875
139	200.0000	200.0000	0.0000	104.9018
140	200.0000	200.0000	0.0000	105.7594
141	200.0000	200.0000	0.0000	106.5154
142	200.0000	200.0000	0.0000	107.2109
143	200.0000	200.0000	0.0000	108.0492
144	200.0000	200.0000	0.0000	108.7708
145	200.0000	200.0000	0.0000	109.4489
146	200.0000	200.0000	0.0000	110.1739
147	200.0000	200.0000	0.0000	110.8713
148	200.0000	200.0000	0.0000	111.5677
149	200.0000	200.0000	0.0000	112.2732
150	200.0000	200.0000	0.0000	112.9971
151	200.0000	200.0000	0.0000	113.7171
152	200.0000	200.0000	0.0000	114.4161
153	200.0000	200.0000	0.0000	115.1037
154	200.0000	200.0000	0.0000	115.7911
155	200.0000	200.0000	0.0000	116.5087
156	200.0000	200.0000	0.0000	117.2161
157	200.0000	200.0000	0.0000	117.9121
158	200.0000	200.0000	0.0000	118.6039
159	200.0000	200.0000	0.0000	119.2927
160	200.0000	200.0000	0.0000	120.0218
161	200.0000	200.0000	0.0000	120.7550
162	200.0000	200.0000	0.0000	121.4497
163	200.0000	200.0000	0.0000	122.1886
164	200.0000	200.0000	0.0000	123.0419
165	200.0000	200.0000	0.0000	123.7366
166	200.0000	200.0000	0.0000	124.5520
167	200.0000	200.0000	0.0000	125.2503
168	200.0000	200.0000	0.0000	125.9253
169	200.0000	200.0000	0.0000	126.5967
170	200.0000	200.0000	0.0000	127.3081
171	200.0000	200.0000	0.0000	128.0491
172	200.0000	200.0000	0.0000	128.7682
173	200.0000	200.0000	0.0000	129.4851
174	200.0000	200.0000	0.0000	130.1982
175	200.0000	200.0000	0.0000	130.9247
176	200.0000	200.0000	0.0000	131.6609
177	200.0000	200.0000	0.0000	132.3771
178	200.0000	200.0000	0.0000	133.0950
179	200.0000	200.0000	0.0000	133.8029
180	200.0000	200.0000	0.0000	134.5046
181	200.0000	200.0000	0.0000	135.2248
182	200.0000	200.0000	0.0000	135.9375
183	200.0000	200.0000	0.0000	136.6892
184	200.0000	200.0000	0.0000	137.4345
185	200.0000	200.0000	0.0000	138.1292
186	200.0000	200.0000	0.0000	138.9136
187	200.0000	200.0000	0.0000	139.7843
188	200.0000	200.0000	0.0000	140.5122
189	200.0000	200.0000	0.0000	141.2594
190	200.0000	200.0000	0.0000	141.9408
191	200.0000	200.0000	0.0000	142.6373
192	200.0000	200.0000	0.0000	143.3561
193	200.0000	200.0000	0.0000	144.0535
194	200.0000	200.0000	0.0000	144.7721
195	200.0000	200.0000	0.0000	145.4670
196	200.0000	200.0000	0.0000	146.1716
197	200.0000	200.0000	0.0000	146.8885
198	200.0000	200.0000	0.0000	147.5892
199	200.0000	200.0000	0.0000	148.3123
Pos: [3.5844283242871793, -1.8481265171611667]

Run: 6
Iter	Gbest	AvrFit	Diver	ETime	
0	181.8277	-64.6852	1.0000	0.8957
1	198.6213	71.5642	0.8696	1.7948
2	198.6213	93.0473	0.9180	2.5454
3	198.6213	96.6142	0.9050	3.3426
4	199.1930	123.5831	0.8703	4.0796
5	199.1930	145.6946	0.7386	4.7932
6	199.1930	154.0710	0.7344	5.5513
7	199.6570	161.0986	0.7224	6.2578
8	199.6570	167.3960	0.7067	6.9633
9	199.6570	173.9421	0.6576	7.6749
10	199.6570	175.3059	0.6445	8.3766
11	199.6849	184.9909	0.5205	9.4838
12	199.6849	186.7759	0.5200	10.9065
13	199.6849	187.0569	0.5149	12.3706
14	199.6849	187.1939	0.5148	13.7801
15	199.7425	193.0560	0.4750	15.1908
16	199.7425	193.3659	0.4703	16.7303
17	199.7425	193.5797	0.4723	17.8785
18	199.9592	194.1603	0.4910	18.8069
19	199.9868	194.8134	0.4753	19.5203
20	199.9868	195.8990	0.4666	20.2520
21	199.9980	196.7373	0.4586	20.9584
22	199.9980	196.8474	0.4565	21.6448
23	199.9980	196.8852	0.4543	22.3255
24	199.9980	197.6554	0.5570	23.0131
25	199.9980	198.1425	0.5551	23.7315
26	199.9980	198.2887	0.4833	24.4598
27	199.9980	198.5203	0.4761	25.1758
28	199.9980	199.8267	0.3215	25.8865
29	199.9980	199.8295	0.3208	26.6244
30	199.9980	199.8354	0.3201	27.3724
31	199.9980	199.8370	0.3195	28.1441
32	199.9980	199.8639	0.2064	28.9271
33	199.9998	199.8875	0.2612	29.6459
34	199.9998	199.9149	0.1968	30.3478
35	199.9998	199.9225	0.1965	31.0452
36	199.9998	199.9615	0.1239	31.7733
37	199.9998	199.9800	0.0123	32.4931
38	199.9998	199.9884	0.0101	33.1931
39	199.9999	199.9907	0.0087	33.8943
40	199.9999	199.9929	0.0073	34.6718
41	199.9999	199.9948	0.0065	35.5959
42	199.9999	199.9988	0.0023	36.2723
43	200.0000	199.9991	0.0020	37.0812
44	200.0000	199.9993	0.0017	37.7820
45	200.0000	199.9994	0.0013	38.4691
46	200.0000	199.9995	0.0013	39.1669
47	200.0000	200.0000	0.0006	39.8772
48	200.0000	200.0000	0.0005	40.5474
49	200.0000	200.0000	0.0004	41.2161
50	200.0000	200.0000	0.0003	41.8828
51	200.0000	200.0000	0.0002	42.5673
52	200.0000	200.0000	0.0002	43.2589
53	200.0000	200.0000	0.0001	43.9646
54	200.0000	200.0000	0.0001	44.6308
55	200.0000	200.0000	0.0001	45.2967
56	200.0000	200.0000	0.0001	46.0589
57	200.0000	200.0000	0.0001	46.7324
58	200.0000	200.0000	0.0000	47.4625
59	200.0000	200.0000	0.0000	48.1849
60	200.0000	200.0000	0.0000	48.9275
61	200.0000	200.0000	0.0000	49.6674
62	200.0000	200.0000	0.0000	50.3905
63	200.0000	200.0000	0.0000	51.1150
64	200.0000	200.0000	0.0000	51.9850
65	200.0000	200.0000	0.0000	52.6764
66	200.0000	200.0000	0.0000	53.4921
67	200.0000	200.0000	0.0000	54.1918
68	200.0000	200.0000	0.0000	54.8797
69	200.0000	200.0000	0.0000	55.6021
70	200.0000	200.0000	0.0000	56.2956
71	200.0000	200.0000	0.0000	57.0302
72	200.0000	200.0000	0.0000	57.7166
73	200.0000	200.0000	0.0000	58.4106
74	200.0000	200.0000	0.0000	59.1109
75	200.0000	200.0000	0.0000	59.8328
76	200.0000	200.0000	0.0000	60.5686
77	200.0000	200.0000	0.0000	61.2795
78	200.0000	200.0000	0.0000	61.9907
79	200.0000	200.0000	0.0000	62.7232
80	200.0000	200.0000	0.0000	63.4596
81	200.0000	200.0000	0.0000	64.1575
82	200.0000	200.0000	0.0000	64.8811
83	200.0000	200.0000	0.0000	65.6035
84	200.0000	200.0000	0.0000	66.3247
85	200.0000	200.0000	0.0000	67.0145
86	200.0000	200.0000	0.0000	67.7490
87	200.0000	200.0000	0.0000	68.6364
88	200.0000	200.0000	0.0000	69.3390
89	200.0000	200.0000	0.0000	70.1325
90	200.0000	200.0000	0.0000	70.8494
91	200.0000	200.0000	0.0000	71.5764
92	200.0000	200.0000	0.0000	72.2630
93	200.0000	200.0000	0.0000	72.9766
94	200.0000	200.0000	0.0000	73.6878
95	200.0000	200.0000	0.0000	74.4021
96	200.0000	200.0000	0.0000	75.1328
97	200.0000	200.0000	0.0000	75.8443
98	200.0000	200.0000	0.0000	76.5762
99	200.0000	200.0000	0.0000	77.2910
100	200.0000	200.0000	0.0000	78.0010
101	200.0000	200.0000	0.0000	78.7406
102	200.0000	200.0000	0.0000	79.4590
103	200.0000	200.0000	0.0000	80.1780
104	200.0000	200.0000	0.0000	80.8835
105	200.0000	200.0000	0.0000	81.6264
106	200.0000	200.0000	0.0000	82.4006
107	200.0000	200.0000	0.0000	83.1313
108	200.0000	200.0000	0.0000	83.8540
109	200.0000	200.0000	0.0000	84.6202
110	200.0000	200.0000	0.0000	85.4707
111	200.0000	200.0000	0.0000	86.1802
112	200.0000	200.0000	0.0000	86.9911
113	200.0000	200.0000	0.0000	87.7125
114	200.0000	200.0000	0.0000	88.4135
115	200.0000	200.0000	0.0000	89.1149
116	200.0000	200.0000	0.0000	89.8476
117	200.0000	200.0000	0.0000	90.5621
118	200.0000	200.0000	0.0000	91.2807
119	200.0000	200.0000	0.0000	91.9929
120	200.0000	200.0000	0.0000	92.6976
121	200.0000	200.0000	0.0000	93.4231
122	200.0000	200.0000	0.0000	94.1377
123	200.0000	200.0000	0.0000	94.8501
124	200.0000	200.0000	0.0000	95.6273
125	200.0000	200.0000	0.0000	96.3380
126	200.0000	200.0000	0.0000	97.0578
127	200.0000	200.0000	0.0000	97.7602
128	200.0000	200.0000	0.0000	98.4967
129	200.0000	200.0000	0.0000	99.2177
130	200.0000	200.0000	0.0000	99.9446
131	200.0000	200.0000	0.0000	100.6553
132	200.0000	200.0000	0.0000	101.4941
133	200.0000	200.0000	0.0000	102.2291
134	200.0000	200.0000	0.0000	102.9198
135	200.0000	200.0000	0.0000	103.7068
136	200.0000	200.0000	0.0000	104.3973
137	200.0000	200.0000	0.0000	105.0694
138	200.0000	200.0000	0.0000	105.7422
139	200.0000	200.0000	0.0000	106.4434
140	200.0000	200.0000	0.0000	107.1498
141	200.0000	200.0000	0.0000	107.8787
142	200.0000	200.0000	0.0000	108.5718
143	200.0000	200.0000	0.0000	109.2649
144	200.0000	200.0000	0.0000	109.9658
145	200.0000	200.0000	0.0000	110.6720
146	200.0000	200.0000	0.0000	111.3768
147	200.0000	200.0000	0.0000	112.0791
148	200.0000	200.0000	0.0000	112.7679
149	200.0000	200.0000	0.0000	113.4534
150	200.0000	200.0000	0.0000	114.1415
151	200.0000	200.0000	0.0000	115.0222
152	200.0000	200.0000	0.0000	115.7911
153	200.0000	200.0000	0.0000	116.5023
154	200.0000	200.0000	0.0000	117.2140
155	200.0000	200.0000	0.0000	117.9874
156	200.0000	200.0000	0.0000	118.8042
157	200.0000	200.0000	0.0000	119.5188
158	200.0000	200.0000	0.0000	120.3468
159	200.0000	200.0000	0.0000	121.0170
160	200.0000	200.0000	0.0000	121.7096
161	200.0000	200.0000	0.0000	122.4108
162	200.0000	200.0000	0.0000	123.1236
163	200.0000	200.0000	0.0000	123.8630
164	200.0000	200.0000	0.0000	124.5935
165	200.0000	200.0000	0.0000	125.2828
166	200.0000	200.0000	0.0000	125.9847
167	200.0000	200.0000	0.0000	126.6704
168	200.0000	200.0000	0.0000	127.3613
169	200.0000	200.0000	0.0000	128.0990
170	200.0000	200.0000	0.0000	128.7856
171	200.0000	200.0000	0.0000	129.5161
172	200.0000	200.0000	0.0000	130.2109
173	200.0000	200.0000	0.0000	130.9066
174	200.0000	200.0000	0.0000	131.6552
175	200.0000	200.0000	0.0000	132.3996
176	200.0000	200.0000	0.0000	133.1470
177	200.0000	200.0000	0.0000	133.8687
178	200.0000	200.0000	0.0000	134.6815
179	200.0000	200.0000	0.0000	135.4878
180	200.0000	200.0000	0.0000	136.1892
181	200.0000	200.0000	0.0000	136.9913
182	200.0000	200.0000	0.0000	137.6607
183	200.0000	200.0000	0.0000	138.3338
184	200.0000	200.0000	0.0000	139.0035
185	200.0000	200.0000	0.0000	139.7307
186	200.0000	200.0000	0.0000	140.4395
187	200.0000	200.0000	0.0000	141.1433
188	200.0000	200.0000	0.0000	141.8478
189	200.0000	200.0000	0.0000	142.5481
190	200.0000	200.0000	0.0000	143.2409
191	200.0000	200.0000	0.0000	143.9736
192	200.0000	200.0000	0.0000	144.6662
193	200.0000	200.0000	0.0000	145.3569
194	200.0000	200.0000	0.0000	146.0438
195	200.0000	200.0000	0.0000	146.7414
196	200.0000	200.0000	0.0000	147.4681
197	200.0000	200.0000	0.0000	148.1926
198	200.0000	200.0000	0.0000	148.9015
199	200.0000	200.0000	0.0000	149.6365
Pos: [3.5844283528304843, -1.848126536566827]

Run: 7
Iter	Gbest	AvrFit	Diver	ETime	
0	195.7231	-15.1078	1.0000	0.8578
1	195.7231	36.3386	0.9913	1.5774
2	197.2527	127.4323	0.9288	2.3043
3	199.2734	156.2605	0.9173	3.0196
4	199.2734	158.0107	0.9070	3.7577
5	199.7992	162.0082	0.9129	4.5073
6	199.7992	167.8418	0.8729	5.2340
7	199.7992	176.3980	0.8794	5.9185
8	199.8051	179.1675	0.7680	6.6288
9	199.8051	185.0665	0.7806	7.3717
10	199.8051	188.6325	0.7652	8.0583
11	199.8051	193.0038	0.6990	8.7521
12	199.8051	193.5017	0.7374	9.4564
13	199.8051	193.7069	0.6953	10.5119
14	199.8051	194.1661	0.7737	11.4522
15	199.9188	194.4986	0.8048	12.2135
16	199.9188	196.8527	0.6665	12.9430
17	199.9188	196.9777	0.5966	13.6242
18	199.9188	197.4757	0.5638	14.3366
19	199.9916	197.8081	0.5535	15.0626
20	199.9929	198.1039	0.5469	15.7521
21	199.9929	198.2090	0.5398	16.4452
22	199.9929	198.2582	0.5434	17.1392
23	199.9929	198.2582	0.5434	17.8149
24	199.9929	198.3300	0.5463	18.5261
25	199.9929	198.8578	0.5552	19.2146
26	199.9929	198.8777	0.5540	19.9177
27	199.9949	198.9686	0.5516	20.6010
28	199.9949	199.1750	0.6225	21.2860
29	199.9949	199.2323	0.6223	21.9688
30	199.9949	199.2932	0.5566	22.6729
31	199.9949	199.2948	0.5565	23.4411
32	199.9949	199.4165	0.5683	24.1523
33	199.9949	199.4363	0.5660	24.8485
34	199.9949	199.4363	0.5660	25.5556
35	199.9953	199.4908	0.5601	26.4418
36	199.9953	199.5345	0.5571	27.2279
37	199.9953	199.7233	0.5511	27.9696
38	199.9953	199.7302	0.5520	28.8520
39	199.9953	199.7535	0.5508	29.5415
40	199.9953	199.7676	0.5501	30.2498
41	199.9953	199.7742	0.5474	30.9868
42	199.9953	199.7779	0.5470	31.6699
43	199.9953	199.7901	0.5463	32.3822
44	199.9953	199.8278	0.5438	33.0865
45	199.9953	199.8338	0.5405	33.7844
46	199.9953	199.8509	0.3866	34.5101
47	199.9953	199.8588	0.3846	35.1970
48	199.9953	199.8589	0.3846	35.8832
49	199.9987	199.8644	0.3844	36.5670
50	199.9987	199.8843	0.4223	37.2550
51	199.9987	199.9191	0.4227	37.9529
52	199.9987	199.9194	0.4225	38.6581
53	199.9994	199.9253	0.3448	39.3438
54	199.9994	199.9263	0.3452	40.0498
55	199.9996	199.9294	0.2690	40.7534
56	199.9996	199.9315	0.2673	41.4467
57	199.9996	199.9316	0.2669	42.1300
58	199.9996	199.9318	0.2668	42.8982
59	199.9996	199.9326	0.2666	43.6637
60	199.9996	199.9332	0.2668	44.3432
61	199.9998	199.9342	0.2669	45.1636
62	199.9998	199.9349	0.2668	45.8610
63	199.9998	199.9386	0.2663	46.5720
64	200.0000	199.9390	0.2659	47.2414
65	200.0000	199.9390	0.2657	47.9171
66	200.0000	199.9414	0.1886	48.6286
67	200.0000	199.9418	0.1881	49.3252
68	200.0000	199.9418	0.1880	50.0364
69	200.0000	199.9419	0.1878	50.7655
70	200.0000	199.9419	0.1878	51.4519
71	200.0000	199.9996	0.0778	52.1486
72	200.0000	199.9999	0.0007	52.9799
73	200.0000	200.0000	0.0005	53.7059
74	200.0000	200.0000	0.0004	54.3973
75	200.0000	200.0000	0.0003	55.1462
76	200.0000	200.0000	0.0003	55.8505
77	200.0000	200.0000	0.0002	56.5820
78	200.0000	200.0000	0.0002	57.3447
79	200.0000	200.0000	0.0001	58.0623
80	200.0000	200.0000	0.0001	58.7783
81	200.0000	200.0000	0.0001	59.4776
82	200.0000	200.0000	0.0000	60.2632
83	200.0000	200.0000	0.0000	60.9570
84	200.0000	200.0000	0.0000	61.7404
85	200.0000	200.0000	0.0000	62.5153
86	200.0000	200.0000	0.0000	63.2138
87	200.0000	200.0000	0.0000	63.8735
88	200.0000	200.0000	0.0000	64.5790
89	200.0000	200.0000	0.0000	65.2652
90	200.0000	200.0000	0.0000	65.9482
91	200.0000	200.0000	0.0000	66.6776
92	200.0000	200.0000	0.0000	67.3602
93	200.0000	200.0000	0.0000	68.0449
94	200.0000	200.0000	0.0000	68.7344
95	200.0000	200.0000	0.0000	69.4218
96	200.0000	200.0000	0.0000	70.1206
97	200.0000	200.0000	0.0000	70.8373
98	200.0000	200.0000	0.0000	71.5544
99	200.0000	200.0000	0.0000	72.2406
100	200.0000	200.0000	0.0000	72.9356
101	200.0000	200.0000	0.0000	73.6907
102	200.0000	200.0000	0.0000	74.3775
103	200.0000	200.0000	0.0000	75.0914
104	200.0000	200.0000	0.0000	75.7799
105	200.0000	200.0000	0.0000	76.6222
106	200.0000	200.0000	0.0000	77.3723
107	200.0000	200.0000	0.0000	78.0792
108	200.0000	200.0000	0.0000	78.8171
109	200.0000	200.0000	0.0000	79.5057
110	200.0000	200.0000	0.0000	80.1923
111	200.0000	200.0000	0.0000	80.8918
112	200.0000	200.0000	0.0000	81.6681
113	200.0000	200.0000	0.0000	82.3858
114	200.0000	200.0000	0.0000	83.1025
115	200.0000	200.0000	0.0000	83.7946
116	200.0000	200.0000	0.0000	84.4946
117	200.0000	200.0000	0.0000	85.2053
118	200.0000	200.0000	0.0000	86.0348
119	200.0000	200.0000	0.0000	86.7887
120	200.0000	200.0000	0.0000	87.4965
121	200.0000	200.0000	0.0000	88.2430
122	200.0000	200.0000	0.0000	88.9382
123	200.0000	200.0000	0.0000	89.6487
124	200.0000	200.0000	0.0000	90.3497
125	200.0000	200.0000	0.0000	91.1820
126	200.0000	200.0000	0.0000	91.9039
127	200.0000	200.0000	0.0000	92.6139
128	200.0000	200.0000	0.0000	93.3764
129	200.0000	200.0000	0.0000	94.1176
130	200.0000	200.0000	0.0000	94.8467
131	200.0000	200.0000	0.0000	95.6750
132	200.0000	200.0000	0.0000	96.4034
133	200.0000	200.0000	0.0000	97.0747
134	200.0000	200.0000	0.0000	97.7643
135	200.0000	200.0000	0.0000	98.4766
136	200.0000	200.0000	0.0000	99.1838
137	200.0000	200.0000	0.0000	99.8788
138	200.0000	200.0000	0.0000	100.6303
139	200.0000	200.0000	0.0000	101.3262
140	200.0000	200.0000	0.0000	102.0153
141	200.0000	200.0000	0.0000	102.7579
142	200.0000	200.0000	0.0000	103.5061
143	200.0000	200.0000	0.0000	104.2132
144	200.0000	200.0000	0.0000	104.9094
145	200.0000	200.0000	0.0000	105.6576
146	200.0000	200.0000	0.0000	106.3988
147	200.0000	200.0000	0.0000	107.1832
148	200.0000	200.0000	0.0000	107.9104
149	200.0000	200.0000	0.0000	108.6135
150	200.0000	200.0000	0.0000	109.3211
151	200.0000	200.0000	0.0000	110.1310
152	200.0000	200.0000	0.0000	110.8496
153	200.0000	200.0000	0.0000	111.5580
154	200.0000	200.0000	0.0000	112.3588
155	200.0000	200.0000	0.0000	113.0414
156	200.0000	200.0000	0.0000	113.7266
157	200.0000	200.0000	0.0000	114.4519
158	200.0000	200.0000	0.0000	115.1540
159	200.0000	200.0000	0.0000	115.8433
160	200.0000	200.0000	0.0000	116.5326
161	200.0000	200.0000	0.0000	117.2357
162	200.0000	200.0000	0.0000	117.9295
163	200.0000	200.0000	0.0000	118.6419
164	200.0000	200.0000	0.0000	119.3337
165	200.0000	200.0000	0.0000	120.0933
166	200.0000	200.0000	0.0000	120.7962
167	200.0000	200.0000	0.0000	121.4869
168	200.0000	200.0000	0.0000	122.1793
169	200.0000	200.0000	0.0000	122.9191
170	200.0000	200.0000	0.0000	123.6558
171	200.0000	200.0000	0.0000	124.3792
172	200.0000	200.0000	0.0000	125.0765
173	200.0000	200.0000	0.0000	125.7720
174	200.0000	200.0000	0.0000	126.5171
175	200.0000	200.0000	0.0000	127.2330
176	200.0000	200.0000	0.0000	127.9249
177	200.0000	200.0000	0.0000	128.7735
178	200.0000	200.0000	0.0000	129.4737
179	200.0000	200.0000	0.0000	130.1472
180	200.0000	200.0000	0.0000	130.8553
181	200.0000	200.0000	0.0000	131.5892
182	200.0000	200.0000	0.0000	132.3171
183	200.0000	200.0000	0.0000	133.0118
184	200.0000	200.0000	0.0000	133.7085
185	200.0000	200.0000	0.0000	134.4147
186	200.0000	200.0000	0.0000	135.1485
187	200.0000	200.0000	0.0000	135.8402
188	200.0000	200.0000	0.0000	136.5378
189	200.0000	200.0000	0.0000	137.2395
190	200.0000	200.0000	0.0000	137.9299
191	200.0000	200.0000	0.0000	138.6604
192	200.0000	200.0000	0.0000	139.4389
193	200.0000	200.0000	0.0000	140.1966
194	200.0000	200.0000	0.0000	140.9211
195	200.0000	200.0000	0.0000	141.6442
196	200.0000	200.0000	0.0000	142.3581
197	200.0000	200.0000	0.0000	143.1277
198	200.0000	200.0000	0.0000	143.8415
199	200.0000	200.0000	0.0000	144.5348
Pos: [3.5844283378257114, -1.8481265150536053]

Run: 8
Iter	Gbest	AvrFit	Diver	ETime	
0	189.5739	23.8034	1.0000	0.9844
1	189.5739	111.0088	0.9152	1.7016
2	189.5739	138.7848	0.7530	2.4052
3	191.5531	159.1484	0.6621	3.1106
4	191.5531	169.0837	0.6428	3.8397
5	198.7964	177.0127	0.6321	4.5915
6	198.7964	181.4795	0.5689	5.3539
7	198.7964	187.2578	0.5049	6.0890
8	199.2760	192.5795	0.4358	6.8336
9	199.4748	193.4688	0.4345	7.5848
10	199.5482	194.2318	0.3974	8.3292
11	199.7306	195.0883	0.3723	9.0880
12	199.9774	195.8199	0.3638	9.8274
13	199.9774	196.6099	0.3558	10.5774
14	199.9774	197.4805	0.3021	11.8639
15	199.9774	197.9766	0.2962	12.5935
16	199.9774	198.6041	0.2798	13.3190
17	199.9774	198.8504	0.2681	14.0488
18	199.9957	199.2921	0.2538	14.7579
19	199.9957	199.5323	0.2298	15.5597
20	199.9957	199.6496	0.2189	16.2675
21	199.9957	199.7159	0.2083	17.0205
22	199.9957	199.7879	0.2014	17.8113
23	199.9957	199.8263	0.1962	18.5013
24	199.9957	199.9000	0.1131	19.2051
25	199.9957	199.9187	0.1078	19.9182
26	199.9971	199.9598	0.1000	20.6306
27	199.9971	199.9614	0.0986	21.3313
28	199.9982	199.9694	0.0948	22.0392
29	199.9995	199.9870	0.0103	22.7489
30	200.0000	199.9928	0.0077	23.4537
31	200.0000	199.9949	0.0069	24.2710
32	200.0000	199.9983	0.0039	25.0692
33	200.0000	199.9987	0.0040	25.7847
34	200.0000	199.9989	0.0038	26.6681
35	200.0000	199.9994	0.0031	27.4587
36	200.0000	199.9997	0.0021	28.2283
37	200.0000	199.9998	0.0014	29.0885
38	200.0000	199.9999	0.0010	29.8390
39	200.0000	199.9999	0.0007	30.5903
40	200.0000	200.0000	0.0005	31.3392
41	200.0000	200.0000	0.0004	32.1391
42	200.0000	200.0000	0.0003	32.8667
43	200.0000	200.0000	0.0002	33.5884
44	200.0000	200.0000	0.0002	34.4055
45	200.0000	200.0000	0.0001	35.0955
46	200.0000	200.0000	0.0001	35.8880
47	200.0000	200.0000	0.0001	36.5946
48	200.0000	200.0000	0.0001	37.3065
49	200.0000	200.0000	0.0001	38.0120
50	200.0000	200.0000	0.0000	38.7166
51	200.0000	200.0000	0.0000	39.4487
52	200.0000	200.0000	0.0000	40.1857
53	200.0000	200.0000	0.0000	40.9112
54	200.0000	200.0000	0.0000	41.6305
55	200.0000	200.0000	0.0000	42.3224
56	200.0000	200.0000	0.0000	43.0391
57	200.0000	200.0000	0.0000	43.7591
58	200.0000	200.0000	0.0000	44.4613
59	200.0000	200.0000	0.0000	45.2147
60	200.0000	200.0000	0.0000	45.9628
61	200.0000	200.0000	0.0000	46.6931
62	200.0000	200.0000	0.0000	47.4041
63	200.0000	200.0000	0.0000	48.1067
64	200.0000	200.0000	0.0000	48.8136
65	200.0000	200.0000	0.0000	49.5019
66	200.0000	200.0000	0.0000	50.1997
67	200.0000	200.0000	0.0000	51.0719
68	200.0000	200.0000	0.0000	51.7819
69	200.0000	200.0000	0.0000	52.4499
70	200.0000	200.0000	0.0000	53.1185
71	200.0000	200.0000	0.0000	53.8182
72	200.0000	200.0000	0.0000	54.5032
73	200.0000	200.0000	0.0000	55.2244
74	200.0000	200.0000	0.0000	55.9506
75	200.0000	200.0000	0.0000	56.6325
76	200.0000	200.0000	0.0000	57.3294
77	200.0000	200.0000	0.0000	58.0180
78	200.0000	200.0000	0.0000	58.6967
79	200.0000	200.0000	0.0000	59.4239
80	200.0000	200.0000	0.0000	60.1327
81	200.0000	200.0000	0.0000	60.8470
82	200.0000	200.0000	0.0000	61.5370
83	200.0000	200.0000	0.0000	62.2237
84	200.0000	200.0000	0.0000	62.9294
85	200.0000	200.0000	0.0000	63.6845
86	200.0000	200.0000	0.0000	64.3847
87	200.0000	200.0000	0.0000	65.1619
88	200.0000	200.0000	0.0000	65.9027
89	200.0000	200.0000	0.0000	66.5958
90	200.0000	200.0000	0.0000	67.4942
91	200.0000	200.0000	0.0000	68.2185
92	200.0000	200.0000	0.0000	68.9330
93	200.0000	200.0000	0.0000	69.6235
94	200.0000	200.0000	0.0000	70.3416
95	200.0000	200.0000	0.0000	71.1212
96	200.0000	200.0000	0.0000	71.8589
97	200.0000	200.0000	0.0000	72.5517
98	200.0000	200.0000	0.0000	73.2415
99	200.0000	200.0000	0.0000	73.9338
100	200.0000	200.0000	0.0000	74.6205
101	200.0000	200.0000	0.0000	75.3992
102	200.0000	200.0000	0.0000	76.1292
103	200.0000	200.0000	0.0000	76.8709
104	200.0000	200.0000	0.0000	77.5988
105	200.0000	200.0000	0.0000	78.3222
106	200.0000	200.0000	0.0000	79.0436
107	200.0000	200.0000	0.0000	79.7615
108	200.0000	200.0000	0.0000	80.4677
109	200.0000	200.0000	0.0000	81.1770
110	200.0000	200.0000	0.0000	81.9311
111	200.0000	200.0000	0.0000	82.6716
112	200.0000	200.0000	0.0000	83.3838
113	200.0000	200.0000	0.0000	84.3103
114	200.0000	200.0000	0.0000	85.0236
115	200.0000	200.0000	0.0000	85.7136
116	200.0000	200.0000	0.0000	86.4234
117	200.0000	200.0000	0.0000	87.1136
118	200.0000	200.0000	0.0000	87.8327
119	200.0000	200.0000	0.0000	88.5229
120	200.0000	200.0000	0.0000	89.2098
121	200.0000	200.0000	0.0000	89.9155
122	200.0000	200.0000	0.0000	90.6038
123	200.0000	200.0000	0.0000	91.2957
124	200.0000	200.0000	0.0000	92.0179
125	200.0000	200.0000	0.0000	92.7138
126	200.0000	200.0000	0.0000	93.4250
127	200.0000	200.0000	0.0000	94.1553
128	200.0000	200.0000	0.0000	94.8794
129	200.0000	200.0000	0.0000	95.6068
130	200.0000	200.0000	0.0000	96.3948
131	200.0000	200.0000	0.0000	97.1463
132	200.0000	200.0000	0.0000	97.8606
133	200.0000	200.0000	0.0000	98.5687
134	200.0000	200.0000	0.0000	99.3207
135	200.0000	200.0000	0.0000	100.0137
136	200.0000	200.0000	0.0000	100.9901
137	200.0000	200.0000	0.0000	101.8119
138	200.0000	200.0000	0.0000	102.5238
139	200.0000	200.0000	0.0000	103.2274
140	200.0000	200.0000	0.0000	103.9329
141	200.0000	200.0000	0.0000	104.6386
142	200.0000	200.0000	0.0000	105.3419
143	200.0000	200.0000	0.0000	106.0472
144	200.0000	200.0000	0.0000	106.7400
145	200.0000	200.0000	0.0000	107.4355
146	200.0000	200.0000	0.0000	108.1440
147	200.0000	200.0000	0.0000	108.8381
148	200.0000	200.0000	0.0000	109.5483
149	200.0000	200.0000	0.0000	110.2560
150	200.0000	200.0000	0.0000	110.9619
151	200.0000	200.0000	0.0000	111.7141
152	200.0000	200.0000	0.0000	112.4396
153	200.0000	200.0000	0.0000	113.1451
154	200.0000	200.0000	0.0000	113.8880
155	200.0000	200.0000	0.0000	114.5763
156	200.0000	200.0000	0.0000	115.3805
157	200.0000	200.0000	0.0000	116.1120
158	200.0000	200.0000	0.0000	116.8053
159	200.0000	200.0000	0.0000	117.6281
160	200.0000	200.0000	0.0000	118.3057
161	200.0000	200.0000	0.0000	119.0326
162	200.0000	200.0000	0.0000	119.7588
163	200.0000	200.0000	0.0000	120.4474
164	200.0000	200.0000	0.0000	121.1660
165	200.0000	200.0000	0.0000	121.8603
166	200.0000	200.0000	0.0000	122.6072
167	200.0000	200.0000	0.0000	123.3318
168	200.0000	200.0000	0.0000	124.0191
169	200.0000	200.0000	0.0000	124.7077
170	200.0000	200.0000	0.0000	125.4041
171	200.0000	200.0000	0.0000	126.0998
172	200.0000	200.0000	0.0000	126.7917
173	200.0000	200.0000	0.0000	127.4915
174	200.0000	200.0000	0.0000	128.1765
175	200.0000	200.0000	0.0000	128.8795
176	200.0000	200.0000	0.0000	129.6337
177	200.0000	200.0000	0.0000	130.3437
178	200.0000	200.0000	0.0000	131.0434
179	200.0000	200.0000	0.0000	131.7682
180	200.0000	200.0000	0.0000	132.5140
181	200.0000	200.0000	0.0000	133.2684
182	200.0000	200.0000	0.0000	134.0091
183	200.0000	200.0000	0.0000	134.7837
184	200.0000	200.0000	0.0000	135.5097
185	200.0000	200.0000	0.0000	136.2190
186	200.0000	200.0000	0.0000	136.9593
187	200.0000	200.0000	0.0000	137.6789
188	200.0000	200.0000	0.0000	138.3643
189	200.0000	200.0000	0.0000	139.0553
190	200.0000	200.0000	0.0000	139.7870
191	200.0000	200.0000	0.0000	140.5158
192	200.0000	200.0000	0.0000	141.2039
193	200.0000	200.0000	0.0000	141.9232
194	200.0000	200.0000	0.0000	142.6251
195	200.0000	200.0000	0.0000	143.3449
196	200.0000	200.0000	0.0000	144.0945
197	200.0000	200.0000	0.0000	144.8128
198	200.0000	200.0000	0.0000	145.5343
199	200.0000	200.0000	0.0000	146.3130
Pos: [3.000000014946455, 1.9999999816595306]

Run: 9
Iter	Gbest	AvrFit	Diver	ETime	
0	173.9229	10.8840	1.0000	0.8824
1	190.8090	96.3042	0.7797	1.6172
2	193.4747	129.0235	0.6935	2.4691
3	193.4747	140.9027	0.7691	3.2668
4	193.4747	149.2139	0.7263	3.9718
5	193.4747	151.9831	0.7109	4.7822
6	197.7854	164.7248	0.6845	5.5008
7	199.0583	166.4745	0.6838	6.1853
8	199.0583	171.9121	0.6868	6.8989
9	199.0583	174.8828	0.6526	7.6468
10	199.6798	176.3011	0.6188	8.3833
11	199.6798	182.2449	0.5355	9.1355
12	199.6798	189.2398	0.5298	9.8703
13	199.6798	191.3549	0.4410	11.0650
14	199.6798	193.0792	0.4253	11.8060
15	199.6798	194.6017	0.4112	12.5427
16	199.6798	195.1084	0.4072	13.4161
17	199.8938	196.8732	0.2988	14.1561
18	199.9951	197.3283	0.2943	15.4951
19	199.9951	197.6483	0.1940	16.2213
20	199.9951	198.5853	0.1755	16.9315
21	199.9951	198.8413	0.1611	17.6682
22	199.9951	198.9418	0.1500	18.3766
23	199.9951	199.6009	0.0370	19.2089
24	199.9951	199.8842	0.0229	19.9158
25	199.9995	199.9210	0.0209	20.6208
26	199.9995	199.9448	0.0187	21.4410
27	199.9995	199.9670	0.0146	22.1438
28	199.9995	199.9792	0.0110	22.8529
29	199.9995	199.9909	0.0068	23.5555
30	199.9999	199.9940	0.0064	24.2577
31	199.9999	199.9961	0.0049	24.9741
32	199.9999	199.9972	0.0036	25.6724
33	199.9999	199.9982	0.0028	26.5946
34	199.9999	199.9989	0.0024	27.3733
35	199.9999	199.9994	0.0016	28.2099
36	199.9999	199.9996	0.0014	28.9743
37	200.0000	199.9998	0.0010	29.6648
38	200.0000	199.9998	0.0009	30.3688
39	200.0000	199.9999	0.0005	31.1987
40	200.0000	200.0000	0.0004	32.4731
41	200.0000	200.0000	0.0003	33.2069
42	200.0000	200.0000	0.0002	33.8945
43	200.0000	200.0000	0.0002	34.6141
44	200.0000	200.0000	0.0001	35.3181
45	200.0000	200.0000	0.0001	36.1874
46	200.0000	200.0000	0.0001	36.9139
47	200.0000	200.0000	0.0001	37.7269
48	200.0000	200.0000	0.0001	38.4455
49	200.0000	200.0000	0.0001	39.1488
50	200.0000	200.0000	0.0000	39.8526
51	200.0000	200.0000	0.0000	40.5834
52	200.0000	200.0000	0.0000	41.2898
53	200.0000	200.0000	0.0000	41.9998
54	200.0000	200.0000	0.0000	42.7153
55	200.0000	200.0000	0.0000	43.3960
56	200.0000	200.0000	0.0000	44.1167
57	200.0000	200.0000	0.0000	44.8034
58	200.0000	200.0000	0.0000	45.4912
59	200.0000	200.0000	0.0000	46.1862
60	200.0000	200.0000	0.0000	46.9308
61	200.0000	200.0000	0.0000	47.6627
62	200.0000	200.0000	0.0000	48.9483
63	200.0000	200.0000	0.0000	49.6855
64	200.0000	200.0000	0.0000	50.4358
65	200.0000	200.0000	0.0000	51.1222
66	200.0000	200.0000	0.0000	51.8596
67	200.0000	200.0000	0.0000	52.6812
68	200.0000	200.0000	0.0000	53.3907
69	200.0000	200.0000	0.0000	54.1992
70	200.0000	200.0000	0.0000	54.9331
71	200.0000	200.0000	0.0000	55.6347
72	200.0000	200.0000	0.0000	56.3188
73	200.0000	200.0000	0.0000	57.0123
74	200.0000	200.0000	0.0000	57.7109
75	200.0000	200.0000	0.0000	58.4421
76	200.0000	200.0000	0.0000	59.1714
77	200.0000	200.0000	0.0000	59.8807
78	200.0000	200.0000	0.0000	60.5950
79	200.0000	200.0000	0.0000	61.2986
80	200.0000	200.0000	0.0000	62.0077
81	200.0000	200.0000	0.0000	62.7377
82	200.0000	200.0000	0.0000	63.4501
83	200.0000	200.0000	0.0000	64.1599
84	200.0000	200.0000	0.0000	65.4869
85	200.0000	200.0000	0.0000	66.2510
86	200.0000	200.0000	0.0000	66.9873
87	200.0000	200.0000	0.0000	67.6973
88	200.0000	200.0000	0.0000	68.4097
89	200.0000	200.0000	0.0000	69.2120
90	200.0000	200.0000	0.0000	69.9010
91	200.0000	200.0000	0.0000	70.6406
92	200.0000	200.0000	0.0000	71.4798
93	200.0000	200.0000	0.0000	72.1588
94	200.0000	200.0000	0.0000	72.8302
95	200.0000	200.0000	0.0000	73.5233
96	200.0000	200.0000	0.0000	74.2292
97	200.0000	200.0000	0.0000	74.9364
98	200.0000	200.0000	0.0000	75.6283
99	200.0000	200.0000	0.0000	76.3247
100	200.0000	200.0000	0.0000	77.0135
101	200.0000	200.0000	0.0000	77.7223
102	200.0000	200.0000	0.0000	78.4419
103	200.0000	200.0000	0.0000	79.1559
104	200.0000	200.0000	0.0000	79.8771
105	200.0000	200.0000	0.0000	80.5752
106	200.0000	200.0000	0.0000	81.6104
107	200.0000	200.0000	0.0000	82.6485
108	200.0000	200.0000	0.0000	83.3719
109	200.0000	200.0000	0.0000	84.0845
110	200.0000	200.0000	0.0000	84.8217
111	200.0000	200.0000	0.0000	85.5978
112	200.0000	200.0000	0.0000	86.3316
113	200.0000	200.0000	0.0000	87.0259
114	200.0000	200.0000	0.0000	87.8491
115	200.0000	200.0000	0.0000	88.5317
116	200.0000	200.0000	0.0000	89.2231
117	200.0000	200.0000	0.0000	89.8929
118	200.0000	200.0000	0.0000	90.6217
119	200.0000	200.0000	0.0000	91.3551
120	200.0000	200.0000	0.0000	92.0465
121	200.0000	200.0000	0.0000	92.7513
122	200.0000	200.0000	0.0000	93.4403
123	200.0000	200.0000	0.0000	94.1498
124	200.0000	200.0000	0.0000	94.8768
125	200.0000	200.0000	0.0000	95.5710
126	200.0000	200.0000	0.0000	96.2815
127	200.0000	200.0000	0.0000	96.9689
128	200.0000	200.0000	0.0000	97.6677
129	200.0000	200.0000	0.0000	99.0186
130	200.0000	200.0000	0.0000	99.7651
131	200.0000	200.0000	0.0000	100.4732
132	200.0000	200.0000	0.0000	101.1868
133	200.0000	200.0000	0.0000	101.9022
134	200.0000	200.0000	0.0000	102.6886
135	200.0000	200.0000	0.0000	103.3871
136	200.0000	200.0000	0.0000	104.1875
137	200.0000	200.0000	0.0000	104.9201
138	200.0000	200.0000	0.0000	105.5951
139	200.0000	200.0000	0.0000	106.2770
140	200.0000	200.0000	0.0000	106.9760
141	200.0000	200.0000	0.0000	107.6927
142	200.0000	200.0000	0.0000	108.4127
143	200.0000	200.0000	0.0000	109.1037
144	200.0000	200.0000	0.0000	109.7999
145	200.0000	200.0000	0.0000	110.5068
146	200.0000	200.0000	0.0000	111.2554
147	200.0000	200.0000	0.0000	111.9599
148	200.0000	200.0000	0.0000	112.6561
149	200.0000	200.0000	0.0000	113.3459
150	200.0000	200.0000	0.0000	114.0325
151	200.0000	200.0000	0.0000	115.2444
152	200.0000	200.0000	0.0000	116.0483
153	200.0000	200.0000	0.0000	116.9040
154	200.0000	200.0000	0.0000	117.6400
155	200.0000	200.0000	0.0000	118.3960
156	200.0000	200.0000	0.0000	119.1905
157	200.0000	200.0000	0.0000	119.8740
158	200.0000	200.0000	0.0000	120.5609
159	200.0000	200.0000	0.0000	121.3889
160	200.0000	200.0000	0.0000	122.0803
161	200.0000	200.0000	0.0000	122.7875
162	200.0000	200.0000	0.0000	123.4722
163	200.0000	200.0000	0.0000	124.1620
164	200.0000	200.0000	0.0000	124.8519
165	200.0000	200.0000	0.0000	125.5450
166	200.0000	200.0000	0.0000	126.2455
167	200.0000	200.0000	0.0000	126.9660
168	200.0000	200.0000	0.0000	127.6491
169	200.0000	200.0000	0.0000	128.3612
170	200.0000	200.0000	0.0000	129.0772
171	200.0000	200.0000	0.0000	129.7948
172	200.0000	200.0000	0.0000	130.4893
173	200.0000	200.0000	0.0000	131.6054
174	200.0000	200.0000	0.0000	133.0559
175	200.0000	200.0000	0.0000	134.5100
176	200.0000	200.0000	0.0000	135.5660
177	200.0000	200.0000	0.0000	136.2934
178	200.0000	200.0000	0.0000	136.9660
179	200.0000	200.0000	0.0000	137.7285
180	200.0000	200.0000	0.0000	138.4292
181	200.0000	200.0000	0.0000	139.1165
182	200.0000	200.0000	0.0000	139.7920
183	200.0000	200.0000	0.0000	140.4898
184	200.0000	200.0000	0.0000	141.2027
185	200.0000	200.0000	0.0000	141.9084
186	200.0000	200.0000	0.0000	142.6451
187	200.0000	200.0000	0.0000	143.3756
188	200.0000	200.0000	0.0000	144.0687
189	200.0000	200.0000	0.0000	144.7597
190	200.0000	200.0000	0.0000	145.4492
191	200.0000	200.0000	0.0000	146.1518
192	200.0000	200.0000	0.0000	146.9085
193	200.0000	200.0000	0.0000	147.6192
194	200.0000	200.0000	0.0000	148.3600
195	200.0000	200.0000	0.0000	149.1158
196	200.0000	200.0000	0.0000	149.8308
197	200.0000	200.0000	0.0000	150.5444
198	200.0000	200.0000	0.0000	151.3534
199	200.0000	200.0000	0.0000	152.1146
Pos: [-2.8051180880481987, 3.1313125246567832]

=================================================================================================================