ID: vincent	Date: 2019-05-03 16:34:20	Runs: 1
=================================================================================================================
Run: 0
Iter	Gbest	AvrFit	Diver	ETime	
0	0.9964	0.2611	0.0000	0.0007
1	0.9964	0.3051	0.0000	0.0013
2	0.9964	0.4099	0.0000	0.0020
3	0.9964	0.4537	0.0000	0.0026
4	0.9964	0.5365	0.0000	0.0032
5	0.9964	0.5355	0.0000	0.0038
6	0.9993	0.6222	0.0000	0.0044
7	0.9993	0.5732	0.0000	0.0050
8	0.9993	0.6384	0.0000	0.0055
9	0.9993	0.6917	0.0000	0.0061
10	0.9996	0.7238	0.0000	0.0067
11	0.9996	0.7295	0.0000	0.0073
12	0.9996	0.7125	0.0000	0.0080
13	0.9996	0.6335	0.0000	0.0086
14	0.9997	0.6620	0.0000	0.0091
15	0.9997	0.6496	0.0000	0.0097
16	0.9999	0.6948	0.0000	0.0103
17	0.9999	0.6829	0.0000	0.0108
18	0.9999	0.7164	0.0000	0.0114
19	1.0000	0.7520	0.0000	0.0120
20	1.0000	0.7221	0.0000	0.0126
21	1.0000	0.7243	0.0000	0.0132
22	1.0000	0.7480	0.0000	0.0138
23	1.0000	0.7415	0.0000	0.0144
24	1.0000	0.6987	0.0000	0.0149
25	1.0000	0.7552	0.0000	0.0155
26	1.0000	0.7532	0.0000	0.0163
27	1.0000	0.7048	0.0000	0.0169
28	1.0000	0.7306	0.0000	0.0175
29	1.0000	0.7767	0.0000	0.0181
30	1.0000	0.7364	0.0000	0.0187
31	1.0000	0.7543	0.0000	0.0193
32	1.0000	0.7784	0.0000	0.0199
33	1.0000	0.7751	0.0000	0.0205
34	1.0000	0.7606	0.0000	0.0211
35	1.0000	0.7642	0.0000	0.0217
36	1.0000	0.7547	0.0000	0.0223
37	1.0000	0.7497	0.0000	0.0229
38	1.0000	0.7221	0.0000	0.0235
39	1.0000	0.7378	0.0000	0.0241
40	1.0000	0.7499	0.0000	0.0249
41	1.0000	0.7593	0.0000	0.0255
42	1.0000	0.7373	0.0000	0.0261
43	1.0000	0.7460	0.0000	0.0267
44	1.0000	0.7591	0.0000	0.0274
45	1.0000	0.7372	0.0000	0.0280
46	1.0000	0.7511	0.0000	0.0286
47	1.0000	0.7829	0.0000	0.0292
48	1.0000	0.7890	0.0000	0.0298
49	1.0000	0.7869	0.0000	0.0304
50	1.0000	0.7822	0.0000	0.0310
51	1.0000	0.8021	0.0000	0.0316
52	1.0000	0.8149	0.0000	0.0322
53	1.0000	0.8257	0.0000	0.0328
54	1.0000	0.8112	0.0000	0.0334
55	1.0000	0.8238	0.0000	0.0340
56	1.0000	0.8195	0.0000	0.0347
57	1.0000	0.8125	0.0000	0.0353
58	1.0000	0.7918	0.0000	0.0358
59	1.0000	0.7969	0.0000	0.0364
60	1.0000	0.8220	0.0000	0.0371
61	1.0000	0.8261	0.0000	0.0377
62	1.0000	0.8118	0.0000	0.0384
63	1.0000	0.7953	0.0000	0.0390
64	1.0000	0.8070	0.0000	0.0396
65	1.0000	0.8160	0.0000	0.0402
66	1.0000	0.8343	0.0000	0.0408
67	1.0000	0.8350	0.0000	0.0415
68	1.0000	0.8213	0.0000	0.0423
69	1.0000	0.8070	0.0000	0.0432
70	1.0000	0.7471	0.0000	0.0438
71	1.0000	0.8242	0.0000	0.0445
72	1.0000	0.8533	0.0000	0.0451
73	1.0000	0.8063	0.0000	0.0457
74	1.0000	0.7828	0.0000	0.0463
75	1.0000	0.7720	0.0000	0.0469
76	1.0000	0.7683	0.0000	0.0476
77	1.0000	0.7386	0.0000	0.0483
78	1.0000	0.7712	0.0000	0.0489
79	1.0000	0.7402	0.0000	0.0495
80	1.0000	0.7523	0.0000	0.0501
81	1.0000	0.7672	0.0000	0.0508
82	1.0000	0.7519	0.0000	0.0515
83	1.0000	0.7831	0.0000	0.0522
84	1.0000	0.7706	0.0000	0.0528
85	1.0000	0.8075	0.0000	0.0534
86	1.0000	0.8077	0.0000	0.0540
87	1.0000	0.7698	0.0000	0.0547
88	1.0000	0.7800	0.0000	0.0552
89	1.0000	0.7804	0.0000	0.0559
90	1.0000	0.7720	0.0000	0.0566
91	1.0000	0.7838	0.0000	0.0572
92	1.0000	0.7927	0.0000	0.0578
93	1.0000	0.8334	0.0000	0.0585
94	1.0000	0.8124	0.0000	0.0591
95	1.0000	0.8224	0.0000	0.0597
96	1.0000	0.7845	0.0000	0.0604
97	1.0000	0.7739	0.0000	0.0610
98	1.0000	0.7830	0.0000	0.0617
99	1.0000	0.8241	0.0000	0.0622
100	1.0000	0.7811	0.0000	0.0629
101	1.0000	0.7861	0.0000	0.0635
102	1.0000	0.7732	0.0000	0.0641
103	1.0000	0.7610	0.0000	0.0648
104	1.0000	0.7642	0.0000	0.0656
105	1.0000	0.8179	0.0000	0.0662
106	1.0000	0.7680	0.0000	0.0669
107	1.0000	0.7643	0.0000	0.0678
108	1.0000	0.7647	0.0000	0.0684
109	1.0000	0.7831	0.0000	0.0692
110	1.0000	0.7758	0.0000	0.0698
111	1.0000	0.8156	0.0000	0.0705
112	1.0000	0.7856	0.0000	0.0712
113	1.0000	0.8187	0.0000	0.0720
114	1.0000	0.7701	0.0000	0.0727
115	1.0000	0.7544	0.0000	0.0733
116	1.0000	0.7710	0.0000	0.0739
117	1.0000	0.7105	0.0000	0.0746
118	1.0000	0.7481	0.0000	0.0753
119	1.0000	0.7476	0.0000	0.0759
120	1.0000	0.7573	0.0000	0.0766
121	1.0000	0.7741	0.0000	0.0772
122	1.0000	0.8293	0.0000	0.0779
123	1.0000	0.7767	0.0000	0.0786
124	1.0000	0.7425	0.0000	0.0793
125	1.0000	0.7074	0.0000	0.0800
126	1.0000	0.7105	0.0000	0.0807
127	1.0000	0.7246	0.0000	0.0814
128	1.0000	0.6778	0.0000	0.0822
129	1.0000	0.7185	0.0000	0.0828
130	1.0000	0.7629	0.0000	0.0834
131	1.0000	0.7347	0.0000	0.0841
132	1.0000	0.7477	0.0000	0.0848
133	1.0000	0.7746	0.0000	0.0854
134	1.0000	0.7718	0.0000	0.0861
135	1.0000	0.7707	0.0000	0.0868
136	1.0000	0.7585	0.0000	0.0876
137	1.0000	0.7544	0.0000	0.0883
138	1.0000	0.7713	0.0000	0.0890
139	1.0000	0.7757	0.0000	0.0897
140	1.0000	0.7943	0.0000	0.0903
141	1.0000	0.7544	0.0000	0.0910
142	1.0000	0.7660	0.0000	0.0916
143	1.0000	0.7629	0.0000	0.0922
144	1.0000	0.7858	0.0000	0.0928
145	1.0000	0.7816	0.0000	0.0934
146	1.0000	0.7761	0.0000	0.0942
147	1.0000	0.7770	0.0000	0.0950
148	1.0000	0.7608	0.0000	0.0957
149	1.0000	0.7116	0.0000	0.0966
150	1.0000	0.7013	0.0000	0.0975
151	1.0000	0.7601	0.0000	0.0981
152	1.0000	0.7670	0.0000	0.0990
153	1.0000	0.7896	0.0000	0.0997
154	1.0000	0.6987	0.0000	0.1003
155	1.0000	0.7774	0.0000	0.1010
156	1.0000	0.7800	0.0000	0.1018
157	1.0000	0.7333	0.0000	0.1025
158	1.0000	0.7561	0.0000	0.1030
159	1.0000	0.7689	0.0000	0.1036
160	1.0000	0.7625	0.0000	0.1043
161	1.0000	0.7964	0.0000	0.1049
162	1.0000	0.7909	0.0000	0.1056
163	1.0000	0.8018	0.0000	0.1063
164	1.0000	0.8081	0.0000	0.1073
165	1.0000	0.8101	0.0000	0.1083
166	1.0000	0.7996	0.0000	0.1091
167	1.0000	0.8098	0.0000	0.1100
168	1.0000	0.8103	0.0000	0.1109
169	1.0000	0.8225	0.0000	0.1117
170	1.0000	0.8050	0.0000	0.1125
171	1.0000	0.8118	0.0000	0.1134
172	1.0000	0.7504	0.0000	0.1144
173	1.0000	0.7831	0.0000	0.1155
174	1.0000	0.7361	0.0000	0.1165
175	1.0000	0.7380	0.0000	0.1173
176	1.0000	0.7997	0.0000	0.1182
177	1.0000	0.7266	0.0000	0.1190
178	1.0000	0.7044	0.0000	0.1198
179	1.0000	0.7132	0.0000	0.1207
180	1.0000	0.7088	0.0000	0.1215
181	1.0000	0.7428	0.0000	0.1225
182	1.0000	0.7014	0.0000	0.1235
183	1.0000	0.7015	0.0000	0.1244
184	1.0000	0.7265	0.0000	0.1254
185	1.0000	0.6867	0.0000	0.1265
186	1.0000	0.7008	0.0000	0.1275
187	1.0000	0.6591	0.0000	0.1287
188	1.0000	0.7641	0.0000	0.1300
189	1.0000	0.6965	0.0000	0.1314
190	1.0000	0.6505	0.0000	0.1332
191	1.0000	0.7216	0.0000	0.1345
192	1.0000	0.7223	0.0000	0.1357
193	1.0000	0.7586	0.0000	0.1369
194	1.0000	0.7740	0.0000	0.1380
195	1.0000	0.7835	0.0000	0.1392
196	1.0000	0.7897	0.0000	0.1405
197	1.0000	0.7811	0.0000	0.1416
198	1.0000	0.7921	0.0000	0.1432
199	1.0000	0.7846	0.0000	0.1446
200	1.0000	0.7970	0.0000	0.1459
201	1.0000	0.8159	0.0000	0.1471
202	1.0000	0.7768	0.0000	0.1481
203	1.0000	0.8202	0.0000	0.1491
204	1.0000	0.7774	0.0000	0.1502
205	1.0000	0.7649	0.0000	0.1513
206	1.0000	0.7553	0.0000	0.1524
207	1.0000	0.7678	0.0000	0.1536
208	1.0000	0.7367	0.0000	0.1546
209	1.0000	0.7611	0.0000	0.1558
210	1.0000	0.7247	0.0000	0.1570
211	1.0000	0.7524	0.0000	0.1581
212	1.0000	0.7422	0.0000	0.1590
213	1.0000	0.7093	0.0000	0.1598
214	1.0000	0.7287	0.0000	0.1608
215	1.0000	0.7942	0.0000	0.1622
216	1.0000	0.7746	0.0000	0.1637
217	1.0000	0.7131	0.0000	0.1649
218	1.0000	0.7327	0.0000	0.1659
219	1.0000	0.7118	0.0000	0.1670
220	1.0000	0.7103	0.0000	0.1682
221	1.0000	0.7191	0.0000	0.1692
222	1.0000	0.7635	0.0000	0.1701
223	1.0000	0.7911	0.0000	0.1712
224	1.0000	0.8143	0.0000	0.1723
225	1.0000	0.7664	0.0000	0.1733
226	1.0000	0.7273	0.0000	0.1744
227	1.0000	0.7552	0.0000	0.1753
228	1.0000	0.7419	0.0000	0.1762
229	1.0000	0.7788	0.0000	0.1773
230	1.0000	0.7743	0.0000	0.1784
231	1.0000	0.7948	0.0000	0.1795
232	1.0000	0.7720	0.0000	0.1808
233	1.0000	0.7134	0.0000	0.1817
234	1.0000	0.7265	0.0000	0.1826
235	1.0000	0.7308	0.0000	0.1835
236	1.0000	0.7290	0.0000	0.1844
237	1.0000	0.6753	0.0000	0.1854
238	1.0000	0.7307	0.0000	0.1865
239	1.0000	0.7521	0.0000	0.1875
240	1.0000	0.7607	0.0000	0.1887
241	1.0000	0.6979	0.0000	0.1897
242	1.0000	0.6768	0.0000	0.1910
243	1.0000	0.7155	0.0000	0.1920
244	1.0000	0.6600	0.0000	0.1932
245	1.0000	0.7015	0.0000	0.1943
246	1.0000	0.7023	0.0000	0.1954
247	1.0000	0.6896	0.0000	0.1967
248	1.0000	0.7034	0.0000	0.1981
249	1.0000	0.6626	0.0000	0.1993
250	1.0000	0.6811	0.0000	0.2007
251	1.0000	0.6709	0.0000	0.2018
252	1.0000	0.6646	0.0000	0.2028
253	1.0000	0.6919	0.0000	0.2038
254	1.0000	0.7313	0.0000	0.2049
255	1.0000	0.7265	0.0000	0.2059
256	1.0000	0.6799	0.0000	0.2069
257	1.0000	0.6818	0.0000	0.2080
258	1.0000	0.7046	0.0000	0.2091
259	1.0000	0.6623	0.0000	0.2102
260	1.0000	0.7478	0.0000	0.2113
261	1.0000	0.7234	0.0000	0.2122
262	1.0000	0.7098	0.0000	0.2135
263	1.0000	0.7258	0.0000	0.2146
264	1.0000	0.7378	0.0000	0.2158
265	1.0000	0.7353	0.0000	0.2169
266	1.0000	0.7335	0.0000	0.2182
267	1.0000	0.7515	0.0000	0.2191
268	1.0000	0.7351	0.0000	0.2200
269	1.0000	0.7461	0.0000	0.2210
270	1.0000	0.7458	0.0000	0.2219
271	1.0000	0.7809	0.0000	0.2227
272	1.0000	0.7993	0.0000	0.2235
273	1.0000	0.7863	0.0000	0.2244
274	1.0000	0.8140	0.0000	0.2255
275	1.0000	0.7698	0.0000	0.2268
276	1.0000	0.7906	0.0000	0.2279
277	1.0000	0.7835	0.0000	0.2289
278	1.0000	0.7595	0.0000	0.2300
279	1.0000	0.7622	0.0000	0.2309
280	1.0000	0.7640	0.0000	0.2319
281	1.0000	0.7329	0.0000	0.2330
282	1.0000	0.7514	0.0000	0.2339
283	1.0000	0.7948	0.0000	0.2347
284	1.0000	0.7982	0.0000	0.2355
285	1.0000	0.7864	0.0000	0.2363
