ID: vincent	Date: 2019-05-03 15:59:06	Runs: 1
=================================================================================================================
Run: 0
Iter	Gbest	AvrFit	Diver	ETime	
0	0.9700	0.2459	0.0000	0.0007
1	0.9700	0.3176	0.0000	0.0013
2	0.9918	0.4215	0.0000	0.0020
3	0.9918	0.4744	0.0000	0.0027
4	0.9918	0.5113	0.0000	0.0033
5	0.9918	0.5853	0.0000	0.0039
6	0.9980	0.5715	0.0000	0.0046
7	0.9980	0.5961	0.0000	0.0052
8	0.9980	0.6313	0.0000	0.0058
9	0.9980	0.6439	0.0000	0.0065
10	0.9988	0.7264	0.0000	0.0071
11	0.9988	0.7456	0.0000	0.0077
12	0.9988	0.7391	0.0000	0.0083
13	0.9988	0.7329	0.0000	0.0089
14	0.9988	0.7766	0.0000	0.0095
15	0.9988	0.7880	0.0000	0.0102
16	0.9988	0.8484	0.0000	0.0108
17	0.9988	0.8388	0.0000	0.0115
18	0.9989	0.8512	0.0000	0.0121
19	0.9989	0.8653	0.0000	0.0127
20	0.9994	0.8776	0.0000	0.0133
21	0.9994	0.8883	0.0000	0.0140
22	0.9994	0.8946	0.0000	0.0147
23	0.9994	0.9136	0.0000	0.0153
24	0.9994	0.9012	0.0000	0.0159
25	0.9996	0.9083	0.0000	0.0165
26	0.9996	0.9162	0.0000	0.0172
27	0.9996	0.9124	0.0000	0.0179
28	0.9996	0.9243	0.0000	0.0185
29	0.9996	0.9225	0.0000	0.0191
30	0.9996	0.8940	0.0000	0.0197
31	0.9996	0.9143	0.0000	0.0203
32	0.9998	0.9053	0.0000	0.0210
33	0.9998	0.9208	0.0000	0.0216
34	0.9998	0.9294	0.0000	0.0222
35	0.9999	0.9097	0.0000	0.0228
36	0.9999	0.9415	0.0000	0.0234
37	1.0000	0.9482	0.0000	0.0242
38	1.0000	0.7576	0.0000	0.0248
39	1.0000	0.7433	0.0000	0.0254
40	1.0000	0.7774	0.0000	0.0260
41	1.0000	0.8085	0.0000	0.0266
42	1.0000	0.7643	0.0000	0.0272
43	1.0000	0.8545	0.0000	0.0278
44	1.0000	0.8346	0.0000	0.0284
45	1.0000	0.8475	0.0000	0.0291
46	1.0000	0.8790	0.0000	0.0297
47	1.0000	0.8627	0.0000	0.0303
48	1.0000	0.8875	0.0000	0.0309
49	1.0000	0.9054	0.0000	0.0315
50	1.0000	0.9078	0.0000	0.0321
51	1.0000	0.9222	0.0000	0.0327
52	1.0000	0.9184	0.0000	0.0334
53	1.0000	0.8981	0.0000	0.0340
54	1.0000	0.9015	0.0000	0.0346
55	1.0000	0.9029	0.0000	0.0352
56	1.0000	0.9229	0.0000	0.0358
57	1.0000	0.9375	0.0000	0.0365
58	1.0000	0.9438	0.0000	0.0371
59	1.0000	0.9400	0.0000	0.0378
60	1.0000	0.9399	0.0000	0.0384
61	1.0000	0.9483	0.0000	0.0390
62	1.0000	0.9327	0.0000	0.0397
63	1.0000	0.9219	0.0000	0.0403
64	1.0000	0.9124	0.0000	0.0409
65	1.0000	0.9168	0.0000	0.0416
66	1.0000	0.9418	0.0000	0.0422
67	1.0000	0.9200	0.0000	0.0428
68	1.0000	0.9365	0.0000	0.0435
69	1.0000	0.9481	0.0000	0.0441
70	1.0000	0.9248	0.0000	0.0447
71	1.0000	0.9117	0.0000	0.0453
72	1.0000	0.8919	0.0000	0.0460
73	1.0000	0.8831	0.0000	0.0467
74	1.0000	0.8944	0.0000	0.0474
75	1.0000	0.8853	0.0000	0.0481
76	1.0000	0.8705	0.0000	0.0492
77	1.0000	0.7403	0.0000	0.0498
78	1.0000	0.7356	0.0000	0.0505
79	1.0000	0.7378	0.0000	0.0511
80	1.0000	0.7701	0.0000	0.0517
81	1.0000	0.7911	0.0000	0.0523
82	1.0000	0.8055	0.0000	0.0529
83	1.0000	0.8154	0.0000	0.0536
84	1.0000	0.8542	0.0000	0.0542
85	1.0000	0.8630	0.0000	0.0548
86	1.0000	0.8842	0.0000	0.0554
87	1.0000	0.8641	0.0000	0.0560
88	1.0000	0.9068	0.0000	0.0566
89	1.0000	0.9092	0.0000	0.0572
90	1.0000	0.9057	0.0000	0.0578
91	1.0000	0.9020	0.0000	0.0584
92	1.0000	0.8935	0.0000	0.0590
93	1.0000	0.9099	0.0000	0.0596
94	1.0000	0.9087	0.0000	0.0602
95	1.0000	0.9113	0.0000	0.0608
96	1.0000	0.9219	0.0000	0.0615
97	1.0000	0.9123	0.0000	0.0621
98	1.0000	0.8937	0.0000	0.0627
99	1.0000	0.8942	0.0000	0.0633
100	1.0000	0.9291	0.0000	0.0640
101	1.0000	0.9144	0.0000	0.0646
102	1.0000	0.8856	0.0000	0.0652
103	1.0000	0.9088	0.0000	0.0658
104	1.0000	0.9040	0.0000	0.0665
105	1.0000	0.9089	0.0000	0.0671
106	1.0000	0.9096	0.0000	0.0678
107	1.0000	0.9077	0.0000	0.0684
108	1.0000	0.9176	0.0000	0.0690
109	1.0000	0.9230	0.0000	0.0697
110	1.0000	0.9011	0.0000	0.0704
111	1.0000	0.8960	0.0000	0.0712
112	1.0000	0.8981	0.0000	0.0719
113	1.0000	0.9117	0.0000	0.0725
114	1.0000	0.9096	0.0000	0.0733
115	1.0000	0.8404	0.0000	0.0746
116	1.0000	0.7776	0.0000	0.0753
117	1.0000	0.7470	0.0000	0.0759
118	1.0000	0.8097	0.0000	0.0766
119	1.0000	0.7690	0.0000	0.0772
120	1.0000	0.7920	0.0000	0.0778
121	1.0000	0.8132	0.0000	0.0784
122	1.0000	0.7796	0.0000	0.0790
123	1.0000	0.7936	0.0000	0.0797
124	1.0000	0.8376	0.0000	0.0803
125	1.0000	0.8351	0.0000	0.0809
126	1.0000	0.8645	0.0000	0.0816
127	1.0000	0.8536	0.0000	0.0822
128	1.0000	0.8500	0.0000	0.0828
129	1.0000	0.8850	0.0000	0.0834
130	1.0000	0.8698	0.0000	0.0840
131	1.0000	0.8801	0.0000	0.0847
132	1.0000	0.8256	0.0000	0.0853
133	1.0000	0.8517	0.0000	0.0860
134	1.0000	0.8456	0.0000	0.0867
135	1.0000	0.8764	0.0000	0.0878
136	1.0000	0.8571	0.0000	0.0886
137	1.0000	0.8920	0.0000	0.0893
138	1.0000	0.8915	0.0000	0.0899
139	1.0000	0.8886	0.0000	0.0906
140	1.0000	0.8890	0.0000	0.0913
141	1.0000	0.9103	0.0000	0.0919
142	1.0000	0.8871	0.0000	0.0926
143	1.0000	0.8781	0.0000	0.0933
144	1.0000	0.8681	0.0000	0.0940
145	1.0000	0.9236	0.0000	0.0948
146	1.0000	0.9100	0.0000	0.0956
147	1.0000	0.9117	0.0000	0.0966
148	1.0000	0.9008	0.0000	0.0974
149	1.0000	0.9032	0.0000	0.0982
150	1.0000	0.9210	0.0000	0.0989
151	1.0000	0.9236	0.0000	0.0995
152	1.0000	0.9496	0.0000	0.1002
153	1.0000	0.9165	0.0000	0.1009
154	1.0000	0.9076	0.0000	0.1022
155	1.0000	0.8558	0.0000	0.1029
156	1.0000	0.8704	0.0000	0.1035
157	1.0000	0.8781	0.0000	0.1042
158	1.0000	0.8877	0.0000	0.1049
159	1.0000	0.8527	0.0000	0.1055
160	1.0000	0.9086	0.0000	0.1061
161	1.0000	0.8884	0.0000	0.1068
162	1.0000	0.8934	0.0000	0.1075
163	1.0000	0.8631	0.0000	0.1081
164	1.0000	0.8705	0.0000	0.1088
165	1.0000	0.8669	0.0000	0.1094
166	1.0000	0.9003	0.0000	0.1100
167	1.0000	0.8732	0.0000	0.1107
168	1.0000	0.8919	0.0000	0.1113
169	1.0000	0.8967	0.0000	0.1120
170	1.0000	0.9292	0.0000	0.1126
171	1.0000	0.8767	0.0000	0.1133
172	1.0000	0.8803	0.0000	0.1139
173	1.0000	0.9021	0.0000	0.1146
174	1.0000	0.9059	0.0000	0.1155
175	1.0000	0.8800	0.0000	0.1162
176	1.0000	0.8649	0.0000	0.1169
177	1.0000	0.8952	0.0000	0.1176
178	1.0000	0.8983	0.0000	0.1185
179	1.0000	0.9109	0.0000	0.1193
180	1.0000	0.8822	0.0000	0.1199
181	1.0000	0.9012	0.0000	0.1206
182	1.0000	0.8756	0.0000	0.1213
183	1.0000	0.8993	0.0000	0.1220
184	1.0000	0.8633	0.0000	0.1227
185	1.0000	0.8942	0.0000	0.1234
186	1.0000	0.8704	0.0000	0.1241
187	1.0000	0.9138	0.0000	0.1247
188	1.0000	0.8933	0.0000	0.1255
189	1.0000	0.8954	0.0000	0.1263
190	1.0000	0.8693	0.0000	0.1270
191	1.0000	0.8777	0.0000	0.1278
192	1.0000	0.8765	0.0000	0.1285
193	1.0000	0.9082	0.0000	0.1301
194	1.0000	0.7844	0.0000	0.1309
195	1.0000	0.7890	0.0000	0.1317
196	1.0000	0.8117	0.0000	0.1325
197	1.0000	0.8378	0.0000	0.1333
198	1.0000	0.7925	0.0000	0.1340
199	1.0000	0.8240	0.0000	0.1347
200	1.0000	0.8301	0.0000	0.1354
201	1.0000	0.7579	0.0000	0.1360
202	1.0000	0.8610	0.0000	0.1367
203	1.0000	0.8383	0.0000	0.1373
204	1.0000	0.8255	0.0000	0.1381
205	1.0000	0.8604	0.0000	0.1389
206	1.0000	0.8596	0.0000	0.1396
207	1.0000	0.8645	0.0000	0.1403
208	1.0000	0.8561	0.0000	0.1412
209	1.0000	0.8611	0.0000	0.1420
210	1.0000	0.8710	0.0000	0.1427
211	1.0000	0.8671	0.0000	0.1434
212	1.0000	0.8493	0.0000	0.1441
213	1.0000	0.8789	0.0000	0.1449
214	1.0000	0.8506	0.0000	0.1458
215	1.0000	0.8476	0.0000	0.1465
216	1.0000	0.8404	0.0000	0.1472
217	1.0000	0.8642	0.0000	0.1481
218	1.0000	0.9047	0.0000	0.1488
219	1.0000	0.8746	0.0000	0.1495
220	1.0000	0.8527	0.0000	0.1503
221	1.0000	0.9034	0.0000	0.1510
222	1.0000	0.8839	0.0000	0.1518
223	1.0000	0.8843	0.0000	0.1524
224	1.0000	0.8828	0.0000	0.1532
225	1.0000	0.9160	0.0000	0.1538
226	1.0000	0.8888	0.0000	0.1546
227	1.0000	0.8962	0.0000	0.1554
228	1.0000	0.9090	0.0000	0.1561
229	1.0000	0.8937	0.0000	0.1568
230	1.0000	0.8649	0.0000	0.1575
231	1.0000	0.8822	0.0000	0.1581
232	1.0000	0.9169	0.0000	0.1598
233	1.0000	0.8281	0.0000	0.1605
234	1.0000	0.8082	0.0000	0.1612
235	1.0000	0.8325	0.0000	0.1619
236	1.0000	0.8530	0.0000	0.1627
237	1.0000	0.8282	0.0000	0.1634
238	1.0000	0.8554	0.0000	0.1640
239	1.0000	0.8584	0.0000	0.1647
240	1.0000	0.8608	0.0000	0.1654
241	1.0000	0.8894	0.0000	0.1661
242	1.0000	0.9195	0.0000	0.1668
243	1.0000	0.8820	0.0000	0.1674
244	1.0000	0.8903	0.0000	0.1681
245	1.0000	0.8983	0.0000	0.1688
246	1.0000	0.8820	0.0000	0.1695
247	1.0000	0.8992	0.0000	0.1702
248	1.0000	0.9079	0.0000	0.1708
249	1.0000	0.9040	0.0000	0.1716
250	1.0000	0.9145	0.0000	0.1725
251	1.0000	0.9155	0.0000	0.1731
252	1.0000	0.9178	0.0000	0.1738
253	1.0000	0.8990	0.0000	0.1745
254	1.0000	0.9309	0.0000	0.1752
255	1.0000	0.8934	0.0000	0.1759
256	1.0000	0.9089	0.0000	0.1766
257	1.0000	0.8934	0.0000	0.1773
258	1.0000	0.8954	0.0000	0.1780
259	1.0000	0.9072	0.0000	0.1786
260	1.0000	0.9078	0.0000	0.1793
261	1.0000	0.9291	0.0000	0.1800
262	1.0000	0.8904	0.0000	0.1806
263	1.0000	0.8891	0.0000	0.1813
264	1.0000	0.8906	0.0000	0.1820
265	1.0000	0.9036	0.0000	0.1827
266	1.0000	0.9086	0.0000	0.1835
267	1.0000	0.8695	0.0000	0.1842
268	1.0000	0.8873	0.0000	0.1849
269	1.0000	0.8893	0.0000	0.1857
270	1.0000	0.9027	0.0000	0.1864
271	1.0000	0.9038	0.0000	0.1878
272	1.0000	0.8303	0.0000	0.1886
273	1.0000	0.8676	0.0000	0.1895
274	1.0000	0.8483	0.0000	0.1906
275	1.0000	0.8720	0.0000	0.1914
276	1.0000	0.8797	0.0000	0.1921
277	1.0000	0.8715	0.0000	0.1928
278	1.0000	0.8851	0.0000	0.1936
279	1.0000	0.8459	0.0000	0.1942
280	1.0000	0.8358	0.0000	0.1950
281	1.0000	0.8386	0.0000	0.1958
282	1.0000	0.8617	0.0000	0.1966
283	1.0000	0.8688	0.0000	0.1972
284	1.0000	0.8795	0.0000	0.1980
285	1.0000	0.8625	0.0000	0.1989
286	1.0000	0.8621	0.0000	0.1996
287	1.0000	0.8665	0.0000	0.2002
288	1.0000	0.8776	0.0000	0.2010
289	1.0000	0.8777	0.0000	0.2016
290	1.0000	0.8768	0.0000	0.2023
291	1.0000	0.8856	0.0000	0.2030
292	1.0000	0.9191	0.0000	0.2038
293	1.0000	0.8848	0.0000	0.2045
294	1.0000	0.8745	0.0000	0.2052
295	1.0000	0.8915	0.0000	0.2060
296	1.0000	0.8938	0.0000	0.2068
297	1.0000	0.8744	0.0000	0.2076
298	1.0000	0.8420	0.0000	0.2083
299	1.0000	0.8530	0.0000	0.2090
300	1.0000	0.8338	0.0000	0.2098
301	1.0000	0.8625	0.0000	0.2105
302	1.0000	0.8741	0.0000	0.2112
303	1.0000	0.8737	0.0000	0.2119
304	1.0000	0.9010	0.0000	0.2127
305	1.0000	0.8722	0.0000	0.2134
306	1.0000	0.8837	0.0000	0.2141
307	1.0000	0.8466	0.0000	0.2148
308	1.0000	0.9030	0.0000	0.2156
309	1.0000	0.8901	0.0000	0.2163
310	1.0000	0.8560	0.0000	0.2179
311	1.0000	0.8238	0.0000	0.2186
312	1.0000	0.8166	0.0000	0.2192
313	1.0000	0.8523	0.0000	0.2202
314	1.0000	0.8064	0.0000	0.2212
315	1.0000	0.8423	0.0000	0.2220
316	1.0000	0.8190	0.0000	0.2230
317	1.0000	0.8465	0.0000	0.2238
318	1.0000	0.8942	0.0000	0.2248
319	1.0000	0.9024	0.0000	0.2256
320	1.0000	0.8963	0.0000	0.2265
321	1.0000	0.8587	0.0000	0.2276
322	1.0000	0.8812	0.0000	0.2286
323	1.0000	0.8565	0.0000	0.2296
324	1.0000	0.8585	0.0000	0.2308
325	1.0000	0.8675	0.0000	0.2320
326	1.0000	0.9082	0.0000	0.2332
327	1.0000	0.8945	0.0000	0.2347
328	1.0000	0.9164	0.0000	0.2362
329	1.0000	0.8853	0.0000	0.2377
330	1.0000	0.8643	0.0000	0.2392
331	1.0000	0.8281	0.0000	0.2405
332	1.0000	0.8514	0.0000	0.2419
333	1.0000	0.8484	0.0000	0.2432
334	1.0000	0.8731	0.0000	0.2449
335	1.0000	0.8460	0.0000	0.2466
336	1.0000	0.8773	0.0000	0.2483
337	1.0000	0.8803	0.0000	0.2501
338	1.0000	0.8489	0.0000	0.2517
339	1.0000	0.8634	0.0000	0.2536
340	1.0000	0.8778	0.0000	0.2555
341	1.0000	0.8684	0.0000	0.2571
342	1.0000	0.8625	0.0000	0.2587
343	1.0000	0.8254	0.0000	0.2606
344	1.0000	0.8431	0.0000	0.2621
345	1.0000	0.8610	0.0000	0.2636
346	1.0000	0.8166	0.0000	0.2651
347	1.0000	0.8054	0.0000	0.2667
348	1.0000	0.8235	0.0000	0.2684
349	1.0000	0.8633	0.0000	0.2705
350	1.0000	0.8490	0.0000	0.2724
351	1.0000	0.8441	0.0000	0.2744
352	1.0000	0.7970	0.0000	0.2760
353	1.0000	0.8418	0.0000	0.2775
354	1.0000	0.8493	0.0000	0.2789
355	1.0000	0.8428	0.0000	0.2802
356	1.0000	0.7999	0.0000	0.2815
357	1.0000	0.8634	0.0000	0.2829
358	1.0000	0.8483	0.0000	0.2845
359	1.0000	0.8742	0.0000	0.2860
360	1.0000	0.8824	0.0000	0.2873
361	1.0000	0.8618	0.0000	0.2887
362	1.0000	0.9004	0.0000	0.2901
363	1.0000	0.8750	0.0000	0.2914
364	1.0000	0.9068	0.0000	0.2925
365	1.0000	0.9028	0.0000	0.2937
366	1.0000	0.8896	0.0000	0.2949
367	1.0000	0.8883	0.0000	0.2961
368	1.0000	0.8885	0.0000	0.2975
369	1.0000	0.8938	0.0000	0.2989
370	1.0000	0.8941	0.0000	0.3002
371	1.0000	0.9192	0.0000	0.3013
372	1.0000	0.8952	0.0000	0.3026
373	1.0000	0.9220	0.0000	0.3038
374	1.0000	0.8987	0.0000	0.3051
375	1.0000	0.9063	0.0000	0.3064
376	1.0000	0.9143	0.0000	0.3078
377	1.0000	0.8955	0.0000	0.3091
378	1.0000	0.8750	0.0000	0.3104
379	1.0000	0.9003	0.0000	0.3118
380	1.0000	0.9215	0.0000	0.3133
381	1.0000	0.9173	0.0000	0.3149
382	1.0000	0.9283	0.0000	0.3164
383	1.0000	0.9255	0.0000	0.3180
384	1.0000	0.8886	0.0000	0.3195
385	1.0000	0.9012	0.0000	0.3208
386	1.0000	0.9208	0.0000	0.3222
387	1.0000	0.9098	0.0000	0.3236
388	1.0000	0.9099	0.0000	0.3251
389	1.0000	0.9124	0.0000	0.3265
390	1.0000	0.8941	0.0000	0.3279
391	1.0000	0.9030	0.0000	0.3295
392	1.0000	0.8743	0.0000	0.3308
393	1.0000	0.9018	0.0000	0.3320
394	1.0000	0.9137	0.0000	0.3335
395	1.0000	0.8996	0.0000	0.3348
396	1.0000	0.8776	0.0000	0.3363
397	1.0000	0.8788	0.0000	0.3380
398	1.0000	0.8912	0.0000	0.3391
399	1.0000	0.8839	0.0000	0.3401
400	1.0000	0.8782	0.0000	0.3411
401	1.0000	0.8830	0.0000	0.3421
402	1.0000	0.8913	0.0000	0.3433
403	1.0000	0.9131	0.0000	0.3444
404	1.0000	0.9005	0.0000	0.3456
405	1.0000	0.9034	0.0000	0.3470
406	1.0000	0.9099	0.0000	0.3482
407	1.0000	0.9044	0.0000	0.3495
408	1.0000	0.9146	0.0000	0.3509
409	1.0000	0.9127	0.0000	0.3522
410	1.0000	0.9234	0.0000	0.3535
411	1.0000	0.8927	0.0000	0.3548
412	1.0000	0.8873	0.0000	0.3561
413	1.0000	0.8885	0.0000	0.3575
414	1.0000	0.8830	0.0000	0.3587
415	1.0000	0.8255	0.0000	0.3599
416	1.0000	0.8597	0.0000	0.3612
417	1.0000	0.8192	0.0000	0.3623
418	1.0000	0.8479	0.0000	0.3633
419	1.0000	0.8401	0.0000	0.3644
420	1.0000	0.8454	0.0000	0.3655
421	1.0000	0.8587	0.0000	0.3666
422	1.0000	0.8856	0.0000	0.3678
423	1.0000	0.8849	0.0000	0.3691
424	1.0000	0.8733	0.0000	0.3704
425	1.0000	0.8844	0.0000	0.3717
426	1.0000	0.8944	0.0000	0.3731
427	1.0000	0.9203	0.0000	0.3746
428	1.0000	0.8812	0.0000	0.3760
429	1.0000	0.8745	0.0000	0.3773
430	1.0000	0.8724	0.0000	0.3788
431	1.0000	0.8999	0.0000	0.3801
432	1.0000	0.8885	0.0000	0.3814
433	1.0000	0.8871	0.0000	0.3827
434	1.0000	0.9049	0.0000	0.3843
435	1.0000	0.8582	0.0000	0.3858
436	1.0000	0.8654	0.0000	0.3873
437	1.0000	0.8624	0.0000	0.3888
438	1.0000	0.8421	0.0000	0.3901
439	1.0000	0.8618	0.0000	0.3913
440	1.0000	0.8528	0.0000	0.3927
441	1.0000	0.8801	0.0000	0.3937
442	1.0000	0.8197	0.0000	0.3947
443	1.0000	0.8290	0.0000	0.3957
444	1.0000	0.8410	0.0000	0.3967
445	1.0000	0.8593	0.0000	0.3976
446	1.0000	0.8666	0.0000	0.3988
447	1.0000	0.9030	0.0000	0.4000
448	1.0000	0.8979	0.0000	0.4014
449	1.0000	0.8793	0.0000	0.4027
450	1.0000	0.8564	0.0000	0.4038
451	1.0000	0.8575	0.0000	0.4051
452	1.0000	0.8454	0.0000	0.4063
453	1.0000	0.8601	0.0000	0.4074
454	1.0000	0.8480	0.0000	0.4086
455	1.0000	0.8608	0.0000	0.4099
456	1.0000	0.8667	0.0000	0.4113
457	1.0000	0.8653	0.0000	0.4127
458	1.0000	0.8339	0.0000	0.4141
459	1.0000	0.8450	0.0000	0.4156
460	1.0000	0.8481	0.0000	0.4170
461	1.0000	0.8735	0.0000	0.4185
462	1.0000	0.8811	0.0000	0.4200
463	1.0000	0.8790	0.0000	0.4213
464	1.0000	0.8597	0.0000	0.4226
465	1.0000	0.8689	0.0000	0.4238
466	1.0000	0.8350	0.0000	0.4251
467	1.0000	0.8765	0.0000	0.4266
468	1.0000	0.8743	0.0000	0.4280
469	1.0000	0.8377	0.0000	0.4295
470	1.0000	0.8596	0.0000	0.4310
471	1.0000	0.8734	0.0000	0.4328
472	1.0000	0.8562	0.0000	0.4342
473	1.0000	0.8305	0.0000	0.4357
474	1.0000	0.8259	0.0000	0.4371
475	1.0000	0.7966	0.0000	0.4384
476	1.0000	0.8214	0.0000	0.4400
477	1.0000	0.8251	0.0000	0.4414
478	1.0000	0.8215	0.0000	0.4428
479	1.0000	0.8705	0.0000	0.4443
480	1.0000	0.8211	0.0000	0.4459
481	1.0000	0.8525	0.0000	0.4475
482	1.0000	0.8612	0.0000	0.4491
483	1.0000	0.8733	0.0000	0.4505
484	1.0000	0.8844	0.0000	0.4516
485	1.0000	0.8607	0.0000	0.4527
486	1.0000	0.8715	0.0000	0.4539
487	1.0000	0.9082	0.0000	0.4553
488	1.0000	0.8866	0.0000	0.4567
489	1.0000	0.8748	0.0000	0.4581
490	1.0000	0.8706	0.0000	0.4596
491	1.0000	0.8992	0.0000	0.4609
492	1.0000	0.8844	0.0000	0.4622
493	1.0000	0.9021	0.0000	0.4636
494	1.0000	0.8645	0.0000	0.4647
495	1.0000	0.8721	0.0000	0.4660
496	1.0000	0.8949	0.0000	0.4672
497	1.0000	0.8998	0.0000	0.4684
498	1.0000	0.8832	0.0000	0.4696
499	1.0000	0.8949	0.0000	0.4708
500	1.0000	0.8875	0.0000	0.4720
501	1.0000	0.8786	0.0000	0.4732
502	1.0000	0.8608	0.0000	0.4744
503	1.0000	0.8770	0.0000	0.4755
504	1.0000	0.9065	0.0000	0.4766
505	1.0000	0.9167	0.0000	0.4780
506	1.0000	0.8805	0.0000	0.4791
507	1.0000	0.9040	0.0000	0.4802
508	1.0000	0.9011	0.0000	0.4813
509	1.0000	0.9122	0.0000	0.4823
510	1.0000	0.9046	0.0000	0.4836
511	1.0000	0.9119	0.0000	0.4849
512	1.0000	0.8772	0.0000	0.4866
513	1.0000	0.9333	0.0000	0.4880
514	1.0000	0.8976	0.0000	0.4893
515	1.0000	0.9045	0.0000	0.4906
516	1.0000	0.8852	0.0000	0.4919
517	1.0000	0.8847	0.0000	0.4932
518	1.0000	0.8869	0.0000	0.4943
519	1.0000	0.8908	0.0000	0.4955
520	1.0000	0.8831	0.0000	0.4967
521	1.0000	0.8886	0.0000	0.4982
522	1.0000	0.8950	0.0000	0.4996
523	1.0000	0.8817	0.0000	0.5008
524	1.0000	0.8838	0.0000	0.5021
525	1.0000	0.8691	0.0000	0.5035
526	1.0000	0.8898	0.0000	0.5045
527	1.0000	0.8767	0.0000	0.5057
528	1.0000	0.9083	0.0000	0.5069
529	1.0000	0.9000	0.0000	0.5081
530	1.0000	0.8654	0.0000	0.5092
531	1.0000	0.9016	0.0000	0.5104
532	1.0000	0.8748	0.0000	0.5116
533	1.0000	0.8739	0.0000	0.5127
534	1.0000	0.8946	0.0000	0.5137
535	1.0000	0.8738	0.0000	0.5149
536	1.0000	0.8998	0.0000	0.5160
537	1.0000	0.8855	0.0000	0.5171
538	1.0000	0.8904	0.0000	0.5183
539	1.0000	0.8860	0.0000	0.5195
540	1.0000	0.8514	0.0000	0.5209
541	1.0000	0.8523	0.0000	0.5221
542	1.0000	0.8690	0.0000	0.5232
543	1.0000	0.8883	0.0000	0.5242
544	1.0000	0.8849	0.0000	0.5254
545	1.0000	0.8942	0.0000	0.5265
546	1.0000	0.8985	0.0000	0.5278
547	1.0000	0.8826	0.0000	0.5290
548	1.0000	0.8938	0.0000	0.5302
549	1.0000	0.9170	0.0000	0.5315
550	1.0000	0.8855	0.0000	0.5328
551	1.0000	0.8928	0.0000	0.5339
552	1.0000	0.9045	0.0000	0.5352
553	1.0000	0.8833	0.0000	0.5366
554	1.0000	0.8878	0.0000	0.5381
555	1.0000	0.8847	0.0000	0.5394
556	1.0000	0.8865	0.0000	0.5411
557	1.0000	0.8944	0.0000	0.5427
558	1.0000	0.8559	0.0000	0.5440
559	1.0000	0.9007	0.0000	0.5456
560	1.0000	0.9155	0.0000	0.5472
561	1.0000	0.8868	0.0000	0.5490
562	1.0000	0.8945	0.0000	0.5506
563	1.0000	0.8642	0.0000	0.5519
564	1.0000	0.8727	0.0000	0.5533
565	1.0000	0.8607	0.0000	0.5547
566	1.0000	0.8303	0.0000	0.5559
567	1.0000	0.8551	0.0000	0.5572
568	1.0000	0.8746	0.0000	0.5585
569	1.0000	0.8348	0.0000	0.5596
570	1.0000	0.8759	0.0000	0.5610
571	1.0000	0.8242	0.0000	0.5623
572	1.0000	0.8411	0.0000	0.5636
573	1.0000	0.8166	0.0000	0.5647
574	1.0000	0.8316	0.0000	0.5658
575	1.0000	0.8757	0.0000	0.5669
576	1.0000	0.8633	0.0000	0.5680
577	1.0000	0.8647	0.0000	0.5692
578	1.0000	0.8604	0.0000	0.5704
579	1.0000	0.8408	0.0000	0.5717
580	1.0000	0.8548	0.0000	0.5730
581	1.0000	0.8128	0.0000	0.5741
582	1.0000	0.8482	0.0000	0.5751
583	1.0000	0.8543	0.0000	0.5762
584	1.0000	0.8356	0.0000	0.5775
585	1.0000	0.8470	0.0000	0.5786
586	1.0000	0.8516	0.0000	0.5796
587	1.0000	0.8576	0.0000	0.5808
588	1.0000	0.8745	0.0000	0.5818
589	1.0000	0.8881	0.0000	0.5829
590	1.0000	0.8617	0.0000	0.5839
591	1.0000	0.9073	0.0000	0.5852
592	1.0000	0.8818	0.0000	0.5862
593	1.0000	0.8734	0.0000	0.5871
594	1.0000	0.8811	0.0000	0.5880
595	1.0000	0.8492	0.0000	0.5888
596	1.0000	0.8572	0.0000	0.5900
597	1.0000	0.8927	0.0000	0.5909
598	1.0000	0.8990	0.0000	0.5919
599	1.0000	0.9002	0.0000	0.5928
600	1.0000	0.9057	0.0000	0.5940
601	1.0000	0.8923	0.0000	0.5953
602	1.0000	0.8360	0.0000	0.5964
603	1.0000	0.8400	0.0000	0.5975
604	1.0000	0.8864	0.0000	0.5986
605	1.0000	0.8759	0.0000	0.5996
606	1.0000	0.8571	0.0000	0.6008
607	1.0000	0.8329	0.0000	0.6021
608	1.0000	0.8471	0.0000	0.6035
609	1.0000	0.8642	0.0000	0.6050
610	1.0000	0.8544	0.0000	0.6064
611	1.0000	0.8433	0.0000	0.6079
612	1.0000	0.8183	0.0000	0.6094
613	1.0000	0.8202	0.0000	0.6110
614	1.0000	0.8293	0.0000	0.6123
615	1.0000	0.8630	0.0000	0.6135
616	1.0000	0.8850	0.0000	0.6149
617	1.0000	0.8103	0.0000	0.6161
618	1.0000	0.8315	0.0000	0.6175
619	1.0000	0.7825	0.0000	0.6191
620	1.0000	0.8150	0.0000	0.6209
621	1.0000	0.7922	0.0000	0.6222
622	1.0000	0.8093	0.0000	0.6236
623	1.0000	0.8197	0.0000	0.6250
624	1.0000	0.8303	0.0000	0.6265
625	1.0000	0.8435	0.0000	0.6276
626	1.0000	0.8086	0.0000	0.6287
627	1.0000	0.8169	0.0000	0.6300
628	1.0000	0.8395	0.0000	0.6312
629	1.0000	0.8544	0.0000	0.6324
630	1.0000	0.8424	0.0000	0.6337
631	1.0000	0.8551	0.0000	0.6352
632	1.0000	0.8730	0.0000	0.6365
633	1.0000	0.8421	0.0000	0.6380
634	1.0000	0.8326	0.0000	0.6392
635	1.0000	0.8893	0.0000	0.6405
636	1.0000	0.8621	0.0000	0.6416
637	1.0000	0.8806	0.0000	0.6426
638	1.0000	0.8975	0.0000	0.6436
639	1.0000	0.8678	0.0000	0.6446
640	1.0000	0.8768	0.0000	0.6459
641	1.0000	0.8656	0.0000	0.6473
642	1.0000	0.8689	0.0000	0.6484
643	1.0000	0.8442	0.0000	0.6496
644	1.0000	0.8595	0.0000	0.6509
645	1.0000	0.8985	0.0000	0.6521
646	1.0000	0.8736	0.0000	0.6534
647	1.0000	0.8903	0.0000	0.6548
648	1.0000	0.8842	0.0000	0.6566
649	1.0000	0.8957	0.0000	0.6580
650	1.0000	0.8982	0.0000	0.6597
651	1.0000	0.8904	0.0000	0.6614
652	1.0000	0.8861	0.0000	0.6632
653	1.0000	0.9085	0.0000	0.6646
654	1.0000	0.8882	0.0000	0.6660
655	1.0000	0.8963	0.0000	0.6676
656	1.0000	0.8789	0.0000	0.6692
657	1.0000	0.8953	0.0000	0.6708
658	1.0000	0.8734	0.0000	0.6722
659	1.0000	0.8848	0.0000	0.6739
660	1.0000	0.8776	0.0000	0.6755
661	1.0000	0.8906	0.0000	0.6771
662	1.0000	0.8691	0.0000	0.6788
663	1.0000	0.8210	0.0000	0.6809
664	1.0000	0.8384	0.0000	0.6823
665	1.0000	0.8375	0.0000	0.6838
666	1.0000	0.8715	0.0000	0.6852
667	1.0000	0.8359	0.0000	0.6866
668	1.0000	0.8111	0.0000	0.6880
669	1.0000	0.8225	0.0000	0.6894
670	1.0000	0.8421	0.0000	0.6908
671	1.0000	0.8359	0.0000	0.6924
672	1.0000	0.8165	0.0000	0.6941
673	1.0000	0.8436	0.0000	0.6956
674	1.0000	0.8774	0.0000	0.6974
675	1.0000	0.8403	0.0000	0.6991
676	1.0000	0.8469	0.0000	0.7008
677	1.0000	0.8518	0.0000	0.7029
678	1.0000	0.8242	0.0000	0.7047
679	1.0000	0.8395	0.0000	0.7063
680	1.0000	0.8743	0.0000	0.7080
681	1.0000	0.8872	0.0000	0.7096
682	1.0000	0.8738	0.0000	0.7109
683	1.0000	0.8779	0.0000	0.7122
684	1.0000	0.8470	0.0000	0.7134
685	1.0000	0.8755	0.0000	0.7145
686	1.0000	0.8838	0.0000	0.7157
687	1.0000	0.8929	0.0000	0.7170
688	1.0000	0.8973	0.0000	0.7184
689	1.0000	0.9101	0.0000	0.7196
690	1.0000	0.8914	0.0000	0.7210
691	1.0000	0.8954	0.0000	0.7226
692	1.0000	0.9058	0.0000	0.7248
693	1.0000	0.9240	0.0000	0.7265
694	1.0000	0.8911	0.0000	0.7281
695	1.0000	0.8771	0.0000	0.7298
696	1.0000	0.8998	0.0000	0.7315
697	1.0000	0.8749	0.0000	0.7329
698	1.0000	0.8556	0.0000	0.7343
699	1.0000	0.8868	0.0000	0.7356
700	1.0000	0.8857	0.0000	0.7371
701	1.0000	0.9024	0.0000	0.7387
702	1.0000	0.8807	0.0000	0.7404
703	1.0000	0.8894	0.0000	0.7420
704	1.0000	0.8874	0.0000	0.7436
705	1.0000	0.8761	0.0000	0.7451
706	1.0000	0.8794	0.0000	0.7464
707	1.0000	0.8736	0.0000	0.7479
708	1.0000	0.8839	0.0000	0.7492
709	1.0000	0.8693	0.0000	0.7508
710	1.0000	0.8778	0.0000	0.7521
711	1.0000	0.8786	0.0000	0.7532
712	1.0000	0.8809	0.0000	0.7544
713	1.0000	0.8673	0.0000	0.7555
714	1.0000	0.8740	0.0000	0.7567
715	1.0000	0.8390	0.0000	0.7579
716	1.0000	0.8614	0.0000	0.7591
717	1.0000	0.8758	0.0000	0.7605
718	1.0000	0.8587	0.0000	0.7619
719	1.0000	0.8809	0.0000	0.7633
720	1.0000	0.8609	0.0000	0.7647
721	1.0000	0.8544	0.0000	0.7660
722	1.0000	0.8439	0.0000	0.7674
723	1.0000	0.8617	0.0000	0.7688
724	1.0000	0.8969	0.0000	0.7701
725	1.0000	0.8789	0.0000	0.7714
726	1.0000	0.8738	0.0000	0.7726
727	1.0000	0.8762	0.0000	0.7741
728	1.0000	0.9000	0.0000	0.7755
729	1.0000	0.9056	0.0000	0.7769
730	1.0000	0.9116	0.0000	0.7783
731	1.0000	0.8917	0.0000	0.7795
732	1.0000	0.8926	0.0000	0.7808
733	1.0000	0.8980	0.0000	0.7823
734	1.0000	0.8225	0.0000	0.7838
735	1.0000	0.8843	0.0000	0.7855
736	1.0000	0.8857	0.0000	0.7868
737	1.0000	0.8686	0.0000	0.7884
738	1.0000	0.8798	0.0000	0.7899
739	1.0000	0.8608	0.0000	0.7911
740	1.0000	0.8513	0.0000	0.7924
741	1.0000	0.8710	0.0000	0.7936
742	1.0000	0.8607	0.0000	0.7951
743	1.0000	0.8535	0.0000	0.7968
744	1.0000	0.8759	0.0000	0.7984
745	1.0000	0.8830	0.0000	0.8002
746	1.0000	0.8968	0.0000	0.8018
747	1.0000	0.8780	0.0000	0.8034
748	1.0000	0.8429	0.0000	0.8051
749	1.0000	0.8851	0.0000	0.8066
750	1.0000	0.8567	0.0000	0.8081
751	1.0000	0.8713	0.0000	0.8094
752	1.0000	0.8525	0.0000	0.8109
753	1.0000	0.8731	0.0000	0.8123
754	1.0000	0.8900	0.0000	0.8138
755	1.0000	0.8917	0.0000	0.8152
756	1.0000	0.8974	0.0000	0.8169
757	1.0000	0.9081	0.0000	0.8186
758	1.0000	0.8876	0.0000	0.8203
759	1.0000	0.8891	0.0000	0.8220
760	1.0000	0.8745	0.0000	0.8238
761	1.0000	0.9073	0.0000	0.8254
762	1.0000	0.9099	0.0000	0.8270
763	1.0000	0.8542	0.0000	0.8285
764	1.0000	0.8831	0.0000	0.8300
765	1.0000	0.8937	0.0000	0.8314
766	1.0000	0.8668	0.0000	0.8331
767	1.0000	0.8806	0.0000	0.8347
768	1.0000	0.8859	0.0000	0.8362
769	1.0000	0.8725	0.0000	0.8377
770	1.0000	0.9260	0.0000	0.8392
771	1.0000	0.8976	0.0000	0.8408
772	1.0000	0.8847	0.0000	0.8426
773	1.0000	0.8929	0.0000	0.8443
774	1.0000	0.8864	0.0000	0.8460
775	1.0000	0.8863	0.0000	0.8474
776	1.0000	0.8781	0.0000	0.8491
777	1.0000	0.9012	0.0000	0.8508
778	1.0000	0.8940	0.0000	0.8525
779	1.0000	0.8838	0.0000	0.8542
780	1.0000	0.8940	0.0000	0.8559
781	1.0000	0.9036	0.0000	0.8573
782	1.0000	0.8769	0.0000	0.8589
783	1.0000	0.8966	0.0000	0.8604
784	1.0000	0.8753	0.0000	0.8618
785	1.0000	0.8785	0.0000	0.8630
786	1.0000	0.8951	0.0000	0.8641
787	1.0000	0.8993	0.0000	0.8655
788	1.0000	0.8499	0.0000	0.8669
789	1.0000	0.8546	0.0000	0.8681
790	1.0000	0.8212	0.0000	0.8692
791	1.0000	0.8546	0.0000	0.8704
792	1.0000	0.8861	0.0000	0.8715
793	1.0000	0.9022	0.0000	0.8728
794	1.0000	0.8914	0.0000	0.8738
795	1.0000	0.8991	0.0000	0.8748
796	1.0000	0.8805	0.0000	0.8760
797	1.0000	0.9071	0.0000	0.8770
798	1.0000	0.8919	0.0000	0.8782
799	1.0000	0.9147	0.0000	0.8794
800	1.0000	0.8908	0.0000	0.8807
801	1.0000	0.9006	0.0000	0.8823
802	1.0000	0.8895	0.0000	0.8836
803	1.0000	0.9031	0.0000	0.8851
804	1.0000	0.8905	0.0000	0.8865
805	1.0000	0.9045	0.0000	0.8880
806	1.0000	0.9146	0.0000	0.8894
807	1.0000	0.9049	0.0000	0.8910
808	1.0000	0.9248	0.0000	0.8926
809	1.0000	0.9225	0.0000	0.8943
810	1.0000	0.8824	0.0000	0.8959
811	1.0000	0.9127	0.0000	0.8976
812	1.0000	0.9066	0.0000	0.8996
813	1.0000	0.9315	0.0000	0.9013
814	1.0000	0.9158	0.0000	0.9030
815	1.0000	0.8963	0.0000	0.9047
816	1.0000	0.8893	0.0000	0.9065
817	1.0000	0.8908	0.0000	0.9083
818	1.0000	0.9046	0.0000	0.9102
819	1.0000	0.9061	0.0000	0.9120
820	1.0000	0.8655	0.0000	0.9139
821	1.0000	0.8875	0.0000	0.9157
822	1.0000	0.8068	0.0000	0.9176
823	1.0000	0.8439	0.0000	0.9196
824	1.0000	0.8210	0.0000	0.9217
825	1.0000	0.8452	0.0000	0.9235
826	1.0000	0.8998	0.0000	0.9255
827	1.0000	0.8246	0.0000	0.9270
828	1.0000	0.8540	0.0000	0.9286
829	1.0000	0.8507	0.0000	0.9302
830	1.0000	0.8546	0.0000	0.9317
831	1.0000	0.8782	0.0000	0.9333
832	1.0000	0.8487	0.0000	0.9350
833	1.0000	0.9040	0.0000	0.9366
834	1.0000	0.8519	0.0000	0.9380
835	1.0000	0.8709	0.0000	0.9395
836	1.0000	0.8720	0.0000	0.9410
837	1.0000	0.8941	0.0000	0.9422
838	1.0000	0.8599	0.0000	0.9434
839	1.0000	0.8693	0.0000	0.9445
840	1.0000	0.9016	0.0000	0.9456
841	1.0000	0.8541	0.0000	0.9468
842	1.0000	0.8777	0.0000	0.9480
843	1.0000	0.8940	0.0000	0.9494
844	1.0000	0.8757	0.0000	0.9506
845	1.0000	0.8629	0.0000	0.9519
846	1.0000	0.8763	0.0000	0.9532
847	1.0000	0.9138	0.0000	0.9546
848	1.0000	0.8616	0.0000	0.9559
849	1.0000	0.8788	0.0000	0.9572
850	1.0000	0.8922	0.0000	0.9586
851	1.0000	0.9336	0.0000	0.9602
852	1.0000	0.9211	0.0000	0.9616
853	1.0000	0.8994	0.0000	0.9631
854	1.0000	0.8848	0.0000	0.9644
855	1.0000	0.8794	0.0000	0.9659
856	1.0000	0.9097	0.0000	0.9674
857	1.0000	0.8960	0.0000	0.9689
858	1.0000	0.8933	0.0000	0.9704
859	1.0000	0.8582	0.0000	0.9720
860	1.0000	0.8457	0.0000	0.9740
861	1.0000	0.8484	0.0000	0.9757
862	1.0000	0.8850	0.0000	0.9773
863	1.0000	0.8417	0.0000	0.9788
864	1.0000	0.8286	0.0000	0.9803
865	1.0000	0.8577	0.0000	0.9815
866	1.0000	0.8496	0.0000	0.9829
867	1.0000	0.8583	0.0000	0.9844
868	1.0000	0.8304	0.0000	0.9857
869	1.0000	0.8226	0.0000	0.9870
870	1.0000	0.8128	0.0000	0.9883
871	1.0000	0.8387	0.0000	0.9899
872	1.0000	0.8351	0.0000	0.9913
873	1.0000	0.8435	0.0000	0.9928
874	1.0000	0.8739	0.0000	0.9943
875	1.0000	0.8552	0.0000	0.9957
876	1.0000	0.8512	0.0000	0.9975
877	1.0000	0.8261	0.0000	0.9990
878	1.0000	0.8470	0.0000	1.0004
879	1.0000	0.8501	0.0000	1.0018
880	1.0000	0.8506	0.0000	1.0033
881	1.0000	0.8321	0.0000	1.0048
882	1.0000	0.8451	0.0000	1.0058
883	1.0000	0.8254	0.0000	1.0069
884	1.0000	0.8482	0.0000	1.0079
885	1.0000	0.8373	0.0000	1.0090
886	1.0000	0.8099	0.0000	1.0103
887	1.0000	0.8310	0.0000	1.0115
888	1.0000	0.8115	0.0000	1.0127
889	1.0000	0.8280	0.0000	1.0140
890	1.0000	0.8367	0.0000	1.0153
891	1.0000	0.8305	0.0000	1.0165
892	1.0000	0.8398	0.0000	1.0175
893	1.0000	0.8529	0.0000	1.0186
894	1.0000	0.8570	0.0000	1.0201
895	1.0000	0.8493	0.0000	1.0213
896	1.0000	0.8706	0.0000	1.0225
897	1.0000	0.8661	0.0000	1.0240
898	1.0000	0.8969	0.0000	1.0255
899	1.0000	0.8866	0.0000	1.0269
900	1.0000	0.8954	0.0000	1.0282
901	1.0000	0.8903	0.0000	1.0296
902	1.0000	0.8955	0.0000	1.0308
903	1.0000	0.8874	0.0000	1.0321
904	1.0000	0.8873	0.0000	1.0335
905	1.0000	0.8784	0.0000	1.0347
906	1.0000	0.8814	0.0000	1.0361
907	1.0000	0.9115	0.0000	1.0374
908	1.0000	0.8879	0.0000	1.0386
909	1.0000	0.8786	0.0000	1.0399
910	1.0000	0.8705	0.0000	1.0412
911	1.0000	0.8952	0.0000	1.0424
912	1.0000	0.8771	0.0000	1.0438
913	1.0000	0.8964	0.0000	1.0452
914	1.0000	0.8829	0.0000	1.0465
915	1.0000	0.8753	0.0000	1.0481
916	1.0000	0.8808	0.0000	1.0498
917	1.0000	0.8774	0.0000	1.0513
918	1.0000	0.8628	0.0000	1.0528
919	1.0000	0.8776	0.0000	1.0540
920	1.0000	0.8821	0.0000	1.0556
921	1.0000	0.8974	0.0000	1.0572
922	1.0000	0.8951	0.0000	1.0589
923	1.0000	0.8933	0.0000	1.0609
924	1.0000	0.8721	0.0000	1.0625
925	1.0000	0.8699	0.0000	1.0641
926	1.0000	0.8676	0.0000	1.0654
927	1.0000	0.8811	0.0000	1.0669
928	1.0000	0.8794	0.0000	1.0686
929	1.0000	0.8372	0.0000	1.0702
930	1.0000	0.8219	0.0000	1.0718
931	1.0000	0.8414	0.0000	1.0734
932	1.0000	0.8550	0.0000	1.0748
933	1.0000	0.8274	0.0000	1.0763
934	1.0000	0.8702	0.0000	1.0777
935	1.0000	0.8796	0.0000	1.0790
936	1.0000	0.8942	0.0000	1.0805
937	1.0000	0.9301	0.0000	1.0818
938	1.0000	0.8942	0.0000	1.0832
939	1.0000	0.8965	0.0000	1.0846
940	1.0000	0.9094	0.0000	1.0861
941	1.0000	0.8781	0.0000	1.0878
942	1.0000	0.8983	0.0000	1.0895
943	1.0000	0.9008	0.0000	1.0908
944	1.0000	0.8861	0.0000	1.0923
945	1.0000	0.8954	0.0000	1.0937
946	1.0000	0.8846	0.0000	1.0953
947	1.0000	0.8923	0.0000	1.0968
948	1.0000	0.8809	0.0000	1.0983
949	1.0000	0.8730	0.0000	1.0999
950	1.0000	0.9025	0.0000	1.1014
951	1.0000	0.8810	0.0000	1.1026
952	1.0000	0.8726	0.0000	1.1038
953	1.0000	0.9233	0.0000	1.1050
954	1.0000	0.8768	0.0000	1.1062
955	1.0000	0.8959	0.0000	1.1075
956	1.0000	0.8847	0.0000	1.1088
957	1.0000	0.8690	0.0000	1.1099
958	1.0000	0.9141	0.0000	1.1110
959	1.0000	0.9062	0.0000	1.1123
960	1.0000	0.8986	0.0000	1.1136
961	1.0000	0.8878	0.0000	1.1147
962	1.0000	0.8853	0.0000	1.1158
963	1.0000	0.8665	0.0000	1.1168
964	1.0000	0.8445	0.0000	1.1179
965	1.0000	0.8486	0.0000	1.1190
966	1.0000	0.8588	0.0000	1.1202
967	1.0000	0.8574	0.0000	1.1214
968	1.0000	0.8758	0.0000	1.1231
969	1.0000	0.8561	0.0000	1.1247
970	1.0000	0.8358	0.0000	1.1262
971	1.0000	0.8326	0.0000	1.1276
972	1.0000	0.8478	0.0000	1.1287
973	1.0000	0.8162	0.0000	1.1297
974	1.0000	0.8817	0.0000	1.1308
975	1.0000	0.8375	0.0000	1.1318
976	1.0000	0.8657	0.0000	1.1328
977	1.0000	0.8648	0.0000	1.1338
978	1.0000	0.8590	0.0000	1.1350
979	1.0000	0.8816	0.0000	1.1361
980	1.0000	0.8739	0.0000	1.1374
981	1.0000	0.8679	0.0000	1.1388
982	1.0000	0.8715	0.0000	1.1401
983	1.0000	0.8730	0.0000	1.1415
984	1.0000	0.8996	0.0000	1.1427
985	1.0000	0.8525	0.0000	1.1441
986	1.0000	0.8643	0.0000	1.1455
987	1.0000	0.9096	0.0000	1.1468
988	1.0000	0.8809	0.0000	1.1481
989	1.0000	0.8800	0.0000	1.1496
990	1.0000	0.8753	0.0000	1.1513
991	1.0000	0.9006	0.0000	1.1528
992	1.0000	0.9021	0.0000	1.1542
993	1.0000	0.8813	0.0000	1.1557
994	1.0000	0.8995	0.0000	1.1572
995	1.0000	0.9018	0.0000	1.1589
996	1.0000	0.8841	0.0000	1.1605
997	1.0000	0.8745	0.0000	1.1619
998	1.0000	0.8723	0.0000	1.1632
999	1.0000	0.8367	0.0000	1.1650
1000	1.0000	0.8174	0.0000	1.1668
1001	1.0000	0.8426	0.0000	1.1687
1002	1.0000	0.8666	0.0000	1.1705
1003	1.0000	0.8329	0.0000	1.1725
1004	1.0000	0.8558	0.0000	1.1742
1005	1.0000	0.8390	0.0000	1.1759
1006	1.0000	0.8790	0.0000	1.1777
1007	1.0000	0.8791	0.0000	1.1794
1008	1.0000	0.8398	0.0000	1.1815
1009	1.0000	0.8632	0.0000	1.1835
1010	1.0000	0.8525	0.0000	1.1857
1011	1.0000	0.8548	0.0000	1.1879
1012	1.0000	0.8800	0.0000	1.1899
1013	1.0000	0.8668	0.0000	1.1919
1014	1.0000	0.8877	0.0000	1.1936
1015	1.0000	0.8854	0.0000	1.1952
1016	1.0000	0.9039	0.0000	1.1969
1017	1.0000	0.9036	0.0000	1.1988
1018	1.0000	0.9066	0.0000	1.2006
1019	1.0000	0.9169	0.0000	1.2023
1020	1.0000	0.8984	0.0000	1.2039
1021	1.0000	0.9022	0.0000	1.2053
1022	1.0000	0.8693	0.0000	1.2070
1023	1.0000	0.8251	0.0000	1.2091
1024	1.0000	0.8278	0.0000	1.2111
1025	1.0000	0.8148	0.0000	1.2133
1026	1.0000	0.8247	0.0000	1.2149
1027	1.0000	0.8939	0.0000	1.2165
1028	1.0000	0.8472	0.0000	1.2179
1029	1.0000	0.8638	0.0000	1.2193
1030	1.0000	0.8332	0.0000	1.2206
1031	1.0000	0.8587	0.0000	1.2218
1032	1.0000	0.8262	0.0000	1.2230
1033	1.0000	0.8612	0.0000	1.2243
1034	1.0000	0.8764	0.0000	1.2258
1035	1.0000	0.8683	0.0000	1.2276
1036	1.0000	0.8747	0.0000	1.2294
1037	1.0000	0.8476	0.0000	1.2312
1038	1.0000	0.8811	0.0000	1.2329
1039	1.0000	0.8453	0.0000	1.2345
1040	1.0000	0.8689	0.0000	1.2362
1041	1.0000	0.8451	0.0000	1.2377
1042	1.0000	0.8604	0.0000	1.2393
1043	1.0000	0.8486	0.0000	1.2412
1044	1.0000	0.8760	0.0000	1.2428
1045	1.0000	0.8497	0.0000	1.2445
1046	1.0000	0.8370	0.0000	1.2462
1047	1.0000	0.8453	0.0000	1.2479
1048	1.0000	0.8745	0.0000	1.2497
1049	1.0000	0.8762	0.0000	1.2515
1050	1.0000	0.8413	0.0000	1.2533
1051	1.0000	0.8712	0.0000	1.2552
1052	1.0000	0.8711	0.0000	1.2572
1053	1.0000	0.8647	0.0000	1.2590
1054	1.0000	0.8474	0.0000	1.2605
1055	1.0000	0.8445	0.0000	1.2620
1056	1.0000	0.8744	0.0000	1.2634
1057	1.0000	0.8611	0.0000	1.2649
1058	1.0000	0.8805	0.0000	1.2665
1059	1.0000	0.8419	0.0000	1.2679
1060	1.0000	0.8461	0.0000	1.2694
1061	1.0000	0.8242	0.0000	1.2716
1062	1.0000	0.8338	0.0000	1.2737
1063	1.0000	0.8722	0.0000	1.2757
1064	1.0000	0.8532	0.0000	1.2778
1065	1.0000	0.8514	0.0000	1.2795
1066	1.0000	0.8283	0.0000	1.2813
1067	1.0000	0.8388	0.0000	1.2831
1068	1.0000	0.8134	0.0000	1.2850
1069	1.0000	0.8237	0.0000	1.2868
1070	1.0000	0.8263	0.0000	1.2885
1071	1.0000	0.8636	0.0000	1.2903
1072	1.0000	0.8451	0.0000	1.2918
1073	1.0000	0.8696	0.0000	1.2932
1074	1.0000	0.8474	0.0000	1.2946
1075	1.0000	0.8465	0.0000	1.2960
1076	1.0000	0.8626	0.0000	1.2973
1077	1.0000	0.8788	0.0000	1.2986
1078	1.0000	0.8745	0.0000	1.3000
1079	1.0000	0.8711	0.0000	1.3013
1080	1.0000	0.8862	0.0000	1.3025
1081	1.0000	0.8866	0.0000	1.3038
1082	1.0000	0.8867	0.0000	1.3053
1083	1.0000	0.9144	0.0000	1.3068
1084	1.0000	0.8941	0.0000	1.3084
1085	1.0000	0.8931	0.0000	1.3099
1086	1.0000	0.8921	0.0000	1.3113
1087	1.0000	0.9148	0.0000	1.3126
1088	1.0000	0.9065	0.0000	1.3142
1089	1.0000	0.9063	0.0000	1.3157
1090	1.0000	0.8975	0.0000	1.3171
1091	1.0000	0.9073	0.0000	1.3186
1092	1.0000	0.9178	0.0000	1.3200
1093	1.0000	0.9107	0.0000	1.3214
1094	1.0000	0.8980	0.0000	1.3227
1095	1.0000	0.8818	0.0000	1.3238
1096	1.0000	0.8922	0.0000	1.3251
1097	1.0000	0.8894	0.0000	1.3264
1098	1.0000	0.8997	0.0000	1.3277
1099	1.0000	0.9091	0.0000	1.3291
1100	1.0000	0.9260	0.0000	1.3306
1101	1.0000	0.9149	0.0000	1.3321
1102	1.0000	0.9132	0.0000	1.3334
1103	1.0000	0.8773	0.0000	1.3345
1104	1.0000	0.8859	0.0000	1.3356
1105	1.0000	0.9002	0.0000	1.3366
1106	1.0000	0.8965	0.0000	1.3377
1107	1.0000	0.9051	0.0000	1.3389
1108	1.0000	0.8934	0.0000	1.3400
1109	1.0000	0.8750	0.0000	1.3412
1110	1.0000	0.8883	0.0000	1.3427
1111	1.0000	0.8391	0.0000	1.3441
1112	1.0000	0.8806	0.0000	1.3456
1113	1.0000	0.8860	0.0000	1.3471
1114	1.0000	0.8834	0.0000	1.3486
1115	1.0000	0.8844	0.0000	1.3500
1116	1.0000	0.9253	0.0000	1.3513
1117	1.0000	0.9018	0.0000	1.3529
1118	1.0000	0.8888	0.0000	1.3546
1119	1.0000	0.8946	0.0000	1.3565
1120	1.0000	0.8453	0.0000	1.3580
1121	1.0000	0.8413	0.0000	1.3595
1122	1.0000	0.8630	0.0000	1.3609
1123	1.0000	0.8423	0.0000	1.3622
1124	1.0000	0.8604	0.0000	1.3637
1125	1.0000	0.8740	0.0000	1.3656
1126	1.0000	0.8782	0.0000	1.3672
1127	1.0000	0.8566	0.0000	1.3686
1128	1.0000	0.8797	0.0000	1.3702
1129	1.0000	0.8602	0.0000	1.3715
1130	1.0000	0.8816	0.0000	1.3727
1131	1.0000	0.8713	0.0000	1.3741
1132	1.0000	0.8819	0.0000	1.3752
1133	1.0000	0.9066	0.0000	1.3765
1134	1.0000	0.9297	0.0000	1.3779
1135	1.0000	0.8840	0.0000	1.3794
1136	1.0000	0.8903	0.0000	1.3808
1137	1.0000	0.9047	0.0000	1.3820
1138	1.0000	0.8933	0.0000	1.3830
1139	1.0000	0.8794	0.0000	1.3841
1140	1.0000	0.9094	0.0000	1.3853
1141	1.0000	0.8666	0.0000	1.3867
1142	1.0000	0.8805	0.0000	1.3881
1143	1.0000	0.8771	0.0000	1.3895
1144	1.0000	0.8900	0.0000	1.3909
1145	1.0000	0.9149	0.0000	1.3921
1146	1.0000	0.9060	0.0000	1.3933
1147	1.0000	0.8904	0.0000	1.3946
1148	1.0000	0.9257	0.0000	1.3959
1149	1.0000	0.9180	0.0000	1.3973
1150	1.0000	0.9192	0.0000	1.3988
1151	1.0000	0.8860	0.0000	1.4003
1152	1.0000	0.9280	0.0000	1.4019
1153	1.0000	0.9323	0.0000	1.4035
1154	1.0000	0.9169	0.0000	1.4050
1155	1.0000	0.9426	0.0000	1.4064
1156	1.0000	0.9239	0.0000	1.4078
1157	1.0000	0.9216	0.0000	1.4093
1158	1.0000	0.9327	0.0000	1.4109
1159	1.0000	0.9044	0.0000	1.4124
1160	1.0000	0.8925	0.0000	1.4140
1161	1.0000	0.8930	0.0000	1.4156
1162	1.0000	0.8990	0.0000	1.4174
1163	1.0000	0.9110	0.0000	1.4190
1164	1.0000	0.9278	0.0000	1.4208
1165	1.0000	0.9060	0.0000	1.4229
1166	1.0000	0.8497	0.0000	1.4248
1167	1.0000	0.8548	0.0000	1.4267
1168	1.0000	0.8740	0.0000	1.4285
1169	1.0000	0.8900	0.0000	1.4302
1170	1.0000	0.8848	0.0000	1.4320
1171	1.0000	0.8937	0.0000	1.4337
1172	1.0000	0.8680	0.0000	1.4355
1173	1.0000	0.8278	0.0000	1.4371
1174	1.0000	0.8692	0.0000	1.4386
1175	1.0000	0.8533	0.0000	1.4398
1176	1.0000	0.8587	0.0000	1.4413
1177	1.0000	0.8037	0.0000	1.4426
1178	1.0000	0.8257	0.0000	1.4440
1179	1.0000	0.8372	0.0000	1.4456
1180	1.0000	0.8588	0.0000	1.4470
1181	1.0000	0.8548	0.0000	1.4484
1182	1.0000	0.8566	0.0000	1.4499
1183	1.0000	0.8831	0.0000	1.4511
1184	1.0000	0.8728	0.0000	1.4524
1185	1.0000	0.8527	0.0000	1.4535
1186	1.0000	0.8607	0.0000	1.4546
1187	1.0000	0.8612	0.0000	1.4556
1188	1.0000	0.8878	0.0000	1.4567
1189	1.0000	0.8904	0.0000	1.4578
1190	1.0000	0.8983	0.0000	1.4589
1191	1.0000	0.9179	0.0000	1.4602
1192	1.0000	0.9173	0.0000	1.4613
1193	1.0000	0.9240	0.0000	1.4625
1194	1.0000	0.9180	0.0000	1.4636
1195	1.0000	0.9148	0.0000	1.4647
1196	1.0000	0.9109	0.0000	1.4659
1197	1.0000	0.9023	0.0000	1.4671
1198	1.0000	0.9275	0.0000	1.4685
1199	1.0000	0.9343	0.0000	1.4698
1200	1.0000	0.9300	0.0000	1.4710
1201	1.0000	0.9163	0.0000	1.4723
1202	1.0000	0.9291	0.0000	1.4736
1203	1.0000	0.9411	0.0000	1.4748
1204	1.0000	0.9147	0.0000	1.4763
1205	1.0000	0.9274	0.0000	1.4780
1206	1.0000	0.9001	0.0000	1.4798
1207	1.0000	0.9140	0.0000	1.4812
1208	1.0000	0.9137	0.0000	1.4827
1209	1.0000	0.9014	0.0000	1.4840
1210	1.0000	0.8280	0.0000	1.4854
1211	1.0000	0.8565	0.0000	1.4869
1212	1.0000	0.8309	0.0000	1.4883
1213	1.0000	0.8182	0.0000	1.4899
1214	1.0000	0.8578	0.0000	1.4914
1215	1.0000	0.8674	0.0000	1.4932
1216	1.0000	0.8283	0.0000	1.4948
1217	1.0000	0.9006	0.0000	1.4961
1218	1.0000	0.8655	0.0000	1.4976
1219	1.0000	0.8814	0.0000	1.4992
1220	1.0000	0.8826	0.0000	1.5009
1221	1.0000	0.9014	0.0000	1.5024
1222	1.0000	0.9051	0.0000	1.5043
1223	1.0000	0.8829	0.0000	1.5060
1224	1.0000	0.9041	0.0000	1.5075
1225	1.0000	0.8908	0.0000	1.5090
1226	1.0000	0.9117	0.0000	1.5105
1227	1.0000	0.8630	0.0000	1.5119
1228	1.0000	0.8697	0.0000	1.5131
1229	1.0000	0.8877	0.0000	1.5143
1230	1.0000	0.8970	0.0000	1.5155
1231	1.0000	0.9158	0.0000	1.5168
1232	1.0000	0.9150	0.0000	1.5182
1233	1.0000	0.9078	0.0000	1.5197
1234	1.0000	0.9089	0.0000	1.5211
1235	1.0000	0.9016	0.0000	1.5226
1236	1.0000	0.9094	0.0000	1.5240
1237	1.0000	0.9265	0.0000	1.5253
1238	1.0000	0.9177	0.0000	1.5267
1239	1.0000	0.8926	0.0000	1.5278
1240	1.0000	0.9231	0.0000	1.5289
1241	1.0000	0.9232	0.0000	1.5303
1242	1.0000	0.9023	0.0000	1.5316
1243	1.0000	0.8934	0.0000	1.5328
1244	1.0000	0.8814	0.0000	1.5345
1245	1.0000	0.9041	0.0000	1.5361
1246	1.0000	0.8683	0.0000	1.5373
1247	1.0000	0.8943	0.0000	1.5386
1248	1.0000	0.8723	0.0000	1.5399
1249	1.0000	0.8754	0.0000	1.5417
1250	1.0000	0.8566	0.0000	1.5432
1251	1.0000	0.8950	0.0000	1.5447
1252	1.0000	0.8774	0.0000	1.5464
1253	1.0000	0.8604	0.0000	1.5480
1254	1.0000	0.8346	0.0000	1.5494
1255	1.0000	0.8616	0.0000	1.5507
1256	1.0000	0.8807	0.0000	1.5519
1257	1.0000	0.8731	0.0000	1.5533
1258	1.0000	0.8790	0.0000	1.5551
1259	1.0000	0.8486	0.0000	1.5566
1260	1.0000	0.8694	0.0000	1.5582
1261	1.0000	0.8585	0.0000	1.5596
1262	1.0000	0.8645	0.0000	1.5610
1263	1.0000	0.8820	0.0000	1.5625
1264	1.0000	0.8780	0.0000	1.5639
1265	1.0000	0.8408	0.0000	1.5654
1266	1.0000	0.8628	0.0000	1.5669
1267	1.0000	0.8681	0.0000	1.5682
1268	1.0000	0.8487	0.0000	1.5697
1269	1.0000	0.8740	0.0000	1.5712
1270	1.0000	0.8444	0.0000	1.5726
1271	1.0000	0.8455	0.0000	1.5738
1272	1.0000	0.8434	0.0000	1.5752
1273	1.0000	0.8532	0.0000	1.5765
1274	1.0000	0.8574	0.0000	1.5778
1275	1.0000	0.8525	0.0000	1.5791
1276	1.0000	0.8835	0.0000	1.5805
1277	1.0000	0.8724	0.0000	1.5819
1278	1.0000	0.8192	0.0000	1.5830
1279	1.0000	0.8630	0.0000	1.5841
1280	1.0000	0.8422	0.0000	1.5853
1281	1.0000	0.8380	0.0000	1.5866
1282	1.0000	0.8830	0.0000	1.5881
1283	1.0000	0.8633	0.0000	1.5895
1284	1.0000	0.8844	0.0000	1.5906
1285	1.0000	0.8734	0.0000	1.5921
1286	1.0000	0.8690	0.0000	1.5936
1287	1.0000	0.8790	0.0000	1.5949
1288	1.0000	0.8861	0.0000	1.5965
1289	1.0000	0.8704	0.0000	1.5978
1290	1.0000	0.8640	0.0000	1.5988
1291	1.0000	0.8530	0.0000	1.6002
1292	1.0000	0.8574	0.0000	1.6016
1293	1.0000	0.8674	0.0000	1.6030
1294	1.0000	0.8670	0.0000	1.6042
1295	1.0000	0.8483	0.0000	1.6054
1296	1.0000	0.8785	0.0000	1.6066
1297	1.0000	0.8767	0.0000	1.6080
1298	1.0000	0.8675	0.0000	1.6092
1299	1.0000	0.8794	0.0000	1.6106
1300	1.0000	0.8645	0.0000	1.6117
1301	1.0000	0.8513	0.0000	1.6127
1302	1.0000	0.8839	0.0000	1.6137
1303	1.0000	0.8526	0.0000	1.6153
1304	1.0000	0.8552	0.0000	1.6167
1305	1.0000	0.8529	0.0000	1.6180
1306	1.0000	0.8364	0.0000	1.6191
1307	1.0000	0.8563	0.0000	1.6202
1308	1.0000	0.8357	0.0000	1.6211
1309	1.0000	0.8404	0.0000	1.6220
1310	1.0000	0.8777	0.0000	1.6228
1311	1.0000	0.8630	0.0000	1.6238
1312	1.0000	0.8647	0.0000	1.6249
1313	1.0000	0.8682	0.0000	1.6261
1314	1.0000	0.8438	0.0000	1.6271
1315	1.0000	0.8718	0.0000	1.6280
1316	1.0000	0.8581	0.0000	1.6294
1317	1.0000	0.8522	0.0000	1.6305
1318	1.0000	0.8443	0.0000	1.6318
1319	1.0000	0.8402	0.0000	1.6332
1320	1.0000	0.8910	0.0000	1.6345
1321	1.0000	0.8496	0.0000	1.6360
1322	1.0000	0.8660	0.0000	1.6375
1323	1.0000	0.8544	0.0000	1.6392
1324	1.0000	0.8718	0.0000	1.6406
1325	1.0000	0.8622	0.0000	1.6420
1326	1.0000	0.8646	0.0000	1.6433
1327	1.0000	0.8724	0.0000	1.6446
1328	1.0000	0.8651	0.0000	1.6460
1329	1.0000	0.8379	0.0000	1.6471
1330	1.0000	0.8825	0.0000	1.6482
1331	1.0000	0.8658	0.0000	1.6493
1332	1.0000	0.8926	0.0000	1.6506
1333	1.0000	0.9012	0.0000	1.6521
1334	1.0000	0.8774	0.0000	1.6533
1335	1.0000	0.8793	0.0000	1.6546
1336	1.0000	0.8932	0.0000	1.6558
1337	1.0000	0.8791	0.0000	1.6572
1338	1.0000	0.8714	0.0000	1.6587
1339	1.0000	0.8898	0.0000	1.6600
1340	1.0000	0.8960	0.0000	1.6612
1341	1.0000	0.8881	0.0000	1.6624
1342	1.0000	0.8735	0.0000	1.6636
1343	1.0000	0.8476	0.0000	1.6647
1344	1.0000	0.9095	0.0000	1.6659
1345	1.0000	0.8756	0.0000	1.6671
1346	1.0000	0.8579	0.0000	1.6684
1347	1.0000	0.8338	0.0000	1.6698
1348	1.0000	0.8546	0.0000	1.6710
1349	1.0000	0.8548	0.0000	1.6722
1350	1.0000	0.8837	0.0000	1.6731
1351	1.0000	0.8732	0.0000	1.6741
1352	1.0000	0.8692	0.0000	1.6750
1353	1.0000	0.8740	0.0000	1.6759
1354	1.0000	0.8635	0.0000	1.6769
1355	1.0000	0.8959	0.0000	1.6780
1356	1.0000	0.8903	0.0000	1.6791
1357	1.0000	0.9060	0.0000	1.6801
1358	1.0000	0.8975	0.0000	1.6811
1359	1.0000	0.9040	0.0000	1.6822
1360	1.0000	0.9184	0.0000	1.6835
1361	1.0000	0.9085	0.0000	1.6847
1362	1.0000	0.8802	0.0000	1.6861
1363	1.0000	0.9098	0.0000	1.6875
1364	1.0000	0.8819	0.0000	1.6892
1365	1.0000	0.8588	0.0000	1.6912
1366	1.0000	0.8584	0.0000	1.6931
1367	1.0000	0.8293	0.0000	1.6951
1368	1.0000	0.8215	0.0000	1.6969
1369	1.0000	0.8161	0.0000	1.6983
1370	1.0000	0.8351	0.0000	1.7002
1371	1.0000	0.8261	0.0000	1.7015
1372	1.0000	0.8641	0.0000	1.7029
1373	1.0000	0.8744	0.0000	1.7043
1374	1.0000	0.8398	0.0000	1.7060
1375	1.0000	0.8292	0.0000	1.7075
1376	1.0000	0.8434	0.0000	1.7091
1377	1.0000	0.8870	0.0000	1.7106
1378	1.0000	0.8727	0.0000	1.7121
1379	1.0000	0.8888	0.0000	1.7137
1380	1.0000	0.8724	0.0000	1.7155
1381	1.0000	0.8805	0.0000	1.7174
1382	1.0000	0.8776	0.0000	1.7193
1383	1.0000	0.8779	0.0000	1.7213
1384	1.0000	0.8941	0.0000	1.7231
1385	1.0000	0.8810	0.0000	1.7250
1386	1.0000	0.8994	0.0000	1.7267
1387	1.0000	0.9029	0.0000	1.7288
1388	1.0000	0.8962	0.0000	1.7311
1389	1.0000	0.9010	0.0000	1.7329
1390	1.0000	0.8908	0.0000	1.7347
1391	1.0000	0.8956	0.0000	1.7366
1392	1.0000	0.8744	0.0000	1.7382
1393	1.0000	0.8714	0.0000	1.7398
1394	1.0000	0.9017	0.0000	1.7415
1395	1.0000	0.8702	0.0000	1.7430
1396	1.0000	0.8816	0.0000	1.7444
1397	1.0000	0.8658	0.0000	1.7458
1398	1.0000	0.8797	0.0000	1.7471
1399	1.0000	0.8405	0.0000	1.7484
1400	1.0000	0.8472	0.0000	1.7498
1401	1.0000	0.8888	0.0000	1.7512
1402	1.0000	0.8808	0.0000	1.7525
1403	1.0000	0.8560	0.0000	1.7538
1404	1.0000	0.8927	0.0000	1.7552
1405	1.0000	0.9015	0.0000	1.7565
1406	1.0000	0.8864	0.0000	1.7584
1407	1.0000	0.9030	0.0000	1.7604
1408	1.0000	0.9121	0.0000	1.7622
1409	1.0000	0.9021	0.0000	1.7641
1410	1.0000	0.8847	0.0000	1.7659
1411	1.0000	0.9210	0.0000	1.7674
1412	1.0000	0.8983	0.0000	1.7694
1413	1.0000	0.8769	0.0000	1.7715
1414	1.0000	0.8851	0.0000	1.7730
1415	1.0000	0.8531	0.0000	1.7745
1416	1.0000	0.8621	0.0000	1.7761
1417	1.0000	0.8800	0.0000	1.7777
1418	1.0000	0.8526	0.0000	1.7792
1419	1.0000	0.8791	0.0000	1.7804
1420	1.0000	0.8877	0.0000	1.7816
1421	1.0000	0.9000	0.0000	1.7831
1422	1.0000	0.8639	0.0000	1.7844
1423	1.0000	0.9016	0.0000	1.7859
1424	1.0000	0.8535	0.0000	1.7876
1425	1.0000	0.8819	0.0000	1.7890
1426	1.0000	0.8613	0.0000	1.7905
1427	1.0000	0.9002	0.0000	1.7921
1428	1.0000	0.8885	0.0000	1.7936
1429	1.0000	0.8351	0.0000	1.7952
1430	1.0000	0.8757	0.0000	1.7968
1431	1.0000	0.8670	0.0000	1.7986
1432	1.0000	0.8676	0.0000	1.8000
1433	1.0000	0.8832	0.0000	1.8015
1434	1.0000	0.8622	0.0000	1.8031
1435	1.0000	0.8799	0.0000	1.8050
1436	1.0000	0.8825	0.0000	1.8067
1437	1.0000	0.8865	0.0000	1.8084
1438	1.0000	0.8639	0.0000	1.8100
1439	1.0000	0.8750	0.0000	1.8117
1440	1.0000	0.8253	0.0000	1.8132
1441	1.0000	0.8616	0.0000	1.8146
1442	1.0000	0.8746	0.0000	1.8161
1443	1.0000	0.8799	0.0000	1.8176
1444	1.0000	0.8842	0.0000	1.8192
1445	1.0000	0.8790	0.0000	1.8209
1446	1.0000	0.8931	0.0000	1.8224
1447	1.0000	0.8623	0.0000	1.8239
1448	1.0000	0.8755	0.0000	1.8253
1449	1.0000	0.8727	0.0000	1.8266
1450	1.0000	0.8755	0.0000	1.8280
1451	1.0000	0.9060	0.0000	1.8296
1452	1.0000	0.8915	0.0000	1.8314
1453	1.0000	0.9061	0.0000	1.8332
1454	1.0000	0.9144	0.0000	1.8351
1455	1.0000	0.9214	0.0000	1.8369
1456	1.0000	0.8925	0.0000	1.8386
1457	1.0000	0.8925	0.0000	1.8401
1458	1.0000	0.8808	0.0000	1.8416
1459	1.0000	0.8728	0.0000	1.8432
1460	1.0000	0.8507	0.0000	1.8448
1461	1.0000	0.8351	0.0000	1.8460
1462	1.0000	0.8248	0.0000	1.8473
1463	1.0000	0.8657	0.0000	1.8485
1464	1.0000	0.8630	0.0000	1.8497
1465	1.0000	0.8598	0.0000	1.8509
1466	1.0000	0.8683	0.0000	1.8522
1467	1.0000	0.8738	0.0000	1.8537
1468	1.0000	0.8460	0.0000	1.8552
1469	1.0000	0.8591	0.0000	1.8565
1470	1.0000	0.8870	0.0000	1.8577
1471	1.0000	0.8792	0.0000	1.8592
1472	1.0000	0.8670	0.0000	1.8607
1473	1.0000	0.8732	0.0000	1.8622
1474	1.0000	0.8624	0.0000	1.8635
1475	1.0000	0.8609	0.0000	1.8648
1476	1.0000	0.8725	0.0000	1.8662
1477	1.0000	0.8635	0.0000	1.8679
1478	1.0000	0.8791	0.0000	1.8699
1479	1.0000	0.8727	0.0000	1.8721
1480	1.0000	0.8642	0.0000	1.8736
1481	1.0000	0.8614	0.0000	1.8752
1482	1.0000	0.8413	0.0000	1.8769
1483	1.0000	0.8626	0.0000	1.8784
1484	1.0000	0.8628	0.0000	1.8800
1485	1.0000	0.8590	0.0000	1.8814
1486	1.0000	0.8596	0.0000	1.8833
1487	1.0000	0.8591	0.0000	1.8849
1488	1.0000	0.8498	0.0000	1.8865
1489	1.0000	0.8743	0.0000	1.8888
1490	1.0000	0.8897	0.0000	1.8911
1491	1.0000	0.8661	0.0000	1.8929
1492	1.0000	0.8266	0.0000	1.8947
1493	1.0000	0.8668	0.0000	1.8968
1494	1.0000	0.8656	0.0000	1.8989
1495	1.0000	0.8790	0.0000	1.9009
1496	1.0000	0.8484	0.0000	1.9025
1497	1.0000	0.8359	0.0000	1.9043
1498	1.0000	0.8198	0.0000	1.9060
1499	1.0000	0.7967	0.0000	1.9078
1500	1.0000	0.7827	0.0000	1.9094
1501	1.0000	0.8100	0.0000	1.9110
1502	1.0000	0.8059	0.0000	1.9126
1503	1.0000	0.8387	0.0000	1.9143
1504	1.0000	0.8106	0.0000	1.9158
1505	1.0000	0.8485	0.0000	1.9174
1506	1.0000	0.8111	0.0000	1.9191
1507	1.0000	0.8432	0.0000	1.9206
1508	1.0000	0.8502	0.0000	1.9222
1509	1.0000	0.8513	0.0000	1.9237
1510	1.0000	0.8565	0.0000	1.9251
1511	1.0000	0.8882	0.0000	1.9267
1512	1.0000	0.8871	0.0000	1.9281
1513	1.0000	0.8945	0.0000	1.9295
1514	1.0000	0.8725	0.0000	1.9312
1515	1.0000	0.8780	0.0000	1.9325
1516	1.0000	0.8520	0.0000	1.9339
1517	1.0000	0.8674	0.0000	1.9355
1518	1.0000	0.8740	0.0000	1.9369
1519	1.0000	0.8755	0.0000	1.9383
1520	1.0000	0.8986	0.0000	1.9396
1521	1.0000	0.8867	0.0000	1.9408
1522	1.0000	0.8786	0.0000	1.9422
1523	1.0000	0.8655	0.0000	1.9438
1524	1.0000	0.8612	0.0000	1.9450
1525	1.0000	0.8431	0.0000	1.9466
1526	1.0000	0.8280	0.0000	1.9480
1527	1.0000	0.8605	0.0000	1.9494
1528	1.0000	0.8689	0.0000	1.9507
1529	1.0000	0.8756	0.0000	1.9520
1530	1.0000	0.8794	0.0000	1.9533
1531	1.0000	0.8792	0.0000	1.9547
1532	1.0000	0.8653	0.0000	1.9562
1533	1.0000	0.8956	0.0000	1.9579
1534	1.0000	0.8645	0.0000	1.9596
1535	1.0000	0.8160	0.0000	1.9612
1536	1.0000	0.8462	0.0000	1.9628
1537	1.0000	0.8579	0.0000	1.9645
1538	1.0000	0.8511	0.0000	1.9662
1539	1.0000	0.8680	0.0000	1.9677
1540	1.0000	0.8633	0.0000	1.9693
1541	1.0000	0.8318	0.0000	1.9708
1542	1.0000	0.8738	0.0000	1.9722
1543	1.0000	0.8545	0.0000	1.9735
1544	1.0000	0.8918	0.0000	1.9749
1545	1.0000	0.8809	0.0000	1.9763
1546	1.0000	0.8561	0.0000	1.9776
1547	1.0000	0.8785	0.0000	1.9786
1548	1.0000	0.8750	0.0000	1.9800
1549	1.0000	0.8612	0.0000	1.9810
1550	1.0000	0.8880	0.0000	1.9822
1551	1.0000	0.8543	0.0000	1.9834
1552	1.0000	0.9090	0.0000	1.9846
1553	1.0000	0.9092	0.0000	1.9859
1554	1.0000	0.8500	0.0000	1.9872
1555	1.0000	0.8828	0.0000	1.9884
1556	1.0000	0.8991	0.0000	1.9898
1557	1.0000	0.8722	0.0000	1.9912
1558	1.0000	0.9042	0.0000	1.9927
1559	1.0000	0.8816	0.0000	1.9941
1560	1.0000	0.8703	0.0000	1.9955
1561	1.0000	0.8921	0.0000	1.9970
1562	1.0000	0.8936	0.0000	1.9982
1563	1.0000	0.8727	0.0000	1.9994
1564	1.0000	0.8942	0.0000	2.0006
1565	1.0000	0.8911	0.0000	2.0018
1566	1.0000	0.9056	0.0000	2.0029
1567	1.0000	0.8906	0.0000	2.0040
1568	1.0000	0.9111	0.0000	2.0053
1569	1.0000	0.9013	0.0000	2.0065
1570	1.0000	0.8816	0.0000	2.0075
1571	1.0000	0.8873	0.0000	2.0085
1572	1.0000	0.8767	0.0000	2.0098
1573	1.0000	0.9240	0.0000	2.0111
1574	1.0000	0.8966	0.0000	2.0126
1575	1.0000	0.8976	0.0000	2.0139
1576	1.0000	0.8954	0.0000	2.0151
1577	1.0000	0.9138	0.0000	2.0164
1578	1.0000	0.8816	0.0000	2.0176
1579	1.0000	0.8823	0.0000	2.0188
1580	1.0000	0.8926	0.0000	2.0198
1581	1.0000	0.8957	0.0000	2.0210
1582	1.0000	0.8832	0.0000	2.0220
1583	1.0000	0.9125	0.0000	2.0232
1584	1.0000	0.9140	0.0000	2.0243
1585	1.0000	0.9233	0.0000	2.0253
1586	1.0000	0.8860	0.0000	2.0263
1587	1.0000	0.9074	0.0000	2.0273
1588	1.0000	0.9081	0.0000	2.0284
1589	1.0000	0.9117	0.0000	2.0296
1590	1.0000	0.9196	0.0000	2.0307
1591	1.0000	0.9298	0.0000	2.0320
1592	1.0000	0.9183	0.0000	2.0332
1593	1.0000	0.9228	0.0000	2.0344
1594	1.0000	0.9057	0.0000	2.0356
1595	1.0000	0.8917	0.0000	2.0369
1596	1.0000	0.9015	0.0000	2.0381
1597	1.0000	0.9136	0.0000	2.0395
1598	1.0000	0.9325	0.0000	2.0408
1599	1.0000	0.8987	0.0000	2.0421
1600	1.0000	0.9194	0.0000	2.0433
1601	1.0000	0.9274	0.0000	2.0445
1602	1.0000	0.9484	0.0000	2.0458
1603	1.0000	0.8879	0.0000	2.0471
1604	1.0000	0.8964	0.0000	2.0486
1605	1.0000	0.9143	0.0000	2.0500
1606	1.0000	0.9130	0.0000	2.0510
1607	1.0000	0.8998	0.0000	2.0522
1608	1.0000	0.8987	0.0000	2.0535
1609	1.0000	0.9223	0.0000	2.0549
1610	1.0000	0.8878	0.0000	2.0561
1611	1.0000	0.9152	0.0000	2.0574
1612	1.0000	0.9014	0.0000	2.0587
1613	1.0000	0.9069	0.0000	2.0600
1614	1.0000	0.9077	0.0000	2.0615
1615	1.0000	0.8677	0.0000	2.0628
1616	1.0000	0.8749	0.0000	2.0643
1617	1.0000	0.8678	0.0000	2.0657
1618	1.0000	0.8740	0.0000	2.0674
1619	1.0000	0.8786	0.0000	2.0690
1620	1.0000	0.8636	0.0000	2.0705
1621	1.0000	0.8406	0.0000	2.0721
1622	1.0000	0.8499	0.0000	2.0737
1623	1.0000	0.8293	0.0000	2.0756
1624	1.0000	0.8300	0.0000	2.0772
1625	1.0000	0.8377	0.0000	2.0789
1626	1.0000	0.8295	0.0000	2.0802
1627	1.0000	0.8511	0.0000	2.0816
1628	1.0000	0.8422	0.0000	2.0831
1629	1.0000	0.8348	0.0000	2.0844
1630	1.0000	0.8632	0.0000	2.0860
1631	1.0000	0.8613	0.0000	2.0873
1632	1.0000	0.8773	0.0000	2.0888
1633	1.0000	0.9023	0.0000	2.0903
1634	1.0000	0.8594	0.0000	2.0917
1635	1.0000	0.8847	0.0000	2.0930
1636	1.0000	0.9110	0.0000	2.0943
1637	1.0000	0.9027	0.0000	2.0958
1638	1.0000	0.9133	0.0000	2.0973
1639	1.0000	0.8744	0.0000	2.0988
1640	1.0000	0.9116	0.0000	2.1003
1641	1.0000	0.8965	0.0000	2.1019
1642	1.0000	0.9118	0.0000	2.1033
1643	1.0000	0.8875	0.0000	2.1046
1644	1.0000	0.8715	0.0000	2.1059
1645	1.0000	0.8885	0.0000	2.1072
1646	1.0000	0.8499	0.0000	2.1086
1647	1.0000	0.8224	0.0000	2.1099
1648	1.0000	0.8594	0.0000	2.1113
1649	1.0000	0.8246	0.0000	2.1128
1650	1.0000	0.8464	0.0000	2.1140
1651	1.0000	0.8480	0.0000	2.1154
1652	1.0000	0.8683	0.0000	2.1167
1653	1.0000	0.8794	0.0000	2.1181
1654	1.0000	0.8923	0.0000	2.1196
1655	1.0000	0.8946	0.0000	2.1210
1656	1.0000	0.8695	0.0000	2.1223
1657	1.0000	0.8914	0.0000	2.1238
1658	1.0000	0.9109	0.0000	2.1252
1659	1.0000	0.8939	0.0000	2.1265
1660	1.0000	0.9069	0.0000	2.1282
1661	1.0000	0.8747	0.0000	2.1296
1662	1.0000	0.8677	0.0000	2.1307
1663	1.0000	0.8674	0.0000	2.1319
1664	1.0000	0.8485	0.0000	2.1331
1665	1.0000	0.8992	0.0000	2.1343
1666	1.0000	0.8777	0.0000	2.1355
1667	1.0000	0.8461	0.0000	2.1369
1668	1.0000	0.8567	0.0000	2.1380
1669	1.0000	0.8441	0.0000	2.1392
1670	1.0000	0.8631	0.0000	2.1403
1671	1.0000	0.8472	0.0000	2.1416
1672	1.0000	0.8431	0.0000	2.1429
1673	1.0000	0.8081	0.0000	2.1440
1674	1.0000	0.8560	0.0000	2.1450
1675	1.0000	0.8615	0.0000	2.1460
1676	1.0000	0.8067	0.0000	2.1470
1677	1.0000	0.8186	0.0000	2.1482
1678	1.0000	0.8545	0.0000	2.1492
1679	1.0000	0.8483	0.0000	2.1503
1680	1.0000	0.8331	0.0000	2.1514
1681	1.0000	0.8470	0.0000	2.1527
1682	1.0000	0.8470	0.0000	2.1540
1683	1.0000	0.8553	0.0000	2.1552
1684	1.0000	0.8712	0.0000	2.1565
1685	1.0000	0.8439	0.0000	2.1579
1686	1.0000	0.8638	0.0000	2.1590
1687	1.0000	0.8282	0.0000	2.1603
1688	1.0000	0.9014	0.0000	2.1614
1689	1.0000	0.8779	0.0000	2.1624
1690	1.0000	0.8727	0.0000	2.1636
1691	1.0000	0.8732	0.0000	2.1648
1692	1.0000	0.8661	0.0000	2.1659
1693	1.0000	0.8608	0.0000	2.1672
1694	1.0000	0.8462	0.0000	2.1683
1695	1.0000	0.8574	0.0000	2.1694
1696	1.0000	0.8394	0.0000	2.1709
1697	1.0000	0.8332	0.0000	2.1725
1698	1.0000	0.7868	0.0000	2.1741
1699	1.0000	0.8050	0.0000	2.1756
1700	1.0000	0.7870	0.0000	2.1773
1701	1.0000	0.8100	0.0000	2.1789
1702	1.0000	0.8444	0.0000	2.1804
1703	1.0000	0.8364	0.0000	2.1818
1704	1.0000	0.8252	0.0000	2.1832
1705	1.0000	0.8416	0.0000	2.1845
1706	1.0000	0.8350	0.0000	2.1859
1707	1.0000	0.8251	0.0000	2.1872
1708	1.0000	0.8646	0.0000	2.1885
1709	1.0000	0.8382	0.0000	2.1898
1710	1.0000	0.8670	0.0000	2.1913
1711	1.0000	0.8446	0.0000	2.1928
1712	1.0000	0.8023	0.0000	2.1943
1713	1.0000	0.8258	0.0000	2.1956
1714	1.0000	0.8331	0.0000	2.1968
1715	1.0000	0.8435	0.0000	2.1980
1716	1.0000	0.8186	0.0000	2.1991
1717	1.0000	0.8613	0.0000	2.2003
1718	1.0000	0.8271	0.0000	2.2013
1719	1.0000	0.8347	0.0000	2.2025
1720	1.0000	0.8561	0.0000	2.2037
1721	1.0000	0.8492	0.0000	2.2049
1722	1.0000	0.8787	0.0000	2.2062
1723	1.0000	0.8838	0.0000	2.2076
1724	1.0000	0.8909	0.0000	2.2091
1725	1.0000	0.8794	0.0000	2.2105
1726	1.0000	0.9025	0.0000	2.2120
1727	1.0000	0.8670	0.0000	2.2135
1728	1.0000	0.8876	0.0000	2.2147
1729	1.0000	0.8861	0.0000	2.2160
1730	1.0000	0.8822	0.0000	2.2174
1731	1.0000	0.8748	0.0000	2.2186
1732	1.0000	0.8976	0.0000	2.2199
1733	1.0000	0.9028	0.0000	2.2212
1734	1.0000	0.8762	0.0000	2.2224
1735	1.0000	0.8945	0.0000	2.2237
1736	1.0000	0.8794	0.0000	2.2252
1737	1.0000	0.8979	0.0000	2.2267
1738	1.0000	0.8467	0.0000	2.2280
1739	1.0000	0.8734	0.0000	2.2295
1740	1.0000	0.8476	0.0000	2.2311
1741	1.0000	0.9032	0.0000	2.2326
1742	1.0000	0.8672	0.0000	2.2341
1743	1.0000	0.8812	0.0000	2.2356
1744	1.0000	0.8962	0.0000	2.2369
1745	1.0000	0.8893	0.0000	2.2383
1746	1.0000	0.8857	0.0000	2.2396
1747	1.0000	0.8867	0.0000	2.2407
1748	1.0000	0.8937	0.0000	2.2419
1749	1.0000	0.8604	0.0000	2.2432
1750	1.0000	0.9090	0.0000	2.2445
1751	1.0000	0.8961	0.0000	2.2457
1752	1.0000	0.8864	0.0000	2.2470
1753	1.0000	0.8787	0.0000	2.2484
1754	1.0000	0.9254	0.0000	2.2498
1755	1.0000	0.8600	0.0000	2.2509
1756	1.0000	0.8209	0.0000	2.2522
1757	1.0000	0.8798	0.0000	2.2535
1758	1.0000	0.9068	0.0000	2.2547
1759	1.0000	0.8914	0.0000	2.2557
1760	1.0000	0.8942	0.0000	2.2569
1761	1.0000	0.9154	0.0000	2.2579
1762	1.0000	0.9011	0.0000	2.2589
1763	1.0000	0.9156	0.0000	2.2602
1764	1.0000	0.9084	0.0000	2.2612
1765	1.0000	0.9012	0.0000	2.2623
1766	1.0000	0.9208	0.0000	2.2635
1767	1.0000	0.9274	0.0000	2.2645
1768	1.0000	0.9010	0.0000	2.2656
1769	1.0000	0.9263	0.0000	2.2669
1770	1.0000	0.9379	0.0000	2.2682
1771	1.0000	0.9202	0.0000	2.2694
1772	1.0000	0.9123	0.0000	2.2706
1773	1.0000	0.9210	0.0000	2.2718
1774	1.0000	0.9150	0.0000	2.2729
1775	1.0000	0.8985	0.0000	2.2741
1776	1.0000	0.8813	0.0000	2.2755
1777	1.0000	0.8621	0.0000	2.2769
1778	1.0000	0.8285	0.0000	2.2780
1779	1.0000	0.8428	0.0000	2.2791
1780	1.0000	0.8558	0.0000	2.2800
1781	1.0000	0.8400	0.0000	2.2811
1782	1.0000	0.8538	0.0000	2.2821
1783	1.0000	0.8894	0.0000	2.2831
1784	1.0000	0.8817	0.0000	2.2842
1785	1.0000	0.8372	0.0000	2.2853
1786	1.0000	0.7960	0.0000	2.2866
1787	1.0000	0.8241	0.0000	2.2877
1788	1.0000	0.8377	0.0000	2.2890
1789	1.0000	0.8752	0.0000	2.2902
1790	1.0000	0.8588	0.0000	2.2916
1791	1.0000	0.8592	0.0000	2.2928
1792	1.0000	0.8475	0.0000	2.2938
1793	1.0000	0.8740	0.0000	2.2950
1794	1.0000	0.8843	0.0000	2.2962
1795	1.0000	0.8824	0.0000	2.2973
1796	1.0000	0.8821	0.0000	2.2984
1797	1.0000	0.9085	0.0000	2.3000
1798	1.0000	0.8991	0.0000	2.3016
1799	1.0000	0.8917	0.0000	2.3031
1800	1.0000	0.8771	0.0000	2.3043
1801	1.0000	0.8895	0.0000	2.3055
1802	1.0000	0.8921	0.0000	2.3069
1803	1.0000	0.8490	0.0000	2.3080
1804	1.0000	0.8743	0.0000	2.3090
1805	1.0000	0.8816	0.0000	2.3101
1806	1.0000	0.8691	0.0000	2.3110
1807	1.0000	0.9205	0.0000	2.3121
1808	1.0000	0.9143	0.0000	2.3132
1809	1.0000	0.9035	0.0000	2.3145
1810	1.0000	0.8909	0.0000	2.3156
1811	1.0000	0.8878	0.0000	2.3168
1812	1.0000	0.8740	0.0000	2.3182
1813	1.0000	0.8636	0.0000	2.3192
1814	1.0000	0.9021	0.0000	2.3204
1815	1.0000	0.8926	0.0000	2.3215
1816	1.0000	0.8823	0.0000	2.3229
1817	1.0000	0.8720	0.0000	2.3244
1818	1.0000	0.8984	0.0000	2.3261
1819	1.0000	0.8889	0.0000	2.3277
1820	1.0000	0.9114	0.0000	2.3296
1821	1.0000	0.8921	0.0000	2.3311
1822	1.0000	0.8548	0.0000	2.3326
1823	1.0000	0.8783	0.0000	2.3340
1824	1.0000	0.8381	0.0000	2.3355
1825	1.0000	0.8641	0.0000	2.3369
1826	1.0000	0.8402	0.0000	2.3381
1827	1.0000	0.8460	0.0000	2.3397
1828	1.0000	0.8753	0.0000	2.3410
1829	1.0000	0.8760	0.0000	2.3425
1830	1.0000	0.8883	0.0000	2.3443
1831	1.0000	0.8880	0.0000	2.3457
1832	1.0000	0.9057	0.0000	2.3469
1833	1.0000	0.8825	0.0000	2.3483
1834	1.0000	0.9103	0.0000	2.3496
1835	1.0000	0.8904	0.0000	2.3509
1836	1.0000	0.8712	0.0000	2.3521
1837	1.0000	0.8438	0.0000	2.3532
1838	1.0000	0.8130	0.0000	2.3544
1839	1.0000	0.8243	0.0000	2.3555
1840	1.0000	0.8228	0.0000	2.3568
1841	1.0000	0.8446	0.0000	2.3581
1842	1.0000	0.8560	0.0000	2.3594
1843	1.0000	0.8299	0.0000	2.3608
1844	1.0000	0.8417	0.0000	2.3620
1845	1.0000	0.8515	0.0000	2.3633
1846	1.0000	0.8465	0.0000	2.3646
1847	1.0000	0.8775	0.0000	2.3658
1848	1.0000	0.8900	0.0000	2.3675
1849	1.0000	0.8639	0.0000	2.3687
1850	1.0000	0.8735	0.0000	2.3700
1851	1.0000	0.8626	0.0000	2.3714
1852	1.0000	0.8550	0.0000	2.3727
1853	1.0000	0.8587	0.0000	2.3741
1854	1.0000	0.8544	0.0000	2.3753
1855	1.0000	0.8611	0.0000	2.3767
1856	1.0000	0.8252	0.0000	2.3778
1857	1.0000	0.8739	0.0000	2.3791
1858	1.0000	0.8662	0.0000	2.3804
1859	1.0000	0.8835	0.0000	2.3819
1860	1.0000	0.8224	0.0000	2.3831
1861	1.0000	0.8219	0.0000	2.3844
1862	1.0000	0.8745	0.0000	2.3856
1863	1.0000	0.8420	0.0000	2.3868
1864	1.0000	0.8735	0.0000	2.3882
1865	1.0000	0.8755	0.0000	2.3895
Pos: [7.706241823691316, 7.706365913991405, 4.111225653764342]

=================================================================================================================