ID: vincent	Date: 2019-05-03 14:50:10	Runs: 1
=================================================================================================================
Run: 0
Iter	Gbest	AvrFit	Diver	ETime	
0	0.9834	0.2254	0.0000	0.0008
1	0.9834	0.3374	0.0000	0.0015
2	0.9834	0.4372	0.0000	0.0021
3	0.9834	0.4828	0.0000	0.0028
4	0.9927	0.5707	0.0000	0.0035
5	0.9927	0.6064	0.0000	0.0043
6	0.9927	0.5959	0.0000	0.0049
7	0.9927	0.6598	0.0000	0.0056
8	0.9927	0.7043	0.0000	0.0063
9	0.9994	0.7171	0.0000	0.0069
10	0.9998	0.7487	0.0000	0.0076
11	0.9998	0.7491	0.0000	0.0083
12	0.9998	0.7915	0.0000	0.0090
13	0.9998	0.8199	0.0000	0.0097
14	0.9998	0.8099	0.0000	0.0103
15	0.9998	0.8280	0.0000	0.0110
16	0.9998	0.7924	0.0000	0.0117
17	0.9998	0.8189	0.0000	0.0123
18	0.9998	0.8570	0.0000	0.0130
19	0.9999	0.8436	0.0000	0.0136
20	0.9999	0.8576	0.0000	0.0143
21	0.9999	0.8706	0.0000	0.0150
22	0.9999	0.8785	0.0000	0.0156
23	0.9999	0.8832	0.0000	0.0164
24	0.9999	0.8763	0.0000	0.0171
25	0.9999	0.8944	0.0000	0.0178
26	0.9999	0.8787	0.0000	0.0185
27	0.9999	0.9120	0.0000	0.0192
28	0.9999	0.9316	0.0000	0.0199
29	1.0000	0.9154	0.0000	0.0207
30	1.0000	0.9100	0.0000	0.0213
31	1.0000	0.9013	0.0000	0.0220
32	1.0000	0.9121	0.0000	0.0226
33	1.0000	0.9181	0.0000	0.0233
34	1.0000	0.9259	0.0000	0.0239
35	1.0000	0.9135	0.0000	0.0246
36	1.0000	0.9185	0.0000	0.0253
37	1.0000	0.9121	0.0000	0.0259
38	1.0000	0.9433	0.0000	0.0265
39	1.0000	0.9398	0.0000	0.0272
40	1.0000	0.9367	0.0000	0.0278
41	1.0000	0.9308	0.0000	0.0285
42	1.0000	0.9383	0.0000	0.0291
43	1.0000	0.9595	0.0000	0.0297
44	1.0000	0.9459	0.0000	0.0304
45	1.0000	0.9402	0.0000	0.0310
46	1.0000	0.9423	0.0000	0.0317
47	1.0000	0.9284	0.0000	0.0323
48	1.0000	0.9447	0.0000	0.0329
49	1.0000	0.9418	0.0000	0.0336
50	1.0000	0.9407	0.0000	0.0343
51	1.0000	0.9374	0.0000	0.0349
52	1.0000	0.9562	0.0000	0.0356
53	1.0000	0.9292	0.0000	0.0363
54	1.0000	0.9549	0.0000	0.0369
55	1.0000	0.9547	0.0000	0.0376
56	1.0000	0.9588	0.0000	0.0382
57	1.0000	0.9588	0.0000	0.0389
58	1.0000	0.9674	0.0000	0.0396
59	1.0000	0.9704	0.0000	0.0402
60	1.0000	0.9640	0.0000	0.0408
61	1.0000	0.9444	0.0000	0.0415
62	1.0000	0.9486	0.0000	0.0421
63	1.0000	0.9562	0.0000	0.0428
64	1.0000	0.9655	0.0000	0.0435
65	1.0000	0.9671	0.0000	0.0441
66	1.0000	0.9544	0.0000	0.0448
67	1.0000	0.9519	0.0000	0.0454
68	1.0000	0.9552	0.0000	0.0461
69	1.0000	0.9567	0.0000	0.0467
70	1.0000	0.9748	0.0000	0.0474
71	1.0000	0.9779	0.0000	0.0482
72	1.0000	0.9707	0.0000	0.0488
73	1.0000	0.9643	0.0000	0.0495
74	1.0000	0.9586	0.0000	0.0501
75	1.0000	0.9640	0.0000	0.0508
76	1.0000	0.9666	0.0000	0.0515
77	1.0000	0.9694	0.0000	0.0522
78	1.0000	0.9655	0.0000	0.0528
79	1.0000	0.9535	0.0000	0.0536
80	1.0000	0.9690	0.0000	0.0543
81	1.0000	0.9599	0.0000	0.0550
82	1.0000	0.9577	0.0000	0.0558
83	1.0000	0.9777	0.0000	0.0565
84	1.0000	0.9782	0.0000	0.0571
85	1.0000	0.9722	0.0000	0.0578
86	1.0000	0.9638	0.0000	0.0585
87	1.0000	0.9555	0.0000	0.0592
88	1.0000	0.9465	0.0000	0.0598
89	1.0000	0.9680	0.0000	0.0605
90	1.0000	0.9465	0.0000	0.0612
91	1.0000	0.9525	0.0000	0.0619
92	1.0000	0.9481	0.0000	0.0627
93	1.0000	0.9428	0.0000	0.0634
94	1.0000	0.9692	0.0000	0.0642
95	1.0000	0.9626	0.0000	0.0649
96	1.0000	0.9509	0.0000	0.0656
97	1.0000	0.9707	0.0000	0.0663
98	1.0000	0.9492	0.0000	0.0671
99	1.0000	0.9614	0.0000	0.0679
100	1.0000	0.7982	0.0000	0.0685
101	1.0000	0.8138	0.0000	0.0692
102	1.0000	0.7718	0.0000	0.0698
103	1.0000	0.8637	0.0000	0.0704
104	1.0000	0.8491	0.0000	0.0710
105	1.0000	0.8560	0.0000	0.0716
106	1.0000	0.8800	0.0000	0.0723
107	1.0000	0.8993	0.0000	0.0729
108	1.0000	0.9085	0.0000	0.0735
109	1.0000	0.9009	0.0000	0.0741
110	1.0000	0.9060	0.0000	0.0748
111	1.0000	0.9024	0.0000	0.0754
112	1.0000	0.9154	0.0000	0.0760
113	1.0000	0.8922	0.0000	0.0767
114	1.0000	0.9101	0.0000	0.0773
115	1.0000	0.9319	0.0000	0.0780
116	1.0000	0.9205	0.0000	0.0787
117	1.0000	0.9394	0.0000	0.0794
118	1.0000	0.9335	0.0000	0.0802
119	1.0000	0.9303	0.0000	0.0809
120	1.0000	0.9375	0.0000	0.0816
121	1.0000	0.9446	0.0000	0.0823
122	1.0000	0.9156	0.0000	0.0830
123	1.0000	0.9439	0.0000	0.0837
124	1.0000	0.9339	0.0000	0.0844
125	1.0000	0.9395	0.0000	0.0850
126	1.0000	0.9270	0.0000	0.0857
127	1.0000	0.9356	0.0000	0.0863
128	1.0000	0.9431	0.0000	0.0870
129	1.0000	0.9355	0.0000	0.0877
130	1.0000	0.9515	0.0000	0.0884
131	1.0000	0.9077	0.0000	0.0891
132	1.0000	0.9097	0.0000	0.0897
133	1.0000	0.9260	0.0000	0.0904
134	1.0000	0.9203	0.0000	0.0911
135	1.0000	0.9348	0.0000	0.0918
136	1.0000	0.9273	0.0000	0.0924
137	1.0000	0.9330	0.0000	0.0931
138	1.0000	0.9442	0.0000	0.0937
139	1.0000	0.9691	0.0000	0.0944
140	1.0000	0.9398	0.0000	0.0951
141	1.0000	0.9328	0.0000	0.0958
142	1.0000	0.9466	0.0000	0.0966
143	1.0000	0.9493	0.0000	0.0973
144	1.0000	0.9609	0.0000	0.0979
145	1.0000	0.9474	0.0000	0.0986
146	1.0000	0.9541	0.0000	0.0993
147	1.0000	0.9634	0.0000	0.0999
148	1.0000	0.9509	0.0000	0.1006
149	1.0000	0.9584	0.0000	0.1013
150	1.0000	0.9700	0.0000	0.1021
151	1.0000	0.9614	0.0000	0.1028
152	1.0000	0.9441	0.0000	0.1035
153	1.0000	0.9390	0.0000	0.1041
154	1.0000	0.9543	0.0000	0.1049
155	1.0000	0.9497	0.0000	0.1057
156	1.0000	0.9546	0.0000	0.1065
157	1.0000	0.9507	0.0000	0.1073
158	1.0000	0.9350	0.0000	0.1081
159	1.0000	0.9559	0.0000	0.1089
160	1.0000	0.9456	0.0000	0.1097
161	1.0000	0.9464	0.0000	0.1103
162	1.0000	0.9480	0.0000	0.1110
163	1.0000	0.9588	0.0000	0.1117
164	1.0000	0.9587	0.0000	0.1124
165	1.0000	0.9500	0.0000	0.1132
166	1.0000	0.9769	0.0000	0.1139
167	1.0000	0.9822	0.0000	0.1146
168	1.0000	0.9629	0.0000	0.1153
169	1.0000	0.9649	0.0000	0.1160
170	1.0000	0.9717	0.0000	0.1167
171	1.0000	0.9828	0.0000	0.1175
172	1.0000	0.9682	0.0000	0.1184
173	1.0000	0.9729	0.0000	0.1193
174	1.0000	0.9659	0.0000	0.1200
175	1.0000	0.9646	0.0000	0.1209
176	1.0000	0.9715	0.0000	0.1216
177	1.0000	0.9793	0.0000	0.1224
178	1.0000	0.9873	0.0000	0.1231
179	1.0000	0.9784	0.0000	0.1239
180	1.0000	0.9799	0.0000	0.1246
181	1.0000	0.9774	0.0000	0.1253
182	1.0000	0.9746	0.0000	0.1261
183	1.0000	0.9800	0.0000	0.1270
184	1.0000	0.9754	0.0000	0.1278
185	1.0000	0.9631	0.0000	0.1286
186	1.0000	0.9707	0.0000	0.1294
187	1.0000	0.9485	0.0000	0.1302
188	1.0000	0.9447	0.0000	0.1308
189	1.0000	0.9468	0.0000	0.1315
190	1.0000	0.9512	0.0000	0.1322
191	1.0000	0.9837	0.0000	0.1329
192	1.0000	0.9612	0.0000	0.1336
193	1.0000	0.9572	0.0000	0.1343
194	1.0000	0.9374	0.0000	0.1350
195	1.0000	0.9566	0.0000	0.1357
196	1.0000	0.9540	0.0000	0.1365
197	1.0000	0.9399	0.0000	0.1373
198	1.0000	0.9713	0.0000	0.1381
199	1.0000	0.9433	0.0000	0.1389
200	1.0000	0.9788	0.0000	0.1397
201	1.0000	0.9354	0.0000	0.1405
202	1.0000	0.9093	0.0000	0.1411
203	1.0000	0.9422	0.0000	0.1418
204	1.0000	0.9335	0.0000	0.1426
205	1.0000	0.8893	0.0000	0.1433
206	1.0000	0.9485	0.0000	0.1440
207	1.0000	0.9398	0.0000	0.1448
208	1.0000	0.9373	0.0000	0.1456
209	1.0000	0.9216	0.0000	0.1464
210	1.0000	0.9300	0.0000	0.1471
211	1.0000	0.9609	0.0000	0.1479
212	1.0000	0.9406	0.0000	0.1488
213	1.0000	0.9484	0.0000	0.1496
214	1.0000	0.9486	0.0000	0.1503
215	1.0000	0.9314	0.0000	0.1510
216	1.0000	0.9399	0.0000	0.1517
217	1.0000	0.9469	0.0000	0.1524
218	1.0000	0.9419	0.0000	0.1532
219	1.0000	0.9499	0.0000	0.1538
220	1.0000	0.9424	0.0000	0.1545
221	1.0000	0.9667	0.0000	0.1552
222	1.0000	0.9535	0.0000	0.1558
223	1.0000	0.9547	0.0000	0.1566
224	1.0000	0.9487	0.0000	0.1575
225	1.0000	0.9373	0.0000	0.1584
226	1.0000	0.9271	0.0000	0.1591
227	1.0000	0.9464	0.0000	0.1599
228	1.0000	0.9669	0.0000	0.1606
229	1.0000	0.9412	0.0000	0.1614
230	1.0000	0.9442	0.0000	0.1621
231	1.0000	0.9483	0.0000	0.1629
232	1.0000	0.9596	0.0000	0.1637
233	1.0000	0.9474	0.0000	0.1644
234	1.0000	0.9652	0.0000	0.1651
235	1.0000	0.9459	0.0000	0.1658
236	1.0000	0.9507	0.0000	0.1666
237	1.0000	0.9353	0.0000	0.1674
238	1.0000	0.9391	0.0000	0.1681
239	1.0000	0.9390	0.0000	0.1690
240	1.0000	0.9575	0.0000	0.1697
241	1.0000	0.9507	0.0000	0.1704
242	1.0000	0.9376	0.0000	0.1711
243	1.0000	0.9633	0.0000	0.1718
244	1.0000	0.9575	0.0000	0.1725
245	1.0000	0.9623	0.0000	0.1732
246	1.0000	0.9433	0.0000	0.1740
247	1.0000	0.9495	0.0000	0.1746
248	1.0000	0.9530	0.0000	0.1752
249	1.0000	0.9540	0.0000	0.1759
250	1.0000	0.9710	0.0000	0.1767
251	1.0000	0.9561	0.0000	0.1775
252	1.0000	0.9604	0.0000	0.1784
253	1.0000	0.9584	0.0000	0.1792
254	1.0000	0.9727	0.0000	0.1800
255	1.0000	0.9548	0.0000	0.1808
256	1.0000	0.9431	0.0000	0.1816
257	1.0000	0.9548	0.0000	0.1822
258	1.0000	0.9399	0.0000	0.1830
259	1.0000	0.9580	0.0000	0.1837
260	1.0000	0.9696	0.0000	0.1845
261	1.0000	0.9735	0.0000	0.1853
262	1.0000	0.9435	0.0000	0.1860
263	1.0000	0.9482	0.0000	0.1867
264	1.0000	0.9453	0.0000	0.1874
265	1.0000	0.9622	0.0000	0.1880
266	1.0000	0.9410	0.0000	0.1887
267	1.0000	0.9671	0.0000	0.1894
268	1.0000	0.9505	0.0000	0.1901
269	1.0000	0.9545	0.0000	0.1907
270	1.0000	0.9402	0.0000	0.1914
271	1.0000	0.9671	0.0000	0.1921
272	1.0000	0.9642	0.0000	0.1929
273	1.0000	0.9574	0.0000	0.1936
274	1.0000	0.9544	0.0000	0.1943
275	1.0000	0.9337	0.0000	0.1950
276	1.0000	0.9104	0.0000	0.1957
277	1.0000	0.9227	0.0000	0.1964
278	1.0000	0.9144	0.0000	0.1972
279	1.0000	0.9371	0.0000	0.1980
280	1.0000	0.9243	0.0000	0.1987
281	1.0000	0.9248	0.0000	0.1996
282	1.0000	0.9407	0.0000	0.2003
283	1.0000	0.9441	0.0000	0.2010
284	1.0000	0.9432	0.0000	0.2017
285	1.0000	0.9606	0.0000	0.2025
286	1.0000	0.9412	0.0000	0.2033
287	1.0000	0.9333	0.0000	0.2041
288	1.0000	0.9535	0.0000	0.2048
289	1.0000	0.9565	0.0000	0.2055
290	1.0000	0.9455	0.0000	0.2061
291	1.0000	0.9557	0.0000	0.2067
292	1.0000	0.9557	0.0000	0.2074
293	1.0000	0.9540	0.0000	0.2080
294	1.0000	0.9488	0.0000	0.2087
295	1.0000	0.9432	0.0000	0.2094
296	1.0000	0.9522	0.0000	0.2100
297	1.0000	0.9579	0.0000	0.2107
298	1.0000	0.9557	0.0000	0.2113
299	1.0000	0.9493	0.0000	0.2119
300	1.0000	0.9591	0.0000	0.2126
301	1.0000	0.9626	0.0000	0.2134
302	1.0000	0.9324	0.0000	0.2140
303	1.0000	0.9206	0.0000	0.2147
304	1.0000	0.9495	0.0000	0.2154
305	1.0000	0.9454	0.0000	0.2161
306	1.0000	0.9380	0.0000	0.2169
307	1.0000	0.9304	0.0000	0.2177
308	1.0000	0.9557	0.0000	0.2185
309	1.0000	0.9486	0.0000	0.2193
310	1.0000	0.9393	0.0000	0.2200
311	1.0000	0.9281	0.0000	0.2207
312	1.0000	0.9576	0.0000	0.2214
313	1.0000	0.9500	0.0000	0.2220
314	1.0000	0.9328	0.0000	0.2227
315	1.0000	0.9259	0.0000	0.2234
316	1.0000	0.9254	0.0000	0.2240
317	1.0000	0.9408	0.0000	0.2246
318	1.0000	0.9585	0.0000	0.2253
319	1.0000	0.9525	0.0000	0.2259
320	1.0000	0.9407	0.0000	0.2265
321	1.0000	0.9610	0.0000	0.2272
322	1.0000	0.9524	0.0000	0.2278
323	1.0000	0.9498	0.0000	0.2285
324	1.0000	0.9551	0.0000	0.2291
325	1.0000	0.9392	0.0000	0.2297
326	1.0000	0.9784	0.0000	0.2304
327	1.0000	0.9687	0.0000	0.2310
328	1.0000	0.9377	0.0000	0.2316
329	1.0000	0.9161	0.0000	0.2323
330	1.0000	0.9600	0.0000	0.2330
331	1.0000	0.8944	0.0000	0.2336
332	1.0000	0.9267	0.0000	0.2342
333	1.0000	0.8948	0.0000	0.2349
334	1.0000	0.9290	0.0000	0.2355
335	1.0000	0.9367	0.0000	0.2362
336	1.0000	0.9285	0.0000	0.2368
337	1.0000	0.9375	0.0000	0.2375
338	1.0000	0.9453	0.0000	0.2381
339	1.0000	0.9370	0.0000	0.2388
340	1.0000	0.9532	0.0000	0.2394
341	1.0000	0.9128	0.0000	0.2401
342	1.0000	0.9436	0.0000	0.2407
343	1.0000	0.9613	0.0000	0.2413
344	1.0000	0.9367	0.0000	0.2420
345	1.0000	0.9473	0.0000	0.2426
346	1.0000	0.9187	0.0000	0.2433
347	1.0000	0.9414	0.0000	0.2439
348	1.0000	0.9444	0.0000	0.2446
349	1.0000	0.9315	0.0000	0.2452
350	1.0000	0.9450	0.0000	0.2459
351	1.0000	0.9386	0.0000	0.2465
352	1.0000	0.9527	0.0000	0.2472
353	1.0000	0.9421	0.0000	0.2478
354	1.0000	0.9498	0.0000	0.2485
355	1.0000	0.9588	0.0000	0.2492
356	1.0000	0.9546	0.0000	0.2498
357	1.0000	0.9070	0.0000	0.2505
358	1.0000	0.9176	0.0000	0.2511
359	1.0000	0.9139	0.0000	0.2518
360	1.0000	0.8941	0.0000	0.2525
361	1.0000	0.8940	0.0000	0.2531
362	1.0000	0.9281	0.0000	0.2537
363	1.0000	0.9094	0.0000	0.2544
364	1.0000	0.9049	0.0000	0.2551
365	1.0000	0.9217	0.0000	0.2557
366	1.0000	0.9172	0.0000	0.2563
367	1.0000	0.9279	0.0000	0.2570
368	1.0000	0.9399	0.0000	0.2576
369	1.0000	0.9105	0.0000	0.2583
370	1.0000	0.9294	0.0000	0.2590
371	1.0000	0.9297	0.0000	0.2596
372	1.0000	0.9386	0.0000	0.2603
373	1.0000	0.9472	0.0000	0.2609
374	1.0000	0.9335	0.0000	0.2615
375	1.0000	0.9217	0.0000	0.2621
376	1.0000	0.9368	0.0000	0.2628
377	1.0000	0.9401	0.0000	0.2634
378	1.0000	0.9304	0.0000	0.2641
379	1.0000	0.9128	0.0000	0.2647
380	1.0000	0.9090	0.0000	0.2653
381	1.0000	0.9195	0.0000	0.2660
382	1.0000	0.9344	0.0000	0.2667
383	1.0000	0.9108	0.0000	0.2674
384	1.0000	0.9122	0.0000	0.2681
385	1.0000	0.9062	0.0000	0.2687
386	1.0000	0.8984	0.0000	0.2694
387	1.0000	0.9273	0.0000	0.2701
388	1.0000	0.9134	0.0000	0.2709
389	1.0000	0.9001	0.0000	0.2717
390	1.0000	0.9271	0.0000	0.2724
391	1.0000	0.9202	0.0000	0.2730
392	1.0000	0.9179	0.0000	0.2737
393	1.0000	0.9364	0.0000	0.2744
394	1.0000	0.9389	0.0000	0.2750
395	1.0000	0.9379	0.0000	0.2757
396	1.0000	0.9056	0.0000	0.2764
397	1.0000	0.9305	0.0000	0.2770
398	1.0000	0.8862	0.0000	0.2778
399	1.0000	0.9183	0.0000	0.2784
400	1.0000	0.9150	0.0000	0.2791
401	1.0000	0.9116	0.0000	0.2798
402	1.0000	0.9079	0.0000	0.2807
403	1.0000	0.8646	0.0000	0.2814
404	1.0000	0.8917	0.0000	0.2822
405	1.0000	0.9030	0.0000	0.2829
406	1.0000	0.9085	0.0000	0.2835
407	1.0000	0.8942	0.0000	0.2842
408	1.0000	0.9243	0.0000	0.2849
409	1.0000	0.9106	0.0000	0.2856
410	1.0000	0.9015	0.0000	0.2863
411	1.0000	0.9106	0.0000	0.2869
412	1.0000	0.8985	0.0000	0.2876
413	1.0000	0.9174	0.0000	0.2883
414	1.0000	0.9345	0.0000	0.2889
415	1.0000	0.9280	0.0000	0.2896
416	1.0000	0.9238	0.0000	0.2902
417	1.0000	0.9312	0.0000	0.2908
418	1.0000	0.9312	0.0000	0.2915
419	1.0000	0.9267	0.0000	0.2921
420	1.0000	0.9354	0.0000	0.2928
421	1.0000	0.9437	0.0000	0.2934
422	1.0000	0.9499	0.0000	0.2940
423	1.0000	0.9569	0.0000	0.2948
424	1.0000	0.9573	0.0000	0.2955
425	1.0000	0.9649	0.0000	0.2961
426	1.0000	0.9338	0.0000	0.2967
427	1.0000	0.9549	0.0000	0.2974
428	1.0000	0.9471	0.0000	0.2981
429	1.0000	0.9007	0.0000	0.2988
430	1.0000	0.9123	0.0000	0.2994
431	1.0000	0.9049	0.0000	0.3001
432	1.0000	0.8994	0.0000	0.3008
433	1.0000	0.9046	0.0000	0.3014
434	1.0000	0.9070	0.0000	0.3021
435	1.0000	0.9314	0.0000	0.3028
436	1.0000	0.9299	0.0000	0.3034
437	1.0000	0.9292	0.0000	0.3041
438	1.0000	0.9263	0.0000	0.3048
439	1.0000	0.9387	0.0000	0.3055
440	1.0000	0.9316	0.0000	0.3061
441	1.0000	0.9276	0.0000	0.3068
442	1.0000	0.9357	0.0000	0.3075
443	1.0000	0.9568	0.0000	0.3082
444	1.0000	0.9411	0.0000	0.3089
445	1.0000	0.9612	0.0000	0.3096
446	1.0000	0.9503	0.0000	0.3103
447	1.0000	0.9467	0.0000	0.3109
448	1.0000	0.9326	0.0000	0.3116
449	1.0000	0.9705	0.0000	0.3122
450	1.0000	0.9359	0.0000	0.3129
451	1.0000	0.9244	0.0000	0.3135
452	1.0000	0.9297	0.0000	0.3142
453	1.0000	0.9154	0.0000	0.3148
454	1.0000	0.9253	0.0000	0.3155
455	1.0000	0.9186	0.0000	0.3161
456	1.0000	0.9360	0.0000	0.3168
457	1.0000	0.9263	0.0000	0.3175
458	1.0000	0.9550	0.0000	0.3182
459	1.0000	0.9219	0.0000	0.3188
460	1.0000	0.9157	0.0000	0.3195
461	1.0000	0.9343	0.0000	0.3202
462	1.0000	0.8949	0.0000	0.3209
463	1.0000	0.9208	0.0000	0.3216
464	1.0000	0.9152	0.0000	0.3223
465	1.0000	0.9194	0.0000	0.3229
466	1.0000	0.9291	0.0000	0.3236
467	1.0000	0.9231	0.0000	0.3243
468	1.0000	0.9512	0.0000	0.3249
469	1.0000	0.9284	0.0000	0.3255
470	1.0000	0.9369	0.0000	0.3262
471	1.0000	0.9230	0.0000	0.3269
472	1.0000	0.9218	0.0000	0.3276
473	1.0000	0.9264	0.0000	0.3283
474	1.0000	0.9369	0.0000	0.3291
475	1.0000	0.9389	0.0000	0.3299
476	1.0000	0.9274	0.0000	0.3305
477	1.0000	0.9389	0.0000	0.3313
478	1.0000	0.9141	0.0000	0.3319
479	1.0000	0.9188	0.0000	0.3325
480	1.0000	0.9376	0.0000	0.3332
481	1.0000	0.9468	0.0000	0.3339
482	1.0000	0.9440	0.0000	0.3345
483	1.0000	0.9189	0.0000	0.3351
484	1.0000	0.9258	0.0000	0.3358
485	1.0000	0.9096	0.0000	0.3364
486	1.0000	0.9295	0.0000	0.3371
487	1.0000	0.9058	0.0000	0.3378
488	1.0000	0.9286	0.0000	0.3385
489	1.0000	0.9451	0.0000	0.3392
490	1.0000	0.9106	0.0000	0.3398
491	1.0000	0.9313	0.0000	0.3404
492	1.0000	0.9425	0.0000	0.3411
493	1.0000	0.9295	0.0000	0.3417
494	1.0000	0.9248	0.0000	0.3424
495	1.0000	0.9505	0.0000	0.3430
496	1.0000	0.9395	0.0000	0.3437
497	1.0000	0.9249	0.0000	0.3443
498	1.0000	0.9539	0.0000	0.3450
499	1.0000	0.9677	0.0000	0.3457
500	1.0000	0.9595	0.0000	0.3463
501	1.0000	0.9492	0.0000	0.3471
502	1.0000	0.9447	0.0000	0.3478
503	1.0000	0.9614	0.0000	0.3485
504	1.0000	0.9500	0.0000	0.3492
505	1.0000	0.9594	0.0000	0.3499
506	1.0000	0.9532	0.0000	0.3505
507	1.0000	0.9338	0.0000	0.3511
508	1.0000	0.9542	0.0000	0.3518
509	1.0000	0.9323	0.0000	0.3524
510	1.0000	0.9355	0.0000	0.3531
511	1.0000	0.9431	0.0000	0.3538
512	1.0000	0.9391	0.0000	0.3544
513	1.0000	0.9565	0.0000	0.3551
514	1.0000	0.9549	0.0000	0.3557
515	1.0000	0.9226	0.0000	0.3564
516	1.0000	0.9437	0.0000	0.3571
517	1.0000	0.9253	0.0000	0.3578
518	1.0000	0.9469	0.0000	0.3585
519	1.0000	0.9595	0.0000	0.3591
520	1.0000	0.9565	0.0000	0.3598
521	1.0000	0.9570	0.0000	0.3604
522	1.0000	0.9804	0.0000	0.3611
523	1.0000	0.9556	0.0000	0.3618
524	1.0000	0.9478	0.0000	0.3625
525	1.0000	0.9294	0.0000	0.3631
526	1.0000	0.9598	0.0000	0.3638
527	1.0000	0.9290	0.0000	0.3644
528	1.0000	0.9399	0.0000	0.3651
529	1.0000	0.9275	0.0000	0.3658
530	1.0000	0.9118	0.0000	0.3665
531	1.0000	0.9223	0.0000	0.3672
532	1.0000	0.9463	0.0000	0.3678
533	1.0000	0.9423	0.0000	0.3685
534	1.0000	0.9307	0.0000	0.3693
535	1.0000	0.9368	0.0000	0.3699
536	1.0000	0.9277	0.0000	0.3706
537	1.0000	0.9481	0.0000	0.3712
538	1.0000	0.9557	0.0000	0.3719
539	1.0000	0.9319	0.0000	0.3725
540	1.0000	0.9283	0.0000	0.3731
541	1.0000	0.9412	0.0000	0.3738
542	1.0000	0.9591	0.0000	0.3744
543	1.0000	0.9304	0.0000	0.3752
544	1.0000	0.9338	0.0000	0.3758
545	1.0000	0.9268	0.0000	0.3764
546	1.0000	0.9415	0.0000	0.3771
547	1.0000	0.9254	0.0000	0.3778
548	1.0000	0.9546	0.0000	0.3785
549	1.0000	0.9463	0.0000	0.3792
550	1.0000	0.9228	0.0000	0.3799
551	1.0000	0.9385	0.0000	0.3806
552	1.0000	0.9001	0.0000	0.3813
553	1.0000	0.9363	0.0000	0.3820
554	1.0000	0.9036	0.0000	0.3826
555	1.0000	0.9286	0.0000	0.3833
556	1.0000	0.9233	0.0000	0.3840
557	1.0000	0.9319	0.0000	0.3846
558	1.0000	0.9381	0.0000	0.3853
559	1.0000	0.9331	0.0000	0.3859
560	1.0000	0.9242	0.0000	0.3867
561	1.0000	0.9431	0.0000	0.3874
562	1.0000	0.9451	0.0000	0.3880
563	1.0000	0.9324	0.0000	0.3887
564	1.0000	0.9461	0.0000	0.3894
565	1.0000	0.9531	0.0000	0.3902
566	1.0000	0.9388	0.0000	0.3908
567	1.0000	0.9131	0.0000	0.3915
568	1.0000	0.9441	0.0000	0.3923
569	1.0000	0.9493	0.0000	0.3931
570	1.0000	0.9498	0.0000	0.3937
571	1.0000	0.9360	0.0000	0.3944
572	1.0000	0.9082	0.0000	0.3950
573	1.0000	0.9289	0.0000	0.3957
574	1.0000	0.9268	0.0000	0.3963
575	1.0000	0.9167	0.0000	0.3970
576	1.0000	0.9214	0.0000	0.3976
577	1.0000	0.9321	0.0000	0.3983
578	1.0000	0.9289	0.0000	0.3990
579	1.0000	0.9435	0.0000	0.3996
580	1.0000	0.9425	0.0000	0.4003
581	1.0000	0.9392	0.0000	0.4010
582	1.0000	0.9460	0.0000	0.4017
583	1.0000	0.9294	0.0000	0.4023
584	1.0000	0.9486	0.0000	0.4030
585	1.0000	0.9459	0.0000	0.4036
586	1.0000	0.9422	0.0000	0.4042
587	1.0000	0.9467	0.0000	0.4049
588	1.0000	0.9634	0.0000	0.4056
589	1.0000	0.9477	0.0000	0.4063
590	1.0000	0.9278	0.0000	0.4069
591	1.0000	0.9166	0.0000	0.4076
592	1.0000	0.9304	0.0000	0.4083
593	1.0000	0.9256	0.0000	0.4090
594	1.0000	0.8931	0.0000	0.4097
595	1.0000	0.9157	0.0000	0.4103
596	1.0000	0.9149	0.0000	0.4110
597	1.0000	0.9177	0.0000	0.4117
598	1.0000	0.9197	0.0000	0.4123
599	1.0000	0.9318	0.0000	0.4130
600	1.0000	0.9090	0.0000	0.4136
601	1.0000	0.9117	0.0000	0.4143
602	1.0000	0.9252	0.0000	0.4149
603	1.0000	0.9075	0.0000	0.4157
604	1.0000	0.8897	0.0000	0.4164
605	1.0000	0.9213	0.0000	0.4172
606	1.0000	0.9039	0.0000	0.4182
607	1.0000	0.9059	0.0000	0.4189
608	1.0000	0.8926	0.0000	0.4196
609	1.0000	0.8883	0.0000	0.4202
610	1.0000	0.8924	0.0000	0.4209
611	1.0000	0.8951	0.0000	0.4216
612	1.0000	0.9064	0.0000	0.4223
613	1.0000	0.9141	0.0000	0.4230
614	1.0000	0.8793	0.0000	0.4237
615	1.0000	0.8892	0.0000	0.4243
616	1.0000	0.8898	0.0000	0.4250
617	1.0000	0.9020	0.0000	0.4256
618	1.0000	0.9128	0.0000	0.4263
619	1.0000	0.9099	0.0000	0.4270
620	1.0000	0.9081	0.0000	0.4277
621	1.0000	0.9149	0.0000	0.4284
622	1.0000	0.9281	0.0000	0.4292
623	1.0000	0.9209	0.0000	0.4299
624	1.0000	0.9224	0.0000	0.4306
625	1.0000	0.9299	0.0000	0.4313
626	1.0000	0.9173	0.0000	0.4320
627	1.0000	0.9360	0.0000	0.4326
628	1.0000	0.9256	0.0000	0.4333
629	1.0000	0.9134	0.0000	0.4340
630	1.0000	0.9486	0.0000	0.4347
631	1.0000	0.8910	0.0000	0.4353
632	1.0000	0.9329	0.0000	0.4360
633	1.0000	0.9001	0.0000	0.4366
634	1.0000	0.8851	0.0000	0.4372
635	1.0000	0.9121	0.0000	0.4379
636	1.0000	0.9178	0.0000	0.4386
637	1.0000	0.8905	0.0000	0.4392
638	1.0000	0.9139	0.0000	0.4398
639	1.0000	0.9060	0.0000	0.4405
640	1.0000	0.9062	0.0000	0.4413
641	1.0000	0.9147	0.0000	0.4419
642	1.0000	0.8802	0.0000	0.4426
643	1.0000	0.9098	0.0000	0.4433
644	1.0000	0.9146	0.0000	0.4441
645	1.0000	0.9109	0.0000	0.4447
646	1.0000	0.9106	0.0000	0.4454
647	1.0000	0.9291	0.0000	0.4460
648	1.0000	0.9036	0.0000	0.4467
649	1.0000	0.9267	0.0000	0.4474
650	1.0000	0.9101	0.0000	0.4480
651	1.0000	0.9121	0.0000	0.4487
652	1.0000	0.9198	0.0000	0.4493
653	1.0000	0.9287	0.0000	0.4500
654	1.0000	0.9273	0.0000	0.4506
655	1.0000	0.9189	0.0000	0.4512
656	1.0000	0.9403	0.0000	0.4519
657	1.0000	0.9449	0.0000	0.4525
658	1.0000	0.9229	0.0000	0.4532
659	1.0000	0.9443	0.0000	0.4538
660	1.0000	0.9474	0.0000	0.4544
661	1.0000	0.9314	0.0000	0.4551
662	1.0000	0.9494	0.0000	0.4557
663	1.0000	0.9430	0.0000	0.4563
664	1.0000	0.9459	0.0000	0.4571
665	1.0000	0.9514	0.0000	0.4577
666	1.0000	0.9286	0.0000	0.4585
667	1.0000	0.9366	0.0000	0.4592
668	1.0000	0.9519	0.0000	0.4599
669	1.0000	0.9393	0.0000	0.4605
670	1.0000	0.9554	0.0000	0.4611
671	1.0000	0.9656	0.0000	0.4618
672	1.0000	0.9479	0.0000	0.4624
673	1.0000	0.9680	0.0000	0.4631
674	1.0000	0.9570	0.0000	0.4639
675	1.0000	0.9715	0.0000	0.4645
676	1.0000	0.9458	0.0000	0.4652
677	1.0000	0.9536	0.0000	0.4660
678	1.0000	0.9526	0.0000	0.4667
679	1.0000	0.9410	0.0000	0.4673
680	1.0000	0.9486	0.0000	0.4680
681	1.0000	0.9558	0.0000	0.4687
682	1.0000	0.9530	0.0000	0.4694
683	1.0000	0.9688	0.0000	0.4702
684	1.0000	0.9702	0.0000	0.4710
685	1.0000	0.9543	0.0000	0.4717
686	1.0000	0.9658	0.0000	0.4725
687	1.0000	0.9611	0.0000	0.4733
688	1.0000	0.9552	0.0000	0.4740
689	1.0000	0.9532	0.0000	0.4747
690	1.0000	0.9555	0.0000	0.4754
691	1.0000	0.9468	0.0000	0.4761
692	1.0000	0.9463	0.0000	0.4768
693	1.0000	0.9315	0.0000	0.4776
694	1.0000	0.9091	0.0000	0.4783
695	1.0000	0.9181	0.0000	0.4789
696	1.0000	0.9356	0.0000	0.4796
697	1.0000	0.9235	0.0000	0.4803
698	1.0000	0.9363	0.0000	0.4810
699	1.0000	0.9494	0.0000	0.4817
700	1.0000	0.9320	0.0000	0.4824
701	1.0000	0.9391	0.0000	0.4830
702	1.0000	0.9259	0.0000	0.4837
703	1.0000	0.9351	0.0000	0.4843
704	1.0000	0.9442	0.0000	0.4850
705	1.0000	0.9524	0.0000	0.4857
706	1.0000	0.9509	0.0000	0.4866
707	1.0000	0.9439	0.0000	0.4873
708	1.0000	0.9543	0.0000	0.4880
709	1.0000	0.9442	0.0000	0.4886
710	1.0000	0.9195	0.0000	0.4893
711	1.0000	0.9213	0.0000	0.4900
712	1.0000	0.9477	0.0000	0.4906
713	1.0000	0.9507	0.0000	0.4912
714	1.0000	0.9499	0.0000	0.4918
715	1.0000	0.9569	0.0000	0.4924
716	1.0000	0.9425	0.0000	0.4931
717	1.0000	0.9447	0.0000	0.4939
718	1.0000	0.9479	0.0000	0.4945
719	1.0000	0.9494	0.0000	0.4951
720	1.0000	0.9627	0.0000	0.4958
721	1.0000	0.9409	0.0000	0.4966
722	1.0000	0.9294	0.0000	0.4972
723	1.0000	0.9600	0.0000	0.4978
724	1.0000	0.9460	0.0000	0.4985
725	1.0000	0.9588	0.0000	0.4991
726	1.0000	0.9528	0.0000	0.4997
727	1.0000	0.9408	0.0000	0.5005
728	1.0000	0.9542	0.0000	0.5011
729	1.0000	0.9659	0.0000	0.5017
730	1.0000	0.9714	0.0000	0.5024
731	1.0000	0.9700	0.0000	0.5031
732	1.0000	0.9686	0.0000	0.5039
733	1.0000	0.9477	0.0000	0.5045
734	1.0000	0.9584	0.0000	0.5052
735	1.0000	0.9698	0.0000	0.5059
736	1.0000	0.9624	0.0000	0.5065
737	1.0000	0.9737	0.0000	0.5072
738	1.0000	0.9720	0.0000	0.5079
739	1.0000	0.9676	0.0000	0.5085
740	1.0000	0.9718	0.0000	0.5091
741	1.0000	0.9728	0.0000	0.5097
742	1.0000	0.9724	0.0000	0.5104
743	1.0000	0.9576	0.0000	0.5111
744	1.0000	0.9806	0.0000	0.5117
745	1.0000	0.9628	0.0000	0.5124
746	1.0000	0.9582	0.0000	0.5131
747	1.0000	0.9455	0.0000	0.5138
748	1.0000	0.9574	0.0000	0.5144
749	1.0000	0.9675	0.0000	0.5153
750	1.0000	0.9353	0.0000	0.5160
751	1.0000	0.9308	0.0000	0.5166
752	1.0000	0.9378	0.0000	0.5173
753	1.0000	0.9363	0.0000	0.5179
754	1.0000	0.9446	0.0000	0.5187
755	1.0000	0.9356	0.0000	0.5194
756	1.0000	0.9221	0.0000	0.5201
757	1.0000	0.9132	0.0000	0.5208
758	1.0000	0.9355	0.0000	0.5214
759	1.0000	0.9191	0.0000	0.5221
760	1.0000	0.9237	0.0000	0.5228
761	1.0000	0.9199	0.0000	0.5234
762	1.0000	0.9482	0.0000	0.5241
763	1.0000	0.9252	0.0000	0.5248
764	1.0000	0.9271	0.0000	0.5254
765	1.0000	0.9344	0.0000	0.5261
766	1.0000	0.9398	0.0000	0.5267
767	1.0000	0.9156	0.0000	0.5274
768	1.0000	0.9462	0.0000	0.5281
769	1.0000	0.9399	0.0000	0.5288
770	1.0000	0.9395	0.0000	0.5294
771	1.0000	0.9307	0.0000	0.5301
772	1.0000	0.9549	0.0000	0.5307
773	1.0000	0.9460	0.0000	0.5313
774	1.0000	0.9474	0.0000	0.5320
775	1.0000	0.9438	0.0000	0.5327
776	1.0000	0.9123	0.0000	0.5334
777	1.0000	0.9229	0.0000	0.5340
778	1.0000	0.9097	0.0000	0.5347
779	1.0000	0.9034	0.0000	0.5353
780	1.0000	0.9228	0.0000	0.5360
781	1.0000	0.9395	0.0000	0.5367
782	1.0000	0.9389	0.0000	0.5374
783	1.0000	0.9342	0.0000	0.5382
784	1.0000	0.9516	0.0000	0.5388
785	1.0000	0.9623	0.0000	0.5396
786	1.0000	0.9368	0.0000	0.5402
787	1.0000	0.9329	0.0000	0.5409
788	1.0000	0.9321	0.0000	0.5415
789	1.0000	0.9414	0.0000	0.5422
790	1.0000	0.9359	0.0000	0.5429
791	1.0000	0.9429	0.0000	0.5436
792	1.0000	0.9451	0.0000	0.5442
793	1.0000	0.9421	0.0000	0.5449
794	1.0000	0.9335	0.0000	0.5456
795	1.0000	0.9169	0.0000	0.5464
796	1.0000	0.9348	0.0000	0.5470
797	1.0000	0.9474	0.0000	0.5477
798	1.0000	0.9530	0.0000	0.5483
799	1.0000	0.9407	0.0000	0.5490
800	1.0000	0.9508	0.0000	0.5498
801	1.0000	0.9460	0.0000	0.5504
802	1.0000	0.9306	0.0000	0.5511
803	1.0000	0.9506	0.0000	0.5519
804	1.0000	0.9473	0.0000	0.5526
805	1.0000	0.9331	0.0000	0.5533
806	1.0000	0.9280	0.0000	0.5542
807	1.0000	0.9322	0.0000	0.5550
808	1.0000	0.9423	0.0000	0.5557
809	1.0000	0.9577	0.0000	0.5564
810	1.0000	0.9341	0.0000	0.5572
811	1.0000	0.9409	0.0000	0.5579
812	1.0000	0.9530	0.0000	0.5587
813	1.0000	0.9519	0.0000	0.5594
814	1.0000	0.9432	0.0000	0.5600
815	1.0000	0.9428	0.0000	0.5607
816	1.0000	0.9647	0.0000	0.5613
817	1.0000	0.9405	0.0000	0.5620
818	1.0000	0.9452	0.0000	0.5627
819	1.0000	0.9269	0.0000	0.5634
820	1.0000	0.9511	0.0000	0.5640
821	1.0000	0.9221	0.0000	0.5647
822	1.0000	0.9661	0.0000	0.5654
823	1.0000	0.8964	0.0000	0.5661
824	1.0000	0.9210	0.0000	0.5669
825	1.0000	0.9358	0.0000	0.5677
826	1.0000	0.9301	0.0000	0.5683
827	1.0000	0.9367	0.0000	0.5690
828	1.0000	0.9428	0.0000	0.5697
829	1.0000	0.9529	0.0000	0.5703
830	1.0000	0.9475	0.0000	0.5709
831	1.0000	0.9521	0.0000	0.5716
832	1.0000	0.9536	0.0000	0.5722
833	1.0000	0.9184	0.0000	0.5728
834	1.0000	0.9454	0.0000	0.5735
835	1.0000	0.9435	0.0000	0.5741
836	1.0000	0.9407	0.0000	0.5748
837	1.0000	0.9341	0.0000	0.5754
838	1.0000	0.9188	0.0000	0.5760
839	1.0000	0.9188	0.0000	0.5767
840	1.0000	0.9173	0.0000	0.5774
841	1.0000	0.9320	0.0000	0.5782
842	1.0000	0.9246	0.0000	0.5790
843	1.0000	0.8960	0.0000	0.5796
844	1.0000	0.9243	0.0000	0.5803
845	1.0000	0.9391	0.0000	0.5810
846	1.0000	0.8996	0.0000	0.5817
847	1.0000	0.9281	0.0000	0.5824
848	1.0000	0.9219	0.0000	0.5831
849	1.0000	0.9174	0.0000	0.5838
850	1.0000	0.9386	0.0000	0.5845
851	1.0000	0.9095	0.0000	0.5853
852	1.0000	0.9142	0.0000	0.5860
853	1.0000	0.9058	0.0000	0.5866
854	1.0000	0.9026	0.0000	0.5873
855	1.0000	0.9222	0.0000	0.5880
856	1.0000	0.9133	0.0000	0.5889
857	1.0000	0.9367	0.0000	0.5896
858	1.0000	0.9393	0.0000	0.5903
859	1.0000	0.9412	0.0000	0.5909
860	1.0000	0.9332	0.0000	0.5916
861	1.0000	0.9361	0.0000	0.5922
862	1.0000	0.9201	0.0000	0.5928
863	1.0000	0.9271	0.0000	0.5934
864	1.0000	0.9213	0.0000	0.5941
865	1.0000	0.9349	0.0000	0.5947
866	1.0000	0.9168	0.0000	0.5954
867	1.0000	0.8958	0.0000	0.5960
868	1.0000	0.8945	0.0000	0.5967
869	1.0000	0.9053	0.0000	0.5975
870	1.0000	0.8946	0.0000	0.5981
871	1.0000	0.8869	0.0000	0.5990
872	1.0000	0.8807	0.0000	0.5997
873	1.0000	0.8837	0.0000	0.6003
874	1.0000	0.9225	0.0000	0.6011
875	1.0000	0.8739	0.0000	0.6018
876	1.0000	0.8784	0.0000	0.6025
877	1.0000	0.8956	0.0000	0.6031
878	1.0000	0.8811	0.0000	0.6038
879	1.0000	0.8869	0.0000	0.6044
880	1.0000	0.9167	0.0000	0.6051
881	1.0000	0.9228	0.0000	0.6058
882	1.0000	0.9201	0.0000	0.6065
883	1.0000	0.9181	0.0000	0.6072
884	1.0000	0.9097	0.0000	0.6078
885	1.0000	0.9198	0.0000	0.6085
886	1.0000	0.9034	0.0000	0.6092
887	1.0000	0.8888	0.0000	0.6099
888	1.0000	0.9260	0.0000	0.6105
889	1.0000	0.9274	0.0000	0.6112
890	1.0000	0.9124	0.0000	0.6119
891	1.0000	0.9056	0.0000	0.6126
892	1.0000	0.9171	0.0000	0.6133
893	1.0000	0.9182	0.0000	0.6139
894	1.0000	0.9159	0.0000	0.6147
895	1.0000	0.9171	0.0000	0.6153
896	1.0000	0.9359	0.0000	0.6160
897	1.0000	0.9010	0.0000	0.6167
898	1.0000	0.9218	0.0000	0.6174
899	1.0000	0.9157	0.0000	0.6181
900	1.0000	0.9309	0.0000	0.6187
901	1.0000	0.9533	0.0000	0.6194
902	1.0000	0.9300	0.0000	0.6200
903	1.0000	0.9384	0.0000	0.6207
904	1.0000	0.9310	0.0000	0.6213
905	1.0000	0.9366	0.0000	0.6219
906	1.0000	0.9705	0.0000	0.6226
907	1.0000	0.9363	0.0000	0.6232
908	1.0000	0.9409	0.0000	0.6239
909	1.0000	0.9519	0.0000	0.6246
910	1.0000	0.9419	0.0000	0.6253
911	1.0000	0.9605	0.0000	0.6261
912	1.0000	0.9613	0.0000	0.6268
913	1.0000	0.9630	0.0000	0.6274
914	1.0000	0.9720	0.0000	0.6281
915	1.0000	0.9614	0.0000	0.6288
916	1.0000	0.9522	0.0000	0.6294
917	1.0000	0.9662	0.0000	0.6301
918	1.0000	0.9716	0.0000	0.6307
919	1.0000	0.9551	0.0000	0.6313
920	1.0000	0.9561	0.0000	0.6320
921	1.0000	0.9562	0.0000	0.6326
922	1.0000	0.9526	0.0000	0.6333
923	1.0000	0.9702	0.0000	0.6339
924	1.0000	0.9751	0.0000	0.6346
925	1.0000	0.9703	0.0000	0.6352
926	1.0000	0.9626	0.0000	0.6359
927	1.0000	0.9382	0.0000	0.6367
928	1.0000	0.9416	0.0000	0.6375
929	1.0000	0.9309	0.0000	0.6382
930	1.0000	0.9349	0.0000	0.6389
931	1.0000	0.9383	0.0000	0.6395
932	1.0000	0.9570	0.0000	0.6401
933	1.0000	0.9373	0.0000	0.6409
934	1.0000	0.9351	0.0000	0.6415
935	1.0000	0.9247	0.0000	0.6422
936	1.0000	0.9399	0.0000	0.6430
937	1.0000	0.9393	0.0000	0.6438
938	1.0000	0.9523	0.0000	0.6445
939	1.0000	0.9467	0.0000	0.6452
940	1.0000	0.9317	0.0000	0.6461
941	1.0000	0.9333	0.0000	0.6469
942	1.0000	0.9226	0.0000	0.6477
943	1.0000	0.9195	0.0000	0.6485
944	1.0000	0.9426	0.0000	0.6494
945	1.0000	0.9416	0.0000	0.6501
946	1.0000	0.9166	0.0000	0.6508
947	1.0000	0.9160	0.0000	0.6515
948	1.0000	0.9410	0.0000	0.6521
949	1.0000	0.9523	0.0000	0.6528
950	1.0000	0.9404	0.0000	0.6535
951	1.0000	0.9317	0.0000	0.6541
952	1.0000	0.9328	0.0000	0.6548
953	1.0000	0.9157	0.0000	0.6554
954	1.0000	0.9430	0.0000	0.6561
955	1.0000	0.9301	0.0000	0.6567
956	1.0000	0.9093	0.0000	0.6575
957	1.0000	0.9239	0.0000	0.6582
958	1.0000	0.9696	0.0000	0.6591
959	1.0000	0.9526	0.0000	0.6600
960	1.0000	0.9099	0.0000	0.6607
961	1.0000	0.9441	0.0000	0.6613
962	1.0000	0.9398	0.0000	0.6619
963	1.0000	0.9527	0.0000	0.6626
964	1.0000	0.9476	0.0000	0.6633
965	1.0000	0.9514	0.0000	0.6640
966	1.0000	0.9459	0.0000	0.6647
967	1.0000	0.9235	0.0000	0.6653
968	1.0000	0.9397	0.0000	0.6660
969	1.0000	0.9250	0.0000	0.6667
970	1.0000	0.9247	0.0000	0.6675
971	1.0000	0.9261	0.0000	0.6682
972	1.0000	0.9457	0.0000	0.6689
973	1.0000	0.9460	0.0000	0.6696
974	1.0000	0.9578	0.0000	0.6702
975	1.0000	0.9408	0.0000	0.6709
976	1.0000	0.9324	0.0000	0.6715
977	1.0000	0.9097	0.0000	0.6722
978	1.0000	0.9190	0.0000	0.6729
979	1.0000	0.9033	0.0000	0.6736
980	1.0000	0.8897	0.0000	0.6742
981	1.0000	0.9008	0.0000	0.6749
982	1.0000	0.9010	0.0000	0.6756
983	1.0000	0.9023	0.0000	0.6762
984	1.0000	0.8897	0.0000	0.6769
985	1.0000	0.9071	0.0000	0.6775
986	1.0000	0.8965	0.0000	0.6783
987	1.0000	0.8986	0.0000	0.6790
988	1.0000	0.9274	0.0000	0.6797
989	1.0000	0.9351	0.0000	0.6805
990	1.0000	0.9243	0.0000	0.6812
991	1.0000	0.9056	0.0000	0.6819
992	1.0000	0.9109	0.0000	0.6828
993	1.0000	0.9376	0.0000	0.6835
994	1.0000	0.9324	0.0000	0.6843
995	1.0000	0.9077	0.0000	0.6850
996	1.0000	0.9243	0.0000	0.6857
997	1.0000	0.9166	0.0000	0.6864
998	1.0000	0.9144	0.0000	0.6871
999	1.0000	0.9078	0.0000	0.6877
1000	1.0000	0.9188	0.0000	0.6884
1001	1.0000	0.9203	0.0000	0.6891
1002	1.0000	0.9418	0.0000	0.6897
1003	1.0000	0.9496	0.0000	0.6903
1004	1.0000	0.9446	0.0000	0.6910
1005	1.0000	0.9467	0.0000	0.6917
1006	1.0000	0.9426	0.0000	0.6923
1007	1.0000	0.9445	0.0000	0.6930
1008	1.0000	0.9498	0.0000	0.6936
1009	1.0000	0.9450	0.0000	0.6942
1010	1.0000	0.9374	0.0000	0.6949
1011	1.0000	0.9366	0.0000	0.6955
1012	1.0000	0.9556	0.0000	0.6962
1013	1.0000	0.9455	0.0000	0.6968
1014	1.0000	0.9489	0.0000	0.6976
1015	1.0000	0.9532	0.0000	0.6983
1016	1.0000	0.9322	0.0000	0.6990
1017	1.0000	0.9446	0.0000	0.6997
1018	1.0000	0.9524	0.0000	0.7004
1019	1.0000	0.9431	0.0000	0.7011
1020	1.0000	0.9518	0.0000	0.7019
1021	1.0000	0.9592	0.0000	0.7027
1022	1.0000	0.9528	0.0000	0.7033
1023	1.0000	0.9555	0.0000	0.7040
1024	1.0000	0.9579	0.0000	0.7047
1025	1.0000	0.9349	0.0000	0.7053
1026	1.0000	0.9461	0.0000	0.7060
1027	1.0000	0.9642	0.0000	0.7069
1028	1.0000	0.9220	0.0000	0.7076
1029	1.0000	0.9124	0.0000	0.7083
1030	1.0000	0.9352	0.0000	0.7089
1031	1.0000	0.9370	0.0000	0.7100
1032	1.0000	0.9182	0.0000	0.7106
1033	1.0000	0.9145	0.0000	0.7114
1034	1.0000	0.9342	0.0000	0.7121
1035	1.0000	0.9332	0.0000	0.7127
1036	1.0000	0.9167	0.0000	0.7133
1037	1.0000	0.9204	0.0000	0.7140
1038	1.0000	0.9378	0.0000	0.7147
1039	1.0000	0.9191	0.0000	0.7153
1040	1.0000	0.9450	0.0000	0.7160
1041	1.0000	0.9569	0.0000	0.7166
1042	1.0000	0.9257	0.0000	0.7173
1043	1.0000	0.9133	0.0000	0.7179
1044	1.0000	0.9490	0.0000	0.7186
1045	1.0000	0.9383	0.0000	0.7194
1046	1.0000	0.9247	0.0000	0.7201
1047	1.0000	0.9446	0.0000	0.7209
1048	1.0000	0.9315	0.0000	0.7215
1049	1.0000	0.9349	0.0000	0.7222
1050	1.0000	0.9355	0.0000	0.7228
1051	1.0000	0.9242	0.0000	0.7235
1052	1.0000	0.9512	0.0000	0.7242
1053	1.0000	0.9292	0.0000	0.7249
1054	1.0000	0.9444	0.0000	0.7256
1055	1.0000	0.9433	0.0000	0.7263
1056	1.0000	0.9504	0.0000	0.7271
1057	1.0000	0.9036	0.0000	0.7278
1058	1.0000	0.9349	0.0000	0.7285
1059	1.0000	0.9265	0.0000	0.7291
1060	1.0000	0.9108	0.0000	0.7298
1061	1.0000	0.9151	0.0000	0.7304
1062	1.0000	0.9200	0.0000	0.7310
1063	1.0000	0.9425	0.0000	0.7317
1064	1.0000	0.9440	0.0000	0.7323
1065	1.0000	0.9205	0.0000	0.7330
1066	1.0000	0.9463	0.0000	0.7336
1067	1.0000	0.9597	0.0000	0.7343
1068	1.0000	0.9478	0.0000	0.7350
1069	1.0000	0.9422	0.0000	0.7357
1070	1.0000	0.9461	0.0000	0.7363
1071	1.0000	0.9323	0.0000	0.7371
1072	1.0000	0.9397	0.0000	0.7378
1073	1.0000	0.9415	0.0000	0.7384
1074	1.0000	0.9143	0.0000	0.7391
1075	1.0000	0.9324	0.0000	0.7398
1076	1.0000	0.9306	0.0000	0.7406
1077	1.0000	0.9372	0.0000	0.7414
1078	1.0000	0.9269	0.0000	0.7423
1079	1.0000	0.9260	0.0000	0.7431
1080	1.0000	0.9165	0.0000	0.7440
1081	1.0000	0.9158	0.0000	0.7448
1082	1.0000	0.9087	0.0000	0.7455
1083	1.0000	0.9066	0.0000	0.7462
1084	1.0000	0.9196	0.0000	0.7470
1085	1.0000	0.9166	0.0000	0.7477
1086	1.0000	0.9351	0.0000	0.7484
1087	1.0000	0.9459	0.0000	0.7492
1088	1.0000	0.9301	0.0000	0.7499
1089	1.0000	0.9160	0.0000	0.7505
1090	1.0000	0.9148	0.0000	0.7512
1091	1.0000	0.9171	0.0000	0.7519
1092	1.0000	0.9299	0.0000	0.7525
1093	1.0000	0.9220	0.0000	0.7532
1094	1.0000	0.9395	0.0000	0.7538
1095	1.0000	0.9272	0.0000	0.7544
1096	1.0000	0.9164	0.0000	0.7551
1097	1.0000	0.9049	0.0000	0.7558
1098	1.0000	0.9153	0.0000	0.7565
1099	1.0000	0.9312	0.0000	0.7571
1100	1.0000	0.9088	0.0000	0.7577
1101	1.0000	0.9355	0.0000	0.7584
1102	1.0000	0.9305	0.0000	0.7594
1103	1.0000	0.9357	0.0000	0.7600
1104	1.0000	0.9515	0.0000	0.7607
1105	1.0000	0.9348	0.0000	0.7615
1106	1.0000	0.9230	0.0000	0.7621
1107	1.0000	0.9206	0.0000	0.7629
1108	1.0000	0.8990	0.0000	0.7637
1109	1.0000	0.8981	0.0000	0.7645
1110	1.0000	0.9231	0.0000	0.7655
1111	1.0000	0.9188	0.0000	0.7664
1112	1.0000	0.9258	0.0000	0.7673
1113	1.0000	0.9079	0.0000	0.7682
1114	1.0000	0.9285	0.0000	0.7692
1115	1.0000	0.9334	0.0000	0.7701
1116	1.0000	0.9460	0.0000	0.7708
1117	1.0000	0.9286	0.0000	0.7717
1118	1.0000	0.9365	0.0000	0.7725
1119	1.0000	0.9243	0.0000	0.7732
1120	1.0000	0.9430	0.0000	0.7739
1121	1.0000	0.9030	0.0000	0.7746
1122	1.0000	0.9227	0.0000	0.7752
1123	1.0000	0.9290	0.0000	0.7759
1124	1.0000	0.9290	0.0000	0.7766
1125	1.0000	0.9130	0.0000	0.7773
1126	1.0000	0.9286	0.0000	0.7780
1127	1.0000	0.9288	0.0000	0.7786
1128	1.0000	0.9268	0.0000	0.7793
1129	1.0000	0.9278	0.0000	0.7800
1130	1.0000	0.9246	0.0000	0.7806
1131	1.0000	0.9435	0.0000	0.7813
1132	1.0000	0.9181	0.0000	0.7819
1133	1.0000	0.9201	0.0000	0.7825
1134	1.0000	0.9272	0.0000	0.7832
1135	1.0000	0.9100	0.0000	0.7839
1136	1.0000	0.9336	0.0000	0.7845
1137	1.0000	0.9374	0.0000	0.7851
1138	1.0000	0.9278	0.0000	0.7858
1139	1.0000	0.9121	0.0000	0.7864
1140	1.0000	0.9444	0.0000	0.7870
1141	1.0000	0.9241	0.0000	0.7876
1142	1.0000	0.9500	0.0000	0.7884
1143	1.0000	0.9218	0.0000	0.7891
1144	1.0000	0.9190	0.0000	0.7898
1145	1.0000	0.9124	0.0000	0.7904
1146	1.0000	0.8903	0.0000	0.7910
1147	1.0000	0.9073	0.0000	0.7917
1148	1.0000	0.9169	0.0000	0.7924
1149	1.0000	0.9095	0.0000	0.7930
1150	1.0000	0.9061	0.0000	0.7937
1151	1.0000	0.9352	0.0000	0.7943
1152	1.0000	0.9248	0.0000	0.7949
1153	1.0000	0.9268	0.0000	0.7956
1154	1.0000	0.9378	0.0000	0.7962
1155	1.0000	0.9189	0.0000	0.7968
1156	1.0000	0.9336	0.0000	0.7974
1157	1.0000	0.9528	0.0000	0.7981
1158	1.0000	0.9389	0.0000	0.7987
1159	1.0000	0.9530	0.0000	0.7994
1160	1.0000	0.9400	0.0000	0.8001
1161	1.0000	0.9452	0.0000	0.8007
1162	1.0000	0.9410	0.0000	0.8014
1163	1.0000	0.9419	0.0000	0.8020
1164	1.0000	0.9450	0.0000	0.8027
1165	1.0000	0.9615	0.0000	0.8033
1166	1.0000	0.9671	0.0000	0.8041
1167	1.0000	0.9577	0.0000	0.8047
1168	1.0000	0.9388	0.0000	0.8054
1169	1.0000	0.9392	0.0000	0.8060
1170	1.0000	0.9484	0.0000	0.8067
1171	1.0000	0.9134	0.0000	0.8074
1172	1.0000	0.9093	0.0000	0.8081
1173	1.0000	0.9240	0.0000	0.8088
1174	1.0000	0.9289	0.0000	0.8094
1175	1.0000	0.9170	0.0000	0.8101
1176	1.0000	0.9410	0.0000	0.8107
1177	1.0000	0.9456	0.0000	0.8113
1178	1.0000	0.9343	0.0000	0.8120
1179	1.0000	0.9388	0.0000	0.8126
1180	1.0000	0.9350	0.0000	0.8133
1181	1.0000	0.9234	0.0000	0.8140
1182	1.0000	0.9201	0.0000	0.8146
1183	1.0000	0.9083	0.0000	0.8153
1184	1.0000	0.9254	0.0000	0.8160
1185	1.0000	0.9234	0.0000	0.8166
1186	1.0000	0.9054	0.0000	0.8173
1187	1.0000	0.9095	0.0000	0.8180
1188	1.0000	0.9269	0.0000	0.8188
1189	1.0000	0.9071	0.0000	0.8196
1190	1.0000	0.9071	0.0000	0.8204
1191	1.0000	0.9011	0.0000	0.8212
1192	1.0000	0.9239	0.0000	0.8218
1193	1.0000	0.9493	0.0000	0.8225
1194	1.0000	0.9156	0.0000	0.8232
1195	1.0000	0.9245	0.0000	0.8238
1196	1.0000	0.9261	0.0000	0.8246
1197	1.0000	0.9251	0.0000	0.8253
1198	1.0000	0.9274	0.0000	0.8259
1199	1.0000	0.9407	0.0000	0.8266
1200	1.0000	0.9186	0.0000	0.8272
1201	1.0000	0.9233	0.0000	0.8279
1202	1.0000	0.9390	0.0000	0.8285
1203	1.0000	0.9277	0.0000	0.8292
1204	1.0000	0.9352	0.0000	0.8299
1205	1.0000	0.8819	0.0000	0.8306
1206	1.0000	0.8236	0.0000	0.8312
1207	1.0000	0.8930	0.0000	0.8319
1208	1.0000	0.8869	0.0000	0.8325
1209	1.0000	0.8508	0.0000	0.8332
1210	1.0000	0.8775	0.0000	0.8339
1211	1.0000	0.8693	0.0000	0.8345
1212	1.0000	0.8704	0.0000	0.8352
1213	1.0000	0.8946	0.0000	0.8359
1214	1.0000	0.8832	0.0000	0.8365
1215	1.0000	0.8850	0.0000	0.8371
1216	1.0000	0.9153	0.0000	0.8378
1217	1.0000	0.8953	0.0000	0.8385
1218	1.0000	0.9226	0.0000	0.8391
1219	1.0000	0.9211	0.0000	0.8398
1220	1.0000	0.9555	0.0000	0.8405
1221	1.0000	0.9317	0.0000	0.8412
1222	1.0000	0.9202	0.0000	0.8419
1223	1.0000	0.9234	0.0000	0.8426
1224	1.0000	0.9185	0.0000	0.8432
1225	1.0000	0.9499	0.0000	0.8439
1226	1.0000	0.9257	0.0000	0.8445
1227	1.0000	0.9257	0.0000	0.8452
1228	1.0000	0.9448	0.0000	0.8458
1229	1.0000	0.9312	0.0000	0.8464
1230	1.0000	0.9357	0.0000	0.8471
1231	1.0000	0.9525	0.0000	0.8478
1232	1.0000	0.9533	0.0000	0.8484
1233	1.0000	0.9472	0.0000	0.8490
1234	1.0000	0.9576	0.0000	0.8497
1235	1.0000	0.9499	0.0000	0.8504
1236	1.0000	0.9521	0.0000	0.8512
1237	1.0000	0.9492	0.0000	0.8518
1238	1.0000	0.9488	0.0000	0.8524
1239	1.0000	0.9635	0.0000	0.8531
1240	1.0000	0.9684	0.0000	0.8538
1241	1.0000	0.9614	0.0000	0.8545
1242	1.0000	0.9410	0.0000	0.8552
1243	1.0000	0.9560	0.0000	0.8559
1244	1.0000	0.9126	0.0000	0.8565
1245	1.0000	0.9470	0.0000	0.8571
1246	1.0000	0.9307	0.0000	0.8577
1247	1.0000	0.9535	0.0000	0.8587
1248	1.0000	0.9279	0.0000	0.8593
1249	1.0000	0.9404	0.0000	0.8600
1250	1.0000	0.9350	0.0000	0.8606
1251	1.0000	0.9593	0.0000	0.8613
1252	1.0000	0.9488	0.0000	0.8619
1253	1.0000	0.9416	0.0000	0.8625
1254	1.0000	0.9566	0.0000	0.8631
1255	1.0000	0.9354	0.0000	0.8637
1256	1.0000	0.9634	0.0000	0.8643
1257	1.0000	0.9392	0.0000	0.8650
1258	1.0000	0.9545	0.0000	0.8656
1259	1.0000	0.9611	0.0000	0.8662
1260	1.0000	0.9520	0.0000	0.8669
1261	1.0000	0.9286	0.0000	0.8675
1262	1.0000	0.9158	0.0000	0.8682
1263	1.0000	0.9512	0.0000	0.8690
1264	1.0000	0.9216	0.0000	0.8696
1265	1.0000	0.9369	0.0000	0.8702
1266	1.0000	0.9476	0.0000	0.8709
1267	1.0000	0.9253	0.0000	0.8715
1268	1.0000	0.9293	0.0000	0.8722
1269	1.0000	0.9578	0.0000	0.8729
1270	1.0000	0.9285	0.0000	0.8737
1271	1.0000	0.9381	0.0000	0.8743
1272	1.0000	0.9603	0.0000	0.8750
1273	1.0000	0.9588	0.0000	0.8756
1274	1.0000	0.9474	0.0000	0.8763
1275	1.0000	0.9501	0.0000	0.8769
1276	1.0000	0.9741	0.0000	0.8775
1277	1.0000	0.9310	0.0000	0.8782
1278	1.0000	0.9496	0.0000	0.8788
1279	1.0000	0.9508	0.0000	0.8795
1280	1.0000	0.9599	0.0000	0.8801
1281	1.0000	0.9533	0.0000	0.8807
1282	1.0000	0.9584	0.0000	0.8814
1283	1.0000	0.9291	0.0000	0.8820
1284	1.0000	0.9487	0.0000	0.8828
1285	1.0000	0.9468	0.0000	0.8835
1286	1.0000	0.9331	0.0000	0.8843
1287	1.0000	0.9318	0.0000	0.8851
1288	1.0000	0.9297	0.0000	0.8862
1289	1.0000	0.9523	0.0000	0.8872
1290	1.0000	0.9259	0.0000	0.8879
1291	1.0000	0.9462	0.0000	0.8886
1292	1.0000	0.9402	0.0000	0.8894
1293	1.0000	0.9376	0.0000	0.8901
1294	1.0000	0.9465	0.0000	0.8908
1295	1.0000	0.9475	0.0000	0.8915
1296	1.0000	0.9394	0.0000	0.8922
1297	1.0000	0.9608	0.0000	0.8931
1298	1.0000	0.9268	0.0000	0.8939
1299	1.0000	0.9218	0.0000	0.8946
1300	1.0000	0.9266	0.0000	0.8954
1301	1.0000	0.9547	0.0000	0.8961
1302	1.0000	0.9491	0.0000	0.8968
1303	1.0000	0.9565	0.0000	0.8975
1304	1.0000	0.9377	0.0000	0.8981
1305	1.0000	0.9504	0.0000	0.8988
1306	1.0000	0.9410	0.0000	0.8995
1307	1.0000	0.9222	0.0000	0.9002
1308	1.0000	0.9531	0.0000	0.9008
1309	1.0000	0.9510	0.0000	0.9014
1310	1.0000	0.9272	0.0000	0.9021
1311	1.0000	0.9420	0.0000	0.9028
1312	1.0000	0.9721	0.0000	0.9036
1313	1.0000	0.9306	0.0000	0.9042
1314	1.0000	0.9652	0.0000	0.9049
1315	1.0000	0.9431	0.0000	0.9056
1316	1.0000	0.9355	0.0000	0.9062
1317	1.0000	0.9548	0.0000	0.9069
1318	1.0000	0.9531	0.0000	0.9076
1319	1.0000	0.9445	0.0000	0.9082
1320	1.0000	0.9608	0.0000	0.9088
1321	1.0000	0.9542	0.0000	0.9095
1322	1.0000	0.9491	0.0000	0.9103
1323	1.0000	0.9488	0.0000	0.9110
1324	1.0000	0.9282	0.0000	0.9117
1325	1.0000	0.9068	0.0000	0.9124
1326	1.0000	0.9317	0.0000	0.9131
1327	1.0000	0.9457	0.0000	0.9137
1328	1.0000	0.9234	0.0000	0.9144
1329	1.0000	0.9473	0.0000	0.9151
1330	1.0000	0.9453	0.0000	0.9157
1331	1.0000	0.9430	0.0000	0.9163
1332	1.0000	0.9477	0.0000	0.9170
1333	1.0000	0.9361	0.0000	0.9177
1334	1.0000	0.9423	0.0000	0.9183
1335	1.0000	0.9480	0.0000	0.9189
1336	1.0000	0.9504	0.0000	0.9195
1337	1.0000	0.9416	0.0000	0.9202
1338	1.0000	0.9439	0.0000	0.9208
1339	1.0000	0.9585	0.0000	0.9214
1340	1.0000	0.9665	0.0000	0.9221
1341	1.0000	0.9552	0.0000	0.9227
1342	1.0000	0.9451	0.0000	0.9233
1343	1.0000	0.9605	0.0000	0.9240
1344	1.0000	0.9389	0.0000	0.9248
1345	1.0000	0.9419	0.0000	0.9255
1346	1.0000	0.9418	0.0000	0.9262
1347	1.0000	0.9359	0.0000	0.9268
1348	1.0000	0.9411	0.0000	0.9275
1349	1.0000	0.9374	0.0000	0.9281
1350	1.0000	0.9457	0.0000	0.9288
1351	1.0000	0.9507	0.0000	0.9294
1352	1.0000	0.9540	0.0000	0.9300
1353	1.0000	0.9464	0.0000	0.9306
1354	1.0000	0.9482	0.0000	0.9313
1355	1.0000	0.9192	0.0000	0.9319
1356	1.0000	0.9241	0.0000	0.9326
1357	1.0000	0.9202	0.0000	0.9333
1358	1.0000	0.8990	0.0000	0.9339
1359	1.0000	0.9139	0.0000	0.9345
1360	1.0000	0.8970	0.0000	0.9353
1361	1.0000	0.9087	0.0000	0.9360
1362	1.0000	0.8938	0.0000	0.9367
1363	1.0000	0.8901	0.0000	0.9373
1364	1.0000	0.8949	0.0000	0.9379
1365	1.0000	0.9059	0.0000	0.9385
1366	1.0000	0.9052	0.0000	0.9392
1367	1.0000	0.9137	0.0000	0.9398
1368	1.0000	0.8815	0.0000	0.9405
1369	1.0000	0.9027	0.0000	0.9411
1370	1.0000	0.9117	0.0000	0.9418
1371	1.0000	0.9004	0.0000	0.9425
1372	1.0000	0.8634	0.0000	0.9431
1373	1.0000	0.9073	0.0000	0.9438
1374	1.0000	0.9163	0.0000	0.9445
1375	1.0000	0.9257	0.0000	0.9451
1376	1.0000	0.9249	0.0000	0.9458
1377	1.0000	0.9228	0.0000	0.9464
1378	1.0000	0.9552	0.0000	0.9470
1379	1.0000	0.9247	0.0000	0.9476
1380	1.0000	0.9111	0.0000	0.9483
1381	1.0000	0.9294	0.0000	0.9490
1382	1.0000	0.9242	0.0000	0.9496
1383	1.0000	0.9390	0.0000	0.9502
1384	1.0000	0.9160	0.0000	0.9508
1385	1.0000	0.9314	0.0000	0.9515
1386	1.0000	0.9385	0.0000	0.9521
1387	1.0000	0.9424	0.0000	0.9528
1388	1.0000	0.9246	0.0000	0.9534
1389	1.0000	0.9150	0.0000	0.9541
1390	1.0000	0.9309	0.0000	0.9547
1391	1.0000	0.9392	0.0000	0.9553
1392	1.0000	0.9453	0.0000	0.9560
1393	1.0000	0.9402	0.0000	0.9567
1394	1.0000	0.9495	0.0000	0.9575
1395	1.0000	0.8858	0.0000	0.9581
1396	1.0000	0.8952	0.0000	0.9588
1397	1.0000	0.9214	0.0000	0.9594
1398	1.0000	0.9188	0.0000	0.9602
1399	1.0000	0.9048	0.0000	0.9609
1400	1.0000	0.9121	0.0000	0.9615
1401	1.0000	0.9500	0.0000	0.9621
1402	1.0000	0.9140	0.0000	0.9629
1403	1.0000	0.9371	0.0000	0.9635
1404	1.0000	0.9233	0.0000	0.9642
1405	1.0000	0.9284	0.0000	0.9649
1406	1.0000	0.9224	0.0000	0.9656
1407	1.0000	0.9146	0.0000	0.9663
1408	1.0000	0.9259	0.0000	0.9669
1409	1.0000	0.9075	0.0000	0.9676
1410	1.0000	0.9215	0.0000	0.9682
1411	1.0000	0.9150	0.0000	0.9688
1412	1.0000	0.9149	0.0000	0.9696
1413	1.0000	0.9418	0.0000	0.9702
1414	1.0000	0.9336	0.0000	0.9709
1415	1.0000	0.9212	0.0000	0.9716
1416	1.0000	0.9132	0.0000	0.9723
1417	1.0000	0.9059	0.0000	0.9729
1418	1.0000	0.9292	0.0000	0.9736
1419	1.0000	0.9066	0.0000	0.9743
1420	1.0000	0.9242	0.0000	0.9750
1421	1.0000	0.9194	0.0000	0.9758
1422	1.0000	0.9154	0.0000	0.9765
1423	1.0000	0.9309	0.0000	0.9773
1424	1.0000	0.9389	0.0000	0.9780
1425	1.0000	0.9240	0.0000	0.9788
1426	1.0000	0.9015	0.0000	0.9795
1427	1.0000	0.9152	0.0000	0.9802
1428	1.0000	0.9489	0.0000	0.9809
1429	1.0000	0.9289	0.0000	0.9816
1430	1.0000	0.9342	0.0000	0.9823
1431	1.0000	0.9266	0.0000	0.9829
1432	1.0000	0.9202	0.0000	0.9835
1433	1.0000	0.9317	0.0000	0.9841
1434	1.0000	0.9382	0.0000	0.9847
1435	1.0000	0.9334	0.0000	0.9854
1436	1.0000	0.9322	0.0000	0.9860
1437	1.0000	0.9179	0.0000	0.9866
1438	1.0000	0.9317	0.0000	0.9873
1439	1.0000	0.9296	0.0000	0.9880
1440	1.0000	0.9516	0.0000	0.9886
1441	1.0000	0.9234	0.0000	0.9893
1442	1.0000	0.9344	0.0000	0.9899
1443	1.0000	0.9361	0.0000	0.9906
1444	1.0000	0.9445	0.0000	0.9912
1445	1.0000	0.9329	0.0000	0.9919
1446	1.0000	0.9126	0.0000	0.9925
1447	1.0000	0.9350	0.0000	0.9933
1448	1.0000	0.9184	0.0000	0.9939
1449	1.0000	0.9283	0.0000	0.9945
1450	1.0000	0.9283	0.0000	0.9952
1451	1.0000	0.9444	0.0000	0.9958
1452	1.0000	0.9241	0.0000	0.9964
1453	1.0000	0.9240	0.0000	0.9971
1454	1.0000	0.9334	0.0000	0.9977
1455	1.0000	0.9238	0.0000	0.9984
1456	1.0000	0.8958	0.0000	0.9991
1457	1.0000	0.8782	0.0000	0.9998
1458	1.0000	0.9260	0.0000	1.0004
1459	1.0000	0.9147	0.0000	1.0010
1460	1.0000	0.9012	0.0000	1.0017
1461	1.0000	0.9266	0.0000	1.0024
1462	1.0000	0.8926	0.0000	1.0030
1463	1.0000	0.9221	0.0000	1.0037
1464	1.0000	0.9260	0.0000	1.0044
1465	1.0000	0.9293	0.0000	1.0050
1466	1.0000	0.9324	0.0000	1.0057
1467	1.0000	0.9302	0.0000	1.0064
1468	1.0000	0.8949	0.0000	1.0071
1469	1.0000	0.9075	0.0000	1.0077
1470	1.0000	0.8955	0.0000	1.0084
1471	1.0000	0.9248	0.0000	1.0090
1472	1.0000	0.9090	0.0000	1.0096
1473	1.0000	0.9288	0.0000	1.0103
1474	1.0000	0.9146	0.0000	1.0109
1475	1.0000	0.9358	0.0000	1.0115
1476	1.0000	0.9340	0.0000	1.0122
1477	1.0000	0.9032	0.0000	1.0128
1478	1.0000	0.9334	0.0000	1.0135
1479	1.0000	0.9214	0.0000	1.0141
1480	1.0000	0.9357	0.0000	1.0148
1481	1.0000	0.9529	0.0000	1.0155
1482	1.0000	0.9338	0.0000	1.0161
1483	1.0000	0.9192	0.0000	1.0167
1484	1.0000	0.9173	0.0000	1.0175
1485	1.0000	0.9129	0.0000	1.0182
1486	1.0000	0.9435	0.0000	1.0188
1487	1.0000	0.9334	0.0000	1.0195
1488	1.0000	0.9297	0.0000	1.0201
1489	1.0000	0.9548	0.0000	1.0209
1490	1.0000	0.9322	0.0000	1.0215
1491	1.0000	0.9267	0.0000	1.0221
1492	1.0000	0.9286	0.0000	1.0227
1493	1.0000	0.9031	0.0000	1.0234
1494	1.0000	0.9016	0.0000	1.0241
1495	1.0000	0.9281	0.0000	1.0248
1496	1.0000	0.9482	0.0000	1.0255
1497	1.0000	0.9340	0.0000	1.0261
1498	1.0000	0.9090	0.0000	1.0268
1499	1.0000	0.8806	0.0000	1.0276
1500	1.0000	0.9017	0.0000	1.0282
1501	1.0000	0.9087	0.0000	1.0289
1502	1.0000	0.9057	0.0000	1.0296
1503	1.0000	0.9169	0.0000	1.0302
1504	1.0000	0.9299	0.0000	1.0309
1505	1.0000	0.9283	0.0000	1.0315
1506	1.0000	0.9373	0.0000	1.0321
1507	1.0000	0.9342	0.0000	1.0329
1508	1.0000	0.9028	0.0000	1.0335
1509	1.0000	0.9211	0.0000	1.0341
1510	1.0000	0.9399	0.0000	1.0348
1511	1.0000	0.9323	0.0000	1.0354
1512	1.0000	0.9273	0.0000	1.0360
1513	1.0000	0.9063	0.0000	1.0366
1514	1.0000	0.8958	0.0000	1.0373
1515	1.0000	0.9061	0.0000	1.0380
1516	1.0000	0.9152	0.0000	1.0387
1517	1.0000	0.9286	0.0000	1.0393
1518	1.0000	0.9173	0.0000	1.0399
1519	1.0000	0.9396	0.0000	1.0406
1520	1.0000	0.8945	0.0000	1.0412
1521	1.0000	0.9440	0.0000	1.0419
1522	1.0000	0.9430	0.0000	1.0425
1523	1.0000	0.9433	0.0000	1.0432
1524	1.0000	0.9387	0.0000	1.0439
1525	1.0000	0.9229	0.0000	1.0449
1526	1.0000	0.9250	0.0000	1.0457
1527	1.0000	0.9405	0.0000	1.0463
1528	1.0000	0.9277	0.0000	1.0469
1529	1.0000	0.9370	0.0000	1.0476
1530	1.0000	0.9246	0.0000	1.0483
1531	1.0000	0.9331	0.0000	1.0489
1532	1.0000	0.9369	0.0000	1.0496
1533	1.0000	0.9319	0.0000	1.0502
1534	1.0000	0.9381	0.0000	1.0509
1535	1.0000	0.9422	0.0000	1.0515
1536	1.0000	0.9433	0.0000	1.0522
1537	1.0000	0.9441	0.0000	1.0528
1538	1.0000	0.9508	0.0000	1.0536
1539	1.0000	0.9565	0.0000	1.0542
1540	1.0000	0.9220	0.0000	1.0549
1541	1.0000	0.9472	0.0000	1.0556
1542	1.0000	0.9561	0.0000	1.0563
1543	1.0000	0.9452	0.0000	1.0570
1544	1.0000	0.9474	0.0000	1.0577
1545	1.0000	0.9289	0.0000	1.0583
1546	1.0000	0.9457	0.0000	1.0590
1547	1.0000	0.9325	0.0000	1.0597
1548	1.0000	0.9519	0.0000	1.0604
1549	1.0000	0.9169	0.0000	1.0610
1550	1.0000	0.9389	0.0000	1.0617
1551	1.0000	0.9641	0.0000	1.0624
1552	1.0000	0.9540	0.0000	1.0631
1553	1.0000	0.9290	0.0000	1.0638
1554	1.0000	0.9278	0.0000	1.0645
1555	1.0000	0.9263	0.0000	1.0655
1556	1.0000	0.8824	0.0000	1.0662
1557	1.0000	0.8840	0.0000	1.0670
1558	1.0000	0.9042	0.0000	1.0678
1559	1.0000	0.9020	0.0000	1.0686
1560	1.0000	0.9044	0.0000	1.0694
1561	1.0000	0.9004	0.0000	1.0701
1562	1.0000	0.9135	0.0000	1.0708
1563	1.0000	0.9014	0.0000	1.0715
1564	1.0000	0.8914	0.0000	1.0722
1565	1.0000	0.8937	0.0000	1.0728
1566	1.0000	0.9184	0.0000	1.0735
1567	1.0000	0.9237	0.0000	1.0741
1568	1.0000	0.9245	0.0000	1.0749
1569	1.0000	0.9018	0.0000	1.0756
1570	1.0000	0.9061	0.0000	1.0764
1571	1.0000	0.9271	0.0000	1.0770
1572	1.0000	0.9255	0.0000	1.0776
1573	1.0000	0.9459	0.0000	1.0783
1574	1.0000	0.9226	0.0000	1.0790
1575	1.0000	0.9420	0.0000	1.0797
1576	1.0000	0.9229	0.0000	1.0803
1577	1.0000	0.9310	0.0000	1.0810
1578	1.0000	0.9192	0.0000	1.0816
1579	1.0000	0.9425	0.0000	1.0823
1580	1.0000	0.9468	0.0000	1.0829
1581	1.0000	0.9383	0.0000	1.0837
1582	1.0000	0.9512	0.0000	1.0844
1583	1.0000	0.9341	0.0000	1.0850
1584	1.0000	0.9342	0.0000	1.0857
1585	1.0000	0.9273	0.0000	1.0866
1586	1.0000	0.9357	0.0000	1.0872
1587	1.0000	0.9352	0.0000	1.0878
1588	1.0000	0.9314	0.0000	1.0885
1589	1.0000	0.9232	0.0000	1.0893
1590	1.0000	0.9106	0.0000	1.0899
1591	1.0000	0.9414	0.0000	1.0906
1592	1.0000	0.9279	0.0000	1.0912
1593	1.0000	0.9291	0.0000	1.0919
1594	1.0000	0.9241	0.0000	1.0926
1595	1.0000	0.9285	0.0000	1.0932
1596	1.0000	0.9204	0.0000	1.0939
1597	1.0000	0.9213	0.0000	1.0948
1598	1.0000	0.9393	0.0000	1.0955
1599	1.0000	0.9138	0.0000	1.0961
1600	1.0000	0.9183	0.0000	1.0968
1601	1.0000	0.9089	0.0000	1.0975
1602	1.0000	0.9375	0.0000	1.0981
1603	1.0000	0.9402	0.0000	1.0988
1604	1.0000	0.9403	0.0000	1.0995
1605	1.0000	0.9408	0.0000	1.1001
1606	1.0000	0.9370	0.0000	1.1008
1607	1.0000	0.9175	0.0000	1.1015
1608	1.0000	0.9326	0.0000	1.1023
1609	1.0000	0.9292	0.0000	1.1031
1610	1.0000	0.8964	0.0000	1.1038
1611	1.0000	0.9091	0.0000	1.1044
1612	1.0000	0.9154	0.0000	1.1051
1613	1.0000	0.9502	0.0000	1.1057
1614	1.0000	0.9244	0.0000	1.1064
1615	1.0000	0.9280	0.0000	1.1071
1616	1.0000	0.9307	0.0000	1.1078
1617	1.0000	0.9143	0.0000	1.1085
1618	1.0000	0.9361	0.0000	1.1091
1619	1.0000	0.9356	0.0000	1.1099
1620	1.0000	0.9223	0.0000	1.1105
1621	1.0000	0.9480	0.0000	1.1111
1622	1.0000	0.9384	0.0000	1.1118
1623	1.0000	0.9372	0.0000	1.1124
1624	1.0000	0.9517	0.0000	1.1130
1625	1.0000	0.9536	0.0000	1.1137
1626	1.0000	0.9506	0.0000	1.1143
1627	1.0000	0.9435	0.0000	1.1151
1628	1.0000	0.9550	0.0000	1.1157
1629	1.0000	0.9263	0.0000	1.1165
1630	1.0000	0.9385	0.0000	1.1171
1631	1.0000	0.9482	0.0000	1.1177
1632	1.0000	0.9558	0.0000	1.1184
1633	1.0000	0.9602	0.0000	1.1190
1634	1.0000	0.9614	0.0000	1.1196
1635	1.0000	0.9623	0.0000	1.1203
1636	1.0000	0.9707	0.0000	1.1209
1637	1.0000	0.9701	0.0000	1.1215
1638	1.0000	0.9730	0.0000	1.1222
1639	1.0000	0.9268	0.0000	1.1228
1640	1.0000	0.9510	0.0000	1.1235
1641	1.0000	0.9419	0.0000	1.1242
1642	1.0000	0.9595	0.0000	1.1249
1643	1.0000	0.9530	0.0000	1.1256
1644	1.0000	0.9573	0.0000	1.1262
1645	1.0000	0.9518	0.0000	1.1269
1646	1.0000	0.9646	0.0000	1.1277
1647	1.0000	0.9339	0.0000	1.1283
1648	1.0000	0.9389	0.0000	1.1290
1649	1.0000	0.9485	0.0000	1.1297
1650	1.0000	0.9506	0.0000	1.1303
1651	1.0000	0.9503	0.0000	1.1310
1652	1.0000	0.9527	0.0000	1.1317
1653	1.0000	0.9347	0.0000	1.1325
1654	1.0000	0.8808	0.0000	1.1333
1655	1.0000	0.8929	0.0000	1.1339
1656	1.0000	0.9032	0.0000	1.1347
1657	1.0000	0.9160	0.0000	1.1356
1658	1.0000	0.9014	0.0000	1.1364
1659	1.0000	0.9091	0.0000	1.1371
1660	1.0000	0.9182	0.0000	1.1378
1661	1.0000	0.8939	0.0000	1.1385
1662	1.0000	0.9276	0.0000	1.1392
1663	1.0000	0.9198	0.0000	1.1399
1664	1.0000	0.8672	0.0000	1.1406
1665	1.0000	0.8841	0.0000	1.1413
1666	1.0000	0.9040	0.0000	1.1422
1667	1.0000	0.8830	0.0000	1.1429
1668	1.0000	0.9028	0.0000	1.1436
1669	1.0000	0.9026	0.0000	1.1443
1670	1.0000	0.8813	0.0000	1.1450
1671	1.0000	0.9082	0.0000	1.1457
1672	1.0000	0.9120	0.0000	1.1463
1673	1.0000	0.9204	0.0000	1.1470
1674	1.0000	0.8739	0.0000	1.1477
1675	1.0000	0.9075	0.0000	1.1484
1676	1.0000	0.8876	0.0000	1.1491
1677	1.0000	0.9187	0.0000	1.1498
1678	1.0000	0.9219	0.0000	1.1505
1679	1.0000	0.9086	0.0000	1.1512
1680	1.0000	0.9018	0.0000	1.1519
1681	1.0000	0.9143	0.0000	1.1525
1682	1.0000	0.9440	0.0000	1.1531
1683	1.0000	0.9068	0.0000	1.1538
1684	1.0000	0.9276	0.0000	1.1544
1685	1.0000	0.9070	0.0000	1.1551
1686	1.0000	0.9298	0.0000	1.1559
1687	1.0000	0.9022	0.0000	1.1566
1688	1.0000	0.9353	0.0000	1.1572
1689	1.0000	0.9246	0.0000	1.1579
1690	1.0000	0.9299	0.0000	1.1587
1691	1.0000	0.8894	0.0000	1.1593
1692	1.0000	0.9132	0.0000	1.1601
1693	1.0000	0.9149	0.0000	1.1607
1694	1.0000	0.9310	0.0000	1.1614
1695	1.0000	0.9078	0.0000	1.1620
1696	1.0000	0.9284	0.0000	1.1627
1697	1.0000	0.9037	0.0000	1.1633
1698	1.0000	0.9286	0.0000	1.1639
1699	1.0000	0.9083	0.0000	1.1646
1700	1.0000	0.9129	0.0000	1.1652
1701	1.0000	0.9323	0.0000	1.1659
1702	1.0000	0.9199	0.0000	1.1667
1703	1.0000	0.9215	0.0000	1.1674
1704	1.0000	0.8895	0.0000	1.1680
1705	1.0000	0.8992	0.0000	1.1687
1706	1.0000	0.9350	0.0000	1.1694
1707	1.0000	0.8999	0.0000	1.1701
1708	1.0000	0.9171	0.0000	1.1708
1709	1.0000	0.9341	0.0000	1.1716
1710	1.0000	0.9003	0.0000	1.1723
1711	1.0000	0.9336	0.0000	1.1730
1712	1.0000	0.9054	0.0000	1.1737
1713	1.0000	0.9310	0.0000	1.1744
1714	1.0000	0.9216	0.0000	1.1750
1715	1.0000	0.9449	0.0000	1.1757
1716	1.0000	0.9373	0.0000	1.1764
1717	1.0000	0.9376	0.0000	1.1772
1718	1.0000	0.9553	0.0000	1.1779
1719	1.0000	0.9360	0.0000	1.1786
1720	1.0000	0.9342	0.0000	1.1794
1721	1.0000	0.9276	0.0000	1.1800
1722	1.0000	0.9376	0.0000	1.1806
1723	1.0000	0.9357	0.0000	1.1813
1724	1.0000	0.9518	0.0000	1.1820
1725	1.0000	0.9305	0.0000	1.1826
1726	1.0000	0.9312	0.0000	1.1832
1727	1.0000	0.9348	0.0000	1.1838
1728	1.0000	0.9449	0.0000	1.1845
1729	1.0000	0.9357	0.0000	1.1851
1730	1.0000	0.9429	0.0000	1.1858
1731	1.0000	0.9085	0.0000	1.1865
1732	1.0000	0.9143	0.0000	1.1871
1733	1.0000	0.9401	0.0000	1.1877
1734	1.0000	0.9408	0.0000	1.1883
1735	1.0000	0.9393	0.0000	1.1889
1736	1.0000	0.9364	0.0000	1.1897
1737	1.0000	0.9201	0.0000	1.1904
1738	1.0000	0.9050	0.0000	1.1911
1739	1.0000	0.9033	0.0000	1.1918
1740	1.0000	0.8805	0.0000	1.1924
1741	1.0000	0.9058	0.0000	1.1930
1742	1.0000	0.9092	0.0000	1.1937
1743	1.0000	0.9279	0.0000	1.1944
1744	1.0000	0.9390	0.0000	1.1951
1745	1.0000	0.9234	0.0000	1.1957
1746	1.0000	0.9488	0.0000	1.1964
1747	1.0000	0.9373	0.0000	1.1972
1748	1.0000	0.9390	0.0000	1.1979
1749	1.0000	0.9266	0.0000	1.1985
1750	1.0000	0.9281	0.0000	1.1992
1751	1.0000	0.9276	0.0000	1.1998
1752	1.0000	0.9452	0.0000	1.2004
1753	1.0000	0.9333	0.0000	1.2011
1754	1.0000	0.9399	0.0000	1.2020
1755	1.0000	0.9088	0.0000	1.2026
1756	1.0000	0.9248	0.0000	1.2033
1757	1.0000	0.9149	0.0000	1.2040
1758	1.0000	0.9309	0.0000	1.2047
1759	1.0000	0.9267	0.0000	1.2054
1760	1.0000	0.9072	0.0000	1.2061
1761	1.0000	0.9230	0.0000	1.2067
1762	1.0000	0.9387	0.0000	1.2073
1763	1.0000	0.9346	0.0000	1.2080
1764	1.0000	0.9232	0.0000	1.2087
1765	1.0000	0.9169	0.0000	1.2094
1766	1.0000	0.9311	0.0000	1.2100
1767	1.0000	0.9322	0.0000	1.2107
1768	1.0000	0.9275	0.0000	1.2114
1769	1.0000	0.9354	0.0000	1.2121
1770	1.0000	0.9111	0.0000	1.2129
1771	1.0000	0.9348	0.0000	1.2135
1772	1.0000	0.9292	0.0000	1.2142
1773	1.0000	0.9364	0.0000	1.2148
1774	1.0000	0.9481	0.0000	1.2155
1775	1.0000	0.9276	0.0000	1.2161
1776	1.0000	0.9417	0.0000	1.2168
1777	1.0000	0.9414	0.0000	1.2176
1778	1.0000	0.9464	0.0000	1.2182
1779	1.0000	0.9393	0.0000	1.2188
1780	1.0000	0.9419	0.0000	1.2196
1781	1.0000	0.9354	0.0000	1.2202
1782	1.0000	0.9523	0.0000	1.2209
1783	1.0000	0.9374	0.0000	1.2215
1784	1.0000	0.9355	0.0000	1.2222
1785	1.0000	0.9353	0.0000	1.2229
1786	1.0000	0.9496	0.0000	1.2235
1787	1.0000	0.9370	0.0000	1.2243
1788	1.0000	0.9106	0.0000	1.2250
1789	1.0000	0.9634	0.0000	1.2257
1790	1.0000	0.9378	0.0000	1.2264
1791	1.0000	0.9343	0.0000	1.2271
1792	1.0000	0.9615	0.0000	1.2277
1793	1.0000	0.9449	0.0000	1.2284
1794	1.0000	0.9594	0.0000	1.2291
1795	1.0000	0.9358	0.0000	1.2298
1796	1.0000	0.9462	0.0000	1.2305
1797	1.0000	0.9469	0.0000	1.2312
1798	1.0000	0.9577	0.0000	1.2319
1799	1.0000	0.9474	0.0000	1.2325
1800	1.0000	0.9620	0.0000	1.2333
1801	1.0000	0.9337	0.0000	1.2339
1802	1.0000	0.9246	0.0000	1.2348
1803	1.0000	0.9345	0.0000	1.2355
1804	1.0000	0.9307	0.0000	1.2363
1805	1.0000	0.9227	0.0000	1.2369
1806	1.0000	0.9138	0.0000	1.2376
1807	1.0000	0.9247	0.0000	1.2385
1808	1.0000	0.9232	0.0000	1.2391
1809	1.0000	0.9230	0.0000	1.2397
1810	1.0000	0.9303	0.0000	1.2405
1811	1.0000	0.9276	0.0000	1.2412
1812	1.0000	0.9424	0.0000	1.2419
1813	1.0000	0.9310	0.0000	1.2426
1814	1.0000	0.9312	0.0000	1.2432
1815	1.0000	0.9307	0.0000	1.2438
1816	1.0000	0.9329	0.0000	1.2446
1817	1.0000	0.9213	0.0000	1.2453
1818	1.0000	0.9314	0.0000	1.2459
1819	1.0000	0.9313	0.0000	1.2466
1820	1.0000	0.9479	0.0000	1.2473
1821	1.0000	0.9398	0.0000	1.2481
1822	1.0000	0.9407	0.0000	1.2488
1823	1.0000	0.9424	0.0000	1.2494
1824	1.0000	0.9270	0.0000	1.2500
1825	1.0000	0.9642	0.0000	1.2507
1826	1.0000	0.9597	0.0000	1.2513
1827	1.0000	0.9172	0.0000	1.2520
1828	1.0000	0.9392	0.0000	1.2526
1829	1.0000	0.9319	0.0000	1.2533
1830	1.0000	0.9557	0.0000	1.2539
1831	1.0000	0.9535	0.0000	1.2546
1832	1.0000	0.9385	0.0000	1.2553
1833	1.0000	0.9139	0.0000	1.2559
1834	1.0000	0.9377	0.0000	1.2565
1835	1.0000	0.9396	0.0000	1.2572
1836	1.0000	0.9510	0.0000	1.2578
1837	1.0000	0.9425	0.0000	1.2586
1838	1.0000	0.9404	0.0000	1.2592
1839	1.0000	0.9375	0.0000	1.2599
1840	1.0000	0.9480	0.0000	1.2605
1841	1.0000	0.9267	0.0000	1.2612
1842	1.0000	0.9355	0.0000	1.2619
1843	1.0000	0.9446	0.0000	1.2625
1844	1.0000	0.9328	0.0000	1.2632
1845	1.0000	0.9397	0.0000	1.2638
1846	1.0000	0.9646	0.0000	1.2645
1847	1.0000	0.9458	0.0000	1.2651
1848	1.0000	0.9394	0.0000	1.2658
1849	1.0000	0.9464	0.0000	1.2665
1850	1.0000	0.9619	0.0000	1.2671
1851	1.0000	0.9569	0.0000	1.2677
1852	1.0000	0.9645	0.0000	1.2684
1853	1.0000	0.9537	0.0000	1.2691
1854	1.0000	0.9501	0.0000	1.2698
1855	1.0000	0.9367	0.0000	1.2705
1856	1.0000	0.9519	0.0000	1.2714
1857	1.0000	0.9202	0.0000	1.2720
1858	1.0000	0.9296	0.0000	1.2728
1859	1.0000	0.9019	0.0000	1.2736
1860	1.0000	0.9207	0.0000	1.2742
1861	1.0000	0.9367	0.0000	1.2749
1862	1.0000	0.9587	0.0000	1.2757
1863	1.0000	0.9152	0.0000	1.2764
1864	1.0000	0.8906	0.0000	1.2771
1865	1.0000	0.9298	0.0000	1.2778
1866	1.0000	0.9127	0.0000	1.2786
1867	1.0000	0.9156	0.0000	1.2792
1868	1.0000	0.9208	0.0000	1.2800
1869	1.0000	0.9171	0.0000	1.2806
1870	1.0000	0.9363	0.0000	1.2813
1871	1.0000	0.9222	0.0000	1.2820
1872	1.0000	0.9369	0.0000	1.2827
1873	1.0000	0.9391	0.0000	1.2834
1874	1.0000	0.9090	0.0000	1.2840
1875	1.0000	0.9296	0.0000	1.2846
1876	1.0000	0.9467	0.0000	1.2854
1877	1.0000	0.9344	0.0000	1.2861
1878	1.0000	0.9345	0.0000	1.2868
1879	1.0000	0.9414	0.0000	1.2875
1880	1.0000	0.9103	0.0000	1.2882
1881	1.0000	0.9400	0.0000	1.2889
1882	1.0000	0.9264	0.0000	1.2896
1883	1.0000	0.9260	0.0000	1.2902
1884	1.0000	0.9327	0.0000	1.2909
1885	1.0000	0.9512	0.0000	1.2916
1886	1.0000	0.9270	0.0000	1.2923
1887	1.0000	0.9277	0.0000	1.2931
1888	1.0000	0.9316	0.0000	1.2938
1889	1.0000	0.9416	0.0000	1.2946
1890	1.0000	0.9527	0.0000	1.2954
1891	1.0000	0.9542	0.0000	1.2961
1892	1.0000	0.9616	0.0000	1.2969
1893	1.0000	0.9545	0.0000	1.2975
1894	1.0000	0.9449	0.0000	1.2982
1895	1.0000	0.9622	0.0000	1.2988
1896	1.0000	0.9638	0.0000	1.2995
1897	1.0000	0.9476	0.0000	1.3001
1898	1.0000	0.9503	0.0000	1.3008
1899	1.0000	0.9514	0.0000	1.3015
1900	1.0000	0.9601	0.0000	1.3023
1901	1.0000	0.9451	0.0000	1.3031
1902	1.0000	0.9582	0.0000	1.3038
1903	1.0000	0.9574	0.0000	1.3045
1904	1.0000	0.9378	0.0000	1.3051
1905	1.0000	0.9444	0.0000	1.3059
1906	1.0000	0.9347	0.0000	1.3066
1907	1.0000	0.9370	0.0000	1.3073
1908	1.0000	0.9515	0.0000	1.3080
1909	1.0000	0.9577	0.0000	1.3087
1910	1.0000	0.9544	0.0000	1.3093
1911	1.0000	0.9400	0.0000	1.3100
1912	1.0000	0.9630	0.0000	1.3107
1913	1.0000	0.9354	0.0000	1.3114
1914	1.0000	0.9542	0.0000	1.3123
1915	1.0000	0.9440	0.0000	1.3130
1916	1.0000	0.9319	0.0000	1.3137
1917	1.0000	0.9424	0.0000	1.3144
1918	1.0000	0.9443	0.0000	1.3151
1919	1.0000	0.9330	0.0000	1.3158
1920	1.0000	0.9023	0.0000	1.3165
1921	1.0000	0.9124	0.0000	1.3174
1922	1.0000	0.9068	0.0000	1.3181
1923	1.0000	0.9257	0.0000	1.3187
1924	1.0000	0.9112	0.0000	1.3194
1925	1.0000	0.9087	0.0000	1.3200
1926	1.0000	0.9392	0.0000	1.3207
1927	1.0000	0.9378	0.0000	1.3214
1928	1.0000	0.9259	0.0000	1.3221
1929	1.0000	0.9465	0.0000	1.3227
1930	1.0000	0.9310	0.0000	1.3236
1931	1.0000	0.9493	0.0000	1.3242
1932	1.0000	0.9495	0.0000	1.3249
1933	1.0000	0.9174	0.0000	1.3255
1934	1.0000	0.9039	0.0000	1.3261
1935	1.0000	0.9358	0.0000	1.3268
1936	1.0000	0.9236	0.0000	1.3274
1937	1.0000	0.9466	0.0000	1.3280
1938	1.0000	0.9236	0.0000	1.3288
1939	1.0000	0.9586	0.0000	1.3294
1940	1.0000	0.9328	0.0000	1.3300
1941	1.0000	0.9319	0.0000	1.3307
1942	1.0000	0.9506	0.0000	1.3313
1943	1.0000	0.9439	0.0000	1.3319
1944	1.0000	0.9627	0.0000	1.3326
1945	1.0000	0.9374	0.0000	1.3332
1946	1.0000	0.9362	0.0000	1.3338
1947	1.0000	0.9543	0.0000	1.3345
1948	1.0000	0.9662	0.0000	1.3352
1949	1.0000	0.9614	0.0000	1.3359
1950	1.0000	0.9381	0.0000	1.3366
1951	1.0000	0.9319	0.0000	1.3373
1952	1.0000	0.9430	0.0000	1.3379
1953	1.0000	0.9614	0.0000	1.3385
1954	1.0000	0.9500	0.0000	1.3391
1955	1.0000	0.9576	0.0000	1.3397
1956	1.0000	0.9441	0.0000	1.3403
1957	1.0000	0.9584	0.0000	1.3410
1958	1.0000	0.9579	0.0000	1.3417
1959	1.0000	0.9493	0.0000	1.3424
1960	1.0000	0.9316	0.0000	1.3430
1961	1.0000	0.9496	0.0000	1.3437
1962	1.0000	0.9804	0.0000	1.3444
1963	1.0000	0.9468	0.0000	1.3450
1964	1.0000	0.9720	0.0000	1.3459
1965	1.0000	0.9607	0.0000	1.3466
1966	1.0000	0.9741	0.0000	1.3474
1967	1.0000	0.9588	0.0000	1.3481
1968	1.0000	0.9711	0.0000	1.3487
1969	1.0000	0.9670	0.0000	1.3493
1970	1.0000	0.9662	0.0000	1.3499
1971	1.0000	0.9501	0.0000	1.3506
1972	1.0000	0.9538	0.0000	1.3513
1973	1.0000	0.9749	0.0000	1.3519
1974	1.0000	0.9597	0.0000	1.3526
1975	1.0000	0.9689	0.0000	1.3534
1976	1.0000	0.9759	0.0000	1.3541
1977	1.0000	0.9677	0.0000	1.3548
1978	1.0000	0.9603	0.0000	1.3554
1979	1.0000	0.9666	0.0000	1.3562
1980	1.0000	0.9453	0.0000	1.3569
1981	1.0000	0.9595	0.0000	1.3575
1982	1.0000	0.9553	0.0000	1.3582
1983	1.0000	0.9286	0.0000	1.3588
1984	1.0000	0.9362	0.0000	1.3595
1985	1.0000	0.9516	0.0000	1.3601
1986	1.0000	0.9460	0.0000	1.3608
1987	1.0000	0.9255	0.0000	1.3614
1988	1.0000	0.9454	0.0000	1.3620
1989	1.0000	0.9275	0.0000	1.3628
1990	1.0000	0.9427	0.0000	1.3635
1991	1.0000	0.9226	0.0000	1.3642
1992	1.0000	0.9451	0.0000	1.3649
1993	1.0000	0.9211	0.0000	1.3655
1994	1.0000	0.9530	0.0000	1.3662
1995	1.0000	0.9611	0.0000	1.3669
1996	1.0000	0.9371	0.0000	1.3675
1997	1.0000	0.9595	0.0000	1.3682
1998	1.0000	0.9338	0.0000	1.3688
1999	1.0000	0.9463	0.0000	1.3696
2000	1.0000	0.9410	0.0000	1.3702
2001	1.0000	0.9607	0.0000	1.3709
2002	1.0000	0.9441	0.0000	1.3717
2003	1.0000	0.9276	0.0000	1.3724
2004	1.0000	0.9649	0.0000	1.3732
2005	1.0000	0.9431	0.0000	1.3739
2006	1.0000	0.9458	0.0000	1.3746
2007	1.0000	0.9252	0.0000	1.3754
2008	1.0000	0.9299	0.0000	1.3761
2009	1.0000	0.9232	0.0000	1.3768
2010	1.0000	0.9124	0.0000	1.3776
2011	1.0000	0.9214	0.0000	1.3783
2012	1.0000	0.9211	0.0000	1.3791
2013	1.0000	0.9228	0.0000	1.3797
2014	1.0000	0.9396	0.0000	1.3804
2015	1.0000	0.9346	0.0000	1.3812
2016	1.0000	0.9395	0.0000	1.3820
2017	1.0000	0.8706	0.0000	1.3827
2018	1.0000	0.8850	0.0000	1.3834
2019	1.0000	0.9047	0.0000	1.3841
2020	1.0000	0.9076	0.0000	1.3848
2021	1.0000	0.9308	0.0000	1.3856
2022	1.0000	0.9261	0.0000	1.3863
2023	1.0000	0.9103	0.0000	1.3870
2024	1.0000	0.9008	0.0000	1.3877
2025	1.0000	0.8993	0.0000	1.3884
2026	1.0000	0.8812	0.0000	1.3891
2027	1.0000	0.9090	0.0000	1.3900
2028	1.0000	0.8359	0.0000	1.3907
2029	1.0000	0.8845	0.0000	1.3914
2030	1.0000	0.8929	0.0000	1.3921
2031	1.0000	0.8838	0.0000	1.3928
2032	1.0000	0.8825	0.0000	1.3936
2033	1.0000	0.8574	0.0000	1.3943
2034	1.0000	0.8911	0.0000	1.3950
2035	1.0000	0.8590	0.0000	1.3957
2036	1.0000	0.8746	0.0000	1.3964
2037	1.0000	0.8833	0.0000	1.3971
2038	1.0000	0.9039	0.0000	1.3978
2039	1.0000	0.8557	0.0000	1.3984
2040	1.0000	0.8729	0.0000	1.3991
2041	1.0000	0.8802	0.0000	1.3997
2042	1.0000	0.9062	0.0000	1.4003
2043	1.0000	0.8881	0.0000	1.4010
2044	1.0000	0.8754	0.0000	1.4017
2045	1.0000	0.8957	0.0000	1.4023
2046	1.0000	0.8697	0.0000	1.4030
2047	1.0000	0.8935	0.0000	1.4036
2048	1.0000	0.9208	0.0000	1.4044
2049	1.0000	0.9008	0.0000	1.4052
2050	1.0000	0.9100	0.0000	1.4058
2051	1.0000	0.9024	0.0000	1.4064
2052	1.0000	0.9022	0.0000	1.4072
2053	1.0000	0.8976	0.0000	1.4078
2054	1.0000	0.8972	0.0000	1.4085
2055	1.0000	0.9167	0.0000	1.4091
2056	1.0000	0.9206	0.0000	1.4098
2057	1.0000	0.9162	0.0000	1.4105
2058	1.0000	0.9024	0.0000	1.4112
2059	1.0000	0.9118	0.0000	1.4119
2060	1.0000	0.9161	0.0000	1.4126
2061	1.0000	0.9000	0.0000	1.4132
2062	1.0000	0.9102	0.0000	1.4139
2063	1.0000	0.9090	0.0000	1.4145
2064	1.0000	0.9019	0.0000	1.4151
2065	1.0000	0.9285	0.0000	1.4158
2066	1.0000	0.9325	0.0000	1.4166
2067	1.0000	0.9018	0.0000	1.4172
2068	1.0000	0.9279	0.0000	1.4179
2069	1.0000	0.9096	0.0000	1.4186
2070	1.0000	0.9393	0.0000	1.4193
2071	1.0000	0.9343	0.0000	1.4199
2072	1.0000	0.9524	0.0000	1.4206
2073	1.0000	0.9158	0.0000	1.4212
2074	1.0000	0.9395	0.0000	1.4219
2075	1.0000	0.9448	0.0000	1.4225
2076	1.0000	0.9369	0.0000	1.4232
2077	1.0000	0.9244	0.0000	1.4238
2078	1.0000	0.9493	0.0000	1.4245
2079	1.0000	0.9477	0.0000	1.4253
2080	1.0000	0.9446	0.0000	1.4261
2081	1.0000	0.9507	0.0000	1.4267
2082	1.0000	0.9310	0.0000	1.4273
2083	1.0000	0.9525	0.0000	1.4281
2084	1.0000	0.9486	0.0000	1.4287
2085	1.0000	0.9511	0.0000	1.4294
2086	1.0000	0.9606	0.0000	1.4300
2087	1.0000	0.9581	0.0000	1.4306
2088	1.0000	0.9416	0.0000	1.4313
2089	1.0000	0.9487	0.0000	1.4319
2090	1.0000	0.9512	0.0000	1.4327
2091	1.0000	0.9258	0.0000	1.4334
2092	1.0000	0.9647	0.0000	1.4340
2093	1.0000	0.9534	0.0000	1.4347
2094	1.0000	0.9594	0.0000	1.4353
2095	1.0000	0.9579	0.0000	1.4360
2096	1.0000	0.9577	0.0000	1.4368
2097	1.0000	0.9096	0.0000	1.4375
2098	1.0000	0.9219	0.0000	1.4381
2099	1.0000	0.9270	0.0000	1.4388
2100	1.0000	0.9438	0.0000	1.4395
2101	1.0000	0.9336	0.0000	1.4402
2102	1.0000	0.9482	0.0000	1.4408
2103	1.0000	0.9309	0.0000	1.4416
2104	1.0000	0.9371	0.0000	1.4422
2105	1.0000	0.9479	0.0000	1.4429
2106	1.0000	0.9375	0.0000	1.4435
2107	1.0000	0.9486	0.0000	1.4442
2108	1.0000	0.9370	0.0000	1.4449
2109	1.0000	0.9636	0.0000	1.4457
2110	1.0000	0.9405	0.0000	1.4463
2111	1.0000	0.9255	0.0000	1.4469
2112	1.0000	0.9488	0.0000	1.4476
2113	1.0000	0.9450	0.0000	1.4484
2114	1.0000	0.9326	0.0000	1.4490
2115	1.0000	0.9551	0.0000	1.4497
2116	1.0000	0.8929	0.0000	1.4503
2117	1.0000	0.9261	0.0000	1.4510
2118	1.0000	0.9439	0.0000	1.4518
2119	1.0000	0.9250	0.0000	1.4525
2120	1.0000	0.9284	0.0000	1.4531
2121	1.0000	0.9360	0.0000	1.4538
2122	1.0000	0.9440	0.0000	1.4546
2123	1.0000	0.9202	0.0000	1.4553
2124	1.0000	0.9372	0.0000	1.4561
2125	1.0000	0.9536	0.0000	1.4567
2126	1.0000	0.9321	0.0000	1.4574
2127	1.0000	0.9407	0.0000	1.4580
2128	1.0000	0.9339	0.0000	1.4588
2129	1.0000	0.9331	0.0000	1.4595
2130	1.0000	0.9062	0.0000	1.4602
2131	1.0000	0.9146	0.0000	1.4609
Pos: [4.111180744996371, 4.111199365512501, 1.1700887301751193]

=================================================================================================================