ID: 048b55cf-2d8c-43ce-bfff-a7619403f817	Date: 2018-05-02 02:10:30	Runs: 10
=================================================================================================================
Run: 0
Iter	Gbest	AvrFit	Diver	ETime	
0	185.3540	30.4377	1.0000	0.9625
1	197.5813	116.6136	0.8822	1.6592
2	197.5813	148.0559	0.7947	2.4650
3	197.5813	156.8220	0.7732	3.2113
4	197.5813	163.6742	0.7194	3.8941
5	197.6599	172.5748	0.6017	4.5707
6	197.6599	180.6092	0.5888	5.2645
7	197.6599	182.1231	0.6610	5.9376
8	199.6071	187.2963	0.5917	6.6166
9	199.7802	192.2320	0.5358	7.3423
10	199.9640	192.9604	0.4990	8.0259
11	199.9640	193.8451	0.4839	8.7194
12	199.9640	194.6952	0.4764	9.4025
13	199.9640	194.8311	0.4721	10.1659
14	199.9692	195.4898	0.4120	10.8447
15	199.9692	196.1917	0.3932	11.5690
16	199.9692	197.4022	0.3889	12.2640
17	199.9692	197.9564	0.3150	12.9387
18	199.9692	198.2114	0.3089	13.6974
19	199.9692	198.3194	0.2984	14.4811
20	199.9692	198.5799	0.2044	15.1949
21	199.9692	198.6746	0.1991	15.8873
22	199.9890	199.4938	0.1267	16.5641
23	199.9968	199.5624	0.1143	17.2400
24	199.9968	199.8634	0.0352	17.9121
25	199.9968	199.8998	0.0321	18.5838
26	199.9968	199.9417	0.0256	19.3162
27	199.9968	199.9569	0.0210	19.9964
28	199.9977	199.9827	0.0131	20.6788
29	199.9985	199.9917	0.0103	21.3840
30	199.9991	199.9943	0.0086	22.0742
31	199.9991	199.9965	0.0063	22.7661
32	200.0000	199.9977	0.0053	23.4826
33	200.0000	199.9985	0.0040	24.1587
34	200.0000	199.9989	0.0032	24.8375
35	200.0000	199.9993	0.0029	25.5156
36	200.0000	199.9995	0.0030	26.2086
37	200.0000	199.9997	0.0021	26.8896
38	200.0000	199.9997	0.0019	27.5998
39	200.0000	199.9998	0.0016	28.2731
40	200.0000	199.9998	0.0014	28.9452
41	200.0000	199.9999	0.0009	29.7005
42	200.0000	199.9999	0.0008	30.4866
43	200.0000	200.0000	0.0007	31.2307
44	200.0000	200.0000	0.0005	31.9118
45	200.0000	200.0000	0.0004	32.5873
46	200.0000	200.0000	0.0003	33.2792
47	200.0000	200.0000	0.0003	33.9563
48	200.0000	200.0000	0.0002	34.6360
49	200.0000	200.0000	0.0001	35.3408
50	200.0000	200.0000	0.0001	36.0205
51	200.0000	200.0000	0.0001	36.7210
52	200.0000	200.0000	0.0000	37.3943
53	200.0000	200.0000	0.0000	38.0704
54	200.0000	200.0000	0.0000	38.7454
55	200.0000	200.0000	0.0000	39.4464
56	200.0000	200.0000	0.0000	40.1316
57	200.0000	200.0000	0.0000	40.8061
58	200.0000	200.0000	0.0000	41.4841
59	200.0000	200.0000	0.0000	42.1591
60	200.0000	200.0000	0.0000	42.8326
61	200.0000	200.0000	0.0000	43.5426
62	200.0000	200.0000	0.0000	44.2200
63	200.0000	200.0000	0.0000	44.8964
64	200.0000	200.0000	0.0000	45.5742
65	200.0000	200.0000	0.0000	46.2532
66	200.0000	200.0000	0.0000	47.0378
67	200.0000	200.0000	0.0000	47.8122
68	200.0000	200.0000	0.0000	48.4943
69	200.0000	200.0000	0.0000	49.1724
70	200.0000	200.0000	0.0000	49.8974
71	200.0000	200.0000	0.0000	50.5884
72	200.0000	200.0000	0.0000	51.3182
73	200.0000	200.0000	0.0000	51.9922
74	200.0000	200.0000	0.0000	52.6650
75	200.0000	200.0000	0.0000	53.3464
76	200.0000	200.0000	0.0000	54.0440
77	200.0000	200.0000	0.0000	54.7204
78	200.0000	200.0000	0.0000	55.4039
79	200.0000	200.0000	0.0000	56.0811
80	200.0000	200.0000	0.0000	56.7567
81	200.0000	200.0000	0.0000	57.4486
82	200.0000	200.0000	0.0000	58.1267
83	200.0000	200.0000	0.0000	58.8086
84	200.0000	200.0000	0.0000	59.5188
85	200.0000	200.0000	0.0000	60.2093
86	200.0000	200.0000	0.0000	60.9062
87	200.0000	200.0000	0.0000	61.5885
88	200.0000	200.0000	0.0000	62.2733
89	200.0000	200.0000	0.0000	62.9611
90	200.0000	200.0000	0.0000	63.7574
91	200.0000	200.0000	0.0000	64.5413
92	200.0000	200.0000	0.0000	65.2275
93	200.0000	200.0000	0.0000	65.9144
94	200.0000	200.0000	0.0000	66.6044
95	200.0000	200.0000	0.0000	67.2951
96	200.0000	200.0000	0.0000	68.0017
97	200.0000	200.0000	0.0000	68.6865
98	200.0000	200.0000	0.0000	69.3748
99	200.0000	200.0000	0.0000	70.1306
100	200.0000	200.0000	0.0000	70.8213
101	200.0000	200.0000	0.0000	71.5292
102	200.0000	200.0000	0.0000	72.2184
103	200.0000	200.0000	0.0000	72.9079
104	200.0000	200.0000	0.0000	73.5960
105	200.0000	200.0000	0.0000	74.2800
106	200.0000	200.0000	0.0000	74.9807
107	200.0000	200.0000	0.0000	75.6700
108	200.0000	200.0000	0.0000	76.3645
109	200.0000	200.0000	0.0000	77.0504
110	200.0000	200.0000	0.0000	77.7383
111	200.0000	200.0000	0.0000	78.4404
112	200.0000	200.0000	0.0000	79.1337
113	200.0000	200.0000	0.0000	79.8466
114	200.0000	200.0000	0.0000	80.7638
115	200.0000	200.0000	0.0000	81.4483
116	200.0000	200.0000	0.0000	82.1466
117	200.0000	200.0000	0.0000	82.8333
118	200.0000	200.0000	0.0000	83.5295
119	200.0000	200.0000	0.0000	84.2166
120	200.0000	200.0000	0.0000	84.9059
121	200.0000	200.0000	0.0000	85.6023
122	200.0000	200.0000	0.0000	86.2887
123	200.0000	200.0000	0.0000	86.9765
124	200.0000	200.0000	0.0000	87.6927
125	200.0000	200.0000	0.0000	88.3825
126	200.0000	200.0000	0.0000	89.1564
127	200.0000	200.0000	0.0000	89.8433
128	200.0000	200.0000	0.0000	90.5337
129	200.0000	200.0000	0.0000	91.2230
130	200.0000	200.0000	0.0000	91.9149
131	200.0000	200.0000	0.0000	92.6135
132	200.0000	200.0000	0.0000	93.2927
133	200.0000	200.0000	0.0000	93.9779
134	200.0000	200.0000	0.0000	94.6631
135	200.0000	200.0000	0.0000	95.3524
136	200.0000	200.0000	0.0000	96.0519
137	200.0000	200.0000	0.0000	96.7371
138	200.0000	200.0000	0.0000	97.5668
139	200.0000	200.0000	0.0000	98.2544
140	200.0000	200.0000	0.0000	98.9666
141	200.0000	200.0000	0.0000	99.6778
142	200.0000	200.0000	0.0000	100.3711
143	200.0000	200.0000	0.0000	101.0809
144	200.0000	200.0000	0.0000	101.7635
145	200.0000	200.0000	0.0000	102.4487
146	200.0000	200.0000	0.0000	103.1659
147	200.0000	200.0000	0.0000	103.8795
148	200.0000	200.0000	0.0000	104.5918
149	200.0000	200.0000	0.0000	105.3038
150	200.0000	200.0000	0.0000	105.9906
151	200.0000	200.0000	0.0000	106.6947
152	200.0000	200.0000	0.0000	107.3880
153	200.0000	200.0000	0.0000	108.1562
154	200.0000	200.0000	0.0000	108.8409
155	200.0000	200.0000	0.0000	109.5254
156	200.0000	200.0000	0.0000	110.2262
157	200.0000	200.0000	0.0000	110.9178
158	200.0000	200.0000	0.0000	111.6111
159	200.0000	200.0000	0.0000	112.2987
160	200.0000	200.0000	0.0000	112.9835
161	200.0000	200.0000	0.0000	113.7543
162	200.0000	200.0000	0.0000	114.4876
163	200.0000	200.0000	0.0000	115.1795
164	200.0000	200.0000	0.0000	115.8693
165	200.0000	200.0000	0.0000	116.5571
166	200.0000	200.0000	0.0000	117.2516
167	200.0000	200.0000	0.0000	117.9810
168	200.0000	200.0000	0.0000	118.6678
169	200.0000	200.0000	0.0000	119.3576
170	200.0000	200.0000	0.0000	120.0697
171	200.0000	200.0000	0.0000	120.7695
172	200.0000	200.0000	0.0000	121.4521
173	200.0000	200.0000	0.0000	122.1399
174	200.0000	200.0000	0.0000	122.8235
175	200.0000	200.0000	0.0000	123.5549
176	200.0000	200.0000	0.0000	124.2626
177	200.0000	200.0000	0.0000	124.9750
178	200.0000	200.0000	0.0000	125.6850
179	200.0000	200.0000	0.0000	126.3902
180	200.0000	200.0000	0.0000	127.0850
181	200.0000	200.0000	0.0000	127.8687
182	200.0000	200.0000	0.0000	128.5605
183	200.0000	200.0000	0.0000	129.2481
184	200.0000	200.0000	0.0000	129.9329
185	200.0000	200.0000	0.0000	130.7425
186	200.0000	200.0000	0.0000	131.4435
187	200.0000	200.0000	0.0000	132.1297
188	200.0000	200.0000	0.0000	132.8170
189	200.0000	200.0000	0.0000	133.5022
190	200.0000	200.0000	0.0000	134.1875
191	200.0000	200.0000	0.0000	134.9020
192	200.0000	200.0000	0.0000	135.5901
193	200.0000	200.0000	0.0000	136.2703
194	200.0000	200.0000	0.0000	136.9960
195	200.0000	200.0000	0.0000	137.6777
196	200.0000	200.0000	0.0000	138.3758
197	200.0000	200.0000	0.0000	139.0631
198	200.0000	200.0000	0.0000	139.7488
199	200.0000	200.0000	0.0000	140.4376
Pos: [3.000000010560561, 1.9999999792961785]

Run: 1
Iter	Gbest	AvrFit	Diver	ETime	
0	195.4941	94.0838	1.0000	0.8368
1	195.4941	104.9879	0.9844	1.5502
2	195.4941	128.3184	0.9636	2.2507
3	195.4975	159.9634	0.7514	2.9547
4	199.6693	172.5962	0.8269	3.6542
5	199.6693	176.9561	0.9291	4.3576
6	199.6693	178.3074	0.9753	5.0921
7	199.6693	183.1506	0.9080	5.7867
8	199.6693	191.3530	0.8346	6.4864
9	199.6693	193.3298	0.7288	7.2312
10	199.7282	194.1349	0.7117	7.9374
11	199.7282	194.9539	0.6185	8.6761
12	199.7426	196.3645	0.5950	9.6569
13	199.7828	197.2589	0.5948	10.6394
14	199.8942	197.9951	0.5657	11.3816
15	199.9625	198.1639	0.5499	12.4373
16	199.9625	198.5606	0.5491	13.2232
17	199.9625	198.5740	0.4041	13.9194
18	199.9625	199.3091	0.1676	14.6339
19	199.9625	199.6474	0.0642	15.3742
20	199.9808	199.7751	0.0528	16.1304
21	199.9994	199.8771	0.0368	17.4849
22	199.9994	199.9372	0.0250	18.9917
23	199.9994	199.9600	0.0223	20.4625
24	199.9994	199.9715	0.0184	21.2047
25	199.9994	199.9804	0.0180	21.8875
26	199.9995	199.9835	0.0161	22.5849
27	199.9995	199.9896	0.0123	23.3245
28	199.9999	199.9942	0.0100	24.0033
29	199.9999	199.9964	0.0076	24.7040
30	199.9999	199.9984	0.0056	25.5585
31	200.0000	199.9988	0.0040	26.3326
32	200.0000	199.9992	0.0038	27.0832
33	200.0000	199.9995	0.0027	27.7672
34	200.0000	199.9997	0.0024	28.7313
35	200.0000	199.9998	0.0017	29.4182
36	200.0000	199.9999	0.0017	30.1178
37	200.0000	199.9999	0.0013	30.8061
38	200.0000	200.0000	0.0011	31.4918
39	200.0000	200.0000	0.0009	32.1746
40	200.0000	200.0000	0.0007	32.9304
41	200.0000	200.0000	0.0006	33.9265
42	200.0000	200.0000	0.0005	34.6212
43	200.0000	200.0000	0.0005	35.3060
44	200.0000	200.0000	0.0003	36.0301
45	200.0000	200.0000	0.0003	36.7641
46	200.0000	200.0000	0.0003	37.5240
47	200.0000	200.0000	0.0002	38.2242
48	200.0000	200.0000	0.0002	38.9223
49	200.0000	200.0000	0.0001	39.6593
50	200.0000	200.0000	0.0001	40.3662
51	200.0000	200.0000	0.0001	41.1179
52	200.0000	200.0000	0.0001	41.8184
53	200.0000	200.0000	0.0001	42.5165
54	200.0000	200.0000	0.0001	43.2391
55	200.0000	200.0000	0.0000	43.9603
56	200.0000	200.0000	0.0000	44.7211
57	200.0000	200.0000	0.0000	45.4316
58	200.0000	200.0000	0.0000	46.1471
59	200.0000	200.0000	0.0000	46.8502
60	200.0000	200.0000	0.0000	47.5497
61	200.0000	200.0000	0.0000	48.2795
62	200.0000	200.0000	0.0000	49.0086
63	200.0000	200.0000	0.0000	49.7279
64	200.0000	200.0000	0.0000	50.6172
65	200.0000	200.0000	0.0000	51.3265
66	200.0000	200.0000	0.0000	52.0172
67	200.0000	200.0000	0.0000	52.7582
68	200.0000	200.0000	0.0000	53.4472
69	200.0000	200.0000	0.0000	54.1313
70	200.0000	200.0000	0.0000	54.8120
71	200.0000	200.0000	0.0000	55.5079
72	200.0000	200.0000	0.0000	56.1852
73	200.0000	200.0000	0.0000	56.8910
74	200.0000	200.0000	0.0000	57.5662
75	200.0000	200.0000	0.0000	58.2569
76	200.0000	200.0000	0.0000	58.9626
77	200.0000	200.0000	0.0000	59.6442
78	200.0000	200.0000	0.0000	60.3225
79	200.0000	200.0000	0.0000	61.0077
80	200.0000	200.0000	0.0000	61.6882
81	200.0000	200.0000	0.0000	62.5408
82	200.0000	200.0000	0.0000	63.4403
83	200.0000	200.0000	0.0000	64.1448
84	200.0000	200.0000	0.0000	64.9331
85	200.0000	200.0000	0.0000	65.6433
86	200.0000	200.0000	0.0000	66.3707
87	200.0000	200.0000	0.0000	67.3075
88	200.0000	200.0000	0.0000	68.0239
89	200.0000	200.0000	0.0000	68.7246
90	200.0000	200.0000	0.0000	69.4342
91	200.0000	200.0000	0.0000	70.1585
92	200.0000	200.0000	0.0000	70.8733
93	200.0000	200.0000	0.0000	71.5611
94	200.0000	200.0000	0.0000	72.2516
95	200.0000	200.0000	0.0000	72.9487
96	200.0000	200.0000	0.0000	73.6747
97	200.0000	200.0000	0.0000	74.3990
98	200.0000	200.0000	0.0000	75.0952
99	200.0000	200.0000	0.0000	75.7852
100	200.0000	200.0000	0.0000	76.4804
101	200.0000	200.0000	0.0000	77.1992
102	200.0000	200.0000	0.0000	77.8854
103	200.0000	200.0000	0.0000	78.5758
104	200.0000	200.0000	0.0000	79.2670
105	200.0000	200.0000	0.0000	79.9520
106	200.0000	200.0000	0.0000	80.6556
107	200.0000	200.0000	0.0000	81.3406
108	200.0000	200.0000	0.0000	82.0270
109	200.0000	200.0000	0.0000	82.7155
110	200.0000	200.0000	0.0000	83.6489
111	200.0000	200.0000	0.0000	84.3801
112	200.0000	200.0000	0.0000	85.0792
113	200.0000	200.0000	0.0000	85.7668
114	200.0000	200.0000	0.0000	86.4577
115	200.0000	200.0000	0.0000	87.1441
116	200.0000	200.0000	0.0000	87.8417
117	200.0000	200.0000	0.0000	88.5284
118	200.0000	200.0000	0.0000	89.2169
119	200.0000	200.0000	0.0000	89.9014
120	200.0000	200.0000	0.0000	90.5902
121	200.0000	200.0000	0.0000	91.2893
122	200.0000	200.0000	0.0000	91.9743
123	200.0000	200.0000	0.0000	92.6640
124	200.0000	200.0000	0.0000	93.3502
125	200.0000	200.0000	0.0000	94.0671
126	200.0000	200.0000	0.0000	94.7766
127	200.0000	200.0000	0.0000	95.4680
128	200.0000	200.0000	0.0000	96.1568
129	200.0000	200.0000	0.0000	96.8494
130	200.0000	200.0000	0.0000	97.5401
131	200.0000	200.0000	0.0000	98.2399
132	200.0000	200.0000	0.0000	98.9249
133	200.0000	200.0000	0.0000	99.6168
134	200.0000	200.0000	0.0000	100.5490
135	200.0000	200.0000	0.0000	101.2468
136	200.0000	200.0000	0.0000	101.9464
137	200.0000	200.0000	0.0000	102.6292
138	200.0000	200.0000	0.0000	103.3151
139	200.0000	200.0000	0.0000	104.0239
140	200.0000	200.0000	0.0000	104.7549
141	200.0000	200.0000	0.0000	105.4573
142	200.0000	200.0000	0.0000	106.1461
143	200.0000	200.0000	0.0000	106.8337
144	200.0000	200.0000	0.0000	107.5222
145	200.0000	200.0000	0.0000	108.2122
146	200.0000	200.0000	0.0000	108.9170
147	200.0000	200.0000	0.0000	109.6072
148	200.0000	200.0000	0.0000	110.2943
149	200.0000	200.0000	0.0000	110.9807
150	200.0000	200.0000	0.0000	111.6657
151	200.0000	200.0000	0.0000	112.3767
152	200.0000	200.0000	0.0000	113.0729
153	200.0000	200.0000	0.0000	113.7578
154	200.0000	200.0000	0.0000	114.4814
155	200.0000	200.0000	0.0000	115.1690
156	200.0000	200.0000	0.0000	115.8683
157	200.0000	200.0000	0.0000	116.7133
158	200.0000	200.0000	0.0000	117.4686
159	200.0000	200.0000	0.0000	118.1600
160	200.0000	200.0000	0.0000	118.8502
161	200.0000	200.0000	0.0000	119.5488
162	200.0000	200.0000	0.0000	120.2385
163	200.0000	200.0000	0.0000	120.9347
164	200.0000	200.0000	0.0000	121.6190
165	200.0000	200.0000	0.0000	122.3006
166	200.0000	200.0000	0.0000	122.9980
167	200.0000	200.0000	0.0000	123.7614
168	200.0000	200.0000	0.0000	124.4481
169	200.0000	200.0000	0.0000	125.1388
170	200.0000	200.0000	0.0000	125.8273
171	200.0000	200.0000	0.0000	126.5230
172	200.0000	200.0000	0.0000	127.2113
173	200.0000	200.0000	0.0000	127.9039
174	200.0000	200.0000	0.0000	128.6016
175	200.0000	200.0000	0.0000	129.2875
176	200.0000	200.0000	0.0000	129.9963
177	200.0000	200.0000	0.0000	130.6891
178	200.0000	200.0000	0.0000	131.3753
179	200.0000	200.0000	0.0000	132.0646
180	200.0000	200.0000	0.0000	132.7569
181	200.0000	200.0000	0.0000	133.7206
182	200.0000	200.0000	0.0000	134.4202
183	200.0000	200.0000	0.0000	135.1147
184	200.0000	200.0000	0.0000	135.8020
185	200.0000	200.0000	0.0000	136.4961
186	200.0000	200.0000	0.0000	137.2042
187	200.0000	200.0000	0.0000	137.8982
188	200.0000	200.0000	0.0000	138.5827
189	200.0000	200.0000	0.0000	139.2708
190	200.0000	200.0000	0.0000	139.9579
191	200.0000	200.0000	0.0000	140.6584
192	200.0000	200.0000	0.0000	141.3493
193	200.0000	200.0000	0.0000	142.0372
194	200.0000	200.0000	0.0000	142.7991
195	200.0000	200.0000	0.0000	143.4939
196	200.0000	200.0000	0.0000	144.1975
197	200.0000	200.0000	0.0000	144.8882
198	200.0000	200.0000	0.0000	145.5812
199	200.0000	200.0000	0.0000	146.2691
Pos: [3.0000000047856314, 1.9999999806747433]

Run: 2
Iter	Gbest	AvrFit	Diver	ETime	
0	199.1893	95.6656	1.0000	0.8457
1	199.1893	140.0439	1.0000	1.5523
2	199.1893	156.3138	0.8974	2.2464
3	199.1893	175.4354	1.0000	3.0844
4	199.1893	181.0955	1.0000	3.8152
5	199.1893	182.1490	0.9426	4.5111
6	199.1893	183.5897	0.9761	5.2178
7	199.1893	185.1361	0.9562	5.9297
8	199.1893	186.1431	0.9584	6.6442
9	199.1893	187.0244	0.9710	7.3574
10	199.9478	188.9237	0.8730	8.0559
11	199.9478	189.5012	0.8676	8.7812
12	199.9478	191.5140	0.6947	9.4781
13	199.9478	192.4507	0.6803	10.2420
14	199.9478	193.4179	0.6802	10.9379
15	199.9478	194.1878	0.6921	12.0351
16	199.9478	194.3685	0.6963	12.7532
17	199.9478	195.6383	0.6643	13.4556
18	199.9859	196.4015	0.6551	14.1573
19	199.9859	196.6205	0.6551	15.0366
20	199.9859	196.8631	0.6425	16.4766
21	199.9859	197.3871	0.6441	17.8313
22	199.9859	197.5676	0.6341	19.1941
23	199.9859	197.7271	0.5478	20.6263
24	199.9859	198.1167	0.5475	22.0585
25	199.9859	198.6869	0.4339	23.3479
26	199.9985	199.2132	0.2978	24.0715
27	199.9985	199.6089	0.1725	24.7612
28	199.9985	199.7249	0.1643	25.5258
29	199.9985	199.8665	0.0423	26.3128
30	199.9985	199.9022	0.0377	27.0655
31	199.9997	199.9371	0.0275	27.9963
32	199.9998	199.9572	0.0235	28.8703
33	199.9998	199.9700	0.0177	29.5568
34	199.9998	199.9799	0.0135	30.2358
35	199.9998	199.9875	0.0105	30.9236
36	199.9998	199.9894	0.0086	31.6682
37	200.0000	199.9966	0.0070	32.3691
38	200.0000	199.9979	0.0050	33.1151
39	200.0000	199.9986	0.0037	33.8194
40	200.0000	199.9991	0.0030	34.5206
41	200.0000	199.9995	0.0021	35.2292
42	200.0000	199.9996	0.0024	36.0107
43	200.0000	199.9998	0.0018	36.7410
44	200.0000	199.9999	0.0013	37.4415
45	200.0000	199.9999	0.0009	38.1455
46	200.0000	199.9999	0.0008	38.8818
47	200.0000	200.0000	0.0006	39.6104
48	200.0000	200.0000	0.0004	40.3140
49	200.0000	200.0000	0.0003	41.0106
50	200.0000	200.0000	0.0002	41.7116
51	200.0000	200.0000	0.0002	42.4457
52	200.0000	200.0000	0.0001	43.1235
53	200.0000	200.0000	0.0001	43.8402
54	200.0000	200.0000	0.0001	44.5158
55	200.0000	200.0000	0.0001	45.1956
56	200.0000	200.0000	0.0001	45.8901
57	200.0000	200.0000	0.0000	46.5901
58	200.0000	200.0000	0.0000	47.3392
59	200.0000	200.0000	0.0000	48.0268
60	200.0000	200.0000	0.0000	48.7480
61	200.0000	200.0000	0.0000	49.4399
62	200.0000	200.0000	0.0000	50.1199
63	200.0000	200.0000	0.0000	50.8211
64	200.0000	200.0000	0.0000	51.5394
65	200.0000	200.0000	0.0000	52.2404
66	200.0000	200.0000	0.0000	53.0581
67	200.0000	200.0000	0.0000	53.7410
68	200.0000	200.0000	0.0000	54.4200
69	200.0000	200.0000	0.0000	55.0947
70	200.0000	200.0000	0.0000	55.8009
71	200.0000	200.0000	0.0000	56.5059
72	200.0000	200.0000	0.0000	57.2159
73	200.0000	200.0000	0.0000	57.9653
74	200.0000	200.0000	0.0000	58.6383
75	200.0000	200.0000	0.0000	59.3870
76	200.0000	200.0000	0.0000	60.0886
77	200.0000	200.0000	0.0000	60.7684
78	200.0000	200.0000	0.0000	61.4519
79	200.0000	200.0000	0.0000	62.1345
80	200.0000	200.0000	0.0000	62.8097
81	200.0000	200.0000	0.0000	63.5290
82	200.0000	200.0000	0.0000	64.2068
83	200.0000	200.0000	0.0000	64.9076
84	200.0000	200.0000	0.0000	65.6068
85	200.0000	200.0000	0.0000	66.3030
86	200.0000	200.0000	0.0000	66.9937
87	200.0000	200.0000	0.0000	67.7195
88	200.0000	200.0000	0.0000	68.4042
89	200.0000	200.0000	0.0000	69.1268
90	200.0000	200.0000	0.0000	69.9003
91	200.0000	200.0000	0.0000	70.5981
92	200.0000	200.0000	0.0000	71.2917
93	200.0000	200.0000	0.0000	72.0005
94	200.0000	200.0000	0.0000	72.6888
95	200.0000	200.0000	0.0000	73.3972
96	200.0000	200.0000	0.0000	74.1062
97	200.0000	200.0000	0.0000	74.8158
98	200.0000	200.0000	0.0000	75.5413
99	200.0000	200.0000	0.0000	76.2839
100	200.0000	200.0000	0.0000	76.9866
101	200.0000	200.0000	0.0000	77.7478
102	200.0000	200.0000	0.0000	78.4354
103	200.0000	200.0000	0.0000	79.1247
104	200.0000	200.0000	0.0000	79.8721
105	200.0000	200.0000	0.0000	80.5593
106	200.0000	200.0000	0.0000	81.2581
107	200.0000	200.0000	0.0000	81.9445
108	200.0000	200.0000	0.0000	82.6311
109	200.0000	200.0000	0.0000	83.3182
110	200.0000	200.0000	0.0000	84.0039
111	200.0000	200.0000	0.0000	84.7228
112	200.0000	200.0000	0.0000	85.4213
113	200.0000	200.0000	0.0000	86.2052
114	200.0000	200.0000	0.0000	86.9384
115	200.0000	200.0000	0.0000	87.6443
116	200.0000	200.0000	0.0000	88.3677
117	200.0000	200.0000	0.0000	89.0725
118	200.0000	200.0000	0.0000	89.7822
119	200.0000	200.0000	0.0000	90.5058
120	200.0000	200.0000	0.0000	91.2089
121	200.0000	200.0000	0.0000	91.9337
122	200.0000	200.0000	0.0000	92.6833
123	200.0000	200.0000	0.0000	93.3878
124	200.0000	200.0000	0.0000	94.0928
125	200.0000	200.0000	0.0000	94.7976
126	200.0000	200.0000	0.0000	95.5279
127	200.0000	200.0000	0.0000	96.2338
128	200.0000	200.0000	0.0000	97.0018
129	200.0000	200.0000	0.0000	97.6899
130	200.0000	200.0000	0.0000	98.3751
131	200.0000	200.0000	0.0000	99.0756
132	200.0000	200.0000	0.0000	99.7846
133	200.0000	200.0000	0.0000	100.4944
134	200.0000	200.0000	0.0000	101.1989
135	200.0000	200.0000	0.0000	101.8810
136	200.0000	200.0000	0.0000	102.6464
137	200.0000	200.0000	0.0000	103.4017
138	200.0000	200.0000	0.0000	104.1110
139	200.0000	200.0000	0.0000	104.8141
140	200.0000	200.0000	0.0000	105.5193
141	200.0000	200.0000	0.0000	106.2646
142	200.0000	200.0000	0.0000	106.9891
143	200.0000	200.0000	0.0000	107.6975
144	200.0000	200.0000	0.0000	108.4039
145	200.0000	200.0000	0.0000	109.1313
146	200.0000	200.0000	0.0000	109.8537
147	200.0000	200.0000	0.0000	110.5564
148	200.0000	200.0000	0.0000	111.2647
149	200.0000	200.0000	0.0000	111.9788
150	200.0000	200.0000	0.0000	112.6869
151	200.0000	200.0000	0.0000	113.4107
152	200.0000	200.0000	0.0000	114.1136
153	200.0000	200.0000	0.0000	114.8293
154	200.0000	200.0000	0.0000	115.5529
155	200.0000	200.0000	0.0000	116.2825
156	200.0000	200.0000	0.0000	116.9820
157	200.0000	200.0000	0.0000	117.6708
158	200.0000	200.0000	0.0000	118.3519
159	200.0000	200.0000	0.0000	119.0722
160	200.0000	200.0000	0.0000	119.8528
161	200.0000	200.0000	0.0000	120.5723
162	200.0000	200.0000	0.0000	121.2773
163	200.0000	200.0000	0.0000	122.0031
164	200.0000	200.0000	0.0000	122.7047
165	200.0000	200.0000	0.0000	123.4388
166	200.0000	200.0000	0.0000	124.1760
167	200.0000	200.0000	0.0000	124.9003
168	200.0000	200.0000	0.0000	125.6421
169	200.0000	200.0000	0.0000	126.3523
170	200.0000	200.0000	0.0000	127.0390
171	200.0000	200.0000	0.0000	127.7392
172	200.0000	200.0000	0.0000	128.4246
173	200.0000	200.0000	0.0000	129.1070
174	200.0000	200.0000	0.0000	129.7932
175	200.0000	200.0000	0.0000	130.4822
176	200.0000	200.0000	0.0000	131.1884
177	200.0000	200.0000	0.0000	131.8812
178	200.0000	200.0000	0.0000	132.5638
179	200.0000	200.0000	0.0000	133.2519
180	200.0000	200.0000	0.0000	133.9340
181	200.0000	200.0000	0.0000	134.6488
182	200.0000	200.0000	0.0000	135.3781
183	200.0000	200.0000	0.0000	136.1890
184	200.0000	200.0000	0.0000	136.8885
185	200.0000	200.0000	0.0000	137.5771
186	200.0000	200.0000	0.0000	138.2759
187	200.0000	200.0000	0.0000	138.9616
188	200.0000	200.0000	0.0000	139.6558
189	200.0000	200.0000	0.0000	140.3754
190	200.0000	200.0000	0.0000	141.0809
191	200.0000	200.0000	0.0000	141.8233
192	200.0000	200.0000	0.0000	142.5679
193	200.0000	200.0000	0.0000	143.4872
194	200.0000	200.0000	0.0000	144.3129
195	200.0000	200.0000	0.0000	145.0045
196	200.0000	200.0000	0.0000	145.7086
197	200.0000	200.0000	0.0000	146.4238
198	200.0000	200.0000	0.0000	147.1503
199	200.0000	200.0000	0.0000	147.8684
Pos: [3.000000004280045, 1.999999998387087]

Run: 3
Iter	Gbest	AvrFit	Diver	ETime	
0	164.9840	-100.4001	1.0000	0.8094
1	198.0611	-11.5955	0.9120	1.5230
2	198.0611	74.9573	0.8793	2.2585
3	198.0611	120.7316	0.7508	2.9657
4	198.0611	152.5681	0.6737	3.6695
5	198.6595	158.6239	0.6767	4.3719
6	198.6595	172.0570	0.6084	5.0857
7	199.8250	177.1044	0.5134	5.7831
8	199.8350	185.9104	0.3560	6.5091
9	199.8350	190.1479	0.3291	7.2103
10	199.8350	190.8811	0.3283	7.9083
11	199.8350	193.3666	0.2812	8.6186
12	199.9226	196.9516	0.2241	9.3353
13	199.9865	197.7301	0.2016	10.1094
14	199.9865	198.4993	0.1050	10.8204
15	199.9973	199.1441	0.0872	11.8482
16	199.9973	199.2816	0.0875	12.5751
17	199.9973	199.7275	0.0640	13.2821
18	199.9973	199.8398	0.0434	14.0061
19	199.9973	199.8747	0.0371	14.8523
20	199.9987	199.9393	0.0277	15.6114
21	199.9995	199.9674	0.0199	16.3832
22	199.9995	199.9755	0.0165	17.1468
23	199.9997	199.9795	0.0166	17.9052
24	199.9997	199.9869	0.0136	18.6334
25	199.9998	199.9905	0.0116	19.3498
26	199.9998	199.9942	0.0088	20.0889
27	199.9998	199.9964	0.0066	20.8228
28	199.9999	199.9974	0.0057	21.5461
29	199.9999	199.9980	0.0050	22.2576
30	200.0000	199.9982	0.0047	22.9409
31	200.0000	199.9984	0.0042	23.6359
32	200.0000	199.9988	0.0034	24.3182
33	200.0000	199.9996	0.0024	25.0211
34	200.0000	199.9996	0.0021	25.8420
35	200.0000	199.9997	0.0018	26.5915
36	200.0000	199.9998	0.0015	27.4413
37	200.0000	199.9999	0.0010	28.3101
38	200.0000	200.0000	0.0007	28.9977
39	200.0000	200.0000	0.0006	29.6755
40	200.0000	200.0000	0.0003	30.4165
41	200.0000	200.0000	0.0003	31.2164
42	200.0000	200.0000	0.0002	31.9195
43	200.0000	200.0000	0.0002	32.6593
44	200.0000	200.0000	0.0002	33.3819
45	200.0000	200.0000	0.0001	34.1189
46	200.0000	200.0000	0.0001	34.8647
47	200.0000	200.0000	0.0001	35.5673
48	200.0000	200.0000	0.0000	36.2551
49	200.0000	200.0000	0.0000	36.9833
50	200.0000	200.0000	0.0000	37.6875
51	200.0000	200.0000	0.0000	38.4395
52	200.0000	200.0000	0.0000	39.1374
53	200.0000	200.0000	0.0000	39.8340
54	200.0000	200.0000	0.0000	40.5340
55	200.0000	200.0000	0.0000	41.2362
56	200.0000	200.0000	0.0000	41.9905
57	200.0000	200.0000	0.0000	42.7144
58	200.0000	200.0000	0.0000	43.4382
59	200.0000	200.0000	0.0000	44.1585
60	200.0000	200.0000	0.0000	44.9078
61	200.0000	200.0000	0.0000	45.6405
62	200.0000	200.0000	0.0000	46.3717
63	200.0000	200.0000	0.0000	47.0705
64	200.0000	200.0000	0.0000	47.8494
65	200.0000	200.0000	0.0000	48.5566
66	200.0000	200.0000	0.0000	49.2518
67	200.0000	200.0000	0.0000	49.9330
68	200.0000	200.0000	0.0000	50.6518
69	200.0000	200.0000	0.0000	51.3530
70	200.0000	200.0000	0.0000	52.0797
71	200.0000	200.0000	0.0000	52.7923
72	200.0000	200.0000	0.0000	53.4816
73	200.0000	200.0000	0.0000	54.1859
74	200.0000	200.0000	0.0000	54.9071
75	200.0000	200.0000	0.0000	55.5935
76	200.0000	200.0000	0.0000	56.3073
77	200.0000	200.0000	0.0000	56.9928
78	200.0000	200.0000	0.0000	57.6720
79	200.0000	200.0000	0.0000	58.3775
80	200.0000	200.0000	0.0000	59.0887
81	200.0000	200.0000	0.0000	59.8078
82	200.0000	200.0000	0.0000	60.4985
83	200.0000	200.0000	0.0000	61.1851
84	200.0000	200.0000	0.0000	61.9197
85	200.0000	200.0000	0.0000	62.6168
86	200.0000	200.0000	0.0000	63.3180
87	200.0000	200.0000	0.0000	64.1141
88	200.0000	200.0000	0.0000	64.8925
89	200.0000	200.0000	0.0000	65.5851
90	200.0000	200.0000	0.0000	66.2770
91	200.0000	200.0000	0.0000	66.9811
92	200.0000	200.0000	0.0000	67.6718
93	200.0000	200.0000	0.0000	68.3627
94	200.0000	200.0000	0.0000	69.0548
95	200.0000	200.0000	0.0000	69.7436
96	200.0000	200.0000	0.0000	70.4501
97	200.0000	200.0000	0.0000	71.1844
98	200.0000	200.0000	0.0000	71.8741
99	200.0000	200.0000	0.0000	72.5613
100	200.0000	200.0000	0.0000	73.2477
101	200.0000	200.0000	0.0000	73.9567
102	200.0000	200.0000	0.0000	74.6431
103	200.0000	200.0000	0.0000	75.3303
104	200.0000	200.0000	0.0000	76.0169
105	200.0000	200.0000	0.0000	76.7059
106	200.0000	200.0000	0.0000	77.4050
107	200.0000	200.0000	0.0000	78.1021
108	200.0000	200.0000	0.0000	78.7892
109	200.0000	200.0000	0.0000	79.4785
110	200.0000	200.0000	0.0000	80.1635
111	200.0000	200.0000	0.0000	81.2023
112	200.0000	200.0000	0.0000	81.9256
113	200.0000	200.0000	0.0000	82.6309
114	200.0000	200.0000	0.0000	83.3209
115	200.0000	200.0000	0.0000	84.0092
116	200.0000	200.0000	0.0000	84.7135
117	200.0000	200.0000	0.0000	85.4030
118	200.0000	200.0000	0.0000	86.0932
119	200.0000	200.0000	0.0000	86.7832
120	200.0000	200.0000	0.0000	87.4712
121	200.0000	200.0000	0.0000	88.1739
122	200.0000	200.0000	0.0000	88.8572
123	200.0000	200.0000	0.0000	89.5457
124	200.0000	200.0000	0.0000	90.2398
125	200.0000	200.0000	0.0000	90.9336
126	200.0000	200.0000	0.0000	91.6426
127	200.0000	200.0000	0.0000	92.3324
128	200.0000	200.0000	0.0000	93.0238
129	200.0000	200.0000	0.0000	93.7107
130	200.0000	200.0000	0.0000	94.4052
131	200.0000	200.0000	0.0000	95.1092
132	200.0000	200.0000	0.0000	95.7961
133	200.0000	200.0000	0.0000	96.4856
134	200.0000	200.0000	0.0000	97.1730
135	200.0000	200.0000	0.0000	98.0122
136	200.0000	200.0000	0.0000	98.7105
137	200.0000	200.0000	0.0000	99.4034
138	200.0000	200.0000	0.0000	100.2116
139	200.0000	200.0000	0.0000	100.9457
140	200.0000	200.0000	0.0000	101.6386
141	200.0000	200.0000	0.0000	102.3471
142	200.0000	200.0000	0.0000	103.0366
143	200.0000	200.0000	0.0000	103.7316
144	200.0000	200.0000	0.0000	104.4188
145	200.0000	200.0000	0.0000	105.1068
146	200.0000	200.0000	0.0000	105.8073
147	200.0000	200.0000	0.0000	106.4973
148	200.0000	200.0000	0.0000	107.1906
149	200.0000	200.0000	0.0000	107.8866
150	200.0000	200.0000	0.0000	108.5722
151	200.0000	200.0000	0.0000	109.2780
152	200.0000	200.0000	0.0000	109.9684
153	200.0000	200.0000	0.0000	110.6672
154	200.0000	200.0000	0.0000	111.3560
155	200.0000	200.0000	0.0000	112.0467
156	200.0000	200.0000	0.0000	112.7462
157	200.0000	200.0000	0.0000	113.4286
158	200.0000	200.0000	0.0000	114.3003
159	200.0000	200.0000	0.0000	115.0346
160	200.0000	200.0000	0.0000	115.7207
161	200.0000	200.0000	0.0000	116.4207
162	200.0000	200.0000	0.0000	117.1095
163	200.0000	200.0000	0.0000	117.7950
164	200.0000	200.0000	0.0000	118.4866
165	200.0000	200.0000	0.0000	119.1804
166	200.0000	200.0000	0.0000	119.8785
167	200.0000	200.0000	0.0000	120.7368
168	200.0000	200.0000	0.0000	121.4292
169	200.0000	200.0000	0.0000	122.1211
170	200.0000	200.0000	0.0000	122.8139
171	200.0000	200.0000	0.0000	123.5366
172	200.0000	200.0000	0.0000	124.2313
173	200.0000	200.0000	0.0000	124.9232
174	200.0000	200.0000	0.0000	125.6151
175	200.0000	200.0000	0.0000	126.3065
176	200.0000	200.0000	0.0000	127.0139
177	200.0000	200.0000	0.0000	127.7008
178	200.0000	200.0000	0.0000	128.3889
179	200.0000	200.0000	0.0000	129.0751
180	200.0000	200.0000	0.0000	129.7617
181	200.0000	200.0000	0.0000	130.4667
182	200.0000	200.0000	0.0000	131.3186
183	200.0000	200.0000	0.0000	132.0078
184	200.0000	200.0000	0.0000	132.6969
185	200.0000	200.0000	0.0000	133.3790
186	200.0000	200.0000	0.0000	134.0752
187	200.0000	200.0000	0.0000	134.7713
188	200.0000	200.0000	0.0000	135.4620
189	200.0000	200.0000	0.0000	136.1463
190	200.0000	200.0000	0.0000	136.8353
191	200.0000	200.0000	0.0000	137.5334
192	200.0000	200.0000	0.0000	138.2256
193	200.0000	200.0000	0.0000	138.9194
194	200.0000	200.0000	0.0000	139.8320
195	200.0000	200.0000	0.0000	140.5354
196	200.0000	200.0000	0.0000	141.2401
197	200.0000	200.0000	0.0000	141.9325
198	200.0000	200.0000	0.0000	142.6282
199	200.0000	200.0000	0.0000	143.3194
Pos: [3.000000001200383, 2.0000000235543434]

Run: 4
Iter	Gbest	AvrFit	Diver	ETime	
0	184.6784	3.6039	1.0000	0.8163
1	191.7942	101.4704	0.9003	1.5266
2	191.7942	116.1933	0.9035	2.2504
3	199.4190	128.9856	0.8748	2.9523
4	199.4190	146.6525	0.8134	3.6511
5	199.4190	168.8579	0.9174	4.3738
6	199.4190	171.5871	0.9744	5.1072
7	199.4190	180.1895	0.8635	5.8076
8	199.4982	182.0765	0.8646	6.5243
9	199.4982	185.4556	0.8032	7.2274
10	199.4982	185.5351	0.7706	7.9269
11	199.8267	194.0021	0.7192	8.6658
12	199.8267	196.8599	0.7878	9.3660
13	199.8267	197.0336	0.7146	10.2162
14	199.8267	197.2875	0.7131	10.9243
15	199.9126	197.4149	0.7220	11.9498
16	199.9126	198.3232	0.7075	12.7220
17	199.9126	198.4333	0.7065	13.4223
18	199.9126	198.5425	0.6231	14.2250
19	199.9126	198.6690	0.6271	14.9741
20	199.9719	198.6758	0.6271	15.7518
21	199.9719	198.7629	0.6274	16.5403
22	199.9719	198.8680	0.7019	17.2629
23	199.9719	198.9861	0.7028	17.9846
24	199.9719	199.0389	0.6967	18.7039
25	199.9727	199.0712	0.7450	19.4213
26	199.9727	199.1087	0.7204	20.1647
27	199.9727	199.1603	0.7210	20.8805
28	199.9727	199.3633	0.6405	21.5998
29	199.9727	199.4020	0.6383	22.3258
30	199.9727	199.4315	0.6374	23.0448
31	199.9996	199.5353	0.5045	23.7784
32	199.9996	199.7220	0.3712	24.4973
33	199.9996	199.8212	0.4293	25.1980
34	199.9996	199.8665	0.4262	25.9967
35	199.9996	199.8702	0.4254	26.7367
36	199.9996	199.8811	0.4256	27.4830
37	199.9996	199.8988	0.4245	28.4753
38	199.9999	199.9290	0.2857	29.1872
39	199.9999	199.9515	0.2799	29.8891
40	199.9999	199.9751	0.1485	30.5905
41	200.0000	199.9805	0.1462	31.3306
42	200.0000	199.9868	0.1422	32.0580
43	200.0000	199.9943	0.0071	32.8252
44	200.0000	199.9986	0.0043	33.6645
45	200.0000	199.9989	0.0042	34.4484
46	200.0000	199.9992	0.0030	35.2631
47	200.0000	199.9994	0.0024	36.0024
48	200.0000	199.9996	0.0019	36.7880
49	200.0000	199.9998	0.0014	37.4885
50	200.0000	199.9999	0.0012	38.1873
51	200.0000	199.9999	0.0010	38.9433
52	200.0000	199.9999	0.0007	39.6495
53	200.0000	200.0000	0.0005	40.3800
54	200.0000	200.0000	0.0004	41.0845
55	200.0000	200.0000	0.0003	41.7831
56	200.0000	200.0000	0.0003	42.4957
57	200.0000	200.0000	0.0002	43.1941
58	200.0000	200.0000	0.0002	43.9165
59	200.0000	200.0000	0.0001	44.6441
60	200.0000	200.0000	0.0001	45.3432
61	200.0000	200.0000	0.0001	46.0551
62	200.0000	200.0000	0.0001	46.7541
63	200.0000	200.0000	0.0000	47.4660
64	200.0000	200.0000	0.0000	48.2094
65	200.0000	200.0000	0.0000	48.9175
66	200.0000	200.0000	0.0000	49.7873
67	200.0000	200.0000	0.0000	50.4687
68	200.0000	200.0000	0.0000	51.1534
69	200.0000	200.0000	0.0000	51.8336
70	200.0000	200.0000	0.0000	52.7124
71	200.0000	200.0000	0.0000	53.4394
72	200.0000	200.0000	0.0000	54.1186
73	200.0000	200.0000	0.0000	54.8005
74	200.0000	200.0000	0.0000	55.5058
75	200.0000	200.0000	0.0000	56.2093
76	200.0000	200.0000	0.0000	56.9155
77	200.0000	200.0000	0.0000	57.6024
78	200.0000	200.0000	0.0000	58.2843
79	200.0000	200.0000	0.0000	58.9671
80	200.0000	200.0000	0.0000	59.6480
81	200.0000	200.0000	0.0000	60.3826
82	200.0000	200.0000	0.0000	61.1203
83	200.0000	200.0000	0.0000	61.8172
84	200.0000	200.0000	0.0000	62.5176
85	200.0000	200.0000	0.0000	63.2024
86	200.0000	200.0000	0.0000	63.8990
87	200.0000	200.0000	0.0000	64.5919
88	200.0000	200.0000	0.0000	65.2802
89	200.0000	200.0000	0.0000	66.1299
90	200.0000	200.0000	0.0000	66.8349
91	200.0000	200.0000	0.0000	67.5347
92	200.0000	200.0000	0.0000	68.2287
93	200.0000	200.0000	0.0000	68.9414
94	200.0000	200.0000	0.0000	69.6306
95	200.0000	200.0000	0.0000	70.3595
96	200.0000	200.0000	0.0000	71.0819
97	200.0000	200.0000	0.0000	71.9352
98	200.0000	200.0000	0.0000	72.6812
99	200.0000	200.0000	0.0000	73.3888
100	200.0000	200.0000	0.0000	74.1010
101	200.0000	200.0000	0.0000	74.8148
102	200.0000	200.0000	0.0000	75.5062
103	200.0000	200.0000	0.0000	76.1993
104	200.0000	200.0000	0.0000	76.8907
105	200.0000	200.0000	0.0000	77.5809
106	200.0000	200.0000	0.0000	78.2835
107	200.0000	200.0000	0.0000	78.9771
108	200.0000	200.0000	0.0000	79.6692
109	200.0000	200.0000	0.0000	80.3719
110	200.0000	200.0000	0.0000	81.0757
111	200.0000	200.0000	0.0000	81.8090
112	200.0000	200.0000	0.0000	82.5884
113	200.0000	200.0000	0.0000	83.3788
114	200.0000	200.0000	0.0000	84.0724
115	200.0000	200.0000	0.0000	84.7619
116	200.0000	200.0000	0.0000	85.4657
117	200.0000	200.0000	0.0000	86.1552
118	200.0000	200.0000	0.0000	86.8807
119	200.0000	200.0000	0.0000	87.5823
120	200.0000	200.0000	0.0000	88.2752
121	200.0000	200.0000	0.0000	88.9962
122	200.0000	200.0000	0.0000	89.7512
123	200.0000	200.0000	0.0000	90.4484
124	200.0000	200.0000	0.0000	91.1849
125	200.0000	200.0000	0.0000	91.8763
126	200.0000	200.0000	0.0000	92.6015
127	200.0000	200.0000	0.0000	93.2951
128	200.0000	200.0000	0.0000	94.0053
129	200.0000	200.0000	0.0000	94.7204
130	200.0000	200.0000	0.0000	95.4351
131	200.0000	200.0000	0.0000	96.1437
132	200.0000	200.0000	0.0000	96.8359
133	200.0000	200.0000	0.0000	97.5473
134	200.0000	200.0000	0.0000	98.2449
135	200.0000	200.0000	0.0000	98.9544
136	200.0000	200.0000	0.0000	99.8292
137	200.0000	200.0000	0.0000	100.5371
138	200.0000	200.0000	0.0000	101.2750
139	200.0000	200.0000	0.0000	101.9678
140	200.0000	200.0000	0.0000	102.6576
141	200.0000	200.0000	0.0000	103.3819
142	200.0000	200.0000	0.0000	104.0792
143	200.0000	200.0000	0.0000	104.7959
144	200.0000	200.0000	0.0000	105.5036
145	200.0000	200.0000	0.0000	106.2186
146	200.0000	200.0000	0.0000	106.9252
147	200.0000	200.0000	0.0000	107.6112
148	200.0000	200.0000	0.0000	108.3138
149	200.0000	200.0000	0.0000	109.0105
150	200.0000	200.0000	0.0000	109.7050
151	200.0000	200.0000	0.0000	110.4262
152	200.0000	200.0000	0.0000	111.2247
153	200.0000	200.0000	0.0000	112.0176
154	200.0000	200.0000	0.0000	112.7114
155	200.0000	200.0000	0.0000	113.4293
156	200.0000	200.0000	0.0000	114.1269
157	200.0000	200.0000	0.0000	114.8407
158	200.0000	200.0000	0.0000	115.5517
159	200.0000	200.0000	0.0000	116.4434
160	200.0000	200.0000	0.0000	117.1412
161	200.0000	200.0000	0.0000	117.8622
162	200.0000	200.0000	0.0000	118.6264
163	200.0000	200.0000	0.0000	119.4298
164	200.0000	200.0000	0.0000	120.1634
165	200.0000	200.0000	0.0000	120.8677
166	200.0000	200.0000	0.0000	121.6111
167	200.0000	200.0000	0.0000	122.3321
168	200.0000	200.0000	0.0000	123.0416
169	200.0000	200.0000	0.0000	123.7457
170	200.0000	200.0000	0.0000	124.4380
171	200.0000	200.0000	0.0000	125.1500
172	200.0000	200.0000	0.0000	125.8590
173	200.0000	200.0000	0.0000	126.5633
174	200.0000	200.0000	0.0000	127.2817
175	200.0000	200.0000	0.0000	127.9964
176	200.0000	200.0000	0.0000	128.7270
177	200.0000	200.0000	0.0000	129.4174
178	200.0000	200.0000	0.0000	130.1081
179	200.0000	200.0000	0.0000	130.9500
180	200.0000	200.0000	0.0000	131.6442
181	200.0000	200.0000	0.0000	132.3473
182	200.0000	200.0000	0.0000	133.2140
183	200.0000	200.0000	0.0000	133.9061
184	200.0000	200.0000	0.0000	134.5928
185	200.0000	200.0000	0.0000	135.2866
186	200.0000	200.0000	0.0000	135.9940
187	200.0000	200.0000	0.0000	136.7052
188	200.0000	200.0000	0.0000	137.3959
189	200.0000	200.0000	0.0000	138.0873
190	200.0000	200.0000	0.0000	138.7949
191	200.0000	200.0000	0.0000	139.5452
192	200.0000	200.0000	0.0000	140.4026
193	200.0000	200.0000	0.0000	141.2554
194	200.0000	200.0000	0.0000	141.9559
195	200.0000	200.0000	0.0000	142.6489
196	200.0000	200.0000	0.0000	143.3899
197	200.0000	200.0000	0.0000	144.1903
198	200.0000	200.0000	0.0000	144.9144
199	200.0000	200.0000	0.0000	145.6289
Pos: [3.5844283465909137, -1.8481264991487683]

Run: 5
Iter	Gbest	AvrFit	Diver	ETime	
0	193.2114	89.2543	1.0000	0.8018
1	193.2114	123.8596	1.0000	1.5113
2	193.2114	132.6783	1.0000	2.2664
3	194.6702	160.8498	1.0000	2.9979
4	199.4418	172.0597	0.9681	3.7038
5	199.4418	174.3763	0.9050	4.3957
6	199.4418	180.8910	0.7896	5.1105
7	199.4418	184.3198	0.7716	5.8119
8	199.4418	187.1256	0.7022	6.5355
9	199.4418	187.2928	0.6942	7.2331
10	199.4418	191.4691	0.6044	7.9303
11	199.9195	193.0072	0.5940	8.6410
12	199.9195	193.2896	0.6182	9.3348
13	199.9195	194.0490	0.7119	10.0946
14	199.9195	194.7082	0.7907	10.8292
15	199.9195	195.3595	0.7361	11.5676
16	199.9195	195.8463	0.7281	12.3055
17	199.9429	196.0394	0.7365	13.0110
18	199.9598	196.2054	0.7390	13.7095
19	199.9598	196.3395	0.7315	14.8745
20	199.9962	197.5789	0.8287	16.2985
21	199.9993	198.2040	0.7173	17.7758
22	199.9993	198.3318	0.7169	19.1863
23	199.9993	198.4321	0.6770	20.5045
24	199.9993	199.0795	0.5804	21.2865
25	199.9993	199.0796	0.5804	21.9707
26	199.9993	199.2353	0.5702	22.6903
27	199.9993	199.6471	0.5497	23.3700
28	199.9993	199.7095	0.5409	24.0719
29	199.9996	199.7137	0.5406	24.7490
30	199.9996	199.7156	0.5405	25.4757
31	199.9996	199.7156	0.5405	26.1877
32	199.9996	199.7439	0.5426	26.9220
33	199.9996	199.8714	0.4513	27.6637
34	199.9996	199.8816	0.4524	28.4472
35	199.9996	199.8920	0.4468	29.1269
36	199.9996	199.8932	0.4474	29.8476
37	199.9996	199.9000	0.4457	30.6227
38	199.9996	199.9737	0.4393	31.6844
39	199.9996	199.9751	0.4384	32.3982
40	199.9996	199.9783	0.2970	33.1092
41	199.9996	199.9787	0.3673	33.8240
42	199.9996	199.9789	0.3672	34.5442
43	199.9996	199.9790	0.3673	35.2464
44	199.9996	199.9813	0.3675	35.9442
45	199.9996	199.9826	0.3666	36.6404
46	199.9999	199.9858	0.5062	37.3747
47	199.9999	199.9868	0.5057	38.0759
48	199.9999	199.9879	0.6453	38.7998
49	200.0000	199.9908	0.6445	39.4974
50	200.0000	199.9913	0.6442	40.1959
51	200.0000	199.9914	0.6442	40.9060
52	200.0000	199.9921	0.6433	41.6560
53	200.0000	199.9954	0.5005	42.3894
54	200.0000	199.9967	0.5004	43.1044
55	200.0000	199.9968	0.5004	43.8032
56	200.0000	199.9970	0.5005	44.5125
57	200.0000	199.9972	0.3587	45.2092
58	200.0000	199.9976	0.5000	45.9332
59	200.0000	199.9976	0.5002	46.6678
60	200.0000	199.9990	0.4996	47.3595
61	200.0000	199.9990	0.4997	48.1079
62	200.0000	199.9994	0.3568	48.8031
63	200.0000	199.9995	0.3567	49.4986
64	200.0000	199.9995	0.2146	50.1943
65	200.0000	199.9999	0.2141	50.9150
66	200.0000	199.9999	0.2140	51.6412
67	200.0000	200.0000	0.2138	52.3469
68	200.0000	200.0000	0.2135	53.0460
69	200.0000	200.0000	0.2134	53.7415
70	200.0000	200.0000	0.2134	54.4524
71	200.0000	200.0000	0.2134	55.1586
72	200.0000	200.0000	0.0002	55.8324
73	200.0000	200.0000	0.0001	56.5135
74	200.0000	200.0000	0.0001	57.1978
75	200.0000	200.0000	0.0001	57.8761
76	200.0000	200.0000	0.0001	58.5961
77	200.0000	200.0000	0.0000	59.2752
78	200.0000	200.0000	0.0000	59.9539
79	200.0000	200.0000	0.0000	60.7152
80	200.0000	200.0000	0.0000	61.3987
81	200.0000	200.0000	0.0000	62.0892
82	200.0000	200.0000	0.0000	62.7747
83	200.0000	200.0000	0.0000	63.4501
84	200.0000	200.0000	0.0000	64.1291
85	200.0000	200.0000	0.0000	64.9152
86	200.0000	200.0000	0.0000	65.6033
87	200.0000	200.0000	0.0000	66.2870
88	200.0000	200.0000	0.0000	66.9708
89	200.0000	200.0000	0.0000	67.6558
90	200.0000	200.0000	0.0000	68.3434
91	200.0000	200.0000	0.0000	69.0398
92	200.0000	200.0000	0.0000	69.7215
93	200.0000	200.0000	0.0000	70.4057
94	200.0000	200.0000	0.0000	71.0864
95	200.0000	200.0000	0.0000	71.7671
96	200.0000	200.0000	0.0000	72.4583
97	200.0000	200.0000	0.0000	73.1390
98	200.0000	200.0000	0.0000	73.8201
99	200.0000	200.0000	0.0000	74.5020
100	200.0000	200.0000	0.0000	75.1870
101	200.0000	200.0000	0.0000	75.8853
102	200.0000	200.0000	0.0000	76.5684
103	200.0000	200.0000	0.0000	77.2488
104	200.0000	200.0000	0.0000	77.9669
105	200.0000	200.0000	0.0000	78.6536
106	200.0000	200.0000	0.0000	79.3495
107	200.0000	200.0000	0.0000	80.0297
108	200.0000	200.0000	0.0000	80.8072
109	200.0000	200.0000	0.0000	81.6190
110	200.0000	200.0000	0.0000	82.3059
111	200.0000	200.0000	0.0000	83.0100
112	200.0000	200.0000	0.0000	83.7016
113	200.0000	200.0000	0.0000	84.3899
114	200.0000	200.0000	0.0000	85.0742
115	200.0000	200.0000	0.0000	85.7649
116	200.0000	200.0000	0.0000	86.4639
117	200.0000	200.0000	0.0000	87.1587
118	200.0000	200.0000	0.0000	87.8506
119	200.0000	200.0000	0.0000	88.5422
120	200.0000	200.0000	0.0000	89.2329
121	200.0000	200.0000	0.0000	89.9296
122	200.0000	200.0000	0.0000	90.6203
123	200.0000	200.0000	0.0000	91.3153
124	200.0000	200.0000	0.0000	92.0031
125	200.0000	200.0000	0.0000	92.6921
126	200.0000	200.0000	0.0000	93.3981
127	200.0000	200.0000	0.0000	94.0895
128	200.0000	200.0000	0.0000	94.7819
129	200.0000	200.0000	0.0000	95.4719
130	200.0000	200.0000	0.0000	96.1607
131	200.0000	200.0000	0.0000	96.8630
132	200.0000	200.0000	0.0000	97.5490
133	200.0000	200.0000	0.0000	98.3663
134	200.0000	200.0000	0.0000	99.0551
135	200.0000	200.0000	0.0000	99.7455
136	200.0000	200.0000	0.0000	100.4441
137	200.0000	200.0000	0.0000	101.2280
138	200.0000	200.0000	0.0000	101.9189
139	200.0000	200.0000	0.0000	102.6134
140	200.0000	200.0000	0.0000	103.3037
141	200.0000	200.0000	0.0000	104.0027
142	200.0000	200.0000	0.0000	104.7118
143	200.0000	200.0000	0.0000	105.4015
144	200.0000	200.0000	0.0000	106.0903
145	200.0000	200.0000	0.0000	106.7836
146	200.0000	200.0000	0.0000	107.4903
147	200.0000	200.0000	0.0000	108.1800
148	200.0000	200.0000	0.0000	108.8715
149	200.0000	200.0000	0.0000	109.5624
150	200.0000	200.0000	0.0000	110.2502
151	200.0000	200.0000	0.0000	111.4602
152	200.0000	200.0000	0.0000	112.3199
153	200.0000	200.0000	0.0000	113.0099
154	200.0000	200.0000	0.0000	113.6963
155	200.0000	200.0000	0.0000	114.4276
156	200.0000	200.0000	0.0000	115.2227
157	200.0000	200.0000	0.0000	115.9134
158	200.0000	200.0000	0.0000	116.6019
159	200.0000	200.0000	0.0000	117.2926
160	200.0000	200.0000	0.0000	117.9802
161	200.0000	200.0000	0.0000	118.6829
162	200.0000	200.0000	0.0000	119.3697
163	200.0000	200.0000	0.0000	120.1501
164	200.0000	200.0000	0.0000	120.8458
165	200.0000	200.0000	0.0000	121.5298
166	200.0000	200.0000	0.0000	122.2317
167	200.0000	200.0000	0.0000	122.9224
168	200.0000	200.0000	0.0000	123.6086
169	200.0000	200.0000	0.0000	124.2943
170	200.0000	200.0000	0.0000	124.9809
171	200.0000	200.0000	0.0000	125.6802
172	200.0000	200.0000	0.0000	126.3688
173	200.0000	200.0000	0.0000	127.0642
174	200.0000	200.0000	0.0000	127.7523
175	200.0000	200.0000	0.0000	128.4366
176	200.0000	200.0000	0.0000	129.1413
177	200.0000	200.0000	0.0000	129.8327
178	200.0000	200.0000	0.0000	130.5208
179	200.0000	200.0000	0.0000	131.3403
180	200.0000	200.0000	0.0000	132.0317
181	200.0000	200.0000	0.0000	132.7281
182	200.0000	200.0000	0.0000	133.4133
183	200.0000	200.0000	0.0000	134.1019
184	200.0000	200.0000	0.0000	134.7935
185	200.0000	200.0000	0.0000	135.4821
186	200.0000	200.0000	0.0000	136.1802
187	200.0000	200.0000	0.0000	136.8706
188	200.0000	200.0000	0.0000	137.5611
189	200.0000	200.0000	0.0000	138.2468
190	200.0000	200.0000	0.0000	138.9451
191	200.0000	200.0000	0.0000	139.7445
192	200.0000	200.0000	0.0000	140.4376
193	200.0000	200.0000	0.0000	141.1262
194	200.0000	200.0000	0.0000	141.8104
195	200.0000	200.0000	0.0000	142.5021
196	200.0000	200.0000	0.0000	143.1999
197	200.0000	200.0000	0.0000	143.8851
198	200.0000	200.0000	0.0000	144.5737
199	200.0000	200.0000	0.0000	145.2577
Pos: [-2.8051181063198043, 3.131312511395858]

Run: 6
Iter	Gbest	AvrFit	Diver	ETime	
0	199.6237	-23.6291	1.0000	0.8032
1	199.6237	69.3953	0.9009	1.5097
2	199.6237	114.3251	0.8920	2.2125
3	199.6237	132.3266	0.8800	2.9385
4	199.6237	142.0759	0.9344	3.6397
5	199.6237	176.2050	0.7438	4.3397
6	199.8590	179.9832	0.7699	5.0530
7	199.8590	187.9068	0.8574	5.7521
8	199.8590	189.0605	0.7991	6.4480
9	199.8590	191.3487	0.8047	7.1709
10	199.8590	193.5694	0.7637	7.8762
11	199.8590	193.7821	0.8082	8.5788
12	199.8590	195.9652	0.7864	9.2769
13	199.8590	196.2149	0.7867	9.9895
14	199.9034	197.5117	0.6110	10.6952
15	199.9034	198.0281	0.7457	11.4379
16	199.9251	198.4348	0.7431	12.1691
17	199.9251	198.5176	0.6690	12.9273
18	199.9730	198.9864	0.6574	13.6254
19	199.9730	198.9988	0.6570	14.3523
20	199.9730	199.0606	0.6863	15.4250
21	199.9730	199.1362	0.6859	16.8626
22	199.9730	199.3363	0.6816	18.2929
23	199.9730	199.5139	0.6284	19.2037
24	199.9730	199.5729	0.6324	19.9046
25	199.9730	199.6152	0.5503	20.6072
26	199.9730	199.7577	0.3882	21.3411
27	199.9730	199.7904	0.3180	22.0377
28	199.9851	199.8186	0.3111	22.7599
29	199.9956	199.8601	0.2704	23.4818
30	199.9956	199.8752	0.2687	24.1745
31	199.9956	199.8843	0.2673	24.8830
32	199.9986	199.8885	0.2671	25.7010
33	199.9987	199.9046	0.2675	26.4654
34	199.9995	199.9065	0.2663	27.1633
35	199.9995	199.9082	0.2653	27.9312
36	199.9995	199.9457	0.1827	28.6803
37	199.9995	199.9555	0.1860	29.3550
38	199.9995	199.9625	0.1871	30.0276
39	199.9995	199.9645	0.1859	30.7155
40	199.9995	199.9678	0.1837	31.5154
41	199.9995	199.9822	0.0968	32.3558
42	200.0000	199.9850	0.0957	33.0572
43	200.0000	199.9956	0.0081	33.7565
44	200.0000	199.9959	0.0079	34.4474
45	200.0000	199.9968	0.0066	35.1810
46	200.0000	199.9978	0.0060	35.9180
47	200.0000	199.9987	0.0044	36.6046
48	200.0000	199.9991	0.0037	37.3006
49	200.0000	199.9993	0.0028	38.0163
50	200.0000	199.9995	0.0020	38.7151
51	200.0000	199.9998	0.0012	39.4378
52	200.0000	199.9999	0.0010	40.1325
53	200.0000	200.0000	0.0007	40.8311
54	200.0000	200.0000	0.0004	41.5242
55	200.0000	200.0000	0.0003	42.2163
56	200.0000	200.0000	0.0002	42.9244
57	200.0000	200.0000	0.0002	43.6153
58	200.0000	200.0000	0.0001	44.2929
59	200.0000	200.0000	0.0001	44.9781
60	200.0000	200.0000	0.0001	45.6564
61	200.0000	200.0000	0.0001	46.3650
62	200.0000	200.0000	0.0000	47.0707
63	200.0000	200.0000	0.0000	47.7493
64	200.0000	200.0000	0.0000	48.5759
65	200.0000	200.0000	0.0000	49.2599
66	200.0000	200.0000	0.0000	49.9508
67	200.0000	200.0000	0.0000	50.6265
68	200.0000	200.0000	0.0000	51.4205
69	200.0000	200.0000	0.0000	52.1038
70	200.0000	200.0000	0.0000	52.7852
71	200.0000	200.0000	0.0000	53.4761
72	200.0000	200.0000	0.0000	54.1561
73	200.0000	200.0000	0.0000	54.8844
74	200.0000	200.0000	0.0000	56.2251
75	200.0000	200.0000	0.0000	56.9651
76	200.0000	200.0000	0.0000	57.7071
77	200.0000	200.0000	0.0000	58.4230
78	200.0000	200.0000	0.0000	59.1516
79	200.0000	200.0000	0.0000	59.8705
80	200.0000	200.0000	0.0000	60.5936
81	200.0000	200.0000	0.0000	61.6884
82	200.0000	200.0000	0.0000	62.4597
83	200.0000	200.0000	0.0000	63.1995
84	200.0000	200.0000	0.0000	63.8845
85	200.0000	200.0000	0.0000	64.5874
86	200.0000	200.0000	0.0000	65.3863
87	200.0000	200.0000	0.0000	66.0675
88	200.0000	200.0000	0.0000	66.7470
89	200.0000	200.0000	0.0000	67.4326
90	200.0000	200.0000	0.0000	68.1105
91	200.0000	200.0000	0.0000	68.8040
92	200.0000	200.0000	0.0000	69.4892
93	200.0000	200.0000	0.0000	70.1690
94	200.0000	200.0000	0.0000	70.8864
95	200.0000	200.0000	0.0000	71.5756
96	200.0000	200.0000	0.0000	72.2706
97	200.0000	200.0000	0.0000	72.9575
98	200.0000	200.0000	0.0000	73.6465
99	200.0000	200.0000	0.0000	74.3341
100	200.0000	200.0000	0.0000	75.0268
101	200.0000	200.0000	0.0000	75.7356
102	200.0000	200.0000	0.0000	76.4217
103	200.0000	200.0000	0.0000	77.1143
104	200.0000	200.0000	0.0000	77.8010
105	200.0000	200.0000	0.0000	78.4912
106	200.0000	200.0000	0.0000	79.1953
107	200.0000	200.0000	0.0000	79.9184
108	200.0000	200.0000	0.0000	80.6124
109	200.0000	200.0000	0.0000	81.3711
110	200.0000	200.0000	0.0000	82.1548
111	200.0000	200.0000	0.0000	82.8609
112	200.0000	200.0000	0.0000	83.5459
113	200.0000	200.0000	0.0000	84.2340
114	200.0000	200.0000	0.0000	84.9199
115	200.0000	200.0000	0.0000	85.6066
116	200.0000	200.0000	0.0000	86.3063
117	200.0000	200.0000	0.0000	86.9989
118	200.0000	200.0000	0.0000	87.6870
119	200.0000	200.0000	0.0000	88.3729
120	200.0000	200.0000	0.0000	89.0627
121	200.0000	200.0000	0.0000	89.8366
122	200.0000	200.0000	0.0000	90.5285
123	200.0000	200.0000	0.0000	91.2223
124	200.0000	200.0000	0.0000	91.9116
125	200.0000	200.0000	0.0000	92.6619
126	200.0000	200.0000	0.0000	93.3752
127	200.0000	200.0000	0.0000	94.0650
128	200.0000	200.0000	0.0000	94.7547
129	200.0000	200.0000	0.0000	95.4442
130	200.0000	200.0000	0.0000	96.1330
131	200.0000	200.0000	0.0000	96.8544
132	200.0000	200.0000	0.0000	97.5401
133	200.0000	200.0000	0.0000	98.3469
134	200.0000	200.0000	0.0000	99.0691
135	200.0000	200.0000	0.0000	99.7832
136	200.0000	200.0000	0.0000	100.5042
137	200.0000	200.0000	0.0000	101.2115
138	200.0000	200.0000	0.0000	101.9211
139	200.0000	200.0000	0.0000	102.6261
140	200.0000	200.0000	0.0000	103.3349
141	200.0000	200.0000	0.0000	104.0566
142	200.0000	200.0000	0.0000	104.7790
143	200.0000	200.0000	0.0000	105.4764
144	200.0000	200.0000	0.0000	106.1656
145	200.0000	200.0000	0.0000	106.8544
146	200.0000	200.0000	0.0000	107.5585
147	200.0000	200.0000	0.0000	108.2473
148	200.0000	200.0000	0.0000	109.0307
149	200.0000	200.0000	0.0000	109.7209
150	200.0000	200.0000	0.0000	110.4097
151	200.0000	200.0000	0.0000	111.1200
152	200.0000	200.0000	0.0000	111.8062
153	200.0000	200.0000	0.0000	112.4995
154	200.0000	200.0000	0.0000	113.2047
155	200.0000	200.0000	0.0000	113.9135
156	200.0000	200.0000	0.0000	114.6533
157	200.0000	200.0000	0.0000	115.4015
158	200.0000	200.0000	0.0000	116.1025
159	200.0000	200.0000	0.0000	116.7903
160	200.0000	200.0000	0.0000	117.4967
161	200.0000	200.0000	0.0000	118.2160
162	200.0000	200.0000	0.0000	118.9246
163	200.0000	200.0000	0.0000	119.6303
164	200.0000	200.0000	0.0000	120.3158
165	200.0000	200.0000	0.0000	121.0413
166	200.0000	200.0000	0.0000	121.7611
167	200.0000	200.0000	0.0000	122.4449
168	200.0000	200.0000	0.0000	123.1346
169	200.0000	200.0000	0.0000	123.8196
170	200.0000	200.0000	0.0000	124.5055
171	200.0000	200.0000	0.0000	125.2093
172	200.0000	200.0000	0.0000	125.8931
173	200.0000	200.0000	0.0000	126.5810
174	200.0000	200.0000	0.0000	127.2705
175	200.0000	200.0000	0.0000	128.0265
176	200.0000	200.0000	0.0000	128.7613
177	200.0000	200.0000	0.0000	129.4484
178	200.0000	200.0000	0.0000	130.1334
179	200.0000	200.0000	0.0000	130.8224
180	200.0000	200.0000	0.0000	131.6469
181	200.0000	200.0000	0.0000	132.3504
182	200.0000	200.0000	0.0000	133.0397
183	200.0000	200.0000	0.0000	133.7254
184	200.0000	200.0000	0.0000	134.4156
185	200.0000	200.0000	0.0000	135.1087
186	200.0000	200.0000	0.0000	135.8533
187	200.0000	200.0000	0.0000	136.5602
188	200.0000	200.0000	0.0000	137.2654
189	200.0000	200.0000	0.0000	137.9821
190	200.0000	200.0000	0.0000	138.6774
191	200.0000	200.0000	0.0000	139.4544
192	200.0000	200.0000	0.0000	140.1761
193	200.0000	200.0000	0.0000	140.9953
194	200.0000	200.0000	0.0000	141.6838
195	200.0000	200.0000	0.0000	142.3757
196	200.0000	200.0000	0.0000	143.1341
197	200.0000	200.0000	0.0000	143.8427
198	200.0000	200.0000	0.0000	144.5475
199	200.0000	200.0000	0.0000	145.2479
Pos: [3.0000000104050346, 2.000000006776115]

Run: 7
Iter	Gbest	AvrFit	Diver	ETime	
0	199.5012	11.6273	1.0000	0.8042
1	199.5012	79.9178	0.9742	1.5175
2	199.5012	92.2999	0.9461	2.2416
3	199.5012	152.0872	0.8495	2.9418
4	199.5012	160.0306	0.8198	3.6850
5	199.5012	164.0660	0.8026	4.3995
6	199.5012	167.3915	0.7607	5.1308
7	199.5012	181.7470	0.6736	5.8291
8	199.7665	188.1316	0.6996	6.5522
9	199.7665	190.0488	0.8123	7.2534
10	199.7665	191.1445	0.8595	7.9505
11	199.7665	191.3343	0.7605	8.6632
12	199.7665	191.3566	0.7610	9.3722
13	199.7665	192.5686	0.8151	10.0899
14	199.7665	194.6309	0.8668	11.0798
15	199.8394	194.9044	0.8681	11.9114
16	199.8394	195.1039	0.8689	12.6252
17	199.8918	196.5672	0.8437	13.3464
18	199.8918	197.0191	0.8529	14.1397
19	199.8918	197.0911	0.8531	15.0130
20	199.8918	197.1000	0.8520	15.7330
21	199.8918	197.1700	0.8441	16.4640
22	199.9864	197.3014	0.8184	17.1795
23	199.9864	197.3468	0.8252	17.8940
24	199.9864	197.3598	0.8250	18.6183
25	199.9864	197.4551	0.8389	19.3396
26	199.9864	197.4551	0.8389	20.0720
27	199.9864	197.4551	0.8389	20.7832
28	199.9864	197.5091	0.8402	21.4794
29	199.9864	197.5091	0.8402	22.1760
30	199.9864	197.6373	0.8801	22.9425
31	199.9864	197.7475	0.8673	23.6530
32	199.9864	197.9197	0.8528	24.3545
33	199.9864	197.9197	0.8528	25.0700
34	199.9864	197.9197	0.8528	25.7921
35	199.9864	198.3722	0.8322	26.5870
36	199.9864	198.3773	0.8321	27.2946
37	199.9864	198.6822	0.8334	27.9965
38	199.9864	198.7933	0.8342	28.6968
39	199.9864	198.8147	0.8310	29.3944
40	199.9864	198.8194	0.8308	30.0989
41	199.9864	198.8194	0.8308	30.9196
42	199.9864	198.8354	0.8279	31.7013
43	199.9864	198.9353	0.8822	32.4345
44	199.9864	198.9999	0.8835	33.1690
45	199.9864	198.9999	0.8835	33.8902
46	199.9864	198.9999	0.8835	34.6277
47	199.9864	199.0672	0.8400	35.3534
48	199.9864	199.0729	0.8388	36.0668
49	199.9864	199.0732	0.8388	36.7851
50	199.9864	199.1154	0.9590	37.5054
51	199.9864	199.4673	0.9394	38.2404
52	199.9864	199.4673	0.9394	38.9583
53	199.9971	199.5016	0.8302	39.6836
54	199.9971	199.5264	0.7940	40.4031
55	199.9989	199.5382	0.7945	41.1203
56	199.9989	199.5717	0.7901	41.8763
57	199.9989	199.6190	0.8546	42.6011
58	199.9989	199.6913	0.8481	43.3028
59	199.9989	199.7028	0.8488	44.0030
60	199.9989	199.7028	0.8488	44.7028
61	199.9989	199.7089	0.8490	45.4173
62	199.9989	199.7193	0.8477	46.1185
63	199.9989	199.7219	0.8478	46.8476
64	199.9989	199.7245	0.8485	47.6904
65	199.9989	199.7277	0.8476	48.3789
66	199.9989	199.7658	0.7384	49.0725
67	199.9989	199.7901	0.7361	49.7506
68	199.9989	199.8156	0.8582	50.4677
69	199.9989	199.8285	0.7317	51.1622
70	199.9989	199.8372	0.7880	51.8639
71	199.9989	199.8373	0.7881	52.5842
72	199.9989	199.8376	0.7880	53.2885
73	199.9989	199.8396	0.7880	53.9927
74	199.9989	199.9129	0.8105	54.6947
75	199.9989	199.9187	0.8095	55.3813
76	199.9989	199.9906	0.7068	56.0999
77	199.9989	199.9920	0.7069	56.8013
78	199.9989	199.9920	0.7069	57.4822
79	199.9995	199.9921	0.7069	58.1648
80	199.9997	199.9924	0.8346	58.8946
81	200.0000	199.9966	0.8335	59.6075
82	200.0000	199.9971	0.8336	60.3125
83	200.0000	199.9975	0.7063	61.0089
84	200.0000	199.9977	0.7061	61.7728
85	200.0000	199.9979	0.7058	62.5026
86	200.0000	199.9986	0.7049	63.2007
87	200.0000	199.9990	0.7045	63.8981
88	200.0000	199.9990	0.7045	64.7576
89	200.0000	199.9990	0.7045	65.4647
90	200.0000	199.9993	0.5767	66.1693
91	200.0000	199.9995	0.7040	66.8941
92	200.0000	199.9996	0.6401	67.5974
93	200.0000	199.9997	0.6400	68.3205
94	200.0000	199.9997	0.6400	69.0277
95	200.0000	199.9997	0.6400	69.7253
96	200.0000	199.9997	0.6400	70.4653
97	200.0000	199.9997	0.6400	71.1656
98	200.0000	199.9998	0.6396	71.8904
99	200.0000	199.9998	0.6396	72.5908
100	200.0000	199.9998	0.6396	73.2880
101	200.0000	199.9998	0.6396	74.0049
102	200.0000	199.9998	0.6396	74.7333
103	200.0000	199.9998	0.6396	75.4278
104	200.0000	199.9998	0.6395	76.1259
105	200.0000	199.9999	0.6396	76.8285
106	200.0000	199.9999	0.6396	77.5421
107	200.0000	199.9999	0.6396	78.2428
108	200.0000	199.9999	0.6396	78.9442
109	200.0000	199.9999	0.5118	79.6418
110	200.0000	199.9999	0.5118	80.3373
111	200.0000	199.9999	0.5118	81.1512
112	200.0000	199.9999	0.5117	81.9049
113	200.0000	200.0000	0.5117	82.5925
114	200.0000	200.0000	0.5117	83.2713
115	200.0000	200.0000	0.5117	83.9517
116	200.0000	200.0000	0.5116	84.6460
117	200.0000	200.0000	0.5116	85.3481
118	200.0000	200.0000	0.5116	86.0250
119	200.0000	200.0000	0.5116	86.7260
120	200.0000	200.0000	0.5116	87.4295
121	200.0000	200.0000	0.5116	88.1190
122	200.0000	200.0000	0.6394	88.7988
123	200.0000	200.0000	0.7033	89.4847
124	200.0000	200.0000	0.5754	90.1682
125	200.0000	200.0000	0.5754	90.8556
126	200.0000	200.0000	0.5754	91.5737
127	200.0000	200.0000	0.5754	92.2580
128	200.0000	200.0000	0.5754	92.9580
129	200.0000	200.0000	0.5754	93.6382
130	200.0000	200.0000	0.5754	94.3189
131	200.0000	200.0000	0.5753	95.0131
132	200.0000	200.0000	0.4475	95.6993
133	200.0000	200.0000	0.4475	96.3798
134	200.0000	200.0000	0.4475	97.0709
135	200.0000	200.0000	0.4475	97.8498
136	200.0000	200.0000	0.4475	98.5518
137	200.0000	200.0000	0.5753	99.2372
138	200.0000	200.0000	0.5753	99.9367
139	200.0000	200.0000	0.5753	100.6348
140	200.0000	200.0000	0.4475	101.4299
141	200.0000	200.0000	0.4475	102.1411
142	200.0000	200.0000	0.5753	102.8373
143	200.0000	200.0000	0.5753	103.5247
144	200.0000	200.0000	0.5753	104.2228
145	200.0000	200.0000	0.4475	104.9020
146	200.0000	200.0000	0.4475	105.6392
147	200.0000	200.0000	0.4475	106.3316
148	200.0000	200.0000	0.3196	107.0309
149	200.0000	200.0000	0.3196	107.7156
150	200.0000	200.0000	0.3196	108.4011
151	200.0000	200.0000	0.3196	109.0934
152	200.0000	200.0000	0.3196	109.7736
153	200.0000	200.0000	0.3196	110.4760
154	200.0000	200.0000	0.3196	111.1591
155	200.0000	200.0000	0.3196	111.8400
156	200.0000	200.0000	0.3196	112.5383
157	200.0000	200.0000	0.3196	113.2281
158	200.0000	200.0000	0.1918	113.9178
159	200.0000	200.0000	0.1918	114.7120
160	200.0000	200.0000	0.1918	115.3998
161	200.0000	200.0000	0.1918	116.0934
162	200.0000	200.0000	0.1918	116.7808
163	200.0000	200.0000	0.1918	117.4698
164	200.0000	200.0000	0.1918	118.1750
165	200.0000	200.0000	0.1918	118.8626
166	200.0000	200.0000	0.1918	119.5841
167	200.0000	200.0000	0.0000	120.3594
168	200.0000	200.0000	0.0000	121.0508
169	200.0000	200.0000	0.0000	121.7582
170	200.0000	200.0000	0.0000	122.4463
171	200.0000	200.0000	0.0000	123.1439
172	200.0000	200.0000	0.0000	123.8325
173	200.0000	200.0000	0.0000	124.5174
174	200.0000	200.0000	0.0000	125.2265
175	200.0000	200.0000	0.0000	125.9215
176	200.0000	200.0000	0.0000	126.6267
177	200.0000	200.0000	0.0000	127.3210
178	200.0000	200.0000	0.0000	128.0072
179	200.0000	200.0000	0.0000	128.7000
180	200.0000	200.0000	0.0000	129.3955
181	200.0000	200.0000	0.0000	130.1520
182	200.0000	200.0000	0.0000	130.9419
183	200.0000	200.0000	0.0000	131.6431
184	200.0000	200.0000	0.0000	132.3340
185	200.0000	200.0000	0.0000	133.0252
186	200.0000	200.0000	0.0000	133.7249
187	200.0000	200.0000	0.0000	134.4261
188	200.0000	200.0000	0.0000	135.1404
189	200.0000	200.0000	0.0000	135.8359
190	200.0000	200.0000	0.0000	136.5273
191	200.0000	200.0000	0.0000	137.2516
192	200.0000	200.0000	0.0000	137.9471
193	200.0000	200.0000	0.0000	138.6414
194	200.0000	200.0000	0.0000	139.3938
195	200.0000	200.0000	0.0000	140.0917
196	200.0000	200.0000	0.0000	140.7969
197	200.0000	200.0000	0.0000	141.4866
198	200.0000	200.0000	0.0000	142.1819
199	200.0000	200.0000	0.0000	142.8795
Pos: [-3.7793102662869162, -3.283185985757857]

Run: 8
Iter	Gbest	AvrFit	Diver	ETime	
0	192.1125	7.9486	1.0000	0.8900
1	196.3013	108.0232	0.9229	1.6017
2	196.3013	125.4345	0.8867	2.3053
3	196.5445	136.5607	0.8432	3.0072
4	196.5445	152.7316	0.7982	3.7043
5	198.3694	158.6887	0.7891	4.4024
6	198.3694	161.4025	0.7732	5.1379
7	198.3694	177.1272	0.7321	5.8548
8	199.3164	183.4238	0.7159	6.5536
9	199.6259	187.1581	0.7672	7.2553
10	199.6259	187.9058	0.7469	7.9544
11	199.6259	188.9304	0.7187	8.6665
12	199.6259	189.5728	0.5097	9.4128
13	199.6259	192.9885	0.4643	10.1244
14	199.6259	194.5405	0.4126	10.8297
15	199.6259	195.5431	0.3080	11.5793
16	199.7774	195.9153	0.3024	12.3196
17	199.7774	197.3848	0.1989	13.0558
18	199.8817	197.7075	0.1800	13.7734
19	199.8817	197.8286	0.1681	14.5152
20	199.8817	198.2940	0.1575	15.2385
21	199.8817	198.5767	0.1542	15.9724
22	199.9953	198.7857	0.1433	16.8953
23	199.9953	199.1765	0.0724	17.6303
24	199.9953	199.6642	0.0522	18.3330
25	199.9981	199.8142	0.0359	19.0864
26	199.9993	199.8490	0.0304	19.9006
27	199.9993	199.8684	0.0304	20.6230
28	199.9993	199.9858	0.0122	21.3709
29	199.9998	199.9898	0.0097	22.0697
30	199.9998	199.9953	0.0076	22.7668
31	199.9998	199.9971	0.0076	23.5007
32	199.9999	199.9973	0.0066	24.2019
33	200.0000	199.9985	0.0049	24.9288
34	200.0000	199.9990	0.0035	25.6844
35	200.0000	199.9991	0.0033	26.4010
36	200.0000	199.9995	0.0025	27.1332
37	200.0000	199.9996	0.0020	27.8769
38	200.0000	199.9998	0.0016	28.5580
39	200.0000	199.9999	0.0013	29.2773
40	200.0000	199.9999	0.0010	29.9585
41	200.0000	200.0000	0.0009	30.6940
42	200.0000	200.0000	0.0007	31.4164
43	200.0000	200.0000	0.0006	32.1329
44	200.0000	200.0000	0.0004	32.8753
45	200.0000	200.0000	0.0004	33.8397
46	200.0000	200.0000	0.0003	34.5623
47	200.0000	200.0000	0.0002	35.2671
48	200.0000	200.0000	0.0002	35.9690
49	200.0000	200.0000	0.0002	36.6673
50	200.0000	200.0000	0.0001	37.4429
51	200.0000	200.0000	0.0001	38.1684
52	200.0000	200.0000	0.0001	38.8620
53	200.0000	200.0000	0.0000	39.7029
54	200.0000	200.0000	0.0000	40.4005
55	200.0000	200.0000	0.0000	41.1301
56	200.0000	200.0000	0.0000	41.8456
57	200.0000	200.0000	0.0000	42.5475
58	200.0000	200.0000	0.0000	43.2463
59	200.0000	200.0000	0.0000	43.9458
60	200.0000	200.0000	0.0000	44.6656
61	200.0000	200.0000	0.0000	45.4051
62	200.0000	200.0000	0.0000	46.0987
63	200.0000	200.0000	0.0000	46.7987
64	200.0000	200.0000	0.0000	47.4920
65	200.0000	200.0000	0.0000	48.2135
66	200.0000	200.0000	0.0000	48.9476
67	200.0000	200.0000	0.0000	49.6538
68	200.0000	200.0000	0.0000	50.5271
69	200.0000	200.0000	0.0000	51.2109
70	200.0000	200.0000	0.0000	51.8920
71	200.0000	200.0000	0.0000	52.5877
72	200.0000	200.0000	0.0000	53.2999
73	200.0000	200.0000	0.0000	54.0035
74	200.0000	200.0000	0.0000	54.6880
75	200.0000	200.0000	0.0000	55.3648
76	200.0000	200.0000	0.0000	56.0665
77	200.0000	200.0000	0.0000	56.7756
78	200.0000	200.0000	0.0000	57.4605
79	200.0000	200.0000	0.0000	58.1367
80	200.0000	200.0000	0.0000	58.8167
81	200.0000	200.0000	0.0000	59.7460
82	200.0000	200.0000	0.0000	60.4398
83	200.0000	200.0000	0.0000	61.1334
84	200.0000	200.0000	0.0000	61.8205
85	200.0000	200.0000	0.0000	62.5262
86	200.0000	200.0000	0.0000	63.2243
87	200.0000	200.0000	0.0000	63.9119
88	200.0000	200.0000	0.0000	64.6021
89	200.0000	200.0000	0.0000	65.2976
90	200.0000	200.0000	0.0000	65.9947
91	200.0000	200.0000	0.0000	66.8473
92	200.0000	200.0000	0.0000	67.5564
93	200.0000	200.0000	0.0000	68.2459
94	200.0000	200.0000	0.0000	68.9404
95	200.0000	200.0000	0.0000	69.6549
96	200.0000	200.0000	0.0000	70.3597
97	200.0000	200.0000	0.0000	71.0516
98	200.0000	200.0000	0.0000	71.7437
99	200.0000	200.0000	0.0000	72.4289
100	200.0000	200.0000	0.0000	73.1280
101	200.0000	200.0000	0.0000	73.8361
102	200.0000	200.0000	0.0000	74.5265
103	200.0000	200.0000	0.0000	75.2165
104	200.0000	200.0000	0.0000	75.9027
105	200.0000	200.0000	0.0000	76.5879
106	200.0000	200.0000	0.0000	77.2936
107	200.0000	200.0000	0.0000	77.9831
108	200.0000	200.0000	0.0000	78.6729
109	200.0000	200.0000	0.0000	79.3695
110	200.0000	200.0000	0.0000	80.2071
111	200.0000	200.0000	0.0000	80.9126
112	200.0000	200.0000	0.0000	81.6042
113	200.0000	200.0000	0.0000	82.2923
114	200.0000	200.0000	0.0000	82.9773
115	200.0000	200.0000	0.0000	83.8499
116	200.0000	200.0000	0.0000	84.5809
117	200.0000	200.0000	0.0000	85.2802
118	200.0000	200.0000	0.0000	85.9697
119	200.0000	200.0000	0.0000	86.6621
120	200.0000	200.0000	0.0000	87.3535
121	200.0000	200.0000	0.0000	88.0568
122	200.0000	200.0000	0.0000	88.7480
123	200.0000	200.0000	0.0000	89.4384
124	200.0000	200.0000	0.0000	90.1296
125	200.0000	200.0000	0.0000	90.8206
126	200.0000	200.0000	0.0000	91.5344
127	200.0000	200.0000	0.0000	92.2263
128	200.0000	200.0000	0.0000	92.9229
129	200.0000	200.0000	0.0000	93.6143
130	200.0000	200.0000	0.0000	94.3027
131	200.0000	200.0000	0.0000	95.0091
132	200.0000	200.0000	0.0000	95.6984
133	200.0000	200.0000	0.0000	96.3893
134	200.0000	200.0000	0.0000	97.0852
135	200.0000	200.0000	0.0000	97.7752
136	200.0000	200.0000	0.0000	98.4757
137	200.0000	200.0000	0.0000	99.2098
138	200.0000	200.0000	0.0000	100.0006
139	200.0000	200.0000	0.0000	100.7526
140	200.0000	200.0000	0.0000	101.4459
141	200.0000	200.0000	0.0000	102.1492
142	200.0000	200.0000	0.0000	102.8471
143	200.0000	200.0000	0.0000	103.5340
144	200.0000	200.0000	0.0000	104.2249
145	200.0000	200.0000	0.0000	104.9168
146	200.0000	200.0000	0.0000	105.6178
147	200.0000	200.0000	0.0000	106.3054
148	200.0000	200.0000	0.0000	106.9937
149	200.0000	200.0000	0.0000	107.6818
150	200.0000	200.0000	0.0000	108.3715
151	200.0000	200.0000	0.0000	109.1325
152	200.0000	200.0000	0.0000	109.8163
153	200.0000	200.0000	0.0000	110.5032
154	200.0000	200.0000	0.0000	111.1891
155	200.0000	200.0000	0.0000	111.8765
156	200.0000	200.0000	0.0000	112.5755
157	200.0000	200.0000	0.0000	113.2698
158	200.0000	200.0000	0.0000	113.9581
159	200.0000	200.0000	0.0000	114.6460
160	200.0000	200.0000	0.0000	115.3343
161	200.0000	200.0000	0.0000	116.0352
162	200.0000	200.0000	0.0000	116.9231
163	200.0000	200.0000	0.0000	117.6341
164	200.0000	200.0000	0.0000	118.4888
165	200.0000	200.0000	0.0000	119.1781
166	200.0000	200.0000	0.0000	119.8785
167	200.0000	200.0000	0.0000	120.6045
168	200.0000	200.0000	0.0000	121.2976
169	200.0000	200.0000	0.0000	121.9909
170	200.0000	200.0000	0.0000	122.6771
171	200.0000	200.0000	0.0000	123.3790
172	200.0000	200.0000	0.0000	124.0704
173	200.0000	200.0000	0.0000	124.7618
174	200.0000	200.0000	0.0000	125.4525
175	200.0000	200.0000	0.0000	126.1356
176	200.0000	200.0000	0.0000	126.8423
177	200.0000	200.0000	0.0000	127.5327
178	200.0000	200.0000	0.0000	128.2697
179	200.0000	200.0000	0.0000	128.9625
180	200.0000	200.0000	0.0000	129.6554
181	200.0000	200.0000	0.0000	130.3744
182	200.0000	200.0000	0.0000	131.0658
183	200.0000	200.0000	0.0000	131.7577
184	200.0000	200.0000	0.0000	132.4527
185	200.0000	200.0000	0.0000	133.2150
186	200.0000	200.0000	0.0000	134.0342
187	200.0000	200.0000	0.0000	134.7306
188	200.0000	200.0000	0.0000	135.4699
189	200.0000	200.0000	0.0000	136.1587
190	200.0000	200.0000	0.0000	136.8515
191	200.0000	200.0000	0.0000	137.7234
192	200.0000	200.0000	0.0000	138.4215
193	200.0000	200.0000	0.0000	139.1170
194	200.0000	200.0000	0.0000	139.8067
195	200.0000	200.0000	0.0000	140.4982
196	200.0000	200.0000	0.0000	141.2055
197	200.0000	200.0000	0.0000	141.9377
198	200.0000	200.0000	0.0000	142.6666
199	200.0000	200.0000	0.0000	143.4586
Pos: [2.9999999869008955, 1.9999999881440655]

Run: 9
Iter	Gbest	AvrFit	Diver	ETime	
0	184.4429	19.7592	1.0000	0.8342
1	192.0261	93.2225	1.0000	1.5509
2	199.1462	122.0608	0.8558	2.2638
3	199.1462	141.4839	0.8791	2.9900
4	199.1462	144.8004	0.9041	3.6931
5	199.1462	158.4046	0.8763	4.4158
6	199.1462	171.6466	0.8887	5.1303
7	199.1462	174.9815	0.8896	5.8274
8	199.1462	178.9763	0.8608	6.5286
9	199.1462	179.4127	0.8624	7.2246
10	199.9934	182.6613	0.8487	7.9253
11	199.9934	189.9019	0.8271	8.6584
12	199.9934	194.5314	0.7400	9.3822
13	199.9934	194.7575	0.7403	10.1147
14	199.9934	195.2772	0.7480	10.8411
15	199.9934	195.3317	0.7516	11.6494
16	199.9934	196.2609	0.7323	12.3780
17	199.9934	196.3568	0.7318	13.0904
18	199.9934	197.4438	0.7507	14.0572
19	199.9934	197.4788	0.7587	15.4853
20	199.9934	197.7065	0.7540	16.9032
21	199.9934	198.5474	0.6864	18.4436
22	199.9934	198.5650	0.6864	19.8421
23	199.9934	198.5660	0.6864	20.8027
24	199.9934	198.6014	0.7230	21.5116
25	199.9934	198.6100	0.7247	22.2235
26	199.9934	198.7488	0.6410	22.9540
27	199.9934	198.9175	0.6348	23.6697
28	199.9934	199.1663	0.5559	24.3909
29	199.9934	199.2007	0.5572	25.1060
30	199.9934	199.2447	0.5618	25.8243
31	199.9934	199.2494	0.5619	26.5543
32	199.9934	199.3356	0.5499	27.2801
33	199.9951	199.4283	0.5842	27.9834
34	199.9951	199.4690	0.5813	28.7054
35	199.9951	199.5000	0.5802	29.3880
36	199.9951	199.7185	0.5101	30.0963
37	199.9972	199.8704	0.5126	30.8301
38	199.9972	199.8898	0.5085	31.5549
39	199.9972	199.9065	0.5070	32.2676
40	199.9985	199.9121	0.5062	33.0100
41	199.9988	199.9366	0.5010	33.8111
42	199.9988	199.9608	0.3644	34.5185
43	199.9995	199.9690	0.3622	35.2268
44	199.9995	199.9709	0.3628	35.9447
45	199.9995	199.9750	0.4993	36.6654
46	199.9995	199.9810	0.4997	37.3940
47	199.9995	199.9816	0.6353	38.1095
48	199.9995	199.9831	0.6348	38.8243
49	199.9995	199.9863	0.6343	39.5408
50	199.9995	199.9890	0.6530	40.2787
51	199.9995	199.9935	0.7401	41.0094
52	199.9995	199.9942	0.7793	41.7070
53	199.9995	199.9942	0.7793	42.3987
54	199.9995	199.9943	0.7790	43.0901
55	199.9995	199.9946	0.7392	43.7849
56	199.9995	199.9946	0.7392	44.5139
57	199.9997	199.9949	0.7392	45.2447
58	199.9997	199.9958	0.7391	45.9414
59	199.9997	199.9962	0.6995	46.6406
60	199.9997	199.9964	0.6994	47.3392
61	199.9997	199.9964	0.6991	48.0514
62	199.9997	199.9969	0.6992	48.7690
63	199.9997	199.9976	0.6990	49.4952
64	199.9997	199.9976	0.6116	50.3104
65	199.9997	199.9980	0.6110	51.0089
66	200.0000	199.9980	0.6110	51.7163
67	200.0000	199.9980	0.6110	52.4404
68	200.0000	199.9981	0.6110	53.1604
69	200.0000	199.9982	0.6109	53.8723
70	200.0000	199.9987	0.6586	54.5712
71	200.0000	199.9987	0.6586	55.2843
72	200.0000	199.9987	0.6586	56.0036
73	200.0000	199.9988	0.6099	56.7291
74	200.0000	199.9988	0.6099	57.4338
75	200.0000	199.9988	0.6099	58.1300
76	200.0000	199.9988	0.6099	58.8467
77	200.0000	199.9989	0.6097	59.5589
78	200.0000	199.9991	0.6097	60.2560
79	200.0000	199.9991	0.6097	60.9791
80	200.0000	199.9991	0.6096	61.6720
81	200.0000	199.9992	0.6097	62.4158
82	200.0000	199.9994	0.6097	63.1199
83	200.0000	199.9994	0.6096	63.8196
84	200.0000	199.9994	0.6096	64.5516
85	200.0000	199.9994	0.6096	65.2361
86	200.0000	199.9994	0.6096	65.9339
87	200.0000	199.9996	0.6096	66.7596
88	200.0000	199.9996	0.6096	67.4398
89	200.0000	199.9996	0.5697	68.1200
90	200.0000	199.9997	0.5696	68.8272
91	200.0000	199.9997	0.5695	69.6402
92	200.0000	199.9997	0.5693	70.3220
93	200.0000	199.9997	0.5693	71.0082
94	200.0000	199.9998	0.4321	71.6889
95	200.0000	199.9998	0.5004	72.3815
96	200.0000	199.9998	0.5004	73.0836
97	200.0000	199.9998	0.5004	73.7557
98	200.0000	199.9999	0.5003	74.4343
99	200.0000	199.9999	0.5003	75.1121
100	200.0000	199.9999	0.3633	75.7928
101	200.0000	199.9999	0.3633	76.4942
102	200.0000	199.9999	0.3632	77.1785
103	200.0000	199.9999	0.3631	77.8625
104	200.0000	200.0000	0.2743	78.5441
105	200.0000	200.0000	0.2742	79.2227
106	200.0000	200.0000	0.2742	79.9170
107	200.0000	200.0000	0.0003	80.6046
108	200.0000	200.0000	0.0003	81.2826
109	200.0000	200.0000	0.0002	81.9559
110	200.0000	200.0000	0.0002	82.6294
111	200.0000	200.0000	0.0002	83.4651
112	200.0000	200.0000	0.0001	84.1491
113	200.0000	200.0000	0.0001	84.8405
114	200.0000	200.0000	0.0001	85.5255
115	200.0000	200.0000	0.0000	86.2076
116	200.0000	200.0000	0.0000	86.9024
117	200.0000	200.0000	0.0000	87.5871
118	200.0000	200.0000	0.0000	88.2728
119	200.0000	200.0000	0.0000	89.1054
120	200.0000	200.0000	0.0000	89.7882
121	200.0000	200.0000	0.0000	90.5399
122	200.0000	200.0000	0.0000	91.2361
123	200.0000	200.0000	0.0000	91.9166
124	200.0000	200.0000	0.0000	92.6495
125	200.0000	200.0000	0.0000	93.3449
126	200.0000	200.0000	0.0000	94.0523
127	200.0000	200.0000	0.0000	94.7464
128	200.0000	200.0000	0.0000	95.4292
129	200.0000	200.0000	0.0000	96.1106
130	200.0000	200.0000	0.0000	96.8106
131	200.0000	200.0000	0.0000	97.4991
132	200.0000	200.0000	0.0000	98.1765
133	200.0000	200.0000	0.0000	98.8553
134	200.0000	200.0000	0.0000	99.6048
135	200.0000	200.0000	0.0000	100.3549
136	200.0000	200.0000	0.0000	101.0537
137	200.0000	200.0000	0.0000	101.7387
138	200.0000	200.0000	0.0000	102.4237
139	200.0000	200.0000	0.0000	103.0998
140	200.0000	200.0000	0.0000	103.7776
141	200.0000	200.0000	0.0000	104.4726
142	200.0000	200.0000	0.0000	105.1528
143	200.0000	200.0000	0.0000	105.8352
144	200.0000	200.0000	0.0000	106.5187
145	200.0000	200.0000	0.0000	107.2075
146	200.0000	200.0000	0.0000	107.9974
147	200.0000	200.0000	0.0000	108.6884
148	200.0000	200.0000	0.0000	109.3786
149	200.0000	200.0000	0.0000	110.0698
150	200.0000	200.0000	0.0000	110.7590
151	200.0000	200.0000	0.0000	111.4624
152	200.0000	200.0000	0.0000	112.1526
153	200.0000	200.0000	0.0000	112.8411
154	200.0000	200.0000	0.0000	113.5323
155	200.0000	200.0000	0.0000	114.2170
156	200.0000	200.0000	0.0000	114.9192
157	200.0000	200.0000	0.0000	115.6011
158	200.0000	200.0000	0.0000	116.3886
159	200.0000	200.0000	0.0000	117.1098
160	200.0000	200.0000	0.0000	117.8207
161	200.0000	200.0000	0.0000	118.5248
162	200.0000	200.0000	0.0000	119.2515
163	200.0000	200.0000	0.0000	119.9577
164	200.0000	200.0000	0.0000	120.6760
165	200.0000	200.0000	0.0000	121.3953
166	200.0000	200.0000	0.0000	122.1039
167	200.0000	200.0000	0.0000	122.8697
168	200.0000	200.0000	0.0000	123.5588
169	200.0000	200.0000	0.0000	124.2495
170	200.0000	200.0000	0.0000	124.9576
171	200.0000	200.0000	0.0000	125.6719
172	200.0000	200.0000	0.0000	126.3940
173	200.0000	200.0000	0.0000	127.1698
174	200.0000	200.0000	0.0000	127.8636
175	200.0000	200.0000	0.0000	128.5560
176	200.0000	200.0000	0.0000	129.2648
177	200.0000	200.0000	0.0000	129.9486
178	200.0000	200.0000	0.0000	130.6374
179	200.0000	200.0000	0.0000	131.3241
180	200.0000	200.0000	0.0000	132.0512
181	200.0000	200.0000	0.0000	132.7732
182	200.0000	200.0000	0.0000	133.5840
183	200.0000	200.0000	0.0000	134.2754
184	200.0000	200.0000	0.0000	134.9616
185	200.0000	200.0000	0.0000	135.6516
186	200.0000	200.0000	0.0000	136.3492
187	200.0000	200.0000	0.0000	137.0788
188	200.0000	200.0000	0.0000	137.8026
189	200.0000	200.0000	0.0000	138.4928
190	200.0000	200.0000	0.0000	139.1826
191	200.0000	200.0000	0.0000	139.8883
192	200.0000	200.0000	0.0000	140.5776
193	200.0000	200.0000	0.0000	141.2685
194	200.0000	200.0000	0.0000	141.9530
195	200.0000	200.0000	0.0000	142.6446
196	200.0000	200.0000	0.0000	143.3485
197	200.0000	200.0000	0.0000	144.0320
198	200.0000	200.0000	0.0000	144.7251
199	200.0000	200.0000	0.0000	145.4146
Pos: [3.0000000103204374, 1.9999999830326742]

=================================================================================================================