ID: CF3	Date: 2018-06-14 21:41:46	Runs: 1
=================================================================================================================
Run: 0
Iter	Gbest	AvrFit	Diver	ETime	
0	-4.5269	-1072.7015	1.0000	1334.9710
1	-4.5269	-1006.8765	1.0000	2086.8468
2	-4.5269	-952.2797	0.9980	2862.6850
3	-4.5269	-986.1594	0.9988	3544.4095
4	-4.5269	-952.9049	0.9970	4252.6054
5	-4.5269	-942.0854	0.9987	4988.5349
6	-4.5269	-938.8100	0.9968	5717.9680
7	-4.5269	-935.5966	0.9946	6491.4773
8	-4.5269	-831.9211	0.9952	7228.8806
9	-4.5269	-880.1359	0.9949	8012.6853
10	-4.5269	-852.4056	0.9935	8983.9730
11	-4.5269	-848.1330	0.9927	9938.0805
12	-4.5269	-891.1545	0.9928	11016.1686
13	-0.5061	-835.7330	0.9904	11996.0506
14	-0.5061	-827.5201	0.9902	12976.0094
15	-0.5061	-782.1923	0.9914	13924.0332
16	-0.5061	-862.3055	0.9909	14762.5473
17	-0.5061	-860.8445	0.9907	15614.1043
18	-0.5061	-808.6596	0.9903	16423.6603
19	-0.5061	-809.2829	0.9886	17194.2861
20	-0.5061	-815.5526	0.9875	17925.8776
21	-0.5061	-755.3640	0.9882	18837.6772
22	-0.5061	-772.3941	0.9852	20447.2573
23	-0.5061	-738.9086	0.9844	22177.9194
24	-0.1835	-758.6643	0.9830	23874.7985
25	-0.1835	-730.9937	0.9834	25420.8574
26	-0.1835	-731.2452	0.9822	26932.7617
27	-0.1835	-746.4153	0.9818	28533.9291
28	-0.1835	-789.4560	0.9809	29800.6678
29	-0.1835	-732.7223	0.9807	30737.1352
30	-0.1835	-764.7464	0.9803	31743.9628
31	-0.1835	-743.9959	0.9798	32542.7284
32	-0.1835	-706.0317	0.9777	33346.2737
33	-0.1835	-719.1178	0.9764	34135.3650
34	-0.1835	-708.0259	0.9737	34910.2056
35	-0.1835	-663.8395	0.9735	35765.0759
36	-0.1835	-665.9531	0.9729	36592.8156
37	-0.1835	-650.9832	0.9729	37426.0063
38	-0.1835	-674.6478	0.9750	38339.4773
39	-0.1835	-685.8393	0.9720	39434.4525
40	-0.1835	-639.0755	0.9723	40246.5789
41	-0.1835	-693.0846	0.9734	41160.9454
42	-0.1835	-666.1632	0.9729	41986.5036
43	-0.1835	-670.1975	0.9726	42943.8500
44	-0.1835	-631.9276	0.9727	43777.5471
45	-0.1835	-617.2089	0.9719	44920.4783
46	-0.1835	-643.3955	0.9729	46051.4581
47	-0.1835	-613.1309	0.9717	47043.3710
48	-0.1835	-638.1435	0.9718	47862.6728
49	-0.1835	-668.2849	0.9714	48659.1921
50	-0.1835	-625.5402	0.9710	49525.2414
51	-0.1835	-642.1204	0.9709	50332.2048
52	-0.1835	-616.5343	0.9710	51175.2429
53	-0.1835	-657.5090	0.9709	52025.6343
54	-0.0967	-623.9903	0.9713	52939.6851
55	-0.0967	-586.2556	0.9711	54064.7445
56	-0.0967	-613.1052	0.9702	55035.2848
57	-0.0967	-577.9572	0.9695	56148.3274
58	-0.0967	-630.4872	0.9691	57063.0181
59	-0.0967	-606.6911	0.9684	58070.0839
60	-0.0967	-611.0690	0.9683	58949.4734
61	-0.0967	-590.9407	0.9677	59895.5314
62	-0.0967	-606.3188	0.9673	61011.0753
63	-0.0967	-558.9418	0.9670	61966.7947
64	-0.0967	-547.3942	0.9672	62887.9106
65	-0.0967	-551.0498	0.9674	63906.9231
66	-0.0967	-568.6638	0.9662	64739.7530
67	-0.0967	-563.5514	0.9660	65587.8897
68	-0.0967	-518.5097	0.9657	66446.9581
69	-0.0967	-582.8314	0.9644	67332.1540
70	-0.0967	-542.1484	0.9640	68319.5050
71	-0.0967	-545.1317	0.9637	69338.1913
72	-0.0967	-551.4502	0.9635	70330.3397
73	-0.0967	-599.0737	0.9626	71376.9705
74	-0.0967	-556.7733	0.9626	72350.7633
75	-0.0967	-591.7740	0.9623	73285.7692
76	-0.0967	-553.8713	0.9621	74298.8248
77	-0.0967	-580.0828	0.9609	75161.6375
78	-0.0967	-566.5895	0.9610	76009.0048
79	-0.0967	-544.4978	0.9607	76958.4732
80	-0.0967	-589.5467	0.9607	77947.0110
81	-0.0648	-547.6117	0.9606	78924.8912
82	-0.0648	-591.9614	0.9603	79892.8833
83	-0.0648	-565.8392	0.9602	80738.6327
84	-0.0648	-545.9474	0.9583	81597.5952
85	-0.0648	-580.6728	0.9559	82568.2292
86	-0.0648	-535.4419	0.9560	83405.8170
87	-0.0648	-537.6231	0.9556	84255.3172
88	-0.0648	-550.3976	0.9554	85318.1303
89	-0.0648	-502.3061	0.9553	86291.9638
90	-0.0648	-489.8249	0.9546	87264.6484
91	-0.0648	-495.1249	0.9546	88140.5473
92	-0.0648	-498.5211	0.9543	88972.4236
93	-0.0317	-476.4171	0.9538	89825.4013
94	-0.0317	-482.7939	0.9533	90739.3942
95	-0.0317	-493.5493	0.9533	91600.2972
96	-0.0317	-492.9390	0.9532	92583.3833
97	-0.0317	-492.0405	0.9530	93590.1637
98	-0.0317	-476.3936	0.9528	94574.4343
99	-0.0317	-458.8816	0.9525	95526.9079
100	-0.0317	-487.3437	0.9521	96427.6721
101	-0.0317	-479.7448	0.9519	97311.1122
102	-0.0317	-501.6101	0.9517	98553.3810
103	-0.0317	-453.6007	0.9517	100108.9003
104	-0.0317	-481.9226	0.9515	101824.0662
105	-0.0317	-482.1821	0.9510	103552.9473
106	-0.0317	-466.4648	0.9506	105119.5350
107	-0.0317	-496.2709	0.9504	106648.9017
108	-0.0271	-520.4857	0.9507	108228.5349
109	-0.0271	-497.6739	0.9507	109955.5721
110	-0.0271	-493.6023	0.9509	111677.7160
111	-0.0271	-503.5642	0.9505	113230.7584
112	-0.0271	-473.6705	0.9494	114763.2995
113	-0.0271	-453.9415	0.9511	116343.8969
114	-0.0271	-480.4292	0.9506	118059.6511
115	-0.0271	-472.3551	0.9519	119782.2087
116	-0.0271	-451.1861	0.9511	121330.2326
117	-0.0271	-438.4777	0.9513	122878.8657
118	-0.0271	-457.4271	0.9512	124487.6740
119	-0.0208	-456.1390	0.9510	126201.1974
120	-0.0208	-440.7860	0.9510	127925.7267
121	-0.0208	-414.5406	0.9508	129461.2739
122	-0.0208	-470.5623	0.9507	130993.3009
123	-0.0208	-499.9107	0.9502	132609.9772
124	-0.0208	-445.2068	0.9502	134346.8881
125	-0.0208	-465.9161	0.9502	136041.0454
126	-0.0208	-503.3462	0.9502	137561.3205
127	-0.0208	-448.9797	0.9501	139078.8896
128	-0.0208	-465.2600	0.9499	140681.0408
129	-0.0208	-484.6069	0.9495	142392.3786
130	-0.0208	-491.9438	0.9491	144083.1151
131	-0.0208	-488.1751	0.9489	145605.7701
132	-0.0208	-487.0601	0.9488	147130.3194
133	-0.0208	-492.7481	0.9487	148741.3461
134	-0.0208	-501.6185	0.9487	150450.7117
135	-0.0208	-501.4878	0.9487	152135.0744
136	-0.0208	-511.6569	0.9488	153655.7944
137	-0.0208	-519.0449	0.9488	155177.0618
138	-0.0208	-465.1596	0.9486	156789.2516
139	-0.0208	-487.2527	0.9486	158497.0465
140	-0.0208	-503.1854	0.9482	160176.7893
141	-0.0208	-481.1639	0.9478	161694.3176
142	-0.0208	-503.3609	0.9476	163213.5084
143	-0.0208	-490.8199	0.9477	164823.8566
144	-0.0208	-428.7912	0.9477	166531.5368
145	-0.0208	-435.5439	0.9475	168201.4742
146	-0.0208	-477.6025	0.9476	169715.1475
147	-0.0208	-465.9034	0.9465	171229.8105
148	-0.0208	-492.0412	0.9452	172842.5853
149	-0.0208	-457.0580	0.9450	174546.1848
150	-0.0208	-467.4502	0.9450	176215.5962
151	-0.0208	-433.4989	0.9437	177730.1550
152	-0.0208	-477.2088	0.9438	179252.5203
153	-0.0075	-459.0869	0.9435	180876.6088
154	-0.0075	-469.7491	0.9432	182585.5722
155	-0.0075	-465.0415	0.9433	184259.7666
156	-0.0075	-456.7479	0.9432	185778.9655
157	-0.0075	-459.5634	0.9430	187301.4605
158	-0.0075	-457.5561	0.9417	188932.1096
159	-0.0075	-480.8977	0.9408	190643.4960
160	-0.0075	-473.0851	0.9412	192311.5456
161	-0.0075	-468.6414	0.9413	193824.1930
162	-0.0075	-475.5973	0.9406	195340.5530
163	-0.0075	-496.5774	0.9395	196965.6744
164	-0.0075	-473.7664	0.9396	198670.9764
165	-0.0075	-458.3983	0.9387	200331.0885
166	-0.0075	-470.2502	0.9387	201846.4203
167	-0.0075	-480.9329	0.9390	203359.3459
168	-0.0075	-466.5766	0.9391	204987.4103
169	-0.0075	-459.0392	0.9378	206691.7877
170	-0.0075	-469.9081	0.9376	208347.1859
171	-0.0075	-495.0985	0.9376	209872.0834
172	-0.0075	-482.9831	0.9376	211392.7402
173	-0.0075	-473.1128	0.9375	213021.9567
174	-0.0075	-466.5055	0.9375	214732.6260
175	-0.0075	-484.6441	0.9374	216390.4066
176	-0.0056	-473.8531	0.9373	217915.0417
177	-0.0056	-445.7703	0.9375	219432.2026
178	-0.0009	-473.7902	0.9374	221071.5821
179	-0.0009	-496.9490	0.9369	222785.5899
180	-0.0009	-422.6719	0.9350	224444.2172
181	-0.0009	-418.6748	0.9343	225961.5581
182	-0.0009	-432.9359	0.9348	227479.0313
183	-0.0009	-443.8358	0.9348	229118.2082
184	-0.0009	-417.5568	0.9343	230825.3667
185	-0.0009	-448.7127	0.9342	232476.6083
186	-0.0009	-430.7974	0.9333	233999.9411
187	-0.0009	-469.6711	0.9330	235520.5724
188	-0.0009	-417.4517	0.9328	237171.3758
189	-0.0009	-448.8603	0.9326	238885.9503
190	-0.0009	-454.4108	0.9321	240531.6722
191	-0.0009	-426.1136	0.9308	242052.5980
192	-0.0009	-422.2008	0.9308	243575.9537
193	-0.0009	-414.4592	0.9305	245237.8266
194	-0.0009	-450.4326	0.9304	246949.4147
195	-0.0009	-441.2857	0.9307	248589.1864
196	-0.0009	-392.6854	0.9305	250109.1216
197	-0.0005	-401.5568	0.9306	251628.5605
198	-0.0005	-415.8916	0.9304	253287.8003
199	-0.0005	-412.6397	0.9289	254991.1771
200	-0.0005	-407.7733	0.9289	256622.8633
201	-0.0005	-387.9361	0.9272	258141.7947
202	-0.0005	-402.2383	0.9272	259659.6072
203	-0.0005	-426.2358	0.9262	261322.6178
204	-0.0005	-409.9750	0.9262	263030.8614
205	-0.0002	-384.6833	0.9250	264658.3698
206	-0.0002	-416.4409	0.9251	266175.5331
207	-0.0002	-406.3700	0.9247	267697.7572
208	-0.0002	-432.0788	0.9247	269363.3432
209	-0.0002	-398.2114	0.9238	271068.5260
210	-0.0002	-369.1787	0.9239	272690.8064
211	-0.0002	-413.0695	0.9240	274208.3883
212	-0.0002	-435.2080	0.9240	275724.3407
213	-0.0002	-435.7898	0.9239	277399.8682
214	-0.0002	-420.3110	0.9233	279112.7596
215	-0.0002	-445.1851	0.9228	280734.9098
216	-0.0002	-400.8743	0.9221	282255.1050
217	-0.0002	-431.3628	0.9221	283775.4738
218	-0.0002	-414.8512	0.9219	285455.0605
219	-0.0002	-413.3539	0.9219	287165.6044
220	-0.0002	-418.2122	0.9217	288780.9691
221	-0.0001	-447.4871	0.9217	290298.0449
222	-0.0001	-434.6747	0.9208	291816.9289
223	-0.0001	-421.3519	0.9207	293494.6246
224	-0.0001	-385.8844	0.9207	295198.5593
225	-0.0001	-371.2088	0.9207	296808.2972
226	-0.0001	-415.9992	0.9204	298293.1199
227	-0.0001	-389.1043	0.9202	299222.6973
228	-0.0001	-373.6417	0.9196	299998.5638
229	-0.0001	-381.3729	0.9194	300914.4478
230	-0.0001	-385.9274	0.9193	302069.4129
231	-0.0001	-396.5265	0.9190	302934.8838
232	-0.0001	-372.7339	0.9190	303809.4440
233	-0.0001	-377.5597	0.9190	304617.0418
234	-0.0001	-365.8297	0.9190	305439.2917
235	-0.0001	-380.9919	0.9190	306270.6902
236	-0.0000	-414.0435	0.9189	307177.2811
237	-0.0000	-400.5746	0.9189	308081.2027
238	-0.0000	-389.6237	0.9188	308984.0562
239	-0.0000	-387.4561	0.9188	309890.9004
240	-0.0000	-383.7437	0.9188	310820.1513
241	-0.0000	-393.6052	0.9191	311763.8741
242	-0.0000	-390.9312	0.9191	312726.4922
243	-0.0000	-371.1048	0.9191	313522.5477
244	-0.0000	-390.9441	0.9190	314580.2603
245	-0.0000	-382.3182	0.9181	315473.8741
246	-0.0000	-375.7006	0.9181	316326.8161
247	-0.0000	-390.8386	0.9173	317241.2095
248	-0.0000	-406.1042	0.9172	318123.5578
249	-0.0000	-368.3112	0.9172	319033.0477
250	-0.0000	-373.3330	0.9162	319935.7307
251	-0.0000	-379.9303	0.9162	320730.4957
252	-0.0000	-390.6116	0.9160	321514.2462
253	-0.0000	-404.7308	0.9147	322303.6082
254	-0.0000	-396.4968	0.9146	323171.9675
255	-0.0000	-391.1607	0.9143	324011.8711
256	-0.0000	-361.8471	0.9140	324912.5793
257	-0.0000	-394.4086	0.9140	325833.5137
258	-0.0000	-391.4087	0.9140	326735.5819
259	-0.0000	-397.0494	0.9140	327685.5886
260	-0.0000	-378.2294	0.9135	328560.0915
261	-0.0000	-394.0462	0.9136	329362.8883
262	-0.0000	-391.6860	0.9136	330161.5405
263	-0.0000	-418.9448	0.9136	330956.7349
264	-0.0000	-400.6027	0.9136	331765.1649
265	-0.0000	-414.2434	0.9136	332632.1576
266	-0.0000	-403.9713	0.9128	333520.7903
267	-0.0000	-402.8641	0.9127	334512.6715
268	-0.0000	-395.0907	0.9123	335595.3462
269	-0.0000	-387.4171	0.9125	336538.6143
270	-0.0000	-401.3498	0.9124	337420.5449
271	-0.0000	-390.2564	0.9124	338422.8573
272	-0.0000	-371.7051	0.9121	339292.0401
273	-0.0000	-366.3123	0.9120	340245.6188
274	-0.0000	-363.8666	0.9113	341114.0475
275	-0.0000	-428.5103	0.9113	342018.3456
276	-0.0000	-344.5682	0.9113	342919.3773
277	-0.0000	-375.6792	0.9113	343700.1257
278	-0.0000	-353.2841	0.9110	344454.0505
279	-0.0000	-374.3957	0.9109	345147.2526
280	-0.0000	-359.1520	0.9109	345976.1937
281	-0.0000	-406.6968	0.9109	346821.5356
282	-0.0000	-414.5083	0.9109	347563.9069
283	-0.0000	-379.9594	0.9109	348313.0083
284	-0.0000	-351.6100	0.9109	349092.6180
285	-0.0000	-387.4610	0.9108	349889.8394
286	-0.0000	-396.2270	0.9104	350688.3647
287	-0.0000	-386.8622	0.9101	351488.6148
288	-0.0000	-384.1965	0.9096	352257.0355
289	-0.0000	-341.1052	0.9094	352967.3541
290	-0.0000	-389.2788	0.9093	353815.1405
291	-0.0000	-385.8698	0.9089	354615.4583
292	-0.0000	-389.5783	0.9086	355414.4118
293	-0.0000	-396.2063	0.9083	356243.6376
294	-0.0000	-398.1651	0.9082	357041.2436
295	-0.0000	-375.3301	0.9078	357852.0193
296	-0.0000	-331.8237	0.9078	358761.7953
297	-0.0000	-376.3175	0.9068	359657.8948
298	-0.0000	-344.9114	0.9068	360441.2696
299	-0.0000	-334.5879	0.9067	361173.3174
300	-0.0000	-346.1040	0.9066	361899.5597
301	-0.0000	-354.5708	0.9060	362598.5138
302	-0.0000	-337.9781	0.9053	363334.6760
303	-0.0000	-378.5367	0.9053	364053.4894
304	-0.0000	-345.8290	0.9053	364916.5049
305	-0.0000	-367.8212	0.9040	365722.2180
306	-0.0000	-403.8614	0.9038	366767.4451
307	-0.0000	-389.1878	0.9038	368380.4348
308	-0.0000	-372.3872	0.9038	369853.1094
309	-0.0000	-370.4965	0.9037	371325.4266
310	-0.0000	-387.3520	0.9033	372534.7600
311	-0.0000	-381.5597	0.9033	373810.6911
312	-0.0000	-437.7942	0.9031	375142.9660
313	-0.0000	-369.7155	0.9029	376676.2488
314	-0.0000	-388.1119	0.9029	378112.0865
315	-0.0000	-388.9215	0.9026	379540.7319
316	-0.0000	-403.3748	0.9025	381067.7493
317	-0.0000	-354.5581	0.9025	382661.6066
318	-0.0000	-368.4735	0.9025	384245.8255
319	-0.0000	-393.5259	0.9020	385659.8320
320	-0.0000	-399.9355	0.9019	387073.2310
321	-0.0000	-361.5439	0.9018	388538.4750
322	-0.0000	-389.0076	0.9016	390118.1924
323	-0.0000	-415.0805	0.9016	391726.6269
324	-0.0000	-384.4426	0.9014	393208.7808
325	-0.0000	-380.9389	0.9012	394634.1033
326	-0.0000	-370.4447	0.9012	396047.3337
327	-0.0000	-365.4454	0.9012	397609.8084
328	-0.0000	-383.9437	0.8999	399196.3637
329	-0.0000	-350.4595	0.8999	400704.4981
330	-0.0000	-376.5642	0.8998	402105.2406
331	-0.0000	-358.0810	0.8997	403541.0337
332	-0.0000	-364.8956	0.8994	405065.3806
333	-0.0000	-377.3290	0.8994	406390.5420
334	-0.0000	-371.4943	0.8993	407476.2549
335	-0.0000	-382.8078	0.8995	408522.4977
336	-0.0000	-409.7249	0.8995	409637.9793
337	-0.0000	-354.1797	0.8994	410838.1133
338	-0.0000	-367.7980	0.8994	411759.6114
339	-0.0000	-385.5315	0.8993	412992.0678
340	-0.0000	-385.5922	0.8993	414100.7221
341	-0.0000	-340.1824	0.8990	415213.1238
342	-0.0000	-378.6885	0.8989	416443.7618
343	-0.0000	-367.5267	0.8989	417494.8277
344	-0.0000	-368.8634	0.8974	418619.5588
345	-0.0000	-358.3239	0.8964	419422.1454
346	-0.0000	-349.7653	0.8964	420320.9419
347	-0.0000	-408.9094	0.8963	421251.4846
348	-0.0000	-343.7391	0.8956	422163.9347
349	-0.0000	-404.2568	0.8955	423285.4223
350	-0.0000	-355.0921	0.8953	424389.3871
351	-0.0000	-359.2965	0.8950	425340.4114
352	-0.0000	-355.9188	0.8949	426187.7112
353	-0.0000	-334.6786	0.8949	427011.7655
354	-0.0000	-383.8670	0.8946	427829.4153
355	-0.0000	-335.0568	0.8945	428715.3587
356	-0.0000	-388.3776	0.8938	429574.9757
357	-0.0000	-384.3575	0.8934	430441.4320
358	-0.0000	-368.0575	0.8934	431320.2367
359	-0.0000	-359.9789	0.8934	432174.7668
360	-0.0000	-360.4100	0.8934	432923.6107
361	-0.0000	-367.1027	0.8934	433674.0303
362	-0.0000	-427.5797	0.8934	434420.7211
363	-0.0000	-395.0641	0.8930	435168.7992
364	-0.0000	-376.0706	0.8930	435924.5205
365	-0.0000	-375.3678	0.8930	436739.4528
366	-0.0000	-374.4736	0.8930	437913.0733
367	-0.0000	-393.8172	0.8928	439509.9821
368	-0.0000	-365.3154	0.8927	441000.9053
369	-0.0000	-393.2675	0.8920	442417.8090
370	-0.0000	-381.1675	0.8920	443828.5358
371	-0.0000	-373.6547	0.8920	445375.5746
372	-0.0000	-375.9622	0.8920	446969.5597
373	-0.0000	-366.3105	0.8920	448523.1569
374	-0.0000	-358.6751	0.8920	449940.4089
375	-0.0000	-364.6005	0.8915	451354.0432
376	-0.0000	-352.5948	0.8915	452837.8661
377	-0.0000	-391.0864	0.8914	454436.3530
378	-0.0000	-411.5289	0.8914	456030.5123
379	-0.0000	-351.7062	0.8914	457463.4926
380	-0.0000	-350.5613	0.8914	458877.2657
381	-0.0000	-351.5866	0.8911	460301.9950
382	-0.0000	-381.6635	0.8911	461897.0146
383	-0.0000	-342.1134	0.8911	463489.0132
384	-0.0000	-382.7229	0.8909	464985.9595
385	-0.0000	-378.5311	0.8908	466399.7958
386	-0.0000	-343.1728	0.8907	467814.0287
387	-0.0000	-363.5174	0.8906	469351.7756
388	-0.0000	-332.0124	0.8904	470936.5680
389	-0.0000	-358.5693	0.8903	472486.6197
390	-0.0000	-379.8163	0.8903	473896.8625
391	-0.0000	-377.1373	0.8902	475310.5600
392	-0.0000	-353.1596	0.8894	476789.5954
393	-0.0000	-365.2137	0.8894	478384.8174
394	-0.0000	-348.6184	0.8894	479981.3852
395	-0.0000	-365.0696	0.8894	481419.6987
396	-0.0000	-367.5497	0.8890	482834.3456
397	-0.0000	-344.0400	0.8902	484252.1057
398	-0.0000	-362.5647	0.8902	485848.0940
399	-0.0000	-371.4557	0.8899	487439.2591
400	-0.0000	-326.5312	0.8895	488941.6797
401	-0.0000	-364.3603	0.8880	490345.6588
402	-0.0000	-340.8035	0.8880	491751.1048
403	-0.0000	-381.5046	0.8879	493276.7916
404	-0.0000	-374.3114	0.8877	494865.5617
405	-0.0000	-371.0206	0.8870	496425.8850
406	-0.0000	-365.7788	0.8870	497839.9401
407	-0.0000	-371.1144	0.8870	499255.3670
408	-0.0000	-372.8710	0.8871	500728.5299
409	-0.0000	-363.6467	0.8867	502329.6003
410	-0.0000	-367.1757	0.8865	503925.9391
411	-0.0000	-406.4079	0.8865	505380.2238
412	-0.0000	-350.4773	0.8864	506796.3552
413	-0.0000	-361.7896	0.8863	508207.5691
414	0.0000	-346.6072	0.8863	509787.1275
415	0.0000	-374.4437	0.8859	511378.0351
416	0.0000	-344.1679	0.8859	512888.4323
417	0.0000	-367.3467	0.8855	514299.4900
418	0.0000	-372.5041	0.8850	515708.8366
419	0.0000	-385.7990	0.8837	517228.7791
420	0.0000	-348.8640	0.8834	518821.9376
421	0.0000	-368.7025	0.8834	520393.9276
422	0.0000	-378.6944	0.8834	521803.7145
423	0.0000	-329.6870	0.8836	523212.5962
424	0.0000	-366.7907	0.8839	524415.2629
425	0.0000	-332.5907	0.8840	525313.5455
426	0.0000	-315.5107	0.8839	526282.2194
427	0.0000	-338.1152	0.8844	527280.8154
428	0.0000	-307.3005	0.8844	528198.3578
429	0.0000	-346.9673	0.8838	528992.9123
430	0.0000	-335.0908	0.8838	529799.6361
431	0.0000	-317.6187	0.8838	530593.4153
432	0.0000	-348.8955	0.8837	531408.3319
433	0.0000	-365.0370	0.8837	532210.7108
434	0.0000	-347.2740	0.8837	533107.8978
435	0.0000	-342.5405	0.8832	534469.0797
436	0.0000	-350.4280	0.8832	536043.8941
437	0.0000	-356.2232	0.8829	537468.5466
438	0.0000	-345.4509	0.8827	538880.4350
439	0.0000	-345.3953	0.8824	540279.7544
440	0.0000	-317.7722	0.8821	541852.9284
441	0.0000	-335.0841	0.8821	543441.5195
442	0.0000	-367.9731	0.8820	544950.7964
443	0.0000	-345.1391	0.8828	546355.6728
444	0.0000	-354.5679	0.8828	547759.3219
445	0.0000	-346.4440	0.8829	549284.0180
446	0.0000	-368.5738	0.8828	550864.1188
447	0.0000	-361.3878	0.8827	552424.7789
448	0.0000	-366.4012	0.8825	553837.6703
449	0.0000	-346.3233	0.8825	555238.6239
450	0.0000	-374.1914	0.8824	556680.2018
451	0.0000	-363.0846	0.8824	558264.7302
452	0.0000	-362.3329	0.8823	559850.4570
453	0.0000	-389.7139	0.8823	561299.0398
454	0.0000	-354.8512	0.8822	562699.2657
455	0.0000	-356.1749	0.8822	564108.7856
456	0.0000	-346.2037	0.8822	565661.1018
457	0.0000	-339.0537	0.8818	567238.9348
458	0.0000	-354.3980	0.8818	568767.0212
459	0.0000	-337.0815	0.8826	570166.6207
460	0.0000	-354.4450	0.8831	571562.3469
461	0.0000	-327.1353	0.8831	573046.4609
462	0.0000	-368.4684	0.8834	574634.4824
463	0.0000	-327.9300	0.8833	575964.6502
464	0.0000	-341.1397	0.8832	576776.3257
465	0.0000	-334.0351	0.8830	577558.9797
466	0.0000	-363.1050	0.8830	578314.0862
467	0.0000	-318.0011	0.8827	579074.4655
468	0.0000	-322.8394	0.8823	579831.6700
469	0.0000	-346.1189	0.8824	580626.5607
470	0.0000	-362.5144	0.8824	581492.4085
471	0.0000	-356.0546	0.8821	582350.5561
472	0.0000	-357.2715	0.8827	583327.4407
473	0.0000	-342.1152	0.8826	584308.5177
474	0.0000	-349.2105	0.8830	585185.1304
475	0.0000	-324.6670	0.8830	586026.0201
476	0.0000	-367.1592	0.8830	586833.3449
477	0.0000	-344.6482	0.8830	587642.9312
478	0.0000	-346.7743	0.8829	589165.5433
479	0.0000	-351.5348	0.8822	590781.3721
480	0.0000	-356.4425	0.8820	592379.9462
481	0.0000	-354.2192	0.8819	593795.0654
482	0.0000	-382.6911	0.8818	595208.8468
483	0.0000	-337.4546	0.8817	596645.8273
484	0.0000	-376.2329	0.8818	598222.4243
485	0.0000	-326.3339	0.8817	599803.9818
486	0.0000	-337.3674	0.8817	601270.2527
487	0.0000	-357.3200	0.8818	602675.9567
488	0.0000	-327.4503	0.8818	604078.6676
489	0.0000	-370.9683	0.8815	605628.5701
490	0.0000	-381.0640	0.8815	607232.6040
491	0.0000	-345.4464	0.8822	608784.4136
492	0.0000	-364.1651	0.8822	610233.1417
493	0.0000	-378.1709	0.8822	611733.2997
494	0.0000	-372.7775	0.8834	613131.7968
495	0.0000	-348.2457	0.8833	614146.7030
496	0.0000	-386.6672	0.8833	615102.1783
497	0.0000	-352.4812	0.8830	616266.3567
498	0.0000	-371.5593	0.8832	617720.2892
499	0.0000	-341.1862	0.8831	619143.5261
500	0.0000	-369.1212	0.8826	620592.3719
501	0.0000	-366.3252	0.8828	622190.8724
502	0.0000	-355.3099	0.8829	623782.0692
503	0.0000	-343.2436	0.8829	625260.8178
504	0.0000	-324.5182	0.8828	626704.3459
505	0.0000	-343.6021	0.8828	628184.4287
506	0.0000	-325.3870	0.8828	629810.4596
507	0.0000	-343.4093	0.8827	631401.7446
508	0.0000	-301.9138	0.8827	632931.6435
509	0.0000	-294.5629	0.8829	634355.0844
510	0.0000	-312.6128	0.8828	635757.6320
511	0.0000	-306.4423	0.8828	637278.9695
512	0.0000	-325.7795	0.8828	638863.6451
513	0.0000	-320.7888	0.8829	640437.9239
514	0.0000	-314.2453	0.8828	641855.9639
515	0.0000	-305.8812	0.8829	643258.7469
516	0.0000	-310.4545	0.8827	644691.5581
517	0.0000	-317.7061	0.8826	646290.8804
518	0.0000	-328.3076	0.8826	647869.0202
519	0.0000	-287.5420	0.8825	649328.9094
520	0.0000	-320.2536	0.8825	650748.2274
521	0.0000	-337.5839	0.8825	652150.2686
522	0.0000	-352.6478	0.8825	653717.9065
523	0.0000	-325.2919	0.8825	655352.3486
524	0.0000	-363.3616	0.8825	656897.2678
525	0.0000	-337.7381	0.8825	658327.7576
526	0.0000	-347.4733	0.8825	659773.3715
527	0.0000	-348.7248	0.8825	661299.5338
528	0.0000	-319.3936	0.8824	662691.2382
529	0.0000	-367.4014	0.8824	663743.0339
530	0.0000	-389.0891	0.8823	664956.6209
531	0.0000	-383.9119	0.8823	665933.7020
532	0.0000	-374.0557	0.8823	666692.7607
533	0.0000	-353.8394	0.8823	667431.3903
534	0.0000	-378.6163	0.8824	668173.8069
535	0.0000	-410.7950	0.8824	668984.5178
536	0.0000	-380.0758	0.8823	669825.7065
537	0.0000	-384.3266	0.8820	670683.0177
538	0.0000	-398.2921	0.8820	671538.5404
539	0.0000	-367.9775	0.8820	672390.0428
540	0.0000	-409.9719	0.8820	673138.5603
541	0.0000	-377.9408	0.8819	673889.4739
542	0.0000	-377.8092	0.8818	674641.6938
543	0.0000	-392.6174	0.8817	675379.6148
544	0.0000	-414.3815	0.8817	676119.3223
545	0.0000	-396.8664	0.8817	676936.0492
546	0.0000	-421.1102	0.8817	677802.4244
547	0.0000	-428.4991	0.8817	678656.8336
548	0.0000	-386.0394	0.8817	679516.8316
549	0.0000	-395.7228	0.8817	680392.7026
550	0.0000	-345.6251	0.8817	681121.4097
551	0.0000	-355.5151	0.8817	681861.9249
552	0.0000	-330.5719	0.8817	682617.1088
553	0.0000	-337.8566	0.8817	683368.4962
554	0.0000	-332.3463	0.8818	684121.5219
555	0.0000	-345.1809	0.8817	684939.2896
556	0.0000	-380.0352	0.8817	685777.4260
557	0.0000	-386.2037	0.8817	686639.6165
558	0.0000	-342.6108	0.8818	687488.8453
559	0.0000	-382.1281	0.8817	688340.4169
560	0.0000	-325.8787	0.8817	689104.9287
561	0.0000	-355.5329	0.8817	689849.0357
562	0.0000	-331.9128	0.8817	690591.6297
563	0.0000	-336.4736	0.8818	691340.7781
564	0.0000	-350.2629	0.8818	692084.3749
565	0.0000	-325.7752	0.8818	692871.5529
566	0.0000	-343.5282	0.8817	693725.0898
567	0.0000	-343.9787	0.8811	694594.5673
568	0.0000	-344.2011	0.8811	695456.6293
569	0.0000	-344.3618	0.8812	696296.0188
570	0.0000	-340.3668	0.8811	697027.4119
571	0.0000	-317.6574	0.8812	697741.3878
572	0.0000	-360.3196	0.8812	698459.6186
573	0.0000	-352.3888	0.8806	699178.0329
574	0.0000	-333.0847	0.8806	699942.1949
575	0.0000	-340.4402	0.8805	700704.2885
576	0.0000	-347.8130	0.8806	701558.9397
577	0.0000	-359.7411	0.8806	702411.3390
578	0.0000	-361.1471	0.8805	703276.9358
579	0.0000	-326.3118	0.8806	704144.5570
580	0.0000	-340.9347	0.8806	704940.2051
581	0.0000	-354.0638	0.8804	705711.9048
582	0.0000	-333.4120	0.8803	706467.7300
583	0.0000	-341.2340	0.8802	707219.1470
584	0.0000	-323.0268	0.8801	707968.2045
585	0.0000	-315.7857	0.8801	708758.7616
586	0.0000	-321.1403	0.8801	709625.5515
587	0.0000	-347.7206	0.8800	710505.2888
588	0.0000	-381.3613	0.8800	711367.1238
589	0.0000	-384.6889	0.8798	712192.0266
590	0.0000	-361.7211	0.8795	712941.8855
591	0.0000	-373.8729	0.8795	713699.1339
592	0.0000	-357.1051	0.8795	714430.4886
593	0.0000	-401.9640	0.8796	715166.8785
594	0.0000	-388.8746	0.8793	715902.6461
595	0.0000	-398.4492	0.8794	716660.8825
596	0.0000	-343.2633	0.8792	717479.7993
597	0.0000	-365.1086	0.8792	718303.4542
598	0.0000	-370.1060	0.8792	719121.8007
599	0.0000	-395.4958	0.8794	719977.3374
600	0.0000	-350.1881	0.8794	720800.7798
601	0.0000	-355.2549	0.8793	721698.0526
602	0.0000	-374.6014	0.8793	722552.4600
603	0.0000	-353.5442	0.8793	723284.1983
604	0.0000	-319.9982	0.8793	724009.0482
605	0.0000	-328.5071	0.8793	724768.8174
606	0.0000	-316.2661	0.8793	725600.0986
607	0.0000	-344.4710	0.8791	726415.5755
608	0.0000	-317.8457	0.8790	727235.5418
609	0.0000	-329.9136	0.8791	728063.5636
610	0.0000	-345.9818	0.8790	728832.7599
611	0.0000	-334.9545	0.8783	729556.4089
612	0.0000	-336.6260	0.8783	730277.1873
613	0.0000	-313.7736	0.8783	731002.4145
614	0.0000	-346.2562	0.8783	731740.6754
615	0.0000	-350.5330	0.8782	732454.5040
616	0.0000	-350.6147	0.8782	733264.6229
617	0.0000	-344.5215	0.8781	734089.2773
618	0.0000	-354.8607	0.8781	734927.1851
619	0.0000	-341.1174	0.8782	735743.3066
620	0.0000	-343.0350	0.8781	736542.5198
621	0.0000	-348.1733	0.8781	737257.4196
622	0.0000	-363.4405	0.8781	737964.0076
623	0.0000	-353.2201	0.8780	738694.1359
624	0.0000	-333.4952	0.8778	739416.9600
625	0.0000	-311.3284	0.8778	740143.2781
626	0.0000	-319.6924	0.8777	740934.0966
627	0.0000	-347.8473	0.8777	741752.4424
628	0.0000	-305.8640	0.8777	742560.1952
629	0.0000	-301.8289	0.8777	743395.0944
630	0.0000	-313.4384	0.8777	744216.7153
631	0.0000	-319.4294	0.8777	744962.6808
632	0.0000	-338.2680	0.8776	745677.5169
633	0.0000	-324.5772	0.8776	746392.8573
634	0.0000	-346.2391	0.8776	747108.2530
635	0.0000	-357.0878	0.8776	747836.1523
636	0.0000	-329.0935	0.8776	748566.5123
637	0.0000	-340.8807	0.8776	749390.0931
638	0.0000	-350.1200	0.8776	750212.9500
639	0.0000	-307.1986	0.8775	751036.2353
640	0.0000	-362.6518	0.8774	751872.8547
641	0.0000	-334.8642	0.8774	752661.4032
642	0.0000	-341.1616	0.8774	753370.7614
643	0.0000	-327.8855	0.8774	754096.2174
644	0.0000	-347.3317	0.8774	754810.9725
645	0.0000	-332.8935	0.8774	755530.1948
646	0.0000	-318.4715	0.8773	756252.3043
647	0.0000	-347.1206	0.8784	757040.9889
648	0.0000	-319.7491	0.8784	757865.2935
649	0.0000	-301.9543	0.8784	758688.2248
650	0.0000	-354.6843	0.8789	759506.1848
651	0.0000	-366.3053	0.8789	760321.5001
652	0.0000	-359.8089	0.8791	761052.2070
653	0.0000	-350.0895	0.8791	761766.9003
654	0.0000	-347.0006	0.8792	762489.6851
655	0.0000	-356.4631	0.8791	763203.3312
656	0.0000	-344.8738	0.8790	763916.6422
657	0.0000	-357.5291	0.8793	764648.9964
658	0.0000	-376.4198	0.8792	765469.1989
659	0.0000	-342.8548	0.8792	766308.3835
660	0.0000	-380.8339	0.8793	767114.8646
661	0.0000	-334.0259	0.8795	767915.1022
662	0.0000	-335.0137	0.8795	768688.7612
663	0.0000	-329.5101	0.8796	769392.4274
664	0.0000	-360.1463	0.8796	770106.0624
665	0.0000	-307.8139	0.8796	770812.5379
666	0.0000	-356.8057	0.8796	771529.7556
667	0.0000	-313.0261	0.8797	772240.9415
668	0.0000	-333.3395	0.8784	773003.6714
669	0.0000	-378.9237	0.8784	773805.8743
670	0.0000	-361.8733	0.8784	774611.4538
671	0.0000	-376.3056	0.8784	775417.7012
672	0.0000	-337.0833	0.8779	776234.7457
673	0.0000	-341.8542	0.8779	776987.8612
674	0.0000	-334.4825	0.8779	777741.8342
675	0.0000	-335.2977	0.8779	778453.4333
676	0.0000	-317.8338	0.8779	779169.2896
677	0.0000	-339.2663	0.8779	779876.0693
678	0.0000	-327.0974	0.8775	780594.6229
679	0.0000	-332.8748	0.8775	781432.4126
680	0.0000	-323.0746	0.8774	782254.8270
681	0.0000	-339.9886	0.8766	783070.5898
682	0.0000	-334.0136	0.8766	783883.6012
683	0.0000	-358.2270	0.8766	784668.5987
684	0.0000	-345.4559	0.8766	785374.5439
685	0.0000	-359.8826	0.8764	786094.1296
686	0.0000	-346.8491	0.8764	786797.6046
687	0.0000	-349.2067	0.8764	787516.4189
688	0.0000	-361.8411	0.8764	788232.4364
689	0.0000	-353.9806	0.8764	789001.8232
690	0.0000	-356.3480	0.8763	789810.1733
691	0.0000	-377.7658	0.8763	790613.7760
692	0.0000	-372.2454	0.8766	791419.5173
693	0.0000	-366.7111	0.8761	792250.6461
694	0.0000	-365.4608	0.8760	792996.5601
695	0.0000	-318.5534	0.8760	793711.9024
696	0.0000	-353.3626	0.8760	794427.8696
697	0.0000	-337.9540	0.8760	795140.4586
698	0.0000	-309.5813	0.8760	795861.3117
699	0.0000	-359.3148	0.8760	796590.0640
700	0.0000	-358.1466	0.8754	797412.1964
701	0.0000	-380.9954	0.8745	798216.9344
702	0.0000	-378.7990	0.8745	799033.9162
703	0.0000	-359.2728	0.8744	799857.6834
704	0.0000	-369.1362	0.8744	800654.9206
705	0.0000	-347.9433	0.8744	801367.3277
706	0.0000	-362.0386	0.8743	802075.2773
707	0.0000	-364.4145	0.8741	802791.9705
708	0.0000	-345.1039	0.8741	803503.7327
709	0.0000	-380.8433	0.8741	804212.3945
710	0.0000	-342.5441	0.8741	804974.6294
711	0.0000	-342.1267	0.8741	805791.2552
712	0.0000	-373.9084	0.8741	806605.2725
713	0.0000	-379.6562	0.8741	807418.2196
714	0.0000	-342.3527	0.8741	808231.8046
715	0.0000	-336.2442	0.8741	808976.7349
716	0.0000	-345.8370	0.8743	809692.4992
717	0.0000	-332.0393	0.8743	810407.4795
718	0.0000	-330.9595	0.8735	811118.2518
719	0.0000	-354.5965	0.8735	811833.2655
720	0.0000	-315.9643	0.8735	812545.9583
721	0.0000	-356.3008	0.8733	813364.1081
722	0.0000	-322.0472	0.8730	814172.9193
723	0.0000	-314.3705	0.8726	814977.2573
724	0.0000	-306.2559	0.8726	815790.1342
725	0.0000	-325.5954	0.8726	816588.7935
726	0.0000	-342.5549	0.8726	817298.2318
727	0.0000	-310.5849	0.8726	818000.3567
728	0.0000	-316.9989	0.8726	818717.9401
729	0.0000	-297.5364	0.8726	819429.8418
730	0.0000	-335.1910	0.8726	820141.5014
731	0.0000	-314.5491	0.8726	820895.6220
732	0.0000	-315.2226	0.8726	821715.7426
733	0.0000	-302.7741	0.8726	822577.9519
734	0.0000	-328.7683	0.8725	823412.0572
735	0.0000	-307.6963	0.8725	824257.1282
736	0.0000	-308.8653	0.8725	824996.2583
737	0.0000	-314.0531	0.8725	825709.9364
738	0.0000	-302.4560	0.8725	826414.8569
739	0.0000	-308.6703	0.8725	827119.6361
740	0.0000	-360.0523	0.8725	827817.5740
741	0.0000	-338.2108	0.8725	828518.2278
742	0.0000	-318.8615	0.8725	829321.9416
743	0.0000	-324.2213	0.8725	830133.3680
744	0.0000	-296.2020	0.8725	830939.7993
745	0.0000	-347.9990	0.8725	832046.2689
746	0.0000	-316.0244	0.8725	832988.4489
747	0.0000	-327.7756	0.8725	833696.2438
748	0.0000	-310.4818	0.8725	834400.3491
749	0.0000	-326.4522	0.8723	835103.3013
750	0.0000	-326.4796	0.8723	835810.9469
751	0.0000	-354.7866	0.8722	836528.8687
752	0.0000	-326.1755	0.8724	837337.1508
753	0.0000	-295.5723	0.8724	838212.4820
754	0.0000	-351.4737	0.8724	839190.8915
755	0.0000	-325.2515	0.8712	840183.7144
756	0.0000	-345.3861	0.8712	841177.9938
757	0.0000	-331.8133	0.8711	842110.3232
758	0.0000	-323.4091	0.8712	842985.3964
759	0.0000	-318.1252	0.8712	843787.8044
760	0.0000	-299.1324	0.8712	844524.8277
761	0.0000	-284.5957	0.8712	845595.8230
762	0.0000	-299.2151	0.8712	846493.7265
763	0.0000	-299.7748	0.8712	847314.7964
764	0.0000	-288.8835	0.8712	848141.1326
765	0.0000	-305.4977	0.8712	848910.7025
766	0.0000	-326.9693	0.8712	849632.0267
767	0.0000	-305.8844	0.8712	850343.6620
768	0.0000	-320.6635	0.8712	851062.9735
769	0.0000	-284.1615	0.8712	851788.8458
770	0.0000	-314.6482	0.8712	852493.4168
771	0.0000	-295.6103	0.8712	853496.4089
772	0.0000	-313.4229	0.8709	854675.1387
773	0.0000	-293.7458	0.8704	855761.4212
774	0.0000	-305.9267	0.8702	856752.7933
775	0.0000	-307.3570	0.8700	857737.4420
776	0.0000	-291.7620	0.8700	858693.5513
777	0.0000	-288.1771	0.8700	859614.1384
778	0.0000	-306.8899	0.8700	860575.7377
779	0.0000	-284.2075	0.8700	861686.2128
780	0.0000	-294.5128	0.8700	862810.9722
781	0.0000	-296.6213	0.8700	863810.0789
782	0.0000	-304.2520	0.8700	864790.5784
783	0.0000	-312.5069	0.8698	865728.6692
784	0.0000	-323.0351	0.8698	866661.0703
785	0.0000	-300.6328	0.8698	867614.3520
786	0.0000	-276.2467	0.8698	868443.3875
787	0.0000	-323.7065	0.8698	869314.0020
788	0.0000	-309.7954	0.8698	870219.5029
789	0.0000	-310.0986	0.8698	871360.7204
790	0.0000	-294.6443	0.8698	872694.3982
791	0.0000	-296.2457	0.8698	873747.3788
792	0.0000	-318.1712	0.8698	874778.5950
793	0.0000	-301.9333	0.8697	875764.4680
794	0.0000	-301.4022	0.8688	877004.6747
795	0.0000	-303.2966	0.8688	878231.7948
796	0.0000	-321.7299	0.8688	879317.8771
797	0.0000	-282.6079	0.8688	880189.4724
798	0.0000	-271.6967	0.8686	881011.5786
799	0.0000	-300.2791	0.8684	881817.8647
Pos: [1.7577436024197803, 1.5957372679262405]

=================================================================================================================