ID: CF4	Date: 2019-05-04 01:19:12	Runs: 1
=================================================================================================================
Run: 0
Iter	Gbest	AvrFit	Diver	ETime	
0	-859.1576	-1435.8871	0.0000	0.0101
1	-729.7821	-1396.7342	0.0000	0.0189
2	-689.4569	-1329.7280	0.0000	0.0285
3	-637.7363	-1330.3184	0.0000	0.0369
4	-637.7363	-1288.6159	0.0000	0.0458
5	-637.7363	-1246.1632	0.0000	0.0547
6	-637.7363	-1232.1173	0.0000	0.0639
7	-637.7363	-1185.6337	0.0000	0.0735
8	-627.8613	-1142.2015	0.0000	0.0819
9	-523.0404	-1094.6748	0.0000	0.0913
10	-523.0404	-1092.9544	0.0000	0.0995
11	-523.0404	-1035.0202	0.0000	0.1087
12	-523.0404	-1002.0790	0.0000	0.1172
13	-407.8999	-980.9047	0.0000	0.1264
14	-407.8999	-939.2495	0.0000	0.1354
15	-407.8999	-902.1413	0.0000	0.1446
16	-407.8999	-878.2667	0.0000	0.1528
17	-407.8999	-827.5786	0.0000	0.1617
18	-343.0237	-802.5482	0.0000	0.1699
19	-320.3967	-788.5949	0.0000	0.1785
20	-320.3967	-731.1142	0.0000	0.1872
21	-320.3967	-708.1321	0.0000	0.1954
22	-309.2227	-700.0885	0.0000	0.2036
23	-227.1712	-686.1319	0.0000	0.2121
24	-204.5091	-654.5703	0.0000	0.2212
25	-182.9790	-641.2003	0.0000	0.2303
26	-182.9790	-619.7957	0.0000	0.2394
27	-182.9790	-596.3692	0.0000	0.2480
28	-165.9764	-560.4596	0.0000	0.2566
29	-165.9764	-560.7791	0.0000	0.2650
30	-119.4183	-529.7650	0.0000	0.2741
31	-119.4183	-505.9426	0.0000	0.2827
32	-119.4183	-490.8486	0.0000	0.2910
33	-88.2061	-487.1793	0.0000	0.2999
34	-79.8771	-436.2657	0.0000	0.3082
35	-79.8771	-418.4618	0.0000	0.3165
36	-65.7439	-439.6157	0.0000	0.3244
37	-57.3056	-440.5287	0.0000	0.3331
38	-57.3056	-428.0421	0.0000	0.3409
39	-52.8230	-411.2005	0.0000	0.3494
40	-45.4722	-419.5068	0.0000	0.3577
41	-45.4722	-380.1025	0.0000	0.3662
42	-45.4722	-375.4390	0.0000	0.3746
43	-45.4722	-379.0724	0.0000	0.3827
44	-45.4722	-355.1346	0.0000	0.3912
45	-45.4722	-352.0763	0.0000	0.3991
46	-45.4722	-354.3163	0.0000	0.4078
47	-35.9408	-329.3623	0.0000	0.4157
48	-35.9408	-331.0202	0.0000	0.4241
49	-28.9160	-321.9691	0.0000	0.4318
50	-28.9160	-319.1078	0.0000	0.4404
51	-28.9160	-308.0940	0.0000	0.4481
52	-28.9160	-302.6075	0.0000	0.4565
53	-28.9160	-298.7106	0.0000	0.4643
54	-24.5099	-331.8628	0.0000	0.4728
55	-24.5099	-295.8850	0.0000	0.4807
56	-20.6356	-300.9167	0.0000	0.4893
57	-20.6356	-271.5257	0.0000	0.4973
58	-20.6356	-272.9889	0.0000	0.5060
59	-20.6356	-275.5429	0.0000	0.5141
60	-20.6356	-266.5096	0.0000	0.5228
61	-20.6356	-251.7486	0.0000	0.5309
62	-20.6356	-263.1209	0.0000	0.5397
63	-20.6356	-249.5488	0.0000	0.5476
64	-20.6356	-248.6878	0.0000	0.5558
65	-20.6356	-248.5757	0.0000	0.5634
66	-19.4367	-236.7484	0.0000	0.5714
67	-19.0500	-231.8839	0.0000	0.5789
68	-19.0500	-235.8828	0.0000	0.5867
69	-15.1480	-238.3038	0.0000	0.5945
70	-15.1480	-228.6474	0.0000	0.6025
71	-15.1480	-217.3031	0.0000	0.6107
72	-15.1480	-221.7731	0.0000	0.6192
73	-15.1480	-214.6735	0.0000	0.6280
74	-15.1480	-185.9701	0.0000	0.6369
75	-15.1480	-204.5384	0.0000	0.6458
76	-15.1113	-275.2747	0.0000	0.6548
77	-14.7392	-270.9468	0.0000	0.6637
78	-14.1153	-393.4723	0.0000	0.6725
79	-13.7183	-420.2746	0.0000	0.6813
80	-13.3029	-517.5715	0.0000	0.6895
81	-13.3029	-561.1620	0.0000	0.6984
82	-12.1940	-627.5973	0.0000	0.7066
83	-12.1940	-694.4399	0.0000	0.7157
84	-12.1940	-774.2339	0.0000	0.7239
85	-12.1940	-797.6351	0.0000	0.7327
86	-12.1940	-840.6421	0.0000	0.7408
87	-12.1940	-927.7184	0.0000	0.7492
88	-12.1940	-1000.7600	0.0000	0.7579
89	-12.1940	-1035.5969	0.0000	0.7663
90	-12.1940	-1052.1209	0.0000	0.7749
91	-12.1940	-1059.8946	0.0000	0.7832
92	-12.1940	-981.2674	0.0000	0.7917
93	-12.1940	-970.2030	0.0000	0.8005
94	-12.1940	-902.7201	0.0000	0.8090
95	-12.1940	-860.3819	0.0000	0.8179
96	-12.1940	-871.7089	0.0000	0.8261
97	-12.1940	-822.1747	0.0000	0.8350
98	-12.1940	-757.5342	0.0000	0.8432
99	-12.1940	-751.1305	0.0000	0.8521
100	-12.1940	-743.7588	0.0000	0.8600
101	-12.1940	-712.8329	0.0000	0.8686
102	-12.1940	-692.3745	0.0000	0.8763
103	-12.1940	-648.5451	0.0000	0.8849
104	-12.1940	-662.4887	0.0000	0.8930
105	-12.1940	-600.9433	0.0000	0.9022
106	-12.1940	-601.0372	0.0000	0.9105
107	-12.1940	-620.2382	0.0000	0.9194
108	-12.1940	-578.4548	0.0000	0.9277
109	-12.1940	-556.6619	0.0000	0.9370
110	-12.1940	-565.7272	0.0000	0.9455
111	-12.1940	-548.1652	0.0000	0.9544
112	-12.1940	-548.1911	0.0000	0.9626
113	-12.1940	-526.4474	0.0000	0.9721
114	-12.1940	-507.6580	0.0000	0.9806
115	-12.1334	-482.6409	0.0000	0.9901
116	-12.1334	-478.9228	0.0000	0.9992
117	-12.1334	-469.6417	0.0000	1.0085
118	-12.1334	-474.9184	0.0000	1.0175
119	-12.1334	-450.5380	0.0000	1.0271
120	-12.1334	-433.8651	0.0000	1.0353
121	-12.1334	-427.3028	0.0000	1.0446
122	-12.1334	-433.9728	0.0000	1.0527
123	-12.1334	-425.3915	0.0000	1.0617
124	-12.0829	-407.5834	0.0000	1.0704
125	-12.0829	-383.1746	0.0000	1.0787
126	-12.0829	-399.2802	0.0000	1.0880
127	-12.0829	-393.4475	0.0000	1.0972
128	-12.0829	-380.5011	0.0000	1.1069
129	-12.0829	-368.4994	0.0000	1.1167
130	-12.0829	-340.3995	0.0000	1.1259
131	-12.0701	-339.6157	0.0000	1.1355
132	-12.0701	-353.3834	0.0000	1.1453
133	-11.7893	-348.5060	0.0000	1.1546
134	-11.7893	-333.0262	0.0000	1.1638
135	-11.7893	-352.3122	0.0000	1.1731
136	-11.7893	-311.5002	0.0000	1.1819
137	-11.7893	-333.1176	0.0000	1.1914
138	-11.7893	-313.9778	0.0000	1.1997
139	-11.6738	-305.5553	0.0000	1.2088
140	-11.6738	-320.6408	0.0000	1.2188
141	-11.5664	-298.6449	0.0000	1.2273
142	-11.5654	-287.9261	0.0000	1.2358
143	-11.5654	-288.6131	0.0000	1.2450
144	-11.5654	-295.6321	0.0000	1.2529
145	-11.5654	-264.4725	0.0000	1.2624
146	-11.5654	-282.4042	0.0000	1.2712
147	-11.3409	-285.5547	0.0000	1.2799
148	-11.3409	-264.9317	0.0000	1.2885
149	-11.1625	-249.6660	0.0000	1.2967
150	-11.1625	-267.6639	0.0000	1.3058
151	-10.8161	-368.3570	0.0000	1.3139
152	-10.7209	-289.6938	0.0000	1.3223
153	-10.7209	-269.5821	0.0000	1.3305
154	-10.7209	-284.6304	0.0000	1.3395
155	-10.2304	-259.1003	0.0000	1.3482
156	-10.2304	-273.1482	0.0000	1.3570
157	-10.2304	-246.3137	0.0000	1.3661
158	-10.2304	-261.1640	0.0000	1.3753
159	-10.2304	-249.2889	0.0000	1.3840
160	-10.2304	-254.9148	0.0000	1.3930
161	-10.2304	-250.3098	0.0000	1.4019
162	-9.9203	-240.9200	0.0000	1.4112
163	-9.9203	-235.0022	0.0000	1.4203
164	-9.9203	-257.6000	0.0000	1.4283
165	-9.9203	-236.1645	0.0000	1.4371
166	-9.9203	-241.8225	0.0000	1.4460
167	-9.9203	-233.1902	0.0000	1.4551
168	-9.9203	-272.8149	0.0000	1.4640
169	-9.9203	-281.7206	0.0000	1.4731
170	-9.9203	-362.2891	0.0000	1.4825
171	-9.9160	-349.3872	0.0000	1.4907
172	-9.9160	-484.8857	0.0000	1.4993
173	-9.9160	-436.2009	0.0000	1.5075
174	-9.8524	-479.1811	0.0000	1.5164
175	-9.8524	-556.6514	0.0000	1.5251
176	-9.8524	-469.7086	0.0000	1.5350
177	-9.8524	-548.7066	0.0000	1.5450
178	-9.8524	-569.1684	0.0000	1.5541
179	-8.8657	-444.3618	0.0000	1.5629
180	-8.8657	-602.6504	0.0000	1.5718
181	-8.8657	-620.2055	0.0000	1.5804
182	-8.8657	-659.4438	0.0000	1.5893
183	-8.8657	-657.3794	0.0000	1.5980
184	-8.8657	-665.4156	0.0000	1.6072
185	-8.8657	-698.1003	0.0000	1.6167
186	-8.8657	-731.4531	0.0000	1.6262
187	-8.8657	-742.8350	0.0000	1.6362
188	-8.8657	-776.4544	0.0000	1.6460
189	-8.8657	-708.2487	0.0000	1.6545
190	-8.8657	-796.1274	0.0000	1.6632
191	-8.8657	-811.8006	0.0000	1.6721
192	-8.8657	-818.9385	0.0000	1.6808
193	-8.8657	-871.1437	0.0000	1.6895
194	-8.8657	-866.4160	0.0000	1.6976
195	-8.8657	-813.0435	0.0000	1.7070
196	-8.8657	-826.7544	0.0000	1.7153
197	-8.8657	-748.2285	0.0000	1.7240
198	-8.8657	-760.8871	0.0000	1.7321
199	-7.5136	-727.5331	0.0000	1.7406
200	-7.5136	-691.4988	0.0000	1.7486
201	-7.5136	-667.9807	0.0000	1.7578
202	-7.5136	-693.5210	0.0000	1.7665
203	-7.5136	-670.5196	0.0000	1.7754
204	-7.5136	-552.2154	0.0000	1.7844
205	-7.5136	-626.9706	0.0000	1.7932
206	-7.5136	-611.5054	0.0000	1.8026
207	-7.5136	-580.1353	0.0000	1.8111
208	-7.2805	-561.0314	0.0000	1.8211
209	-7.2805	-546.5561	0.0000	1.8293
210	-7.2805	-516.0557	0.0000	1.8377
211	-7.2805	-468.8262	0.0000	1.8469
212	-7.2805	-484.8026	0.0000	1.8557
213	-7.2805	-458.3784	0.0000	1.8646
214	-7.2805	-463.1964	0.0000	1.8733
215	-7.2805	-413.8890	0.0000	1.8821
216	-7.2805	-458.8584	0.0000	1.8904
217	-7.2805	-423.3916	0.0000	1.8994
218	-7.2805	-400.3727	0.0000	1.9081
219	-7.2805	-408.7195	0.0000	1.9169
220	-7.2805	-392.3721	0.0000	1.9255
221	-7.2805	-382.9252	0.0000	1.9344
222	-7.2805	-387.7875	0.0000	1.9427
223	-7.2805	-371.8451	0.0000	1.9514
224	-7.2805	-371.8549	0.0000	1.9594
225	-7.2805	-357.1886	0.0000	1.9683
226	-7.2805	-338.5615	0.0000	1.9764
227	-7.2805	-342.7126	0.0000	1.9853
228	-7.2805	-331.5947	0.0000	1.9933
229	-7.2805	-313.4629	0.0000	2.0020
230	-7.2805	-344.6039	0.0000	2.0098
231	-7.2805	-310.4612	0.0000	2.0187
232	-7.2805	-311.3791	0.0000	2.0273
233	-7.2805	-318.9228	0.0000	2.0362
234	-7.2805	-303.8730	0.0000	2.0453
235	-7.2805	-299.4145	0.0000	2.0539
236	-7.2805	-294.7766	0.0000	2.0628
237	-7.2805	-293.3082	0.0000	2.0719
238	-7.2805	-277.7883	0.0000	2.0805
239	-7.2805	-272.7006	0.0000	2.0908
240	-7.2805	-248.8728	0.0000	2.1001
241	-7.2805	-249.8537	0.0000	2.1115
242	-7.2805	-236.1859	0.0000	2.1223
243	-7.2805	-253.4159	0.0000	2.1326
244	-7.2805	-210.0850	0.0000	2.1437
245	-7.2805	-240.9426	0.0000	2.1540
246	-7.2805	-221.3289	0.0000	2.1637
247	-7.2805	-233.3719	0.0000	2.1724
248	-7.2805	-227.0743	0.0000	2.1809
249	-7.2805	-211.3287	0.0000	2.1901
250	-7.2805	-210.1194	0.0000	2.1995
251	-7.2805	-208.7364	0.0000	2.2085
252	-7.2805	-236.0778	0.0000	2.2172
253	-7.2805	-229.3413	0.0000	2.2262
254	-7.2805	-213.0638	0.0000	2.2352
255	-7.2805	-210.9954	0.0000	2.2434
256	-7.2805	-239.0451	0.0000	2.2524
257	-7.2805	-231.5630	0.0000	2.2620
258	-7.2805	-168.2850	0.0000	2.2708
259	-7.2805	-219.0283	0.0000	2.2804
260	-7.2805	-201.8228	0.0000	2.2899
261	-7.2805	-171.0155	0.0000	2.2992
262	-7.2805	-190.6415	0.0000	2.3086
263	-7.2805	-189.0232	0.0000	2.3174
264	-7.2805	-211.5589	0.0000	2.3261
265	-7.2805	-194.0973	0.0000	2.3357
266	-7.2805	-197.4834	0.0000	2.3453
267	-7.2805	-217.0227	0.0000	2.3547
268	-7.2805	-215.1386	0.0000	2.3648
269	-6.1985	-211.5544	0.0000	2.3740
270	-6.1985	-217.6780	0.0000	2.3820
271	-6.1985	-195.6592	0.0000	2.3909
272	-6.1985	-198.1498	0.0000	2.3997
273	-6.1985	-194.4724	0.0000	2.4085
274	-6.1985	-260.1284	0.0000	2.4177
275	-6.1985	-263.0428	0.0000	2.4258
276	-6.1985	-270.8278	0.0000	2.4345
277	-4.8081	-283.0984	0.0000	2.4426
278	-4.8081	-328.3477	0.0000	2.4504
279	-4.8081	-331.1861	0.0000	2.4593
280	-4.8081	-355.2748	0.0000	2.4674
281	-4.8081	-384.2595	0.0000	2.4763
282	-4.8081	-377.9229	0.0000	2.4850
283	-4.8081	-377.7976	0.0000	2.4941
284	-4.8081	-381.1519	0.0000	2.5033
285	-4.8081	-401.3172	0.0000	2.5123
286	-4.8081	-481.7292	0.0000	2.5216
287	-4.8081	-516.7559	0.0000	2.5309
288	-4.8081	-502.4960	0.0000	2.5403
289	-4.8081	-510.3749	0.0000	2.5494
290	-4.8081	-539.7902	0.0000	2.5585
291	-4.8081	-555.6153	0.0000	2.5672
292	-4.8081	-593.8976	0.0000	2.5760
293	-4.8081	-718.1634	0.0000	2.5847
294	-4.8081	-612.7934	0.0000	2.5933
295	-4.8081	-642.8521	0.0000	2.6028
296	-4.8081	-657.6824	0.0000	2.6108
297	-4.8081	-561.5369	0.0000	2.6196
298	-4.8081	-616.3504	0.0000	2.6280
299	-4.8081	-648.6895	0.0000	2.6361
300	-4.8081	-642.7515	0.0000	2.6449
301	-4.8081	-605.3181	0.0000	2.6534
302	-4.8081	-648.3268	0.0000	2.6616
303	-4.8081	-587.6877	0.0000	2.6700
304	-4.8081	-556.3453	0.0000	2.6794
305	-4.8081	-621.2574	0.0000	2.6891
306	-4.8081	-620.8614	0.0000	2.6996
307	-4.8081	-610.1598	0.0000	2.7106
308	-4.8081	-681.4846	0.0000	2.7200
309	-4.8081	-645.2424	0.0000	2.7304
310	-4.8081	-639.4257	0.0000	2.7409
311	-4.8081	-670.1331	0.0000	2.7509
312	-4.8081	-636.5688	0.0000	2.7606
313	-4.8081	-635.5836	0.0000	2.7701
314	-4.8081	-626.6099	0.0000	2.7796
315	-4.8081	-630.2582	0.0000	2.7887
316	-4.8081	-592.3898	0.0000	2.7985
317	-4.8081	-601.6746	0.0000	2.8083
318	-4.6887	-552.6713	0.0000	2.8178
319	-4.6887	-563.2714	0.0000	2.8262
320	-4.6887	-567.3447	0.0000	2.8358
321	-4.6887	-510.1736	0.0000	2.8452
322	-4.6887	-501.8048	0.0000	2.8551
323	-4.6887	-481.6435	0.0000	2.8639
324	-4.6887	-492.2728	0.0000	2.8733
325	-4.6887	-449.2329	0.0000	2.8824
326	-3.6479	-463.7756	0.0000	2.8909
327	-3.6479	-420.9258	0.0000	2.9004
328	-3.6479	-435.2140	0.0000	2.9091
329	-3.6479	-429.6541	0.0000	2.9188
330	-3.6479	-425.4195	0.0000	2.9278
331	-3.4893	-409.7950	0.0000	2.9375
332	-3.4893	-385.2455	0.0000	2.9466
333	-3.4893	-382.3890	0.0000	2.9562
334	-3.4893	-390.5280	0.0000	2.9649
335	-3.4893	-366.6246	0.0000	2.9739
336	-3.4893	-369.3845	0.0000	2.9827
337	-3.4893	-349.7393	0.0000	2.9915
338	-3.4893	-349.9185	0.0000	3.0001
339	-3.4893	-345.4948	0.0000	3.0090
340	-3.4893	-352.4615	0.0000	3.0176
341	-3.4893	-340.4777	0.0000	3.0265
342	-3.4893	-309.8508	0.0000	3.0349
343	-3.0365	-316.7640	0.0000	3.0434
344	-3.0365	-322.4173	0.0000	3.0519
345	-3.0365	-293.5737	0.0000	3.0600
346	-3.0365	-307.5811	0.0000	3.0684
347	-3.0309	-294.2225	0.0000	3.0765
348	-3.0309	-303.0030	0.0000	3.0853
349	-3.0309	-278.8044	0.0000	3.0936
350	-2.9803	-314.6010	0.0000	3.1024
351	-2.9803	-277.1133	0.0000	3.1107
352	-2.9803	-313.5143	0.0000	3.1192
353	-2.9803	-276.0860	0.0000	3.1281
354	-2.9803	-263.8137	0.0000	3.1362
355	-2.9803	-267.4617	0.0000	3.1443
356	-2.9803	-257.4320	0.0000	3.1528
357	-2.9803	-278.5206	0.0000	3.1609
358	-2.9803	-430.9117	0.0000	3.1695
359	-2.9803	-331.5704	0.0000	3.1776
360	-2.9803	-302.6759	0.0000	3.1862
361	-2.9803	-301.6175	0.0000	3.1947
362	-2.9803	-279.1704	0.0000	3.2032
363	-2.9803	-280.2461	0.0000	3.2117
364	-2.9803	-284.3871	0.0000	3.2203
365	-2.9071	-271.6825	0.0000	3.2282
366	-2.9071	-275.3006	0.0000	3.2371
367	-2.9071	-276.8217	0.0000	3.2455
368	-2.9071	-218.0007	0.0000	3.2539
369	-2.9071	-256.3706	0.0000	3.2627
370	-2.9071	-251.3127	0.0000	3.2706
371	-2.9071	-254.4897	0.0000	3.2798
372	-2.9071	-252.6005	0.0000	3.2892
373	-2.7935	-225.0403	0.0000	3.2984
374	-2.7935	-233.7857	0.0000	3.3079
375	-2.7935	-229.5958	0.0000	3.3174
376	-2.7935	-221.6111	0.0000	3.3276
377	-2.7935	-223.4572	0.0000	3.3378
378	-2.7935	-233.2683	0.0000	3.3479
379	-2.7935	-225.2748	0.0000	3.3563
380	-2.7935	-215.8672	0.0000	3.3659
381	-2.7935	-209.3065	0.0000	3.3747
382	-2.7935	-230.0703	0.0000	3.3840
383	-2.7935	-208.5535	0.0000	3.3932
384	-2.7935	-205.8511	0.0000	3.4023
385	-2.7935	-198.7417	0.0000	3.4115
386	-2.7935	-220.1470	0.0000	3.4207
387	-2.7935	-211.4996	0.0000	3.4296
388	-2.7935	-209.8122	0.0000	3.4384
389	-2.7935	-202.5415	0.0000	3.4477
390	-2.6091	-186.1665	0.0000	3.4557
391	-2.6091	-215.8174	0.0000	3.4651
392	-2.6091	-215.5353	0.0000	3.4740
393	-2.6091	-255.0624	0.0000	3.4832
394	-2.6091	-248.2133	0.0000	3.4916
395	-2.6091	-286.2432	0.0000	3.5005
396	-2.3169	-265.4871	0.0000	3.5086
397	-2.3169	-274.0721	0.0000	3.5171
398	-2.3045	-302.0219	0.0000	3.5258
399	-2.3045	-293.6080	0.0000	3.5348
400	-2.3045	-349.6211	0.0000	3.5439
401	-2.3045	-291.6520	0.0000	3.5530
402	-2.3045	-345.3793	0.0000	3.5624
403	-2.3045	-368.0872	0.0000	3.5721
404	-2.3045	-355.1086	0.0000	3.5814
405	-2.3045	-381.2148	0.0000	3.5916
406	-2.3045	-398.9046	0.0000	3.6005
407	-2.3045	-391.0219	0.0000	3.6095
408	-2.3045	-390.5470	0.0000	3.6190
409	-2.2767	-367.9400	0.0000	3.6285
410	-2.2767	-447.6196	0.0000	3.6372
411	-2.2767	-456.4952	0.0000	3.6458
412	-2.2767	-439.7694	0.0000	3.6544
413	-2.2767	-448.0189	0.0000	3.6627
414	-2.2767	-461.1115	0.0000	3.6710
415	-2.2767	-370.1534	0.0000	3.6799
416	-2.2767	-471.5191	0.0000	3.6890
417	-2.2767	-434.0762	0.0000	3.6980
418	-2.2767	-456.1899	0.0000	3.7063
419	-2.2767	-449.9793	0.0000	3.7157
420	-2.2636	-470.4238	0.0000	3.7244
421	-2.2636	-437.8681	0.0000	3.7343
422	-2.2636	-473.2954	0.0000	3.7438
423	-2.2636	-469.1548	0.0000	3.7535
424	-2.2636	-486.5873	0.0000	3.7623
425	-1.7795	-468.2155	0.0000	3.7712
426	-1.7795	-507.4107	0.0000	3.7805
427	-1.7066	-508.6459	0.0000	3.7893
428	-1.7066	-535.1899	0.0000	3.7991
429	-1.7066	-521.5053	0.0000	3.8088
430	-1.7066	-505.9572	0.0000	3.8185
431	-1.3746	-527.6513	0.0000	3.8267
432	-1.3746	-533.5017	0.0000	3.8364
433	-1.3746	-507.7445	0.0000	3.8452
434	-1.3746	-527.6066	0.0000	3.8552
435	-1.3746	-561.3867	0.0000	3.8657
436	-1.3746	-552.1938	0.0000	3.8759
437	-1.3746	-554.4541	0.0000	3.8855
438	-1.3746	-574.2308	0.0000	3.8952
439	-1.3746	-571.2336	0.0000	3.9042
440	-1.3746	-590.3607	0.0000	3.9130
441	-1.3746	-510.3860	0.0000	3.9225
442	-1.3746	-548.1391	0.0000	3.9323
443	-1.3746	-589.3813	0.0000	3.9420
444	-1.3746	-623.5590	0.0000	3.9511
445	-1.3746	-564.6538	0.0000	3.9605
446	-1.3746	-580.1298	0.0000	3.9702
447	-1.3746	-555.5723	0.0000	3.9799
448	-1.3746	-500.5228	0.0000	3.9893
449	-1.3746	-507.9927	0.0000	3.9981
450	-1.3746	-492.3155	0.0000	4.0076
451	-1.3746	-486.7558	0.0000	4.0165
452	-1.3746	-472.5930	0.0000	4.0261
453	-1.3746	-506.4105	0.0000	4.0347
454	-1.3746	-473.8151	0.0000	4.0440
455	-1.3746	-491.2298	0.0000	4.0526
456	-1.3746	-484.9405	0.0000	4.0612
457	-1.3746	-449.2428	0.0000	4.0702
458	-1.3746	-470.5563	0.0000	4.0791
459	-1.3746	-452.4955	0.0000	4.0882
460	-1.3746	-428.2859	0.0000	4.0976
461	-1.3746	-450.2670	0.0000	4.1068
462	-1.3746	-424.5761	0.0000	4.1164
463	-1.3746	-438.6534	0.0000	4.1252
464	-1.2280	-384.7958	0.0000	4.1339
465	-1.2280	-408.7106	0.0000	4.1429
466	-1.2280	-395.7641	0.0000	4.1520
467	-1.2280	-362.6276	0.0000	4.1607
468	-1.2280	-384.2958	0.0000	4.1697
469	-1.1992	-358.2885	0.0000	4.1783
470	-1.1620	-343.9389	0.0000	4.1875
471	-1.1620	-307.5950	0.0000	4.1958
472	-1.1620	-326.3291	0.0000	4.2057
473	-1.1620	-365.5565	0.0000	4.2140
474	-1.1620	-348.6341	0.0000	4.2237
475	-1.1620	-351.4783	0.0000	4.2316
476	-1.1620	-318.3025	0.0000	4.2408
477	-1.0021	-286.0502	0.0000	4.2497
478	-1.0021	-290.2084	0.0000	4.2581
479	-1.0021	-307.6267	0.0000	4.2668
480	-1.0021	-297.4572	0.0000	4.2758
481	-1.0021	-278.4002	0.0000	4.2846
482	-1.0021	-300.8714	0.0000	4.2932
483	-1.0021	-292.9698	0.0000	4.3017
484	-1.0021	-280.0576	0.0000	4.3104
485	-1.0021	-248.9641	0.0000	4.3194
486	-1.0021	-265.0514	0.0000	4.3277
487	-1.0021	-265.0469	0.0000	4.3361
488	-1.0021	-257.5152	0.0000	4.3449
489	-1.0021	-261.9657	0.0000	4.3538
490	-1.0021	-266.9419	0.0000	4.3624
491	-0.9832	-275.3107	0.0000	4.3713
492	-0.9832	-239.7760	0.0000	4.3794
493	-0.9832	-254.7346	0.0000	4.3882
494	-0.9832	-256.7159	0.0000	4.3971
495	-0.9832	-238.7324	0.0000	4.4060
496	-0.9832	-236.4756	0.0000	4.4147
497	-0.9832	-188.3913	0.0000	4.4236
498	-0.9832	-222.6961	0.0000	4.4315
499	-0.9832	-213.0767	0.0000	4.4402
500	-0.9832	-209.1881	0.0000	4.4492
501	-0.9832	-219.8413	0.0000	4.4580
502	-0.9832	-248.1192	0.0000	4.4665
503	-0.7682	-234.8563	0.0000	4.4759
504	-0.7682	-272.0962	0.0000	4.4848
505	-0.7682	-277.7315	0.0000	4.4940
506	-0.7682	-259.8233	0.0000	4.5025
507	-0.7682	-255.3719	0.0000	4.5112
508	-0.7682	-267.7725	0.0000	4.5196
509	-0.7682	-262.8616	0.0000	4.5285
510	-0.7682	-249.0425	0.0000	4.5376
511	-0.7111	-245.6458	0.0000	4.5471
512	-0.7111	-275.0497	0.0000	4.5552
513	-0.7111	-251.7096	0.0000	4.5638
514	-0.7111	-239.9649	0.0000	4.5719
515	-0.7111	-155.0998	0.0000	4.5807
516	-0.7111	-243.0998	0.0000	4.5896
517	-0.7111	-249.5636	0.0000	4.5986
518	-0.7111	-223.1260	0.0000	4.6070
519	-0.7111	-255.2323	0.0000	4.6157
520	-0.7111	-204.3864	0.0000	4.6244
521	-0.7111	-240.4957	0.0000	4.6339
522	-0.7069	-191.2791	0.0000	4.6430
523	-0.7069	-238.2375	0.0000	4.6525
524	-0.7069	-229.1642	0.0000	4.6615
525	-0.5108	-238.9612	0.0000	4.6705
526	-0.5108	-227.1153	0.0000	4.6798
527	-0.5108	-233.8681	0.0000	4.6889
528	-0.5108	-294.0116	0.0000	4.6976
529	-0.5108	-258.3374	0.0000	4.7063
530	-0.5108	-301.7886	0.0000	4.7146
531	-0.5108	-274.7280	0.0000	4.7235
532	-0.5108	-305.0178	0.0000	4.7317
533	-0.5108	-314.1623	0.0000	4.7405
534	-0.5108	-327.8271	0.0000	4.7490
535	-0.5108	-293.9923	0.0000	4.7581
536	-0.5108	-337.2143	0.0000	4.7672
537	-0.5108	-319.5805	0.0000	4.7769
538	-0.5108	-350.0549	0.0000	4.7853
539	-0.5108	-357.0594	0.0000	4.7941
540	-0.5108	-356.5392	0.0000	4.8027
541	-0.5108	-356.3618	0.0000	4.8121
542	-0.5108	-379.7381	0.0000	4.8210
543	-0.5108	-360.8187	0.0000	4.8302
544	-0.5108	-356.5159	0.0000	4.8386
545	-0.5108	-338.6949	0.0000	4.8477
546	-0.5108	-357.5548	0.0000	4.8570
547	-0.5108	-372.1176	0.0000	4.8660
548	-0.4876	-357.7125	0.0000	4.8757
549	-0.4876	-393.4741	0.0000	4.8849
550	-0.4549	-401.2301	0.0000	4.8951
551	-0.4549	-347.9308	0.0000	4.9059
552	-0.4549	-424.6141	0.0000	4.9158
553	-0.4549	-501.7148	0.0000	4.9258
554	-0.4549	-513.7586	0.0000	4.9357
555	-0.4549	-507.4798	0.0000	4.9451
556	-0.4549	-474.0414	0.0000	4.9551
557	-0.4549	-476.5198	0.0000	4.9669
558	-0.4549	-490.7321	0.0000	4.9779
559	-0.4549	-469.1006	0.0000	4.9872
560	-0.4549	-464.4539	0.0000	4.9960
561	-0.4549	-465.8287	0.0000	5.0054
562	-0.4549	-436.4377	0.0000	5.0141
563	-0.4549	-395.6649	0.0000	5.0228
564	-0.4549	-376.2021	0.0000	5.0317
565	-0.4549	-446.2088	0.0000	5.0407
566	-0.4549	-431.2590	0.0000	5.0502
567	-0.4549	-441.5766	0.0000	5.0600
568	-0.4549	-445.5519	0.0000	5.0683
569	-0.4549	-467.1935	0.0000	5.0775
570	-0.4549	-468.5120	0.0000	5.0863
571	-0.4549	-407.3243	0.0000	5.0953
572	-0.4549	-412.2573	0.0000	5.1049
573	-0.4549	-465.0812	0.0000	5.1145
574	-0.4549	-524.6021	0.0000	5.1237
575	-0.4549	-458.5907	0.0000	5.1333
576	-0.4549	-417.8765	0.0000	5.1420
577	-0.4549	-420.4087	0.0000	5.1524
578	-0.4549	-490.0303	0.0000	5.1621
579	-0.4549	-474.8328	0.0000	5.1718
580	-0.4549	-471.7249	0.0000	5.1808
581	-0.4549	-432.7787	0.0000	5.1914
582	-0.3767	-437.4957	0.0000	5.2019
583	-0.3767	-492.1002	0.0000	5.2119
584	-0.3767	-470.1283	0.0000	5.2214
585	-0.3767	-438.9399	0.0000	5.2300
586	-0.3767	-452.3078	0.0000	5.2390
587	-0.3591	-416.0962	0.0000	5.2485
588	-0.3591	-428.4249	0.0000	5.2572
589	-0.3591	-328.1314	0.0000	5.2659
590	-0.3591	-453.3804	0.0000	5.2745
591	-0.3591	-439.8257	0.0000	5.2834
592	-0.3591	-417.4785	0.0000	5.2921
593	-0.3591	-413.2202	0.0000	5.3013
594	-0.3591	-407.4321	0.0000	5.3097
595	-0.3591	-388.5965	0.0000	5.3191
596	-0.3591	-396.8159	0.0000	5.3279
597	-0.3591	-395.9076	0.0000	5.3379
598	-0.3591	-374.1506	0.0000	5.3472
599	-0.3591	-379.3293	0.0000	5.3564
600	-0.3591	-339.3846	0.0000	5.3656
601	-0.3591	-347.4548	0.0000	5.3740
602	-0.3591	-365.6442	0.0000	5.3827
603	-0.3591	-352.8447	0.0000	5.3919
604	-0.3591	-331.1816	0.0000	5.4009
605	-0.3591	-348.6350	0.0000	5.4101
606	-0.3591	-329.5337	0.0000	5.4186
607	-0.3591	-366.3128	0.0000	5.4275
608	-0.3591	-314.1963	0.0000	5.4360
609	-0.3591	-311.8061	0.0000	5.4449
610	-0.3591	-309.3751	0.0000	5.4542
611	-0.3591	-307.1627	0.0000	5.4628
612	-0.3591	-279.1296	0.0000	5.4724
613	-0.3591	-308.8655	0.0000	5.4809
614	-0.3591	-291.9255	0.0000	5.4896
615	-0.3591	-266.8135	0.0000	5.4981
616	-0.3591	-281.4553	0.0000	5.5066
617	-0.3591	-279.4901	0.0000	5.5146
618	-0.3591	-301.1993	0.0000	5.5235
619	-0.3591	-353.4783	0.0000	5.5323
620	-0.3591	-293.6964	0.0000	5.5403
621	-0.3591	-289.0678	0.0000	5.5489
622	-0.3591	-290.7877	0.0000	5.5573
623	-0.3591	-331.0576	0.0000	5.5662
624	-0.3591	-270.9131	0.0000	5.5758
625	-0.3591	-285.0286	0.0000	5.5851
626	-0.3591	-293.6529	0.0000	5.5945
627	-0.3591	-293.2166	0.0000	5.6030
628	-0.3591	-295.7086	0.0000	5.6122
629	-0.3591	-302.3128	0.0000	5.6210
630	-0.3591	-280.3113	0.0000	5.6298
631	-0.3591	-308.8397	0.0000	5.6385
632	-0.3591	-269.5138	0.0000	5.6472
633	-0.3591	-277.8714	0.0000	5.6559
634	-0.3591	-270.4972	0.0000	5.6646
635	-0.3591	-267.1784	0.0000	5.6733
636	-0.3591	-267.5958	0.0000	5.6818
637	-0.3591	-284.0403	0.0000	5.6908
638	-0.3591	-329.0193	0.0000	5.6995
639	-0.3591	-276.3682	0.0000	5.7086
640	-0.3591	-265.7472	0.0000	5.7174
641	-0.3591	-275.0409	0.0000	5.7266
642	-0.3591	-277.5506	0.0000	5.7353
643	-0.3591	-256.1947	0.0000	5.7445
644	-0.3591	-284.5393	0.0000	5.7528
645	-0.3591	-246.3575	0.0000	5.7607
646	-0.3591	-259.9488	0.0000	5.7690
647	-0.3221	-259.1614	0.0000	5.7771
648	-0.3221	-273.8474	0.0000	5.7858
649	-0.3221	-255.9555	0.0000	5.7939
650	-0.3221	-243.0611	0.0000	5.8029
651	-0.3221	-247.9097	0.0000	5.8123
652	-0.2576	-281.1183	0.0000	5.8219
653	-0.2576	-275.5980	0.0000	5.8315
654	-0.2576	-275.6372	0.0000	5.8410
655	-0.2576	-261.0226	0.0000	5.8505
656	-0.2576	-245.2116	0.0000	5.8602
657	-0.2576	-278.3542	0.0000	5.8692
658	-0.2576	-267.7148	0.0000	5.8786
659	-0.2576	-282.4591	0.0000	5.8877
660	-0.2576	-266.1451	0.0000	5.8969
661	-0.2576	-266.1151	0.0000	5.9058
662	-0.2576	-347.9442	0.0000	5.9149
663	-0.2576	-319.8129	0.0000	5.9233
664	-0.2576	-299.0644	0.0000	5.9323
665	-0.2576	-303.2063	0.0000	5.9405
666	-0.2576	-286.9154	0.0000	5.9491
667	-0.2576	-325.6796	0.0000	5.9576
668	-0.2576	-313.1708	0.0000	5.9670
669	-0.2576	-314.6370	0.0000	5.9757
670	-0.2576	-304.6456	0.0000	5.9853
671	-0.2576	-324.7711	0.0000	5.9942
672	-0.2576	-308.5649	0.0000	6.0029
673	-0.2576	-317.3296	0.0000	6.0119
674	-0.2576	-334.1742	0.0000	6.0200
675	-0.2576	-325.3425	0.0000	6.0292
676	-0.2576	-358.3009	0.0000	6.0383
677	-0.2576	-326.5550	0.0000	6.0483
678	-0.2576	-344.7470	0.0000	6.0571
679	-0.2576	-344.0893	0.0000	6.0662
680	-0.2576	-361.1856	0.0000	6.0758
681	-0.2576	-336.4156	0.0000	6.0849
682	-0.2576	-357.2450	0.0000	6.0944
683	-0.2046	-339.1028	0.0000	6.1036
684	-0.2046	-361.4116	0.0000	6.1125
685	-0.2046	-334.7626	0.0000	6.1212
686	-0.2046	-232.8637	0.0000	6.1300
687	-0.2046	-231.8603	0.0000	6.1384
688	-0.2046	-376.6367	0.0000	6.1464
689	-0.2046	-351.4781	0.0000	6.1547
690	-0.2046	-333.3061	0.0000	6.1637
691	-0.2046	-346.3216	0.0000	6.1722
692	-0.2046	-334.4553	0.0000	6.1813
693	-0.2046	-367.7434	0.0000	6.1904
694	-0.2046	-377.1260	0.0000	6.1993
695	-0.2046	-372.0580	0.0000	6.2076
696	-0.2046	-367.3888	0.0000	6.2161
697	-0.2046	-373.7874	0.0000	6.2243
698	-0.2046	-355.5191	0.0000	6.2326
699	-0.2046	-395.9573	0.0000	6.2408
700	-0.2046	-392.8164	0.0000	6.2490
701	-0.2046	-393.8279	0.0000	6.2573
702	-0.2046	-385.7104	0.0000	6.2657
703	-0.2046	-373.7700	0.0000	6.2743
704	-0.2046	-393.2729	0.0000	6.2831
705	-0.2046	-406.1787	0.0000	6.2912
706	-0.2046	-392.0679	0.0000	6.3000
707	-0.2046	-431.2922	0.0000	6.3081
708	-0.2046	-397.9478	0.0000	6.3172
709	-0.2046	-432.7395	0.0000	6.3262
710	-0.2046	-426.5169	0.0000	6.3351
711	-0.2046	-371.0445	0.0000	6.3436
712	-0.2046	-414.6164	0.0000	6.3529
713	-0.2046	-431.5488	0.0000	6.3615
714	-0.2046	-419.3084	0.0000	6.3705
715	-0.2046	-427.9905	0.0000	6.3797
716	-0.2046	-426.5621	0.0000	6.3884
717	-0.2046	-455.0762	0.0000	6.3976
718	-0.2046	-411.9757	0.0000	6.4064
719	-0.2046	-479.0684	0.0000	6.4145
720	-0.2046	-416.7692	0.0000	6.4231
721	-0.2046	-432.5292	0.0000	6.4316
722	-0.2046	-353.8140	0.0000	6.4406
723	-0.2046	-459.0381	0.0000	6.4489
724	-0.2046	-491.0826	0.0000	6.4566
725	-0.2046	-492.0030	0.0000	6.4648
726	-0.2046	-440.8191	0.0000	6.4737
727	-0.2046	-546.0416	0.0000	6.4826
728	-0.2046	-504.4182	0.0000	6.4914
729	-0.2046	-474.1520	0.0000	6.4995
730	-0.2046	-469.6780	0.0000	6.5085
731	-0.2046	-457.7532	0.0000	6.5171
732	-0.2046	-459.3410	0.0000	6.5263
733	-0.2046	-472.7488	0.0000	6.5359
734	-0.2046	-511.6126	0.0000	6.5443
735	-0.2046	-497.0681	0.0000	6.5533
736	-0.2046	-539.7771	0.0000	6.5614
737	-0.2046	-513.4213	0.0000	6.5696
738	-0.2046	-321.9362	0.0000	6.5783
739	-0.2046	-466.2277	0.0000	6.5869
740	-0.2046	-479.9351	0.0000	6.5955
741	-0.2046	-464.3920	0.0000	6.6042
742	-0.2046	-428.6512	0.0000	6.6127
743	-0.2046	-440.1985	0.0000	6.6209
744	-0.2046	-414.4156	0.0000	6.6299
745	-0.2046	-441.0267	0.0000	6.6396
746	-0.2046	-471.3015	0.0000	6.6487
747	-0.2046	-408.0631	0.0000	6.6577
748	-0.2046	-469.4784	0.0000	6.6672
749	-0.2046	-448.4892	0.0000	6.6762
750	-0.2046	-432.5931	0.0000	6.6857
751	-0.2046	-416.2774	0.0000	6.6960
752	-0.2046	-390.2601	0.0000	6.7066
753	-0.2046	-387.5302	0.0000	6.7164
754	-0.2046	-358.7818	0.0000	6.7255
755	-0.2046	-375.5929	0.0000	6.7360
756	-0.2046	-391.5628	0.0000	6.7462
757	-0.2046	-377.5216	0.0000	6.7561
758	-0.2046	-372.4613	0.0000	6.7655
759	-0.2046	-381.2644	0.0000	6.7754
760	-0.2046	-368.0273	0.0000	6.7850
761	-0.2046	-440.3681	0.0000	6.7942
762	-0.2046	-400.6545	0.0000	6.8041
763	-0.2046	-355.3194	0.0000	6.8139
764	-0.2046	-344.4619	0.0000	6.8239
765	-0.2046	-351.8040	0.0000	6.8325
766	-0.2046	-335.3592	0.0000	6.8418
767	-0.2046	-343.1134	0.0000	6.8517
768	-0.1778	-404.6709	0.0000	6.8611
769	-0.1778	-340.4806	0.0000	6.8708
770	-0.1778	-327.4430	0.0000	6.8797
771	-0.1778	-257.4586	0.0000	6.8884
772	-0.1778	-331.0255	0.0000	6.8975
773	-0.1778	-328.4487	0.0000	6.9064
774	-0.1778	-278.5364	0.0000	6.9156
775	-0.1778	-287.3712	0.0000	6.9244
776	-0.1778	-276.2912	0.0000	6.9332
777	-0.1778	-277.1714	0.0000	6.9423
778	-0.1778	-301.4653	0.0000	6.9510
779	-0.1778	-274.1569	0.0000	6.9605
780	-0.1778	-274.3578	0.0000	6.9694
781	-0.1778	-251.5905	0.0000	6.9787
782	-0.1778	-273.5787	0.0000	6.9880
783	-0.1778	-249.9523	0.0000	6.9972
784	-0.1778	-235.9677	0.0000	7.0059
785	-0.1778	-240.1559	0.0000	7.0157
786	-0.1778	-259.2088	0.0000	7.0249
787	-0.1778	-256.2045	0.0000	7.0341
788	-0.1778	-239.4551	0.0000	7.0425
789	-0.1778	-260.6306	0.0000	7.0522
790	-0.1778	-266.4754	0.0000	7.0615
791	-0.1778	-244.9117	0.0000	7.0703
792	-0.1778	-206.8939	0.0000	7.0796
793	-0.1778	-237.1973	0.0000	7.0887
794	-0.1778	-228.9682	0.0000	7.0980
795	-0.1778	-238.2293	0.0000	7.1076
796	-0.1778	-231.4138	0.0000	7.1174
797	-0.1778	-223.4608	0.0000	7.1275
798	-0.1778	-244.5697	0.0000	7.1371
799	-0.1778	-238.4262	0.0000	7.1472
800	-0.1778	-243.4808	0.0000	7.1581
801	-0.1778	-238.9181	0.0000	7.1673
802	-0.1778	-227.9305	0.0000	7.1769
803	-0.1778	-250.6847	0.0000	7.1862
804	-0.1778	-214.1064	0.0000	7.1967
805	-0.1778	-236.4045	0.0000	7.2067
806	-0.1778	-260.1569	0.0000	7.2166
807	-0.1778	-279.3698	0.0000	7.2263
808	-0.1778	-229.8311	0.0000	7.2359
809	-0.1778	-127.2307	0.0000	7.2452
810	-0.1778	-220.9290	0.0000	7.2541
811	-0.1778	-191.1100	0.0000	7.2640
812	-0.1778	-273.9505	0.0000	7.2732
813	-0.1778	-261.4762	0.0000	7.2830
814	-0.1778	-230.1825	0.0000	7.2925
815	-0.1778	-236.0212	0.0000	7.3020
816	-0.1778	-242.1143	0.0000	7.3104
817	-0.1778	-264.6485	0.0000	7.3195
818	-0.1778	-267.8309	0.0000	7.3279
819	-0.1778	-272.8978	0.0000	7.3362
820	-0.1778	-247.7876	0.0000	7.3446
821	-0.1778	-225.2670	0.0000	7.3534
822	-0.1778	-274.0389	0.0000	7.3620
823	-0.1778	-241.9376	0.0000	7.3706
824	-0.1778	-257.5147	0.0000	7.3787
825	-0.1778	-230.8566	0.0000	7.3869
826	-0.1778	-249.8120	0.0000	7.3949
827	-0.1778	-227.8704	0.0000	7.4037
828	-0.1778	-246.2110	0.0000	7.4117
829	-0.1778	-251.1050	0.0000	7.4202
830	-0.1778	-287.4231	0.0000	7.4294
831	-0.1778	-282.7064	0.0000	7.4378
832	-0.1778	-277.3453	0.0000	7.4463
833	-0.1778	-289.8252	0.0000	7.4547
834	-0.1778	-271.9637	0.0000	7.4639
835	-0.1778	-302.6069	0.0000	7.4727
836	-0.1778	-281.4746	0.0000	7.4820
837	-0.1778	-342.8885	0.0000	7.4904
838	-0.1778	-347.1426	0.0000	7.4982
839	-0.1778	-335.4384	0.0000	7.5066
840	-0.1778	-313.6684	0.0000	7.5152
841	-0.1778	-306.2789	0.0000	7.5237
842	-0.1778	-357.8604	0.0000	7.5317
843	-0.1778	-374.2691	0.0000	7.5399
844	-0.1778	-326.6816	0.0000	7.5482
845	-0.1778	-356.3749	0.0000	7.5568
846	-0.1778	-368.3668	0.0000	7.5651
847	-0.1778	-346.2691	0.0000	7.5737
848	-0.1778	-360.5697	0.0000	7.5828
849	-0.1778	-281.0811	0.0000	7.5920
850	-0.1778	-396.9350	0.0000	7.6008
851	-0.1778	-406.0597	0.0000	7.6091
852	-0.1778	-391.3663	0.0000	7.6178
853	-0.1778	-403.8069	0.0000	7.6256
854	-0.1778	-361.1204	0.0000	7.6343
855	-0.1778	-377.4160	0.0000	7.6428
856	-0.1778	-354.7291	0.0000	7.6511
857	-0.1778	-402.2988	0.0000	7.6596
858	-0.1778	-363.7931	0.0000	7.6676
859	-0.1778	-324.0595	0.0000	7.6770
860	-0.1778	-336.2424	0.0000	7.6853
861	-0.1778	-349.6504	0.0000	7.6937
862	-0.1778	-331.1977	0.0000	7.7030
863	-0.1778	-338.6769	0.0000	7.7112
864	-0.1778	-351.9513	0.0000	7.7207
865	-0.1778	-329.8392	0.0000	7.7294
866	-0.1778	-318.5900	0.0000	7.7386
867	-0.1778	-315.9279	0.0000	7.7476
868	-0.1778	-293.0252	0.0000	7.7556
869	-0.1778	-307.4068	0.0000	7.7645
870	-0.1778	-337.6544	0.0000	7.7738
871	-0.1778	-333.6526	0.0000	7.7825
872	-0.1778	-338.0075	0.0000	7.7912
873	-0.1778	-336.7469	0.0000	7.7997
874	-0.1778	-334.5283	0.0000	7.8087
875	-0.1778	-345.5639	0.0000	7.8175
876	-0.1778	-352.1407	0.0000	7.8270
877	-0.1778	-334.1569	0.0000	7.8352
878	-0.1778	-334.7897	0.0000	7.8446
879	-0.1778	-350.1991	0.0000	7.8535
880	-0.1778	-323.0306	0.0000	7.8625
881	-0.1778	-350.7878	0.0000	7.8717
882	-0.1778	-363.8963	0.0000	7.8803
883	-0.1778	-329.1362	0.0000	7.8890
884	-0.1778	-347.6015	0.0000	7.8990
885	-0.1778	-324.2389	0.0000	7.9090
886	-0.1778	-329.4972	0.0000	7.9185
887	-0.1778	-351.3265	0.0000	7.9277
888	-0.1778	-358.4150	0.0000	7.9377
889	-0.1778	-340.9797	0.0000	7.9478
890	-0.1778	-353.2883	0.0000	7.9575
891	-0.1778	-342.7724	0.0000	7.9661
892	-0.1778	-342.2671	0.0000	7.9754
893	-0.1778	-351.5543	0.0000	7.9840
894	-0.1778	-299.1252	0.0000	7.9937
895	-0.1778	-326.5472	0.0000	8.0034
896	-0.1778	-423.6877	0.0000	8.0130
897	-0.1778	-392.8948	0.0000	8.0212
898	-0.1778	-287.9011	0.0000	8.0304
899	-0.1778	-361.8122	0.0000	8.0391
900	-0.1778	-350.2465	0.0000	8.0482
901	-0.1778	-333.9541	0.0000	8.0571
902	-0.1778	-339.9792	0.0000	8.0670
903	-0.1778	-377.2831	0.0000	8.0751
904	-0.1778	-375.6565	0.0000	8.0838
905	-0.1778	-278.9324	0.0000	8.0925
906	-0.1778	-356.5837	0.0000	8.1011
907	-0.1778	-356.0118	0.0000	8.1094
908	-0.1778	-382.5552	0.0000	8.1177
909	-0.1778	-357.6518	0.0000	8.1269
910	-0.1778	-414.3555	0.0000	8.1351
911	-0.1778	-397.8757	0.0000	8.1439
912	-0.1778	-426.4062	0.0000	8.1530
913	-0.1778	-418.6207	0.0000	8.1620
914	-0.1778	-408.4964	0.0000	8.1713
915	-0.1778	-409.8547	0.0000	8.1805
916	-0.1778	-426.0370	0.0000	8.1896
917	-0.1778	-412.9922	0.0000	8.1991
918	-0.1778	-406.3667	0.0000	8.2078
919	-0.1778	-378.2232	0.0000	8.2171
920	-0.1778	-378.4754	0.0000	8.2262
921	-0.1778	-403.5837	0.0000	8.2360
922	-0.1778	-384.9964	0.0000	8.2457
923	-0.1778	-363.7944	0.0000	8.2555
924	-0.1778	-375.4289	0.0000	8.2649
925	-0.1778	-366.9290	0.0000	8.2746
926	-0.1778	-455.6448	0.0000	8.2836
927	-0.1778	-237.0654	0.0000	8.2933
928	-0.1778	-331.2789	0.0000	8.3022
929	-0.1778	-328.5484	0.0000	8.3114
930	-0.1778	-329.6800	0.0000	8.3208
931	-0.1778	-370.3899	0.0000	8.3300
932	-0.1778	-330.0097	0.0000	8.3386
933	-0.1778	-325.3967	0.0000	8.3479
934	-0.1778	-329.1708	0.0000	8.3566
935	-0.1778	-328.6570	0.0000	8.3650
936	-0.1778	-303.9774	0.0000	8.3734
937	-0.1778	-285.9421	0.0000	8.3813
938	-0.1778	-280.0124	0.0000	8.3897
939	-0.1778	-328.3794	0.0000	8.3976
940	-0.1778	-291.2514	0.0000	8.4065
941	-0.1778	-271.2582	0.0000	8.4149
942	-0.1778	-285.8479	0.0000	8.4238
943	-0.1778	-291.7308	0.0000	8.4322
944	-0.1778	-285.0479	0.0000	8.4405
945	-0.1778	-385.1130	0.0000	8.4489
946	-0.1778	-305.0959	0.0000	8.4579
947	-0.1778	-311.4875	0.0000	8.4659
948	-0.1778	-288.1437	0.0000	8.4747
949	-0.1778	-330.6609	0.0000	8.4833
950	-0.1778	-312.0656	0.0000	8.4920
951	-0.1778	-303.6317	0.0000	8.5007
952	-0.1778	-287.3577	0.0000	8.5092
953	-0.1778	-390.5229	0.0000	8.5181
954	-0.1778	-282.4197	0.0000	8.5267
955	-0.1778	-317.0336	0.0000	8.5359
956	-0.1778	-301.0252	0.0000	8.5451
957	-0.1778	-284.7901	0.0000	8.5531
958	-0.1778	-275.2289	0.0000	8.5619
959	-0.1778	-303.3376	0.0000	8.5700
960	-0.1778	-284.9786	0.0000	8.5783
961	-0.1778	-263.6969	0.0000	8.5869
962	-0.1778	-276.0256	0.0000	8.5947
963	-0.1778	-262.1884	0.0000	8.6030
964	-0.1778	-257.9284	0.0000	8.6112
965	-0.1778	-276.5407	0.0000	8.6195
966	-0.1778	-244.9866	0.0000	8.6284
967	-0.1778	-253.9098	0.0000	8.6370
968	-0.1778	-253.8547	0.0000	8.6462
969	-0.1778	-276.0741	0.0000	8.6557
970	-0.1778	-287.1025	0.0000	8.6657
971	-0.1778	-282.6801	0.0000	8.6750
972	-0.1778	-271.4036	0.0000	8.6837
973	-0.1778	-258.1470	0.0000	8.6926
974	-0.1778	-270.2708	0.0000	8.7009
975	-0.1778	-255.3182	0.0000	8.7098
976	-0.1778	-260.6234	0.0000	8.7182
977	-0.1778	-303.1086	0.0000	8.7271
978	-0.1778	-287.9158	0.0000	8.7350
979	-0.1778	-267.4490	0.0000	8.7433
980	-0.1778	-264.2469	0.0000	8.7511
981	-0.1778	-285.8817	0.0000	8.7603
982	-0.1778	-265.6124	0.0000	8.7688
983	-0.1778	-285.7379	0.0000	8.7776
984	-0.1778	-271.1605	0.0000	8.7858
985	-0.1778	-266.2433	0.0000	8.7954
986	-0.1679	-286.2957	0.0000	8.8044
987	-0.1679	-237.6621	0.0000	8.8136
988	-0.1679	-262.0297	0.0000	8.8228
989	-0.1679	-260.7960	0.0000	8.8313
990	-0.1679	-257.8670	0.0000	8.8408
991	-0.1679	-266.3712	0.0000	8.8486
992	-0.1679	-285.6033	0.0000	8.8570
993	-0.1679	-262.2702	0.0000	8.8650
994	-0.1679	-243.3397	0.0000	8.8732
995	-0.1679	-281.6174	0.0000	8.8808
996	-0.1679	-255.0054	0.0000	8.8890
997	-0.1679	-292.8903	0.0000	8.8980
998	-0.1679	-292.6494	0.0000	8.9070
999	-0.1679	-283.5689	0.0000	8.9158
1000	-0.1679	-287.9487	0.0000	8.9247
1001	-0.1679	-275.4483	0.0000	8.9337
1002	-0.1679	-272.5534	0.0000	8.9428
1003	-0.1679	-283.1739	0.0000	8.9516
1004	-0.1679	-262.0757	0.0000	8.9614
1005	-0.1679	-258.5852	0.0000	8.9703
1006	-0.1679	-289.9383	0.0000	8.9799
1007	-0.1679	-151.8387	0.0000	8.9895
1008	-0.1679	-299.3209	0.0000	8.9988
1009	-0.1679	-291.5840	0.0000	9.0086
1010	-0.1679	-303.4963	0.0000	9.0174
1011	-0.1679	-312.7802	0.0000	9.0266
1012	-0.1679	-336.2962	0.0000	9.0349
1013	-0.1679	-347.7523	0.0000	9.0435
1014	-0.1679	-348.5952	0.0000	9.0518
1015	-0.1679	-334.6946	0.0000	9.0603
1016	-0.1655	-363.3392	0.0000	9.0694
1017	-0.1655	-344.2676	0.0000	9.0778
1018	-0.1655	-329.6942	0.0000	9.0866
1019	-0.1655	-321.8065	0.0000	9.0945
1020	-0.1655	-409.4234	0.0000	9.1031
1021	-0.1655	-321.9336	0.0000	9.1111
1022	-0.1655	-353.1410	0.0000	9.1194
1023	-0.1655	-341.6305	0.0000	9.1282
1024	-0.1655	-362.7382	0.0000	9.1363
1025	-0.1655	-303.8449	0.0000	9.1447
1026	-0.1655	-344.4799	0.0000	9.1526
1027	-0.1655	-386.5674	0.0000	9.1608
1028	-0.1655	-364.1094	0.0000	9.1685
1029	-0.1418	-345.7123	0.0000	9.1770
1030	-0.1418	-354.9908	0.0000	9.1849
1031	-0.1418	-336.9138	0.0000	9.1929
1032	-0.1418	-355.8516	0.0000	9.2014
1033	-0.1418	-340.6712	0.0000	9.2091
1034	-0.1418	-367.2434	0.0000	9.2175
1035	-0.1418	-334.7150	0.0000	9.2259
1036	-0.1418	-335.2806	0.0000	9.2342
1037	-0.1418	-375.3536	0.0000	9.2422
1038	-0.1418	-374.8917	0.0000	9.2505
1039	-0.1344	-369.8349	0.0000	9.2592
1040	-0.1344	-408.2301	0.0000	9.2675
1041	-0.1344	-387.7915	0.0000	9.2761
1042	-0.1344	-356.9032	0.0000	9.2843
1043	-0.1344	-381.2303	0.0000	9.2929
1044	-0.1344	-392.4225	0.0000	9.3008
1045	-0.1344	-409.8074	0.0000	9.3087
1046	-0.1344	-393.4522	0.0000	9.3174
1047	-0.1344	-413.4969	0.0000	9.3253
1048	-0.1344	-419.8841	0.0000	9.3334
1049	-0.1238	-397.3660	0.0000	9.3416
1050	-0.1238	-401.7917	0.0000	9.3498
1051	-0.1238	-390.0832	0.0000	9.3583
1052	-0.1223	-406.9806	0.0000	9.3666
1053	-0.1223	-423.3822	0.0000	9.3747
1054	-0.1074	-407.4359	0.0000	9.3836
1055	-0.1074	-282.2712	0.0000	9.3918
1056	-0.1074	-425.9767	0.0000	9.4001
1057	-0.1074	-424.8032	0.0000	9.4081
1058	-0.0855	-427.7848	0.0000	9.4161
1059	-0.0855	-429.2456	0.0000	9.4245
1060	-0.0855	-425.6871	0.0000	9.4325
1061	-0.0855	-454.0319	0.0000	9.4407
1062	-0.0855	-449.3762	0.0000	9.4484
1063	-0.0855	-415.3810	0.0000	9.4567
1064	-0.0855	-409.0280	0.0000	9.4652
1065	-0.0855	-442.7666	0.0000	9.4736
1066	-0.0855	-375.3396	0.0000	9.4829
1067	-0.0855	-413.5361	0.0000	9.4911
1068	-0.0855	-405.1079	0.0000	9.5011
1069	-0.0855	-381.2351	0.0000	9.5099
1070	-0.0855	-436.3587	0.0000	9.5178
1071	-0.0855	-408.7170	0.0000	9.5262
1072	-0.0855	-447.9360	0.0000	9.5342
1073	-0.0855	-462.1773	0.0000	9.5425
1074	-0.0855	-430.5373	0.0000	9.5507
1075	-0.0855	-444.9048	0.0000	9.5589
1076	-0.0855	-429.1629	0.0000	9.5668
1077	-0.0855	-464.9240	0.0000	9.5745
1078	-0.0830	-429.6853	0.0000	9.5827
1079	-0.0804	-408.4200	0.0000	9.5902
1080	-0.0804	-425.9185	0.0000	9.5984
1081	-0.0804	-408.5358	0.0000	9.6062
1082	-0.0804	-414.9429	0.0000	9.6139
1083	-0.0804	-405.3155	0.0000	9.6225
1084	-0.0804	-260.6178	0.0000	9.6305
1085	-0.0804	-400.9145	0.0000	9.6390
1086	-0.0804	-423.5312	0.0000	9.6470
1087	-0.0804	-400.2030	0.0000	9.6554
1088	-0.0771	-406.5968	0.0000	9.6632
1089	-0.0771	-406.5971	0.0000	9.6718
1090	-0.0771	-387.5180	0.0000	9.6796
1091	-0.0771	-378.3843	0.0000	9.6883
1092	-0.0771	-404.2390	0.0000	9.6976
1093	-0.0771	-410.9154	0.0000	9.7064
1094	-0.0771	-397.4309	0.0000	9.7157
1095	-0.0771	-374.9543	0.0000	9.7243
1096	-0.0771	-352.9337	0.0000	9.7331
1097	-0.0771	-357.8867	0.0000	9.7424
1098	-0.0771	-367.6695	0.0000	9.7512
1099	-0.0771	-358.3627	0.0000	9.7601
1100	-0.0771	-369.9618	0.0000	9.7687
1101	-0.0629	-373.9014	0.0000	9.7773
1102	-0.0629	-379.3083	0.0000	9.7854
1103	-0.0629	-384.1039	0.0000	9.7937
1104	-0.0629	-350.5449	0.0000	9.8020
1105	-0.0629	-362.9263	0.0000	9.8101
1106	-0.0629	-337.1893	0.0000	9.8183
1107	-0.0629	-367.0798	0.0000	9.8263
1108	-0.0629	-340.6243	0.0000	9.8345
1109	-0.0629	-358.3571	0.0000	9.8425
1110	-0.0604	-330.9168	0.0000	9.8508
1111	-0.0604	-340.5309	0.0000	9.8586
1112	-0.0604	-356.8570	0.0000	9.8670
1113	-0.0604	-336.4384	0.0000	9.8748
1114	-0.0604	-345.5270	0.0000	9.8834
1115	-0.0604	-325.7193	0.0000	9.8911
1116	-0.0604	-307.4135	0.0000	9.8992
1117	-0.0604	-418.7246	0.0000	9.9068
1118	-0.0604	-337.5777	0.0000	9.9146
1119	-0.0604	-299.8443	0.0000	9.9222
1120	-0.0604	-313.9835	0.0000	9.9297
1121	-0.0604	-317.1401	0.0000	9.9375
1122	-0.0604	-310.1655	0.0000	9.9452
1123	-0.0604	-320.6003	0.0000	9.9533
1124	-0.0604	-303.0701	0.0000	9.9611
1125	-0.0552	-293.4276	0.0000	9.9696
1126	-0.0552	-305.9708	0.0000	9.9774
1127	-0.0528	-297.4464	0.0000	9.9858
1128	-0.0528	-273.3977	0.0000	9.9936
1129	-0.0528	-368.5573	0.0000	10.0017
1130	-0.0528	-312.2743	0.0000	10.0096
1131	-0.0528	-304.6365	0.0000	10.0175
1132	-0.0528	-295.8889	0.0000	10.0253
1133	-0.0528	-290.7382	0.0000	10.0329
1134	-0.0528	-293.0895	0.0000	10.0405
1135	-0.0528	-276.9863	0.0000	10.0481
1136	-0.0528	-268.9803	0.0000	10.0557
1137	-0.0528	-271.9403	0.0000	10.0633
1138	-0.0528	-292.4536	0.0000	10.0715
1139	-0.0528	-275.1216	0.0000	10.0790
1140	-0.0528	-284.0349	0.0000	10.0872
1141	-0.0528	-258.3986	0.0000	10.0949
1142	-0.0528	-243.6642	0.0000	10.1033
1143	-0.0528	-259.2657	0.0000	10.1111
1144	-0.0528	-268.3449	0.0000	10.1197
1145	-0.0528	-257.6278	0.0000	10.1276
1146	-0.0528	-264.6920	0.0000	10.1358
1147	-0.0528	-271.0399	0.0000	10.1437
1148	-0.0528	-255.1438	0.0000	10.1521
1149	-0.0528	-252.2076	0.0000	10.1598
1150	-0.0528	-248.3977	0.0000	10.1679
1151	-0.0528	-241.3746	0.0000	10.1754
1152	-0.0528	-246.7655	0.0000	10.1834
1153	-0.0528	-237.8709	0.0000	10.1911
1154	-0.0528	-234.2303	0.0000	10.1990
1155	-0.0528	-214.7392	0.0000	10.2066
1156	-0.0528	-234.8057	0.0000	10.2142
1157	-0.0528	-240.2380	0.0000	10.2219
1158	-0.0528	-238.0372	0.0000	10.2298
1159	-0.0528	-229.5832	0.0000	10.2377
1160	-0.0528	-125.2441	0.0000	10.2458
1161	-0.0528	-237.2514	0.0000	10.2543
1162	-0.0528	-221.9240	0.0000	10.2624
1163	-0.0528	-210.0723	0.0000	10.2711
1164	-0.0528	-138.8651	0.0000	10.2792
1165	-0.0528	-217.8239	0.0000	10.2880
1166	-0.0528	-265.9668	0.0000	10.2960
1167	-0.0528	-219.5528	0.0000	10.3040
1168	-0.0528	-224.1233	0.0000	10.3121
1169	-0.0528	-225.9178	0.0000	10.3198
1170	-0.0528	-241.3360	0.0000	10.3279
1171	-0.0528	-225.1070	0.0000	10.3358
1172	-0.0528	-230.0040	0.0000	10.3441
1173	-0.0528	-236.4910	0.0000	10.3519
1174	-0.0528	-230.2482	0.0000	10.3606
1175	-0.0528	-194.9688	0.0000	10.3688
1176	-0.0528	-240.5171	0.0000	10.3775
1177	-0.0528	-236.8414	0.0000	10.3859
1178	-0.0528	-245.1821	0.0000	10.3942
1179	-0.0528	-286.0208	0.0000	10.4029
1180	-0.0528	-303.0498	0.0000	10.4110
1181	-0.0528	-254.3352	0.0000	10.4198
1182	-0.0528	-239.5526	0.0000	10.4278
1183	-0.0528	-237.2630	0.0000	10.4360
1184	-0.0528	-240.2026	0.0000	10.4446
1185	-0.0528	-232.2635	0.0000	10.4524
1186	-0.0528	-236.0404	0.0000	10.4609
1187	-0.0528	-219.4969	0.0000	10.4692
1188	-0.0482	-231.0011	0.0000	10.4774
1189	-0.0482	-257.9780	0.0000	10.4859
1190	-0.0482	-238.7435	0.0000	10.4938
1191	-0.0482	-251.1222	0.0000	10.5024
1192	-0.0482	-246.4511	0.0000	10.5110
1193	-0.0482	-248.2260	0.0000	10.5193
1194	-0.0482	-237.2030	0.0000	10.5278
1195	-0.0460	-247.6671	0.0000	10.5364
1196	-0.0460	-279.1104	0.0000	10.5449
1197	-0.0460	-267.3955	0.0000	10.5536
1198	-0.0460	-281.9756	0.0000	10.5617
1199	-0.0460	-263.1333	0.0000	10.5698
1200	-0.0460	-327.5330	0.0000	10.5778
1201	-0.0460	-305.0307	0.0000	10.5865
1202	-0.0460	-300.6438	0.0000	10.5947
1203	-0.0460	-339.8753	0.0000	10.6032
1204	-0.0460	-170.2600	0.0000	10.6121
1205	-0.0460	-294.4005	0.0000	10.6201
1206	-0.0460	-307.4971	0.0000	10.6287
1207	-0.0460	-290.7668	0.0000	10.6377
1208	-0.0460	-286.8602	0.0000	10.6459
1209	-0.0460	-324.9206	0.0000	10.6550
1210	-0.0460	-341.6550	0.0000	10.6645
1211	-0.0460	-328.0894	0.0000	10.6728
1212	-0.0460	-327.7946	0.0000	10.6817
1213	-0.0460	-346.8024	0.0000	10.6905
1214	-0.0460	-362.8978	0.0000	10.6984
1215	-0.0460	-305.2072	0.0000	10.7069
1216	-0.0460	-313.2375	0.0000	10.7152
1217	-0.0460	-326.8784	0.0000	10.7233
1218	-0.0460	-311.6092	0.0000	10.7320
1219	-0.0460	-190.0413	0.0000	10.7404
1220	-0.0460	-320.0827	0.0000	10.7486
1221	-0.0460	-344.0381	0.0000	10.7572
1222	-0.0460	-329.0215	0.0000	10.7654
1223	-0.0460	-323.8774	0.0000	10.7743
1224	-0.0460	-352.4030	0.0000	10.7831
1225	-0.0460	-331.9166	0.0000	10.7915
1226	-0.0460	-356.9558	0.0000	10.8003
1227	-0.0460	-351.2022	0.0000	10.8093
1228	-0.0460	-339.5789	0.0000	10.8177
1229	-0.0460	-340.2970	0.0000	10.8266
1230	-0.0460	-342.1859	0.0000	10.8349
1231	-0.0460	-290.3812	0.0000	10.8431
1232	-0.0460	-342.9143	0.0000	10.8521
1233	-0.0460	-314.0360	0.0000	10.8605
1234	-0.0460	-331.8982	0.0000	10.8686
1235	-0.0460	-315.3733	0.0000	10.8772
1236	-0.0460	-336.0142	0.0000	10.8859
1237	-0.0460	-294.1919	0.0000	10.8944
1238	-0.0460	-356.6312	0.0000	10.9032
1239	-0.0460	-337.0340	0.0000	10.9115
1240	-0.0460	-320.5679	0.0000	10.9202
1241	-0.0460	-326.0243	0.0000	10.9291
1242	-0.0460	-323.6110	0.0000	10.9375
1243	-0.0460	-312.6742	0.0000	10.9462
1244	-0.0460	-368.7691	0.0000	10.9548
1245	-0.0460	-343.2001	0.0000	10.9629
1246	-0.0460	-359.5188	0.0000	10.9715
1247	-0.0460	-318.3910	0.0000	10.9795
1248	-0.0460	-329.9647	0.0000	10.9881
1249	-0.0460	-321.5000	0.0000	10.9962
1250	-0.0460	-328.5060	0.0000	11.0044
1251	-0.0438	-322.9960	0.0000	11.0134
1252	-0.0438	-317.6661	0.0000	11.0213
1253	-0.0438	-336.0172	0.0000	11.0299
1254	-0.0438	-323.2899	0.0000	11.0389
1255	-0.0438	-294.7637	0.0000	11.0475
1256	-0.0438	-321.2321	0.0000	11.0560
1257	-0.0438	-319.6722	0.0000	11.0645
1258	-0.0438	-171.3844	0.0000	11.0730
1259	-0.0438	-282.8264	0.0000	11.0819
1260	-0.0438	-302.8069	0.0000	11.0901
1261	-0.0438	-257.5975	0.0000	11.0987
1262	-0.0438	-316.3969	0.0000	11.1073
1263	-0.0438	-305.0675	0.0000	11.1153
1264	-0.0438	-289.8965	0.0000	11.1238
1265	-0.0438	-324.0990	0.0000	11.1323
1266	-0.0438	-293.9691	0.0000	11.1405
1267	-0.0438	-313.4508	0.0000	11.1492
1268	-0.0438	-315.2288	0.0000	11.1573
1269	-0.0438	-294.5065	0.0000	11.1657
1270	-0.0438	-311.7412	0.0000	11.1745
1271	-0.0438	-349.6960	0.0000	11.1828
1272	-0.0438	-250.8591	0.0000	11.1915
1273	-0.0438	-334.5662	0.0000	11.1996
1274	-0.0438	-336.7410	0.0000	11.2082
1275	-0.0438	-360.3514	0.0000	11.2169
1276	-0.0438	-340.7584	0.0000	11.2258
1277	-0.0438	-410.6766	0.0000	11.2337
1278	-0.0438	-346.2172	0.0000	11.2420
1279	-0.0438	-317.0418	0.0000	11.2501
1280	-0.0438	-378.2707	0.0000	11.2587
1281	-0.0438	-331.6277	0.0000	11.2665
1282	-0.0438	-336.4543	0.0000	11.2747
1283	-0.0438	-345.1563	0.0000	11.2832
1284	-0.0438	-346.1423	0.0000	11.2910
1285	-0.0438	-352.2082	0.0000	11.3010
1286	-0.0438	-385.7460	0.0000	11.3088
1287	-0.0438	-395.0042	0.0000	11.3169
1288	-0.0438	-360.6774	0.0000	11.3252
1289	-0.0438	-382.0992	0.0000	11.3333
1290	-0.0438	-336.7769	0.0000	11.3417
1291	-0.0438	-358.1075	0.0000	11.3497
1292	-0.0438	-344.2994	0.0000	11.3584
1293	-0.0438	-356.6747	0.0000	11.3673
1294	-0.0438	-367.0947	0.0000	11.3769
1295	-0.0438	-317.4057	0.0000	11.3859
1296	-0.0438	-329.3556	0.0000	11.3955
1297	-0.0438	-312.3549	0.0000	11.4046
1298	-0.0438	-316.7547	0.0000	11.4143
1299	-0.0438	-290.4730	0.0000	11.4233
1300	-0.0438	-303.2367	0.0000	11.4324
1301	-0.0438	-321.6035	0.0000	11.4413
1302	-0.0438	-272.5244	0.0000	11.4499
1303	-0.0438	-312.5568	0.0000	11.4593
1304	-0.0438	-305.5898	0.0000	11.4679
1305	-0.0438	-311.7529	0.0000	11.4773
1306	-0.0438	-331.8960	0.0000	11.4860
1307	-0.0438	-304.3870	0.0000	11.4946
1308	-0.0438	-311.0401	0.0000	11.5034
1309	-0.0438	-316.1926	0.0000	11.5119
1310	-0.0438	-303.3816	0.0000	11.5204
1311	-0.0438	-257.7831	0.0000	11.5283
1312	-0.0438	-293.1946	0.0000	11.5365
1313	-0.0438	-288.0845	0.0000	11.5444
1314	-0.0438	-259.2924	0.0000	11.5530
1315	-0.0438	-275.8908	0.0000	11.5608
1316	-0.0438	-312.4815	0.0000	11.5689
1317	-0.0438	-252.8725	0.0000	11.5767
1318	-0.0438	-254.3409	0.0000	11.5847
1319	-0.0438	-296.1408	0.0000	11.5923
1320	-0.0438	-279.6761	0.0000	11.6004
1321	-0.0438	-341.7657	0.0000	11.6084
1322	-0.0438	-304.5004	0.0000	11.6161
1323	-0.0438	-282.4771	0.0000	11.6244
1324	-0.0438	-273.4552	0.0000	11.6323
1325	-0.0438	-282.7436	0.0000	11.6411
1326	-0.0438	-256.6417	0.0000	11.6491
1327	-0.0438	-258.2158	0.0000	11.6573
1328	-0.0351	-275.1586	0.0000	11.6655
1329	-0.0351	-255.7216	0.0000	11.6736
1330	-0.0351	-238.1582	0.0000	11.6821
1331	-0.0351	-240.4572	0.0000	11.6899
1332	-0.0351	-256.4071	0.0000	11.6982
1333	-0.0351	-250.0167	0.0000	11.7059
1334	-0.0351	-249.7878	0.0000	11.7141
1335	-0.0351	-230.4901	0.0000	11.7216
1336	-0.0351	-268.7979	0.0000	11.7293
1337	-0.0351	-259.1877	0.0000	11.7371
1338	-0.0351	-272.0880	0.0000	11.7446
1339	-0.0351	-418.5333	0.0000	11.7527
1340	-0.0351	-282.5515	0.0000	11.7605
1341	-0.0351	-308.2941	0.0000	11.7691
1342	-0.0351	-296.9899	0.0000	11.7769
1343	-0.0351	-308.4979	0.0000	11.7853
1344	-0.0351	-297.2163	0.0000	11.7932
1345	-0.0351	-294.7870	0.0000	11.8018
1346	-0.0351	-276.3561	0.0000	11.8097
1347	-0.0351	-296.0152	0.0000	11.8176
1348	-0.0351	-243.8186	0.0000	11.8254
1349	-0.0351	-285.3442	0.0000	11.8331
1350	-0.0351	-257.5020	0.0000	11.8408
1351	-0.0351	-247.7436	0.0000	11.8484
1352	-0.0351	-297.4277	0.0000	11.8563
1353	-0.0351	-280.4573	0.0000	11.8639
1354	-0.0351	-282.8010	0.0000	11.8720
1355	-0.0351	-286.0215	0.0000	11.8795
1356	-0.0351	-292.2751	0.0000	11.8878
1357	-0.0351	-293.3968	0.0000	11.8955
1358	-0.0351	-282.1811	0.0000	11.9037
1359	-0.0351	-282.5422	0.0000	11.9115
1360	-0.0351	-264.9712	0.0000	11.9198
1361	-0.0351	-251.2086	0.0000	11.9278
1362	-0.0351	-280.0763	0.0000	11.9357
1363	-0.0351	-320.8208	0.0000	11.9441
1364	-0.0351	-299.5203	0.0000	11.9520
1365	-0.0351	-300.0841	0.0000	11.9603
1366	-0.0351	-144.1852	0.0000	11.9678
1367	-0.0351	-276.7656	0.0000	11.9763
1368	-0.0351	-232.4417	0.0000	11.9838
1369	-0.0351	-259.7779	0.0000	11.9919
1370	-0.0351	-279.3824	0.0000	11.9989
1371	-0.0351	-240.3203	0.0000	12.0059
1372	-0.0351	-276.0285	0.0000	12.0129
1373	-0.0351	-261.3557	0.0000	12.0199
1374	-0.0351	-262.8852	0.0000	12.0272
1375	-0.0351	-286.3792	0.0000	12.0344
1376	-0.0351	-276.8729	0.0000	12.0417
1377	-0.0351	-260.8791	0.0000	12.0490
1378	-0.0351	-284.8946	0.0000	12.0563
1379	-0.0351	-246.2135	0.0000	12.0637
1380	-0.0351	-239.1084	0.0000	12.0709
1381	-0.0351	-274.9688	0.0000	12.0784
1382	-0.0351	-216.8922	0.0000	12.0856
1383	-0.0351	-210.8424	0.0000	12.0928
1384	-0.0351	-239.9173	0.0000	12.0999
1385	-0.0351	-245.2640	0.0000	12.1069
1386	-0.0351	-270.0860	0.0000	12.1139
1387	-0.0351	-247.4685	0.0000	12.1209
1388	-0.0351	-259.6549	0.0000	12.1278
1389	-0.0351	-268.0491	0.0000	12.1348
1390	-0.0351	-399.2027	0.0000	12.1420
1391	-0.0351	-303.1270	0.0000	12.1489
1392	-0.0351	-278.3361	0.0000	12.1564
1393	-0.0351	-306.1783	0.0000	12.1638
1394	-0.0351	-321.7141	0.0000	12.1714
1395	-0.0351	-364.2835	0.0000	12.1786
1396	-0.0351	-315.5583	0.0000	12.1859
1397	-0.0351	-340.8376	0.0000	12.1931
1398	-0.0351	-325.4733	0.0000	12.2004
1399	-0.0351	-326.8500	0.0000	12.2078
1400	-0.0351	-323.6272	0.0000	12.2151
1401	-0.0351	-331.9865	0.0000	12.2226
1402	-0.0351	-351.4897	0.0000	12.2298
1403	-0.0351	-336.0654	0.0000	12.2367
1404	-0.0351	-361.8870	0.0000	12.2437
1405	-0.0351	-325.9163	0.0000	12.2508
1406	-0.0351	-300.3234	0.0000	12.2577
1407	-0.0351	-316.8070	0.0000	12.2649
1408	-0.0351	-435.2108	0.0000	12.2725
1409	-0.0351	-417.7982	0.0000	12.2796
1410	-0.0351	-248.5367	0.0000	12.2865
1411	-0.0351	-381.7006	0.0000	12.2940
1412	-0.0351	-373.6233	0.0000	12.3013
1413	-0.0351	-390.5743	0.0000	12.3086
1414	-0.0351	-398.3826	0.0000	12.3158
1415	-0.0351	-405.3517	0.0000	12.3231
1416	-0.0351	-403.9377	0.0000	12.3305
1417	-0.0351	-251.5766	0.0000	12.3378
1418	-0.0351	-383.3301	0.0000	12.3452
1419	-0.0351	-249.0327	0.0000	12.3526
1420	-0.0351	-333.2623	0.0000	12.3598
1421	-0.0351	-352.3671	0.0000	12.3668
1422	-0.0351	-361.1152	0.0000	12.3744
1423	-0.0351	-374.7220	0.0000	12.3814
1424	-0.0351	-392.4528	0.0000	12.3884
1425	-0.0351	-487.5987	0.0000	12.3955
1426	-0.0351	-463.3698	0.0000	12.4027
1427	-0.0351	-396.4720	0.0000	12.4100
1428	-0.0351	-392.1746	0.0000	12.4172
1429	-0.0351	-392.1880	0.0000	12.4243
1430	-0.0351	-409.5790	0.0000	12.4316
1431	-0.0351	-397.4788	0.0000	12.4390
1432	-0.0351	-394.8399	0.0000	12.4468
1433	-0.0351	-435.9987	0.0000	12.4541
1434	-0.0351	-424.8378	0.0000	12.4615
1435	-0.0351	-422.1267	0.0000	12.4687
1436	-0.0350	-393.6000	0.0000	12.4762
1437	-0.0350	-359.8423	0.0000	12.4835
1438	-0.0350	-387.2599	0.0000	12.4910
1439	-0.0350	-371.9884	0.0000	12.4979
1440	-0.0350	-381.4352	0.0000	12.5050
1441	-0.0350	-394.2525	0.0000	12.5122
1442	-0.0350	-370.4413	0.0000	12.5193
1443	-0.0350	-369.4736	0.0000	12.5264
1444	-0.0350	-374.5938	0.0000	12.5333
1445	-0.0350	-374.7866	0.0000	12.5404
1446	-0.0334	-384.5514	0.0000	12.5473
1447	-0.0334	-322.4704	0.0000	12.5544
1448	-0.0334	-372.2628	0.0000	12.5615
1449	-0.0334	-373.8937	0.0000	12.5688
1450	-0.0334	-347.7076	0.0000	12.5762
1451	-0.0334	-384.9910	0.0000	12.5834
1452	-0.0334	-363.4523	0.0000	12.5908
1453	-0.0315	-384.0868	0.0000	12.5986
1454	-0.0315	-403.0356	0.0000	12.6058
1455	-0.0315	-428.3852	0.0000	12.6132
1456	-0.0315	-458.6177	0.0000	12.6209
1457	-0.0315	-394.9102	0.0000	12.6283
1458	-0.0315	-395.2105	0.0000	12.6354
1459	-0.0315	-400.7903	0.0000	12.6423
1460	-0.0315	-410.1383	0.0000	12.6492
1461	-0.0315	-386.4548	0.0000	12.6563
1462	-0.0301	-376.4732	0.0000	12.6634
1463	-0.0301	-384.8107	0.0000	12.6704
1464	-0.0301	-367.2434	0.0000	12.6779
1465	-0.0301	-382.8229	0.0000	12.6850
1466	-0.0301	-397.4772	0.0000	12.6920
1467	-0.0301	-407.3718	0.0000	12.6994
1468	-0.0301	-392.8959	0.0000	12.7066
1469	-0.0301	-382.0724	0.0000	12.7142
1470	-0.0301	-392.3596	0.0000	12.7214
1471	-0.0301	-360.4591	0.0000	12.7290
1472	-0.0301	-358.5620	0.0000	12.7363
1473	-0.0301	-372.5096	0.0000	12.7437
1474	-0.0301	-399.4729	0.0000	12.7512
1475	-0.0301	-378.8062	0.0000	12.7585
1476	-0.0301	-376.9329	0.0000	12.7655
1477	-0.0301	-379.1580	0.0000	12.7725
1478	-0.0301	-423.5419	0.0000	12.7798
1479	-0.0301	-394.0204	0.0000	12.7867
1480	-0.0301	-367.9902	0.0000	12.7944
1481	-0.0301	-418.2797	0.0000	12.8015
1482	-0.0301	-297.6998	0.0000	12.8084
1483	-0.0301	-394.6384	0.0000	12.8155
1484	-0.0301	-384.6161	0.0000	12.8226
1485	-0.0301	-380.1982	0.0000	12.8300
1486	-0.0301	-231.1645	0.0000	12.8380
1487	-0.0301	-356.9583	0.0000	12.8463
1488	-0.0301	-358.9438	0.0000	12.8551
1489	-0.0301	-385.0182	0.0000	12.8632
1490	-0.0301	-234.9365	0.0000	12.8725
1491	-0.0301	-253.5689	0.0000	12.8811
1492	-0.0301	-381.9249	0.0000	12.8893
1493	-0.0301	-397.9993	0.0000	12.8986
1494	-0.0301	-349.5856	0.0000	12.9080
1495	-0.0301	-368.1129	0.0000	12.9174
1496	-0.0301	-353.1101	0.0000	12.9268
1497	-0.0301	-352.8686	0.0000	12.9362
1498	-0.0301	-383.7333	0.0000	12.9456
1499	-0.0301	-386.2759	0.0000	12.9549
1500	-0.0301	-369.1384	0.0000	12.9640
1501	-0.0301	-377.1572	0.0000	12.9727
1502	-0.0301	-282.2367	0.0000	12.9819
1503	-0.0301	-327.2865	0.0000	12.9907
1504	-0.0301	-258.8407	0.0000	12.9994
1505	-0.0301	-350.5173	0.0000	13.0081
1506	-0.0301	-337.0453	0.0000	13.0170
1507	-0.0301	-314.1548	0.0000	13.0258
1508	-0.0301	-319.0866	0.0000	13.0341
1509	-0.0301	-272.8649	0.0000	13.0430
1510	-0.0301	-289.8477	0.0000	13.0515
1511	-0.0301	-279.2491	0.0000	13.0601
1512	-0.0301	-327.9323	0.0000	13.0688
1513	-0.0301	-287.7745	0.0000	13.0772
1514	-0.0301	-315.1310	0.0000	13.0856
1515	-0.0301	-296.8267	0.0000	13.0939
1516	-0.0301	-321.3852	0.0000	13.1023
1517	-0.0301	-302.5298	0.0000	13.1104
1518	-0.0301	-286.5650	0.0000	13.1186
1519	-0.0301	-279.0737	0.0000	13.1267
1520	-0.0301	-253.6430	0.0000	13.1348
1521	-0.0301	-281.4067	0.0000	13.1430
1522	-0.0301	-270.6707	0.0000	13.1511
1523	-0.0301	-290.1118	0.0000	13.1591
1524	-0.0301	-297.5685	0.0000	13.1676
1525	-0.0301	-290.4450	0.0000	13.1762
1526	-0.0301	-281.6996	0.0000	13.1848
1527	-0.0301	-306.2432	0.0000	13.1934
1528	-0.0301	-308.1594	0.0000	13.2025
1529	-0.0301	-378.5840	0.0000	13.2110
1530	-0.0301	-355.1522	0.0000	13.2195
1531	-0.0301	-346.5673	0.0000	13.2278
1532	-0.0301	-347.6443	0.0000	13.2359
1533	-0.0301	-363.3050	0.0000	13.2443
1534	-0.0301	-343.2209	0.0000	13.2524
1535	-0.0301	-346.1038	0.0000	13.2606
1536	-0.0301	-339.2437	0.0000	13.2689
1537	-0.0301	-340.7207	0.0000	13.2772
1538	-0.0301	-362.0597	0.0000	13.2853
1539	-0.0301	-330.8446	0.0000	13.2935
1540	-0.0301	-322.5968	0.0000	13.3020
1541	-0.0301	-262.2459	0.0000	13.3104
1542	-0.0301	-378.0559	0.0000	13.3188
1543	-0.0301	-343.7519	0.0000	13.3272
1544	-0.0301	-361.6192	0.0000	13.3356
1545	-0.0301	-313.6607	0.0000	13.3441
1546	-0.0301	-348.1232	0.0000	13.3525
1547	-0.0301	-314.4746	0.0000	13.3611
1548	-0.0301	-195.0439	0.0000	13.3692
1549	-0.0301	-351.1936	0.0000	13.3775
1550	-0.0301	-314.0885	0.0000	13.3858
1551	-0.0301	-312.6184	0.0000	13.3940
1552	-0.0301	-293.7142	0.0000	13.4021
1553	-0.0301	-344.8154	0.0000	13.4104
1554	-0.0301	-300.9236	0.0000	13.4186
1555	-0.0301	-275.6039	0.0000	13.4268
1556	-0.0301	-300.2854	0.0000	13.4356
1557	-0.0301	-316.9283	0.0000	13.4440
1558	-0.0301	-280.2002	0.0000	13.4525
1559	-0.0301	-337.5134	0.0000	13.4609
1560	-0.0301	-306.5971	0.0000	13.4691
1561	-0.0301	-309.6431	0.0000	13.4771
1562	-0.0301	-278.2034	0.0000	13.4855
1563	-0.0301	-311.9212	0.0000	13.4939
1564	-0.0301	-460.1650	0.0000	13.5021
1565	-0.0301	-330.0178	0.0000	13.5103
1566	-0.0301	-343.4514	0.0000	13.5184
1567	-0.0301	-313.3004	0.0000	13.5266
1568	-0.0301	-292.3069	0.0000	13.5347
1569	-0.0301	-195.2916	0.0000	13.5431
1570	-0.0301	-303.8005	0.0000	13.5512
1571	-0.0301	-292.4515	0.0000	13.5596
1572	-0.0301	-301.0743	0.0000	13.5680
1573	-0.0301	-287.2418	0.0000	13.5766
1574	-0.0301	-306.5850	0.0000	13.5851
1575	-0.0301	-275.9171	0.0000	13.5937
1576	-0.0301	-204.6137	0.0000	13.6024
1577	-0.0301	-262.9263	0.0000	13.6110
1578	-0.0301	-341.4433	0.0000	13.6194
1579	-0.0301	-305.8356	0.0000	13.6278
1580	-0.0301	-288.4895	0.0000	13.6362
1581	-0.0301	-307.0312	0.0000	13.6443
1582	-0.0301	-282.6544	0.0000	13.6529
1583	-0.0301	-296.8512	0.0000	13.6610
1584	-0.0301	-337.2306	0.0000	13.6692
1585	-0.0290	-262.7684	0.0000	13.6773
1586	-0.0290	-277.6197	0.0000	13.6855
1587	-0.0290	-307.7850	0.0000	13.6938
1588	-0.0290	-262.4052	0.0000	13.7021
1589	-0.0290	-277.2131	0.0000	13.7108
1590	-0.0290	-274.1726	0.0000	13.7192
1591	-0.0290	-269.6441	0.0000	13.7276
1592	-0.0290	-299.7424	0.0000	13.7361
1593	-0.0290	-278.1270	0.0000	13.7445
1594	-0.0290	-290.7549	0.0000	13.7529
1595	-0.0290	-295.5104	0.0000	13.7614
1596	-0.0290	-362.2838	0.0000	13.7697
1597	-0.0290	-334.4328	0.0000	13.7778
1598	-0.0290	-329.4172	0.0000	13.7863
1599	-0.0290	-149.8985	0.0000	13.7945
1600	-0.0290	-304.3753	0.0000	13.8026
1601	-0.0290	-289.6681	0.0000	13.8110
1602	-0.0290	-300.5452	0.0000	13.8194
1603	-0.0290	-343.0768	0.0000	13.8274
1604	-0.0290	-302.9514	0.0000	13.8358
1605	-0.0290	-314.8022	0.0000	13.8442
1606	-0.0290	-286.0758	0.0000	13.8526
1607	-0.0290	-259.1179	0.0000	13.8610
1608	-0.0290	-298.1874	0.0000	13.8695
1609	-0.0290	-265.8217	0.0000	13.8778
1610	-0.0290	-298.8880	0.0000	13.8866
1611	-0.0290	-259.5762	0.0000	13.8951
1612	-0.0290	-298.8126	0.0000	13.9029
1613	-0.0290	-278.0522	0.0000	13.9109
1614	-0.0290	-265.4484	0.0000	13.9191
1615	-0.0290	-353.7414	0.0000	13.9273
1616	-0.0290	-294.1177	0.0000	13.9356
1617	-0.0290	-302.9682	0.0000	13.9443
1618	-0.0290	-325.9315	0.0000	13.9527
1619	-0.0290	-299.1688	0.0000	13.9613
1620	-0.0290	-312.2945	0.0000	13.9700
1621	-0.0290	-328.0033	0.0000	13.9787
1622	-0.0290	-161.5065	0.0000	13.9871
1623	-0.0290	-303.7296	0.0000	13.9960
1624	-0.0290	-275.4504	0.0000	14.0046
1625	-0.0290	-293.7102	0.0000	14.0131
1626	-0.0290	-369.6320	0.0000	14.0219
1627	-0.0290	-308.1097	0.0000	14.0302
1628	-0.0290	-290.6837	0.0000	14.0397
1629	-0.0290	-324.3924	0.0000	14.0476
1630	-0.0290	-316.3889	0.0000	14.0555
1631	-0.0290	-326.3842	0.0000	14.0635
1632	-0.0290	-312.6901	0.0000	14.0721
1633	-0.0290	-315.0206	0.0000	14.0803
1634	-0.0290	-352.0055	0.0000	14.0883
1635	-0.0290	-348.7681	0.0000	14.0965
1636	-0.0290	-331.8247	0.0000	14.1050
1637	-0.0290	-333.2992	0.0000	14.1134
1638	-0.0290	-341.9487	0.0000	14.1221
1639	-0.0290	-366.7024	0.0000	14.1308
1640	-0.0290	-342.6852	0.0000	14.1393
1641	-0.0290	-364.6023	0.0000	14.1476
1642	-0.0290	-323.6409	0.0000	14.1563
1643	-0.0290	-360.9433	0.0000	14.1651
1644	-0.0290	-368.8142	0.0000	14.1731
1645	-0.0290	-368.9140	0.0000	14.1812
1646	-0.0290	-364.1557	0.0000	14.1895
1647	-0.0290	-345.2735	0.0000	14.1975
1648	-0.0290	-354.9300	0.0000	14.2058
1649	-0.0290	-279.5595	0.0000	14.2142
1650	-0.0290	-300.7912	0.0000	14.2225
1651	-0.0290	-362.6317	0.0000	14.2308
1652	-0.0290	-352.1855	0.0000	14.2396
1653	-0.0290	-337.5202	0.0000	14.2482
1654	-0.0290	-349.6159	0.0000	14.2567
1655	-0.0290	-342.0491	0.0000	14.2652
1656	-0.0290	-362.4120	0.0000	14.2736
1657	-0.0290	-446.9558	0.0000	14.2822
1658	-0.0290	-400.9154	0.0000	14.2905
1659	-0.0290	-390.1620	0.0000	14.2986
1660	-0.0290	-364.2817	0.0000	14.3069
1661	-0.0290	-369.4730	0.0000	14.3152
1662	-0.0290	-345.9430	0.0000	14.3233
1663	-0.0290	-362.3296	0.0000	14.3316
1664	-0.0290	-338.4244	0.0000	14.3397
1665	-0.0290	-350.3765	0.0000	14.3478
1666	-0.0290	-360.9339	0.0000	14.3565
1667	-0.0290	-393.5387	0.0000	14.3649
1668	-0.0290	-367.2307	0.0000	14.3734
1669	-0.0290	-378.9231	0.0000	14.3822
1670	-0.0290	-411.4055	0.0000	14.3909
1671	-0.0290	-375.5526	0.0000	14.3995
1672	-0.0290	-397.3490	0.0000	14.4081
1673	-0.0290	-376.3827	0.0000	14.4164
1674	-0.0290	-386.0985	0.0000	14.4248
1675	-0.0290	-375.4405	0.0000	14.4332
1676	-0.0290	-383.2016	0.0000	14.4414
1677	-0.0290	-371.8982	0.0000	14.4495
1678	-0.0290	-372.2345	0.0000	14.4582
1679	-0.0290	-407.9672	0.0000	14.4666
1680	-0.0290	-412.7625	0.0000	14.4747
1681	-0.0290	-390.7801	0.0000	14.4829
1682	-0.0290	-393.6997	0.0000	14.4910
1683	-0.0290	-376.1119	0.0000	14.4997
1684	-0.0290	-239.2752	0.0000	14.5082
1685	-0.0290	-339.6528	0.0000	14.5166
1686	-0.0290	-356.1830	0.0000	14.5257
1687	-0.0290	-354.4512	0.0000	14.5341
1688	-0.0290	-357.1139	0.0000	14.5427
1689	-0.0290	-371.9615	0.0000	14.5515
1690	-0.0290	-364.7218	0.0000	14.5601
1691	-0.0290	-377.1375	0.0000	14.5682
1692	-0.0290	-373.2721	0.0000	14.5763
1693	-0.0290	-359.9745	0.0000	14.5848
1694	-0.0290	-366.4330	0.0000	14.5929
1695	-0.0290	-348.0842	0.0000	14.6017
1696	-0.0290	-364.5512	0.0000	14.6103
1697	-0.0290	-362.1116	0.0000	14.6187
1698	-0.0290	-364.6216	0.0000	14.6272
1699	-0.0290	-358.8682	0.0000	14.6358
1700	-0.0290	-370.0601	0.0000	14.6444
1701	-0.0290	-378.0401	0.0000	14.6534
1702	-0.0290	-367.0814	0.0000	14.6619
1703	-0.0290	-224.6384	0.0000	14.6704
1704	-0.0290	-356.0213	0.0000	14.6793
1705	-0.0290	-354.2995	0.0000	14.6878
1706	-0.0290	-349.3694	0.0000	14.6966
1707	-0.0290	-347.1654	0.0000	14.7056
1708	-0.0290	-343.3356	0.0000	14.7142
1709	-0.0290	-364.5976	0.0000	14.7222
1710	-0.0290	-387.6095	0.0000	14.7304
1711	-0.0290	-397.1115	0.0000	14.7386
1712	-0.0290	-404.4895	0.0000	14.7468
1713	-0.0290	-395.0321	0.0000	14.7548
1714	-0.0290	-361.6340	0.0000	14.7632
1715	-0.0290	-358.8550	0.0000	14.7715
1716	-0.0290	-356.8551	0.0000	14.7798
1717	-0.0290	-370.4545	0.0000	14.7881
1718	-0.0290	-350.1784	0.0000	14.7963
1719	-0.0290	-358.2035	0.0000	14.8046
1720	-0.0290	-351.7987	0.0000	14.8131
1721	-0.0290	-365.1385	0.0000	14.8212
1722	-0.0290	-367.4400	0.0000	14.8293
1723	-0.0290	-346.7468	0.0000	14.8375
1724	-0.0290	-353.6896	0.0000	14.8455
1725	-0.0290	-335.7302	0.0000	14.8535
1726	-0.0290	-326.8067	0.0000	14.8614
1727	-0.0290	-325.9745	0.0000	14.8692
1728	-0.0290	-325.1612	0.0000	14.8773
1729	-0.0290	-196.4779	0.0000	14.8855
1730	-0.0290	-317.9393	0.0000	14.8935
1731	-0.0290	-340.8614	0.0000	14.9018
1732	-0.0290	-344.5114	0.0000	14.9101
1733	-0.0290	-356.7382	0.0000	14.9183
1734	-0.0290	-339.7463	0.0000	14.9266
1735	-0.0290	-325.7300	0.0000	14.9351
1736	-0.0290	-320.5920	0.0000	14.9434
1737	-0.0290	-332.9308	0.0000	14.9547
1738	-0.0290	-333.6769	0.0000	14.9642
1739	-0.0290	-320.8201	0.0000	14.9722
1740	-0.0290	-326.8781	0.0000	14.9802
1741	-0.0290	-328.4183	0.0000	14.9883
1742	-0.0290	-326.8817	0.0000	14.9963
1743	-0.0254	-347.9984	0.0000	15.0045
1744	-0.0254	-331.3696	0.0000	15.0127
1745	-0.0254	-323.9484	0.0000	15.0208
1746	-0.0254	-314.5596	0.0000	15.0304
1747	-0.0254	-356.5384	0.0000	15.0388
1748	-0.0254	-400.0791	0.0000	15.0471
1749	-0.0254	-365.4859	0.0000	15.0553
1750	-0.0254	-453.9945	0.0000	15.0639
1751	-0.0254	-387.4831	0.0000	15.0724
1752	-0.0254	-371.6850	0.0000	15.0809
1753	-0.0254	-378.0742	0.0000	15.0897
1754	-0.0254	-384.0895	0.0000	15.0981
1755	-0.0254	-375.4427	0.0000	15.1060
1756	-0.0254	-365.6889	0.0000	15.1143
1757	-0.0254	-386.7214	0.0000	15.1223
1758	-0.0254	-393.3912	0.0000	15.1304
1759	-0.0254	-206.5144	0.0000	15.1387
1760	-0.0254	-366.2686	0.0000	15.1467
1761	-0.0254	-339.2635	0.0000	15.1546
1762	-0.0254	-365.4462	0.0000	15.1624
1763	-0.0254	-329.9276	0.0000	15.1702
1764	-0.0254	-240.3853	0.0000	15.1786
1765	-0.0254	-317.7638	0.0000	15.1883
1766	-0.0254	-332.3113	0.0000	15.1997
1767	-0.0254	-328.5482	0.0000	15.2113
1768	-0.0254	-334.3643	0.0000	15.2214
1769	-0.0254	-337.8438	0.0000	15.2297
1770	-0.0254	-310.0614	0.0000	15.2377
1771	-0.0254	-301.7786	0.0000	15.2457
1772	-0.0254	-314.9824	0.0000	15.2536
1773	-0.0254	-298.0051	0.0000	15.2611
1774	-0.0254	-310.0996	0.0000	15.2687
1775	-0.0254	-285.9238	0.0000	15.2768
1776	-0.0197	-302.0023	0.0000	15.2848
1777	-0.0197	-280.0187	0.0000	15.2929
1778	-0.0197	-292.6365	0.0000	15.3009
1779	-0.0197	-324.3679	0.0000	15.3088
1780	-0.0197	-315.1105	0.0000	15.3166
1781	-0.0197	-311.7561	0.0000	15.3250
1782	-0.0197	-299.6227	0.0000	15.3333
1783	-0.0197	-192.6264	0.0000	15.3416
1784	-0.0197	-276.2276	0.0000	15.3496
1785	-0.0197	-270.5637	0.0000	15.3575
1786	-0.0197	-237.7903	0.0000	15.3654
1787	-0.0197	-280.7219	0.0000	15.3735
1788	-0.0197	-278.3465	0.0000	15.3818
1789	-0.0197	-276.9905	0.0000	15.3899
1790	-0.0197	-259.9210	0.0000	15.3981
1791	-0.0197	-314.1169	0.0000	15.4058
1792	-0.0197	-297.2286	0.0000	15.4133
1793	-0.0197	-324.1502	0.0000	15.4212
1794	-0.0197	-280.5212	0.0000	15.4296
1795	-0.0197	-277.9424	0.0000	15.4380
1796	-0.0197	-283.7681	0.0000	15.4465
1797	-0.0197	-261.4773	0.0000	15.4546
1798	-0.0197	-267.7545	0.0000	15.4624
1799	-0.0197	-273.8427	0.0000	15.4704
1800	-0.0197	-273.2239	0.0000	15.4787
1801	-0.0197	-264.6557	0.0000	15.4872
1802	-0.0197	-267.5179	0.0000	15.4955
1803	-0.0197	-255.4557	0.0000	15.5033
1804	-0.0197	-279.4964	0.0000	15.5108
1805	-0.0197	-271.3354	0.0000	15.5186
1806	-0.0197	-279.5895	0.0000	15.5267
1807	-0.0197	-273.6490	0.0000	15.5381
1808	-0.0197	-275.3519	0.0000	15.5487
1809	-0.0197	-276.3618	0.0000	15.5598
1810	-0.0197	-297.1439	0.0000	15.5710
1811	-0.0197	-276.5352	0.0000	15.5821
1812	-0.0197	-299.3590	0.0000	15.5938
1813	-0.0197	-277.4166	0.0000	15.6022
1814	-0.0197	-274.7185	0.0000	15.6105
1815	-0.0197	-253.2474	0.0000	15.6190
1816	-0.0197	-281.2156	0.0000	15.6274
1817	-0.0197	-267.0707	0.0000	15.6354
1818	-0.0197	-274.8225	0.0000	15.6433
1819	-0.0197	-274.4200	0.0000	15.6511
1820	-0.0197	-300.2803	0.0000	15.6588
1821	-0.0197	-280.5315	0.0000	15.6670
1822	-0.0197	-239.1914	0.0000	15.6753
1823	-0.0197	-290.8573	0.0000	15.6834
1824	-0.0197	-272.1215	0.0000	15.6914
1825	-0.0197	-284.4802	0.0000	15.6996
1826	-0.0197	-266.7803	0.0000	15.7079
1827	-0.0197	-234.0185	0.0000	15.7161
1828	-0.0197	-296.6356	0.0000	15.7241
1829	-0.0197	-293.9642	0.0000	15.7319
1830	-0.0197	-286.2520	0.0000	15.7404
1831	-0.0197	-263.7889	0.0000	15.7489
1832	-0.0197	-193.0346	0.0000	15.7572
1833	-0.0197	-291.8554	0.0000	15.7683
1834	-0.0197	-293.8221	0.0000	15.7791
1835	-0.0197	-262.1325	0.0000	15.7900
1836	-0.0197	-264.6822	0.0000	15.8009
1837	-0.0197	-258.0823	0.0000	15.8119
1838	-0.0197	-311.3622	0.0000	15.8232
1839	-0.0197	-270.1138	0.0000	15.8344
1840	-0.0197	-249.2554	0.0000	15.8456
1841	-0.0197	-282.9950	0.0000	15.8540
1842	-0.0197	-255.1884	0.0000	15.8625
1843	-0.0197	-276.0953	0.0000	15.8709
1844	-0.0197	-282.1161	0.0000	15.8792
1845	-0.0197	-259.2741	0.0000	15.8873
1846	-0.0197	-279.0863	0.0000	15.8952
1847	-0.0197	-288.5684	0.0000	15.9030
1848	-0.0197	-284.2638	0.0000	15.9109
1849	-0.0197	-272.5381	0.0000	15.9192
1850	-0.0197	-304.7430	0.0000	15.9275
1851	-0.0197	-298.6484	0.0000	15.9356
1852	-0.0197	-289.4544	0.0000	15.9437
1853	-0.0197	-273.7717	0.0000	15.9517
1854	-0.0197	-275.5648	0.0000	15.9600
1855	-0.0197	-268.0223	0.0000	15.9682
1856	-0.0197	-295.4081	0.0000	15.9760
1857	-0.0197	-162.9726	0.0000	15.9844
1858	-0.0197	-285.8805	0.0000	15.9929
1859	-0.0197	-255.1868	0.0000	16.0013
1860	-0.0197	-204.6613	0.0000	16.0102
1861	-0.0197	-302.6571	0.0000	16.0187
1862	-0.0197	-272.9143	0.0000	16.0273
1863	-0.0197	-281.2666	0.0000	16.0360
1864	-0.0197	-296.9960	0.0000	16.0449
1865	-0.0197	-303.4724	0.0000	16.0539
1866	-0.0197	-291.3095	0.0000	16.0636
1867	-0.0197	-322.5765	0.0000	16.0727
1868	-0.0197	-316.6974	0.0000	16.0818
1869	-0.0197	-320.5450	0.0000	16.0911
1870	-0.0197	-295.7775	0.0000	16.1000
1871	-0.0197	-288.2674	0.0000	16.1089
1872	-0.0197	-348.6770	0.0000	16.1179
1873	-0.0197	-313.0282	0.0000	16.1268
1874	-0.0197	-363.1001	0.0000	16.1349
1875	-0.0197	-346.7174	0.0000	16.1434
1876	-0.0197	-363.8080	0.0000	16.1523
1877	-0.0197	-344.1658	0.0000	16.1612
1878	-0.0197	-316.4688	0.0000	16.1698
1879	-0.0197	-315.3744	0.0000	16.1782
1880	-0.0197	-347.6284	0.0000	16.1864
1881	-0.0197	-295.3291	0.0000	16.1946
1882	-0.0197	-285.4063	0.0000	16.2024
1883	-0.0197	-287.9406	0.0000	16.2107
1884	-0.0197	-311.4992	0.0000	16.2193
1885	-0.0197	-319.8847	0.0000	16.2277
1886	-0.0197	-287.2197	0.0000	16.2358
1887	-0.0197	-280.3170	0.0000	16.2441
1888	-0.0197	-330.6166	0.0000	16.2522
1889	-0.0197	-295.6882	0.0000	16.2605
1890	-0.0197	-307.1818	0.0000	16.2692
1891	-0.0197	-347.8555	0.0000	16.2773
1892	-0.0197	-325.0648	0.0000	16.2857
1893	-0.0197	-311.4371	0.0000	16.2943
1894	-0.0197	-320.8315	0.0000	16.3027
1895	-0.0197	-329.8412	0.0000	16.3112
1896	-0.0197	-324.1764	0.0000	16.3203
1897	-0.0197	-353.4717	0.0000	16.3290
1898	-0.0197	-349.7450	0.0000	16.3375
1899	-0.0197	-312.8818	0.0000	16.3458
1900	-0.0197	-322.6516	0.0000	16.3542
1901	-0.0197	-297.3040	0.0000	16.3630
1902	-0.0197	-349.1786	0.0000	16.3715
1903	-0.0197	-263.9052	0.0000	16.3802
1904	-0.0197	-320.7575	0.0000	16.3887
1905	-0.0197	-341.4874	0.0000	16.3969
1906	-0.0197	-243.6998	0.0000	16.4049
1907	-0.0197	-344.1160	0.0000	16.4138
1908	-0.0197	-341.6023	0.0000	16.4224
1909	-0.0197	-329.0593	0.0000	16.4312
1910	-0.0197	-383.4290	0.0000	16.4403
1911	-0.0197	-351.0344	0.0000	16.4492
1912	-0.0197	-346.8862	0.0000	16.4585
1913	-0.0197	-538.2364	0.0000	16.4670
1914	-0.0197	-406.9970	0.0000	16.4759
1915	-0.0197	-380.7608	0.0000	16.4847
1916	-0.0197	-396.4454	0.0000	16.4937
1917	-0.0197	-404.6780	0.0000	16.5021
1918	-0.0197	-260.3894	0.0000	16.5109
1919	-0.0197	-377.8978	0.0000	16.5197
1920	-0.0197	-356.2534	0.0000	16.5285
1921	-0.0197	-328.7094	0.0000	16.5366
1922	-0.0197	-345.9475	0.0000	16.5452
1923	-0.0197	-359.4264	0.0000	16.5537
1924	-0.0197	-376.9715	0.0000	16.5619
1925	-0.0197	-376.8898	0.0000	16.5702
1926	-0.0197	-368.9386	0.0000	16.5788
1927	-0.0197	-532.5073	0.0000	16.5873
1928	-0.0197	-397.0813	0.0000	16.5962
1929	-0.0197	-425.0108	0.0000	16.6046
1930	-0.0197	-433.8828	0.0000	16.6130
1931	-0.0197	-374.8428	0.0000	16.6220
1932	-0.0197	-417.4680	0.0000	16.6307
1933	-0.0197	-387.1560	0.0000	16.6404
1934	-0.0197	-396.4868	0.0000	16.6503
1935	-0.0197	-264.1129	0.0000	16.6606
1936	-0.0197	-406.1059	0.0000	16.6703
1937	-0.0197	-433.5851	0.0000	16.6798
1938	-0.0197	-457.8983	0.0000	16.6895
1939	-0.0197	-443.4169	0.0000	16.6991
1940	-0.0197	-375.5215	0.0000	16.7084
1941	-0.0197	-402.0803	0.0000	16.7175
1942	-0.0197	-419.9253	0.0000	16.7268
1943	-0.0197	-404.8268	0.0000	16.7359
1944	-0.0197	-407.3646	0.0000	16.7453
1945	-0.0197	-420.1711	0.0000	16.7543
1946	-0.0197	-391.0241	0.0000	16.7634
1947	-0.0197	-417.6595	0.0000	16.7721
1948	-0.0197	-294.5201	0.0000	16.7808
1949	-0.0197	-385.8243	0.0000	16.7892
1950	-0.0197	-366.5811	0.0000	16.7976
1951	-0.0197	-365.6868	0.0000	16.8061
1952	-0.0197	-390.4128	0.0000	16.8143
1953	-0.0197	-386.3585	0.0000	16.8225
1954	-0.0197	-388.1456	0.0000	16.8310
1955	-0.0197	-356.9170	0.0000	16.8395
1956	-0.0197	-371.2747	0.0000	16.8480
1957	-0.0197	-350.7687	0.0000	16.8564
1958	-0.0197	-361.7946	0.0000	16.8649
1959	-0.0197	-284.6017	0.0000	16.8733
1960	-0.0197	-314.9247	0.0000	16.8815
1961	-0.0197	-327.5909	0.0000	16.8894
1962	-0.0197	-344.8292	0.0000	16.8971
1963	-0.0197	-321.6454	0.0000	16.9056
1964	-0.0197	-330.1058	0.0000	16.9143
1965	-0.0197	-299.8387	0.0000	16.9233
1966	-0.0197	-325.7602	0.0000	16.9321
1967	-0.0197	-329.4881	0.0000	16.9409
1968	-0.0197	-351.0235	0.0000	16.9497
1969	-0.0197	-316.9777	0.0000	16.9586
1970	-0.0197	-311.9324	0.0000	16.9679
1971	-0.0197	-328.9090	0.0000	16.9776
1972	-0.0197	-328.9240	0.0000	16.9871
1973	-0.0197	-297.1770	0.0000	16.9969
1974	-0.0197	-287.3998	0.0000	17.0065
1975	-0.0197	-320.1814	0.0000	17.0170
1976	-0.0197	-343.7072	0.0000	17.0265
1977	-0.0197	-316.8293	0.0000	17.0354
1978	-0.0197	-331.3555	0.0000	17.0443
1979	-0.0197	-342.7165	0.0000	17.0533
1980	-0.0197	-361.9227	0.0000	17.0624
1981	-0.0197	-245.3256	0.0000	17.0714
1982	-0.0197	-333.1262	0.0000	17.0804
1983	-0.0197	-326.9541	0.0000	17.0895
1984	-0.0197	-285.7134	0.0000	17.0985
1985	-0.0197	-281.3496	0.0000	17.1074
1986	-0.0197	-262.2134	0.0000	17.1162
1987	-0.0197	-320.0855	0.0000	17.1253
1988	-0.0197	-314.9844	0.0000	17.1342
1989	-0.0197	-291.7758	0.0000	17.1435
1990	-0.0197	-285.3769	0.0000	17.1524
1991	-0.0197	-299.2019	0.0000	17.1609
1992	-0.0197	-309.0146	0.0000	17.1687
1993	-0.0197	-302.3880	0.0000	17.1764
1994	-0.0197	-312.2243	0.0000	17.1849
1995	-0.0197	-292.6300	0.0000	17.1931
1996	-0.0197	-308.7335	0.0000	17.2016
1997	-0.0197	-270.7131	0.0000	17.2097
1998	-0.0197	-292.0157	0.0000	17.2179
1999	-0.0197	-282.4019	0.0000	17.2257
2000	-0.0197	-283.1548	0.0000	17.2335
2001	-0.0197	-262.2537	0.0000	17.2419
2002	-0.0197	-309.0872	0.0000	17.2503
2003	-0.0197	-282.5262	0.0000	17.2590
2004	-0.0197	-298.6578	0.0000	17.2668
2005	-0.0197	-308.6724	0.0000	17.2751
2006	-0.0197	-289.9221	0.0000	17.2837
2007	-0.0197	-301.6970	0.0000	17.2923
2008	-0.0197	-256.6601	0.0000	17.3005
2009	-0.0193	-294.5463	0.0000	17.3083
2010	-0.0193	-273.5942	0.0000	17.3163
2011	-0.0193	-265.5231	0.0000	17.3249
2012	-0.0193	-282.8395	0.0000	17.3333
2013	-0.0193	-251.2266	0.0000	17.3416
2014	-0.0193	-275.9203	0.0000	17.3498
2015	-0.0193	-246.0196	0.0000	17.3575
2016	-0.0193	-265.0921	0.0000	17.3655
2017	-0.0193	-258.0963	0.0000	17.3739
2018	-0.0193	-255.2448	0.0000	17.3828
2019	-0.0193	-266.2464	0.0000	17.3913
2020	-0.0193	-247.4787	0.0000	17.4000
2021	-0.0193	-294.6984	0.0000	17.4084
2022	-0.0193	-245.4993	0.0000	17.4168
2023	-0.0193	-272.8848	0.0000	17.4253
2024	-0.0193	-283.3969	0.0000	17.4336
2025	-0.0193	-290.6525	0.0000	17.4417
2026	-0.0193	-269.8962	0.0000	17.4497
2027	-0.0193	-274.9276	0.0000	17.4579
2028	-0.0193	-302.1082	0.0000	17.4662
2029	-0.0193	-263.3122	0.0000	17.4738
2030	-0.0193	-359.5221	0.0000	17.4820
2031	-0.0193	-311.6303	0.0000	17.4904
2032	-0.0193	-295.8580	0.0000	17.4985
2033	-0.0193	-282.3252	0.0000	17.5069
2034	-0.0193	-306.7046	0.0000	17.5157
2035	-0.0193	-286.8309	0.0000	17.5243
2036	-0.0193	-279.6283	0.0000	17.5332
2037	-0.0193	-285.9118	0.0000	17.5416
2038	-0.0193	-266.2178	0.0000	17.5501
2039	-0.0193	-289.4502	0.0000	17.5585
2040	-0.0193	-317.7012	0.0000	17.5669
2041	-0.0193	-302.6193	0.0000	17.5749
2042	-0.0193	-155.2376	0.0000	17.5827
2043	-0.0193	-272.7824	0.0000	17.5908
2044	-0.0193	-291.1100	0.0000	17.5985
2045	-0.0193	-254.5502	0.0000	17.6065
2046	-0.0193	-306.2504	0.0000	17.6147
2047	-0.0193	-288.3230	0.0000	17.6230
2048	-0.0193	-282.3428	0.0000	17.6313
2049	-0.0193	-244.6831	0.0000	17.6405
2050	-0.0193	-291.7532	0.0000	17.6489
2051	-0.0193	-273.0018	0.0000	17.6575
2052	-0.0193	-241.8046	0.0000	17.6660
2053	-0.0193	-287.7222	0.0000	17.6747
2054	-0.0193	-246.2075	0.0000	17.6834
2055	-0.0193	-275.2999	0.0000	17.6919
2056	-0.0193	-291.7297	0.0000	17.7005
2057	-0.0193	-284.8443	0.0000	17.7086
2058	-0.0193	-252.6947	0.0000	17.7167
2059	-0.0193	-228.1963	0.0000	17.7246
2060	-0.0193	-261.9166	0.0000	17.7326
2061	-0.0193	-270.2446	0.0000	17.7410
2062	-0.0193	-274.9834	0.0000	17.7493
2063	-0.0193	-259.9603	0.0000	17.7573
2064	-0.0193	-274.9088	0.0000	17.7654
2065	-0.0193	-291.5752	0.0000	17.7741
2066	-0.0193	-285.6332	0.0000	17.7844
2067	-0.0193	-256.6747	0.0000	17.7939
2068	-0.0193	-272.3337	0.0000	17.8038
2069	-0.0193	-251.8475	0.0000	17.8138
2070	-0.0193	-242.7937	0.0000	17.8235
2071	-0.0193	-302.1297	0.0000	17.8336
2072	-0.0193	-256.8482	0.0000	17.8425
2073	-0.0193	-283.1222	0.0000	17.8513
2074	-0.0193	-263.0406	0.0000	17.8600
2075	-0.0193	-264.8607	0.0000	17.8681
2076	-0.0193	-274.4539	0.0000	17.8770
2077	-0.0193	-242.1469	0.0000	17.8858
2078	-0.0193	-270.4583	0.0000	17.8960
2079	-0.0193	-251.8213	0.0000	17.9059
2080	-0.0193	-278.2074	0.0000	17.9151
2081	-0.0193	-272.3349	0.0000	17.9265
2082	-0.0193	-280.9010	0.0000	17.9376
2083	-0.0193	-299.0269	0.0000	17.9488
2084	-0.0193	-282.3168	0.0000	17.9581
2085	-0.0193	-320.8033	0.0000	17.9679
2086	-0.0193	-303.1291	0.0000	17.9806
2087	-0.0193	-340.9908	0.0000	17.9918
2088	-0.0193	-292.8048	0.0000	18.0042
2089	-0.0193	-297.3855	0.0000	18.0145
2090	-0.0193	-278.4808	0.0000	18.0245
2091	-0.0193	-307.1794	0.0000	18.0352
2092	-0.0193	-247.4915	0.0000	18.0473
2093	-0.0193	-299.6545	0.0000	18.0586
2094	-0.0193	-282.8882	0.0000	18.0696
2095	-0.0193	-320.3911	0.0000	18.0799
2096	-0.0193	-308.9910	0.0000	18.0898
2097	-0.0193	-283.5936	0.0000	18.0997
2098	-0.0193	-277.9913	0.0000	18.1110
2099	-0.0193	-297.1896	0.0000	18.1222
2100	-0.0193	-329.8376	0.0000	18.1338
2101	-0.0193	-300.5963	0.0000	18.1429
2102	-0.0193	-338.5358	0.0000	18.1520
2103	-0.0193	-341.4380	0.0000	18.1618
2104	-0.0193	-341.3176	0.0000	18.1738
2105	-0.0193	-326.6063	0.0000	18.1847
2106	-0.0193	-293.8834	0.0000	18.1963
2107	-0.0193	-322.3086	0.0000	18.2053
2108	-0.0193	-313.5427	0.0000	18.2156
2109	-0.0193	-284.2934	0.0000	18.2265
2110	-0.0193	-302.2015	0.0000	18.2362
2111	-0.0193	-342.2890	0.0000	18.2462
2112	-0.0193	-288.6699	0.0000	18.2563
2113	-0.0193	-332.1062	0.0000	18.2665
2114	-0.0193	-326.2664	0.0000	18.2765
2115	-0.0193	-311.9356	0.0000	18.2869
2116	-0.0193	-292.5910	0.0000	18.2960
2117	-0.0193	-316.9398	0.0000	18.3051
2118	-0.0193	-325.2431	0.0000	18.3137
2119	-0.0193	-291.8554	0.0000	18.3227
2120	-0.0193	-295.7478	0.0000	18.3317
2121	-0.0193	-296.2126	0.0000	18.3402
2122	-0.0193	-336.2697	0.0000	18.3491
2123	-0.0193	-281.3150	0.0000	18.3582
2124	-0.0193	-256.8384	0.0000	18.3670
2125	-0.0193	-273.1825	0.0000	18.3765
2126	-0.0193	-265.0294	0.0000	18.3854
2127	-0.0193	-305.6989	0.0000	18.3944
2128	-0.0193	-296.7550	0.0000	18.4040
2129	-0.0193	-273.6643	0.0000	18.4130
2130	-0.0193	-295.9332	0.0000	18.4225
2131	-0.0193	-295.4448	0.0000	18.4321
