ID: vincent	Date: 2019-05-03 15:48:45	Runs: 1
=================================================================================================================
Run: 0
Iter	Gbest	AvrFit	Diver	ETime	
0	0.8673	0.2411	0.0000	0.0004
1	0.9846	0.3520	0.0000	0.0008
2	0.9846	0.4263	0.0000	0.0011
3	0.9846	0.5574	0.0000	0.0015
4	0.9846	0.5724	0.0000	0.0019
5	0.9846	0.6441	0.0000	0.0023
6	0.9846	0.6612	0.0000	0.0026
7	0.9918	0.6719	0.0000	0.0030
8	0.9918	0.7119	0.0000	0.0033
9	0.9977	0.7046	0.0000	0.0037
10	0.9977	0.7488	0.0000	0.0040
11	0.9977	0.7608	0.0000	0.0044
12	0.9986	0.7894	0.0000	0.0047
13	0.9986	0.7696	0.0000	0.0051
14	0.9986	0.8004	0.0000	0.0054
15	0.9986	0.8164	0.0000	0.0057
16	0.9986	0.8229	0.0000	0.0061
17	0.9986	0.8450	0.0000	0.0064
18	0.9986	0.8474	0.0000	0.0068
19	0.9986	0.8458	0.0000	0.0072
20	0.9986	0.8458	0.0000	0.0075
21	0.9986	0.8819	0.0000	0.0079
22	0.9993	0.8745	0.0000	0.0082
23	0.9993	0.8939	0.0000	0.0086
24	0.9993	0.8842	0.0000	0.0090
25	0.9993	0.8808	0.0000	0.0093
26	0.9993	0.8993	0.0000	0.0097
27	0.9993	0.9185	0.0000	0.0100
28	0.9993	0.9127	0.0000	0.0104
29	0.9994	0.9227	0.0000	0.0107
30	0.9994	0.9319	0.0000	0.0110
31	0.9997	0.9472	0.0000	0.0114
32	0.9997	0.9506	0.0000	0.0117
33	0.9998	0.9408	0.0000	0.0121
34	0.9999	0.9509	0.0000	0.0124
35	0.9999	0.9669	0.0000	0.0128
36	0.9999	0.9634	0.0000	0.0131
37	1.0000	0.9497	0.0000	0.0135
38	1.0000	0.9508	0.0000	0.0138
39	1.0000	0.9432	0.0000	0.0142
40	1.0000	0.9550	0.0000	0.0145
41	1.0000	0.9594	0.0000	0.0149
42	1.0000	0.9562	0.0000	0.0152
43	1.0000	0.9536	0.0000	0.0156
44	1.0000	0.9546	0.0000	0.0159
45	1.0000	0.9412	0.0000	0.0163
46	1.0000	0.9475	0.0000	0.0166
47	1.0000	0.9617	0.0000	0.0169
48	1.0000	0.9564	0.0000	0.0173
49	1.0000	0.9770	0.0000	0.0176
50	1.0000	0.9757	0.0000	0.0180
51	1.0000	0.9700	0.0000	0.0183
52	1.0000	0.9610	0.0000	0.0187
53	1.0000	0.9623	0.0000	0.0190
54	1.0000	0.9610	0.0000	0.0193
55	1.0000	0.9677	0.0000	0.0197
56	1.0000	0.9827	0.0000	0.0200
57	1.0000	0.9753	0.0000	0.0204
58	1.0000	0.9753	0.0000	0.0207
59	1.0000	0.9910	0.0000	0.0211
60	1.0000	0.9727	0.0000	0.0214
61	1.0000	0.9807	0.0000	0.0218
62	1.0000	0.9846	0.0000	0.0222
63	1.0000	0.8420	0.0000	0.0227
64	1.0000	0.8209	0.0000	0.0230
65	1.0000	0.8119	0.0000	0.0234
66	1.0000	0.8725	0.0000	0.0237
67	1.0000	0.8841	0.0000	0.0241
68	1.0000	0.8492	0.0000	0.0244
69	1.0000	0.8523	0.0000	0.0248
70	1.0000	0.9012	0.0000	0.0251
71	1.0000	0.9028	0.0000	0.0255
72	1.0000	0.8991	0.0000	0.0258
73	1.0000	0.8870	0.0000	0.0262
74	1.0000	0.9264	0.0000	0.0265
75	1.0000	0.9043	0.0000	0.0269
76	1.0000	0.9408	0.0000	0.0272
77	1.0000	0.9399	0.0000	0.0276
78	1.0000	0.9193	0.0000	0.0280
79	1.0000	0.9475	0.0000	0.0284
80	1.0000	0.9398	0.0000	0.0288
81	1.0000	0.9634	0.0000	0.0291
82	1.0000	0.9551	0.0000	0.0295
83	1.0000	0.9676	0.0000	0.0299
84	1.0000	0.9786	0.0000	0.0302
85	1.0000	0.9657	0.0000	0.0306
86	1.0000	0.9522	0.0000	0.0310
87	1.0000	0.9597	0.0000	0.0313
88	1.0000	0.9591	0.0000	0.0317
89	1.0000	0.9795	0.0000	0.0320
90	1.0000	0.9683	0.0000	0.0324
91	1.0000	0.9773	0.0000	0.0327
92	1.0000	0.9752	0.0000	0.0331
93	1.0000	0.9771	0.0000	0.0335
94	1.0000	0.9514	0.0000	0.0338
95	1.0000	0.9750	0.0000	0.0342
96	1.0000	0.9646	0.0000	0.0346
97	1.0000	0.9723	0.0000	0.0350
98	1.0000	0.9717	0.0000	0.0356
99	1.0000	0.9706	0.0000	0.0361
100	1.0000	0.9690	0.0000	0.0365
101	1.0000	0.9366	0.0000	0.0369
102	1.0000	0.9645	0.0000	0.0373
103	1.0000	0.9738	0.0000	0.0377
104	1.0000	0.9686	0.0000	0.0381
105	1.0000	0.9621	0.0000	0.0385
106	1.0000	0.9724	0.0000	0.0389
107	1.0000	0.9662	0.0000	0.0393
108	1.0000	0.9839	0.0000	0.0396
109	1.0000	0.9786	0.0000	0.0400
110	1.0000	0.9768	0.0000	0.0404
111	1.0000	0.9799	0.0000	0.0408
112	1.0000	0.9694	0.0000	0.0411
113	1.0000	0.9819	0.0000	0.0416
114	1.0000	0.9754	0.0000	0.0421
115	1.0000	0.9653	0.0000	0.0425
116	1.0000	0.9874	0.0000	0.0429
117	1.0000	0.9787	0.0000	0.0433
118	1.0000	0.9541	0.0000	0.0437
119	1.0000	0.9748	0.0000	0.0441
120	1.0000	0.9411	0.0000	0.0446
121	1.0000	0.9021	0.0000	0.0449
122	1.0000	0.9137	0.0000	0.0453
123	1.0000	0.8505	0.0000	0.0457
124	1.0000	0.8731	0.0000	0.0460
125	1.0000	0.9074	0.0000	0.0464
126	1.0000	0.8687	0.0000	0.0468
127	1.0000	0.9143	0.0000	0.0472
128	1.0000	0.8617	0.0000	0.0476
129	1.0000	0.8266	0.0000	0.0479
130	1.0000	0.8562	0.0000	0.0483
131	1.0000	0.8583	0.0000	0.0486
132	1.0000	0.9038	0.0000	0.0490
133	1.0000	0.9221	0.0000	0.0493
134	1.0000	0.9016	0.0000	0.0497
135	1.0000	0.8936	0.0000	0.0501
136	1.0000	0.8949	0.0000	0.0504
137	1.0000	0.9198	0.0000	0.0508
138	1.0000	0.9295	0.0000	0.0511
139	1.0000	0.9485	0.0000	0.0515
140	1.0000	0.9354	0.0000	0.0518
141	1.0000	0.9159	0.0000	0.0522
142	1.0000	0.9186	0.0000	0.0525
143	1.0000	0.9103	0.0000	0.0528
144	1.0000	0.9396	0.0000	0.0532
145	1.0000	0.9335	0.0000	0.0536
146	1.0000	0.9123	0.0000	0.0539
147	1.0000	0.9297	0.0000	0.0543
148	1.0000	0.9159	0.0000	0.0547
149	1.0000	0.9132	0.0000	0.0551
150	1.0000	0.9235	0.0000	0.0554
151	1.0000	0.8693	0.0000	0.0557
152	1.0000	0.9394	0.0000	0.0561
153	1.0000	0.9163	0.0000	0.0565
154	1.0000	0.9120	0.0000	0.0569
155	1.0000	0.9237	0.0000	0.0572
156	1.0000	0.9398	0.0000	0.0576
157	1.0000	0.9342	0.0000	0.0580
158	1.0000	0.8937	0.0000	0.0584
159	1.0000	0.9000	0.0000	0.0588
160	1.0000	0.9098	0.0000	0.0592
161	1.0000	0.9310	0.0000	0.0597
162	1.0000	0.9400	0.0000	0.0601
163	1.0000	0.9375	0.0000	0.0604
164	1.0000	0.9485	0.0000	0.0608
165	1.0000	0.9504	0.0000	0.0612
166	1.0000	0.9352	0.0000	0.0616
167	1.0000	0.9164	0.0000	0.0620
168	1.0000	0.9452	0.0000	0.0624
169	1.0000	0.9372	0.0000	0.0628
170	1.0000	0.9365	0.0000	0.0632
171	1.0000	0.9224	0.0000	0.0635
172	1.0000	0.9617	0.0000	0.0639
173	1.0000	0.9365	0.0000	0.0642
174	1.0000	0.9348	0.0000	0.0646
175	1.0000	0.9477	0.0000	0.0650
176	1.0000	0.9288	0.0000	0.0654
177	1.0000	0.9405	0.0000	0.0658
178	1.0000	0.9308	0.0000	0.0661
179	1.0000	0.9349	0.0000	0.0665
180	1.0000	0.9604	0.0000	0.0670
181	1.0000	0.8972	0.0000	0.0674
182	1.0000	0.9218	0.0000	0.0678
183	1.0000	0.9138	0.0000	0.0682
184	1.0000	0.9284	0.0000	0.0686
185	1.0000	0.9271	0.0000	0.0690
186	1.0000	0.9031	0.0000	0.0694
187	1.0000	0.8864	0.0000	0.0699
188	1.0000	0.9185	0.0000	0.0703
189	1.0000	0.9047	0.0000	0.0708
190	1.0000	0.9321	0.0000	0.0712
191	1.0000	0.8754	0.0000	0.0716
192	1.0000	0.9255	0.0000	0.0720
193	1.0000	0.9286	0.0000	0.0724
194	1.0000	0.9153	0.0000	0.0728
195	1.0000	0.9102	0.0000	0.0732
196	1.0000	0.9329	0.0000	0.0735
197	1.0000	0.9054	0.0000	0.0739
198	1.0000	0.8993	0.0000	0.0743
199	1.0000	0.9351	0.0000	0.0747
200	1.0000	0.9195	0.0000	0.0751
201	1.0000	0.9280	0.0000	0.0754
202	1.0000	0.9491	0.0000	0.0758
203	1.0000	0.9630	0.0000	0.0761
204	1.0000	0.9560	0.0000	0.0764
205	1.0000	0.9568	0.0000	0.0768
206	1.0000	0.9586	0.0000	0.0771
207	1.0000	0.9489	0.0000	0.0775
208	1.0000	0.9354	0.0000	0.0779
209	1.0000	0.9441	0.0000	0.0782
210	1.0000	0.9553	0.0000	0.0785
211	1.0000	0.9578	0.0000	0.0789
212	1.0000	0.9370	0.0000	0.0793
213	1.0000	0.9438	0.0000	0.0796
214	1.0000	0.9605	0.0000	0.0800
215	1.0000	0.9496	0.0000	0.0803
216	1.0000	0.9619	0.0000	0.0806
217	1.0000	0.9657	0.0000	0.0810
218	1.0000	0.9534	0.0000	0.0813
219	1.0000	0.9697	0.0000	0.0817
220	1.0000	0.9670	0.0000	0.0820
221	1.0000	0.9685	0.0000	0.0824
222	1.0000	0.9583	0.0000	0.0828
223	1.0000	0.9667	0.0000	0.0831
224	1.0000	0.9590	0.0000	0.0834
225	1.0000	0.9669	0.0000	0.0838
226	1.0000	0.9716	0.0000	0.0841
227	1.0000	0.9626	0.0000	0.0845
228	1.0000	0.9646	0.0000	0.0848
229	1.0000	0.9591	0.0000	0.0852
230	1.0000	0.9772	0.0000	0.0855
231	1.0000	0.9784	0.0000	0.0859
232	1.0000	0.9664	0.0000	0.0862
233	1.0000	0.9651	0.0000	0.0866
234	1.0000	0.9570	0.0000	0.0869
235	1.0000	0.9632	0.0000	0.0872
236	1.0000	0.9608	0.0000	0.0876
237	1.0000	0.9429	0.0000	0.0879
238	1.0000	0.9847	0.0000	0.0883
239	1.0000	0.9645	0.0000	0.0886
240	1.0000	0.9752	0.0000	0.0890
241	1.0000	0.9694	0.0000	0.0893
242	1.0000	0.9809	0.0000	0.0896
243	1.0000	0.9732	0.0000	0.0900
244	1.0000	0.9710	0.0000	0.0903
245	1.0000	0.9736	0.0000	0.0907
246	1.0000	0.9548	0.0000	0.0910
247	1.0000	0.9628	0.0000	0.0914
248	1.0000	0.9664	0.0000	0.0918
249	1.0000	0.9222	0.0000	0.0921
250	1.0000	0.9301	0.0000	0.0925
251	1.0000	0.9279	0.0000	0.0928
252	1.0000	0.9427	0.0000	0.0932
253	1.0000	0.9320	0.0000	0.0935
254	1.0000	0.9366	0.0000	0.0939
255	1.0000	0.9330	0.0000	0.0943
256	1.0000	0.9284	0.0000	0.0946
257	1.0000	0.9511	0.0000	0.0950
258	1.0000	0.8762	0.0000	0.0954
259	1.0000	0.8733	0.0000	0.0958
260	1.0000	0.8865	0.0000	0.0962
261	1.0000	0.8896	0.0000	0.0965
262	1.0000	0.9213	0.0000	0.0969
263	1.0000	0.9214	0.0000	0.0973
264	1.0000	0.8973	0.0000	0.0977
265	1.0000	0.9104	0.0000	0.0981
266	1.0000	0.8931	0.0000	0.0984
267	1.0000	0.8696	0.0000	0.0988
268	1.0000	0.9172	0.0000	0.0992
269	1.0000	0.8781	0.0000	0.0995
270	1.0000	0.8923	0.0000	0.0999
271	1.0000	0.9173	0.0000	0.1002
272	1.0000	0.9454	0.0000	0.1006
273	1.0000	0.9181	0.0000	0.1009
274	1.0000	0.9170	0.0000	0.1013
275	1.0000	0.8826	0.0000	0.1017
276	1.0000	0.9069	0.0000	0.1020
277	1.0000	0.8882	0.0000	0.1024
278	1.0000	0.9246	0.0000	0.1027
279	1.0000	0.9195	0.0000	0.1031
280	1.0000	0.9257	0.0000	0.1034
281	1.0000	0.9366	0.0000	0.1038
282	1.0000	0.9583	0.0000	0.1041
283	1.0000	0.9348	0.0000	0.1045
284	1.0000	0.9375	0.0000	0.1048
285	1.0000	0.9430	0.0000	0.1052
286	1.0000	0.9476	0.0000	0.1055
287	1.0000	0.9475	0.0000	0.1059
288	1.0000	0.9427	0.0000	0.1063
289	1.0000	0.9501	0.0000	0.1068
290	1.0000	0.9598	0.0000	0.1072
291	1.0000	0.9528	0.0000	0.1076
292	1.0000	0.9444	0.0000	0.1080
293	1.0000	0.9460	0.0000	0.1083
294	1.0000	0.9661	0.0000	0.1087
295	1.0000	0.9644	0.0000	0.1091
296	1.0000	0.9476	0.0000	0.1094
297	1.0000	0.9123	0.0000	0.1098
298	1.0000	0.9183	0.0000	0.1101
299	1.0000	0.9017	0.0000	0.1105
300	1.0000	0.9469	0.0000	0.1108
301	1.0000	0.9214	0.0000	0.1112
302	1.0000	0.9274	0.0000	0.1115
303	1.0000	0.8687	0.0000	0.1119
304	1.0000	0.8942	0.0000	0.1122
305	1.0000	0.9231	0.0000	0.1126
306	1.0000	0.9151	0.0000	0.1130
307	1.0000	0.9042	0.0000	0.1133
308	1.0000	0.9143	0.0000	0.1138
309	1.0000	0.8935	0.0000	0.1142
310	1.0000	0.9074	0.0000	0.1146
311	1.0000	0.8927	0.0000	0.1150
312	1.0000	0.9118	0.0000	0.1154
313	1.0000	0.8586	0.0000	0.1158
314	1.0000	0.8737	0.0000	0.1162
315	1.0000	0.8625	0.0000	0.1166
316	1.0000	0.8873	0.0000	0.1170
317	1.0000	0.8724	0.0000	0.1174
318	1.0000	0.8780	0.0000	0.1178
319	1.0000	0.8782	0.0000	0.1182
320	1.0000	0.9070	0.0000	0.1186
321	1.0000	0.8829	0.0000	0.1192
322	1.0000	0.8644	0.0000	0.1196
323	1.0000	0.8584	0.0000	0.1200
324	1.0000	0.8883	0.0000	0.1204
325	1.0000	0.8638	0.0000	0.1208
326	1.0000	0.8178	0.0000	0.1211
327	1.0000	0.8538	0.0000	0.1215
328	1.0000	0.8687	0.0000	0.1219
329	1.0000	0.8800	0.0000	0.1222
330	1.0000	0.9182	0.0000	0.1226
331	1.0000	0.8759	0.0000	0.1230
332	1.0000	0.8900	0.0000	0.1233
333	1.0000	0.8841	0.0000	0.1238
334	1.0000	0.8811	0.0000	0.1241
335	1.0000	0.8690	0.0000	0.1245
336	1.0000	0.9038	0.0000	0.1249
337	1.0000	0.8719	0.0000	0.1252
338	1.0000	0.8902	0.0000	0.1256
339	1.0000	0.8972	0.0000	0.1259
340	1.0000	0.9015	0.0000	0.1263
341	1.0000	0.8976	0.0000	0.1266
342	1.0000	0.8959	0.0000	0.1270
343	1.0000	0.9147	0.0000	0.1273
344	1.0000	0.9278	0.0000	0.1277
345	1.0000	0.9148	0.0000	0.1281
346	1.0000	0.8605	0.0000	0.1284
347	1.0000	0.9033	0.0000	0.1289
348	1.0000	0.8937	0.0000	0.1292
349	1.0000	0.8828	0.0000	0.1296
350	1.0000	0.9194	0.0000	0.1299
351	1.0000	0.9123	0.0000	0.1303
352	1.0000	0.9011	0.0000	0.1306
353	1.0000	0.8690	0.0000	0.1310
354	1.0000	0.9282	0.0000	0.1313
355	1.0000	0.8984	0.0000	0.1317
356	1.0000	0.8907	0.0000	0.1320
357	1.0000	0.9376	0.0000	0.1324
358	1.0000	0.9061	0.0000	0.1328
359	1.0000	0.9445	0.0000	0.1331
360	1.0000	0.9322	0.0000	0.1335
361	1.0000	0.9167	0.0000	0.1338
362	1.0000	0.8678	0.0000	0.1342
363	1.0000	0.9255	0.0000	0.1346
364	1.0000	0.9065	0.0000	0.1349
365	1.0000	0.8974	0.0000	0.1353
366	1.0000	0.9118	0.0000	0.1357
367	1.0000	0.8808	0.0000	0.1361
368	1.0000	0.9200	0.0000	0.1365
369	1.0000	0.9201	0.0000	0.1368
370	1.0000	0.9364	0.0000	0.1372
371	1.0000	0.9334	0.0000	0.1376
372	1.0000	0.9270	0.0000	0.1379
373	1.0000	0.9226	0.0000	0.1383
374	1.0000	0.9294	0.0000	0.1386
375	1.0000	0.9333	0.0000	0.1390
376	1.0000	0.9484	0.0000	0.1395
377	1.0000	0.9181	0.0000	0.1399
378	1.0000	0.9305	0.0000	0.1403
379	1.0000	0.8682	0.0000	0.1406
380	1.0000	0.9222	0.0000	0.1410
381	1.0000	0.9416	0.0000	0.1414
382	1.0000	0.9166	0.0000	0.1418
383	1.0000	0.8984	0.0000	0.1422
384	1.0000	0.9170	0.0000	0.1426
385	1.0000	0.8994	0.0000	0.1430
386	1.0000	0.9134	0.0000	0.1434
387	1.0000	0.8672	0.0000	0.1438
388	1.0000	0.8934	0.0000	0.1441
389	1.0000	0.9308	0.0000	0.1445
390	1.0000	0.8924	0.0000	0.1448
391	1.0000	0.9212	0.0000	0.1452
392	1.0000	0.8993	0.0000	0.1455
393	1.0000	0.9340	0.0000	0.1459
394	1.0000	0.8856	0.0000	0.1463
395	1.0000	0.8689	0.0000	0.1467
396	1.0000	0.8652	0.0000	0.1471
397	1.0000	0.9107	0.0000	0.1474
398	1.0000	0.8952	0.0000	0.1478
399	1.0000	0.8545	0.0000	0.1481
400	1.0000	0.8832	0.0000	0.1485
401	1.0000	0.8702	0.0000	0.1489
402	1.0000	0.8938	0.0000	0.1493
403	1.0000	0.8906	0.0000	0.1496
404	1.0000	0.9038	0.0000	0.1499
405	1.0000	0.8957	0.0000	0.1503
406	1.0000	0.9269	0.0000	0.1506
407	1.0000	0.9162	0.0000	0.1509
408	1.0000	0.9425	0.0000	0.1513
409	1.0000	0.9482	0.0000	0.1517
410	1.0000	0.9064	0.0000	0.1520
411	1.0000	0.9211	0.0000	0.1524
412	1.0000	0.9181	0.0000	0.1528
413	1.0000	0.9253	0.0000	0.1531
414	1.0000	0.9620	0.0000	0.1535
415	1.0000	0.9687	0.0000	0.1538
416	1.0000	0.9378	0.0000	0.1542
417	1.0000	0.9300	0.0000	0.1545
418	1.0000	0.9314	0.0000	0.1549
419	1.0000	0.9382	0.0000	0.1553
420	1.0000	0.9274	0.0000	0.1557
421	1.0000	0.9387	0.0000	0.1560
422	1.0000	0.9251	0.0000	0.1564
423	1.0000	0.9479	0.0000	0.1567
424	1.0000	0.9399	0.0000	0.1571
425	1.0000	0.9378	0.0000	0.1574
426	1.0000	0.9191	0.0000	0.1578
427	1.0000	0.9510	0.0000	0.1581
428	1.0000	0.9467	0.0000	0.1585
429	1.0000	0.9332	0.0000	0.1588
430	1.0000	0.9612	0.0000	0.1592
431	1.0000	0.9561	0.0000	0.1595
432	1.0000	0.9445	0.0000	0.1599
433	1.0000	0.9412	0.0000	0.1602
434	1.0000	0.9658	0.0000	0.1606
435	1.0000	0.9506	0.0000	0.1610
436	1.0000	0.9244	0.0000	0.1613
437	1.0000	0.9342	0.0000	0.1616
438	1.0000	0.9440	0.0000	0.1620
439	1.0000	0.9424	0.0000	0.1623
440	1.0000	0.9235	0.0000	0.1627
441	1.0000	0.9462	0.0000	0.1630
442	1.0000	0.9411	0.0000	0.1634
443	1.0000	0.9603	0.0000	0.1637
444	1.0000	0.9487	0.0000	0.1641
445	1.0000	0.9403	0.0000	0.1645
446	1.0000	0.9471	0.0000	0.1649
447	1.0000	0.9100	0.0000	0.1652
448	1.0000	0.9200	0.0000	0.1656
449	1.0000	0.9320	0.0000	0.1660
450	1.0000	0.9044	0.0000	0.1664
451	1.0000	0.9266	0.0000	0.1667
452	1.0000	0.9498	0.0000	0.1671
453	1.0000	0.8872	0.0000	0.1674
454	1.0000	0.9059	0.0000	0.1678
455	1.0000	0.9028	0.0000	0.1681
456	1.0000	0.9240	0.0000	0.1684
457	1.0000	0.8982	0.0000	0.1688
458	1.0000	0.8907	0.0000	0.1691
459	1.0000	0.9513	0.0000	0.1695
460	1.0000	0.9392	0.0000	0.1698
461	1.0000	0.8841	0.0000	0.1702
462	1.0000	0.8557	0.0000	0.1705
463	1.0000	0.9477	0.0000	0.1708
464	1.0000	0.9529	0.0000	0.1712
465	1.0000	0.9387	0.0000	0.1715
466	1.0000	0.9433	0.0000	0.1719
467	1.0000	0.9369	0.0000	0.1722
468	1.0000	0.9383	0.0000	0.1726
469	1.0000	0.9580	0.0000	0.1730
470	1.0000	0.9426	0.0000	0.1733
471	1.0000	0.9485	0.0000	0.1737
472	1.0000	0.9561	0.0000	0.1741
473	1.0000	0.9207	0.0000	0.1744
474	1.0000	0.9560	0.0000	0.1748
475	1.0000	0.9591	0.0000	0.1752
476	1.0000	0.9651	0.0000	0.1755
477	1.0000	0.9594	0.0000	0.1759
478	1.0000	0.9627	0.0000	0.1762
479	1.0000	0.9503	0.0000	0.1766
480	1.0000	0.9263	0.0000	0.1769
481	1.0000	0.9304	0.0000	0.1773
482	1.0000	0.9290	0.0000	0.1776
483	1.0000	0.9514	0.0000	0.1780
484	1.0000	0.9681	0.0000	0.1783
485	1.0000	0.9573	0.0000	0.1787
486	1.0000	0.9584	0.0000	0.1791
487	1.0000	0.8991	0.0000	0.1794
488	1.0000	0.9340	0.0000	0.1797
489	1.0000	0.9317	0.0000	0.1801
490	1.0000	0.9555	0.0000	0.1805
491	1.0000	0.9225	0.0000	0.1809
492	1.0000	0.9585	0.0000	0.1814
493	1.0000	0.9329	0.0000	0.1818
494	1.0000	0.9629	0.0000	0.1821
495	1.0000	0.9358	0.0000	0.1826
496	1.0000	0.9535	0.0000	0.1831
497	1.0000	0.9688	0.0000	0.1835
498	1.0000	0.9507	0.0000	0.1838
499	1.0000	0.9652	0.0000	0.1842
500	1.0000	0.9621	0.0000	0.1846
501	1.0000	0.9742	0.0000	0.1849
502	1.0000	0.9690	0.0000	0.1853
503	1.0000	0.9734	0.0000	0.1856
504	1.0000	0.9816	0.0000	0.1860
505	1.0000	0.9759	0.0000	0.1863
506	1.0000	0.9718	0.0000	0.1866
507	1.0000	0.9561	0.0000	0.1870
508	1.0000	0.9495	0.0000	0.1873
509	1.0000	0.9627	0.0000	0.1877
510	1.0000	0.9576	0.0000	0.1880
511	1.0000	0.9576	0.0000	0.1884
512	1.0000	0.9621	0.0000	0.1888
513	1.0000	0.9533	0.0000	0.1892
514	1.0000	0.9409	0.0000	0.1896
515	1.0000	0.9465	0.0000	0.1899
516	1.0000	0.9297	0.0000	0.1903
517	1.0000	0.9439	0.0000	0.1907
518	1.0000	0.9196	0.0000	0.1910
519	1.0000	0.9144	0.0000	0.1914
520	1.0000	0.8888	0.0000	0.1917
521	1.0000	0.9261	0.0000	0.1921
522	1.0000	0.9088	0.0000	0.1924
523	1.0000	0.9131	0.0000	0.1928
524	1.0000	0.9193	0.0000	0.1932
525	1.0000	0.8767	0.0000	0.1935
526	1.0000	0.9044	0.0000	0.1938
527	1.0000	0.9149	0.0000	0.1942
528	1.0000	0.9299	0.0000	0.1946
529	1.0000	0.9112	0.0000	0.1949
530	1.0000	0.9333	0.0000	0.1953
531	1.0000	0.9369	0.0000	0.1956
532	1.0000	0.9265	0.0000	0.1960
533	1.0000	0.9389	0.0000	0.1963
534	1.0000	0.9164	0.0000	0.1967
535	1.0000	0.9304	0.0000	0.1970
536	1.0000	0.8930	0.0000	0.1974
537	1.0000	0.9162	0.0000	0.1978
538	1.0000	0.9105	0.0000	0.1982
539	1.0000	0.9115	0.0000	0.1985
540	1.0000	0.9414	0.0000	0.1989
541	1.0000	0.9580	0.0000	0.1992
542	1.0000	0.9290	0.0000	0.1996
543	1.0000	0.9407	0.0000	0.2000
544	1.0000	0.9404	0.0000	0.2003
545	1.0000	0.9516	0.0000	0.2006
546	1.0000	0.9304	0.0000	0.2010
547	1.0000	0.9406	0.0000	0.2014
548	1.0000	0.9271	0.0000	0.2017
549	1.0000	0.9009	0.0000	0.2022
550	1.0000	0.9138	0.0000	0.2026
551	1.0000	0.9106	0.0000	0.2029
552	1.0000	0.8877	0.0000	0.2033
553	1.0000	0.9420	0.0000	0.2037
554	1.0000	0.9401	0.0000	0.2040
555	1.0000	0.8421	0.0000	0.2044
556	1.0000	0.8815	0.0000	0.2047
557	1.0000	0.8754	0.0000	0.2051
558	1.0000	0.8786	0.0000	0.2054
559	1.0000	0.9082	0.0000	0.2058
560	1.0000	0.9279	0.0000	0.2061
561	1.0000	0.9334	0.0000	0.2065
562	1.0000	0.9086	0.0000	0.2069
563	1.0000	0.9320	0.0000	0.2072
564	1.0000	0.9204	0.0000	0.2076
565	1.0000	0.9239	0.0000	0.2079
566	1.0000	0.9101	0.0000	0.2083
567	1.0000	0.9405	0.0000	0.2086
568	1.0000	0.9382	0.0000	0.2090
569	1.0000	0.8792	0.0000	0.2093
570	1.0000	0.9052	0.0000	0.2097
571	1.0000	0.8827	0.0000	0.2100
572	1.0000	0.9111	0.0000	0.2104
573	1.0000	0.9162	0.0000	0.2108
574	1.0000	0.9200	0.0000	0.2111
575	1.0000	0.9304	0.0000	0.2115
576	1.0000	0.9042	0.0000	0.2118
577	1.0000	0.9416	0.0000	0.2122
578	1.0000	0.9322	0.0000	0.2126
579	1.0000	0.9606	0.0000	0.2129
580	1.0000	0.9433	0.0000	0.2133
581	1.0000	0.9339	0.0000	0.2136
582	1.0000	0.9340	0.0000	0.2141
583	1.0000	0.9421	0.0000	0.2144
584	1.0000	0.9502	0.0000	0.2148
585	1.0000	0.9211	0.0000	0.2152
586	1.0000	0.9485	0.0000	0.2156
587	1.0000	0.9190	0.0000	0.2159
588	1.0000	0.9095	0.0000	0.2163
589	1.0000	0.9335	0.0000	0.2167
590	1.0000	0.9231	0.0000	0.2170
591	1.0000	0.9326	0.0000	0.2174
592	1.0000	0.9248	0.0000	0.2177
593	1.0000	0.9269	0.0000	0.2181
594	1.0000	0.9472	0.0000	0.2184
595	1.0000	0.9288	0.0000	0.2188
596	1.0000	0.9559	0.0000	0.2191
597	1.0000	0.9388	0.0000	0.2195
598	1.0000	0.9506	0.0000	0.2198
599	1.0000	0.9492	0.0000	0.2202
600	1.0000	0.9491	0.0000	0.2205
601	1.0000	0.9428	0.0000	0.2209
602	1.0000	0.9394	0.0000	0.2212
603	1.0000	0.9463	0.0000	0.2216
604	1.0000	0.9329	0.0000	0.2219
605	1.0000	0.9548	0.0000	0.2223
606	1.0000	0.9483	0.0000	0.2227
607	1.0000	0.9126	0.0000	0.2230
608	1.0000	0.9062	0.0000	0.2234
609	1.0000	0.9301	0.0000	0.2238
610	1.0000	0.8958	0.0000	0.2242
611	1.0000	0.9491	0.0000	0.2245
612	1.0000	0.9439	0.0000	0.2249
613	1.0000	0.9382	0.0000	0.2253
614	1.0000	0.9354	0.0000	0.2256
615	1.0000	0.9212	0.0000	0.2260
616	1.0000	0.9209	0.0000	0.2263
617	1.0000	0.9333	0.0000	0.2267
618	1.0000	0.9561	0.0000	0.2271
619	1.0000	0.9336	0.0000	0.2274
620	1.0000	0.9230	0.0000	0.2278
621	1.0000	0.9415	0.0000	0.2281
622	1.0000	0.9456	0.0000	0.2285
623	1.0000	0.9269	0.0000	0.2288
624	1.0000	0.9502	0.0000	0.2292
625	1.0000	0.9267	0.0000	0.2295
626	1.0000	0.9403	0.0000	0.2299
627	1.0000	0.9564	0.0000	0.2302
628	1.0000	0.9464	0.0000	0.2306
629	1.0000	0.9577	0.0000	0.2309
630	1.0000	0.9337	0.0000	0.2313
631	1.0000	0.9312	0.0000	0.2316
632	1.0000	0.9480	0.0000	0.2320
633	1.0000	0.9595	0.0000	0.2324
634	1.0000	0.9069	0.0000	0.2328
635	1.0000	0.9197	0.0000	0.2331
636	1.0000	0.9126	0.0000	0.2335
637	1.0000	0.9039	0.0000	0.2338
638	1.0000	0.8891	0.0000	0.2342
639	1.0000	0.9160	0.0000	0.2346
640	1.0000	0.9246	0.0000	0.2350
641	1.0000	0.9206	0.0000	0.2355
642	1.0000	0.9398	0.0000	0.2359
643	1.0000	0.9093	0.0000	0.2364
644	1.0000	0.9216	0.0000	0.2368
645	1.0000	0.9212	0.0000	0.2373
646	1.0000	0.8678	0.0000	0.2378
647	1.0000	0.8706	0.0000	0.2383
648	1.0000	0.9368	0.0000	0.2387
649	1.0000	0.8778	0.0000	0.2392
650	1.0000	0.8838	0.0000	0.2397
651	1.0000	0.8923	0.0000	0.2402
652	1.0000	0.8978	0.0000	0.2407
653	1.0000	0.8943	0.0000	0.2411
654	1.0000	0.9018	0.0000	0.2416
655	1.0000	0.9143	0.0000	0.2420
656	1.0000	0.8844	0.0000	0.2425
657	1.0000	0.9273	0.0000	0.2428
658	1.0000	0.9178	0.0000	0.2433
659	1.0000	0.9090	0.0000	0.2437
660	1.0000	0.8840	0.0000	0.2442
661	1.0000	0.8925	0.0000	0.2446
662	1.0000	0.9353	0.0000	0.2451
663	1.0000	0.9296	0.0000	0.2455
664	1.0000	0.9075	0.0000	0.2460
665	1.0000	0.9241	0.0000	0.2464
666	1.0000	0.9020	0.0000	0.2468
667	1.0000	0.9481	0.0000	0.2473
668	1.0000	0.9112	0.0000	0.2477
669	1.0000	0.9148	0.0000	0.2482
670	1.0000	0.9217	0.0000	0.2486
671	1.0000	0.8731	0.0000	0.2491
672	1.0000	0.9064	0.0000	0.2495
673	1.0000	0.9156	0.0000	0.2500
674	1.0000	0.9248	0.0000	0.2504
675	1.0000	0.9195	0.0000	0.2508
676	1.0000	0.9111	0.0000	0.2512
677	1.0000	0.8987	0.0000	0.2517
678	1.0000	0.9077	0.0000	0.2521
679	1.0000	0.9305	0.0000	0.2526
680	1.0000	0.9157	0.0000	0.2530
681	1.0000	0.9308	0.0000	0.2534
682	1.0000	0.9359	0.0000	0.2539
683	1.0000	0.8998	0.0000	0.2543
684	1.0000	0.9151	0.0000	0.2547
685	1.0000	0.9337	0.0000	0.2552
686	1.0000	0.9235	0.0000	0.2556
687	1.0000	0.9341	0.0000	0.2560
688	1.0000	0.9387	0.0000	0.2566
689	1.0000	0.9104	0.0000	0.2570
690	1.0000	0.9365	0.0000	0.2574
691	1.0000	0.9296	0.0000	0.2578
692	1.0000	0.9317	0.0000	0.2583
693	1.0000	0.8834	0.0000	0.2587
694	1.0000	0.9301	0.0000	0.2591
695	1.0000	0.8954	0.0000	0.2595
696	1.0000	0.9108	0.0000	0.2600
697	1.0000	0.9049	0.0000	0.2605
698	1.0000	0.9255	0.0000	0.2610
699	1.0000	0.9123	0.0000	0.2615
700	1.0000	0.9262	0.0000	0.2620
701	1.0000	0.9032	0.0000	0.2624
702	1.0000	0.9367	0.0000	0.2628
703	1.0000	0.9313	0.0000	0.2632
704	1.0000	0.9353	0.0000	0.2636
705	1.0000	0.9448	0.0000	0.2640
706	1.0000	0.9494	0.0000	0.2644
707	1.0000	0.9334	0.0000	0.2648
708	1.0000	0.9323	0.0000	0.2653
709	1.0000	0.9467	0.0000	0.2657
710	1.0000	0.9416	0.0000	0.2662
711	1.0000	0.9472	0.0000	0.2667
712	1.0000	0.9475	0.0000	0.2671
713	1.0000	0.9449	0.0000	0.2675
714	1.0000	0.9285	0.0000	0.2680
715	1.0000	0.9157	0.0000	0.2684
716	1.0000	0.9282	0.0000	0.2688
717	1.0000	0.9319	0.0000	0.2692
718	1.0000	0.9268	0.0000	0.2697
719	1.0000	0.9496	0.0000	0.2701
720	1.0000	0.9513	0.0000	0.2706
721	1.0000	0.9490	0.0000	0.2710
722	1.0000	0.9271	0.0000	0.2715
723	1.0000	0.9349	0.0000	0.2719
724	1.0000	0.9360	0.0000	0.2723
725	1.0000	0.9565	0.0000	0.2727
726	1.0000	0.9145	0.0000	0.2731
727	1.0000	0.9281	0.0000	0.2736
728	1.0000	0.9644	0.0000	0.2741
729	1.0000	0.9204	0.0000	0.2745
730	1.0000	0.9064	0.0000	0.2749
731	1.0000	0.9518	0.0000	0.2754
732	1.0000	0.9127	0.0000	0.2759
733	1.0000	0.9180	0.0000	0.2763
734	1.0000	0.8982	0.0000	0.2768
735	1.0000	0.9179	0.0000	0.2772
736	1.0000	0.8950	0.0000	0.2776
737	1.0000	0.9039	0.0000	0.2781
738	1.0000	0.8673	0.0000	0.2785
739	1.0000	0.9091	0.0000	0.2789
740	1.0000	0.8898	0.0000	0.2794
741	1.0000	0.8981	0.0000	0.2798
742	1.0000	0.8632	0.0000	0.2803
743	1.0000	0.9307	0.0000	0.2807
744	1.0000	0.8968	0.0000	0.2811
745	1.0000	0.9457	0.0000	0.2815
746	1.0000	0.8922	0.0000	0.2819
747	1.0000	0.8980	0.0000	0.2824
748	1.0000	0.9334	0.0000	0.2828
749	1.0000	0.9432	0.0000	0.2833
750	1.0000	0.8963	0.0000	0.2837
751	1.0000	0.8965	0.0000	0.2842
752	1.0000	0.8779	0.0000	0.2846
753	1.0000	0.8955	0.0000	0.2850
754	1.0000	0.9460	0.0000	0.2855
755	1.0000	0.9105	0.0000	0.2859
756	1.0000	0.9035	0.0000	0.2863
757	1.0000	0.9189	0.0000	0.2867
758	1.0000	0.9214	0.0000	0.2872
759	1.0000	0.9209	0.0000	0.2877
760	1.0000	0.9547	0.0000	0.2882
761	1.0000	0.9432	0.0000	0.2888
762	1.0000	0.9182	0.0000	0.2893
763	1.0000	0.9218	0.0000	0.2898
764	1.0000	0.8925	0.0000	0.2903
765	1.0000	0.9252	0.0000	0.2908
766	1.0000	0.8832	0.0000	0.2912
767	1.0000	0.9369	0.0000	0.2916
768	1.0000	0.9211	0.0000	0.2921
769	1.0000	0.9427	0.0000	0.2925
770	1.0000	0.9464	0.0000	0.2929
771	1.0000	0.9216	0.0000	0.2933
772	1.0000	0.9443	0.0000	0.2937
773	1.0000	0.9645	0.0000	0.2942
774	1.0000	0.9437	0.0000	0.2947
775	1.0000	0.9396	0.0000	0.2951
776	1.0000	0.9356	0.0000	0.2955
777	1.0000	0.9250	0.0000	0.2960
778	1.0000	0.9135	0.0000	0.2964
779	1.0000	0.9342	0.0000	0.2969
780	1.0000	0.9159	0.0000	0.2974
781	1.0000	0.9116	0.0000	0.2978
782	1.0000	0.9052	0.0000	0.2983
783	1.0000	0.8759	0.0000	0.2988
784	1.0000	0.8660	0.0000	0.2993
785	1.0000	0.8781	0.0000	0.2999
786	1.0000	0.8738	0.0000	0.3004
787	1.0000	0.8516	0.0000	0.3009
788	1.0000	0.8384	0.0000	0.3013
789	1.0000	0.8777	0.0000	0.3017
790	1.0000	0.8982	0.0000	0.3021
791	1.0000	0.9055	0.0000	0.3025
792	1.0000	0.9071	0.0000	0.3030
793	1.0000	0.8708	0.0000	0.3034
794	1.0000	0.8951	0.0000	0.3037
795	1.0000	0.9209	0.0000	0.3042
796	1.0000	0.8517	0.0000	0.3046
797	1.0000	0.8702	0.0000	0.3051
798	1.0000	0.8876	0.0000	0.3056
799	1.0000	0.8940	0.0000	0.3061
800	1.0000	0.9039	0.0000	0.3065
801	1.0000	0.8871	0.0000	0.3070
802	1.0000	0.8817	0.0000	0.3074
803	1.0000	0.9243	0.0000	0.3078
804	1.0000	0.9000	0.0000	0.3082
805	1.0000	0.8628	0.0000	0.3087
806	1.0000	0.9251	0.0000	0.3092
807	1.0000	0.9104	0.0000	0.3096
808	1.0000	0.9198	0.0000	0.3101
809	1.0000	0.9486	0.0000	0.3104
810	1.0000	0.9244	0.0000	0.3109
811	1.0000	0.9369	0.0000	0.3112
812	1.0000	0.9134	0.0000	0.3117
813	1.0000	0.9367	0.0000	0.3122
814	1.0000	0.9151	0.0000	0.3126
815	1.0000	0.9083	0.0000	0.3130
816	1.0000	0.9489	0.0000	0.3135
817	1.0000	0.9207	0.0000	0.3138
818	1.0000	0.9375	0.0000	0.3143
819	1.0000	0.9248	0.0000	0.3146
820	1.0000	0.9508	0.0000	0.3151
821	1.0000	0.9012	0.0000	0.3154
822	1.0000	0.9293	0.0000	0.3158
823	1.0000	0.9186	0.0000	0.3162
824	1.0000	0.9248	0.0000	0.3166
825	1.0000	0.8821	0.0000	0.3171
826	1.0000	0.8994	0.0000	0.3175
827	1.0000	0.9110	0.0000	0.3180
828	1.0000	0.8885	0.0000	0.3185
829	1.0000	0.8980	0.0000	0.3188
830	1.0000	0.9159	0.0000	0.3192
831	1.0000	0.9347	0.0000	0.3196
832	1.0000	0.8942	0.0000	0.3201
833	1.0000	0.8869	0.0000	0.3204
834	1.0000	0.8955	0.0000	0.3208
835	1.0000	0.9134	0.0000	0.3212
836	1.0000	0.9350	0.0000	0.3216
837	1.0000	0.9148	0.0000	0.3220
838	1.0000	0.9444	0.0000	0.3224
839	1.0000	0.9536	0.0000	0.3228
840	1.0000	0.9238	0.0000	0.3233
841	1.0000	0.9157	0.0000	0.3237
842	1.0000	0.8967	0.0000	0.3241
843	1.0000	0.9289	0.0000	0.3245
844	1.0000	0.9535	0.0000	0.3249
845	1.0000	0.9261	0.0000	0.3253
846	1.0000	0.9402	0.0000	0.3258
847	1.0000	0.9460	0.0000	0.3262
848	1.0000	0.9260	0.0000	0.3266
849	1.0000	0.9455	0.0000	0.3271
850	1.0000	0.9376	0.0000	0.3275
851	1.0000	0.9425	0.0000	0.3280
852	1.0000	0.9194	0.0000	0.3284
853	1.0000	0.9222	0.0000	0.3288
854	1.0000	0.9535	0.0000	0.3292
855	1.0000	0.9412	0.0000	0.3296
856	1.0000	0.9264	0.0000	0.3300
857	1.0000	0.9478	0.0000	0.3303
858	1.0000	0.9639	0.0000	0.3307
859	1.0000	0.9059	0.0000	0.3312
860	1.0000	0.8887	0.0000	0.3316
861	1.0000	0.8868	0.0000	0.3320
862	1.0000	0.8916	0.0000	0.3325
863	1.0000	0.9473	0.0000	0.3329
864	1.0000	0.9047	0.0000	0.3333
865	1.0000	0.8855	0.0000	0.3338
866	1.0000	0.8306	0.0000	0.3342
867	1.0000	0.8639	0.0000	0.3346
868	1.0000	0.8801	0.0000	0.3351
869	1.0000	0.8730	0.0000	0.3356
870	1.0000	0.9215	0.0000	0.3360
871	1.0000	0.9174	0.0000	0.3364
872	1.0000	0.8708	0.0000	0.3368
873	1.0000	0.9219	0.0000	0.3372
874	1.0000	0.9097	0.0000	0.3377
875	1.0000	0.8971	0.0000	0.3382
876	1.0000	0.9308	0.0000	0.3387
877	1.0000	0.8725	0.0000	0.3392
878	1.0000	0.8561	0.0000	0.3397
879	1.0000	0.8724	0.0000	0.3402
880	1.0000	0.8986	0.0000	0.3407
881	1.0000	0.8984	0.0000	0.3411
882	1.0000	0.8917	0.0000	0.3416
883	1.0000	0.8995	0.0000	0.3420
884	1.0000	0.8671	0.0000	0.3424
885	1.0000	0.8720	0.0000	0.3428
886	1.0000	0.9060	0.0000	0.3432
887	1.0000	0.9000	0.0000	0.3435
888	1.0000	0.9178	0.0000	0.3439
889	1.0000	0.8878	0.0000	0.3445
890	1.0000	0.9060	0.0000	0.3449
891	1.0000	0.9010	0.0000	0.3453
892	1.0000	0.9188	0.0000	0.3458
893	1.0000	0.8904	0.0000	0.3462
894	1.0000	0.9193	0.0000	0.3466
895	1.0000	0.9314	0.0000	0.3470
896	1.0000	0.9377	0.0000	0.3474
897	1.0000	0.9436	0.0000	0.3478
898	1.0000	0.9364	0.0000	0.3482
899	1.0000	0.9189	0.0000	0.3486
900	1.0000	0.9329	0.0000	0.3489
901	1.0000	0.9389	0.0000	0.3494
902	1.0000	0.9504	0.0000	0.3499
903	1.0000	0.9174	0.0000	0.3506
904	1.0000	0.9303	0.0000	0.3510
905	1.0000	0.9056	0.0000	0.3515
906	1.0000	0.9353	0.0000	0.3519
907	1.0000	0.9636	0.0000	0.3523
908	1.0000	0.9557	0.0000	0.3528
909	1.0000	0.9397	0.0000	0.3534
910	1.0000	0.9194	0.0000	0.3538
911	1.0000	0.9341	0.0000	0.3543
912	1.0000	0.9333	0.0000	0.3548
913	1.0000	0.9167	0.0000	0.3552
914	1.0000	0.8968	0.0000	0.3557
915	1.0000	0.8992	0.0000	0.3562
916	1.0000	0.9231	0.0000	0.3567
917	1.0000	0.9232	0.0000	0.3571
918	1.0000	0.8937	0.0000	0.3576
919	1.0000	0.8870	0.0000	0.3581
920	1.0000	0.8867	0.0000	0.3586
921	1.0000	0.9002	0.0000	0.3590
922	1.0000	0.8803	0.0000	0.3595
923	1.0000	0.9231	0.0000	0.3600
924	1.0000	0.9346	0.0000	0.3605
925	1.0000	0.9324	0.0000	0.3610
926	1.0000	0.8876	0.0000	0.3615
927	1.0000	0.9304	0.0000	0.3620
928	1.0000	0.9132	0.0000	0.3624
929	1.0000	0.9222	0.0000	0.3630
930	1.0000	0.9350	0.0000	0.3634
931	1.0000	0.9308	0.0000	0.3638
932	1.0000	0.9264	0.0000	0.3643
933	1.0000	0.9264	0.0000	0.3647
934	1.0000	0.9293	0.0000	0.3652
935	1.0000	0.9333	0.0000	0.3656
936	1.0000	0.9424	0.0000	0.3661
937	1.0000	0.9332	0.0000	0.3666
938	1.0000	0.9375	0.0000	0.3670
939	1.0000	0.9472	0.0000	0.3675
940	1.0000	0.9561	0.0000	0.3679
941	1.0000	0.9378	0.0000	0.3683
942	1.0000	0.9578	0.0000	0.3688
943	1.0000	0.9685	0.0000	0.3692
944	1.0000	0.9429	0.0000	0.3696
945	1.0000	0.9593	0.0000	0.3700
946	1.0000	0.9314	0.0000	0.3704
947	1.0000	0.9540	0.0000	0.3708
948	1.0000	0.9442	0.0000	0.3712
949	1.0000	0.9479	0.0000	0.3716
950	1.0000	0.9429	0.0000	0.3719
951	1.0000	0.9581	0.0000	0.3723
952	1.0000	0.9719	0.0000	0.3727
953	1.0000	0.9494	0.0000	0.3731
954	1.0000	0.9563	0.0000	0.3737
955	1.0000	0.9538	0.0000	0.3742
956	1.0000	0.9482	0.0000	0.3747
957	1.0000	0.9453	0.0000	0.3751
958	1.0000	0.9807	0.0000	0.3756
959	1.0000	0.9251	0.0000	0.3760
960	1.0000	0.9373	0.0000	0.3764
961	1.0000	0.9512	0.0000	0.3768
962	1.0000	0.9315	0.0000	0.3773
963	1.0000	0.9336	0.0000	0.3778
964	1.0000	0.9120	0.0000	0.3784
965	1.0000	0.9362	0.0000	0.3788
966	1.0000	0.8857	0.0000	0.3793
967	1.0000	0.9227	0.0000	0.3796
968	1.0000	0.8927	0.0000	0.3800
969	1.0000	0.8987	0.0000	0.3804
970	1.0000	0.9239	0.0000	0.3809
971	1.0000	0.9205	0.0000	0.3814
972	1.0000	0.9065	0.0000	0.3819
973	1.0000	0.8993	0.0000	0.3823
974	1.0000	0.9082	0.0000	0.3828
975	1.0000	0.9291	0.0000	0.3832
976	1.0000	0.9432	0.0000	0.3837
977	1.0000	0.9058	0.0000	0.3840
978	1.0000	0.9020	0.0000	0.3844
979	1.0000	0.9153	0.0000	0.3848
980	1.0000	0.9103	0.0000	0.3851
981	1.0000	0.9169	0.0000	0.3855
982	1.0000	0.9315	0.0000	0.3859
983	1.0000	0.9178	0.0000	0.3864
984	1.0000	0.8970	0.0000	0.3869
985	1.0000	0.8797	0.0000	0.3873
986	1.0000	0.8641	0.0000	0.3877
987	1.0000	0.8804	0.0000	0.3881
988	1.0000	0.8587	0.0000	0.3885
989	1.0000	0.8340	0.0000	0.3888
990	1.0000	0.8710	0.0000	0.3892
991	1.0000	0.8863	0.0000	0.3897
992	1.0000	0.9201	0.0000	0.3900
993	1.0000	0.8873	0.0000	0.3905
994	1.0000	0.9103	0.0000	0.3909
995	1.0000	0.8816	0.0000	0.3913
996	1.0000	0.8877	0.0000	0.3918
997	1.0000	0.8389	0.0000	0.3923
998	1.0000	0.8928	0.0000	0.3926
999	1.0000	0.8944	0.0000	0.3931
1000	1.0000	0.9218	0.0000	0.3935
1001	1.0000	0.9084	0.0000	0.3940
1002	1.0000	0.8903	0.0000	0.3944
1003	1.0000	0.9198	0.0000	0.3948
1004	1.0000	0.8953	0.0000	0.3952
1005	1.0000	0.8859	0.0000	0.3956
1006	1.0000	0.8998	0.0000	0.3960
1007	1.0000	0.9214	0.0000	0.3964
1008	1.0000	0.9394	0.0000	0.3968
1009	1.0000	0.9382	0.0000	0.3973
1010	1.0000	0.9326	0.0000	0.3977
1011	1.0000	0.9211	0.0000	0.3980
1012	1.0000	0.9177	0.0000	0.3984
1013	1.0000	0.9435	0.0000	0.3988
1014	1.0000	0.9179	0.0000	0.3993
1015	1.0000	0.9236	0.0000	0.3997
1016	1.0000	0.9351	0.0000	0.4002
1017	1.0000	0.9267	0.0000	0.4006
1018	1.0000	0.9336	0.0000	0.4011
1019	1.0000	0.9142	0.0000	0.4015
1020	1.0000	0.9279	0.0000	0.4020
1021	1.0000	0.9326	0.0000	0.4024
1022	1.0000	0.9292	0.0000	0.4029
1023	1.0000	0.9350	0.0000	0.4033
1024	1.0000	0.9325	0.0000	0.4037
1025	1.0000	0.9379	0.0000	0.4042
1026	1.0000	0.9363	0.0000	0.4047
1027	1.0000	0.9153	0.0000	0.4051
1028	1.0000	0.9411	0.0000	0.4055
1029	1.0000	0.9335	0.0000	0.4060
1030	1.0000	0.9603	0.0000	0.4065
1031	1.0000	0.9301	0.0000	0.4070
1032	1.0000	0.9083	0.0000	0.4073
1033	1.0000	0.9325	0.0000	0.4077
1034	1.0000	0.9285	0.0000	0.4081
1035	1.0000	0.9295	0.0000	0.4085
1036	1.0000	0.9174	0.0000	0.4090
1037	1.0000	0.9293	0.0000	0.4094
1038	1.0000	0.9273	0.0000	0.4098
1039	1.0000	0.9002	0.0000	0.4102
1040	1.0000	0.9203	0.0000	0.4106
1041	1.0000	0.9292	0.0000	0.4110
1042	1.0000	0.9238	0.0000	0.4114
1043	1.0000	0.9227	0.0000	0.4118
1044	1.0000	0.8760	0.0000	0.4122
1045	1.0000	0.9249	0.0000	0.4125
1046	1.0000	0.9193	0.0000	0.4130
1047	1.0000	0.9019	0.0000	0.4134
1048	1.0000	0.9179	0.0000	0.4139
1049	1.0000	0.9190	0.0000	0.4143
1050	1.0000	0.8902	0.0000	0.4148
1051	1.0000	0.9475	0.0000	0.4152
1052	1.0000	0.9049	0.0000	0.4156
1053	1.0000	0.8904	0.0000	0.4161
1054	1.0000	0.9254	0.0000	0.4164
1055	1.0000	0.9597	0.0000	0.4169
1056	1.0000	0.9063	0.0000	0.4173
1057	1.0000	0.9387	0.0000	0.4177
1058	1.0000	0.9222	0.0000	0.4181
1059	1.0000	0.9328	0.0000	0.4184
1060	1.0000	0.9119	0.0000	0.4188
1061	1.0000	0.9379	0.0000	0.4192
1062	1.0000	0.9218	0.0000	0.4196
1063	1.0000	0.9455	0.0000	0.4201
1064	1.0000	0.9077	0.0000	0.4205
1065	1.0000	0.8943	0.0000	0.4209
1066	1.0000	0.9116	0.0000	0.4213
1067	1.0000	0.8840	0.0000	0.4217
1068	1.0000	0.9308	0.0000	0.4221
1069	1.0000	0.8975	0.0000	0.4225
1070	1.0000	0.8985	0.0000	0.4229
1071	1.0000	0.9244	0.0000	0.4233
1072	1.0000	0.9100	0.0000	0.4237
1073	1.0000	0.9086	0.0000	0.4241
1074	1.0000	0.9114	0.0000	0.4244
1075	1.0000	0.9181	0.0000	0.4249
1076	1.0000	0.9206	0.0000	0.4252
1077	1.0000	0.9173	0.0000	0.4256
1078	1.0000	0.9330	0.0000	0.4260
1079	1.0000	0.9440	0.0000	0.4264
1080	1.0000	0.9221	0.0000	0.4268
1081	1.0000	0.9255	0.0000	0.4272
1082	1.0000	0.9083	0.0000	0.4276
1083	1.0000	0.9325	0.0000	0.4280
1084	1.0000	0.9214	0.0000	0.4285
1085	1.0000	0.9410	0.0000	0.4289
1086	1.0000	0.8871	0.0000	0.4294
1087	1.0000	0.8914	0.0000	0.4298
1088	1.0000	0.8680	0.0000	0.4302
1089	1.0000	0.9040	0.0000	0.4306
1090	1.0000	0.9115	0.0000	0.4311
1091	1.0000	0.8975	0.0000	0.4315
1092	1.0000	0.8888	0.0000	0.4318
1093	1.0000	0.9257	0.0000	0.4322
1094	1.0000	0.9153	0.0000	0.4327
1095	1.0000	0.8856	0.0000	0.4332
1096	1.0000	0.9035	0.0000	0.4335
1097	1.0000	0.9079	0.0000	0.4339
1098	1.0000	0.9103	0.0000	0.4343
1099	1.0000	0.9135	0.0000	0.4347
1100	1.0000	0.9087	0.0000	0.4351
1101	1.0000	0.9073	0.0000	0.4355
1102	1.0000	0.9098	0.0000	0.4358
1103	1.0000	0.9359	0.0000	0.4362
1104	1.0000	0.9008	0.0000	0.4365
1105	1.0000	0.9061	0.0000	0.4369
1106	1.0000	0.9125	0.0000	0.4373
1107	1.0000	0.9121	0.0000	0.4376
1108	1.0000	0.9121	0.0000	0.4381
1109	1.0000	0.8826	0.0000	0.4384
1110	1.0000	0.9143	0.0000	0.4389
1111	1.0000	0.8918	0.0000	0.4393
1112	1.0000	0.8449	0.0000	0.4398
1113	1.0000	0.8444	0.0000	0.4401
1114	1.0000	0.8429	0.0000	0.4407
1115	1.0000	0.8397	0.0000	0.4411
1116	1.0000	0.8291	0.0000	0.4416
1117	1.0000	0.8622	0.0000	0.4420
1118	1.0000	0.9046	0.0000	0.4423
1119	1.0000	0.8785	0.0000	0.4428
1120	1.0000	0.8779	0.0000	0.4431
1121	1.0000	0.8984	0.0000	0.4436
1122	1.0000	0.8870	0.0000	0.4440
1123	1.0000	0.8662	0.0000	0.4444
1124	1.0000	0.8699	0.0000	0.4448
1125	1.0000	0.8842	0.0000	0.4452
1126	1.0000	0.8975	0.0000	0.4457
1127	1.0000	0.8476	0.0000	0.4461
1128	1.0000	0.8465	0.0000	0.4465
1129	1.0000	0.8321	0.0000	0.4469
1130	1.0000	0.8518	0.0000	0.4473
1131	1.0000	0.8251	0.0000	0.4477
1132	1.0000	0.8884	0.0000	0.4481
1133	1.0000	0.9024	0.0000	0.4485
1134	1.0000	0.8555	0.0000	0.4490
1135	1.0000	0.8846	0.0000	0.4495
1136	1.0000	0.8913	0.0000	0.4498
1137	1.0000	0.8700	0.0000	0.4502
1138	1.0000	0.8610	0.0000	0.4505
1139	1.0000	0.8858	0.0000	0.4509
1140	1.0000	0.9014	0.0000	0.4513
1141	1.0000	0.8757	0.0000	0.4518
1142	1.0000	0.8802	0.0000	0.4521
1143	1.0000	0.8541	0.0000	0.4525
1144	1.0000	0.8595	0.0000	0.4529
1145	1.0000	0.8691	0.0000	0.4533
1146	1.0000	0.8505	0.0000	0.4537
1147	1.0000	0.8503	0.0000	0.4542
1148	1.0000	0.8425	0.0000	0.4547
1149	1.0000	0.8713	0.0000	0.4551
1150	1.0000	0.8763	0.0000	0.4555
1151	1.0000	0.8721	0.0000	0.4559
1152	1.0000	0.8667	0.0000	0.4563
1153	1.0000	0.8874	0.0000	0.4567
1154	1.0000	0.8967	0.0000	0.4572
1155	1.0000	0.8823	0.0000	0.4575
1156	1.0000	0.8940	0.0000	0.4579
1157	1.0000	0.9053	0.0000	0.4584
1158	1.0000	0.9029	0.0000	0.4588
1159	1.0000	0.8939	0.0000	0.4594
1160	1.0000	0.9152	0.0000	0.4599
1161	1.0000	0.8923	0.0000	0.4603
1162	1.0000	0.9040	0.0000	0.4607
1163	1.0000	0.9078	0.0000	0.4611
1164	1.0000	0.8981	0.0000	0.4615
1165	1.0000	0.8929	0.0000	0.4619
1166	1.0000	0.9264	0.0000	0.4622
1167	1.0000	0.9101	0.0000	0.4626
1168	1.0000	0.9463	0.0000	0.4630
1169	1.0000	0.8859	0.0000	0.4634
1170	1.0000	0.9178	0.0000	0.4637
1171	1.0000	0.9345	0.0000	0.4642
1172	1.0000	0.9192	0.0000	0.4645
1173	1.0000	0.8922	0.0000	0.4649
1174	1.0000	0.9218	0.0000	0.4653
1175	1.0000	0.9574	0.0000	0.4658
1176	1.0000	0.9307	0.0000	0.4662
1177	1.0000	0.9067	0.0000	0.4667
1178	1.0000	0.9153	0.0000	0.4673
1179	1.0000	0.9288	0.0000	0.4680
1180	1.0000	0.9178	0.0000	0.4687
1181	1.0000	0.8899	0.0000	0.4694
1182	1.0000	0.9156	0.0000	0.4701
1183	1.0000	0.9015	0.0000	0.4707
1184	1.0000	0.8980	0.0000	0.4713
1185	1.0000	0.9197	0.0000	0.4720
1186	1.0000	0.9189	0.0000	0.4726
1187	1.0000	0.9361	0.0000	0.4732
1188	1.0000	0.9298	0.0000	0.4737
1189	1.0000	0.9232	0.0000	0.4742
1190	1.0000	0.9341	0.0000	0.4748
1191	1.0000	0.9397	0.0000	0.4755
1192	1.0000	0.9331	0.0000	0.4761
1193	1.0000	0.9131	0.0000	0.4766
1194	1.0000	0.9169	0.0000	0.4771
1195	1.0000	0.9333	0.0000	0.4778
1196	1.0000	0.9434	0.0000	0.4783
1197	1.0000	0.9518	0.0000	0.4789
1198	1.0000	0.9377	0.0000	0.4797
1199	1.0000	0.9245	0.0000	0.4803
1200	1.0000	0.9398	0.0000	0.4808
1201	1.0000	0.9375	0.0000	0.4813
1202	1.0000	0.9232	0.0000	0.4818
1203	1.0000	0.9458	0.0000	0.4827
1204	1.0000	0.9389	0.0000	0.4833
1205	1.0000	0.9439	0.0000	0.4838
1206	1.0000	0.9626	0.0000	0.4843
1207	1.0000	0.9649	0.0000	0.4848
1208	1.0000	0.9397	0.0000	0.4853
1209	1.0000	0.9504	0.0000	0.4858
1210	1.0000	0.9441	0.0000	0.4862
1211	1.0000	0.9394	0.0000	0.4867
1212	1.0000	0.9508	0.0000	0.4872
1213	1.0000	0.9272	0.0000	0.4877
1214	1.0000	0.9539	0.0000	0.4883
1215	1.0000	0.9169	0.0000	0.4888
1216	1.0000	0.9306	0.0000	0.4894
1217	1.0000	0.9414	0.0000	0.4901
1218	1.0000	0.9145	0.0000	0.4907
1219	1.0000	0.8447	0.0000	0.4912
1220	1.0000	0.8605	0.0000	0.4916
1221	1.0000	0.8844	0.0000	0.4921
1222	1.0000	0.8781	0.0000	0.4925
1223	1.0000	0.8780	0.0000	0.4929
1224	1.0000	0.9018	0.0000	0.4934
1225	1.0000	0.9097	0.0000	0.4938
1226	1.0000	0.8706	0.0000	0.4941
1227	1.0000	0.9063	0.0000	0.4945
1228	1.0000	0.8851	0.0000	0.4948
1229	1.0000	0.9106	0.0000	0.4952
1230	1.0000	0.8983	0.0000	0.4956
1231	1.0000	0.9145	0.0000	0.4960
1232	1.0000	0.9314	0.0000	0.4964
1233	1.0000	0.9218	0.0000	0.4969
1234	1.0000	0.9147	0.0000	0.4973
1235	1.0000	0.9216	0.0000	0.4978
1236	1.0000	0.9316	0.0000	0.4983
1237	1.0000	0.9409	0.0000	0.4988
1238	1.0000	0.9212	0.0000	0.4994
1239	1.0000	0.9238	0.0000	0.5000
1240	1.0000	0.9376	0.0000	0.5006
1241	1.0000	0.8943	0.0000	0.5010
1242	1.0000	0.8929	0.0000	0.5013
1243	1.0000	0.9140	0.0000	0.5017
1244	1.0000	0.9464	0.0000	0.5020
1245	1.0000	0.9333	0.0000	0.5023
1246	1.0000	0.9421	0.0000	0.5027
1247	1.0000	0.9050	0.0000	0.5030
1248	1.0000	0.9382	0.0000	0.5034
1249	1.0000	0.9483	0.0000	0.5039
1250	1.0000	0.9511	0.0000	0.5043
1251	1.0000	0.9337	0.0000	0.5048
1252	1.0000	0.9477	0.0000	0.5052
1253	1.0000	0.9272	0.0000	0.5058
1254	1.0000	0.9425	0.0000	0.5062
1255	1.0000	0.9555	0.0000	0.5068
1256	1.0000	0.9537	0.0000	0.5073
1257	1.0000	0.9687	0.0000	0.5077
1258	1.0000	0.9418	0.0000	0.5081
1259	1.0000	0.9341	0.0000	0.5085
1260	1.0000	0.9497	0.0000	0.5089
1261	1.0000	0.9389	0.0000	0.5094
1262	1.0000	0.9493	0.0000	0.5098
1263	1.0000	0.9631	0.0000	0.5102
1264	1.0000	0.9558	0.0000	0.5107
1265	1.0000	0.9402	0.0000	0.5112
1266	1.0000	0.8888	0.0000	0.5116
1267	1.0000	0.9089	0.0000	0.5120
1268	1.0000	0.9107	0.0000	0.5124
1269	1.0000	0.9362	0.0000	0.5128
1270	1.0000	0.9169	0.0000	0.5132
1271	1.0000	0.9246	0.0000	0.5138
1272	1.0000	0.8818	0.0000	0.5142
1273	1.0000	0.9283	0.0000	0.5147
1274	1.0000	0.9052	0.0000	0.5151
1275	1.0000	0.9086	0.0000	0.5157
1276	1.0000	0.8982	0.0000	0.5161
1277	1.0000	0.9125	0.0000	0.5165
1278	1.0000	0.9076	0.0000	0.5170
1279	1.0000	0.8938	0.0000	0.5174
1280	1.0000	0.9057	0.0000	0.5178
1281	1.0000	0.9043	0.0000	0.5181
1282	1.0000	0.9433	0.0000	0.5186
1283	1.0000	0.8968	0.0000	0.5190
1284	1.0000	0.9297	0.0000	0.5194
1285	1.0000	0.9410	0.0000	0.5198
1286	1.0000	0.9367	0.0000	0.5203
1287	1.0000	0.9259	0.0000	0.5209
1288	1.0000	0.9178	0.0000	0.5214
1289	1.0000	0.9210	0.0000	0.5219
1290	1.0000	0.9354	0.0000	0.5225
1291	1.0000	0.9310	0.0000	0.5231
1292	1.0000	0.9382	0.0000	0.5237
1293	1.0000	0.9358	0.0000	0.5243
1294	1.0000	0.8985	0.0000	0.5248
1295	1.0000	0.8933	0.0000	0.5253
1296	1.0000	0.9230	0.0000	0.5259
1297	1.0000	0.9162	0.0000	0.5264
1298	1.0000	0.9341	0.0000	0.5270
1299	1.0000	0.9448	0.0000	0.5276
1300	1.0000	0.9386	0.0000	0.5282
1301	1.0000	0.9121	0.0000	0.5287
1302	1.0000	0.9490	0.0000	0.5292
1303	1.0000	0.9517	0.0000	0.5297
1304	1.0000	0.9564	0.0000	0.5302
1305	1.0000	0.9558	0.0000	0.5307
1306	1.0000	0.9559	0.0000	0.5312
1307	1.0000	0.9350	0.0000	0.5317
1308	1.0000	0.9417	0.0000	0.5322
1309	1.0000	0.9412	0.0000	0.5327
1310	1.0000	0.9645	0.0000	0.5332
1311	1.0000	0.9782	0.0000	0.5337
1312	1.0000	0.9480	0.0000	0.5341
1313	1.0000	0.9606	0.0000	0.5345
1314	1.0000	0.9613	0.0000	0.5348
1315	1.0000	0.9543	0.0000	0.5352
1316	1.0000	0.9596	0.0000	0.5356
1317	1.0000	0.9661	0.0000	0.5361
1318	1.0000	0.9584	0.0000	0.5365
1319	1.0000	0.9551	0.0000	0.5369
1320	1.0000	0.9554	0.0000	0.5374
1321	1.0000	0.9617	0.0000	0.5378
1322	1.0000	0.9597	0.0000	0.5382
1323	1.0000	0.9576	0.0000	0.5385
1324	1.0000	0.9647	0.0000	0.5389
1325	1.0000	0.9419	0.0000	0.5394
1326	1.0000	0.9505	0.0000	0.5398
1327	1.0000	0.9663	0.0000	0.5403
1328	1.0000	0.9284	0.0000	0.5407
1329	1.0000	0.9592	0.0000	0.5411
1330	1.0000	0.9387	0.0000	0.5415
1331	1.0000	0.9583	0.0000	0.5418
1332	1.0000	0.9586	0.0000	0.5422
1333	1.0000	0.9530	0.0000	0.5425
1334	1.0000	0.9670	0.0000	0.5428
1335	1.0000	0.9448	0.0000	0.5432
1336	1.0000	0.9553	0.0000	0.5435
1337	1.0000	0.9745	0.0000	0.5439
1338	1.0000	0.9360	0.0000	0.5443
1339	1.0000	0.9525	0.0000	0.5447
1340	1.0000	0.9674	0.0000	0.5451
1341	1.0000	0.9486	0.0000	0.5456
1342	1.0000	0.9582	0.0000	0.5460
1343	1.0000	0.9294	0.0000	0.5464
1344	1.0000	0.9622	0.0000	0.5469
1345	1.0000	0.9383	0.0000	0.5475
1346	1.0000	0.9307	0.0000	0.5481
1347	1.0000	0.9038	0.0000	0.5489
1348	1.0000	0.8948	0.0000	0.5495
1349	1.0000	0.8588	0.0000	0.5501
1350	1.0000	0.8968	0.0000	0.5506
1351	1.0000	0.8798	0.0000	0.5511
1352	1.0000	0.9114	0.0000	0.5517
1353	1.0000	0.8900	0.0000	0.5523
1354	1.0000	0.8737	0.0000	0.5528
1355	1.0000	0.9010	0.0000	0.5533
1356	1.0000	0.9123	0.0000	0.5539
1357	1.0000	0.9004	0.0000	0.5546
1358	1.0000	0.9027	0.0000	0.5554
1359	1.0000	0.8943	0.0000	0.5561
1360	1.0000	0.8786	0.0000	0.5569
1361	1.0000	0.9048	0.0000	0.5576
1362	1.0000	0.9131	0.0000	0.5583
1363	1.0000	0.8931	0.0000	0.5590
1364	1.0000	0.9350	0.0000	0.5598
1365	1.0000	0.9287	0.0000	0.5606
1366	1.0000	0.9135	0.0000	0.5613
1367	1.0000	0.9103	0.0000	0.5621
1368	1.0000	0.9043	0.0000	0.5628
1369	1.0000	0.9065	0.0000	0.5635
1370	1.0000	0.9424	0.0000	0.5642
1371	1.0000	0.9244	0.0000	0.5649
1372	1.0000	0.9181	0.0000	0.5655
1373	1.0000	0.9521	0.0000	0.5661
1374	1.0000	0.9083	0.0000	0.5667
1375	1.0000	0.9223	0.0000	0.5673
1376	1.0000	0.9259	0.0000	0.5680
1377	1.0000	0.9130	0.0000	0.5686
1378	1.0000	0.9087	0.0000	0.5692
1379	1.0000	0.9256	0.0000	0.5699
1380	1.0000	0.9181	0.0000	0.5704
1381	1.0000	0.9265	0.0000	0.5711
1382	1.0000	0.9226	0.0000	0.5716
1383	1.0000	0.9387	0.0000	0.5722
1384	1.0000	0.9230	0.0000	0.5727
1385	1.0000	0.9280	0.0000	0.5731
1386	1.0000	0.8923	0.0000	0.5735
1387	1.0000	0.9171	0.0000	0.5739
1388	1.0000	0.9328	0.0000	0.5743
1389	1.0000	0.9451	0.0000	0.5748
1390	1.0000	0.9209	0.0000	0.5753
1391	1.0000	0.9576	0.0000	0.5759
1392	1.0000	0.8988	0.0000	0.5764
1393	1.0000	0.9107	0.0000	0.5769
1394	1.0000	0.9127	0.0000	0.5775
1395	1.0000	0.9389	0.0000	0.5780
1396	1.0000	0.9610	0.0000	0.5785
1397	1.0000	0.9298	0.0000	0.5790
1398	1.0000	0.9318	0.0000	0.5794
1399	1.0000	0.9279	0.0000	0.5798
1400	1.0000	0.9234	0.0000	0.5802
1401	1.0000	0.9271	0.0000	0.5806
1402	1.0000	0.9078	0.0000	0.5810
1403	1.0000	0.9149	0.0000	0.5814
1404	1.0000	0.9100	0.0000	0.5818
1405	1.0000	0.9228	0.0000	0.5822
1406	1.0000	0.9171	0.0000	0.5826
1407	1.0000	0.9181	0.0000	0.5830
1408	1.0000	0.9323	0.0000	0.5835
1409	1.0000	0.9394	0.0000	0.5839
1410	1.0000	0.9345	0.0000	0.5844
1411	1.0000	0.8731	0.0000	0.5849
1412	1.0000	0.9006	0.0000	0.5854
1413	1.0000	0.9223	0.0000	0.5860
1414	1.0000	0.9406	0.0000	0.5865
1415	1.0000	0.9123	0.0000	0.5871
1416	1.0000	0.9086	0.0000	0.5876
1417	1.0000	0.9271	0.0000	0.5883
1418	1.0000	0.9180	0.0000	0.5890
1419	1.0000	0.9506	0.0000	0.5896
1420	1.0000	0.9308	0.0000	0.5903
1421	1.0000	0.9365	0.0000	0.5910
1422	1.0000	0.9219	0.0000	0.5917
1423	1.0000	0.9535	0.0000	0.5923
1424	1.0000	0.9095	0.0000	0.5929
1425	1.0000	0.9210	0.0000	0.5936
1426	1.0000	0.9048	0.0000	0.5942
1427	1.0000	0.8771	0.0000	0.5947
1428	1.0000	0.9004	0.0000	0.5952
1429	1.0000	0.8934	0.0000	0.5958
1430	1.0000	0.9260	0.0000	0.5964
1431	1.0000	0.9199	0.0000	0.5971
1432	1.0000	0.9199	0.0000	0.5977
1433	1.0000	0.9493	0.0000	0.5984
1434	1.0000	0.9175	0.0000	0.5990
1435	1.0000	0.9126	0.0000	0.5998
1436	1.0000	0.9337	0.0000	0.6005
1437	1.0000	0.9516	0.0000	0.6013
1438	1.0000	0.9350	0.0000	0.6021
1439	1.0000	0.9102	0.0000	0.6028
1440	1.0000	0.9015	0.0000	0.6035
1441	1.0000	0.9456	0.0000	0.6042
1442	1.0000	0.9557	0.0000	0.6049
1443	1.0000	0.9203	0.0000	0.6055
1444	1.0000	0.9152	0.0000	0.6060
1445	1.0000	0.8512	0.0000	0.6065
1446	1.0000	0.9045	0.0000	0.6071
1447	1.0000	0.8827	0.0000	0.6075
1448	1.0000	0.9109	0.0000	0.6081
1449	1.0000	0.9262	0.0000	0.6088
1450	1.0000	0.9143	0.0000	0.6094
1451	1.0000	0.8880	0.0000	0.6100
1452	1.0000	0.8605	0.0000	0.6105
1453	1.0000	0.8995	0.0000	0.6110
1454	1.0000	0.8639	0.0000	0.6115
1455	1.0000	0.9346	0.0000	0.6121
1456	1.0000	0.9077	0.0000	0.6128
1457	1.0000	0.8823	0.0000	0.6135
1458	1.0000	0.8561	0.0000	0.6141
1459	1.0000	0.8590	0.0000	0.6145
1460	1.0000	0.8725	0.0000	0.6150
1461	1.0000	0.8930	0.0000	0.6156
1462	1.0000	0.8889	0.0000	0.6161
1463	1.0000	0.8671	0.0000	0.6164
1464	1.0000	0.8976	0.0000	0.6168
1465	1.0000	0.9122	0.0000	0.6173
1466	1.0000	0.9195	0.0000	0.6178
1467	1.0000	0.9191	0.0000	0.6184
1468	1.0000	0.9054	0.0000	0.6189
1469	1.0000	0.9295	0.0000	0.6194
1470	1.0000	0.9281	0.0000	0.6199
1471	1.0000	0.9329	0.0000	0.6205
1472	1.0000	0.9046	0.0000	0.6211
1473	1.0000	0.9011	0.0000	0.6217
1474	1.0000	0.9124	0.0000	0.6224
1475	1.0000	0.9148	0.0000	0.6229
1476	1.0000	0.9087	0.0000	0.6233
1477	1.0000	0.8860	0.0000	0.6239
1478	1.0000	0.8895	0.0000	0.6244
1479	1.0000	0.9254	0.0000	0.6248
1480	1.0000	0.9140	0.0000	0.6253
1481	1.0000	0.9560	0.0000	0.6260
1482	1.0000	0.8903	0.0000	0.6266
1483	1.0000	0.8995	0.0000	0.6271
1484	1.0000	0.8527	0.0000	0.6276
1485	1.0000	0.9101	0.0000	0.6281
1486	1.0000	0.9084	0.0000	0.6287
1487	1.0000	0.8868	0.0000	0.6293
1488	1.0000	0.8552	0.0000	0.6299
1489	1.0000	0.8993	0.0000	0.6305
1490	1.0000	0.9066	0.0000	0.6312
1491	1.0000	0.8980	0.0000	0.6318
1492	1.0000	0.9044	0.0000	0.6325
1493	1.0000	0.9195	0.0000	0.6332
1494	1.0000	0.9212	0.0000	0.6338
1495	1.0000	0.9320	0.0000	0.6343
1496	1.0000	0.9229	0.0000	0.6350
1497	1.0000	0.9007	0.0000	0.6357
1498	1.0000	0.9126	0.0000	0.6363
1499	1.0000	0.9308	0.0000	0.6369
1500	1.0000	0.8823	0.0000	0.6376
1501	1.0000	0.9298	0.0000	0.6381
1502	1.0000	0.9090	0.0000	0.6386
1503	1.0000	0.9160	0.0000	0.6390
1504	1.0000	0.9171	0.0000	0.6395
1505	1.0000	0.9424	0.0000	0.6401
1506	1.0000	0.9439	0.0000	0.6409
1507	1.0000	0.9430	0.0000	0.6419
1508	1.0000	0.9237	0.0000	0.6428
1509	1.0000	0.9433	0.0000	0.6436
1510	1.0000	0.9541	0.0000	0.6443
1511	1.0000	0.9448	0.0000	0.6449
1512	1.0000	0.9546	0.0000	0.6454
1513	1.0000	0.8940	0.0000	0.6459
1514	1.0000	0.9357	0.0000	0.6464
1515	1.0000	0.9427	0.0000	0.6469
1516	1.0000	0.9334	0.0000	0.6473
1517	1.0000	0.9548	0.0000	0.6478
1518	1.0000	0.9413	0.0000	0.6482
1519	1.0000	0.9417	0.0000	0.6486
1520	1.0000	0.9500	0.0000	0.6491
1521	1.0000	0.9340	0.0000	0.6496
1522	1.0000	0.9381	0.0000	0.6500
1523	1.0000	0.9225	0.0000	0.6505
1524	1.0000	0.9434	0.0000	0.6509
1525	1.0000	0.9283	0.0000	0.6513
1526	1.0000	0.9577	0.0000	0.6518
1527	1.0000	0.9612	0.0000	0.6522
1528	1.0000	0.9461	0.0000	0.6527
1529	1.0000	0.9354	0.0000	0.6532
1530	1.0000	0.9699	0.0000	0.6536
1531	1.0000	0.9314	0.0000	0.6540
1532	1.0000	0.9484	0.0000	0.6544
1533	1.0000	0.8879	0.0000	0.6548
1534	1.0000	0.9322	0.0000	0.6552
1535	1.0000	0.9644	0.0000	0.6556
1536	1.0000	0.9437	0.0000	0.6560
1537	1.0000	0.9573	0.0000	0.6564
1538	1.0000	0.9537	0.0000	0.6569
1539	1.0000	0.9856	0.0000	0.6574
1540	1.0000	0.9437	0.0000	0.6579
1541	1.0000	0.9576	0.0000	0.6583
1542	1.0000	0.9542	0.0000	0.6588
1543	1.0000	0.9269	0.0000	0.6592
1544	1.0000	0.9286	0.0000	0.6596
1545	1.0000	0.9350	0.0000	0.6601
1546	1.0000	0.8954	0.0000	0.6606
1547	1.0000	0.9584	0.0000	0.6611
1548	1.0000	0.9264	0.0000	0.6616
1549	1.0000	0.9326	0.0000	0.6621
1550	1.0000	0.9340	0.0000	0.6627
1551	1.0000	0.9507	0.0000	0.6633
1552	1.0000	0.9494	0.0000	0.6638
1553	1.0000	0.9367	0.0000	0.6643
1554	1.0000	0.9538	0.0000	0.6649
1555	1.0000	0.9149	0.0000	0.6654
1556	1.0000	0.9288	0.0000	0.6659
1557	1.0000	0.9254	0.0000	0.6664
1558	1.0000	0.9575	0.0000	0.6671
1559	1.0000	0.9650	0.0000	0.6676
1560	1.0000	0.9515	0.0000	0.6681
1561	1.0000	0.9452	0.0000	0.6687
1562	1.0000	0.9646	0.0000	0.6694
1563	1.0000	0.9511	0.0000	0.6700
1564	1.0000	0.9508	0.0000	0.6706
1565	1.0000	0.9617	0.0000	0.6713
1566	1.0000	0.9327	0.0000	0.6718
1567	1.0000	0.9514	0.0000	0.6726
1568	1.0000	0.9399	0.0000	0.6731
1569	1.0000	0.8820	0.0000	0.6737
1570	1.0000	0.9325	0.0000	0.6742
1571	1.0000	0.9220	0.0000	0.6747
1572	1.0000	0.9199	0.0000	0.6751
1573	1.0000	0.9381	0.0000	0.6755
1574	1.0000	0.9268	0.0000	0.6760
1575	1.0000	0.9072	0.0000	0.6764
1576	1.0000	0.8898	0.0000	0.6769
1577	1.0000	0.9232	0.0000	0.6773
1578	1.0000	0.9585	0.0000	0.6779
1579	1.0000	0.9280	0.0000	0.6785
1580	1.0000	0.9455	0.0000	0.6791
1581	1.0000	0.8978	0.0000	0.6796
1582	1.0000	0.9025	0.0000	0.6802
1583	1.0000	0.9003	0.0000	0.6806
1584	1.0000	0.9154	0.0000	0.6812
1585	1.0000	0.9238	0.0000	0.6817
1586	1.0000	0.8979	0.0000	0.6824
1587	1.0000	0.8939	0.0000	0.6830
1588	1.0000	0.9137	0.0000	0.6835
1589	1.0000	0.9331	0.0000	0.6841
1590	1.0000	0.9369	0.0000	0.6847
1591	1.0000	0.9372	0.0000	0.6853
1592	1.0000	0.9411	0.0000	0.6860
1593	1.0000	0.9153	0.0000	0.6868
1594	1.0000	0.9169	0.0000	0.6873
1595	1.0000	0.9167	0.0000	0.6879
1596	1.0000	0.9562	0.0000	0.6884
1597	1.0000	0.9385	0.0000	0.6890
1598	1.0000	0.9522	0.0000	0.6895
1599	1.0000	0.9224	0.0000	0.6900
1600	1.0000	0.9450	0.0000	0.6905
1601	1.0000	0.9551	0.0000	0.6910
1602	1.0000	0.9369	0.0000	0.6915
1603	1.0000	0.9249	0.0000	0.6920
1604	1.0000	0.9400	0.0000	0.6925
1605	1.0000	0.9540	0.0000	0.6931
1606	1.0000	0.9337	0.0000	0.6936
1607	1.0000	0.9165	0.0000	0.6941
1608	1.0000	0.9293	0.0000	0.6946
1609	1.0000	0.9245	0.0000	0.6950
1610	1.0000	0.9154	0.0000	0.6955
1611	1.0000	0.9196	0.0000	0.6959
1612	1.0000	0.9437	0.0000	0.6963
1613	1.0000	0.9228	0.0000	0.6968
1614	1.0000	0.9310	0.0000	0.6973
1615	1.0000	0.9344	0.0000	0.6978
1616	1.0000	0.9578	0.0000	0.6983
1617	1.0000	0.9502	0.0000	0.6988
1618	1.0000	0.9156	0.0000	0.6993
1619	1.0000	0.9126	0.0000	0.6999
1620	1.0000	0.8912	0.0000	0.7002
1621	1.0000	0.9041	0.0000	0.7007
1622	1.0000	0.9211	0.0000	0.7010
1623	1.0000	0.9323	0.0000	0.7014
1624	1.0000	0.9245	0.0000	0.7018
1625	1.0000	0.9368	0.0000	0.7022
1626	1.0000	0.9413	0.0000	0.7027
1627	1.0000	0.9281	0.0000	0.7032
1628	1.0000	0.9364	0.0000	0.7038
1629	1.0000	0.9436	0.0000	0.7042
1630	1.0000	0.9541	0.0000	0.7046
1631	1.0000	0.9108	0.0000	0.7051
1632	1.0000	0.9154	0.0000	0.7055
1633	1.0000	0.9273	0.0000	0.7060
1634	1.0000	0.9328	0.0000	0.7065
1635	1.0000	0.9479	0.0000	0.7070
1636	1.0000	0.9535	0.0000	0.7076
1637	1.0000	0.9172	0.0000	0.7081
1638	1.0000	0.9560	0.0000	0.7086
1639	1.0000	0.9495	0.0000	0.7091
1640	1.0000	0.9474	0.0000	0.7096
1641	1.0000	0.9563	0.0000	0.7101
1642	1.0000	0.9317	0.0000	0.7106
1643	1.0000	0.9065	0.0000	0.7112
1644	1.0000	0.9479	0.0000	0.7117
1645	1.0000	0.9211	0.0000	0.7122
1646	1.0000	0.9351	0.0000	0.7127
1647	1.0000	0.9452	0.0000	0.7132
1648	1.0000	0.9118	0.0000	0.7136
1649	1.0000	0.8987	0.0000	0.7141
1650	1.0000	0.9335	0.0000	0.7147
1651	1.0000	0.8863	0.0000	0.7152
1652	1.0000	0.9190	0.0000	0.7158
1653	1.0000	0.9141	0.0000	0.7163
1654	1.0000	0.9097	0.0000	0.7168
1655	1.0000	0.9333	0.0000	0.7172
1656	1.0000	0.9276	0.0000	0.7178
1657	1.0000	0.9415	0.0000	0.7184
1658	1.0000	0.9293	0.0000	0.7189
1659	1.0000	0.8892	0.0000	0.7194
1660	1.0000	0.8498	0.0000	0.7199
1661	1.0000	0.8786	0.0000	0.7204
1662	1.0000	0.9112	0.0000	0.7210
1663	1.0000	0.8597	0.0000	0.7214
1664	1.0000	0.8799	0.0000	0.7221
1665	1.0000	0.9031	0.0000	0.7226
1666	1.0000	0.8740	0.0000	0.7230
1667	1.0000	0.8528	0.0000	0.7234
1668	1.0000	0.9064	0.0000	0.7238
1669	1.0000	0.9118	0.0000	0.7243
1670	1.0000	0.9232	0.0000	0.7247
1671	1.0000	0.9223	0.0000	0.7251
1672	1.0000	0.9441	0.0000	0.7255
1673	1.0000	0.9281	0.0000	0.7259
1674	1.0000	0.9215	0.0000	0.7264
1675	1.0000	0.9040	0.0000	0.7268
1676	1.0000	0.9185	0.0000	0.7272
1677	1.0000	0.8973	0.0000	0.7276
1678	1.0000	0.9062	0.0000	0.7281
1679	1.0000	0.9298	0.0000	0.7286
1680	1.0000	0.8977	0.0000	0.7291
1681	1.0000	0.9035	0.0000	0.7297
1682	1.0000	0.9099	0.0000	0.7303
1683	1.0000	0.8994	0.0000	0.7309
1684	1.0000	0.9231	0.0000	0.7314
1685	1.0000	0.9312	0.0000	0.7320
1686	1.0000	0.9282	0.0000	0.7326
1687	1.0000	0.9291	0.0000	0.7331
1688	1.0000	0.9121	0.0000	0.7335
1689	1.0000	0.9565	0.0000	0.7340
1690	1.0000	0.9107	0.0000	0.7346
1691	1.0000	0.9196	0.0000	0.7351
1692	1.0000	0.9126	0.0000	0.7358
1693	1.0000	0.9334	0.0000	0.7365
1694	1.0000	0.9373	0.0000	0.7371
1695	1.0000	0.9219	0.0000	0.7378
1696	1.0000	0.9479	0.0000	0.7385
1697	1.0000	0.9444	0.0000	0.7391
1698	1.0000	0.9422	0.0000	0.7397
1699	1.0000	0.9541	0.0000	0.7403
1700	1.0000	0.9594	0.0000	0.7409
1701	1.0000	0.9604	0.0000	0.7415
1702	1.0000	0.9486	0.0000	0.7421
1703	1.0000	0.9546	0.0000	0.7428
1704	1.0000	0.9214	0.0000	0.7434
1705	1.0000	0.9065	0.0000	0.7440
1706	1.0000	0.9044	0.0000	0.7447
1707	1.0000	0.9056	0.0000	0.7453
1708	1.0000	0.8994	0.0000	0.7459
1709	1.0000	0.9535	0.0000	0.7465
1710	1.0000	0.9046	0.0000	0.7473
1711	1.0000	0.9285	0.0000	0.7481
1712	1.0000	0.9214	0.0000	0.7488
1713	1.0000	0.9243	0.0000	0.7495
1714	1.0000	0.9288	0.0000	0.7502
1715	1.0000	0.9098	0.0000	0.7510
1716	1.0000	0.9153	0.0000	0.7517
1717	1.0000	0.9330	0.0000	0.7525
1718	1.0000	0.9277	0.0000	0.7532
1719	1.0000	0.9347	0.0000	0.7540
1720	1.0000	0.9238	0.0000	0.7547
1721	1.0000	0.9209	0.0000	0.7554
1722	1.0000	0.9148	0.0000	0.7561
1723	1.0000	0.9304	0.0000	0.7568
1724	1.0000	0.9135	0.0000	0.7575
1725	1.0000	0.9112	0.0000	0.7582
1726	1.0000	0.9241	0.0000	0.7589
1727	1.0000	0.9208	0.0000	0.7596
1728	1.0000	0.9002	0.0000	0.7604
1729	1.0000	0.8825	0.0000	0.7612
1730	1.0000	0.8962	0.0000	0.7619
1731	1.0000	0.8791	0.0000	0.7625
1732	1.0000	0.9048	0.0000	0.7632
1733	1.0000	0.9133	0.0000	0.7640
1734	1.0000	0.9157	0.0000	0.7648
1735	1.0000	0.9066	0.0000	0.7656
1736	1.0000	0.8953	0.0000	0.7665
1737	1.0000	0.9169	0.0000	0.7675
1738	1.0000	0.8988	0.0000	0.7683
1739	1.0000	0.8915	0.0000	0.7692
1740	1.0000	0.8964	0.0000	0.7701
1741	1.0000	0.8939	0.0000	0.7710
1742	1.0000	0.8726	0.0000	0.7718
1743	1.0000	0.8485	0.0000	0.7725
1744	1.0000	0.8844	0.0000	0.7732
1745	1.0000	0.8789	0.0000	0.7740
1746	1.0000	0.8751	0.0000	0.7747
1747	1.0000	0.9010	0.0000	0.7755
1748	1.0000	0.8952	0.0000	0.7761
1749	1.0000	0.8992	0.0000	0.7768
1750	1.0000	0.9097	0.0000	0.7773
1751	1.0000	0.9188	0.0000	0.7779
1752	1.0000	0.9013	0.0000	0.7785
1753	1.0000	0.9058	0.0000	0.7791
1754	1.0000	0.9091	0.0000	0.7796
1755	1.0000	0.9318	0.0000	0.7802
1756	1.0000	0.8763	0.0000	0.7808
1757	1.0000	0.8758	0.0000	0.7814
1758	1.0000	0.8843	0.0000	0.7819
1759	1.0000	0.8776	0.0000	0.7824
1760	1.0000	0.8791	0.0000	0.7829
1761	1.0000	0.8834	0.0000	0.7834
1762	1.0000	0.8972	0.0000	0.7839
1763	1.0000	0.8979	0.0000	0.7844
1764	1.0000	0.9202	0.0000	0.7849
1765	1.0000	0.9212	0.0000	0.7854
1766	1.0000	0.9298	0.0000	0.7858
1767	1.0000	0.9332	0.0000	0.7863
1768	1.0000	0.9453	0.0000	0.7867
1769	1.0000	0.9295	0.0000	0.7872
1770	1.0000	0.9315	0.0000	0.7876
1771	1.0000	0.9211	0.0000	0.7883
1772	1.0000	0.9124	0.0000	0.7888
1773	1.0000	0.9375	0.0000	0.7894
1774	1.0000	0.9506	0.0000	0.7900
1775	1.0000	0.9342	0.0000	0.7906
1776	1.0000	0.9039	0.0000	0.7912
1777	1.0000	0.9125	0.0000	0.7916
1778	1.0000	0.8855	0.0000	0.7921
1779	1.0000	0.9429	0.0000	0.7927
1780	1.0000	0.9080	0.0000	0.7933
1781	1.0000	0.9229	0.0000	0.7940
1782	1.0000	0.9303	0.0000	0.7947
1783	1.0000	0.9156	0.0000	0.7954
1784	1.0000	0.9184	0.0000	0.7959
1785	1.0000	0.9449	0.0000	0.7966
1786	1.0000	0.9436	0.0000	0.7971
1787	1.0000	0.9221	0.0000	0.7978
1788	1.0000	0.8874	0.0000	0.7984
1789	1.0000	0.9637	0.0000	0.7990
1790	1.0000	0.9292	0.0000	0.7998
1791	1.0000	0.9012	0.0000	0.8005
1792	1.0000	0.8535	0.0000	0.8011
1793	1.0000	0.8637	0.0000	0.8016
1794	1.0000	0.9059	0.0000	0.8022
1795	1.0000	0.8765	0.0000	0.8028
1796	1.0000	0.8960	0.0000	0.8033
1797	1.0000	0.8930	0.0000	0.8038
1798	1.0000	0.8745	0.0000	0.8043
1799	1.0000	0.8957	0.0000	0.8048
1800	1.0000	0.8931	0.0000	0.8053
1801	1.0000	0.8595	0.0000	0.8059
1802	1.0000	0.8803	0.0000	0.8064
1803	1.0000	0.8695	0.0000	0.8070
1804	1.0000	0.8821	0.0000	0.8075
1805	1.0000	0.9056	0.0000	0.8083
1806	1.0000	0.9169	0.0000	0.8090
1807	1.0000	0.8927	0.0000	0.8096
1808	1.0000	0.9166	0.0000	0.8103
1809	1.0000	0.8988	0.0000	0.8109
1810	1.0000	0.9115	0.0000	0.8117
1811	1.0000	0.9141	0.0000	0.8124
1812	1.0000	0.9031	0.0000	0.8133
1813	1.0000	0.9154	0.0000	0.8140
1814	1.0000	0.9101	0.0000	0.8148
1815	1.0000	0.9187	0.0000	0.8156
1816	1.0000	0.9079	0.0000	0.8163
1817	1.0000	0.9270	0.0000	0.8171
1818	1.0000	0.9351	0.0000	0.8178
1819	1.0000	0.9117	0.0000	0.8187
1820	1.0000	0.9169	0.0000	0.8196
1821	1.0000	0.9299	0.0000	0.8204
1822	1.0000	0.9522	0.0000	0.8213
1823	1.0000	0.9376	0.0000	0.8224
1824	1.0000	0.9521	0.0000	0.8233
1825	1.0000	0.9403	0.0000	0.8242
1826	1.0000	0.9478	0.0000	0.8251
1827	1.0000	0.9524	0.0000	0.8259
1828	1.0000	0.9366	0.0000	0.8267
1829	1.0000	0.9456	0.0000	0.8274
1830	1.0000	0.9370	0.0000	0.8280
1831	1.0000	0.8606	0.0000	0.8287
1832	1.0000	0.8492	0.0000	0.8293
1833	1.0000	0.8855	0.0000	0.8298
1834	1.0000	0.8611	0.0000	0.8303
1835	1.0000	0.8773	0.0000	0.8308
1836	1.0000	0.8995	0.0000	0.8312
1837	1.0000	0.8652	0.0000	0.8316
1838	1.0000	0.9021	0.0000	0.8320
1839	1.0000	0.8969	0.0000	0.8326
1840	1.0000	0.8941	0.0000	0.8332
1841	1.0000	0.9094	0.0000	0.8338
1842	1.0000	0.9118	0.0000	0.8344
1843	1.0000	0.9144	0.0000	0.8349
1844	1.0000	0.9125	0.0000	0.8355
1845	1.0000	0.9017	0.0000	0.8361
1846	1.0000	0.9294	0.0000	0.8366
1847	1.0000	0.9131	0.0000	0.8371
1848	1.0000	0.8923	0.0000	0.8376
1849	1.0000	0.8912	0.0000	0.8382
1850	1.0000	0.8935	0.0000	0.8390
1851	1.0000	0.8582	0.0000	0.8395
1852	1.0000	0.8862	0.0000	0.8401
1853	1.0000	0.9068	0.0000	0.8407
1854	1.0000	0.8871	0.0000	0.8413
1855	1.0000	0.9067	0.0000	0.8421
1856	1.0000	0.8878	0.0000	0.8428
1857	1.0000	0.9152	0.0000	0.8436
1858	1.0000	0.8815	0.0000	0.8444
1859	1.0000	0.8632	0.0000	0.8453
1860	1.0000	0.9077	0.0000	0.8461
1861	1.0000	0.8407	0.0000	0.8469
1862	1.0000	0.8396	0.0000	0.8476
1863	1.0000	0.8480	0.0000	0.8483
1864	1.0000	0.8474	0.0000	0.8489
1865	1.0000	0.8674	0.0000	0.8497
1866	1.0000	0.8813	0.0000	0.8504
1867	1.0000	0.8598	0.0000	0.8511
1868	1.0000	0.8507	0.0000	0.8518
1869	1.0000	0.8182	0.0000	0.8525
1870	1.0000	0.8855	0.0000	0.8534
1871	1.0000	0.8972	0.0000	0.8542
1872	1.0000	0.8967	0.0000	0.8549
1873	1.0000	0.9004	0.0000	0.8555
1874	1.0000	0.8773	0.0000	0.8563
1875	1.0000	0.8630	0.0000	0.8569
1876	1.0000	0.8845	0.0000	0.8576
1877	1.0000	0.9133	0.0000	0.8583
1878	1.0000	0.9208	0.0000	0.8589
1879	1.0000	0.9149	0.0000	0.8596
1880	1.0000	0.9012	0.0000	0.8602
1881	1.0000	0.8752	0.0000	0.8608
1882	1.0000	0.9138	0.0000	0.8614
1883	1.0000	0.9031	0.0000	0.8619
1884	1.0000	0.9244	0.0000	0.8625
1885	1.0000	0.9220	0.0000	0.8631
1886	1.0000	0.8981	0.0000	0.8636
1887	1.0000	0.9337	0.0000	0.8643
1888	1.0000	0.9267	0.0000	0.8649
1889	1.0000	0.9214	0.0000	0.8656
1890	1.0000	0.9240	0.0000	0.8662
1891	1.0000	0.9225	0.0000	0.8668
1892	1.0000	0.8513	0.0000	0.8676
1893	1.0000	0.8934	0.0000	0.8683
1894	1.0000	0.9322	0.0000	0.8691
1895	1.0000	0.9042	0.0000	0.8700
1896	1.0000	0.9066	0.0000	0.8707
1897	1.0000	0.8705	0.0000	0.8715
1898	1.0000	0.8209	0.0000	0.8721
1899	1.0000	0.8866	0.0000	0.8729
1900	1.0000	0.8912	0.0000	0.8737
1901	1.0000	0.8770	0.0000	0.8743
1902	1.0000	0.8854	0.0000	0.8750
1903	1.0000	0.9079	0.0000	0.8757
1904	1.0000	0.9261	0.0000	0.8765
1905	1.0000	0.8841	0.0000	0.8772
1906	1.0000	0.9216	0.0000	0.8781
1907	1.0000	0.9087	0.0000	0.8790
1908	1.0000	0.8806	0.0000	0.8798
1909	1.0000	0.9016	0.0000	0.8806
1910	1.0000	0.8694	0.0000	0.8813
1911	1.0000	0.8749	0.0000	0.8819
1912	1.0000	0.9137	0.0000	0.8826
1913	1.0000	0.9105	0.0000	0.8834
1914	1.0000	0.9060	0.0000	0.8840
1915	1.0000	0.8816	0.0000	0.8846
1916	1.0000	0.8746	0.0000	0.8853
1917	1.0000	0.8410	0.0000	0.8860
1918	1.0000	0.9174	0.0000	0.8867
1919	1.0000	0.9050	0.0000	0.8875
1920	1.0000	0.8853	0.0000	0.8883
1921	1.0000	0.8842	0.0000	0.8891
1922	1.0000	0.8641	0.0000	0.8900
1923	1.0000	0.8790	0.0000	0.8908
1924	1.0000	0.9018	0.0000	0.8918
1925	1.0000	0.8652	0.0000	0.8926
1926	1.0000	0.8774	0.0000	0.8935
1927	1.0000	0.8664	0.0000	0.8944
1928	1.0000	0.9067	0.0000	0.8954
1929	1.0000	0.9001	0.0000	0.8964
1930	1.0000	0.8902	0.0000	0.8973
1931	1.0000	0.9147	0.0000	0.8983
1932	1.0000	0.8646	0.0000	0.8991
1933	1.0000	0.8736	0.0000	0.9001
1934	1.0000	0.8510	0.0000	0.9008
1935	1.0000	0.8817	0.0000	0.9015
1936	1.0000	0.8716	0.0000	0.9024
1937	1.0000	0.8830	0.0000	0.9032
1938	1.0000	0.9126	0.0000	0.9040
1939	1.0000	0.8766	0.0000	0.9047
1940	1.0000	0.8988	0.0000	0.9055
1941	1.0000	0.8949	0.0000	0.9063
1942	1.0000	0.8719	0.0000	0.9072
1943	1.0000	0.8963	0.0000	0.9081
1944	1.0000	0.8803	0.0000	0.9090
1945	1.0000	0.9063	0.0000	0.9098
1946	1.0000	0.9034	0.0000	0.9108
1947	1.0000	0.9009	0.0000	0.9117
1948	1.0000	0.8626	0.0000	0.9126
1949	1.0000	0.9182	0.0000	0.9135
1950	1.0000	0.9127	0.0000	0.9144
1951	1.0000	0.9081	0.0000	0.9154
1952	1.0000	0.8787	0.0000	0.9163
1953	1.0000	0.9006	0.0000	0.9171
1954	1.0000	0.9401	0.0000	0.9180
1955	1.0000	0.9174	0.0000	0.9188
1956	1.0000	0.8995	0.0000	0.9196
1957	1.0000	0.9196	0.0000	0.9204
1958	1.0000	0.9450	0.0000	0.9213
1959	1.0000	0.9448	0.0000	0.9223
1960	1.0000	0.9379	0.0000	0.9232
1961	1.0000	0.9048	0.0000	0.9241
1962	1.0000	0.9188	0.0000	0.9249
1963	1.0000	0.9187	0.0000	0.9256
1964	1.0000	0.9154	0.0000	0.9262
1965	1.0000	0.9043	0.0000	0.9268
1966	1.0000	0.9041	0.0000	0.9274
1967	1.0000	0.8995	0.0000	0.9280
1968	1.0000	0.9092	0.0000	0.9286
1969	1.0000	0.9319	0.0000	0.9291
1970	1.0000	0.9379	0.0000	0.9297
1971	1.0000	0.8962	0.0000	0.9304
1972	1.0000	0.9019	0.0000	0.9310
1973	1.0000	0.9107	0.0000	0.9317
1974	1.0000	0.9074	0.0000	0.9324
1975	1.0000	0.9118	0.0000	0.9331
1976	1.0000	0.8908	0.0000	0.9339
1977	1.0000	0.9088	0.0000	0.9347
1978	1.0000	0.8747	0.0000	0.9354
1979	1.0000	0.9243	0.0000	0.9361
1980	1.0000	0.9165	0.0000	0.9369
1981	1.0000	0.8924	0.0000	0.9376
1982	1.0000	0.8892	0.0000	0.9385
1983	1.0000	0.8422	0.0000	0.9392
1984	1.0000	0.8552	0.0000	0.9401
1985	1.0000	0.8079	0.0000	0.9408
1986	1.0000	0.8822	0.0000	0.9415
1987	1.0000	0.8582	0.0000	0.9422
1988	1.0000	0.8491	0.0000	0.9430
1989	1.0000	0.8969	0.0000	0.9437
1990	1.0000	0.8867	0.0000	0.9444
1991	1.0000	0.8876	0.0000	0.9453
1992	1.0000	0.9189	0.0000	0.9460
1993	1.0000	0.8637	0.0000	0.9468
1994	1.0000	0.8796	0.0000	0.9476
1995	1.0000	0.9100	0.0000	0.9485
1996	1.0000	0.9140	0.0000	0.9494
1997	1.0000	0.8796	0.0000	0.9504
1998	1.0000	0.8497	0.0000	0.9510
1999	1.0000	0.8674	0.0000	0.9519
2000	1.0000	0.8731	0.0000	0.9525
2001	1.0000	0.8500	0.0000	0.9533
2002	1.0000	0.9000	0.0000	0.9540
2003	1.0000	0.8790	0.0000	0.9546
2004	1.0000	0.8764	0.0000	0.9553
2005	1.0000	0.9007	0.0000	0.9559
2006	1.0000	0.9146	0.0000	0.9566
2007	1.0000	0.9128	0.0000	0.9573
2008	1.0000	0.9014	0.0000	0.9580
2009	1.0000	0.8857	0.0000	0.9588
2010	1.0000	0.8511	0.0000	0.9594
2011	1.0000	0.8548	0.0000	0.9601
2012	1.0000	0.8809	0.0000	0.9608
2013	1.0000	0.8496	0.0000	0.9614
2014	1.0000	0.8709	0.0000	0.9620
2015	1.0000	0.8751	0.0000	0.9628
2016	1.0000	0.8735	0.0000	0.9634
2017	1.0000	0.9092	0.0000	0.9641
2018	1.0000	0.8590	0.0000	0.9646
2019	1.0000	0.8829	0.0000	0.9653
2020	1.0000	0.8945	0.0000	0.9659
2021	1.0000	0.9150	0.0000	0.9665
2022	1.0000	0.9007	0.0000	0.9671
2023	1.0000	0.9288	0.0000	0.9678
2024	1.0000	0.8838	0.0000	0.9685
2025	1.0000	0.8968	0.0000	0.9692
2026	1.0000	0.9199	0.0000	0.9699
2027	1.0000	0.9033	0.0000	0.9706
2028	1.0000	0.9090	0.0000	0.9713
2029	1.0000	0.9098	0.0000	0.9721
2030	1.0000	0.9272	0.0000	0.9729
2031	1.0000	0.9035	0.0000	0.9738
2032	1.0000	0.9190	0.0000	0.9748
2033	1.0000	0.8768	0.0000	0.9756
2034	1.0000	0.9048	0.0000	0.9763
2035	1.0000	0.9123	0.0000	0.9772
2036	1.0000	0.9348	0.0000	0.9780
2037	1.0000	0.9166	0.0000	0.9788
2038	1.0000	0.9118	0.0000	0.9796
2039	1.0000	0.8899	0.0000	0.9803
2040	1.0000	0.9055	0.0000	0.9810
2041	1.0000	0.9222	0.0000	0.9818
2042	1.0000	0.9225	0.0000	0.9825
2043	1.0000	0.9286	0.0000	0.9833
2044	1.0000	0.8988	0.0000	0.9841
2045	1.0000	0.9062	0.0000	0.9848
2046	1.0000	0.9016	0.0000	0.9855
2047	1.0000	0.8974	0.0000	0.9861
2048	1.0000	0.9272	0.0000	0.9869
2049	1.0000	0.9174	0.0000	0.9877
2050	1.0000	0.9170	0.0000	0.9885
2051	1.0000	0.9126	0.0000	0.9893
2052	1.0000	0.9052	0.0000	0.9902
2053	1.0000	0.9065	0.0000	0.9910
2054	1.0000	0.9135	0.0000	0.9917
2055	1.0000	0.9337	0.0000	0.9924
2056	1.0000	0.9107	0.0000	0.9932
2057	1.0000	0.8906	0.0000	0.9939
2058	1.0000	0.9126	0.0000	0.9947
2059	1.0000	0.9284	0.0000	0.9956
2060	1.0000	0.8950	0.0000	0.9965
2061	1.0000	0.9241	0.0000	0.9977
2062	1.0000	0.9301	0.0000	0.9987
2063	1.0000	0.8989	0.0000	0.9997
2064	1.0000	0.9175	0.0000	1.0008
2065	1.0000	0.9205	0.0000	1.0019
2066	1.0000	0.9413	0.0000	1.0029
2067	1.0000	0.9184	0.0000	1.0039
2068	1.0000	0.9283	0.0000	1.0049
2069	1.0000	0.9421	0.0000	1.0058
2070	1.0000	0.9278	0.0000	1.0068
2071	1.0000	0.8541	0.0000	1.0075
2072	1.0000	0.8539	0.0000	1.0082
2073	1.0000	0.8854	0.0000	1.0089
2074	1.0000	0.8714	0.0000	1.0097
2075	1.0000	0.8996	0.0000	1.0106
2076	1.0000	0.8689	0.0000	1.0113
2077	1.0000	0.8781	0.0000	1.0121
2078	1.0000	0.9125	0.0000	1.0128
2079	1.0000	0.9082	0.0000	1.0136
2080	1.0000	0.8962	0.0000	1.0143
2081	1.0000	0.8943	0.0000	1.0151
2082	1.0000	0.8714	0.0000	1.0157
2083	1.0000	0.8694	0.0000	1.0164
2084	1.0000	0.9035	0.0000	1.0171
2085	1.0000	0.8781	0.0000	1.0179
2086	1.0000	0.9079	0.0000	1.0187
2087	1.0000	0.9161	0.0000	1.0194
2088	1.0000	0.9112	0.0000	1.0201
2089	1.0000	0.9240	0.0000	1.0209
2090	1.0000	0.9305	0.0000	1.0217
2091	1.0000	0.9386	0.0000	1.0226
2092	1.0000	0.9372	0.0000	1.0235
2093	1.0000	0.9251	0.0000	1.0244
2094	1.0000	0.9265	0.0000	1.0255
2095	1.0000	0.8845	0.0000	1.0264
2096	1.0000	0.9242	0.0000	1.0273
2097	1.0000	0.9458	0.0000	1.0281
2098	1.0000	0.9041	0.0000	1.0290
2099	1.0000	0.9352	0.0000	1.0300
2100	1.0000	0.8957	0.0000	1.0309
2101	1.0000	0.8851	0.0000	1.0318
2102	1.0000	0.9251	0.0000	1.0326
2103	1.0000	0.9292	0.0000	1.0335
2104	1.0000	0.9170	0.0000	1.0344
2105	1.0000	0.9111	0.0000	1.0355
2106	1.0000	0.9023	0.0000	1.0363
2107	1.0000	0.9083	0.0000	1.0371
2108	1.0000	0.8844	0.0000	1.0379
2109	1.0000	0.8802	0.0000	1.0386
2110	1.0000	0.8673	0.0000	1.0392
2111	1.0000	0.8512	0.0000	1.0401
2112	1.0000	0.8670	0.0000	1.0407
2113	1.0000	0.8831	0.0000	1.0415
2114	1.0000	0.8632	0.0000	1.0423
2115	1.0000	0.8693	0.0000	1.0430
2116	1.0000	0.9010	0.0000	1.0439
2117	1.0000	0.8974	0.0000	1.0449
2118	1.0000	0.8718	0.0000	1.0457
2119	1.0000	0.8477	0.0000	1.0466
2120	1.0000	0.9140	0.0000	1.0475
2121	1.0000	0.9166	0.0000	1.0483
2122	1.0000	0.8886	0.0000	1.0491
2123	1.0000	0.8569	0.0000	1.0498
2124	1.0000	0.8930	0.0000	1.0506
2125	1.0000	0.9260	0.0000	1.0515
2126	1.0000	0.8908	0.0000	1.0523
2127	1.0000	0.8921	0.0000	1.0532
2128	1.0000	0.9181	0.0000	1.0542
2129	1.0000	0.8959	0.0000	1.0552
2130	1.0000	0.8999	0.0000	1.0560
2131	1.0000	0.9345	0.0000	1.0569
2132	1.0000	0.9029	0.0000	1.0577
2133	1.0000	0.9014	0.0000	1.0588
2134	1.0000	0.9015	0.0000	1.0601
2135	1.0000	0.9132	0.0000	1.0612
2136	1.0000	0.9154	0.0000	1.0621
2137	1.0000	0.9084	0.0000	1.0630
2138	1.0000	0.8758	0.0000	1.0637
2139	1.0000	0.8820	0.0000	1.0643
2140	1.0000	0.8763	0.0000	1.0650
2141	1.0000	0.8872	0.0000	1.0656
2142	1.0000	0.8948	0.0000	1.0663
2143	1.0000	0.9104	0.0000	1.0671
2144	1.0000	0.9163	0.0000	1.0680
2145	1.0000	0.8913	0.0000	1.0690
2146	1.0000	0.8601	0.0000	1.0697
2147	1.0000	0.8802	0.0000	1.0704
2148	1.0000	0.8830	0.0000	1.0712
2149	1.0000	0.9145	0.0000	1.0720
2150	1.0000	0.9090	0.0000	1.0728
2151	1.0000	0.9225	0.0000	1.0736
2152	1.0000	0.9465	0.0000	1.0743
2153	1.0000	0.8908	0.0000	1.0750
2154	1.0000	0.9209	0.0000	1.0758
2155	1.0000	0.9181	0.0000	1.0764
2156	1.0000	0.8917	0.0000	1.0772
2157	1.0000	0.9354	0.0000	1.0779
2158	1.0000	0.9368	0.0000	1.0787
2159	1.0000	0.9040	0.0000	1.0795
2160	1.0000	0.9329	0.0000	1.0803
2161	1.0000	0.9471	0.0000	1.0811
2162	1.0000	0.9289	0.0000	1.0820
2163	1.0000	0.9253	0.0000	1.0832
2164	1.0000	0.9098	0.0000	1.0840
2165	1.0000	0.9507	0.0000	1.0845
2166	1.0000	0.9351	0.0000	1.0852
2167	1.0000	0.8926	0.0000	1.0861
2168	1.0000	0.9436	0.0000	1.0869
2169	1.0000	0.9467	0.0000	1.0877
2170	1.0000	0.9367	0.0000	1.0889
2171	1.0000	0.9063	0.0000	1.0900
2172	1.0000	0.9476	0.0000	1.0909
2173	1.0000	0.9187	0.0000	1.0918
2174	1.0000	0.9070	0.0000	1.0925
2175	1.0000	0.9065	0.0000	1.0931
2176	1.0000	0.8824	0.0000	1.0938
2177	1.0000	0.8569	0.0000	1.0943
2178	1.0000	0.8927	0.0000	1.0949
2179	1.0000	0.8918	0.0000	1.0954
2180	1.0000	0.9270	0.0000	1.0959
2181	1.0000	0.9000	0.0000	1.0965
2182	1.0000	0.9088	0.0000	1.0970
2183	1.0000	0.8991	0.0000	1.0976
2184	1.0000	0.9145	0.0000	1.0982
2185	1.0000	0.9160	0.0000	1.0990
2186	1.0000	0.9065	0.0000	1.0997
2187	1.0000	0.9240	0.0000	1.1004
2188	1.0000	0.8972	0.0000	1.1010
2189	1.0000	0.9408	0.0000	1.1016
2190	1.0000	0.9298	0.0000	1.1023
2191	1.0000	0.8896	0.0000	1.1029
2192	1.0000	0.9406	0.0000	1.1036
2193	1.0000	0.9225	0.0000	1.1044
2194	1.0000	0.9004	0.0000	1.1050
2195	1.0000	0.8830	0.0000	1.1056
2196	1.0000	0.9039	0.0000	1.1061
2197	1.0000	0.8784	0.0000	1.1065
2198	1.0000	0.8446	0.0000	1.1070
2199	1.0000	0.8607	0.0000	1.1076
2200	1.0000	0.8969	0.0000	1.1084
2201	1.0000	0.8973	0.0000	1.1092
2202	1.0000	0.8594	0.0000	1.1099
2203	1.0000	0.8946	0.0000	1.1107
2204	1.0000	0.8897	0.0000	1.1114
2205	1.0000	0.9137	0.0000	1.1122
2206	1.0000	0.9097	0.0000	1.1129
2207	1.0000	0.8565	0.0000	1.1137
2208	1.0000	0.8708	0.0000	1.1143
2209	1.0000	0.9017	0.0000	1.1151
2210	1.0000	0.9051	0.0000	1.1158
2211	1.0000	0.9266	0.0000	1.1166
2212	1.0000	0.9040	0.0000	1.1172
2213	1.0000	0.8921	0.0000	1.1178
2214	1.0000	0.8999	0.0000	1.1185
2215	1.0000	0.9131	0.0000	1.1191
2216	1.0000	0.8958	0.0000	1.1195
2217	1.0000	0.8812	0.0000	1.1200
2218	1.0000	0.9142	0.0000	1.1205
2219	1.0000	0.9255	0.0000	1.1210
2220	1.0000	0.9416	0.0000	1.1215
2221	1.0000	0.9200	0.0000	1.1219
2222	1.0000	0.9130	0.0000	1.1224
2223	1.0000	0.9388	0.0000	1.1229
2224	1.0000	0.9324	0.0000	1.1236
2225	1.0000	0.9253	0.0000	1.1243
2226	1.0000	0.8994	0.0000	1.1250
2227	1.0000	0.8784	0.0000	1.1257
2228	1.0000	0.8928	0.0000	1.1263
2229	1.0000	0.8951	0.0000	1.1270
2230	1.0000	0.8764	0.0000	1.1276
2231	1.0000	0.8574	0.0000	1.1281
2232	1.0000	0.8736	0.0000	1.1287
2233	1.0000	0.9001	0.0000	1.1292
2234	1.0000	0.8883	0.0000	1.1298
2235	1.0000	0.8481	0.0000	1.1305
2236	1.0000	0.8510	0.0000	1.1313
2237	1.0000	0.8369	0.0000	1.1321
2238	1.0000	0.9058	0.0000	1.1331
2239	1.0000	0.8774	0.0000	1.1339
2240	1.0000	0.8746	0.0000	1.1346
2241	1.0000	0.8443	0.0000	1.1352
2242	1.0000	0.9017	0.0000	1.1358
2243	1.0000	0.8696	0.0000	1.1363
2244	1.0000	0.8441	0.0000	1.1368
2245	1.0000	0.8675	0.0000	1.1374
2246	1.0000	0.8509	0.0000	1.1380
2247	1.0000	0.8603	0.0000	1.1385
2248	1.0000	0.8195	0.0000	1.1391
2249	1.0000	0.8922	0.0000	1.1399
2250	1.0000	0.8713	0.0000	1.1408
2251	1.0000	0.8646	0.0000	1.1422
2252	1.0000	0.8384	0.0000	1.1432
2253	1.0000	0.8774	0.0000	1.1440
2254	1.0000	0.8306	0.0000	1.1447
2255	1.0000	0.8629	0.0000	1.1453
2256	1.0000	0.8727	0.0000	1.1459
2257	1.0000	0.8532	0.0000	1.1467
2258	1.0000	0.8708	0.0000	1.1474
2259	1.0000	0.8952	0.0000	1.1481
2260	1.0000	0.8759	0.0000	1.1489
2261	1.0000	0.8617	0.0000	1.1496
2262	1.0000	0.8497	0.0000	1.1504
2263	1.0000	0.8830	0.0000	1.1511
2264	1.0000	0.9226	0.0000	1.1519
2265	1.0000	0.8837	0.0000	1.1529
2266	1.0000	0.8891	0.0000	1.1537
2267	1.0000	0.9114	0.0000	1.1546
2268	1.0000	0.9178	0.0000	1.1555
2269	1.0000	0.9280	0.0000	1.1563
2270	1.0000	0.9215	0.0000	1.1570
2271	1.0000	0.8644	0.0000	1.1576
2272	1.0000	0.8547	0.0000	1.1582
2273	1.0000	0.8858	0.0000	1.1587
2274	1.0000	0.8670	0.0000	1.1593
2275	1.0000	0.8881	0.0000	1.1600
2276	1.0000	0.9225	0.0000	1.1606
2277	1.0000	0.8833	0.0000	1.1614
2278	1.0000	0.9122	0.0000	1.1621
2279	1.0000	0.8906	0.0000	1.1629
2280	1.0000	0.8874	0.0000	1.1635
2281	1.0000	0.9126	0.0000	1.1641
2282	1.0000	0.8720	0.0000	1.1647
2283	1.0000	0.9055	0.0000	1.1652
2284	1.0000	0.9282	0.0000	1.1659
2285	1.0000	0.9288	0.0000	1.1664
2286	1.0000	0.9307	0.0000	1.1669
2287	1.0000	0.9024	0.0000	1.1675
2288	1.0000	0.9188	0.0000	1.1680
2289	1.0000	0.9280	0.0000	1.1684
2290	1.0000	0.9260	0.0000	1.1689
2291	1.0000	0.9293	0.0000	1.1693
2292	1.0000	0.9255	0.0000	1.1698
2293	1.0000	0.9330	0.0000	1.1704
2294	1.0000	0.9194	0.0000	1.1709
2295	1.0000	0.9405	0.0000	1.1715
2296	1.0000	0.9404	0.0000	1.1720
2297	1.0000	0.9339	0.0000	1.1726
2298	1.0000	0.8964	0.0000	1.1732
2299	1.0000	0.9123	0.0000	1.1737
2300	1.0000	0.9009	0.0000	1.1743
2301	1.0000	0.9172	0.0000	1.1748
2302	1.0000	0.9219	0.0000	1.1753
2303	1.0000	0.9488	0.0000	1.1758
2304	1.0000	0.9463	0.0000	1.1765
2305	1.0000	0.8905	0.0000	1.1772
2306	1.0000	0.9354	0.0000	1.1778
2307	1.0000	0.9082	0.0000	1.1784
2308	1.0000	0.8891	0.0000	1.1790
2309	1.0000	0.8650	0.0000	1.1796
2310	1.0000	0.9287	0.0000	1.1803
2311	1.0000	0.8672	0.0000	1.1807
2312	1.0000	0.8882	0.0000	1.1811
2313	1.0000	0.8555	0.0000	1.1814
2314	1.0000	0.8978	0.0000	1.1818
2315	1.0000	0.8747	0.0000	1.1822
2316	1.0000	0.9065	0.0000	1.1825
2317	1.0000	0.9086	0.0000	1.1828
2318	1.0000	0.9399	0.0000	1.1832
2319	1.0000	0.9134	0.0000	1.1837
2320	1.0000	0.9059	0.0000	1.1841
2321	1.0000	0.9398	0.0000	1.1846
2322	1.0000	0.9188	0.0000	1.1852
2323	1.0000	0.9301	0.0000	1.1857
2324	1.0000	0.9510	0.0000	1.1863
2325	1.0000	0.9211	0.0000	1.1868
2326	1.0000	0.9368	0.0000	1.1874
2327	1.0000	0.9277	0.0000	1.1879
2328	1.0000	0.9202	0.0000	1.1885
2329	1.0000	0.9417	0.0000	1.1890
2330	1.0000	0.9061	0.0000	1.1896
2331	1.0000	0.9108	0.0000	1.1901
2332	1.0000	0.9182	0.0000	1.1907
2333	1.0000	0.9220	0.0000	1.1914
2334	1.0000	0.8986	0.0000	1.1920
2335	1.0000	0.8946	0.0000	1.1926
2336	1.0000	0.8878	0.0000	1.1932
2337	1.0000	0.9114	0.0000	1.1937
2338	1.0000	0.9470	0.0000	1.1942
2339	1.0000	0.9306	0.0000	1.1946
2340	1.0000	0.9528	0.0000	1.1951
2341	1.0000	0.9641	0.0000	1.1956
2342	1.0000	0.9443	0.0000	1.1961
2343	1.0000	0.9335	0.0000	1.1966
2344	1.0000	0.9382	0.0000	1.1972
2345	1.0000	0.9435	0.0000	1.1978
2346	1.0000	0.9517	0.0000	1.1983
2347	1.0000	0.9318	0.0000	1.1987
2348	1.0000	0.9569	0.0000	1.1991
2349	1.0000	0.9391	0.0000	1.1997
2350	1.0000	0.9561	0.0000	1.2003
2351	1.0000	0.9564	0.0000	1.2008
2352	1.0000	0.9620	0.0000	1.2014
2353	1.0000	0.9677	0.0000	1.2019
2354	1.0000	0.9550	0.0000	1.2024
2355	1.0000	0.9640	0.0000	1.2029
2356	1.0000	0.9621	0.0000	1.2035
2357	1.0000	0.9738	0.0000	1.2040
2358	1.0000	0.9587	0.0000	1.2046
2359	1.0000	0.9596	0.0000	1.2052
2360	1.0000	0.9118	0.0000	1.2058
2361	1.0000	0.9674	0.0000	1.2066
2362	1.0000	0.9382	0.0000	1.2073
2363	1.0000	0.8982	0.0000	1.2079
2364	1.0000	0.9341	0.0000	1.2086
2365	1.0000	0.9241	0.0000	1.2094
2366	1.0000	0.9404	0.0000	1.2101
2367	1.0000	0.9347	0.0000	1.2108
2368	1.0000	0.9320	0.0000	1.2117
2369	1.0000	0.9380	0.0000	1.2126
2370	1.0000	0.9544	0.0000	1.2135
2371	1.0000	0.8605	0.0000	1.2143
2372	1.0000	0.8665	0.0000	1.2151
2373	1.0000	0.8843	0.0000	1.2159
2374	1.0000	0.8579	0.0000	1.2168
2375	1.0000	0.8593	0.0000	1.2176
2376	1.0000	0.8546	0.0000	1.2184
2377	1.0000	0.8470	0.0000	1.2193
2378	1.0000	0.8766	0.0000	1.2201
2379	1.0000	0.9073	0.0000	1.2212
2380	1.0000	0.8789	0.0000	1.2221
2381	1.0000	0.8203	0.0000	1.2229
2382	1.0000	0.8672	0.0000	1.2237
2383	1.0000	0.8856	0.0000	1.2243
2384	1.0000	0.8764	0.0000	1.2250
2385	1.0000	0.8894	0.0000	1.2256
2386	1.0000	0.8764	0.0000	1.2263
2387	1.0000	0.8611	0.0000	1.2270
2388	1.0000	0.9024	0.0000	1.2277
2389	1.0000	0.8588	0.0000	1.2282
2390	1.0000	0.9143	0.0000	1.2288
2391	1.0000	0.9181	0.0000	1.2294
2392	1.0000	0.9141	0.0000	1.2301
2393	1.0000	0.9021	0.0000	1.2309
2394	1.0000	0.8427	0.0000	1.2316
2395	1.0000	0.8798	0.0000	1.2323
2396	1.0000	0.8924	0.0000	1.2330
2397	1.0000	0.8807	0.0000	1.2339
2398	1.0000	0.8752	0.0000	1.2347
2399	1.0000	0.8340	0.0000	1.2355
2400	1.0000	0.8615	0.0000	1.2362
2401	1.0000	0.9030	0.0000	1.2369
2402	1.0000	0.8806	0.0000	1.2376
2403	1.0000	0.8666	0.0000	1.2384
2404	1.0000	0.8950	0.0000	1.2391
2405	1.0000	0.8994	0.0000	1.2398
2406	1.0000	0.9021	0.0000	1.2405
2407	1.0000	0.8926	0.0000	1.2413
2408	1.0000	0.9012	0.0000	1.2420
2409	1.0000	0.9086	0.0000	1.2428
2410	1.0000	0.8639	0.0000	1.2436
2411	1.0000	0.8955	0.0000	1.2444
2412	1.0000	0.9028	0.0000	1.2451
2413	1.0000	0.8791	0.0000	1.2459
2414	1.0000	0.9011	0.0000	1.2467
2415	1.0000	0.9043	0.0000	1.2475
2416	1.0000	0.9059	0.0000	1.2482
2417	1.0000	0.9043	0.0000	1.2490
2418	1.0000	0.9037	0.0000	1.2499
2419	1.0000	0.9413	0.0000	1.2508
2420	1.0000	0.8901	0.0000	1.2516
2421	1.0000	0.9009	0.0000	1.2524
2422	1.0000	0.8880	0.0000	1.2532
2423	1.0000	0.9106	0.0000	1.2541
2424	1.0000	0.9258	0.0000	1.2550
2425	1.0000	0.8829	0.0000	1.2558
2426	1.0000	0.8867	0.0000	1.2566
2427	1.0000	0.8427	0.0000	1.2575
2428	1.0000	0.8612	0.0000	1.2583
2429	1.0000	0.8765	0.0000	1.2590
2430	1.0000	0.8868	0.0000	1.2598
2431	1.0000	0.8948	0.0000	1.2606
2432	1.0000	0.8804	0.0000	1.2612
2433	1.0000	0.8927	0.0000	1.2619
2434	1.0000	0.8985	0.0000	1.2627
2435	1.0000	0.8529	0.0000	1.2634
2436	1.0000	0.9116	0.0000	1.2642
2437	1.0000	0.9079	0.0000	1.2649
2438	1.0000	0.8525	0.0000	1.2655
2439	1.0000	0.8810	0.0000	1.2660
2440	1.0000	0.8691	0.0000	1.2666
2441	1.0000	0.9032	0.0000	1.2671
2442	1.0000	0.8802	0.0000	1.2675
2443	1.0000	0.8754	0.0000	1.2680
2444	1.0000	0.8672	0.0000	1.2686
2445	1.0000	0.8861	0.0000	1.2693
2446	1.0000	0.8874	0.0000	1.2699
2447	1.0000	0.8977	0.0000	1.2705
2448	1.0000	0.9009	0.0000	1.2710
2449	1.0000	0.9196	0.0000	1.2715
2450	1.0000	0.8744	0.0000	1.2719
2451	1.0000	0.9254	0.0000	1.2725
2452	1.0000	0.9417	0.0000	1.2731
2453	1.0000	0.9161	0.0000	1.2738
2454	1.0000	0.9482	0.0000	1.2745
2455	1.0000	0.9290	0.0000	1.2751
2456	1.0000	0.9375	0.0000	1.2757
2457	1.0000	0.9187	0.0000	1.2762
2458	1.0000	0.9218	0.0000	1.2767
2459	1.0000	0.9317	0.0000	1.2772
2460	1.0000	0.9229	0.0000	1.2778
2461	1.0000	0.9303	0.0000	1.2783
2462	1.0000	0.9043	0.0000	1.2790
2463	1.0000	0.9379	0.0000	1.2796
2464	1.0000	0.8797	0.0000	1.2802
2465	1.0000	0.8921	0.0000	1.2807
2466	1.0000	0.9010	0.0000	1.2813
2467	1.0000	0.9074	0.0000	1.2819
2468	1.0000	0.9100	0.0000	1.2825
2469	1.0000	0.8850	0.0000	1.2832
2470	1.0000	0.9099	0.0000	1.2838
2471	1.0000	0.8973	0.0000	1.2844
2472	1.0000	0.9511	0.0000	1.2850
2473	1.0000	0.9337	0.0000	1.2856
2474	1.0000	0.9194	0.0000	1.2862
2475	1.0000	0.9400	0.0000	1.2869
2476	1.0000	0.8967	0.0000	1.2875
2477	1.0000	0.9192	0.0000	1.2881
2478	1.0000	0.9313	0.0000	1.2887
2479	1.0000	0.9264	0.0000	1.2894
2480	1.0000	0.9102	0.0000	1.2901
2481	1.0000	0.9361	0.0000	1.2907
2482	1.0000	0.8850	0.0000	1.2913
2483	1.0000	0.9076	0.0000	1.2921
2484	1.0000	0.9143	0.0000	1.2928
2485	1.0000	0.9096	0.0000	1.2936
2486	1.0000	0.9088	0.0000	1.2945
2487	1.0000	0.9003	0.0000	1.2952
2488	1.0000	0.9074	0.0000	1.2960
2489	1.0000	0.8823	0.0000	1.2968
2490	1.0000	0.8942	0.0000	1.2975
2491	1.0000	0.9046	0.0000	1.2983
2492	1.0000	0.9229	0.0000	1.2990
2493	1.0000	0.9150	0.0000	1.2998
2494	1.0000	0.9089	0.0000	1.3004
2495	1.0000	0.9245	0.0000	1.3012
2496	1.0000	0.8787	0.0000	1.3020
2497	1.0000	0.8975	0.0000	1.3028
2498	1.0000	0.9511	0.0000	1.3036
2499	1.0000	0.8931	0.0000	1.3045
2500	1.0000	0.8942	0.0000	1.3053
2501	1.0000	0.8851	0.0000	1.3062
2502	1.0000	0.8961	0.0000	1.3070
2503	1.0000	0.9054	0.0000	1.3079
2504	1.0000	0.9136	0.0000	1.3090
2505	1.0000	0.9078	0.0000	1.3101
2506	1.0000	0.8924	0.0000	1.3110
2507	1.0000	0.9248	0.0000	1.3117
2508	1.0000	0.9135	0.0000	1.3124
2509	1.0000	0.9301	0.0000	1.3132
2510	1.0000	0.9227	0.0000	1.3138
2511	1.0000	0.9530	0.0000	1.3146
2512	1.0000	0.9145	0.0000	1.3152
2513	1.0000	0.8972	0.0000	1.3159
2514	1.0000	0.9068	0.0000	1.3166
2515	1.0000	0.9325	0.0000	1.3172
2516	1.0000	0.8956	0.0000	1.3178
2517	1.0000	0.8897	0.0000	1.3184
2518	1.0000	0.8794	0.0000	1.3190
2519	1.0000	0.8811	0.0000	1.3197
2520	1.0000	0.8955	0.0000	1.3204
2521	1.0000	0.9051	0.0000	1.3211
2522	1.0000	0.9080	0.0000	1.3218
2523	1.0000	0.9013	0.0000	1.3223
2524	1.0000	0.8938	0.0000	1.3228
2525	1.0000	0.8951	0.0000	1.3234
2526	1.0000	0.9473	0.0000	1.3242
2527	1.0000	0.8855	0.0000	1.3249
2528	1.0000	0.8578	0.0000	1.3255
2529	1.0000	0.8594	0.0000	1.3261
2530	1.0000	0.9015	0.0000	1.3268
2531	1.0000	0.9160	0.0000	1.3275
2532	1.0000	0.8614	0.0000	1.3281
2533	1.0000	0.8780	0.0000	1.3288
2534	1.0000	0.8616	0.0000	1.3295
2535	1.0000	0.8824	0.0000	1.3303
2536	1.0000	0.8837	0.0000	1.3313
2537	1.0000	0.8744	0.0000	1.3325
2538	1.0000	0.8925	0.0000	1.3333
2539	1.0000	0.8807	0.0000	1.3340
2540	1.0000	0.9018	0.0000	1.3346
2541	1.0000	0.9113	0.0000	1.3351
2542	1.0000	0.8831	0.0000	1.3361
2543	1.0000	0.9114	0.0000	1.3369
2544	1.0000	0.9101	0.0000	1.3377
2545	1.0000	0.9201	0.0000	1.3385
2546	1.0000	0.8739	0.0000	1.3390
2547	1.0000	0.8519	0.0000	1.3396
2548	1.0000	0.9115	0.0000	1.3400
2549	1.0000	0.9110	0.0000	1.3405
2550	1.0000	0.8919	0.0000	1.3409
2551	1.0000	0.9172	0.0000	1.3413
2552	1.0000	0.9093	0.0000	1.3418
2553	1.0000	0.9040	0.0000	1.3422
2554	1.0000	0.8875	0.0000	1.3427
2555	1.0000	0.8869	0.0000	1.3431
2556	1.0000	0.8977	0.0000	1.3435
2557	1.0000	0.9316	0.0000	1.3439
2558	1.0000	0.9317	0.0000	1.3443
2559	1.0000	0.9218	0.0000	1.3447
2560	1.0000	0.9258	0.0000	1.3451
2561	1.0000	0.9231	0.0000	1.3456
2562	1.0000	0.9442	0.0000	1.3460
2563	1.0000	0.8831	0.0000	1.3465
2564	1.0000	0.9441	0.0000	1.3469
2565	1.0000	0.9182	0.0000	1.3473
2566	1.0000	0.9378	0.0000	1.3478
2567	1.0000	0.9456	0.0000	1.3482
2568	1.0000	0.9143	0.0000	1.3487
2569	1.0000	0.9402	0.0000	1.3492
2570	1.0000	0.9029	0.0000	1.3497
2571	1.0000	0.9277	0.0000	1.3502
2572	1.0000	0.9320	0.0000	1.3507
2573	1.0000	0.9384	0.0000	1.3513
2574	1.0000	0.9267	0.0000	1.3519
2575	1.0000	0.9417	0.0000	1.3523
2576	1.0000	0.9213	0.0000	1.3528
2577	1.0000	0.9354	0.0000	1.3533
2578	1.0000	0.9313	0.0000	1.3539
2579	1.0000	0.9052	0.0000	1.3545
2580	1.0000	0.9106	0.0000	1.3550
2581	1.0000	0.9484	0.0000	1.3555
2582	1.0000	0.9243	0.0000	1.3560
2583	1.0000	0.9303	0.0000	1.3563
2584	1.0000	0.9454	0.0000	1.3568
2585	1.0000	0.8761	0.0000	1.3571
2586	1.0000	0.9309	0.0000	1.3575
2587	1.0000	0.9304	0.0000	1.3578
2588	1.0000	0.9633	0.0000	1.3582
2589	1.0000	0.9413	0.0000	1.3587
2590	1.0000	0.9359	0.0000	1.3592
2591	1.0000	0.9087	0.0000	1.3598
2592	1.0000	0.9173	0.0000	1.3604
2593	1.0000	0.9321	0.0000	1.3610
2594	1.0000	0.9353	0.0000	1.3615
2595	1.0000	0.9315	0.0000	1.3621
2596	1.0000	0.9638	0.0000	1.3627
2597	1.0000	0.9734	0.0000	1.3631
2598	1.0000	0.9450	0.0000	1.3637
2599	1.0000	0.9466	0.0000	1.3642
2600	1.0000	0.9702	0.0000	1.3647
2601	1.0000	0.9480	0.0000	1.3652
2602	1.0000	0.9517	0.0000	1.3658
2603	1.0000	0.9524	0.0000	1.3664
2604	1.0000	0.9628	0.0000	1.3670
2605	1.0000	0.9273	0.0000	1.3675
2606	1.0000	0.9498	0.0000	1.3681
2607	1.0000	0.9325	0.0000	1.3686
2608	1.0000	0.9250	0.0000	1.3691
2609	1.0000	0.9597	0.0000	1.3697
2610	1.0000	0.9051	0.0000	1.3702
2611	1.0000	0.9289	0.0000	1.3706
2612	1.0000	0.9525	0.0000	1.3711
2613	1.0000	0.9453	0.0000	1.3716
2614	1.0000	0.9564	0.0000	1.3721
2615	1.0000	0.9256	0.0000	1.3725
2616	1.0000	0.9249	0.0000	1.3730
2617	1.0000	0.9542	0.0000	1.3737
2618	1.0000	0.9426	0.0000	1.3745
2619	1.0000	0.9376	0.0000	1.3752
2620	1.0000	0.8851	0.0000	1.3757
2621	1.0000	0.8681	0.0000	1.3761
2622	1.0000	0.8849	0.0000	1.3766
2623	1.0000	0.9007	0.0000	1.3771
2624	1.0000	0.9106	0.0000	1.3776
2625	1.0000	0.8998	0.0000	1.3781
2626	1.0000	0.8963	0.0000	1.3786
2627	1.0000	0.9002	0.0000	1.3790
2628	1.0000	0.9024	0.0000	1.3795
2629	1.0000	0.9424	0.0000	1.3800
2630	1.0000	0.9218	0.0000	1.3804
2631	1.0000	0.9568	0.0000	1.3810
2632	1.0000	0.9509	0.0000	1.3816
2633	1.0000	0.9059	0.0000	1.3823
2634	1.0000	0.9059	0.0000	1.3830
2635	1.0000	0.9515	0.0000	1.3837
2636	1.0000	0.9154	0.0000	1.3844
2637	1.0000	0.9437	0.0000	1.3851
2638	1.0000	0.9252	0.0000	1.3859
2639	1.0000	0.9099	0.0000	1.3867
2640	1.0000	0.8885	0.0000	1.3874
2641	1.0000	0.8995	0.0000	1.3881
2642	1.0000	0.8909	0.0000	1.3888
2643	1.0000	0.9011	0.0000	1.3896
2644	1.0000	0.9233	0.0000	1.3903
2645	1.0000	0.8986	0.0000	1.3909
2646	1.0000	0.9285	0.0000	1.3916
2647	1.0000	0.9053	0.0000	1.3923
2648	1.0000	0.9069	0.0000	1.3931
2649	1.0000	0.9048	0.0000	1.3940
2650	1.0000	0.9067	0.0000	1.3946
2651	1.0000	0.9405	0.0000	1.3953
2652	1.0000	0.9448	0.0000	1.3959
2653	1.0000	0.9249	0.0000	1.3966
2654	1.0000	0.9334	0.0000	1.3973
2655	1.0000	0.9037	0.0000	1.3981
2656	1.0000	0.9220	0.0000	1.3987
2657	1.0000	0.9105	0.0000	1.3994
2658	1.0000	0.9444	0.0000	1.4000
2659	1.0000	0.9227	0.0000	1.4006
2660	1.0000	0.9209	0.0000	1.4011
2661	1.0000	0.9252	0.0000	1.4017
2662	1.0000	0.9202	0.0000	1.4022
2663	1.0000	0.9238	0.0000	1.4026
2664	1.0000	0.9451	0.0000	1.4032
2665	1.0000	0.9054	0.0000	1.4036
2666	1.0000	0.9436	0.0000	1.4040
2667	1.0000	0.9354	0.0000	1.4045
2668	1.0000	0.9365	0.0000	1.4050
2669	1.0000	0.9329	0.0000	1.4055
2670	1.0000	0.9393	0.0000	1.4060
2671	1.0000	0.9415	0.0000	1.4064
2672	1.0000	0.9289	0.0000	1.4068
2673	1.0000	0.9457	0.0000	1.4073
2674	1.0000	0.9436	0.0000	1.4077
2675	1.0000	0.9593	0.0000	1.4081
2676	1.0000	0.9447	0.0000	1.4086
2677	1.0000	0.9311	0.0000	1.4089
2678	1.0000	0.9494	0.0000	1.4092
2679	1.0000	0.9579	0.0000	1.4096
2680	1.0000	0.9709	0.0000	1.4100
2681	1.0000	0.9545	0.0000	1.4104
2682	1.0000	0.9675	0.0000	1.4109
2683	1.0000	0.9169	0.0000	1.4116
2684	1.0000	0.9350	0.0000	1.4125
2685	1.0000	0.8795	0.0000	1.4129
2686	1.0000	0.9054	0.0000	1.4134
2687	1.0000	0.8871	0.0000	1.4138
2688	1.0000	0.9147	0.0000	1.4143
2689	1.0000	0.9295	0.0000	1.4147
2690	1.0000	0.9375	0.0000	1.4153
2691	1.0000	0.9400	0.0000	1.4159
2692	1.0000	0.9186	0.0000	1.4163
2693	1.0000	0.9352	0.0000	1.4169
2694	1.0000	0.9266	0.0000	1.4174
2695	1.0000	0.9150	0.0000	1.4179
2696	1.0000	0.9308	0.0000	1.4184
2697	1.0000	0.9360	0.0000	1.4190
2698	1.0000	0.9414	0.0000	1.4197
2699	1.0000	0.9286	0.0000	1.4207
2700	1.0000	0.8929	0.0000	1.4212
2701	1.0000	0.9286	0.0000	1.4218
2702	1.0000	0.9291	0.0000	1.4226
2703	1.0000	0.8984	0.0000	1.4232
2704	1.0000	0.8732	0.0000	1.4238
2705	1.0000	0.9000	0.0000	1.4245
2706	1.0000	0.9012	0.0000	1.4252
2707	1.0000	0.9130	0.0000	1.4259
2708	1.0000	0.9286	0.0000	1.4266
2709	1.0000	0.9174	0.0000	1.4273
2710	1.0000	0.9098	0.0000	1.4281
2711	1.0000	0.9200	0.0000	1.4289
2712	1.0000	0.9088	0.0000	1.4298
2713	1.0000	0.9037	0.0000	1.4306
2714	1.0000	0.8976	0.0000	1.4314
2715	1.0000	0.9086	0.0000	1.4323
2716	1.0000	0.9214	0.0000	1.4330
2717	1.0000	0.9333	0.0000	1.4336
2718	1.0000	0.9317	0.0000	1.4344
2719	1.0000	0.9219	0.0000	1.4351
2720	1.0000	0.9317	0.0000	1.4357
2721	1.0000	0.9339	0.0000	1.4362
2722	1.0000	0.8805	0.0000	1.4368
2723	1.0000	0.8543	0.0000	1.4373
2724	1.0000	0.9202	0.0000	1.4378
2725	1.0000	0.9059	0.0000	1.4383
2726	1.0000	0.9220	0.0000	1.4389
2727	1.0000	0.8978	0.0000	1.4395
2728	1.0000	0.8806	0.0000	1.4401
2729	1.0000	0.9206	0.0000	1.4407
2730	1.0000	0.8942	0.0000	1.4413
2731	1.0000	0.9174	0.0000	1.4419
2732	1.0000	0.9024	0.0000	1.4425
2733	1.0000	0.9032	0.0000	1.4432
2734	1.0000	0.9337	0.0000	1.4440
2735	1.0000	0.9076	0.0000	1.4447
2736	1.0000	0.9269	0.0000	1.4455
2737	1.0000	0.9104	0.0000	1.4463
2738	1.0000	0.9119	0.0000	1.4471
2739	1.0000	0.9012	0.0000	1.4479
2740	1.0000	0.9252	0.0000	1.4487
2741	1.0000	0.9083	0.0000	1.4495
2742	1.0000	0.9076	0.0000	1.4502
2743	1.0000	0.9216	0.0000	1.4509
2744	1.0000	0.9401	0.0000	1.4515
2745	1.0000	0.9223	0.0000	1.4522
2746	1.0000	0.9045	0.0000	1.4529
2747	1.0000	0.8668	0.0000	1.4538
2748	1.0000	0.9093	0.0000	1.4548
2749	1.0000	0.8837	0.0000	1.4556
2750	1.0000	0.9311	0.0000	1.4563
2751	1.0000	0.8927	0.0000	1.4570
2752	1.0000	0.8340	0.0000	1.4577
2753	1.0000	0.8624	0.0000	1.4583
2754	1.0000	0.8846	0.0000	1.4590
2755	1.0000	0.8668	0.0000	1.4598
2756	1.0000	0.8410	0.0000	1.4605
2757	1.0000	0.8664	0.0000	1.4610
2758	1.0000	0.8713	0.0000	1.4615
2759	1.0000	0.8492	0.0000	1.4619
2760	1.0000	0.8966	0.0000	1.4624
2761	1.0000	0.9165	0.0000	1.4628
2762	1.0000	0.9131	0.0000	1.4632
2763	1.0000	0.9048	0.0000	1.4636
2764	1.0000	0.9139	0.0000	1.4640
2765	1.0000	0.9029	0.0000	1.4644
2766	1.0000	0.9281	0.0000	1.4649
2767	1.0000	0.9351	0.0000	1.4656
2768	1.0000	0.9333	0.0000	1.4661
2769	1.0000	0.9266	0.0000	1.4667
2770	1.0000	0.9330	0.0000	1.4672
2771	1.0000	0.9556	0.0000	1.4678
2772	1.0000	0.9090	0.0000	1.4684
2773	1.0000	0.8801	0.0000	1.4690
2774	1.0000	0.8889	0.0000	1.4696
2775	1.0000	0.9373	0.0000	1.4702
2776	1.0000	0.9260	0.0000	1.4708
2777	1.0000	0.9112	0.0000	1.4714
2778	1.0000	0.8952	0.0000	1.4720
2779	1.0000	0.9198	0.0000	1.4726
2780	1.0000	0.9006	0.0000	1.4730
2781	1.0000	0.8990	0.0000	1.4735
2782	1.0000	0.9202	0.0000	1.4741
2783	1.0000	0.9039	0.0000	1.4746
2784	1.0000	0.8958	0.0000	1.4752
2785	1.0000	0.9318	0.0000	1.4759
2786	1.0000	0.9237	0.0000	1.4764
2787	1.0000	0.9018	0.0000	1.4770
2788	1.0000	0.9097	0.0000	1.4775
2789	1.0000	0.8912	0.0000	1.4781
2790	1.0000	0.9270	0.0000	1.4787
2791	1.0000	0.9154	0.0000	1.4794
2792	1.0000	0.9208	0.0000	1.4800
2793	1.0000	0.9075	0.0000	1.4806
2794	1.0000	0.9175	0.0000	1.4811
2795	1.0000	0.9229	0.0000	1.4816
2796	1.0000	0.9003	0.0000	1.4821
2797	1.0000	0.9284	0.0000	1.4826
2798	1.0000	0.9365	0.0000	1.4831
2799	1.0000	0.9395	0.0000	1.4835
Pos: [4.1111980914034385, 4.1112080794612265, 7.706297204646027]

=================================================================================================================