ID: shubert	Date: 2019-05-03 17:23:29	Runs: 1
=================================================================================================================
Run: 0
Iter	Gbest	AvrFit	Diver	ETime	
0	518.3190	52.8842	0.0000	0.0009
1	2488.3808	89.2623	0.0000	0.0017
2	2488.3808	117.9146	0.0000	0.0025
3	2488.3808	145.7506	0.0000	0.0033
4	2488.3808	110.8820	0.0000	0.0040
5	2488.3808	129.5234	0.0000	0.0049
6	2488.3808	135.5347	0.0000	0.0057
7	2488.3808	183.2357	0.0000	0.0064
8	2488.3808	205.8278	0.0000	0.0072
9	2488.3808	241.7267	0.0000	0.0079
10	2488.3808	258.6041	0.0000	0.0086
11	2488.3808	288.8934	0.0000	0.0095
12	2488.3808	291.3152	0.0000	0.0102
13	2488.3808	330.2481	0.0000	0.0110
14	2488.3808	380.4297	0.0000	0.0118
15	2488.3808	318.5720	0.0000	0.0125
16	2488.3808	328.2082	0.0000	0.0133
17	2488.3808	320.9176	0.0000	0.0142
18	2488.3808	327.8787	0.0000	0.0150
19	2488.3808	382.3002	0.0000	0.0158
20	2488.3808	451.7746	0.0000	0.0166
21	2488.3808	373.6541	0.0000	0.0173
22	2488.3808	461.8753	0.0000	0.0180
23	2488.3808	414.1637	0.0000	0.0189
24	2488.3808	378.4200	0.0000	0.0200
25	2488.3808	486.9075	0.0000	0.0208
26	2610.9833	566.2361	0.0000	0.0216
27	2610.9833	546.1586	0.0000	0.0223
28	2610.9833	507.9406	0.0000	0.0231
29	2610.9833	508.8916	0.0000	0.0242
30	2610.9833	534.2308	0.0000	0.0254
31	2610.9833	526.7476	0.0000	0.0261
32	2610.9833	596.7539	0.0000	0.0269
33	2610.9833	565.0359	0.0000	0.0277
34	2610.9833	552.7476	0.0000	0.0284
35	2610.9833	587.5822	0.0000	0.0293
36	2610.9833	690.4097	0.0000	0.0301
37	2610.9833	612.7169	0.0000	0.0308
38	2610.9833	567.4446	0.0000	0.0316
39	2610.9833	705.4151	0.0000	0.0323
40	2610.9833	758.8295	0.0000	0.0331
41	2610.9833	626.0934	0.0000	0.0340
42	2560.6033	544.7221	0.0000	0.0349
43	2560.6033	476.5795	0.0000	0.0359
44	2560.6033	359.1268	0.0000	0.0369
45	2560.6033	299.2481	0.0000	0.0380
46	2560.6033	161.1255	0.0000	0.0391
47	1613.2485	114.1882	0.0000	0.0400
48	1613.2485	121.9317	0.0000	0.0407
49	1561.8882	145.6335	0.0000	0.0415
50	2570.5776	159.1997	0.0000	0.0423
51	2570.5776	171.7027	0.0000	0.0431
52	2570.5776	222.7848	0.0000	0.0440
53	2570.5776	201.5613	0.0000	0.0447
54	2570.5776	255.3217	0.0000	0.0454
55	2570.5776	263.8535	0.0000	0.0462
56	2570.5776	264.5234	0.0000	0.0469
57	2570.5776	281.3550	0.0000	0.0477
58	2570.5776	358.7836	0.0000	0.0485
59	2570.5776	369.2277	0.0000	0.0494
60	2599.8607	296.2108	0.0000	0.0501
61	2600.1669	337.6131	0.0000	0.0508
62	2681.0627	354.3426	0.0000	0.0516
63	2681.0627	339.5595	0.0000	0.0523
64	2681.0627	422.7923	0.0000	0.0531
65	2681.0627	425.7643	0.0000	0.0540
66	2681.0627	417.4585	0.0000	0.0548
67	2681.0627	470.6466	0.0000	0.0555
68	2681.0627	521.0827	0.0000	0.0562
69	2681.0627	440.5332	0.0000	0.0570
70	2681.0627	545.2706	0.0000	0.0578
71	2681.0627	566.8482	0.0000	0.0586
72	2681.0627	514.6993	0.0000	0.0594
73	2681.0627	552.2340	0.0000	0.0602
74	2681.0627	566.7327	0.0000	0.0609
75	2681.0627	545.9013	0.0000	0.0616
76	2681.0627	633.4891	0.0000	0.0624
77	2681.0627	683.0098	0.0000	0.0632
78	2681.0627	629.9062	0.0000	0.0641
79	2681.0627	729.1302	0.0000	0.0649
80	2681.0627	679.9345	0.0000	0.0657
81	2681.0627	761.6140	0.0000	0.0664
82	2681.0627	666.9274	0.0000	0.0672
83	2681.0627	819.4895	0.0000	0.0680
84	2681.0627	684.1051	0.0000	0.0688
85	2681.0627	827.8908	0.0000	0.0696
86	2681.0627	714.1361	0.0000	0.0704
87	2681.0627	729.0336	0.0000	0.0712
88	2681.0627	877.1199	0.0000	0.0720
89	2681.0627	764.6303	0.0000	0.0729
90	2681.0627	768.2236	0.0000	0.0738
91	2681.0627	696.1446	0.0000	0.0749
92	2681.0627	606.8159	0.0000	0.0759
93	2681.0627	594.8834	0.0000	0.0769
94	2672.7312	641.7155	0.0000	0.0778
95	2672.7312	593.9886	0.0000	0.0790
96	2675.0943	610.6613	0.0000	0.0800
97	2629.9177	579.0351	0.0000	0.0811
98	2629.9177	551.3293	0.0000	0.0821
99	2637.9442	424.8190	0.0000	0.0832
100	2637.9442	308.7152	0.0000	0.0842
101	2637.9442	367.1984	0.0000	0.0853
102	2637.9442	236.6566	0.0000	0.0863
103	2637.9442	199.2322	0.0000	0.0874
104	2650.9021	229.7903	0.0000	0.0883
105	2650.9021	234.3662	0.0000	0.0891
106	2650.9021	213.1932	0.0000	0.0898
107	2650.9021	298.1131	0.0000	0.0906
108	2650.9021	278.6182	0.0000	0.0913
109	2650.9021	291.3045	0.0000	0.0921
110	2650.9021	346.7398	0.0000	0.0930
111	2650.9021	333.0542	0.0000	0.0938
112	2650.9021	301.6005	0.0000	0.0945
113	2650.9021	313.8700	0.0000	0.0952
114	2650.9021	414.4496	0.0000	0.0960
115	2650.9021	359.6380	0.0000	0.0968
116	2650.9021	443.4103	0.0000	0.0976
117	2650.9021	500.0002	0.0000	0.0984
118	2650.9021	442.8677	0.0000	0.0991
119	2650.9021	423.8700	0.0000	0.0999
120	2671.8247	455.1441	0.0000	0.1006
121	2671.8247	518.5105	0.0000	0.1014
122	2671.8247	479.2231	0.0000	0.1021
123	2671.8247	479.1944	0.0000	0.1029
124	2671.8247	442.6498	0.0000	0.1037
125	2671.8247	572.1722	0.0000	0.1045
126	2671.8247	534.3930	0.0000	0.1052
127	2671.8247	576.6543	0.0000	0.1060
128	2671.8247	683.0666	0.0000	0.1068
129	2671.8247	558.2043	0.0000	0.1077
130	2671.8247	621.1255	0.0000	0.1085
131	2671.8247	661.1898	0.0000	0.1092
132	2671.8247	609.6560	0.0000	0.1100
133	2671.8247	668.9731	0.0000	0.1109
134	2671.8247	663.7511	0.0000	0.1117
135	2671.8247	606.0412	0.0000	0.1124
136	2671.8247	712.3804	0.0000	0.1131
137	2671.8247	767.4712	0.0000	0.1139
138	2671.8247	582.5763	0.0000	0.1146
139	2671.8247	756.9022	0.0000	0.1154
140	2671.8247	724.3772	0.0000	0.1162
141	2671.8247	764.8512	0.0000	0.1171
142	2671.8247	763.8313	0.0000	0.1178
143	2688.2288	741.1107	0.0000	0.1185
144	2688.2288	869.6669	0.0000	0.1193
145	2688.2288	872.5118	0.0000	0.1203
146	2698.8213	745.6227	0.0000	0.1215
147	2698.8213	771.7562	0.0000	0.1226
148	2698.8213	727.1253	0.0000	0.1236
149	2698.8213	850.4102	0.0000	0.1246
150	2698.8213	590.5788	0.0000	0.1257
151	2698.8213	611.0469	0.0000	0.1269
152	2642.1104	593.1453	0.0000	0.1278
153	2664.8373	663.1266	0.0000	0.1289
154	2664.8373	527.8618	0.0000	0.1301
155	2664.8373	486.0804	0.0000	0.1310
156	2664.8373	544.5519	0.0000	0.1321
157	2664.8373	551.3937	0.0000	0.1332
158	2664.8373	523.0007	0.0000	0.1341
159	2696.8301	514.1753	0.0000	0.1355
160	2696.8301	351.1978	0.0000	0.1366
161	2696.8301	404.8937	0.0000	0.1375
162	2696.8301	524.6017	0.0000	0.1387
163	2696.8301	436.3107	0.0000	0.1401
164	2696.8301	430.6143	0.0000	0.1409
165	2696.8301	318.8566	0.0000	0.1420
166	2696.8301	383.8444	0.0000	0.1434
167	2696.8301	435.8972	0.0000	0.1443
168	2705.8366	380.5899	0.0000	0.1450
169	2705.8366	472.2016	0.0000	0.1458
170	2705.8366	385.5577	0.0000	0.1465
171	2705.8366	413.4452	0.0000	0.1473
172	2705.8366	488.1798	0.0000	0.1480
173	2706.3948	485.3751	0.0000	0.1488
174	2706.3948	543.5503	0.0000	0.1496
175	2706.3948	608.9730	0.0000	0.1504
176	2706.3948	644.2736	0.0000	0.1511
177	2706.3948	575.6755	0.0000	0.1519
178	2706.3948	620.9733	0.0000	0.1527
179	2706.3948	613.3941	0.0000	0.1534
180	2706.3948	652.6915	0.0000	0.1542
181	2706.3948	702.2393	0.0000	0.1549
182	2706.3948	623.3228	0.0000	0.1556
183	2706.3948	768.4266	0.0000	0.1564
184	2706.3948	769.8100	0.0000	0.1571
185	2706.3948	782.6042	0.0000	0.1580
186	2706.3948	751.1729	0.0000	0.1588
187	2706.3948	834.5961	0.0000	0.1596
188	2706.3948	853.2012	0.0000	0.1604
189	2706.3948	733.6072	0.0000	0.1611
190	2706.3948	834.2642	0.0000	0.1619
191	2706.3948	789.2212	0.0000	0.1627
192	2706.3948	924.6835	0.0000	0.1635
193	2706.3948	735.8456	0.0000	0.1642
194	2706.3948	1014.7528	0.0000	0.1650
195	2706.3948	922.0655	0.0000	0.1658
196	2706.3948	952.6402	0.0000	0.1665
197	2706.4703	934.2751	0.0000	0.1672
198	2706.4703	973.0600	0.0000	0.1681
199	2706.4703	924.0683	0.0000	0.1689
200	2706.4703	1134.0260	0.0000	0.1696
201	2706.4703	960.8004	0.0000	0.1704
202	2706.4703	1047.7826	0.0000	0.1711
203	2706.4703	1040.7873	0.0000	0.1719
204	2706.4703	1007.1107	0.0000	0.1728
205	2706.4703	1020.6408	0.0000	0.1736
206	2706.9632	1033.1220	0.0000	0.1744
207	2706.3948	1091.7105	0.0000	0.1751
208	2706.3948	953.3378	0.0000	0.1761
209	2706.3948	1043.9699	0.0000	0.1769
210	2706.3948	989.5936	0.0000	0.1781
211	2706.3948	959.5996	0.0000	0.1794
212	2705.6436	811.0251	0.0000	0.1806
213	2705.6436	778.7460	0.0000	0.1814
214	2705.6436	922.8304	0.0000	0.1824
215	2705.6436	783.9504	0.0000	0.1836
216	2705.6436	967.6733	0.0000	0.1848
217	2705.6436	700.4057	0.0000	0.1858
218	2705.6436	821.7986	0.0000	0.1866
219	2705.6436	973.7768	0.0000	0.1879
220	2705.6436	697.9895	0.0000	0.1890
221	2705.6436	586.0887	0.0000	0.1900
222	2705.6436	571.9910	0.0000	0.1910
223	2705.6436	623.4572	0.0000	0.1922
224	2707.8617	566.9880	0.0000	0.1934
225	2707.8617	512.8311	0.0000	0.1944
226	2707.8617	513.4196	0.0000	0.1955
227	2708.1415	507.3402	0.0000	0.1966
228	2708.1415	615.9366	0.0000	0.1980
229	2708.1415	428.0985	0.0000	0.1989
230	2708.1415	445.7132	0.0000	0.2002
231	2708.1415	406.5228	0.0000	0.2011
232	2708.1415	524.3474	0.0000	0.2025
233	2708.1415	402.1637	0.0000	0.2035
234	2697.2562	359.1250	0.0000	0.2047
235	2697.2562	476.4988	0.0000	0.2059
236	2697.2562	366.8373	0.0000	0.2068
237	2697.2562	447.5704	0.0000	0.2077
238	2697.2562	445.7516	0.0000	0.2084
239	2697.2562	490.3408	0.0000	0.2092
240	2697.2562	527.2820	0.0000	0.2100
241	2697.2562	517.9310	0.0000	0.2107
242	2697.2562	424.9622	0.0000	0.2116
243	2697.2562	477.1014	0.0000	0.2123
244	2697.2562	596.7110	0.0000	0.2130
245	2697.2562	534.7689	0.0000	0.2138
246	2697.2562	533.8946	0.0000	0.2145
247	2697.2562	640.4428	0.0000	0.2152
248	2697.2562	597.4075	0.0000	0.2159
249	2697.2562	673.0896	0.0000	0.2166
250	2697.2562	670.6010	0.0000	0.2174
251	2704.4241	801.2394	0.0000	0.2181
252	2704.4241	700.7290	0.0000	0.2190
253	2704.4241	609.6784	0.0000	0.2197
254	2704.4241	759.6558	0.0000	0.2206
255	2704.4241	689.2686	0.0000	0.2214
256	2704.4241	741.3590	0.0000	0.2222
257	2704.4241	654.2578	0.0000	0.2229
258	2704.4733	764.9542	0.0000	0.2237
259	2704.4733	782.7705	0.0000	0.2246
260	2704.4733	654.2046	0.0000	0.2254
261	2704.4733	804.6819	0.0000	0.2261
262	2704.4733	850.6345	0.0000	0.2269
263	2704.4733	816.6403	0.0000	0.2277
264	2704.4733	776.5499	0.0000	0.2285
265	2704.4733	804.5298	0.0000	0.2293
266	2704.4733	759.2354	0.0000	0.2301
267	2704.4733	994.4463	0.0000	0.2309
268	2704.4733	877.4424	0.0000	0.2316
269	2704.4733	972.1203	0.0000	0.2323
270	2704.4733	913.5847	0.0000	0.2331
271	2704.4733	923.9983	0.0000	0.2339
272	2704.4733	994.0222	0.0000	0.2348
273	2704.4733	958.7754	0.0000	0.2356
274	2706.7487	1048.6248	0.0000	0.2363
275	2706.7487	1054.8353	0.0000	0.2370
276	2706.7487	1063.9611	0.0000	0.2378
277	2706.7487	972.4043	0.0000	0.2387
278	2706.7487	982.0866	0.0000	0.2399
279	2706.7487	1007.6810	0.0000	0.2406
280	2706.7487	978.8892	0.0000	0.2419
281	2704.9890	930.6214	0.0000	0.2430
282	2704.9890	949.9238	0.0000	0.2442
283	2704.9890	873.9046	0.0000	0.2454
284	2704.9890	847.2390	0.0000	0.2462
285	2704.9890	832.8168	0.0000	0.2473
286	2704.9890	851.3115	0.0000	0.2487
287	2704.9890	644.1024	0.0000	0.2495
288	2704.9890	790.8919	0.0000	0.2506
289	2704.9890	867.3915	0.0000	0.2517
290	2704.9890	827.2867	0.0000	0.2525
291	2704.9890	782.2962	0.0000	0.2539
292	2704.9890	713.5354	0.0000	0.2550
293	2704.9890	653.1556	0.0000	0.2562
294	2697.2562	608.8436	0.0000	0.2572
295	2697.2562	620.0386	0.0000	0.2580
296	2697.2562	806.5280	0.0000	0.2592
297	2697.2562	687.6035	0.0000	0.2606
298	2697.2562	751.9071	0.0000	0.2614
299	2697.2562	650.4946	0.0000	0.2625
300	2697.2562	663.0135	0.0000	0.2635
301	2697.2562	604.8286	0.0000	0.2646
302	2697.2562	595.2824	0.0000	0.2662
303	2697.2562	471.4466	0.0000	0.2672
304	2697.2562	564.9032	0.0000	0.2683
305	2697.2562	519.6646	0.0000	0.2698
306	2697.2562	572.6114	0.0000	0.2707
307	2700.1463	684.4073	0.0000	0.2725
308	2700.1463	419.6556	0.0000	0.2738
309	2700.1463	529.2810	0.0000	0.2750
310	2700.1463	485.7206	0.0000	0.2764
311	2700.1463	366.1104	0.0000	0.2776
312	2700.1463	457.9911	0.0000	0.2787
313	2700.1463	494.8934	0.0000	0.2797
314	2700.1463	447.0257	0.0000	0.2805
315	2700.1463	483.3709	0.0000	0.2813
316	2700.1463	449.3189	0.0000	0.2822
317	2700.1463	422.3275	0.0000	0.2830
318	2700.1463	509.5479	0.0000	0.2840
319	2700.1463	430.2575	0.0000	0.2849
320	2700.1463	433.8400	0.0000	0.2857
321	2700.1463	589.7715	0.0000	0.2866
322	2700.1463	540.4209	0.0000	0.2874
323	2700.1463	598.0231	0.0000	0.2883
324	2700.1463	740.1208	0.0000	0.2892
325	2701.8478	662.4997	0.0000	0.2900
326	2701.8478	548.6054	0.0000	0.2908
327	2701.8478	601.8290	0.0000	0.2916
328	2701.8478	666.7188	0.0000	0.2927
329	2701.8478	696.3010	0.0000	0.2936
330	2701.8478	641.6414	0.0000	0.2944
331	2701.8478	717.1557	0.0000	0.2953
332	2701.8478	709.4384	0.0000	0.2961
333	2701.8478	655.9148	0.0000	0.2970
334	2701.8478	671.0033	0.0000	0.2979
335	2701.8478	691.2651	0.0000	0.2987
336	2701.8478	808.1235	0.0000	0.2995
337	2701.8478	660.0383	0.0000	0.3004
338	2701.8478	782.1121	0.0000	0.3012
339	2701.8478	794.3478	0.0000	0.3021
340	2701.8478	762.1248	0.0000	0.3030
341	2701.8478	859.5002	0.0000	0.3038
342	2701.8478	765.3981	0.0000	0.3047
343	2701.8478	773.7520	0.0000	0.3055
344	2701.8478	816.0073	0.0000	0.3065
345	2701.8478	838.4343	0.0000	0.3074
346	2701.8478	872.8363	0.0000	0.3084
347	2701.8478	756.2610	0.0000	0.3092
348	2701.8478	825.9123	0.0000	0.3101
349	2701.8478	790.5854	0.0000	0.3111
350	2701.8478	786.5669	0.0000	0.3120
351	2701.8478	878.4513	0.0000	0.3129
352	2701.8478	868.6378	0.0000	0.3137
353	2701.8478	866.3318	0.0000	0.3147
354	2701.8478	870.9698	0.0000	0.3160
355	2701.8478	851.2709	0.0000	0.3169
356	2701.8478	898.3948	0.0000	0.3182
357	2701.8478	794.6866	0.0000	0.3193
358	2701.8478	1012.6871	0.0000	0.3206
359	2701.8478	905.7435	0.0000	0.3219
360	2701.8478	781.1090	0.0000	0.3232
361	2701.8478	738.1092	0.0000	0.3243
362	2701.8478	891.8361	0.0000	0.3256
363	2701.8478	744.2328	0.0000	0.3265
364	2701.8478	778.4195	0.0000	0.3280
365	2701.8478	672.1724	0.0000	0.3289
366	2703.8984	765.1694	0.0000	0.3304
367	2703.8984	633.9124	0.0000	0.3317
368	2703.8984	569.5984	0.0000	0.3325
369	2703.8984	763.7661	0.0000	0.3337
370	2703.8984	776.2821	0.0000	0.3349
371	2703.8984	713.3342	0.0000	0.3362
372	2703.8984	632.1622	0.0000	0.3373
373	2703.8984	681.4077	0.0000	0.3385
374	2703.8984	638.0638	0.0000	0.3395
375	2703.8984	623.5805	0.0000	0.3408
376	2703.8984	662.1760	0.0000	0.3419
377	2703.8984	675.3582	0.0000	0.3434
378	2703.8984	530.4026	0.0000	0.3442
379	2703.8984	668.0698	0.0000	0.3454
380	2703.8984	630.5176	0.0000	0.3467
381	2703.8984	585.0728	0.0000	0.3478
382	2703.8984	448.7507	0.0000	0.3487
383	2703.8984	532.2285	0.0000	0.3506
384	2703.8984	524.9099	0.0000	0.3515
385	2703.8984	488.4829	0.0000	0.3526
386	2703.8984	523.9089	0.0000	0.3540
387	2703.8984	577.0396	0.0000	0.3550
388	2571.1561	497.5569	0.0000	0.3566
389	2597.0454	463.0443	0.0000	0.3577
390	2597.0454	358.0881	0.0000	0.3590
391	2597.0454	545.8245	0.0000	0.3602
392	2597.0454	434.3055	0.0000	0.3616
393	2597.0454	496.5496	0.0000	0.3628
394	2571.1561	413.7823	0.0000	0.3643
395	2545.6706	429.4790	0.0000	0.3657
396	2641.6670	457.5547	0.0000	0.3667
397	2641.6670	487.5436	0.0000	0.3676
398	2641.6670	483.6269	0.0000	0.3684
399	2641.6670	518.6452	0.0000	0.3692
400	2641.6670	442.5936	0.0000	0.3700
401	2641.6670	536.9325	0.0000	0.3708
402	2641.6670	530.9499	0.0000	0.3716
403	2641.6670	510.7847	0.0000	0.3724
404	2641.6670	547.8038	0.0000	0.3732
405	2658.8349	610.1958	0.0000	0.3741
406	2671.6668	587.3961	0.0000	0.3750
407	2671.6668	640.7440	0.0000	0.3759
408	2671.6668	653.1499	0.0000	0.3768
409	2671.6668	682.5939	0.0000	0.3776
410	2671.6668	688.4257	0.0000	0.3786
411	2671.6668	739.7487	0.0000	0.3794
412	2671.6668	667.3666	0.0000	0.3803
413	2671.6668	674.8434	0.0000	0.3811
414	2671.6668	643.2979	0.0000	0.3819
415	2671.6668	600.1177	0.0000	0.3828
416	2671.6668	738.3605	0.0000	0.3837
417	2671.6668	785.0181	0.0000	0.3846
418	2671.6668	814.5848	0.0000	0.3854
419	2671.6668	898.9468	0.0000	0.3862
420	2671.6668	815.4968	0.0000	0.3870
421	2671.6668	871.7405	0.0000	0.3879
422	2671.6668	782.5701	0.0000	0.3888
423	2697.3939	850.8519	0.0000	0.3896
424	2697.3939	987.5268	0.0000	0.3904
425	2697.3939	893.3066	0.0000	0.3913
426	2697.3939	873.8702	0.0000	0.3922
427	2697.3939	910.2936	0.0000	0.3930
428	2706.6050	1006.2805	0.0000	0.3938
429	2706.6050	1049.2332	0.0000	0.3947
430	2706.6050	933.7026	0.0000	0.3955
431	2706.6050	1039.8664	0.0000	0.3963
432	2706.6050	867.8392	0.0000	0.3972
433	2706.6050	974.2483	0.0000	0.3979
434	2706.6050	1047.4075	0.0000	0.3987
435	2707.2041	1037.0322	0.0000	0.3996
436	2707.2041	869.0620	0.0000	0.4005
437	2707.2041	1117.8870	0.0000	0.4016
438	2707.2041	984.3726	0.0000	0.4023
439	2707.2041	1013.2963	0.0000	0.4036
440	2707.2041	933.1294	0.0000	0.4047
441	2707.2041	915.0497	0.0000	0.4061
442	2707.2041	1015.0676	0.0000	0.4072
443	2707.2041	1027.7067	0.0000	0.4086
444	2707.2041	1007.8074	0.0000	0.4095
445	2707.2041	953.3149	0.0000	0.4108
446	2707.2041	729.6698	0.0000	0.4117
447	2707.2041	969.5363	0.0000	0.4133
448	2707.2041	804.9195	0.0000	0.4143
449	2707.2041	898.8034	0.0000	0.4152
450	2707.2041	864.4012	0.0000	0.4165
451	2707.2041	790.3006	0.0000	0.4178
452	2707.2041	848.1364	0.0000	0.4186
453	2707.2041	847.7589	0.0000	0.4199
454	2707.2041	845.2505	0.0000	0.4210
455	2707.2041	727.5511	0.0000	0.4223
456	2697.2374	839.5886	0.0000	0.4236
457	2697.2374	680.4103	0.0000	0.4247
458	2697.2374	704.1147	0.0000	0.4256
459	2697.2374	739.6306	0.0000	0.4267
460	2697.2374	702.4281	0.0000	0.4279
461	2697.2374	726.1417	0.0000	0.4291
462	2697.2374	754.2535	0.0000	0.4306
463	2697.2374	807.7892	0.0000	0.4314
464	2697.2374	729.2547	0.0000	0.4327
465	2697.2374	692.7125	0.0000	0.4337
466	2697.2374	701.9167	0.0000	0.4348
467	2697.2374	687.6556	0.0000	0.4357
468	2697.2374	704.9884	0.0000	0.4367
469	2697.2374	621.1554	0.0000	0.4382
470	2697.2374	530.1548	0.0000	0.4393
471	2697.2374	594.6138	0.0000	0.4404
472	2697.2374	519.3759	0.0000	0.4418
473	2697.2374	579.2073	0.0000	0.4427
474	2697.2374	582.8028	0.0000	0.4442
475	2697.2374	565.0386	0.0000	0.4452
476	2664.2618	509.5826	0.0000	0.4463
477	2664.2618	508.9355	0.0000	0.4476
478	2664.2618	476.0089	0.0000	0.4487
479	2646.7988	600.5927	0.0000	0.4504
480	2646.7988	570.0039	0.0000	0.4516
481	2646.7988	584.6823	0.0000	0.4526
482	2646.7988	554.9381	0.0000	0.4536
483	2651.0772	681.5246	0.0000	0.4545
484	2651.0772	583.1423	0.0000	0.4553
485	2651.0772	583.7304	0.0000	0.4560
486	2671.2275	634.6207	0.0000	0.4568
487	2671.2275	767.1185	0.0000	0.4576
488	2703.2225	596.9820	0.0000	0.4585
489	2703.2225	687.5596	0.0000	0.4593
490	2703.2225	717.1478	0.0000	0.4602
491	2703.2225	732.6959	0.0000	0.4610
492	2703.2225	734.3963	0.0000	0.4618
493	2703.2225	793.6211	0.0000	0.4626
494	2703.2225	725.4258	0.0000	0.4634
495	2703.2225	746.4921	0.0000	0.4644
496	2703.2225	755.9343	0.0000	0.4652
497	2703.2225	765.6853	0.0000	0.4660
498	2703.2225	723.4677	0.0000	0.4668
499	2703.2225	797.9890	0.0000	0.4676
500	2703.2225	877.7193	0.0000	0.4684
501	2703.2225	857.7339	0.0000	0.4695
502	2703.2225	742.4683	0.0000	0.4704
503	2703.2225	762.1817	0.0000	0.4712
504	2703.2225	724.8806	0.0000	0.4721
505	2703.2225	668.1552	0.0000	0.4729
506	2703.2225	822.3816	0.0000	0.4739
507	2703.2225	813.4317	0.0000	0.4747
508	2705.4902	875.9361	0.0000	0.4755
509	2705.4902	829.6337	0.0000	0.4763
510	2705.4902	731.8332	0.0000	0.4772
511	2705.4902	865.8138	0.0000	0.4780
512	2705.4902	787.0175	0.0000	0.4789
513	2705.4902	814.3755	0.0000	0.4796
514	2705.4902	784.2220	0.0000	0.4804
515	2705.4902	849.1980	0.0000	0.4813
516	2705.4902	866.1566	0.0000	0.4822
517	2705.4902	951.6233	0.0000	0.4831
518	2705.4902	893.3604	0.0000	0.4839
519	2705.4902	1017.4955	0.0000	0.4847
520	2705.4902	903.7669	0.0000	0.4855
521	2705.4902	930.5522	0.0000	0.4864
522	2705.4902	930.9653	0.0000	0.4873
523	2703.2225	1024.5481	0.0000	0.4883
524	2703.8395	889.1666	0.0000	0.4892
525	2703.8395	959.1528	0.0000	0.4905
526	2703.8395	998.2804	0.0000	0.4913
527	2703.8395	834.2352	0.0000	0.4928
528	2705.3099	957.8645	0.0000	0.4938
529	2705.3347	952.9945	0.0000	0.4953
530	2707.6590	931.5445	0.0000	0.4966
531	2707.6590	1019.2201	0.0000	0.4981
532	2707.6590	926.1293	0.0000	0.4990
533	2707.6590	901.3030	0.0000	0.5000
534	2707.6590	771.1354	0.0000	0.5013
535	2707.6590	810.1091	0.0000	0.5022
536	2707.6590	873.2066	0.0000	0.5038
537	2707.6590	936.6746	0.0000	0.5047
538	2707.6590	879.4083	0.0000	0.5056
539	2707.6590	821.2707	0.0000	0.5070
540	2707.6590	737.1969	0.0000	0.5085
541	2707.6590	719.0770	0.0000	0.5093
542	2707.6590	832.1881	0.0000	0.5105
543	2707.6590	723.3009	0.0000	0.5115
544	2707.6590	833.8218	0.0000	0.5127
545	2707.6590	710.7672	0.0000	0.5142
546	2707.6590	786.9045	0.0000	0.5154
547	2707.6590	712.4566	0.0000	0.5167
548	2707.6590	801.1933	0.0000	0.5176
549	2707.6590	695.2640	0.0000	0.5186
550	2707.6590	676.0557	0.0000	0.5199
551	2707.6590	725.1284	0.0000	0.5210
552	2707.6590	663.7095	0.0000	0.5225
553	2707.6590	786.7043	0.0000	0.5235
554	2707.6590	729.8332	0.0000	0.5245
555	2706.5387	844.6953	0.0000	0.5260
556	2706.5387	702.2635	0.0000	0.5271
557	2706.5387	725.6446	0.0000	0.5283
558	2706.5387	682.1226	0.0000	0.5293
559	2706.5387	789.4808	0.0000	0.5303
560	2706.5387	635.2051	0.0000	0.5321
561	2708.4431	561.7333	0.0000	0.5331
562	2708.4431	667.8474	0.0000	0.5342
563	2708.4431	579.9508	0.0000	0.5355
564	2708.4431	611.0891	0.0000	0.5364
565	2708.4431	534.4125	0.0000	0.5373
566	2708.4431	627.8581	0.0000	0.5391
567	2708.4431	586.4882	0.0000	0.5401
568	2708.4431	594.1957	0.0000	0.5412
569	2708.4431	602.9658	0.0000	0.5425
570	2708.4431	638.7862	0.0000	0.5436
571	2708.4431	651.0677	0.0000	0.5453
572	2708.4431	699.8590	0.0000	0.5466
573	2708.4431	535.9023	0.0000	0.5477
574	2708.4431	567.8439	0.0000	0.5487
575	2708.4431	580.6113	0.0000	0.5494
576	2708.4431	600.1343	0.0000	0.5502
577	2708.4431	539.1609	0.0000	0.5509
578	2708.4431	728.3521	0.0000	0.5517
579	2708.4431	709.1805	0.0000	0.5525
580	2708.4431	730.3775	0.0000	0.5533
581	2708.4431	599.2089	0.0000	0.5542
582	2708.4431	769.2657	0.0000	0.5550
583	2708.4431	644.7982	0.0000	0.5558
584	2708.4431	725.7904	0.0000	0.5566
585	2708.4431	653.7921	0.0000	0.5574
586	2708.4431	746.7261	0.0000	0.5582
587	2708.4431	846.5122	0.0000	0.5590
588	2708.4431	624.3747	0.0000	0.5599
589	2708.4431	929.3465	0.0000	0.5606
590	2708.4431	829.1555	0.0000	0.5614
591	2708.4431	899.1551	0.0000	0.5623
592	2708.4431	855.8762	0.0000	0.5631
593	2708.4431	905.8499	0.0000	0.5640
594	2708.4431	935.1162	0.0000	0.5648
595	2708.4431	752.8248	0.0000	0.5656
596	2708.4431	820.9603	0.0000	0.5664
597	2708.4431	941.5514	0.0000	0.5672
598	2708.4431	863.1285	0.0000	0.5680
599	2708.4431	797.1353	0.0000	0.5688
600	2708.4431	969.0278	0.0000	0.5696
601	2708.4431	865.0884	0.0000	0.5705
602	2708.4431	965.0839	0.0000	0.5712
603	2708.4431	849.5588	0.0000	0.5720
604	2708.4431	958.0184	0.0000	0.5729
605	2708.4431	1013.7108	0.0000	0.5738
606	2708.4431	904.5436	0.0000	0.5745
607	2708.4431	964.3266	0.0000	0.5753
608	2708.4431	917.5860	0.0000	0.5761
609	2708.4431	895.6850	0.0000	0.5769
610	2708.4431	929.8962	0.0000	0.5777
611	2708.4431	989.0905	0.0000	0.5786
612	2708.4431	991.4841	0.0000	0.5793
613	2708.4431	1045.2426	0.0000	0.5801
614	2708.4431	1119.7396	0.0000	0.5809
615	2708.4431	1085.8594	0.0000	0.5818
616	2708.4431	1033.2620	0.0000	0.5827
617	2708.4431	1019.6364	0.0000	0.5837
618	2706.9025	1017.2261	0.0000	0.5847
619	2706.9025	1124.3809	0.0000	0.5855
620	2706.9025	1003.5188	0.0000	0.5870
621	2706.9025	838.5231	0.0000	0.5882
622	2706.9025	992.5020	0.0000	0.5895
623	2706.9025	972.7685	0.0000	0.5909
624	2706.9025	948.5185	0.0000	0.5926
625	2706.9025	859.4662	0.0000	0.5935
626	2706.9025	982.1385	0.0000	0.5943
627	2706.9025	869.6822	0.0000	0.5957
628	2706.9025	912.7465	0.0000	0.5967
629	2706.9025	941.6017	0.0000	0.5982
630	2706.9025	839.4407	0.0000	0.5991
631	2706.9025	930.1859	0.0000	0.6000
632	2702.7092	874.4546	0.0000	0.6009
633	2702.7092	842.3367	0.0000	0.6023
634	2702.7092	872.8405	0.0000	0.6036
635	2702.7092	886.1048	0.0000	0.6044
636	2702.7092	837.3301	0.0000	0.6055
637	2702.7092	803.3257	0.0000	0.6064
638	2702.7092	790.7513	0.0000	0.6075
639	2702.7092	751.0031	0.0000	0.6089
640	2702.7092	784.9608	0.0000	0.6102
641	2702.7092	667.4203	0.0000	0.6113
642	2702.7092	663.6405	0.0000	0.6123
643	2702.7092	778.2565	0.0000	0.6134
644	2702.7092	584.7665	0.0000	0.6142
645	2702.7092	754.3337	0.0000	0.6156
646	2702.7092	758.1016	0.0000	0.6166
647	2683.1086	688.8636	0.0000	0.6181
648	2690.7147	680.7443	0.0000	0.6190
649	2690.7147	625.4240	0.0000	0.6198
650	2690.7147	622.7000	0.0000	0.6212
651	2690.7147	707.6241	0.0000	0.6224
652	2690.7147	776.8866	0.0000	0.6237
653	2690.7147	738.4094	0.0000	0.6247
654	2690.7147	713.5222	0.0000	0.6256
655	2690.7147	737.9317	0.0000	0.6271
656	2690.7147	745.5712	0.0000	0.6282
657	2690.7147	708.4466	0.0000	0.6293
658	2690.7147	811.2990	0.0000	0.6306
659	2690.7147	751.1984	0.0000	0.6323
660	2690.7147	665.0823	0.0000	0.6332
661	2690.7147	726.0605	0.0000	0.6342
662	2690.7147	609.8591	0.0000	0.6358
663	2690.7147	618.5984	0.0000	0.6367
664	2690.7147	581.4542	0.0000	0.6381
665	2708.0688	611.1814	0.0000	0.6394
666	2708.0688	551.1436	0.0000	0.6406
667	2708.0688	612.0975	0.0000	0.6417
668	2708.0688	574.4059	0.0000	0.6429
669	2708.0688	587.3593	0.0000	0.6443
670	2708.0688	551.3033	0.0000	0.6453
671	2708.0688	630.7325	0.0000	0.6460
672	2708.0688	636.7437	0.0000	0.6468
673	2708.0688	634.6573	0.0000	0.6477
674	2708.0688	530.5775	0.0000	0.6485
675	2708.0688	641.6803	0.0000	0.6494
676	2708.0688	806.2430	0.0000	0.6502
677	2708.0688	745.6468	0.0000	0.6509
678	2708.0688	749.5675	0.0000	0.6517
679	2708.0688	799.5458	0.0000	0.6525
680	2708.0688	639.5957	0.0000	0.6532
681	2708.0688	716.3824	0.0000	0.6540
682	2708.0688	689.6699	0.0000	0.6549
683	2708.0688	773.9972	0.0000	0.6557
684	2708.0688	734.7284	0.0000	0.6564
685	2708.0688	692.4371	0.0000	0.6572
686	2708.0688	719.1679	0.0000	0.6580
687	2708.0688	863.8843	0.0000	0.6587
688	2708.0688	879.5892	0.0000	0.6596
689	2708.0688	856.9659	0.0000	0.6605
690	2708.0688	837.2992	0.0000	0.6614
691	2708.0688	881.0966	0.0000	0.6622
692	2708.0688	883.9258	0.0000	0.6630
693	2708.0688	796.6204	0.0000	0.6637
694	2708.0688	880.5392	0.0000	0.6645
695	2708.0688	837.4379	0.0000	0.6653
696	2708.0688	924.2248	0.0000	0.6661
697	2708.0688	871.5886	0.0000	0.6669
698	2708.0688	1001.2077	0.0000	0.6678
699	2708.0688	925.6148	0.0000	0.6685
700	2708.0688	1009.5443	0.0000	0.6694
701	2708.0688	1077.4752	0.0000	0.6702
702	2708.0688	978.1391	0.0000	0.6710
703	2708.0688	994.5420	0.0000	0.6720
704	2708.0688	930.6380	0.0000	0.6729
705	2708.0688	971.1792	0.0000	0.6737
706	2708.0688	1000.4881	0.0000	0.6746
707	2708.0688	1047.2258	0.0000	0.6754
708	2708.0688	1089.9666	0.0000	0.6762
709	2708.0688	995.6198	0.0000	0.6771
710	2708.0688	1038.9273	0.0000	0.6781
711	2708.0688	1067.4514	0.0000	0.6788
712	2708.0688	1064.3331	0.0000	0.6797
713	2708.0688	1019.6903	0.0000	0.6805
714	2708.0688	1059.7502	0.0000	0.6815
715	2708.0688	1076.8296	0.0000	0.6826
716	2708.0688	1194.8936	0.0000	0.6834
717	2708.0688	1119.3660	0.0000	0.6848
718	2708.0688	1028.8848	0.0000	0.6859
719	2708.0688	1075.4147	0.0000	0.6873
720	2708.3568	1062.3025	0.0000	0.6886
721	2708.3568	919.4938	0.0000	0.6898
722	2708.3568	971.0133	0.0000	0.6911
723	2708.3568	977.1319	0.0000	0.6919
724	2708.3568	940.9451	0.0000	0.6928
725	2708.3568	919.6310	0.0000	0.6941
726	2708.8584	876.2450	0.0000	0.6951
727	2708.8584	970.6669	0.0000	0.6965
728	2708.8584	862.5092	0.0000	0.6974
729	2708.8584	944.1451	0.0000	0.6983
730	2708.8584	900.3135	0.0000	0.6993
731	2708.8584	884.6347	0.0000	0.7007
732	2707.1365	887.1303	0.0000	0.7017
733	2707.1365	892.5513	0.0000	0.7028
734	2707.1365	925.9025	0.0000	0.7041
735	2707.1365	858.0799	0.0000	0.7050
736	2707.1365	903.9498	0.0000	0.7061
737	2707.1365	806.4814	0.0000	0.7076
738	2707.1365	854.7758	0.0000	0.7089
739	2706.3005	863.4555	0.0000	0.7100
740	2706.3005	742.9426	0.0000	0.7109
741	2706.3005	752.8165	0.0000	0.7117
742	2706.3005	911.7397	0.0000	0.7127
743	2706.3005	905.6606	0.0000	0.7135
744	2690.5374	789.5196	0.0000	0.7148
745	2690.5374	1004.4855	0.0000	0.7158
746	2688.5113	756.4865	0.0000	0.7176
747	2688.5113	777.1833	0.0000	0.7185
748	2688.5113	688.1445	0.0000	0.7194
749	2694.5284	914.9884	0.0000	0.7208
750	2696.8079	776.6292	0.0000	0.7221
751	2707.8430	748.4685	0.0000	0.7232
752	2707.8430	761.6564	0.0000	0.7241
753	2707.8430	743.1829	0.0000	0.7250
754	2707.8430	730.1424	0.0000	0.7268
755	2707.8430	914.8193	0.0000	0.7278
756	2707.8430	842.3530	0.0000	0.7288
757	2707.8430	875.1496	0.0000	0.7302
758	2689.5970	752.2648	0.0000	0.7317
759	2705.7150	720.1904	0.0000	0.7327
760	2705.7150	597.5875	0.0000	0.7337
761	2705.7150	719.5875	0.0000	0.7347
762	2705.7150	632.7872	0.0000	0.7363
763	2705.7150	639.6436	0.0000	0.7374
764	2705.7150	697.1751	0.0000	0.7387
765	2705.7150	579.1841	0.0000	0.7400
766	2705.7150	625.8904	0.0000	0.7412
767	2705.7150	636.8376	0.0000	0.7427
768	2705.7150	489.3188	0.0000	0.7442
769	2705.7150	499.4575	0.0000	0.7458
770	2705.7150	514.8313	0.0000	0.7470
771	2705.7150	542.9574	0.0000	0.7477
772	2705.7150	520.7704	0.0000	0.7486
773	2705.7150	593.6889	0.0000	0.7494
774	2705.7150	646.2837	0.0000	0.7504
775	2705.7150	618.5616	0.0000	0.7513
776	2705.7150	543.0008	0.0000	0.7521
777	2705.7150	656.8084	0.0000	0.7529
778	2705.7150	750.8341	0.0000	0.7537
779	2705.7150	709.2665	0.0000	0.7546
780	2705.7150	683.3552	0.0000	0.7555
781	2705.7150	775.2141	0.0000	0.7564
782	2705.7150	739.0914	0.0000	0.7571
783	2705.7150	821.8929	0.0000	0.7580
784	2705.7150	714.1234	0.0000	0.7589
785	2705.7150	761.5368	0.0000	0.7598
786	2705.7150	874.8923	0.0000	0.7608
787	2705.7150	731.5819	0.0000	0.7615
788	2705.7150	805.2311	0.0000	0.7623
789	2705.7150	853.7630	0.0000	0.7631
790	2705.7150	893.2897	0.0000	0.7640
791	2705.7150	791.0306	0.0000	0.7649
792	2705.7150	783.8349	0.0000	0.7657
793	2705.7150	881.3500	0.0000	0.7666
794	2706.3473	738.9445	0.0000	0.7677
795	2706.3473	770.1820	0.0000	0.7686
796	2706.3473	860.0706	0.0000	0.7696
797	2706.3473	900.1863	0.0000	0.7705
798	2706.3473	822.1400	0.0000	0.7713
799	2706.3473	1017.5122	0.0000	0.7720
800	2706.3473	949.5826	0.0000	0.7728
801	2706.3473	936.1965	0.0000	0.7737
802	2706.3473	1005.2134	0.0000	0.7744
803	2706.3473	857.0113	0.0000	0.7752
804	2706.3473	957.3332	0.0000	0.7763
805	2706.8557	986.6717	0.0000	0.7773
806	2706.8557	947.1784	0.0000	0.7780
807	2706.8557	1028.4102	0.0000	0.7788
808	2706.8557	908.7372	0.0000	0.7796
809	2706.8557	890.0691	0.0000	0.7806
810	2706.8557	1148.4588	0.0000	0.7814
811	2706.8557	958.0651	0.0000	0.7822
812	2706.8557	986.6812	0.0000	0.7830
813	2706.8557	974.2799	0.0000	0.7840
814	2706.8557	979.6085	0.0000	0.7851
815	2706.8557	1048.6810	0.0000	0.7860
816	2706.8557	1003.7020	0.0000	0.7870
817	2706.8557	947.4676	0.0000	0.7879
818	2706.3473	984.0299	0.0000	0.7895
819	2706.3473	963.7539	0.0000	0.7908
820	2706.3473	1106.8531	0.0000	0.7924
821	2706.3473	889.2346	0.0000	0.7937
822	2706.7584	900.2371	0.0000	0.7949
823	2707.4985	876.6888	0.0000	0.7963
824	2707.4985	823.2103	0.0000	0.7972
825	2707.5604	862.8989	0.0000	0.7983
826	2707.5604	847.7149	0.0000	0.7997
827	2707.5604	876.6444	0.0000	0.8007
828	2708.1633	733.2381	0.0000	0.8018
829	2708.6076	847.5800	0.0000	0.8035
830	2708.6076	848.6819	0.0000	0.8046
831	2708.6076	868.8339	0.0000	0.8056
832	2708.6076	965.7921	0.0000	0.8067
833	2708.6076	890.0531	0.0000	0.8083
834	2708.6076	813.4902	0.0000	0.8095
835	2708.6076	832.5634	0.0000	0.8105
836	2708.6076	955.8736	0.0000	0.8120
837	2708.6076	847.1592	0.0000	0.8130
838	2708.6076	749.3775	0.0000	0.8143
839	2708.6076	710.3665	0.0000	0.8158
840	2708.6076	762.1791	0.0000	0.8172
841	2708.6466	740.0435	0.0000	0.8186
842	2708.6466	797.2254	0.0000	0.8195
843	2708.6466	881.7070	0.0000	0.8206
844	2708.6466	801.8438	0.0000	0.8216
845	2708.6466	758.9782	0.0000	0.8229
846	2708.6984	700.4405	0.0000	0.8239
847	2708.6984	885.4106	0.0000	0.8255
848	2708.6984	751.3082	0.0000	0.8267
849	2708.6984	791.0443	0.0000	0.8285
850	2708.6984	896.4533	0.0000	0.8298
851	2708.6984	708.3283	0.0000	0.8309
852	2708.6984	882.8096	0.0000	0.8325
853	2708.6984	890.3067	0.0000	0.8340
854	2703.0188	771.7887	0.0000	0.8354
855	2703.0188	622.7245	0.0000	0.8364
856	2703.0188	747.7216	0.0000	0.8375
857	2703.0188	619.0133	0.0000	0.8395
858	2703.0188	761.5821	0.0000	0.8405
859	2703.0188	740.5842	0.0000	0.8416
860	2703.0188	794.9231	0.0000	0.8429
861	2703.0188	811.0118	0.0000	0.8444
862	2702.2976	749.6996	0.0000	0.8460
863	2702.2976	596.4252	0.0000	0.8473
864	2702.2976	744.3280	0.0000	0.8487
865	2702.2976	645.7217	0.0000	0.8503
866	2677.2580	600.5864	0.0000	0.8526
867	2677.2580	597.3221	0.0000	0.8541
868	2687.7973	689.3887	0.0000	0.8558
869	2687.7973	672.8729	0.0000	0.8578
870	2687.7973	741.1170	0.0000	0.8593
871	2687.7973	664.4971	0.0000	0.8611
872	2687.7973	575.0236	0.0000	0.8626
873	2687.7973	653.3763	0.0000	0.8639
874	2687.7973	523.7616	0.0000	0.8654
875	2687.7973	666.4777	0.0000	0.8665
876	2687.7973	722.7740	0.0000	0.8672
877	2687.7973	631.7452	0.0000	0.8680
878	2687.7973	605.2468	0.0000	0.8688
879	2687.7973	761.2884	0.0000	0.8698
880	2687.7973	654.6987	0.0000	0.8707
881	2687.7973	739.4836	0.0000	0.8714
882	2687.7973	693.3743	0.0000	0.8722
883	2687.7973	670.6606	0.0000	0.8730
884	2687.7973	834.5379	0.0000	0.8739
885	2687.7973	822.1128	0.0000	0.8747
886	2687.7973	766.9006	0.0000	0.8755
887	2687.7973	798.5671	0.0000	0.8763
888	2703.7875	859.3000	0.0000	0.8771
889	2703.7875	983.7740	0.0000	0.8779
890	2703.7875	909.1718	0.0000	0.8787
891	2703.7875	827.2541	0.0000	0.8795
892	2703.7875	900.4253	0.0000	0.8802
893	2703.7875	926.2254	0.0000	0.8811
894	2703.7875	930.5681	0.0000	0.8818
895	2703.7875	948.2637	0.0000	0.8826
896	2703.7875	968.6381	0.0000	0.8834
897	2703.7875	891.7427	0.0000	0.8843
898	2703.7875	863.5725	0.0000	0.8853
899	2706.9738	1032.9703	0.0000	0.8863
900	2706.9738	1093.1065	0.0000	0.8871
901	2706.9738	1079.2932	0.0000	0.8881
902	2707.2599	960.9093	0.0000	0.8890
903	2707.2599	951.3624	0.0000	0.8898
904	2707.2599	921.9440	0.0000	0.8906
905	2707.3726	999.6504	0.0000	0.8913
906	2707.3726	1028.9639	0.0000	0.8921
907	2707.3726	1097.2525	0.0000	0.8928
908	2707.3726	866.4013	0.0000	0.8936
909	2707.3726	952.3364	0.0000	0.8946
910	2707.3726	919.1596	0.0000	0.8955
911	2707.3726	925.3346	0.0000	0.8963
912	2707.3726	1175.9981	0.0000	0.8970
913	2707.3726	1152.2438	0.0000	0.8979
914	2707.3726	1044.9373	0.0000	0.8987
915	2707.3726	956.6464	0.0000	0.8994
916	2707.3726	1104.8071	0.0000	0.9002
917	2707.3726	993.1985	0.0000	0.9010
918	2707.3726	1034.8113	0.0000	0.9019
919	2707.3726	944.4202	0.0000	0.9029
920	2707.3903	1053.2977	0.0000	0.9038
921	2707.4485	1064.8962	0.0000	0.9048
922	2707.4485	927.5585	0.0000	0.9056
923	2707.4485	1072.4079	0.0000	0.9072
924	2703.7875	1014.4474	0.0000	0.9083
925	2703.7875	1063.3786	0.0000	0.9094
926	2703.7875	965.2314	0.0000	0.9105
927	2703.7875	929.9769	0.0000	0.9116
928	2703.7875	1025.6379	0.0000	0.9127
929	2705.9041	884.2547	0.0000	0.9140
930	2705.9041	838.8340	0.0000	0.9149
931	2705.9041	668.5299	0.0000	0.9158
932	2705.9041	956.8739	0.0000	0.9169
933	2705.9041	900.7207	0.0000	0.9177
934	2705.9041	851.0317	0.0000	0.9186
935	2706.8609	951.3742	0.0000	0.9201
936	2706.8609	896.4453	0.0000	0.9210
937	2707.4448	802.1994	0.0000	0.9219
938	2707.4448	855.2359	0.0000	0.9228
939	2707.4448	848.9105	0.0000	0.9241
940	2707.4448	924.3036	0.0000	0.9253
941	2707.4448	896.5819	0.0000	0.9262
942	2707.4448	984.7876	0.0000	0.9274
943	2707.4448	807.5110	0.0000	0.9284
944	2707.4448	820.8425	0.0000	0.9296
945	2707.4448	877.0178	0.0000	0.9309
946	2707.4448	977.7349	0.0000	0.9317
947	2707.4448	850.1131	0.0000	0.9329
948	2707.4448	884.2343	0.0000	0.9346
949	2707.4448	819.7952	0.0000	0.9353
950	2707.4448	772.1344	0.0000	0.9362
951	2707.4448	779.9102	0.0000	0.9370
952	2707.4448	911.3342	0.0000	0.9380
953	2707.4448	729.8700	0.0000	0.9387
954	2704.9240	841.9860	0.0000	0.9401
955	2704.9240	877.7879	0.0000	0.9410
956	2704.9240	839.6913	0.0000	0.9428
957	2704.9240	789.9794	0.0000	0.9436
958	2704.9240	824.1439	0.0000	0.9445
959	2704.9240	899.4844	0.0000	0.9459
960	2704.9240	751.8480	0.0000	0.9471
961	2704.9240	773.6951	0.0000	0.9484
962	2704.9240	724.3015	0.0000	0.9492
963	2704.9240	720.0866	0.0000	0.9502
964	2704.9240	739.5450	0.0000	0.9514
965	2704.9240	795.6442	0.0000	0.9526
966	2704.9240	848.4377	0.0000	0.9533
967	2704.9240	791.5894	0.0000	0.9543
968	2704.9240	666.9973	0.0000	0.9555
969	2704.9240	817.6973	0.0000	0.9568
970	2704.9240	786.3779	0.0000	0.9583
971	2704.9240	709.8363	0.0000	0.9591
972	2704.9240	838.1623	0.0000	0.9600
973	2704.9240	776.4798	0.0000	0.9609
974	2704.9240	832.9629	0.0000	0.9626
975	2704.9240	613.2410	0.0000	0.9636
976	2704.9240	788.4316	0.0000	0.9648
977	2704.9240	728.0255	0.0000	0.9661
978	2704.9240	740.0092	0.0000	0.9673
979	2704.9240	795.3691	0.0000	0.9684
980	2707.4501	836.1568	0.0000	0.9693
981	2707.4501	865.9584	0.0000	0.9702
982	2707.4501	743.1451	0.0000	0.9715
983	2707.4501	746.4753	0.0000	0.9729
984	2707.4501	802.6136	0.0000	0.9739
985	2707.4501	645.9781	0.0000	0.9747
986	2707.4501	606.9860	0.0000	0.9755
987	2707.4501	736.1740	0.0000	0.9763
988	2707.4501	772.4933	0.0000	0.9773
989	2707.4501	853.5507	0.0000	0.9780
990	2707.4501	729.8646	0.0000	0.9788
991	2707.4501	653.1513	0.0000	0.9795
992	2707.4501	721.7274	0.0000	0.9802
993	2707.4501	718.5495	0.0000	0.9811
994	2707.4501	788.1945	0.0000	0.9819
995	2707.4501	769.2082	0.0000	0.9827
996	2707.4501	932.0400	0.0000	0.9834
997	2707.4501	837.1358	0.0000	0.9842
998	2707.4501	805.6172	0.0000	0.9850
999	2707.4501	895.0965	0.0000	0.9858
1000	2707.4501	874.2290	0.0000	0.9866
1001	2707.4501	932.3051	0.0000	0.9873
1002	2707.4501	955.1337	0.0000	0.9881
1003	2707.4501	844.7427	0.0000	0.9888
1004	2707.4501	793.8756	0.0000	0.9895
1005	2707.4501	911.9525	0.0000	0.9903
1006	2707.4501	903.8043	0.0000	0.9910
1007	2707.4501	988.1323	0.0000	0.9920
1008	2707.4501	964.1090	0.0000	0.9932
1009	2707.4501	1093.8607	0.0000	0.9939
1010	2707.4501	848.9322	0.0000	0.9949
1011	2707.4501	938.4844	0.0000	0.9958
1012	2707.4501	857.8410	0.0000	0.9967
1013	2707.4501	927.8348	0.0000	0.9975
1014	2707.4501	911.0317	0.0000	0.9982
1015	2707.4501	989.8184	0.0000	0.9990
1016	2707.4501	944.6023	0.0000	0.9998
1017	2707.4501	1136.8279	0.0000	1.0006
1018	2708.0649	1066.2261	0.0000	1.0016
1019	2708.0649	1079.9990	0.0000	1.0024
1020	2708.0649	1006.8043	0.0000	1.0032
1021	2708.0649	763.7813	0.0000	1.0040
1022	2708.0649	993.7260	0.0000	1.0048
1023	2708.0649	1059.3167	0.0000	1.0056
1024	2708.0649	1034.5405	0.0000	1.0064
1025	2708.0649	1049.6040	0.0000	1.0071
1026	2708.0649	1137.8830	0.0000	1.0079
1027	2708.0649	1065.2996	0.0000	1.0088
1028	2708.0649	1011.6078	0.0000	1.0097
1029	2708.0649	929.7798	0.0000	1.0107
1030	2708.0649	982.4245	0.0000	1.0118
1031	2708.0649	1076.2943	0.0000	1.0126
1032	2708.0649	953.2006	0.0000	1.0142
1033	2708.0649	1036.6655	0.0000	1.0153
1034	2708.0649	1183.2891	0.0000	1.0163
1035	2708.0649	981.1999	0.0000	1.0175
1036	2708.0649	1035.3023	0.0000	1.0186
1037	2708.0649	912.4372	0.0000	1.0196
1038	2708.0649	1005.0293	0.0000	1.0210
1039	2708.0649	999.3529	0.0000	1.0219
1040	2708.0649	878.7968	0.0000	1.0226
1041	2708.0649	855.3931	0.0000	1.0235
1042	2708.0649	918.8152	0.0000	1.0247
1043	2708.0649	946.4036	0.0000	1.0254
1044	2708.0649	902.9283	0.0000	1.0263
1045	2708.0649	950.4972	0.0000	1.0278
1046	2708.0649	900.1100	0.0000	1.0287
1047	2708.0649	997.2095	0.0000	1.0295
1048	2708.0649	901.7876	0.0000	1.0304
1049	2708.0649	879.4215	0.0000	1.0319
1050	2708.0649	932.7187	0.0000	1.0330
1051	2708.0649	1030.9082	0.0000	1.0339
1052	2707.4501	883.5467	0.0000	1.0351
1053	2707.4501	866.0915	0.0000	1.0360
1054	2707.4501	881.7653	0.0000	1.0373
1055	2707.4501	724.2825	0.0000	1.0382
1056	2707.4501	891.1376	0.0000	1.0395
1057	2707.4501	736.8834	0.0000	1.0402
1058	2707.4501	852.0207	0.0000	1.0414
1059	2707.4501	862.3767	0.0000	1.0426
1060	2707.4501	789.7246	0.0000	1.0434
1061	2707.4501	804.8895	0.0000	1.0443
1062	2707.4501	809.0489	0.0000	1.0451
1063	2707.4501	803.2334	0.0000	1.0462
1064	2707.4501	901.2541	0.0000	1.0469
1065	2707.4501	880.9979	0.0000	1.0483
1066	2707.4501	818.2336	0.0000	1.0492
1067	2707.4501	932.7416	0.0000	1.0508
1068	2707.4501	797.8851	0.0000	1.0518
1069	2707.4742	814.8794	0.0000	1.0527
1070	2707.4742	863.2313	0.0000	1.0540
1071	2707.4742	734.1307	0.0000	1.0552
1072	2707.4742	820.4907	0.0000	1.0561
1073	2699.3256	786.8301	0.0000	1.0575
1074	2699.3256	802.2303	0.0000	1.0586
1075	2699.3256	740.4802	0.0000	1.0595
1076	2699.3256	796.8643	0.0000	1.0609
1077	2699.3256	873.0266	0.0000	1.0621
1078	2699.3256	812.4454	0.0000	1.0628
1079	2699.3256	878.8080	0.0000	1.0639
1080	2699.3256	796.9084	0.0000	1.0650
1081	2699.3256	642.0161	0.0000	1.0666
1082	2699.3256	659.7032	0.0000	1.0680
1083	2699.3256	756.5338	0.0000	1.0689
1084	2699.3256	636.2349	0.0000	1.0697
1085	2699.3256	661.0288	0.0000	1.0708
1086	2699.3256	621.9483	0.0000	1.0726
1087	2699.3256	575.7025	0.0000	1.0735
1088	2699.3256	615.5725	0.0000	1.0748
1089	2699.3256	591.9432	0.0000	1.0762
1090	2699.3256	682.7660	0.0000	1.0770
1091	2699.3256	717.3891	0.0000	1.0780
1092	2699.3256	600.3726	0.0000	1.0792
1093	2699.3256	641.0709	0.0000	1.0802
1094	2699.3256	622.5911	0.0000	1.0811
1095	2699.3256	683.9376	0.0000	1.0824
1096	2699.3256	643.4829	0.0000	1.0839
1097	2699.3256	610.4833	0.0000	1.0850
1098	2699.3256	712.1720	0.0000	1.0857
1099	2699.3256	641.6240	0.0000	1.0865
1100	2699.3256	762.9478	0.0000	1.0874
1101	2702.9349	650.5842	0.0000	1.0883
1102	2702.9349	680.6914	0.0000	1.0891
1103	2702.9349	815.4139	0.0000	1.0898
1104	2705.4353	782.9859	0.0000	1.0906
1105	2705.4353	767.3352	0.0000	1.0913
1106	2705.4353	684.9747	0.0000	1.0922
1107	2705.4353	791.5319	0.0000	1.0929
1108	2705.4353	799.5076	0.0000	1.0937
1109	2705.4353	717.7826	0.0000	1.0944
1110	2705.4353	791.1636	0.0000	1.0953
1111	2705.4353	769.2419	0.0000	1.0960
1112	2705.4353	908.7741	0.0000	1.0968
1113	2705.4353	812.8061	0.0000	1.0975
1114	2705.4353	965.2631	0.0000	1.0982
1115	2705.4353	916.9334	0.0000	1.0990
1116	2705.4353	815.4756	0.0000	1.0998
1117	2705.4353	882.5181	0.0000	1.1005
1118	2705.4353	909.9813	0.0000	1.1012
1119	2705.4353	909.3112	0.0000	1.1020
1120	2705.4353	908.7545	0.0000	1.1030
1121	2705.4353	836.5413	0.0000	1.1041
1122	2707.3037	856.7278	0.0000	1.1049
1123	2707.3037	880.1873	0.0000	1.1058
1124	2707.3037	862.1483	0.0000	1.1067
1125	2707.3037	921.2109	0.0000	1.1074
1126	2707.3037	888.8128	0.0000	1.1081
1127	2707.3037	959.6431	0.0000	1.1089
1128	2707.3037	990.7086	0.0000	1.1097
1129	2707.3037	1041.7804	0.0000	1.1105
1130	2707.3037	980.2197	0.0000	1.1113
1131	2707.3037	958.5694	0.0000	1.1122
1132	2707.3037	928.7691	0.0000	1.1132
1133	2707.3037	954.7214	0.0000	1.1140
1134	2707.3037	858.6355	0.0000	1.1147
1135	2707.3037	938.0353	0.0000	1.1155
1136	2707.3037	966.1213	0.0000	1.1162
1137	2707.3037	892.1841	0.0000	1.1169
1138	2707.3037	967.9606	0.0000	1.1177
1139	2707.3037	1011.5335	0.0000	1.1184
1140	2707.3037	891.7360	0.0000	1.1194
1141	2707.3037	927.9202	0.0000	1.1203
1142	2707.3037	1050.0083	0.0000	1.1213
1143	2707.3037	962.5105	0.0000	1.1224
1144	2707.3037	1018.3482	0.0000	1.1232
1145	2707.3037	827.4476	0.0000	1.1245
1146	2707.3037	967.3631	0.0000	1.1256
1147	2707.3037	942.7689	0.0000	1.1267
1148	2707.3037	848.4949	0.0000	1.1279
1149	2707.3037	844.1538	0.0000	1.1291
1150	2707.3037	900.4043	0.0000	1.1302
1151	2707.3037	918.2635	0.0000	1.1315
1152	2707.3037	918.3570	0.0000	1.1327
1153	2707.3037	979.5915	0.0000	1.1335
1154	2707.3037	945.7434	0.0000	1.1343
1155	2707.3037	914.5278	0.0000	1.1354
1156	2707.3037	854.6607	0.0000	1.1368
1157	2707.3037	890.5929	0.0000	1.1376
1158	2707.3037	961.1630	0.0000	1.1387
1159	2707.3037	886.6676	0.0000	1.1404
1160	2707.3037	1083.1633	0.0000	1.1415
1161	2707.3037	876.5819	0.0000	1.1425
1162	2707.3037	930.4976	0.0000	1.1435
1163	2707.3037	886.9396	0.0000	1.1451
1164	2707.3037	970.4023	0.0000	1.1464
1165	2707.3037	875.4700	0.0000	1.1474
1166	2707.3037	949.0201	0.0000	1.1487
1167	2707.3037	1015.3838	0.0000	1.1498
1168	2707.3037	982.8985	0.0000	1.1512
1169	2707.3037	927.8274	0.0000	1.1522
1170	2707.3037	1151.7736	0.0000	1.1537
1171	2707.3037	971.8742	0.0000	1.1546
1172	2707.3037	982.9114	0.0000	1.1558
1173	2707.3037	903.8463	0.0000	1.1571
1174	2707.3037	883.2120	0.0000	1.1579
1175	2707.3037	907.0106	0.0000	1.1589
1176	2707.3037	969.8087	0.0000	1.1597
1177	2707.3037	866.8732	0.0000	1.1606
1178	2707.3037	909.8240	0.0000	1.1617
1179	2707.3037	890.8406	0.0000	1.1625
1180	2707.3037	931.5027	0.0000	1.1639
1181	2707.3037	1046.2349	0.0000	1.1649
1182	2707.3696	995.6203	0.0000	1.1666
1183	2707.3696	863.5106	0.0000	1.1679
1184	2707.3696	843.6891	0.0000	1.1691
1185	2707.3696	845.0979	0.0000	1.1707
1186	2707.3696	834.3957	0.0000	1.1721
1187	2707.3696	963.5194	0.0000	1.1732
1188	2707.3696	844.6915	0.0000	1.1746
1189	2707.3696	799.5491	0.0000	1.1757
1190	2707.3696	781.6601	0.0000	1.1766
1191	2707.3696	797.2947	0.0000	1.1780
1192	2707.3696	1016.8138	0.0000	1.1793
1193	2707.3696	805.0606	0.0000	1.1802
1194	2707.3696	902.0856	0.0000	1.1815
1195	2707.3696	821.6068	0.0000	1.1828
1196	2707.3696	862.7050	0.0000	1.1839
1197	2707.3696	857.1295	0.0000	1.1851
1198	2707.3696	862.8905	0.0000	1.1870
1199	2707.3696	734.3197	0.0000	1.1879
1200	2707.3696	765.1424	0.0000	1.1890
1201	2707.3696	844.0665	0.0000	1.1901
1202	2707.3696	717.9378	0.0000	1.1921
1203	2705.9214	760.1435	0.0000	1.1930
1204	2705.9214	786.3648	0.0000	1.1946
1205	2705.9214	715.4430	0.0000	1.1962
1206	2705.9214	680.7232	0.0000	1.1969
1207	2705.9214	789.4524	0.0000	1.1983
1208	2705.9214	789.6511	0.0000	1.1993
1209	2705.9214	655.4405	0.0000	1.2003
1210	2705.9214	752.0550	0.0000	1.2013
1211	2705.9214	744.0831	0.0000	1.2028
1212	2705.9214	723.3579	0.0000	1.2042
1213	2705.9214	689.5124	0.0000	1.2055
1214	2705.9214	796.9466	0.0000	1.2062
1215	2705.9214	743.9533	0.0000	1.2070
1216	2705.9214	742.4902	0.0000	1.2078
1217	2705.9214	790.2009	0.0000	1.2087
1218	2705.9214	754.1383	0.0000	1.2094
1219	2705.9214	911.8931	0.0000	1.2102
1220	2705.9214	762.5956	0.0000	1.2110
1221	2705.9214	682.4904	0.0000	1.2118
1222	2705.9214	849.2066	0.0000	1.2127
1223	2705.9214	645.6088	0.0000	1.2134
1224	2705.9214	765.5961	0.0000	1.2142
1225	2705.9214	754.6757	0.0000	1.2150
1226	2705.9214	790.1646	0.0000	1.2159
1227	2705.9214	951.4931	0.0000	1.2166
1228	2705.9214	856.2451	0.0000	1.2174
1229	2705.9214	878.1505	0.0000	1.2181
1230	2705.9214	800.5495	0.0000	1.2189
1231	2705.9214	840.2530	0.0000	1.2198
1232	2705.9214	927.2572	0.0000	1.2205
1233	2705.9214	979.3637	0.0000	1.2213
1234	2705.9214	865.7233	0.0000	1.2221
1235	2705.9214	863.1631	0.0000	1.2229
1236	2705.9214	967.7420	0.0000	1.2239
1237	2705.9214	950.7019	0.0000	1.2250
1238	2705.9214	826.0767	0.0000	1.2259
1239	2705.9214	990.2967	0.0000	1.2268
1240	2705.9214	1022.0576	0.0000	1.2277
1241	2705.9214	951.5653	0.0000	1.2285
1242	2705.9214	948.0967	0.0000	1.2293
1243	2705.9214	1000.6805	0.0000	1.2301
1244	2705.9214	915.8418	0.0000	1.2309
1245	2705.9214	922.1187	0.0000	1.2317
1246	2705.9214	1109.0243	0.0000	1.2325
1247	2705.9214	912.6614	0.0000	1.2334
1248	2705.9214	1007.8974	0.0000	1.2344
1249	2705.9214	1017.3348	0.0000	1.2354
1250	2705.9214	963.9761	0.0000	1.2362
1251	2705.9214	922.2224	0.0000	1.2370
1252	2705.9214	907.1864	0.0000	1.2377
1253	2705.9214	1095.7901	0.0000	1.2385
1254	2705.9214	1015.5754	0.0000	1.2393
1255	2705.9214	1082.2799	0.0000	1.2402
1256	2705.9214	951.2391	0.0000	1.2410
1257	2705.9214	1122.0089	0.0000	1.2420
1258	2705.9214	1055.3886	0.0000	1.2430
1259	2705.9214	1051.0183	0.0000	1.2441
1260	2705.9214	1015.0618	0.0000	1.2451
1261	2705.9214	1020.0882	0.0000	1.2459
1262	2705.9214	1002.5442	0.0000	1.2475
1263	2706.6069	1056.1818	0.0000	1.2486
1264	2706.6069	1022.5118	0.0000	1.2498
1265	2706.6069	969.9012	0.0000	1.2512
1266	2706.6069	1012.2789	0.0000	1.2523
1267	2706.6069	834.2482	0.0000	1.2535
1268	2706.6069	1021.3705	0.0000	1.2548
1269	2706.6069	993.9602	0.0000	1.2557
1270	2706.6069	891.2171	0.0000	1.2565
1271	2706.6069	1098.9141	0.0000	1.2573
1272	2707.0560	967.0697	0.0000	1.2583
1273	2707.0560	1028.3886	0.0000	1.2596
1274	2708.5533	1054.9175	0.0000	1.2604
1275	2708.5533	1069.1808	0.0000	1.2612
1276	2707.0560	1113.8296	0.0000	1.2629
1277	2707.0560	989.2172	0.0000	1.2638
1278	2707.0560	942.1056	0.0000	1.2648
1279	2707.0560	1037.9375	0.0000	1.2659
1280	2707.0560	1046.1770	0.0000	1.2673
1281	2707.0560	928.6918	0.0000	1.2682
1282	2707.0560	878.5561	0.0000	1.2691
1283	2707.0560	782.8546	0.0000	1.2701
1284	2707.0560	948.5388	0.0000	1.2715
1285	2707.0560	967.1330	0.0000	1.2725
1286	2707.0560	912.3626	0.0000	1.2738
1287	2707.0560	906.8096	0.0000	1.2747
1288	2707.0560	901.0373	0.0000	1.2761
1289	2707.0560	848.2871	0.0000	1.2769
1290	2707.0560	906.2113	0.0000	1.2782
1291	2707.0560	971.8632	0.0000	1.2794
1292	2707.0560	864.6401	0.0000	1.2802
1293	2707.0560	944.1869	0.0000	1.2811
1294	2707.0560	993.8380	0.0000	1.2818
1295	2707.0560	1014.1269	0.0000	1.2825
1296	2707.0560	974.8585	0.0000	1.2837
1297	2707.0560	916.7395	0.0000	1.2845
1298	2707.0560	970.1527	0.0000	1.2860
1299	2707.0560	943.9184	0.0000	1.2869
1300	2705.9010	928.6584	0.0000	1.2886
1301	2705.9010	898.8549	0.0000	1.2897
1302	2705.9010	801.3254	0.0000	1.2906
1303	2705.9010	953.5841	0.0000	1.2917
1304	2705.9010	754.7919	0.0000	1.2929
1305	2705.9010	864.7625	0.0000	1.2942
1306	2705.9010	855.0084	0.0000	1.2949
1307	2705.9010	951.3291	0.0000	1.2962
1308	2705.9010	764.2487	0.0000	1.2972
1309	2705.9010	936.8228	0.0000	1.2980
1310	2705.9010	822.2125	0.0000	1.2993
1311	2701.3140	734.6509	0.0000	1.3006
1312	2701.3140	751.0693	0.0000	1.3013
1313	2701.3140	838.8467	0.0000	1.3024
1314	2701.3140	690.8945	0.0000	1.3035
1315	2701.3140	688.9724	0.0000	1.3045
1316	2701.3140	794.3549	0.0000	1.3058
1317	2701.3140	842.7437	0.0000	1.3075
1318	2701.3140	581.2993	0.0000	1.3084
1319	2701.3140	750.8405	0.0000	1.3094
1320	2701.3140	701.5454	0.0000	1.3104
1321	2701.3140	724.4877	0.0000	1.3123
1322	2701.3140	677.9420	0.0000	1.3132
1323	2701.3140	761.4528	0.0000	1.3144
1324	2698.1419	634.0085	0.0000	1.3160
1325	2705.7338	579.7968	0.0000	1.3168
1326	2705.7338	520.2909	0.0000	1.3178
1327	2705.7338	530.1729	0.0000	1.3186
1328	2708.4093	553.5433	0.0000	1.3196
1329	2708.4093	642.0491	0.0000	1.3205
1330	2705.7338	587.4432	0.0000	1.3214
1331	2705.7338	666.4044	0.0000	1.3228
1332	2705.7338	574.1556	0.0000	1.3243
1333	2705.7338	638.8945	0.0000	1.3255
1334	2705.7338	657.1405	0.0000	1.3263
1335	2705.7338	629.5892	0.0000	1.3270
1336	2705.7338	619.5290	0.0000	1.3277
1337	2708.9559	810.2060	0.0000	1.3287
1338	2708.9559	674.7787	0.0000	1.3296
1339	2708.9559	722.0756	0.0000	1.3306
1340	2708.9559	642.2493	0.0000	1.3313
1341	2708.9559	764.4303	0.0000	1.3321
1342	2708.9559	835.8138	0.0000	1.3329
1343	2708.9559	724.1086	0.0000	1.3337
1344	2708.9559	801.6060	0.0000	1.3345
1345	2708.9559	838.3698	0.0000	1.3353
1346	2708.9559	760.3052	0.0000	1.3361
1347	2708.9559	716.2147	0.0000	1.3370
1348	2708.9559	738.0148	0.0000	1.3379
1349	2708.9559	720.2338	0.0000	1.3387
1350	2708.9559	805.2887	0.0000	1.3396
1351	2708.9559	848.4199	0.0000	1.3404
1352	2708.9559	879.6003	0.0000	1.3412
1353	2708.9559	761.0783	0.0000	1.3421
1354	2708.9559	877.1030	0.0000	1.3429
1355	2708.9559	849.0225	0.0000	1.3436
1356	2708.9559	850.1884	0.0000	1.3448
1357	2708.9559	897.6233	0.0000	1.3463
1358	2708.9559	945.4696	0.0000	1.3472
1359	2708.9559	932.1436	0.0000	1.3482
1360	2708.9559	948.1301	0.0000	1.3491
1361	2708.9559	841.7881	0.0000	1.3500
1362	2708.9559	916.3431	0.0000	1.3508
1363	2708.9559	937.7181	0.0000	1.3515
1364	2708.9559	937.5113	0.0000	1.3522
1365	2708.9559	920.7330	0.0000	1.3530
1366	2708.9559	922.3385	0.0000	1.3537
1367	2708.9559	849.5233	0.0000	1.3545
1368	2693.3411	898.4416	0.0000	1.3554
1369	2693.3411	1002.9059	0.0000	1.3563
1370	2693.3411	984.1441	0.0000	1.3571
1371	2693.3411	986.4220	0.0000	1.3579
1372	2693.3411	1042.2400	0.0000	1.3586
1373	2697.6152	944.4632	0.0000	1.3594
1374	2697.6152	945.6084	0.0000	1.3601
1375	2697.6152	1001.7671	0.0000	1.3609
1376	2697.6152	1039.5765	0.0000	1.3617
1377	2697.6152	1049.9873	0.0000	1.3626
1378	2697.6152	972.8363	0.0000	1.3636
1379	2697.6152	1036.2412	0.0000	1.3643
1380	2697.6152	1060.2151	0.0000	1.3654
1381	2697.6152	923.3301	0.0000	1.3662
1382	2697.6152	936.9549	0.0000	1.3676
1383	2697.6152	1037.9435	0.0000	1.3686
1384	2697.6152	976.7354	0.0000	1.3697
1385	2697.6152	1065.5254	0.0000	1.3704
1386	2697.6152	973.4482	0.0000	1.3716
1387	2697.6152	1007.1092	0.0000	1.3727
1388	2693.3411	1039.9516	0.0000	1.3738
1389	2693.3411	940.2547	0.0000	1.3750
1390	2693.3411	994.6859	0.0000	1.3760
1391	2693.3411	1038.3919	0.0000	1.3767
1392	2693.3411	973.0485	0.0000	1.3778
1393	2693.3411	972.5282	0.0000	1.3788
1394	2693.3411	1055.4262	0.0000	1.3800
1395	2693.3411	905.3741	0.0000	1.3808
1396	2693.3411	999.8662	0.0000	1.3816
1397	2693.3411	973.2769	0.0000	1.3831
1398	2693.3411	992.0199	0.0000	1.3841
1399	2693.3411	1052.5742	0.0000	1.3850
1400	2693.3411	1040.5004	0.0000	1.3859
1401	2699.6601	1014.4382	0.0000	1.3873
1402	2699.6601	944.6208	0.0000	1.3883
1403	2699.6601	922.1121	0.0000	1.3892
1404	2699.6601	831.0709	0.0000	1.3900
1405	2699.6601	853.6002	0.0000	1.3910
1406	2699.6601	899.8481	0.0000	1.3924
1407	2699.6601	947.4737	0.0000	1.3933
1408	2699.6601	833.6119	0.0000	1.3944
1409	2699.6601	969.4728	0.0000	1.3953
1410	2699.6601	921.8289	0.0000	1.3965
1411	2699.6601	870.5887	0.0000	1.3973
1412	2699.6601	888.5521	0.0000	1.3985
1413	2707.9177	880.4936	0.0000	1.3997
1414	2707.9177	914.5631	0.0000	1.4005
1415	2707.9177	976.9900	0.0000	1.4014
1416	2707.9177	923.8128	0.0000	1.4022
1417	2707.9177	898.8949	0.0000	1.4029
1418	2707.9177	813.0073	0.0000	1.4039
1419	2707.9177	846.0217	0.0000	1.4047
1420	2707.9177	937.6951	0.0000	1.4062
1421	2707.9177	925.7679	0.0000	1.4071
1422	2707.9177	1004.0360	0.0000	1.4087
1423	2707.9177	922.3039	0.0000	1.4098
1424	2707.9177	829.9245	0.0000	1.4107
1425	2707.9177	872.0142	0.0000	1.4118
1426	2707.9177	758.5515	0.0000	1.4131
1427	2707.9177	721.6145	0.0000	1.4143
1428	2707.9177	936.4542	0.0000	1.4155
1429	2707.9177	855.3678	0.0000	1.4165
1430	2707.9177	945.7154	0.0000	1.4178
1431	2707.9177	910.6518	0.0000	1.4189
1432	2707.9177	938.8649	0.0000	1.4202
1433	2707.9177	825.6549	0.0000	1.4220
1434	2701.6302	862.3587	0.0000	1.4233
1435	2701.6302	922.0863	0.0000	1.4243
1436	2701.6302	943.2915	0.0000	1.4260
1437	2701.6302	796.7419	0.0000	1.4277
1438	2701.6302	839.7382	0.0000	1.4294
1439	2701.6302	891.7311	0.0000	1.4306
1440	2701.6302	874.3004	0.0000	1.4322
1441	2701.6302	740.8321	0.0000	1.4332
1442	2701.6302	847.4802	0.0000	1.4341
1443	2701.6302	797.1086	0.0000	1.4350
1444	2701.6302	985.5436	0.0000	1.4368
1445	2701.6302	841.2672	0.0000	1.4377
1446	2701.6302	816.6517	0.0000	1.4390
1447	2701.6302	687.8748	0.0000	1.4404
1448	2701.6302	728.8783	0.0000	1.4411
1449	2701.6302	794.6374	0.0000	1.4421
1450	2701.6302	752.4077	0.0000	1.4430
1451	2701.6302	764.5161	0.0000	1.4437
1452	2701.6302	829.4977	0.0000	1.4448
1453	2701.6302	791.6805	0.0000	1.4457
1454	2701.6302	742.3617	0.0000	1.4467
1455	2701.6302	750.0357	0.0000	1.4480
1456	2688.2163	741.7479	0.0000	1.4494
1457	2688.2163	678.9703	0.0000	1.4504
1458	2688.2163	751.6102	0.0000	1.4512
1459	2688.2163	743.2523	0.0000	1.4519
1460	2688.2163	862.3894	0.0000	1.4526
1461	2688.2163	753.6592	0.0000	1.4535
1462	2688.2163	672.8937	0.0000	1.4542
1463	2688.2163	872.7404	0.0000	1.4551
1464	2688.2163	830.6487	0.0000	1.4558
1465	2688.2163	831.4428	0.0000	1.4566
1466	2688.2163	900.4118	0.0000	1.4573
1467	2688.2163	826.6802	0.0000	1.4580
1468	2688.2163	762.2958	0.0000	1.4587
1469	2688.2163	839.2618	0.0000	1.4594
1470	2688.2163	1055.1210	0.0000	1.4602
1471	2688.2163	853.9884	0.0000	1.4609
1472	2688.2163	927.5201	0.0000	1.4616
1473	2689.9985	1035.1520	0.0000	1.4623
1474	2689.9985	946.3993	0.0000	1.4630
1475	2689.9985	918.7535	0.0000	1.4638
1476	2704.9421	987.1322	0.0000	1.4645
1477	2704.9421	983.4670	0.0000	1.4652
1478	2705.2367	951.8691	0.0000	1.4659
1479	2705.2367	980.0176	0.0000	1.4667
1480	2705.2367	1067.4903	0.0000	1.4676
1481	2705.2367	1086.4869	0.0000	1.4687
1482	2705.2367	990.7931	0.0000	1.4694
1483	2705.2367	1046.3946	0.0000	1.4703
1484	2705.2367	1018.0078	0.0000	1.4713
1485	2705.2367	1161.2651	0.0000	1.4720
1486	2705.2367	1090.6365	0.0000	1.4727
1487	2705.2367	1065.1196	0.0000	1.4734
1488	2705.2367	1070.7602	0.0000	1.4741
1489	2705.2367	1136.0167	0.0000	1.4749
1490	2705.2367	1037.7726	0.0000	1.4756
1491	2705.2367	1030.9230	0.0000	1.4764
1492	2705.2367	1053.6954	0.0000	1.4772
1493	2705.2367	1047.0232	0.0000	1.4781
1494	2705.2367	1012.9826	0.0000	1.4789
1495	2706.4454	1047.1637	0.0000	1.4797
1496	2706.4454	991.9846	0.0000	1.4804
1497	2706.4454	1012.8345	0.0000	1.4811
1498	2706.4454	1008.4573	0.0000	1.4818
1499	2706.8229	1206.3549	0.0000	1.4826
1500	2706.8229	1036.5912	0.0000	1.4833
1501	2706.8229	1092.8040	0.0000	1.4842
1502	2707.6042	1088.7656	0.0000	1.4851
1503	2707.8653	1038.7142	0.0000	1.4858
1504	2707.8653	1254.2443	0.0000	1.4870
1505	2707.8653	1179.9871	0.0000	1.4877
1506	2707.8437	1141.4090	0.0000	1.4891
1507	2707.8437	994.8454	0.0000	1.4900
1508	2707.8437	866.2211	0.0000	1.4910
1509	2707.8437	914.4465	0.0000	1.4918
1510	2707.8437	909.4257	0.0000	1.4930
1511	2707.8437	957.1088	0.0000	1.4941
1512	2707.8437	930.2637	0.0000	1.4952
1513	2707.8437	874.2069	0.0000	1.4964
1514	2707.8437	912.3336	0.0000	1.4974
1515	2707.8437	928.5606	0.0000	1.4982
1516	2707.8437	984.7790	0.0000	1.4993
1517	2707.8437	955.3252	0.0000	1.5006
1518	2707.8437	891.6906	0.0000	1.5019
1519	2707.8437	984.4113	0.0000	1.5026
1520	2707.8437	872.8630	0.0000	1.5033
1521	2707.8437	945.4806	0.0000	1.5049
1522	2707.8437	826.2124	0.0000	1.5056
1523	2707.8437	940.4912	0.0000	1.5065
1524	2708.1689	934.9276	0.0000	1.5074
1525	2708.1689	937.8876	0.0000	1.5084
1526	2708.1689	923.4476	0.0000	1.5098
1527	2708.1689	763.6849	0.0000	1.5107
1528	2708.5153	918.7953	0.0000	1.5116
1529	2708.5153	858.9688	0.0000	1.5123
1530	2708.5153	932.8741	0.0000	1.5132
1531	2708.5153	723.5959	0.0000	1.5146
1532	2708.5153	860.7956	0.0000	1.5155
1533	2708.5153	885.1580	0.0000	1.5166
1534	2708.5153	807.5972	0.0000	1.5175
1535	2708.5153	919.2126	0.0000	1.5187
1536	2708.5153	969.6509	0.0000	1.5195
1537	2708.5153	819.4337	0.0000	1.5208
1538	2708.5153	847.9947	0.0000	1.5220
1539	2708.5153	845.7574	0.0000	1.5227
1540	2708.5153	817.2973	0.0000	1.5236
1541	2708.5153	941.2902	0.0000	1.5244
1542	2708.5153	1001.1756	0.0000	1.5251
1543	2708.2654	963.8955	0.0000	1.5262
1544	2708.2654	957.0685	0.0000	1.5269
1545	2708.2654	817.2813	0.0000	1.5284
1546	2708.2654	926.1566	0.0000	1.5293
1547	2708.2654	863.3662	0.0000	1.5310
1548	2708.2654	933.0663	0.0000	1.5319
1549	2708.2654	731.9592	0.0000	1.5328
1550	2708.2654	838.9961	0.0000	1.5337
1551	2708.2654	912.5418	0.0000	1.5348
1552	2708.2654	925.6243	0.0000	1.5359
1553	2708.2654	798.3564	0.0000	1.5370
1554	2708.2654	889.9716	0.0000	1.5380
1555	2708.2654	927.2820	0.0000	1.5387
1556	2708.2654	871.4978	0.0000	1.5399
1557	2708.2654	894.3594	0.0000	1.5408
1558	2708.2654	854.4680	0.0000	1.5417
1559	2708.2654	831.6030	0.0000	1.5430
1560	2708.2654	831.4074	0.0000	1.5442
1561	2708.2654	836.2015	0.0000	1.5450
1562	2708.2654	781.2865	0.0000	1.5461
1563	2708.2654	997.4486	0.0000	1.5472
1564	2708.2654	892.6233	0.0000	1.5484
1565	2708.5762	873.6174	0.0000	1.5495
1566	2708.5762	951.5709	0.0000	1.5511
1567	2708.5762	899.3573	0.0000	1.5521
1568	2708.5762	783.1884	0.0000	1.5530
1569	2708.5762	804.3791	0.0000	1.5539
1570	2706.4880	863.2345	0.0000	1.5557
1571	2706.4880	740.6413	0.0000	1.5566
1572	2706.4880	782.4277	0.0000	1.5579
1573	2706.4880	769.8726	0.0000	1.5593
1574	2706.4880	761.5234	0.0000	1.5600
1575	2706.4880	720.6315	0.0000	1.5610
1576	2706.4880	739.7023	0.0000	1.5619
1577	2706.4880	720.7281	0.0000	1.5626
1578	2706.4880	786.0149	0.0000	1.5637
1579	2706.4880	850.1572	0.0000	1.5646
1580	2706.4880	795.6925	0.0000	1.5656
1581	2706.4880	721.3337	0.0000	1.5669
1582	2706.4880	854.0076	0.0000	1.5676
1583	2706.4880	823.6017	0.0000	1.5690
1584	2706.4880	773.1128	0.0000	1.5701
1585	2706.4880	774.8960	0.0000	1.5708
1586	2706.4880	831.3961	0.0000	1.5716
1587	2706.5651	677.3511	0.0000	1.5723
1588	2706.5651	873.3268	0.0000	1.5732
1589	2706.5651	800.5496	0.0000	1.5739
1590	2706.5651	762.8336	0.0000	1.5747
1591	2706.5651	776.3116	0.0000	1.5754
1592	2706.5651	871.5516	0.0000	1.5761
1593	2706.5651	859.6813	0.0000	1.5768
1594	2706.5651	861.7226	0.0000	1.5775
1595	2706.5651	809.8776	0.0000	1.5783
1596	2706.5651	843.1501	0.0000	1.5790
1597	2706.6224	960.5875	0.0000	1.5797
1598	2706.6224	904.2638	0.0000	1.5804
1599	2706.6224	917.0504	0.0000	1.5811
1600	2706.6224	955.9105	0.0000	1.5819
1601	2706.6224	808.9736	0.0000	1.5826
1602	2706.6224	944.0139	0.0000	1.5833
1603	2706.6224	955.5440	0.0000	1.5840
1604	2706.6224	1085.5146	0.0000	1.5847
1605	2706.6224	918.1806	0.0000	1.5855
1606	2706.6224	1049.3109	0.0000	1.5862
1607	2706.6224	933.6705	0.0000	1.5872
1608	2706.7255	978.5205	0.0000	1.5884
1609	2706.7255	991.0591	0.0000	1.5892
1610	2706.7255	959.9397	0.0000	1.5901
1611	2707.1204	940.3180	0.0000	1.5910
1612	2708.7413	930.3681	0.0000	1.5918
1613	2708.7413	1067.0122	0.0000	1.5925
1614	2708.7413	897.5847	0.0000	1.5933
1615	2708.7413	969.3527	0.0000	1.5940
1616	2708.7413	966.9546	0.0000	1.5947
1617	2708.7413	1045.7898	0.0000	1.5954
1618	2708.7413	873.4104	0.0000	1.5962
1619	2708.7413	1036.7648	0.0000	1.5971
1620	2708.7413	1077.1941	0.0000	1.5980
1621	2708.7413	899.6648	0.0000	1.5987
1622	2708.7413	891.0418	0.0000	1.5995
1623	2708.7413	1115.9199	0.0000	1.6002
1624	2708.7413	1043.7982	0.0000	1.6009
1625	2708.7413	1036.5197	0.0000	1.6017
1626	2708.7413	994.3505	0.0000	1.6024
1627	2708.7413	1029.3859	0.0000	1.6031
1628	2708.7413	1046.8719	0.0000	1.6042
1629	2708.7413	1139.7522	0.0000	1.6052
1630	2708.7413	1067.9049	0.0000	1.6059
1631	2708.7413	1238.6929	0.0000	1.6071
1632	2708.7413	1079.0699	0.0000	1.6079
1633	2708.7413	998.0466	0.0000	1.6093
1634	2708.7413	970.8298	0.0000	1.6102
1635	2708.7413	1066.1552	0.0000	1.6114
1636	2708.7413	1113.5992	0.0000	1.6124
1637	2708.7413	969.7701	0.0000	1.6137
1638	2708.7413	1008.4911	0.0000	1.6148
1639	2708.7413	1063.1188	0.0000	1.6159
1640	2708.7413	1006.9205	0.0000	1.6172
1641	2708.7413	1041.5498	0.0000	1.6181
1642	2708.7413	1009.8020	0.0000	1.6188
1643	2708.4810	1030.5754	0.0000	1.6199
1644	2708.4810	1013.5160	0.0000	1.6211
1645	2708.4810	1137.2035	0.0000	1.6225
1646	2708.4810	952.4820	0.0000	1.6232
1647	2708.4810	836.8456	0.0000	1.6239
1648	2708.4810	936.2163	0.0000	1.6255
1649	2708.4810	921.4207	0.0000	1.6262
1650	2708.4810	946.0415	0.0000	1.6271
1651	2708.5685	1017.0681	0.0000	1.6280
1652	2708.5685	1023.1194	0.0000	1.6289
1653	2708.5685	964.1713	0.0000	1.6304
1654	2708.5685	955.0852	0.0000	1.6314
1655	2708.5685	983.6351	0.0000	1.6324
1656	2708.5685	904.8106	0.0000	1.6331
1657	2708.5685	850.3898	0.0000	1.6341
1658	2708.5685	870.9661	0.0000	1.6355
1659	2708.5685	644.6206	0.0000	1.6362
1660	2708.5685	910.0778	0.0000	1.6371
1661	2708.5685	812.8607	0.0000	1.6382
1662	2708.5685	799.6475	0.0000	1.6391
1663	2708.5685	773.0312	0.0000	1.6403
1664	2708.8707	823.9368	0.0000	1.6410
1665	2708.8707	849.7338	0.0000	1.6422
1666	2708.8707	651.5976	0.0000	1.6435
1667	2708.8707	704.6658	0.0000	1.6442
1668	2708.8707	813.2988	0.0000	1.6449
1669	2708.8707	834.0383	0.0000	1.6457
1670	2708.8707	864.1439	0.0000	1.6464
1671	2708.8707	793.4193	0.0000	1.6474
1672	2708.8707	858.6001	0.0000	1.6481
1673	2708.8707	817.2188	0.0000	1.6496
1674	2708.8707	942.1565	0.0000	1.6504
1675	2708.8707	942.4414	0.0000	1.6521
1676	2708.8707	733.9572	0.0000	1.6530
1677	2708.8707	707.1144	0.0000	1.6539
1678	2708.8707	813.0200	0.0000	1.6548
1679	2708.4810	798.3723	0.0000	1.6559
1680	2708.1714	861.2599	0.0000	1.6570
1681	2708.1714	876.0301	0.0000	1.6581
1682	2708.1714	784.4751	0.0000	1.6590
1683	2708.1714	761.9376	0.0000	1.6597
1684	2708.1714	898.6917	0.0000	1.6610
1685	2708.1714	800.9010	0.0000	1.6619
1686	2708.1714	827.2867	0.0000	1.6628
1687	2708.1714	779.1362	0.0000	1.6642
1688	2708.1714	882.9181	0.0000	1.6654
1689	2708.1714	901.4787	0.0000	1.6661
1690	2708.1714	798.6371	0.0000	1.6672
1691	2708.1714	750.5559	0.0000	1.6683
1692	2708.1714	748.1233	0.0000	1.6694
1693	2708.1714	753.7995	0.0000	1.6705
1694	2708.1714	732.8134	0.0000	1.6712
1695	2708.1714	743.5507	0.0000	1.6730
1696	2708.1714	711.3320	0.0000	1.6740
1697	2708.1714	785.1709	0.0000	1.6749
1698	2708.1714	784.8800	0.0000	1.6758
1699	2708.1714	677.7729	0.0000	1.6776
1700	2708.1714	688.0511	0.0000	1.6785
1701	2708.1714	613.0632	0.0000	1.6797
1702	2708.1714	627.4390	0.0000	1.6812
1703	2708.1714	693.9682	0.0000	1.6819
1704	2708.1714	803.7117	0.0000	1.6828
1705	2708.1714	762.6710	0.0000	1.6836
1706	2708.1714	670.6713	0.0000	1.6844
1707	2708.1714	714.6119	0.0000	1.6854
1708	2708.1714	767.5458	0.0000	1.6863
1709	2708.1714	715.8049	0.0000	1.6872
1710	2708.1714	787.2798	0.0000	1.6884
1711	2708.1714	771.8867	0.0000	1.6892
1712	2708.0145	771.0559	0.0000	1.6907
1713	2708.0145	637.2075	0.0000	1.6916
1714	2708.0145	747.7539	0.0000	1.6930
1715	2708.0145	757.3954	0.0000	1.6938
1716	2708.0145	711.3577	0.0000	1.6945
1717	2708.0145	709.1225	0.0000	1.6952
1718	2708.0145	785.8432	0.0000	1.6961
1719	2708.0145	851.8269	0.0000	1.6968
1720	2708.0145	799.6543	0.0000	1.6975
1721	2708.0145	901.0745	0.0000	1.6982
1722	2708.2003	793.3495	0.0000	1.6990
1723	2708.2003	743.1595	0.0000	1.6997
1724	2708.2003	736.7352	0.0000	1.7005
1725	2708.2003	829.4952	0.0000	1.7012
1726	2708.2003	787.4533	0.0000	1.7019
1727	2708.2003	770.4450	0.0000	1.7026
1728	2708.2560	788.9694	0.0000	1.7033
1729	2708.2560	805.6070	0.0000	1.7041
1730	2708.2560	783.8157	0.0000	1.7049
1731	2708.2560	792.1490	0.0000	1.7056
1732	2708.8133	836.6561	0.0000	1.7064
1733	2708.8133	832.0507	0.0000	1.7072
1734	2708.8133	940.4307	0.0000	1.7079
1735	2708.8133	869.9545	0.0000	1.7087
1736	2708.8133	771.5610	0.0000	1.7094
1737	2708.8133	753.3354	0.0000	1.7103
1738	2708.8133	833.6752	0.0000	1.7114
1739	2708.8133	836.8835	0.0000	1.7121
1740	2708.8133	964.2549	0.0000	1.7130
1741	2708.8133	849.0127	0.0000	1.7140
1742	2708.8133	851.5650	0.0000	1.7147
1743	2708.8133	887.2893	0.0000	1.7155
1744	2708.8133	844.4086	0.0000	1.7163
1745	2708.8133	867.8999	0.0000	1.7171
1746	2708.8133	876.7080	0.0000	1.7181
1747	2708.8133	1038.6619	0.0000	1.7188
1748	2708.8133	835.9149	0.0000	1.7196
1749	2708.8133	783.1952	0.0000	1.7206
1750	2708.8133	1016.4824	0.0000	1.7215
1751	2708.8133	895.4154	0.0000	1.7223
1752	2708.8133	1035.6268	0.0000	1.7230
1753	2708.8133	946.7761	0.0000	1.7237
1754	2708.8133	892.7911	0.0000	1.7244
1755	2708.8133	871.4806	0.0000	1.7253
1756	2708.8133	954.9199	0.0000	1.7260
1757	2708.8133	984.9692	0.0000	1.7268
1758	2708.8133	928.1395	0.0000	1.7277
1759	2708.8133	1009.0944	0.0000	1.7286
1760	2708.8133	1195.2874	0.0000	1.7295
1761	2708.8133	958.9626	0.0000	1.7306
1762	2708.8133	1014.8238	0.0000	1.7313
1763	2708.8133	950.9649	0.0000	1.7329
1764	2708.8133	933.6259	0.0000	1.7340
1765	2708.8133	946.4702	0.0000	1.7352
1766	2708.8133	1001.1002	0.0000	1.7359
1767	2708.8133	1017.2441	0.0000	1.7372
1768	2708.8133	849.0572	0.0000	1.7383
1769	2708.8133	1002.3388	0.0000	1.7393
1770	2708.8133	1025.7054	0.0000	1.7406
1771	2708.8133	1067.1786	0.0000	1.7415
1772	2708.8133	1019.3483	0.0000	1.7422
1773	2708.8133	938.2995	0.0000	1.7433
1774	2708.8133	864.9636	0.0000	1.7444
1775	2708.8133	1027.3361	0.0000	1.7454
1776	2708.8133	1179.2008	0.0000	1.7463
1777	2708.8133	947.3543	0.0000	1.7471
1778	2708.8133	865.6977	0.0000	1.7478
1779	2708.8133	1040.0096	0.0000	1.7494
1780	2708.8133	913.0575	0.0000	1.7501
1781	2708.8133	967.8938	0.0000	1.7510
1782	2707.6987	1024.4910	0.0000	1.7519
1783	2707.6987	933.5314	0.0000	1.7528
1784	2707.6987	935.0708	0.0000	1.7545
1785	2694.6519	791.7037	0.0000	1.7554
1786	2694.6519	917.0303	0.0000	1.7564
1787	2694.6519	823.4280	0.0000	1.7571
1788	2694.6519	979.0779	0.0000	1.7581
1789	2694.6519	863.7548	0.0000	1.7596
1790	2694.6519	932.3312	0.0000	1.7603
1791	2694.6519	893.6873	0.0000	1.7612
1792	2694.6519	885.5874	0.0000	1.7626
1793	2694.6519	894.9814	0.0000	1.7636
1794	2694.6519	993.4984	0.0000	1.7650
1795	2694.6519	844.9940	0.0000	1.7659
1796	2694.6519	883.9360	0.0000	1.7674
1797	2696.9747	922.6950	0.0000	1.7687
1798	2696.9747	821.1415	0.0000	1.7694
1799	2696.9747	908.3236	0.0000	1.7703
1800	2696.9747	946.0699	0.0000	1.7711
1801	2696.9747	906.1544	0.0000	1.7719
1802	2696.9747	855.7161	0.0000	1.7731
1803	2696.9747	851.0830	0.0000	1.7738
1804	2696.9747	1039.7700	0.0000	1.7754
1805	2697.8366	934.7429	0.0000	1.7763
1806	2697.8366	961.8256	0.0000	1.7783
1807	2697.8366	879.6767	0.0000	1.7791
1808	2706.3076	909.9983	0.0000	1.7804
1809	2706.3076	818.5149	0.0000	1.7814
1810	2706.3076	913.9022	0.0000	1.7825
1811	2706.3076	959.4282	0.0000	1.7837
1812	2706.3076	934.1464	0.0000	1.7849
1813	2706.3076	784.8407	0.0000	1.7861
1814	2706.3076	856.5591	0.0000	1.7872
1815	2706.3076	809.6710	0.0000	1.7879
1816	2706.3076	1056.2474	0.0000	1.7892
1817	2706.3076	770.0592	0.0000	1.7901
1818	2706.3076	815.1173	0.0000	1.7910
1819	2706.3076	788.2203	0.0000	1.7923
1820	2706.3076	837.1916	0.0000	1.7937
1821	2706.3076	895.9077	0.0000	1.7944
1822	2706.3076	837.4731	0.0000	1.7955
1823	2706.3076	775.8242	0.0000	1.7966
1824	2706.3076	861.3743	0.0000	1.7977
1825	2706.3076	839.4038	0.0000	1.7992
1826	2706.3076	838.7122	0.0000	1.7999
1827	2706.3076	758.2603	0.0000	1.8017
1828	2706.3076	748.8307	0.0000	1.8029
1829	2706.3076	793.5930	0.0000	1.8039
1830	2706.3076	756.5542	0.0000	1.8049
1831	2706.3076	834.3296	0.0000	1.8069
1832	2706.3076	715.3365	0.0000	1.8079
1833	2706.3076	754.9221	0.0000	1.8089
1834	2686.2917	818.2600	0.0000	1.8105
1835	2686.2917	635.2509	0.0000	1.8121
1836	2686.2917	642.0717	0.0000	1.8129
1837	2686.2917	726.8819	0.0000	1.8138
1838	2686.2917	745.2490	0.0000	1.8147
1839	2686.2917	854.3584	0.0000	1.8155
1840	2686.2917	734.0934	0.0000	1.8166
1841	2686.2917	676.0913	0.0000	1.8175
1842	2686.2917	766.7499	0.0000	1.8184
1843	2686.2917	692.4625	0.0000	1.8197
1844	2686.2917	714.1743	0.0000	1.8205
1845	2686.2917	773.3146	0.0000	1.8219
1846	2686.2917	758.4647	0.0000	1.8230
1847	2686.2917	749.1237	0.0000	1.8239
1848	2686.2917	746.8166	0.0000	1.8246
1849	2686.2917	693.2024	0.0000	1.8253
1850	2686.2917	726.1049	0.0000	1.8260
1851	2686.2917	775.3748	0.0000	1.8271
1852	2686.2917	758.3244	0.0000	1.8279
1853	2686.2917	766.0934	0.0000	1.8287
1854	2686.2917	676.6288	0.0000	1.8294
1855	2686.2917	749.7418	0.0000	1.8302
1856	2686.2917	788.6051	0.0000	1.8310
1857	2690.3593	774.6723	0.0000	1.8319
1858	2690.3593	749.5780	0.0000	1.8326
1859	2690.3593	739.8035	0.0000	1.8333
1860	2692.9054	842.0856	0.0000	1.8341
1861	2692.9054	898.0824	0.0000	1.8349
1862	2692.9054	850.1269	0.0000	1.8357
1863	2692.9054	907.2187	0.0000	1.8364
1864	2692.9054	783.2917	0.0000	1.8371
1865	2703.5902	1022.7805	0.0000	1.8379
Pos: [-7.697300221080929, 5.476454556787908, -0.7988091354968422]

=================================================================================================================