ID: vincent	Date: 2019-05-03 16:03:47	Runs: 1
=================================================================================================================
Run: 0
Iter	Gbest	AvrFit	Diver	ETime	
0	0.9914	0.3001	0.0000	0.0011
1	0.9914	0.3990	0.0000	0.0020
2	0.9914	0.4535	0.0000	0.0027
3	0.9914	0.4810	0.0000	0.0035
4	0.9914	0.5236	0.0000	0.0043
5	0.9914	0.5819	0.0000	0.0050
6	0.9914	0.6277	0.0000	0.0058
7	0.9914	0.6517	0.0000	0.0065
8	0.9914	0.6985	0.0000	0.0074
9	0.9979	0.7541	0.0000	0.0081
10	0.9979	0.7427	0.0000	0.0088
11	0.9983	0.7872	0.0000	0.0095
12	0.9993	0.8093	0.0000	0.0102
13	0.9993	0.8019	0.0000	0.0109
14	0.9993	0.8132	0.0000	0.0116
15	0.9993	0.8296	0.0000	0.0123
16	0.9994	0.8504	0.0000	0.0130
17	0.9994	0.8468	0.0000	0.0137
18	0.9994	0.8594	0.0000	0.0145
19	0.9995	0.8610	0.0000	0.0153
20	0.9995	0.8942	0.0000	0.0160
21	0.9995	0.8819	0.0000	0.0167
22	0.9995	0.8816	0.0000	0.0173
23	0.9995	0.8839	0.0000	0.0180
24	0.9995	0.9203	0.0000	0.0187
25	0.9995	0.9122	0.0000	0.0194
26	0.9998	0.9171	0.0000	0.0201
27	0.9998	0.9240	0.0000	0.0208
28	0.9998	0.9311	0.0000	0.0214
29	0.9999	0.9321	0.0000	0.0221
30	0.9999	0.9231	0.0000	0.0228
31	1.0000	0.9280	0.0000	0.0235
32	1.0000	0.9296	0.0000	0.0242
33	1.0000	0.9445	0.0000	0.0248
34	1.0000	0.9421	0.0000	0.0255
35	1.0000	0.9442	0.0000	0.0262
36	1.0000	0.9413	0.0000	0.0269
37	1.0000	0.9447	0.0000	0.0275
38	1.0000	0.9488	0.0000	0.0282
39	1.0000	0.9595	0.0000	0.0289
40	1.0000	0.9467	0.0000	0.0296
41	1.0000	0.9634	0.0000	0.0302
42	1.0000	0.9476	0.0000	0.0309
43	1.0000	0.9491	0.0000	0.0316
44	1.0000	0.9482	0.0000	0.0322
45	1.0000	0.9688	0.0000	0.0329
46	1.0000	0.9525	0.0000	0.0336
47	1.0000	0.9508	0.0000	0.0343
48	1.0000	0.9446	0.0000	0.0350
49	1.0000	0.9407	0.0000	0.0358
50	1.0000	0.9540	0.0000	0.0365
51	1.0000	0.9515	0.0000	0.0373
52	1.0000	0.9558	0.0000	0.0380
53	1.0000	0.9656	0.0000	0.0388
54	1.0000	0.9596	0.0000	0.0394
55	1.0000	0.9633	0.0000	0.0401
56	1.0000	0.9498	0.0000	0.0408
57	1.0000	0.9587	0.0000	0.0414
58	1.0000	0.9469	0.0000	0.0421
59	1.0000	0.9553	0.0000	0.0427
60	1.0000	0.9528	0.0000	0.0434
61	1.0000	0.9619	0.0000	0.0441
62	1.0000	0.9636	0.0000	0.0450
63	1.0000	0.8506	0.0000	0.0457
64	1.0000	0.8572	0.0000	0.0464
65	1.0000	0.8703	0.0000	0.0471
66	1.0000	0.8828	0.0000	0.0478
67	1.0000	0.8887	0.0000	0.0484
68	1.0000	0.9139	0.0000	0.0492
69	1.0000	0.8998	0.0000	0.0499
70	1.0000	0.9176	0.0000	0.0505
71	1.0000	0.9118	0.0000	0.0515
72	1.0000	0.9046	0.0000	0.0522
73	1.0000	0.9307	0.0000	0.0528
74	1.0000	0.9400	0.0000	0.0535
75	1.0000	0.9262	0.0000	0.0546
76	1.0000	0.9347	0.0000	0.0553
77	1.0000	0.9503	0.0000	0.0564
78	1.0000	0.9359	0.0000	0.0574
79	1.0000	0.9626	0.0000	0.0585
80	1.0000	0.9505	0.0000	0.0593
81	1.0000	0.9557	0.0000	0.0604
82	1.0000	0.9352	0.0000	0.0613
83	1.0000	0.9269	0.0000	0.0623
84	1.0000	0.9359	0.0000	0.0632
85	1.0000	0.9612	0.0000	0.0643
86	1.0000	0.9662	0.0000	0.0653
87	1.0000	0.9627	0.0000	0.0663
88	1.0000	0.9424	0.0000	0.0673
89	1.0000	0.9393	0.0000	0.0681
90	1.0000	0.9547	0.0000	0.0688
91	1.0000	0.9378	0.0000	0.0695
92	1.0000	0.9600	0.0000	0.0702
93	1.0000	0.9705	0.0000	0.0709
94	1.0000	0.9539	0.0000	0.0715
95	1.0000	0.9549	0.0000	0.0721
96	1.0000	0.9455	0.0000	0.0728
97	1.0000	0.9515	0.0000	0.0734
98	1.0000	0.9612	0.0000	0.0741
99	1.0000	0.9502	0.0000	0.0747
100	1.0000	0.9519	0.0000	0.0753
101	1.0000	0.9655	0.0000	0.0760
102	1.0000	0.9621	0.0000	0.0766
103	1.0000	0.9763	0.0000	0.0773
104	1.0000	0.9672	0.0000	0.0779
105	1.0000	0.9656	0.0000	0.0786
106	1.0000	0.9667	0.0000	0.0792
107	1.0000	0.9612	0.0000	0.0799
108	1.0000	0.9583	0.0000	0.0806
109	1.0000	0.9512	0.0000	0.0812
110	1.0000	0.9529	0.0000	0.0819
111	1.0000	0.9495	0.0000	0.0825
112	1.0000	0.9600	0.0000	0.0832
113	1.0000	0.9674	0.0000	0.0839
114	1.0000	0.9688	0.0000	0.0846
115	1.0000	0.9560	0.0000	0.0853
116	1.0000	0.9542	0.0000	0.0860
117	1.0000	0.9484	0.0000	0.0871
118	1.0000	0.9711	0.0000	0.0880
119	1.0000	0.9658	0.0000	0.0890
120	1.0000	0.9673	0.0000	0.0897
121	1.0000	0.9599	0.0000	0.0904
122	1.0000	0.9700	0.0000	0.0912
123	1.0000	0.9647	0.0000	0.0920
124	1.0000	0.9759	0.0000	0.0927
125	1.0000	0.9650	0.0000	0.0934
126	1.0000	0.9651	0.0000	0.0946
127	1.0000	0.9208	0.0000	0.0953
128	1.0000	0.9621	0.0000	0.0960
129	1.0000	0.9542	0.0000	0.0967
130	1.0000	0.9583	0.0000	0.0974
131	1.0000	0.9440	0.0000	0.0981
132	1.0000	0.9379	0.0000	0.0988
133	1.0000	0.9307	0.0000	0.0997
134	1.0000	0.9476	0.0000	0.1004
135	1.0000	0.9489	0.0000	0.1011
136	1.0000	0.9433	0.0000	0.1018
137	1.0000	0.9502	0.0000	0.1025
138	1.0000	0.9449	0.0000	0.1032
139	1.0000	0.9545	0.0000	0.1039
140	1.0000	0.9609	0.0000	0.1046
141	1.0000	0.9398	0.0000	0.1053
142	1.0000	0.9476	0.0000	0.1060
143	1.0000	0.9476	0.0000	0.1067
144	1.0000	0.9455	0.0000	0.1074
145	1.0000	0.9507	0.0000	0.1081
146	1.0000	0.9608	0.0000	0.1088
147	1.0000	0.9617	0.0000	0.1096
148	1.0000	0.9544	0.0000	0.1103
149	1.0000	0.9712	0.0000	0.1110
150	1.0000	0.9630	0.0000	0.1117
151	1.0000	0.9620	0.0000	0.1123
152	1.0000	0.9690	0.0000	0.1130
153	1.0000	0.9575	0.0000	0.1138
154	1.0000	0.9591	0.0000	0.1145
155	1.0000	0.9458	0.0000	0.1152
156	1.0000	0.9628	0.0000	0.1160
157	1.0000	0.8916	0.0000	0.1167
158	1.0000	0.8898	0.0000	0.1174
159	1.0000	0.9453	0.0000	0.1181
160	1.0000	0.9371	0.0000	0.1189
161	1.0000	0.9514	0.0000	0.1196
162	1.0000	0.9403	0.0000	0.1203
163	1.0000	0.9469	0.0000	0.1211
164	1.0000	0.9488	0.0000	0.1219
165	1.0000	0.9099	0.0000	0.1227
166	1.0000	0.9263	0.0000	0.1234
167	1.0000	0.9246	0.0000	0.1243
168	1.0000	0.9368	0.0000	0.1250
169	1.0000	0.9352	0.0000	0.1257
170	1.0000	0.9244	0.0000	0.1264
171	1.0000	0.9363	0.0000	0.1271
172	1.0000	0.9470	0.0000	0.1278
173	1.0000	0.9365	0.0000	0.1285
174	1.0000	0.9101	0.0000	0.1292
175	1.0000	0.9218	0.0000	0.1300
176	1.0000	0.9159	0.0000	0.1307
177	1.0000	0.9238	0.0000	0.1314
178	1.0000	0.8814	0.0000	0.1321
179	1.0000	0.9306	0.0000	0.1327
180	1.0000	0.9089	0.0000	0.1334
181	1.0000	0.9201	0.0000	0.1341
182	1.0000	0.9368	0.0000	0.1348
183	1.0000	0.9280	0.0000	0.1355
184	1.0000	0.9270	0.0000	0.1362
185	1.0000	0.9410	0.0000	0.1369
186	1.0000	0.9079	0.0000	0.1376
187	1.0000	0.9171	0.0000	0.1383
188	1.0000	0.9084	0.0000	0.1390
189	1.0000	0.8981	0.0000	0.1398
190	1.0000	0.9154	0.0000	0.1405
191	1.0000	0.8850	0.0000	0.1412
192	1.0000	0.9006	0.0000	0.1419
193	1.0000	0.9114	0.0000	0.1426
194	1.0000	0.8983	0.0000	0.1433
195	1.0000	0.9040	0.0000	0.1441
196	1.0000	0.9092	0.0000	0.1450
197	1.0000	0.8843	0.0000	0.1458
198	1.0000	0.9142	0.0000	0.1465
199	1.0000	0.9184	0.0000	0.1472
200	1.0000	0.9173	0.0000	0.1480
201	1.0000	0.9333	0.0000	0.1488
202	1.0000	0.9431	0.0000	0.1495
203	1.0000	0.9262	0.0000	0.1502
204	1.0000	0.9071	0.0000	0.1509
205	1.0000	0.9110	0.0000	0.1516
206	1.0000	0.9181	0.0000	0.1523
207	1.0000	0.9016	0.0000	0.1529
208	1.0000	0.8987	0.0000	0.1537
209	1.0000	0.9160	0.0000	0.1543
210	1.0000	0.9044	0.0000	0.1550
211	1.0000	0.9078	0.0000	0.1557
212	1.0000	0.9136	0.0000	0.1564
213	1.0000	0.9043	0.0000	0.1571
214	1.0000	0.8981	0.0000	0.1578
215	1.0000	0.9308	0.0000	0.1584
216	1.0000	0.9061	0.0000	0.1591
217	1.0000	0.9160	0.0000	0.1599
218	1.0000	0.9115	0.0000	0.1606
219	1.0000	0.8811	0.0000	0.1614
220	1.0000	0.9268	0.0000	0.1622
221	1.0000	0.9123	0.0000	0.1629
222	1.0000	0.9065	0.0000	0.1636
223	1.0000	0.8935	0.0000	0.1643
224	1.0000	0.9328	0.0000	0.1650
225	1.0000	0.9244	0.0000	0.1658
226	1.0000	0.9291	0.0000	0.1666
227	1.0000	0.9127	0.0000	0.1674
228	1.0000	0.9178	0.0000	0.1681
229	1.0000	0.9317	0.0000	0.1688
230	1.0000	0.9255	0.0000	0.1695
231	1.0000	0.9122	0.0000	0.1702
232	1.0000	0.9366	0.0000	0.1709
233	1.0000	0.9190	0.0000	0.1715
234	1.0000	0.9271	0.0000	0.1722
235	1.0000	0.9236	0.0000	0.1729
236	1.0000	0.9437	0.0000	0.1736
237	1.0000	0.9367	0.0000	0.1744
238	1.0000	0.9495	0.0000	0.1751
239	1.0000	0.9608	0.0000	0.1758
240	1.0000	0.9228	0.0000	0.1766
241	1.0000	0.9277	0.0000	0.1773
242	1.0000	0.9414	0.0000	0.1780
243	1.0000	0.9324	0.0000	0.1787
244	1.0000	0.9402	0.0000	0.1793
245	1.0000	0.9300	0.0000	0.1800
246	1.0000	0.9389	0.0000	0.1808
247	1.0000	0.9241	0.0000	0.1816
248	1.0000	0.9260	0.0000	0.1824
249	1.0000	0.9365	0.0000	0.1831
250	1.0000	0.9424	0.0000	0.1839
251	1.0000	0.9498	0.0000	0.1846
252	1.0000	0.9512	0.0000	0.1854
253	1.0000	0.9212	0.0000	0.1861
254	1.0000	0.9268	0.0000	0.1870
255	1.0000	0.9094	0.0000	0.1877
256	1.0000	0.9183	0.0000	0.1884
257	1.0000	0.9088	0.0000	0.1891
258	1.0000	0.9381	0.0000	0.1898
259	1.0000	0.9110	0.0000	0.1905
260	1.0000	0.9229	0.0000	0.1912
261	1.0000	0.9105	0.0000	0.1919
262	1.0000	0.9037	0.0000	0.1925
263	1.0000	0.9241	0.0000	0.1932
264	1.0000	0.9287	0.0000	0.1939
265	1.0000	0.9088	0.0000	0.1946
266	1.0000	0.9327	0.0000	0.1952
267	1.0000	0.8764	0.0000	0.1959
268	1.0000	0.9014	0.0000	0.1966
269	1.0000	0.8924	0.0000	0.1973
270	1.0000	0.8664	0.0000	0.1980
271	1.0000	0.8983	0.0000	0.1987
272	1.0000	0.8723	0.0000	0.1993
273	1.0000	0.8895	0.0000	0.2000
274	1.0000	0.8907	0.0000	0.2007
275	1.0000	0.9197	0.0000	0.2013
276	1.0000	0.9121	0.0000	0.2020
277	1.0000	0.9098	0.0000	0.2027
278	1.0000	0.9069	0.0000	0.2035
279	1.0000	0.9043	0.0000	0.2042
280	1.0000	0.9392	0.0000	0.2050
281	1.0000	0.8777	0.0000	0.2058
282	1.0000	0.9287	0.0000	0.2066
283	1.0000	0.9155	0.0000	0.2072
284	1.0000	0.9144	0.0000	0.2079
285	1.0000	0.9127	0.0000	0.2086
286	1.0000	0.9181	0.0000	0.2093
287	1.0000	0.9065	0.0000	0.2100
288	1.0000	0.9121	0.0000	0.2107
289	1.0000	0.9040	0.0000	0.2114
290	1.0000	0.9327	0.0000	0.2121
291	1.0000	0.9484	0.0000	0.2128
292	1.0000	0.9324	0.0000	0.2135
293	1.0000	0.9555	0.0000	0.2142
294	1.0000	0.9402	0.0000	0.2149
295	1.0000	0.9099	0.0000	0.2155
296	1.0000	0.9151	0.0000	0.2162
297	1.0000	0.9106	0.0000	0.2169
298	1.0000	0.9231	0.0000	0.2176
299	1.0000	0.9205	0.0000	0.2182
300	1.0000	0.9280	0.0000	0.2189
301	1.0000	0.9394	0.0000	0.2197
302	1.0000	0.9243	0.0000	0.2203
303	1.0000	0.9207	0.0000	0.2211
304	1.0000	0.9133	0.0000	0.2218
305	1.0000	0.9247	0.0000	0.2227
306	1.0000	0.9295	0.0000	0.2234
307	1.0000	0.9372	0.0000	0.2243
308	1.0000	0.9581	0.0000	0.2250
309	1.0000	0.9336	0.0000	0.2257
310	1.0000	0.9485	0.0000	0.2264
311	1.0000	0.9608	0.0000	0.2271
312	1.0000	0.9435	0.0000	0.2278
313	1.0000	0.9348	0.0000	0.2285
314	1.0000	0.9258	0.0000	0.2292
315	1.0000	0.9306	0.0000	0.2299
316	1.0000	0.9126	0.0000	0.2306
317	1.0000	0.9271	0.0000	0.2313
318	1.0000	0.9099	0.0000	0.2321
319	1.0000	0.9055	0.0000	0.2328
320	1.0000	0.8621	0.0000	0.2335
321	1.0000	0.8693	0.0000	0.2343
322	1.0000	0.8769	0.0000	0.2350
323	1.0000	0.8336	0.0000	0.2357
324	1.0000	0.8959	0.0000	0.2364
325	1.0000	0.8746	0.0000	0.2372
326	1.0000	0.8868	0.0000	0.2379
327	1.0000	0.8909	0.0000	0.2386
328	1.0000	0.8968	0.0000	0.2393
329	1.0000	0.8946	0.0000	0.2400
330	1.0000	0.8956	0.0000	0.2408
331	1.0000	0.9084	0.0000	0.2415
332	1.0000	0.9238	0.0000	0.2422
333	1.0000	0.8964	0.0000	0.2429
334	1.0000	0.8814	0.0000	0.2437
335	1.0000	0.8656	0.0000	0.2444
336	1.0000	0.9017	0.0000	0.2451
337	1.0000	0.9034	0.0000	0.2458
338	1.0000	0.8992	0.0000	0.2465
339	1.0000	0.8881	0.0000	0.2472
340	1.0000	0.8575	0.0000	0.2480
341	1.0000	0.8972	0.0000	0.2486
342	1.0000	0.9026	0.0000	0.2493
343	1.0000	0.8697	0.0000	0.2500
344	1.0000	0.8970	0.0000	0.2508
345	1.0000	0.8926	0.0000	0.2515
346	1.0000	0.9042	0.0000	0.2522
347	1.0000	0.8966	0.0000	0.2529
348	1.0000	0.9069	0.0000	0.2536
349	1.0000	0.9136	0.0000	0.2543
350	1.0000	0.9135	0.0000	0.2550
351	1.0000	0.9353	0.0000	0.2557
352	1.0000	0.9189	0.0000	0.2564
353	1.0000	0.9263	0.0000	0.2571
354	1.0000	0.9323	0.0000	0.2578
355	1.0000	0.9386	0.0000	0.2586
356	1.0000	0.9337	0.0000	0.2592
357	1.0000	0.9266	0.0000	0.2600
358	1.0000	0.9442	0.0000	0.2608
359	1.0000	0.9473	0.0000	0.2616
360	1.0000	0.9320	0.0000	0.2624
361	1.0000	0.9320	0.0000	0.2632
362	1.0000	0.9548	0.0000	0.2639
363	1.0000	0.9448	0.0000	0.2647
364	1.0000	0.9449	0.0000	0.2655
365	1.0000	0.9414	0.0000	0.2663
366	1.0000	0.9517	0.0000	0.2672
367	1.0000	0.9401	0.0000	0.2680
368	1.0000	0.9207	0.0000	0.2687
369	1.0000	0.9306	0.0000	0.2695
370	1.0000	0.9262	0.0000	0.2701
371	1.0000	0.9333	0.0000	0.2708
372	1.0000	0.9335	0.0000	0.2715
373	1.0000	0.9406	0.0000	0.2722
374	1.0000	0.9446	0.0000	0.2729
375	1.0000	0.9467	0.0000	0.2736
376	1.0000	0.9584	0.0000	0.2744
377	1.0000	0.9469	0.0000	0.2751
378	1.0000	0.9347	0.0000	0.2759
379	1.0000	0.9445	0.0000	0.2767
380	1.0000	0.9272	0.0000	0.2776
381	1.0000	0.9449	0.0000	0.2785
382	1.0000	0.9285	0.0000	0.2792
383	1.0000	0.9305	0.0000	0.2800
384	1.0000	0.9348	0.0000	0.2808
385	1.0000	0.9607	0.0000	0.2817
386	1.0000	0.9297	0.0000	0.2825
387	1.0000	0.9322	0.0000	0.2833
388	1.0000	0.9296	0.0000	0.2842
389	1.0000	0.9587	0.0000	0.2850
390	1.0000	0.9439	0.0000	0.2858
391	1.0000	0.9426	0.0000	0.2867
392	1.0000	0.9506	0.0000	0.2876
393	1.0000	0.9378	0.0000	0.2884
394	1.0000	0.9462	0.0000	0.2892
395	1.0000	0.9396	0.0000	0.2899
396	1.0000	0.9535	0.0000	0.2907
397	1.0000	0.9546	0.0000	0.2917
398	1.0000	0.9617	0.0000	0.2925
399	1.0000	0.9406	0.0000	0.2933
400	1.0000	0.9505	0.0000	0.2941
401	1.0000	0.9604	0.0000	0.2950
402	1.0000	0.9470	0.0000	0.2958
403	1.0000	0.9444	0.0000	0.2966
404	1.0000	0.9394	0.0000	0.2975
405	1.0000	0.9249	0.0000	0.2985
406	1.0000	0.9285	0.0000	0.2993
407	1.0000	0.9079	0.0000	0.3001
408	1.0000	0.9509	0.0000	0.3011
409	1.0000	0.9287	0.0000	0.3020
410	1.0000	0.9218	0.0000	0.3029
411	1.0000	0.9255	0.0000	0.3036
412	1.0000	0.9430	0.0000	0.3044
413	1.0000	0.9283	0.0000	0.3052
414	1.0000	0.9489	0.0000	0.3061
415	1.0000	0.9395	0.0000	0.3069
416	1.0000	0.9176	0.0000	0.3076
417	1.0000	0.9345	0.0000	0.3084
418	1.0000	0.9248	0.0000	0.3092
419	1.0000	0.9389	0.0000	0.3101
420	1.0000	0.9342	0.0000	0.3111
421	1.0000	0.9575	0.0000	0.3120
422	1.0000	0.9420	0.0000	0.3129
423	1.0000	0.9470	0.0000	0.3137
424	1.0000	0.9570	0.0000	0.3145
425	1.0000	0.9474	0.0000	0.3154
426	1.0000	0.9347	0.0000	0.3164
427	1.0000	0.9277	0.0000	0.3172
428	1.0000	0.9228	0.0000	0.3180
429	1.0000	0.9482	0.0000	0.3189
430	1.0000	0.9294	0.0000	0.3198
431	1.0000	0.9087	0.0000	0.3206
432	1.0000	0.8904	0.0000	0.3215
433	1.0000	0.8843	0.0000	0.3226
434	1.0000	0.8548	0.0000	0.3235
435	1.0000	0.8224	0.0000	0.3243
436	1.0000	0.8576	0.0000	0.3251
437	1.0000	0.8943	0.0000	0.3260
438	1.0000	0.8814	0.0000	0.3270
439	1.0000	0.8993	0.0000	0.3280
440	1.0000	0.8626	0.0000	0.3290
441	1.0000	0.8716	0.0000	0.3300
442	1.0000	0.8750	0.0000	0.3308
443	1.0000	0.9099	0.0000	0.3317
444	1.0000	0.8809	0.0000	0.3325
445	1.0000	0.8968	0.0000	0.3335
446	1.0000	0.9003	0.0000	0.3344
447	1.0000	0.8987	0.0000	0.3353
448	1.0000	0.8943	0.0000	0.3362
449	1.0000	0.9165	0.0000	0.3369
450	1.0000	0.8978	0.0000	0.3377
451	1.0000	0.9442	0.0000	0.3386
452	1.0000	0.9037	0.0000	0.3394
453	1.0000	0.9333	0.0000	0.3402
454	1.0000	0.9057	0.0000	0.3411
455	1.0000	0.9148	0.0000	0.3419
456	1.0000	0.9506	0.0000	0.3427
457	1.0000	0.9387	0.0000	0.3436
458	1.0000	0.9330	0.0000	0.3445
459	1.0000	0.9296	0.0000	0.3453
460	1.0000	0.9227	0.0000	0.3462
461	1.0000	0.9244	0.0000	0.3470
462	1.0000	0.9263	0.0000	0.3478
463	1.0000	0.9359	0.0000	0.3488
464	1.0000	0.9307	0.0000	0.3496
465	1.0000	0.9292	0.0000	0.3506
466	1.0000	0.9451	0.0000	0.3513
467	1.0000	0.9357	0.0000	0.3521
468	1.0000	0.9445	0.0000	0.3529
469	1.0000	0.9246	0.0000	0.3537
470	1.0000	0.9233	0.0000	0.3545
471	1.0000	0.9234	0.0000	0.3553
472	1.0000	0.9097	0.0000	0.3562
473	1.0000	0.9268	0.0000	0.3570
474	1.0000	0.9107	0.0000	0.3579
475	1.0000	0.9264	0.0000	0.3587
476	1.0000	0.9394	0.0000	0.3596
477	1.0000	0.9194	0.0000	0.3605
478	1.0000	0.9097	0.0000	0.3614
479	1.0000	0.8889	0.0000	0.3622
480	1.0000	0.8819	0.0000	0.3629
481	1.0000	0.9108	0.0000	0.3637
482	1.0000	0.9016	0.0000	0.3645
483	1.0000	0.8955	0.0000	0.3653
484	1.0000	0.9170	0.0000	0.3661
485	1.0000	0.8987	0.0000	0.3669
486	1.0000	0.9118	0.0000	0.3678
487	1.0000	0.8872	0.0000	0.3686
488	1.0000	0.9153	0.0000	0.3696
489	1.0000	0.9140	0.0000	0.3705
490	1.0000	0.9231	0.0000	0.3713
491	1.0000	0.9217	0.0000	0.3721
492	1.0000	0.9100	0.0000	0.3730
493	1.0000	0.8833	0.0000	0.3740
494	1.0000	0.8954	0.0000	0.3747
495	1.0000	0.8970	0.0000	0.3756
496	1.0000	0.9039	0.0000	0.3765
497	1.0000	0.9131	0.0000	0.3775
498	1.0000	0.8907	0.0000	0.3785
499	1.0000	0.9011	0.0000	0.3792
500	1.0000	0.8887	0.0000	0.3800
501	1.0000	0.8657	0.0000	0.3808
502	1.0000	0.9056	0.0000	0.3817
503	1.0000	0.9219	0.0000	0.3825
504	1.0000	0.8967	0.0000	0.3834
505	1.0000	0.8801	0.0000	0.3842
506	1.0000	0.8813	0.0000	0.3849
507	1.0000	0.9136	0.0000	0.3857
508	1.0000	0.9099	0.0000	0.3865
509	1.0000	0.8588	0.0000	0.3874
510	1.0000	0.8841	0.0000	0.3884
511	1.0000	0.8912	0.0000	0.3894
512	1.0000	0.8735	0.0000	0.3901
513	1.0000	0.8873	0.0000	0.3909
514	1.0000	0.8792	0.0000	0.3917
515	1.0000	0.9085	0.0000	0.3925
516	1.0000	0.8988	0.0000	0.3934
517	1.0000	0.8915	0.0000	0.3943
518	1.0000	0.9032	0.0000	0.3950
519	1.0000	0.8919	0.0000	0.3958
520	1.0000	0.8934	0.0000	0.3966
521	1.0000	0.9016	0.0000	0.3973
522	1.0000	0.9007	0.0000	0.3981
523	1.0000	0.9051	0.0000	0.3988
524	1.0000	0.9097	0.0000	0.3995
525	1.0000	0.9079	0.0000	0.4003
526	1.0000	0.9104	0.0000	0.4010
527	1.0000	0.9314	0.0000	0.4017
528	1.0000	0.8942	0.0000	0.4026
529	1.0000	0.8994	0.0000	0.4034
530	1.0000	0.9058	0.0000	0.4041
531	1.0000	0.9351	0.0000	0.4048
532	1.0000	0.9417	0.0000	0.4055
533	1.0000	0.9197	0.0000	0.4063
534	1.0000	0.9211	0.0000	0.4071
535	1.0000	0.9430	0.0000	0.4079
536	1.0000	0.9425	0.0000	0.4088
537	1.0000	0.9452	0.0000	0.4096
538	1.0000	0.9173	0.0000	0.4104
539	1.0000	0.9394	0.0000	0.4112
540	1.0000	0.9262	0.0000	0.4120
541	1.0000	0.9302	0.0000	0.4128
542	1.0000	0.8861	0.0000	0.4137
543	1.0000	0.9435	0.0000	0.4144
544	1.0000	0.9402	0.0000	0.4153
545	1.0000	0.9483	0.0000	0.4161
546	1.0000	0.9143	0.0000	0.4169
547	1.0000	0.9412	0.0000	0.4176
548	1.0000	0.9305	0.0000	0.4185
549	1.0000	0.9409	0.0000	0.4192
550	1.0000	0.9386	0.0000	0.4200
551	1.0000	0.9465	0.0000	0.4208
552	1.0000	0.9448	0.0000	0.4215
553	1.0000	0.9461	0.0000	0.4222
554	1.0000	0.9019	0.0000	0.4230
555	1.0000	0.9339	0.0000	0.4238
556	1.0000	0.9360	0.0000	0.4246
557	1.0000	0.9512	0.0000	0.4255
558	1.0000	0.9441	0.0000	0.4262
559	1.0000	0.9465	0.0000	0.4272
560	1.0000	0.9124	0.0000	0.4281
561	1.0000	0.9354	0.0000	0.4288
562	1.0000	0.9344	0.0000	0.4295
563	1.0000	0.9215	0.0000	0.4302
564	1.0000	0.9176	0.0000	0.4309
565	1.0000	0.9209	0.0000	0.4316
566	1.0000	0.9369	0.0000	0.4324
567	1.0000	0.9350	0.0000	0.4331
568	1.0000	0.9307	0.0000	0.4338
569	1.0000	0.9342	0.0000	0.4345
570	1.0000	0.9511	0.0000	0.4352
571	1.0000	0.9537	0.0000	0.4359
572	1.0000	0.9332	0.0000	0.4367
573	1.0000	0.9474	0.0000	0.4375
574	1.0000	0.9485	0.0000	0.4382
575	1.0000	0.9360	0.0000	0.4389
576	1.0000	0.9520	0.0000	0.4397
577	1.0000	0.9443	0.0000	0.4405
578	1.0000	0.9328	0.0000	0.4412
579	1.0000	0.9501	0.0000	0.4420
580	1.0000	0.9592	0.0000	0.4428
581	1.0000	0.9636	0.0000	0.4436
582	1.0000	0.9385	0.0000	0.4444
583	1.0000	0.9344	0.0000	0.4452
584	1.0000	0.9479	0.0000	0.4459
585	1.0000	0.9218	0.0000	0.4466
586	1.0000	0.9372	0.0000	0.4473
587	1.0000	0.9261	0.0000	0.4480
588	1.0000	0.9363	0.0000	0.4488
589	1.0000	0.9529	0.0000	0.4495
590	1.0000	0.9266	0.0000	0.4502
591	1.0000	0.9349	0.0000	0.4512
592	1.0000	0.9288	0.0000	0.4519
593	1.0000	0.9277	0.0000	0.4525
594	1.0000	0.9242	0.0000	0.4532
595	1.0000	0.9418	0.0000	0.4539
596	1.0000	0.9382	0.0000	0.4546
597	1.0000	0.9540	0.0000	0.4554
598	1.0000	0.9353	0.0000	0.4560
599	1.0000	0.9362	0.0000	0.4568
600	1.0000	0.9442	0.0000	0.4575
601	1.0000	0.9435	0.0000	0.4582
602	1.0000	0.9610	0.0000	0.4590
603	1.0000	0.9636	0.0000	0.4599
604	1.0000	0.9835	0.0000	0.4606
605	1.0000	0.9448	0.0000	0.4613
606	1.0000	0.9474	0.0000	0.4622
607	1.0000	0.9563	0.0000	0.4630
608	1.0000	0.9534	0.0000	0.4638
609	1.0000	0.9652	0.0000	0.4646
610	1.0000	0.9493	0.0000	0.4654
611	1.0000	0.9495	0.0000	0.4661
612	1.0000	0.9453	0.0000	0.4670
613	1.0000	0.9477	0.0000	0.4678
614	1.0000	0.9572	0.0000	0.4685
615	1.0000	0.9571	0.0000	0.4695
616	1.0000	0.9274	0.0000	0.4702
617	1.0000	0.9408	0.0000	0.4709
618	1.0000	0.9361	0.0000	0.4717
619	1.0000	0.9229	0.0000	0.4725
620	1.0000	0.9159	0.0000	0.4733
621	1.0000	0.9197	0.0000	0.4741
622	1.0000	0.9303	0.0000	0.4750
623	1.0000	0.9017	0.0000	0.4759
624	1.0000	0.9001	0.0000	0.4767
625	1.0000	0.8703	0.0000	0.4777
626	1.0000	0.9017	0.0000	0.4784
627	1.0000	0.8805	0.0000	0.4792
628	1.0000	0.9333	0.0000	0.4800
629	1.0000	0.9005	0.0000	0.4807
630	1.0000	0.9185	0.0000	0.4814
631	1.0000	0.9237	0.0000	0.4822
632	1.0000	0.9272	0.0000	0.4830
633	1.0000	0.9266	0.0000	0.4837
634	1.0000	0.9341	0.0000	0.4844
635	1.0000	0.8976	0.0000	0.4850
636	1.0000	0.9272	0.0000	0.4857
637	1.0000	0.9210	0.0000	0.4864
638	1.0000	0.9359	0.0000	0.4871
639	1.0000	0.9397	0.0000	0.4878
640	1.0000	0.9363	0.0000	0.4885
641	1.0000	0.9542	0.0000	0.4891
642	1.0000	0.9596	0.0000	0.4898
643	1.0000	0.9549	0.0000	0.4905
644	1.0000	0.9208	0.0000	0.4912
645	1.0000	0.9140	0.0000	0.4920
646	1.0000	0.9050	0.0000	0.4928
647	1.0000	0.9029	0.0000	0.4935
648	1.0000	0.9085	0.0000	0.4942
649	1.0000	0.9166	0.0000	0.4951
650	1.0000	0.9270	0.0000	0.4959
651	1.0000	0.9256	0.0000	0.4967
652	1.0000	0.8959	0.0000	0.4974
653	1.0000	0.8851	0.0000	0.4981
654	1.0000	0.9204	0.0000	0.4988
655	1.0000	0.9095	0.0000	0.4995
656	1.0000	0.8995	0.0000	0.5001
657	1.0000	0.9143	0.0000	0.5008
658	1.0000	0.9273	0.0000	0.5015
659	1.0000	0.9159	0.0000	0.5022
660	1.0000	0.9040	0.0000	0.5030
661	1.0000	0.8883	0.0000	0.5040
662	1.0000	0.9021	0.0000	0.5047
663	1.0000	0.9164	0.0000	0.5054
664	1.0000	0.9300	0.0000	0.5060
665	1.0000	0.9334	0.0000	0.5067
666	1.0000	0.9417	0.0000	0.5075
667	1.0000	0.9419	0.0000	0.5082
668	1.0000	0.9382	0.0000	0.5090
669	1.0000	0.9144	0.0000	0.5097
670	1.0000	0.9166	0.0000	0.5104
671	1.0000	0.9503	0.0000	0.5111
672	1.0000	0.8902	0.0000	0.5118
673	1.0000	0.9164	0.0000	0.5126
674	1.0000	0.8850	0.0000	0.5133
675	1.0000	0.8901	0.0000	0.5140
676	1.0000	0.9131	0.0000	0.5149
677	1.0000	0.8909	0.0000	0.5157
678	1.0000	0.9133	0.0000	0.5165
679	1.0000	0.8921	0.0000	0.5172
680	1.0000	0.9111	0.0000	0.5180
681	1.0000	0.8865	0.0000	0.5188
682	1.0000	0.9017	0.0000	0.5196
683	1.0000	0.8864	0.0000	0.5205
684	1.0000	0.8777	0.0000	0.5213
685	1.0000	0.8768	0.0000	0.5219
686	1.0000	0.8932	0.0000	0.5226
687	1.0000	0.9060	0.0000	0.5234
688	1.0000	0.8914	0.0000	0.5242
689	1.0000	0.8948	0.0000	0.5249
690	1.0000	0.9126	0.0000	0.5257
691	1.0000	0.9086	0.0000	0.5264
692	1.0000	0.8976	0.0000	0.5271
693	1.0000	0.9055	0.0000	0.5278
694	1.0000	0.9118	0.0000	0.5285
695	1.0000	0.8924	0.0000	0.5292
696	1.0000	0.9125	0.0000	0.5300
697	1.0000	0.9121	0.0000	0.5308
698	1.0000	0.9225	0.0000	0.5317
699	1.0000	0.9172	0.0000	0.5324
700	1.0000	0.9274	0.0000	0.5331
701	1.0000	0.9351	0.0000	0.5338
702	1.0000	0.9132	0.0000	0.5345
703	1.0000	0.9321	0.0000	0.5353
704	1.0000	0.9333	0.0000	0.5361
705	1.0000	0.9345	0.0000	0.5369
706	1.0000	0.8853	0.0000	0.5376
707	1.0000	0.9128	0.0000	0.5384
708	1.0000	0.9349	0.0000	0.5391
709	1.0000	0.9371	0.0000	0.5400
710	1.0000	0.9418	0.0000	0.5408
711	1.0000	0.9394	0.0000	0.5416
712	1.0000	0.9397	0.0000	0.5424
713	1.0000	0.9365	0.0000	0.5431
714	1.0000	0.9280	0.0000	0.5438
715	1.0000	0.9363	0.0000	0.5447
716	1.0000	0.9433	0.0000	0.5454
717	1.0000	0.9247	0.0000	0.5462
718	1.0000	0.9310	0.0000	0.5469
719	1.0000	0.9450	0.0000	0.5477
720	1.0000	0.9293	0.0000	0.5484
721	1.0000	0.9427	0.0000	0.5492
722	1.0000	0.9238	0.0000	0.5501
723	1.0000	0.9262	0.0000	0.5509
724	1.0000	0.9112	0.0000	0.5517
725	1.0000	0.8982	0.0000	0.5524
726	1.0000	0.9073	0.0000	0.5531
727	1.0000	0.9138	0.0000	0.5539
728	1.0000	0.9099	0.0000	0.5545
729	1.0000	0.9240	0.0000	0.5552
730	1.0000	0.9269	0.0000	0.5559
731	1.0000	0.9142	0.0000	0.5566
732	1.0000	0.9282	0.0000	0.5573
733	1.0000	0.9337	0.0000	0.5581
734	1.0000	0.9277	0.0000	0.5589
735	1.0000	0.9384	0.0000	0.5597
736	1.0000	0.9290	0.0000	0.5604
737	1.0000	0.9295	0.0000	0.5611
738	1.0000	0.9370	0.0000	0.5619
739	1.0000	0.9432	0.0000	0.5627
740	1.0000	0.9424	0.0000	0.5636
741	1.0000	0.9427	0.0000	0.5643
742	1.0000	0.9438	0.0000	0.5650
743	1.0000	0.9341	0.0000	0.5657
744	1.0000	0.9272	0.0000	0.5665
745	1.0000	0.9328	0.0000	0.5673
746	1.0000	0.9172	0.0000	0.5680
747	1.0000	0.9476	0.0000	0.5688
748	1.0000	0.9248	0.0000	0.5696
749	1.0000	0.9229	0.0000	0.5704
750	1.0000	0.9426	0.0000	0.5712
751	1.0000	0.9246	0.0000	0.5719
752	1.0000	0.9456	0.0000	0.5728
753	1.0000	0.9145	0.0000	0.5736
754	1.0000	0.9099	0.0000	0.5744
755	1.0000	0.8784	0.0000	0.5750
756	1.0000	0.8939	0.0000	0.5757
757	1.0000	0.9225	0.0000	0.5765
758	1.0000	0.9297	0.0000	0.5772
759	1.0000	0.9227	0.0000	0.5779
760	1.0000	0.9286	0.0000	0.5786
761	1.0000	0.9293	0.0000	0.5793
762	1.0000	0.9369	0.0000	0.5800
763	1.0000	0.9297	0.0000	0.5807
764	1.0000	0.9356	0.0000	0.5814
765	1.0000	0.9336	0.0000	0.5821
766	1.0000	0.9310	0.0000	0.5828
767	1.0000	0.9284	0.0000	0.5836
768	1.0000	0.9364	0.0000	0.5843
769	1.0000	0.9426	0.0000	0.5852
770	1.0000	0.9196	0.0000	0.5859
771	1.0000	0.9343	0.0000	0.5866
772	1.0000	0.9343	0.0000	0.5874
773	1.0000	0.9359	0.0000	0.5881
774	1.0000	0.9246	0.0000	0.5888
775	1.0000	0.9376	0.0000	0.5895
776	1.0000	0.9458	0.0000	0.5902
777	1.0000	0.9287	0.0000	0.5909
778	1.0000	0.9347	0.0000	0.5917
779	1.0000	0.9439	0.0000	0.5924
780	1.0000	0.9422	0.0000	0.5931
781	1.0000	0.9453	0.0000	0.5938
782	1.0000	0.9451	0.0000	0.5945
783	1.0000	0.9582	0.0000	0.5952
784	1.0000	0.9513	0.0000	0.5960
785	1.0000	0.9602	0.0000	0.5966
786	1.0000	0.9462	0.0000	0.5974
787	1.0000	0.9632	0.0000	0.5981
788	1.0000	0.9465	0.0000	0.5988
789	1.0000	0.9294	0.0000	0.5995
790	1.0000	0.9327	0.0000	0.6003
791	1.0000	0.9170	0.0000	0.6010
792	1.0000	0.9415	0.0000	0.6017
793	1.0000	0.9267	0.0000	0.6024
794	1.0000	0.9330	0.0000	0.6031
795	1.0000	0.9080	0.0000	0.6038
796	1.0000	0.9509	0.0000	0.6046
797	1.0000	0.9125	0.0000	0.6054
798	1.0000	0.9163	0.0000	0.6062
799	1.0000	0.9433	0.0000	0.6070
800	1.0000	0.9316	0.0000	0.6079
801	1.0000	0.9038	0.0000	0.6087
802	1.0000	0.8977	0.0000	0.6095
803	1.0000	0.9562	0.0000	0.6104
804	1.0000	0.9246	0.0000	0.6112
805	1.0000	0.9322	0.0000	0.6119
806	1.0000	0.8949	0.0000	0.6127
807	1.0000	0.9080	0.0000	0.6134
808	1.0000	0.9032	0.0000	0.6142
809	1.0000	0.9008	0.0000	0.6150
810	1.0000	0.9312	0.0000	0.6157
811	1.0000	0.9340	0.0000	0.6165
812	1.0000	0.9171	0.0000	0.6173
813	1.0000	0.9232	0.0000	0.6180
814	1.0000	0.9280	0.0000	0.6187
815	1.0000	0.9352	0.0000	0.6195
816	1.0000	0.9330	0.0000	0.6203
817	1.0000	0.9206	0.0000	0.6210
818	1.0000	0.9277	0.0000	0.6217
819	1.0000	0.9092	0.0000	0.6225
820	1.0000	0.8832	0.0000	0.6232
821	1.0000	0.9112	0.0000	0.6239
822	1.0000	0.9441	0.0000	0.6245
823	1.0000	0.9265	0.0000	0.6253
824	1.0000	0.9211	0.0000	0.6260
825	1.0000	0.9116	0.0000	0.6268
826	1.0000	0.8831	0.0000	0.6275
827	1.0000	0.8566	0.0000	0.6282
828	1.0000	0.9059	0.0000	0.6289
829	1.0000	0.9139	0.0000	0.6298
830	1.0000	0.8935	0.0000	0.6308
831	1.0000	0.9229	0.0000	0.6314
832	1.0000	0.9166	0.0000	0.6322
833	1.0000	0.9270	0.0000	0.6330
834	1.0000	0.9263	0.0000	0.6338
835	1.0000	0.9275	0.0000	0.6345
836	1.0000	0.9476	0.0000	0.6356
837	1.0000	0.9360	0.0000	0.6364
838	1.0000	0.9167	0.0000	0.6371
839	1.0000	0.9251	0.0000	0.6381
840	1.0000	0.9265	0.0000	0.6390
841	1.0000	0.9151	0.0000	0.6397
842	1.0000	0.9279	0.0000	0.6405
843	1.0000	0.9230	0.0000	0.6412
844	1.0000	0.9459	0.0000	0.6420
845	1.0000	0.9280	0.0000	0.6427
846	1.0000	0.9109	0.0000	0.6435
847	1.0000	0.9300	0.0000	0.6443
848	1.0000	0.8950	0.0000	0.6450
849	1.0000	0.9258	0.0000	0.6456
850	1.0000	0.9442	0.0000	0.6463
851	1.0000	0.9281	0.0000	0.6470
852	1.0000	0.9258	0.0000	0.6477
853	1.0000	0.9436	0.0000	0.6486
854	1.0000	0.9407	0.0000	0.6493
855	1.0000	0.9190	0.0000	0.6499
856	1.0000	0.9197	0.0000	0.6507
857	1.0000	0.9428	0.0000	0.6515
858	1.0000	0.9102	0.0000	0.6522
859	1.0000	0.9202	0.0000	0.6528
860	1.0000	0.9212	0.0000	0.6535
861	1.0000	0.9340	0.0000	0.6545
862	1.0000	0.9076	0.0000	0.6553
863	1.0000	0.9241	0.0000	0.6562
864	1.0000	0.9275	0.0000	0.6569
865	1.0000	0.9396	0.0000	0.6577
866	1.0000	0.9244	0.0000	0.6584
867	1.0000	0.9221	0.0000	0.6592
868	1.0000	0.9458	0.0000	0.6600
869	1.0000	0.9327	0.0000	0.6608
870	1.0000	0.9067	0.0000	0.6615
871	1.0000	0.9129	0.0000	0.6621
872	1.0000	0.9346	0.0000	0.6630
873	1.0000	0.9234	0.0000	0.6638
874	1.0000	0.9357	0.0000	0.6645
875	1.0000	0.9114	0.0000	0.6652
876	1.0000	0.9043	0.0000	0.6660
877	1.0000	0.9194	0.0000	0.6667
878	1.0000	0.9213	0.0000	0.6674
879	1.0000	0.9389	0.0000	0.6682
880	1.0000	0.9133	0.0000	0.6690
881	1.0000	0.9303	0.0000	0.6698
882	1.0000	0.9422	0.0000	0.6705
883	1.0000	0.9342	0.0000	0.6713
884	1.0000	0.9221	0.0000	0.6720
885	1.0000	0.9182	0.0000	0.6727
886	1.0000	0.9237	0.0000	0.6734
887	1.0000	0.9327	0.0000	0.6741
888	1.0000	0.9104	0.0000	0.6748
889	1.0000	0.9354	0.0000	0.6755
890	1.0000	0.9245	0.0000	0.6762
891	1.0000	0.9052	0.0000	0.6770
892	1.0000	0.9152	0.0000	0.6776
893	1.0000	0.9250	0.0000	0.6783
894	1.0000	0.9358	0.0000	0.6791
895	1.0000	0.9310	0.0000	0.6798
896	1.0000	0.9274	0.0000	0.6805
897	1.0000	0.9401	0.0000	0.6812
898	1.0000	0.9306	0.0000	0.6819
899	1.0000	0.9179	0.0000	0.6825
900	1.0000	0.9393	0.0000	0.6832
901	1.0000	0.9288	0.0000	0.6840
902	1.0000	0.9032	0.0000	0.6848
903	1.0000	0.9131	0.0000	0.6855
904	1.0000	0.9015	0.0000	0.6863
905	1.0000	0.9125	0.0000	0.6870
906	1.0000	0.9147	0.0000	0.6878
907	1.0000	0.8739	0.0000	0.6885
908	1.0000	0.9023	0.0000	0.6893
909	1.0000	0.9025	0.0000	0.6901
910	1.0000	0.9092	0.0000	0.6911
911	1.0000	0.8960	0.0000	0.6921
912	1.0000	0.8284	0.0000	0.6929
913	1.0000	0.8714	0.0000	0.6937
914	1.0000	0.8512	0.0000	0.6944
915	1.0000	0.8772	0.0000	0.6952
916	1.0000	0.8708	0.0000	0.6961
917	1.0000	0.8596	0.0000	0.6970
918	1.0000	0.8419	0.0000	0.6978
919	1.0000	0.8640	0.0000	0.6986
920	1.0000	0.8641	0.0000	0.6993
921	1.0000	0.8934	0.0000	0.7001
922	1.0000	0.8831	0.0000	0.7008
923	1.0000	0.8856	0.0000	0.7016
924	1.0000	0.8551	0.0000	0.7025
925	1.0000	0.9127	0.0000	0.7034
926	1.0000	0.8692	0.0000	0.7042
927	1.0000	0.8969	0.0000	0.7050
928	1.0000	0.8792	0.0000	0.7058
929	1.0000	0.9014	0.0000	0.7065
930	1.0000	0.8747	0.0000	0.7073
931	1.0000	0.8758	0.0000	0.7081
932	1.0000	0.8767	0.0000	0.7090
933	1.0000	0.8864	0.0000	0.7098
934	1.0000	0.8854	0.0000	0.7106
935	1.0000	0.8986	0.0000	0.7114
936	1.0000	0.8767	0.0000	0.7122
937	1.0000	0.8873	0.0000	0.7129
938	1.0000	0.9017	0.0000	0.7137
939	1.0000	0.9091	0.0000	0.7145
940	1.0000	0.9146	0.0000	0.7154
941	1.0000	0.8823	0.0000	0.7161
942	1.0000	0.8960	0.0000	0.7169
943	1.0000	0.8809	0.0000	0.7177
944	1.0000	0.9055	0.0000	0.7186
945	1.0000	0.8869	0.0000	0.7194
946	1.0000	0.8889	0.0000	0.7203
947	1.0000	0.8487	0.0000	0.7211
948	1.0000	0.8305	0.0000	0.7219
949	1.0000	0.8573	0.0000	0.7226
950	1.0000	0.8546	0.0000	0.7232
951	1.0000	0.8738	0.0000	0.7240
952	1.0000	0.8772	0.0000	0.7247
953	1.0000	0.8599	0.0000	0.7254
954	1.0000	0.8955	0.0000	0.7262
955	1.0000	0.8718	0.0000	0.7272
956	1.0000	0.9019	0.0000	0.7281
957	1.0000	0.8771	0.0000	0.7290
958	1.0000	0.8946	0.0000	0.7297
959	1.0000	0.8858	0.0000	0.7304
960	1.0000	0.8902	0.0000	0.7311
961	1.0000	0.8765	0.0000	0.7318
962	1.0000	0.8849	0.0000	0.7326
963	1.0000	0.8639	0.0000	0.7334
964	1.0000	0.8590	0.0000	0.7341
965	1.0000	0.8841	0.0000	0.7350
966	1.0000	0.8621	0.0000	0.7359
967	1.0000	0.8808	0.0000	0.7368
968	1.0000	0.8726	0.0000	0.7376
969	1.0000	0.8775	0.0000	0.7383
970	1.0000	0.8901	0.0000	0.7391
971	1.0000	0.8778	0.0000	0.7398
972	1.0000	0.8736	0.0000	0.7406
973	1.0000	0.9096	0.0000	0.7414
974	1.0000	0.8735	0.0000	0.7422
975	1.0000	0.8571	0.0000	0.7431
976	1.0000	0.8639	0.0000	0.7441
977	1.0000	0.8484	0.0000	0.7449
978	1.0000	0.8746	0.0000	0.7456
979	1.0000	0.8620	0.0000	0.7464
980	1.0000	0.8809	0.0000	0.7473
981	1.0000	0.8568	0.0000	0.7480
982	1.0000	0.8825	0.0000	0.7487
983	1.0000	0.8990	0.0000	0.7495
984	1.0000	0.8881	0.0000	0.7502
985	1.0000	0.8949	0.0000	0.7510
986	1.0000	0.8745	0.0000	0.7516
987	1.0000	0.9089	0.0000	0.7524
988	1.0000	0.9208	0.0000	0.7531
989	1.0000	0.8795	0.0000	0.7539
990	1.0000	0.8993	0.0000	0.7546
991	1.0000	0.8900	0.0000	0.7553
992	1.0000	0.8891	0.0000	0.7561
993	1.0000	0.9023	0.0000	0.7572
994	1.0000	0.9143	0.0000	0.7580
995	1.0000	0.9219	0.0000	0.7588
996	1.0000	0.9256	0.0000	0.7595
997	1.0000	0.9289	0.0000	0.7603
998	1.0000	0.9190	0.0000	0.7609
999	1.0000	0.9652	0.0000	0.7616
1000	1.0000	0.9243	0.0000	0.7623
1001	1.0000	0.9403	0.0000	0.7630
1002	1.0000	0.9458	0.0000	0.7637
1003	1.0000	0.9161	0.0000	0.7645
1004	1.0000	0.9121	0.0000	0.7653
1005	1.0000	0.9183	0.0000	0.7660
1006	1.0000	0.9044	0.0000	0.7669
1007	1.0000	0.8941	0.0000	0.7676
1008	1.0000	0.8981	0.0000	0.7684
1009	1.0000	0.9005	0.0000	0.7691
1010	1.0000	0.9030	0.0000	0.7699
1011	1.0000	0.9164	0.0000	0.7706
1012	1.0000	0.9173	0.0000	0.7714
1013	1.0000	0.9074	0.0000	0.7721
1014	1.0000	0.8820	0.0000	0.7728
1015	1.0000	0.9233	0.0000	0.7736
1016	1.0000	0.9442	0.0000	0.7744
1017	1.0000	0.9180	0.0000	0.7751
1018	1.0000	0.9346	0.0000	0.7759
1019	1.0000	0.9220	0.0000	0.7768
1020	1.0000	0.9334	0.0000	0.7775
1021	1.0000	0.9017	0.0000	0.7784
1022	1.0000	0.9152	0.0000	0.7792
1023	1.0000	0.9104	0.0000	0.7798
1024	1.0000	0.9391	0.0000	0.7805
1025	1.0000	0.9453	0.0000	0.7813
1026	1.0000	0.9281	0.0000	0.7822
1027	1.0000	0.9401	0.0000	0.7830
1028	1.0000	0.8881	0.0000	0.7838
1029	1.0000	0.9285	0.0000	0.7845
1030	1.0000	0.9188	0.0000	0.7853
1031	1.0000	0.9293	0.0000	0.7862
1032	1.0000	0.9029	0.0000	0.7869
1033	1.0000	0.9157	0.0000	0.7878
1034	1.0000	0.8902	0.0000	0.7886
1035	1.0000	0.9085	0.0000	0.7893
1036	1.0000	0.8702	0.0000	0.7901
1037	1.0000	0.9049	0.0000	0.7908
1038	1.0000	0.9046	0.0000	0.7915
1039	1.0000	0.9308	0.0000	0.7923
1040	1.0000	0.9083	0.0000	0.7931
1041	1.0000	0.9295	0.0000	0.7938
1042	1.0000	0.9302	0.0000	0.7946
1043	1.0000	0.9277	0.0000	0.7955
1044	1.0000	0.9279	0.0000	0.7963
1045	1.0000	0.9357	0.0000	0.7971
1046	1.0000	0.9438	0.0000	0.7977
1047	1.0000	0.9415	0.0000	0.7985
1048	1.0000	0.9321	0.0000	0.7993
1049	1.0000	0.9120	0.0000	0.8001
1050	1.0000	0.9280	0.0000	0.8007
1051	1.0000	0.9250	0.0000	0.8016
1052	1.0000	0.9268	0.0000	0.8024
1053	1.0000	0.9275	0.0000	0.8033
1054	1.0000	0.9295	0.0000	0.8041
1055	1.0000	0.9235	0.0000	0.8049
1056	1.0000	0.9264	0.0000	0.8056
1057	1.0000	0.9228	0.0000	0.8064
1058	1.0000	0.8889	0.0000	0.8071
1059	1.0000	0.9281	0.0000	0.8080
1060	1.0000	0.9126	0.0000	0.8087
1061	1.0000	0.9206	0.0000	0.8095
1062	1.0000	0.8884	0.0000	0.8102
1063	1.0000	0.9070	0.0000	0.8110
1064	1.0000	0.9038	0.0000	0.8118
1065	1.0000	0.8873	0.0000	0.8126
1066	1.0000	0.9149	0.0000	0.8134
1067	1.0000	0.9054	0.0000	0.8142
1068	1.0000	0.9191	0.0000	0.8150
1069	1.0000	0.9167	0.0000	0.8157
1070	1.0000	0.9149	0.0000	0.8167
1071	1.0000	0.9163	0.0000	0.8175
1072	1.0000	0.9297	0.0000	0.8183
1073	1.0000	0.9203	0.0000	0.8192
1074	1.0000	0.9281	0.0000	0.8202
1075	1.0000	0.9101	0.0000	0.8211
1076	1.0000	0.9295	0.0000	0.8218
1077	1.0000	0.9359	0.0000	0.8226
1078	1.0000	0.9306	0.0000	0.8233
1079	1.0000	0.9202	0.0000	0.8240
1080	1.0000	0.9447	0.0000	0.8247
1081	1.0000	0.9466	0.0000	0.8256
1082	1.0000	0.9366	0.0000	0.8263
1083	1.0000	0.9452	0.0000	0.8271
1084	1.0000	0.9431	0.0000	0.8278
1085	1.0000	0.9473	0.0000	0.8286
1086	1.0000	0.9406	0.0000	0.8293
1087	1.0000	0.9489	0.0000	0.8303
1088	1.0000	0.9324	0.0000	0.8311
1089	1.0000	0.9330	0.0000	0.8318
1090	1.0000	0.9481	0.0000	0.8326
1091	1.0000	0.9180	0.0000	0.8336
1092	1.0000	0.9057	0.0000	0.8345
1093	1.0000	0.9324	0.0000	0.8354
1094	1.0000	0.9167	0.0000	0.8362
1095	1.0000	0.8836	0.0000	0.8369
1096	1.0000	0.9027	0.0000	0.8378
1097	1.0000	0.8765	0.0000	0.8387
1098	1.0000	0.8854	0.0000	0.8395
1099	1.0000	0.8926	0.0000	0.8403
1100	1.0000	0.9000	0.0000	0.8411
1101	1.0000	0.8937	0.0000	0.8419
1102	1.0000	0.8965	0.0000	0.8427
1103	1.0000	0.9194	0.0000	0.8436
1104	1.0000	0.8894	0.0000	0.8445
1105	1.0000	0.8924	0.0000	0.8453
1106	1.0000	0.8975	0.0000	0.8461
1107	1.0000	0.9340	0.0000	0.8468
1108	1.0000	0.9294	0.0000	0.8475
1109	1.0000	0.9359	0.0000	0.8482
1110	1.0000	0.9370	0.0000	0.8490
1111	1.0000	0.9041	0.0000	0.8497
1112	1.0000	0.9188	0.0000	0.8504
1113	1.0000	0.8714	0.0000	0.8512
1114	1.0000	0.9155	0.0000	0.8520
1115	1.0000	0.8557	0.0000	0.8528
1116	1.0000	0.8791	0.0000	0.8536
1117	1.0000	0.8482	0.0000	0.8545
1118	1.0000	0.8730	0.0000	0.8553
1119	1.0000	0.9033	0.0000	0.8564
1120	1.0000	0.8811	0.0000	0.8573
1121	1.0000	0.8812	0.0000	0.8583
1122	1.0000	0.8939	0.0000	0.8591
1123	1.0000	0.8893	0.0000	0.8598
1124	1.0000	0.9210	0.0000	0.8606
1125	1.0000	0.8622	0.0000	0.8613
1126	1.0000	0.9056	0.0000	0.8621
1127	1.0000	0.9156	0.0000	0.8628
1128	1.0000	0.9080	0.0000	0.8636
1129	1.0000	0.8987	0.0000	0.8644
1130	1.0000	0.9020	0.0000	0.8652
1131	1.0000	0.9199	0.0000	0.8661
1132	1.0000	0.9381	0.0000	0.8669
1133	1.0000	0.9296	0.0000	0.8677
1134	1.0000	0.9139	0.0000	0.8687
1135	1.0000	0.9118	0.0000	0.8695
1136	1.0000	0.9165	0.0000	0.8704
1137	1.0000	0.8796	0.0000	0.8713
1138	1.0000	0.9059	0.0000	0.8723
1139	1.0000	0.9184	0.0000	0.8730
1140	1.0000	0.9015	0.0000	0.8738
1141	1.0000	0.9079	0.0000	0.8748
1142	1.0000	0.9091	0.0000	0.8755
1143	1.0000	0.9041	0.0000	0.8764
1144	1.0000	0.8956	0.0000	0.8773
1145	1.0000	0.9123	0.0000	0.8782
1146	1.0000	0.9128	0.0000	0.8790
1147	1.0000	0.9154	0.0000	0.8798
1148	1.0000	0.9126	0.0000	0.8805
1149	1.0000	0.9124	0.0000	0.8813
1150	1.0000	0.9225	0.0000	0.8821
1151	1.0000	0.9220	0.0000	0.8828
1152	1.0000	0.9281	0.0000	0.8835
1153	1.0000	0.9132	0.0000	0.8843
1154	1.0000	0.9173	0.0000	0.8851
1155	1.0000	0.8918	0.0000	0.8858
1156	1.0000	0.8989	0.0000	0.8867
1157	1.0000	0.8799	0.0000	0.8876
1158	1.0000	0.8967	0.0000	0.8883
1159	1.0000	0.8889	0.0000	0.8891
1160	1.0000	0.8518	0.0000	0.8899
1161	1.0000	0.8962	0.0000	0.8907
1162	1.0000	0.8668	0.0000	0.8914
1163	1.0000	0.8933	0.0000	0.8922
1164	1.0000	0.9002	0.0000	0.8929
1165	1.0000	0.9023	0.0000	0.8937
1166	1.0000	0.9055	0.0000	0.8943
1167	1.0000	0.9112	0.0000	0.8952
1168	1.0000	0.9198	0.0000	0.8963
1169	1.0000	0.9137	0.0000	0.8970
1170	1.0000	0.9413	0.0000	0.8978
1171	1.0000	0.9332	0.0000	0.8986
1172	1.0000	0.9225	0.0000	0.8996
1173	1.0000	0.9141	0.0000	0.9003
1174	1.0000	0.9081	0.0000	0.9012
1175	1.0000	0.8981	0.0000	0.9021
1176	1.0000	0.9042	0.0000	0.9028
1177	1.0000	0.9257	0.0000	0.9036
1178	1.0000	0.9010	0.0000	0.9044
1179	1.0000	0.9044	0.0000	0.9053
1180	1.0000	0.8881	0.0000	0.9061
1181	1.0000	0.8714	0.0000	0.9069
1182	1.0000	0.9188	0.0000	0.9077
1183	1.0000	0.8915	0.0000	0.9086
1184	1.0000	0.8750	0.0000	0.9094
1185	1.0000	0.8721	0.0000	0.9101
1186	1.0000	0.8705	0.0000	0.9108
1187	1.0000	0.9076	0.0000	0.9115
1188	1.0000	0.9098	0.0000	0.9122
1189	1.0000	0.8846	0.0000	0.9129
1190	1.0000	0.9188	0.0000	0.9136
1191	1.0000	0.8898	0.0000	0.9143
1192	1.0000	0.8921	0.0000	0.9151
1193	1.0000	0.8917	0.0000	0.9159
1194	1.0000	0.8704	0.0000	0.9167
1195	1.0000	0.9109	0.0000	0.9175
1196	1.0000	0.9089	0.0000	0.9183
1197	1.0000	0.8776	0.0000	0.9191
1198	1.0000	0.9037	0.0000	0.9200
1199	1.0000	0.8809	0.0000	0.9208
1200	1.0000	0.8774	0.0000	0.9217
1201	1.0000	0.8821	0.0000	0.9225
1202	1.0000	0.8910	0.0000	0.9233
1203	1.0000	0.8857	0.0000	0.9240
1204	1.0000	0.9072	0.0000	0.9247
1205	1.0000	0.9011	0.0000	0.9256
1206	1.0000	0.8907	0.0000	0.9264
1207	1.0000	0.8819	0.0000	0.9273
1208	1.0000	0.8636	0.0000	0.9280
1209	1.0000	0.8977	0.0000	0.9288
1210	1.0000	0.8746	0.0000	0.9296
1211	1.0000	0.8894	0.0000	0.9304
1212	1.0000	0.8690	0.0000	0.9311
1213	1.0000	0.8912	0.0000	0.9317
1214	1.0000	0.8888	0.0000	0.9324
1215	1.0000	0.9196	0.0000	0.9332
1216	1.0000	0.9218	0.0000	0.9341
1217	1.0000	0.8931	0.0000	0.9349
1218	1.0000	0.8879	0.0000	0.9356
1219	1.0000	0.9028	0.0000	0.9364
1220	1.0000	0.8795	0.0000	0.9371
1221	1.0000	0.9006	0.0000	0.9380
1222	1.0000	0.8834	0.0000	0.9388
1223	1.0000	0.8963	0.0000	0.9397
1224	1.0000	0.8549	0.0000	0.9405
1225	1.0000	0.8952	0.0000	0.9412
1226	1.0000	0.9009	0.0000	0.9420
1227	1.0000	0.9079	0.0000	0.9428
1228	1.0000	0.9040	0.0000	0.9435
1229	1.0000	0.8655	0.0000	0.9442
1230	1.0000	0.8980	0.0000	0.9450
1231	1.0000	0.8842	0.0000	0.9457
1232	1.0000	0.8931	0.0000	0.9464
1233	1.0000	0.9294	0.0000	0.9471
1234	1.0000	0.8934	0.0000	0.9479
1235	1.0000	0.8662	0.0000	0.9489
1236	1.0000	0.8912	0.0000	0.9499
1237	1.0000	0.8744	0.0000	0.9507
1238	1.0000	0.8758	0.0000	0.9516
1239	1.0000	0.8711	0.0000	0.9527
1240	1.0000	0.8607	0.0000	0.9535
1241	1.0000	0.8710	0.0000	0.9545
1242	1.0000	0.8554	0.0000	0.9555
1243	1.0000	0.8619	0.0000	0.9565
1244	1.0000	0.8355	0.0000	0.9575
1245	1.0000	0.8685	0.0000	0.9584
1246	1.0000	0.9018	0.0000	0.9592
1247	1.0000	0.8957	0.0000	0.9601
1248	1.0000	0.8900	0.0000	0.9608
1249	1.0000	0.8854	0.0000	0.9615
1250	1.0000	0.8612	0.0000	0.9623
1251	1.0000	0.9053	0.0000	0.9630
1252	1.0000	0.9095	0.0000	0.9639
1253	1.0000	0.8738	0.0000	0.9647
1254	1.0000	0.8432	0.0000	0.9655
1255	1.0000	0.8838	0.0000	0.9663
1256	1.0000	0.8938	0.0000	0.9673
1257	1.0000	0.8878	0.0000	0.9682
1258	1.0000	0.8729	0.0000	0.9692
1259	1.0000	0.8884	0.0000	0.9701
1260	1.0000	0.8802	0.0000	0.9708
1261	1.0000	0.8760	0.0000	0.9716
1262	1.0000	0.8599	0.0000	0.9725
1263	1.0000	0.9087	0.0000	0.9732
1264	1.0000	0.9223	0.0000	0.9740
1265	1.0000	0.8956	0.0000	0.9747
1266	1.0000	0.9042	0.0000	0.9756
1267	1.0000	0.8897	0.0000	0.9763
1268	1.0000	0.9029	0.0000	0.9771
1269	1.0000	0.8962	0.0000	0.9778
1270	1.0000	0.9262	0.0000	0.9786
1271	1.0000	0.8886	0.0000	0.9795
1272	1.0000	0.9195	0.0000	0.9802
1273	1.0000	0.9180	0.0000	0.9810
1274	1.0000	0.9138	0.0000	0.9819
1275	1.0000	0.8922	0.0000	0.9828
1276	1.0000	0.9039	0.0000	0.9835
1277	1.0000	0.9271	0.0000	0.9842
1278	1.0000	0.9311	0.0000	0.9850
1279	1.0000	0.9186	0.0000	0.9858
1280	1.0000	0.9028	0.0000	0.9867
1281	1.0000	0.9033	0.0000	0.9875
1282	1.0000	0.9244	0.0000	0.9882
1283	1.0000	0.9253	0.0000	0.9890
1284	1.0000	0.9137	0.0000	0.9897
1285	1.0000	0.9413	0.0000	0.9905
1286	1.0000	0.9135	0.0000	0.9913
1287	1.0000	0.9139	0.0000	0.9922
1288	1.0000	0.9121	0.0000	0.9929
1289	1.0000	0.9155	0.0000	0.9937
1290	1.0000	0.8921	0.0000	0.9945
1291	1.0000	0.9280	0.0000	0.9956
1292	1.0000	0.8966	0.0000	0.9963
1293	1.0000	0.9062	0.0000	0.9971
1294	1.0000	0.9080	0.0000	0.9980
1295	1.0000	0.9321	0.0000	0.9987
1296	1.0000	0.9423	0.0000	0.9994
1297	1.0000	0.9159	0.0000	1.0003
1298	1.0000	0.9096	0.0000	1.0010
1299	1.0000	0.9200	0.0000	1.0018
1300	1.0000	0.9397	0.0000	1.0029
1301	1.0000	0.9251	0.0000	1.0037
1302	1.0000	0.9298	0.0000	1.0044
1303	1.0000	0.9411	0.0000	1.0052
1304	1.0000	0.9319	0.0000	1.0060
1305	1.0000	0.9413	0.0000	1.0069
1306	1.0000	0.9355	0.0000	1.0077
1307	1.0000	0.9238	0.0000	1.0085
1308	1.0000	0.9503	0.0000	1.0093
1309	1.0000	0.9380	0.0000	1.0102
1310	1.0000	0.9346	0.0000	1.0110
1311	1.0000	0.9273	0.0000	1.0119
1312	1.0000	0.9335	0.0000	1.0126
1313	1.0000	0.9403	0.0000	1.0133
1314	1.0000	0.9248	0.0000	1.0140
1315	1.0000	0.9405	0.0000	1.0148
1316	1.0000	0.9562	0.0000	1.0157
1317	1.0000	0.9570	0.0000	1.0166
1318	1.0000	0.9343	0.0000	1.0172
1319	1.0000	0.9634	0.0000	1.0180
1320	1.0000	0.9390	0.0000	1.0188
1321	1.0000	0.9470	0.0000	1.0197
1322	1.0000	0.9427	0.0000	1.0204
1323	1.0000	0.9339	0.0000	1.0212
1324	1.0000	0.9308	0.0000	1.0220
1325	1.0000	0.9539	0.0000	1.0228
1326	1.0000	0.9270	0.0000	1.0238
1327	1.0000	0.8812	0.0000	1.0245
1328	1.0000	0.9106	0.0000	1.0255
1329	1.0000	0.9078	0.0000	1.0266
1330	1.0000	0.9286	0.0000	1.0274
1331	1.0000	0.9167	0.0000	1.0282
1332	1.0000	0.9196	0.0000	1.0289
1333	1.0000	0.9338	0.0000	1.0296
1334	1.0000	0.9240	0.0000	1.0305
1335	1.0000	0.9339	0.0000	1.0313
1336	1.0000	0.9361	0.0000	1.0320
1337	1.0000	0.9263	0.0000	1.0327
1338	1.0000	0.9397	0.0000	1.0335
1339	1.0000	0.9437	0.0000	1.0342
1340	1.0000	0.9404	0.0000	1.0351
1341	1.0000	0.9425	0.0000	1.0360
1342	1.0000	0.9134	0.0000	1.0367
1343	1.0000	0.9052	0.0000	1.0375
1344	1.0000	0.9230	0.0000	1.0383
1345	1.0000	0.9152	0.0000	1.0389
1346	1.0000	0.8995	0.0000	1.0397
1347	1.0000	0.8970	0.0000	1.0406
1348	1.0000	0.8960	0.0000	1.0415
1349	1.0000	0.9109	0.0000	1.0423
1350	1.0000	0.8891	0.0000	1.0430
1351	1.0000	0.9295	0.0000	1.0437
1352	1.0000	0.9034	0.0000	1.0444
1353	1.0000	0.9154	0.0000	1.0452
1354	1.0000	0.9136	0.0000	1.0458
1355	1.0000	0.8983	0.0000	1.0465
1356	1.0000	0.9478	0.0000	1.0472
1357	1.0000	0.9333	0.0000	1.0480
1358	1.0000	0.9466	0.0000	1.0487
1359	1.0000	0.9392	0.0000	1.0494
1360	1.0000	0.9425	0.0000	1.0502
1361	1.0000	0.9575	0.0000	1.0510
1362	1.0000	0.9377	0.0000	1.0516
1363	1.0000	0.9424	0.0000	1.0524
1364	1.0000	0.9362	0.0000	1.0531
1365	1.0000	0.9485	0.0000	1.0538
1366	1.0000	0.9174	0.0000	1.0545
1367	1.0000	0.9306	0.0000	1.0551
1368	1.0000	0.9419	0.0000	1.0559
1369	1.0000	0.9402	0.0000	1.0566
1370	1.0000	0.9255	0.0000	1.0574
1371	1.0000	0.9225	0.0000	1.0582
1372	1.0000	0.9374	0.0000	1.0591
1373	1.0000	0.9140	0.0000	1.0598
1374	1.0000	0.9269	0.0000	1.0606
1375	1.0000	0.9123	0.0000	1.0614
1376	1.0000	0.9249	0.0000	1.0623
1377	1.0000	0.9036	0.0000	1.0631
1378	1.0000	0.9157	0.0000	1.0640
1379	1.0000	0.9099	0.0000	1.0647
1380	1.0000	0.9267	0.0000	1.0655
1381	1.0000	0.8946	0.0000	1.0661
1382	1.0000	0.9296	0.0000	1.0671
1383	1.0000	0.9294	0.0000	1.0678
1384	1.0000	0.9216	0.0000	1.0686
1385	1.0000	0.9374	0.0000	1.0695
1386	1.0000	0.9269	0.0000	1.0701
1387	1.0000	0.9341	0.0000	1.0708
1388	1.0000	0.9527	0.0000	1.0716
1389	1.0000	0.9403	0.0000	1.0723
1390	1.0000	0.9275	0.0000	1.0730
1391	1.0000	0.9281	0.0000	1.0737
1392	1.0000	0.9454	0.0000	1.0745
1393	1.0000	0.9594	0.0000	1.0751
1394	1.0000	0.9706	0.0000	1.0758
1395	1.0000	0.9555	0.0000	1.0765
1396	1.0000	0.9631	0.0000	1.0771
1397	1.0000	0.9564	0.0000	1.0778
1398	1.0000	0.9430	0.0000	1.0785
1399	1.0000	0.9564	0.0000	1.0791
1400	1.0000	0.9511	0.0000	1.0800
1401	1.0000	0.9513	0.0000	1.0807
1402	1.0000	0.9482	0.0000	1.0813
1403	1.0000	0.9455	0.0000	1.0820
1404	1.0000	0.9505	0.0000	1.0828
1405	1.0000	0.9588	0.0000	1.0834
1406	1.0000	0.9643	0.0000	1.0842
1407	1.0000	0.9652	0.0000	1.0850
1408	1.0000	0.9801	0.0000	1.0857
1409	1.0000	0.9695	0.0000	1.0863
1410	1.0000	0.9553	0.0000	1.0872
1411	1.0000	0.9510	0.0000	1.0880
1412	1.0000	0.9482	0.0000	1.0888
1413	1.0000	0.9520	0.0000	1.0897
1414	1.0000	0.9592	0.0000	1.0904
1415	1.0000	0.9411	0.0000	1.0912
1416	1.0000	0.9375	0.0000	1.0920
1417	1.0000	0.9533	0.0000	1.0929
1418	1.0000	0.9357	0.0000	1.0937
1419	1.0000	0.9418	0.0000	1.0944
1420	1.0000	0.9500	0.0000	1.0951
1421	1.0000	0.9552	0.0000	1.0959
1422	1.0000	0.9624	0.0000	1.0966
1423	1.0000	0.9393	0.0000	1.0974
1424	1.0000	0.9443	0.0000	1.0982
1425	1.0000	0.9453	0.0000	1.0989
1426	1.0000	0.9407	0.0000	1.0998
1427	1.0000	0.9537	0.0000	1.1006
1428	1.0000	0.9532	0.0000	1.1014
1429	1.0000	0.9547	0.0000	1.1023
1430	1.0000	0.9365	0.0000	1.1032
1431	1.0000	0.9381	0.0000	1.1041
1432	1.0000	0.9243	0.0000	1.1049
1433	1.0000	0.9460	0.0000	1.1059
1434	1.0000	0.9387	0.0000	1.1067
1435	1.0000	0.9517	0.0000	1.1078
1436	1.0000	0.9090	0.0000	1.1086
1437	1.0000	0.9127	0.0000	1.1098
1438	1.0000	0.9242	0.0000	1.1108
1439	1.0000	0.8734	0.0000	1.1116
1440	1.0000	0.8451	0.0000	1.1126
1441	1.0000	0.9107	0.0000	1.1136
1442	1.0000	0.8914	0.0000	1.1146
1443	1.0000	0.8959	0.0000	1.1154
1444	1.0000	0.8704	0.0000	1.1163
1445	1.0000	0.8677	0.0000	1.1171
1446	1.0000	0.8900	0.0000	1.1179
1447	1.0000	0.9122	0.0000	1.1187
1448	1.0000	0.9025	0.0000	1.1195
1449	1.0000	0.8699	0.0000	1.1204
1450	1.0000	0.8972	0.0000	1.1211
1451	1.0000	0.8736	0.0000	1.1218
1452	1.0000	0.8848	0.0000	1.1231
1453	1.0000	0.8856	0.0000	1.1240
1454	1.0000	0.8223	0.0000	1.1249
1455	1.0000	0.8532	0.0000	1.1258
1456	1.0000	0.8398	0.0000	1.1266
1457	1.0000	0.8389	0.0000	1.1276
1458	1.0000	0.8767	0.0000	1.1283
1459	1.0000	0.8691	0.0000	1.1290
1460	1.0000	0.8823	0.0000	1.1298
1461	1.0000	0.8623	0.0000	1.1306
1462	1.0000	0.8986	0.0000	1.1313
1463	1.0000	0.9160	0.0000	1.1320
1464	1.0000	0.9018	0.0000	1.1327
1465	1.0000	0.9101	0.0000	1.1334
1466	1.0000	0.9021	0.0000	1.1342
1467	1.0000	0.8943	0.0000	1.1349
1468	1.0000	0.9053	0.0000	1.1358
1469	1.0000	0.8956	0.0000	1.1366
1470	1.0000	0.9073	0.0000	1.1376
1471	1.0000	0.9055	0.0000	1.1384
1472	1.0000	0.8935	0.0000	1.1392
1473	1.0000	0.9329	0.0000	1.1400
1474	1.0000	0.9177	0.0000	1.1407
1475	1.0000	0.8778	0.0000	1.1418
1476	1.0000	0.9207	0.0000	1.1429
1477	1.0000	0.9102	0.0000	1.1436
1478	1.0000	0.8990	0.0000	1.1443
1479	1.0000	0.8939	0.0000	1.1451
1480	1.0000	0.8965	0.0000	1.1460
1481	1.0000	0.8908	0.0000	1.1467
1482	1.0000	0.9151	0.0000	1.1475
1483	1.0000	0.9293	0.0000	1.1483
1484	1.0000	0.8958	0.0000	1.1490
1485	1.0000	0.8942	0.0000	1.1498
1486	1.0000	0.9251	0.0000	1.1507
1487	1.0000	0.9137	0.0000	1.1516
1488	1.0000	0.8827	0.0000	1.1524
1489	1.0000	0.9033	0.0000	1.1531
1490	1.0000	0.8821	0.0000	1.1541
1491	1.0000	0.8642	0.0000	1.1548
1492	1.0000	0.8751	0.0000	1.1557
1493	1.0000	0.8767	0.0000	1.1565
1494	1.0000	0.8739	0.0000	1.1572
1495	1.0000	0.8742	0.0000	1.1580
1496	1.0000	0.8696	0.0000	1.1587
1497	1.0000	0.8758	0.0000	1.1594
1498	1.0000	0.8852	0.0000	1.1602
1499	1.0000	0.8861	0.0000	1.1611
1500	1.0000	0.9071	0.0000	1.1619
1501	1.0000	0.9022	0.0000	1.1627
1502	1.0000	0.9078	0.0000	1.1637
1503	1.0000	0.8780	0.0000	1.1645
1504	1.0000	0.9022	0.0000	1.1653
1505	1.0000	0.8969	0.0000	1.1663
1506	1.0000	0.9044	0.0000	1.1672
1507	1.0000	0.8714	0.0000	1.1679
1508	1.0000	0.8756	0.0000	1.1690
1509	1.0000	0.8797	0.0000	1.1697
1510	1.0000	0.8940	0.0000	1.1706
1511	1.0000	0.9091	0.0000	1.1716
1512	1.0000	0.9003	0.0000	1.1725
1513	1.0000	0.8934	0.0000	1.1735
1514	1.0000	0.8664	0.0000	1.1743
1515	1.0000	0.8722	0.0000	1.1752
1516	1.0000	0.8825	0.0000	1.1766
1517	1.0000	0.8688	0.0000	1.1775
1518	1.0000	0.8573	0.0000	1.1783
1519	1.0000	0.8257	0.0000	1.1792
1520	1.0000	0.9022	0.0000	1.1801
1521	1.0000	0.8650	0.0000	1.1811
1522	1.0000	0.8542	0.0000	1.1818
1523	1.0000	0.8619	0.0000	1.1825
1524	1.0000	0.8765	0.0000	1.1833
1525	1.0000	0.8854	0.0000	1.1840
1526	1.0000	0.8853	0.0000	1.1846
1527	1.0000	0.8838	0.0000	1.1855
1528	1.0000	0.8973	0.0000	1.1862
1529	1.0000	0.8988	0.0000	1.1870
1530	1.0000	0.9115	0.0000	1.1878
1531	1.0000	0.9193	0.0000	1.1886
1532	1.0000	0.9052	0.0000	1.1893
1533	1.0000	0.9266	0.0000	1.1901
1534	1.0000	0.8823	0.0000	1.1908
1535	1.0000	0.9206	0.0000	1.1917
1536	1.0000	0.9296	0.0000	1.1924
1537	1.0000	0.8900	0.0000	1.1932
1538	1.0000	0.8742	0.0000	1.1940
1539	1.0000	0.9037	0.0000	1.1949
1540	1.0000	0.8980	0.0000	1.1962
1541	1.0000	0.8660	0.0000	1.1969
1542	1.0000	0.9013	0.0000	1.1978
1543	1.0000	0.8782	0.0000	1.1986
1544	1.0000	0.8900	0.0000	1.1994
1545	1.0000	0.9121	0.0000	1.2001
1546	1.0000	0.9059	0.0000	1.2009
1547	1.0000	0.9317	0.0000	1.2016
1548	1.0000	0.9258	0.0000	1.2024
1549	1.0000	0.9068	0.0000	1.2032
1550	1.0000	0.9025	0.0000	1.2041
1551	1.0000	0.8974	0.0000	1.2049
1552	1.0000	0.8952	0.0000	1.2056
1553	1.0000	0.8777	0.0000	1.2063
1554	1.0000	0.9195	0.0000	1.2073
1555	1.0000	0.9077	0.0000	1.2080
1556	1.0000	0.8853	0.0000	1.2088
1557	1.0000	0.9295	0.0000	1.2095
1558	1.0000	0.9187	0.0000	1.2103
1559	1.0000	0.9056	0.0000	1.2110
1560	1.0000	0.8958	0.0000	1.2117
1561	1.0000	0.9272	0.0000	1.2125
1562	1.0000	0.9364	0.0000	1.2133
1563	1.0000	0.9359	0.0000	1.2142
1564	1.0000	0.9020	0.0000	1.2151
1565	1.0000	0.9122	0.0000	1.2159
1566	1.0000	0.9018	0.0000	1.2167
1567	1.0000	0.8651	0.0000	1.2175
1568	1.0000	0.9058	0.0000	1.2184
1569	1.0000	0.8773	0.0000	1.2194
1570	1.0000	0.8286	0.0000	1.2203
1571	1.0000	0.8655	0.0000	1.2212
1572	1.0000	0.8524	0.0000	1.2220
1573	1.0000	0.8771	0.0000	1.2228
1574	1.0000	0.8758	0.0000	1.2238
1575	1.0000	0.8385	0.0000	1.2247
1576	1.0000	0.8550	0.0000	1.2256
1577	1.0000	0.8748	0.0000	1.2264
1578	1.0000	0.8902	0.0000	1.2274
1579	1.0000	0.8748	0.0000	1.2283
1580	1.0000	0.8954	0.0000	1.2294
1581	1.0000	0.8868	0.0000	1.2303
1582	1.0000	0.8627	0.0000	1.2311
1583	1.0000	0.8820	0.0000	1.2318
1584	1.0000	0.8982	0.0000	1.2327
1585	1.0000	0.9091	0.0000	1.2336
1586	1.0000	0.9075	0.0000	1.2343
1587	1.0000	0.8835	0.0000	1.2350
1588	1.0000	0.9198	0.0000	1.2357
1589	1.0000	0.8906	0.0000	1.2364
1590	1.0000	0.9180	0.0000	1.2372
1591	1.0000	0.9048	0.0000	1.2378
1592	1.0000	0.9354	0.0000	1.2386
1593	1.0000	0.9299	0.0000	1.2393
1594	1.0000	0.9452	0.0000	1.2401
1595	1.0000	0.9343	0.0000	1.2408
1596	1.0000	0.9186	0.0000	1.2415
1597	1.0000	0.9458	0.0000	1.2424
1598	1.0000	0.9223	0.0000	1.2432
1599	1.0000	0.9100	0.0000	1.2440
1600	1.0000	0.9435	0.0000	1.2447
1601	1.0000	0.9238	0.0000	1.2456
1602	1.0000	0.9118	0.0000	1.2463
1603	1.0000	0.9218	0.0000	1.2473
1604	1.0000	0.9329	0.0000	1.2484
1605	1.0000	0.9157	0.0000	1.2491
1606	1.0000	0.9105	0.0000	1.2498
1607	1.0000	0.9400	0.0000	1.2505
1608	1.0000	0.9446	0.0000	1.2513
1609	1.0000	0.9306	0.0000	1.2521
1610	1.0000	0.9219	0.0000	1.2529
1611	1.0000	0.9252	0.0000	1.2536
1612	1.0000	0.9571	0.0000	1.2543
1613	1.0000	0.9219	0.0000	1.2554
1614	1.0000	0.8808	0.0000	1.2564
1615	1.0000	0.8918	0.0000	1.2573
1616	1.0000	0.8982	0.0000	1.2581
1617	1.0000	0.9192	0.0000	1.2591
1618	1.0000	0.8956	0.0000	1.2601
1619	1.0000	0.8976	0.0000	1.2608
1620	1.0000	0.9041	0.0000	1.2616
1621	1.0000	0.9131	0.0000	1.2623
1622	1.0000	0.8876	0.0000	1.2631
1623	1.0000	0.9188	0.0000	1.2640
1624	1.0000	0.9164	0.0000	1.2649
1625	1.0000	0.9106	0.0000	1.2658
1626	1.0000	0.9146	0.0000	1.2666
1627	1.0000	0.9175	0.0000	1.2675
1628	1.0000	0.8609	0.0000	1.2683
1629	1.0000	0.9153	0.0000	1.2690
1630	1.0000	0.9088	0.0000	1.2700
1631	1.0000	0.8987	0.0000	1.2708
1632	1.0000	0.8904	0.0000	1.2717
1633	1.0000	0.9092	0.0000	1.2729
1634	1.0000	0.9182	0.0000	1.2737
1635	1.0000	0.8840	0.0000	1.2745
1636	1.0000	0.8750	0.0000	1.2753
1637	1.0000	0.9190	0.0000	1.2761
1638	1.0000	0.8990	0.0000	1.2769
1639	1.0000	0.8527	0.0000	1.2779
1640	1.0000	0.9075	0.0000	1.2788
1641	1.0000	0.9210	0.0000	1.2796
1642	1.0000	0.8971	0.0000	1.2806
1643	1.0000	0.8597	0.0000	1.2816
1644	1.0000	0.8762	0.0000	1.2826
1645	1.0000	0.8426	0.0000	1.2834
1646	1.0000	0.8627	0.0000	1.2841
1647	1.0000	0.8626	0.0000	1.2850
1648	1.0000	0.8968	0.0000	1.2859
1649	1.0000	0.8896	0.0000	1.2869
1650	1.0000	0.8712	0.0000	1.2878
1651	1.0000	0.9000	0.0000	1.2886
1652	1.0000	0.9082	0.0000	1.2894
1653	1.0000	0.8748	0.0000	1.2902
1654	1.0000	0.8899	0.0000	1.2909
1655	1.0000	0.8972	0.0000	1.2918
1656	1.0000	0.9170	0.0000	1.2926
1657	1.0000	0.9106	0.0000	1.2934
1658	1.0000	0.9014	0.0000	1.2942
1659	1.0000	0.9127	0.0000	1.2949
1660	1.0000	0.9096	0.0000	1.2957
1661	1.0000	0.9339	0.0000	1.2965
1662	1.0000	0.9238	0.0000	1.2974
1663	1.0000	0.9120	0.0000	1.2982
1664	1.0000	0.8950	0.0000	1.2990
1665	1.0000	0.8900	0.0000	1.2999
1666	1.0000	0.8852	0.0000	1.3006
1667	1.0000	0.9025	0.0000	1.3017
1668	1.0000	0.9133	0.0000	1.3027
1669	1.0000	0.9226	0.0000	1.3036
1670	1.0000	0.9311	0.0000	1.3043
1671	1.0000	0.8867	0.0000	1.3050
1672	1.0000	0.9142	0.0000	1.3058
1673	1.0000	0.9033	0.0000	1.3066
1674	1.0000	0.9227	0.0000	1.3074
1675	1.0000	0.9168	0.0000	1.3083
1676	1.0000	0.9149	0.0000	1.3091
1677	1.0000	0.9189	0.0000	1.3100
1678	1.0000	0.8975	0.0000	1.3111
1679	1.0000	0.9176	0.0000	1.3121
1680	1.0000	0.9023	0.0000	1.3130
1681	1.0000	0.9150	0.0000	1.3139
1682	1.0000	0.9054	0.0000	1.3147
1683	1.0000	0.8818	0.0000	1.3155
1684	1.0000	0.9261	0.0000	1.3161
1685	1.0000	0.9270	0.0000	1.3169
1686	1.0000	0.9232	0.0000	1.3176
1687	1.0000	0.9103	0.0000	1.3184
1688	1.0000	0.9005	0.0000	1.3192
1689	1.0000	0.9017	0.0000	1.3200
1690	1.0000	0.8920	0.0000	1.3207
1691	1.0000	0.8819	0.0000	1.3217
1692	1.0000	0.8786	0.0000	1.3224
1693	1.0000	0.8859	0.0000	1.3230
1694	1.0000	0.8993	0.0000	1.3241
1695	1.0000	0.9036	0.0000	1.3248
1696	1.0000	0.9010	0.0000	1.3256
1697	1.0000	0.9040	0.0000	1.3266
1698	1.0000	0.8806	0.0000	1.3273
1699	1.0000	0.9225	0.0000	1.3283
1700	1.0000	0.8863	0.0000	1.3291
1701	1.0000	0.9015	0.0000	1.3299
1702	1.0000	0.8933	0.0000	1.3307
1703	1.0000	0.9153	0.0000	1.3315
1704	1.0000	0.9335	0.0000	1.3324
1705	1.0000	0.9330	0.0000	1.3330
1706	1.0000	0.9552	0.0000	1.3340
1707	1.0000	0.9328	0.0000	1.3349
1708	1.0000	0.9117	0.0000	1.3359
1709	1.0000	0.9351	0.0000	1.3368
1710	1.0000	0.9045	0.0000	1.3375
1711	1.0000	0.9254	0.0000	1.3383
1712	1.0000	0.9217	0.0000	1.3390
1713	1.0000	0.9307	0.0000	1.3398
1714	1.0000	0.9095	0.0000	1.3405
1715	1.0000	0.9063	0.0000	1.3416
1716	1.0000	0.9121	0.0000	1.3423
1717	1.0000	0.8966	0.0000	1.3432
1718	1.0000	0.8683	0.0000	1.3439
1719	1.0000	0.8614	0.0000	1.3446
1720	1.0000	0.8800	0.0000	1.3453
1721	1.0000	0.8731	0.0000	1.3460
1722	1.0000	0.8955	0.0000	1.3467
1723	1.0000	0.8765	0.0000	1.3474
1724	1.0000	0.8970	0.0000	1.3483
1725	1.0000	0.9022	0.0000	1.3491
1726	1.0000	0.9077	0.0000	1.3501
1727	1.0000	0.8833	0.0000	1.3511
1728	1.0000	0.9119	0.0000	1.3519
1729	1.0000	0.9060	0.0000	1.3528
1730	1.0000	0.8901	0.0000	1.3535
1731	1.0000	0.9006	0.0000	1.3544
1732	1.0000	0.8871	0.0000	1.3552
1733	1.0000	0.9037	0.0000	1.3559
1734	1.0000	0.9091	0.0000	1.3566
1735	1.0000	0.8982	0.0000	1.3576
1736	1.0000	0.8974	0.0000	1.3583
1737	1.0000	0.9212	0.0000	1.3592
1738	1.0000	0.9072	0.0000	1.3599
1739	1.0000	0.9026	0.0000	1.3606
1740	1.0000	0.9138	0.0000	1.3613
1741	1.0000	0.9311	0.0000	1.3623
1742	1.0000	0.9023	0.0000	1.3633
1743	1.0000	0.8875	0.0000	1.3643
1744	1.0000	0.8977	0.0000	1.3652
1745	1.0000	0.9171	0.0000	1.3663
1746	1.0000	0.8834	0.0000	1.3674
1747	1.0000	0.9005	0.0000	1.3683
1748	1.0000	0.9015	0.0000	1.3691
1749	1.0000	0.9090	0.0000	1.3698
1750	1.0000	0.9182	0.0000	1.3706
1751	1.0000	0.9147	0.0000	1.3714
1752	1.0000	0.9123	0.0000	1.3726
1753	1.0000	0.9152	0.0000	1.3733
1754	1.0000	0.8951	0.0000	1.3740
1755	1.0000	0.8983	0.0000	1.3750
1756	1.0000	0.9052	0.0000	1.3757
1757	1.0000	0.9079	0.0000	1.3764
1758	1.0000	0.9187	0.0000	1.3772
1759	1.0000	0.8913	0.0000	1.3779
1760	1.0000	0.9052	0.0000	1.3787
1761	1.0000	0.9077	0.0000	1.3796
1762	1.0000	0.9392	0.0000	1.3804
1763	1.0000	0.9095	0.0000	1.3813
1764	1.0000	0.9170	0.0000	1.3820
1765	1.0000	0.9102	0.0000	1.3828
1766	1.0000	0.9172	0.0000	1.3836
1767	1.0000	0.9197	0.0000	1.3844
1768	1.0000	0.9184	0.0000	1.3851
1769	1.0000	0.9282	0.0000	1.3858
1770	1.0000	0.9524	0.0000	1.3868
1771	1.0000	0.9278	0.0000	1.3877
1772	1.0000	0.9228	0.0000	1.3885
1773	1.0000	0.9042	0.0000	1.3894
1774	1.0000	0.8929	0.0000	1.3901
1775	1.0000	0.8929	0.0000	1.3910
1776	1.0000	0.8811	0.0000	1.3917
1777	1.0000	0.9005	0.0000	1.3925
1778	1.0000	0.9093	0.0000	1.3933
1779	1.0000	0.8795	0.0000	1.3941
1780	1.0000	0.8757	0.0000	1.3948
1781	1.0000	0.8792	0.0000	1.3956
1782	1.0000	0.9325	0.0000	1.3965
1783	1.0000	0.9062	0.0000	1.3976
1784	1.0000	0.8790	0.0000	1.3984
1785	1.0000	0.9160	0.0000	1.3992
1786	1.0000	0.8961	0.0000	1.4000
1787	1.0000	0.9140	0.0000	1.4008
1788	1.0000	0.8903	0.0000	1.4017
1789	1.0000	0.9127	0.0000	1.4024
1790	1.0000	0.9303	0.0000	1.4031
1791	1.0000	0.9134	0.0000	1.4038
1792	1.0000	0.9114	0.0000	1.4045
1793	1.0000	0.9238	0.0000	1.4054
1794	1.0000	0.9193	0.0000	1.4062
1795	1.0000	0.9375	0.0000	1.4071
1796	1.0000	0.9360	0.0000	1.4080
1797	1.0000	0.9385	0.0000	1.4087
1798	1.0000	0.9426	0.0000	1.4094
1799	1.0000	0.9295	0.0000	1.4101
1800	1.0000	0.9470	0.0000	1.4108
1801	1.0000	0.9441	0.0000	1.4116
1802	1.0000	0.9296	0.0000	1.4123
1803	1.0000	0.9225	0.0000	1.4131
1804	1.0000	0.9335	0.0000	1.4139
1805	1.0000	0.9451	0.0000	1.4152
1806	1.0000	0.9442	0.0000	1.4160
1807	1.0000	0.9501	0.0000	1.4168
1808	1.0000	0.9257	0.0000	1.4175
1809	1.0000	0.9460	0.0000	1.4183
1810	1.0000	0.9479	0.0000	1.4193
1811	1.0000	0.9295	0.0000	1.4203
1812	1.0000	0.9510	0.0000	1.4212
1813	1.0000	0.9438	0.0000	1.4223
1814	1.0000	0.9373	0.0000	1.4232
1815	1.0000	0.9402	0.0000	1.4240
1816	1.0000	0.9525	0.0000	1.4248
1817	1.0000	0.9363	0.0000	1.4260
1818	1.0000	0.9141	0.0000	1.4268
1819	1.0000	0.9385	0.0000	1.4277
1820	1.0000	0.9089	0.0000	1.4287
1821	1.0000	0.9223	0.0000	1.4295
1822	1.0000	0.9040	0.0000	1.4304
1823	1.0000	0.9185	0.0000	1.4312
1824	1.0000	0.9358	0.0000	1.4326
1825	1.0000	0.9525	0.0000	1.4336
1826	1.0000	0.9262	0.0000	1.4344
1827	1.0000	0.9128	0.0000	1.4353
1828	1.0000	0.9264	0.0000	1.4361
1829	1.0000	0.9082	0.0000	1.4372
1830	1.0000	0.9238	0.0000	1.4381
1831	1.0000	0.9298	0.0000	1.4391
1832	1.0000	0.9154	0.0000	1.4400
1833	1.0000	0.9229	0.0000	1.4408
1834	1.0000	0.9314	0.0000	1.4418
1835	1.0000	0.9412	0.0000	1.4431
1836	1.0000	0.9200	0.0000	1.4442
1837	1.0000	0.9346	0.0000	1.4453
1838	1.0000	0.9054	0.0000	1.4465
1839	1.0000	0.9288	0.0000	1.4475
1840	1.0000	0.9121	0.0000	1.4483
1841	1.0000	0.9395	0.0000	1.4491
1842	1.0000	0.9185	0.0000	1.4501
1843	1.0000	0.8816	0.0000	1.4512
1844	1.0000	0.9073	0.0000	1.4522
1845	1.0000	0.8974	0.0000	1.4531
1846	1.0000	0.9069	0.0000	1.4542
1847	1.0000	0.9037	0.0000	1.4554
1848	1.0000	0.8710	0.0000	1.4566
1849	1.0000	0.8843	0.0000	1.4577
1850	1.0000	0.8693	0.0000	1.4588
1851	1.0000	0.8653	0.0000	1.4599
1852	1.0000	0.8971	0.0000	1.4608
1853	1.0000	0.8528	0.0000	1.4616
1854	1.0000	0.8847	0.0000	1.4624
1855	1.0000	0.8940	0.0000	1.4633
1856	1.0000	0.8981	0.0000	1.4642
1857	1.0000	0.8955	0.0000	1.4653
1858	1.0000	0.9027	0.0000	1.4662
1859	1.0000	0.8700	0.0000	1.4671
1860	1.0000	0.9321	0.0000	1.4681
1861	1.0000	0.9106	0.0000	1.4689
1862	1.0000	0.9128	0.0000	1.4697
1863	1.0000	0.8956	0.0000	1.4706
1864	1.0000	0.9101	0.0000	1.4714
1865	1.0000	0.9202	0.0000	1.4725
Pos: [7.706237083961375, 2.193242082516997, 4.111111198824166]

=================================================================================================================