ID: shubert	Date: 2019-05-03 17:20:17	Runs: 1
=================================================================================================================
Run: 0
Iter	Gbest	AvrFit	Diver	ETime	
0	127.9055	8.4338	0.0000	0.0017
1	127.9055	15.6653	0.0000	0.0025
2	127.9055	22.3353	0.0000	0.0033
3	127.9055	25.3247	0.0000	0.0041
4	127.9055	21.2888	0.0000	0.0049
5	157.4672	25.9596	0.0000	0.0062
6	157.4672	29.2149	0.0000	0.0070
7	174.7534	29.5577	0.0000	0.0079
8	174.7534	29.6547	0.0000	0.0087
9	174.7534	35.7701	0.0000	0.0095
10	174.7534	38.4283	0.0000	0.0103
11	174.7534	36.6988	0.0000	0.0117
12	174.7534	36.9265	0.0000	0.0125
13	180.4282	39.1706	0.0000	0.0133
14	180.4282	47.8619	0.0000	0.0141
15	180.4282	43.7642	0.0000	0.0148
16	180.4282	45.7944	0.0000	0.0160
17	180.4282	44.8794	0.0000	0.0170
18	185.7985	49.8093	0.0000	0.0178
19	185.7985	45.5480	0.0000	0.0186
20	185.7985	55.3321	0.0000	0.0194
21	185.7985	54.2243	0.0000	0.0205
22	186.3530	50.2037	0.0000	0.0215
23	186.3530	58.5691	0.0000	0.0223
24	186.3530	60.4028	0.0000	0.0231
25	186.3530	56.9231	0.0000	0.0239
26	186.3530	67.7917	0.0000	0.0251
27	186.3530	60.6440	0.0000	0.0260
28	186.3530	56.7560	0.0000	0.0268
29	186.3530	66.6896	0.0000	0.0275
30	186.3530	60.9201	0.0000	0.0284
31	186.3530	60.7335	0.0000	0.0294
32	186.3530	65.1170	0.0000	0.0306
33	186.3530	66.2157	0.0000	0.0315
34	186.3530	72.9791	0.0000	0.0324
35	186.3530	70.7182	0.0000	0.0333
36	186.3530	69.7959	0.0000	0.0345
37	186.3530	67.9029	0.0000	0.0356
38	186.3530	73.7423	0.0000	0.0364
39	186.3530	62.7539	0.0000	0.0372
40	186.3530	73.3971	0.0000	0.0380
41	186.3530	63.4041	0.0000	0.0389
42	186.3530	70.2017	0.0000	0.0401
43	186.6353	71.7711	0.0000	0.0409
44	186.7165	66.1514	0.0000	0.0417
45	186.7165	69.4157	0.0000	0.0425
46	186.7165	70.9529	0.0000	0.0433
47	186.7267	72.6610	0.0000	0.0446
48	186.7267	81.9624	0.0000	0.0454
49	186.7267	71.3023	0.0000	0.0462
50	186.7267	71.3619	0.0000	0.0470
51	186.7267	66.9897	0.0000	0.0478
52	186.5701	60.0179	0.0000	0.0492
53	186.5701	49.9880	0.0000	0.0501
54	186.5701	45.4171	0.0000	0.0509
55	186.5701	45.5697	0.0000	0.0519
56	186.6528	36.1576	0.0000	0.0528
57	186.6528	23.4345	0.0000	0.0541
58	186.6528	34.3016	0.0000	0.0549
59	186.6528	32.3461	0.0000	0.0557
60	186.6528	29.4911	0.0000	0.0564
61	186.6528	35.6175	0.0000	0.0572
62	186.6528	37.1167	0.0000	0.0581
63	186.6528	36.5728	0.0000	0.0592
64	186.6528	45.9116	0.0000	0.0600
65	186.6528	39.9923	0.0000	0.0607
66	186.6528	44.6143	0.0000	0.0615
67	186.6528	43.8340	0.0000	0.0625
68	186.6528	44.6974	0.0000	0.0636
69	186.6528	48.1641	0.0000	0.0643
70	186.6528	46.9175	0.0000	0.0651
71	186.6528	45.8385	0.0000	0.0658
72	186.6528	48.3220	0.0000	0.0669
73	186.6528	45.9057	0.0000	0.0679
74	186.6528	50.6939	0.0000	0.0686
75	186.6528	48.3552	0.0000	0.0694
76	186.6528	53.7602	0.0000	0.0701
77	186.6528	52.8548	0.0000	0.0711
78	186.6528	59.7549	0.0000	0.0721
79	186.6528	55.3633	0.0000	0.0729
80	186.6528	62.3793	0.0000	0.0736
81	186.6528	61.8009	0.0000	0.0744
82	186.6528	54.4944	0.0000	0.0757
83	186.6528	56.9058	0.0000	0.0765
84	186.6528	57.7837	0.0000	0.0772
85	186.6528	48.9970	0.0000	0.0780
86	186.6528	60.0019	0.0000	0.0789
87	186.6528	57.6614	0.0000	0.0800
88	186.6528	66.0799	0.0000	0.0808
89	186.6528	54.4278	0.0000	0.0816
90	186.6528	64.5015	0.0000	0.0823
91	186.6528	60.7004	0.0000	0.0833
92	186.6528	61.7010	0.0000	0.0844
93	186.6528	66.2760	0.0000	0.0851
94	186.6528	65.0934	0.0000	0.0859
95	186.6528	62.8525	0.0000	0.0866
96	186.6528	70.6561	0.0000	0.0877
97	186.6528	63.8981	0.0000	0.0887
98	186.6528	59.6483	0.0000	0.0894
99	186.6934	71.4708	0.0000	0.0901
100	186.6934	69.0510	0.0000	0.0909
101	186.6934	67.9647	0.0000	0.0916
102	186.6934	59.6704	0.0000	0.0927
103	186.6934	65.6364	0.0000	0.0938
104	186.6934	61.9496	0.0000	0.0945
105	186.6934	64.0508	0.0000	0.0952
106	186.6934	66.0161	0.0000	0.0960
107	186.6934	67.4435	0.0000	0.0970
108	186.6934	64.8069	0.0000	0.0980
109	186.6934	61.8969	0.0000	0.0988
110	186.6934	73.0103	0.0000	0.0997
111	186.6934	64.7389	0.0000	0.1006
112	186.7077	62.1367	0.0000	0.1017
113	186.7077	59.8548	0.0000	0.1028
114	186.7077	58.7673	0.0000	0.1038
115	186.6934	58.0192	0.0000	0.1047
116	186.6934	55.4913	0.0000	0.1059
117	186.6934	48.9758	0.0000	0.1071
118	186.6934	48.2621	0.0000	0.1081
119	186.5942	45.2895	0.0000	0.1092
120	186.5942	36.4805	0.0000	0.1107
121	186.5942	40.1865	0.0000	0.1118
122	186.5942	41.8892	0.0000	0.1127
123	186.5942	42.0499	0.0000	0.1138
124	186.5942	41.5336	0.0000	0.1148
125	186.5942	45.7895	0.0000	0.1159
126	186.5942	38.3892	0.0000	0.1166
127	186.5942	44.9442	0.0000	0.1174
128	186.6094	45.5351	0.0000	0.1181
129	186.6094	50.0378	0.0000	0.1194
130	186.6094	52.8739	0.0000	0.1201
131	186.6094	47.7157	0.0000	0.1209
132	186.6094	49.2009	0.0000	0.1216
133	186.6094	49.0542	0.0000	0.1225
134	186.6094	56.1754	0.0000	0.1237
135	186.6094	56.2156	0.0000	0.1244
136	186.6094	51.4996	0.0000	0.1251
137	186.6094	56.7830	0.0000	0.1258
138	186.6094	56.9567	0.0000	0.1265
139	186.6094	55.7965	0.0000	0.1272
140	186.6094	55.4147	0.0000	0.1286
141	186.6094	55.7505	0.0000	0.1293
142	186.6094	63.5473	0.0000	0.1300
143	186.6094	59.8634	0.0000	0.1307
144	186.6403	61.1269	0.0000	0.1315
145	186.6403	64.7658	0.0000	0.1327
146	186.6403	69.7766	0.0000	0.1334
147	186.6403	63.0431	0.0000	0.1341
148	186.6403	67.8359	0.0000	0.1348
149	186.6403	61.3688	0.0000	0.1356
150	186.6403	70.0706	0.0000	0.1368
151	186.6403	63.4009	0.0000	0.1375
152	186.6403	67.9063	0.0000	0.1382
153	186.6403	68.7993	0.0000	0.1389
154	186.6403	68.7456	0.0000	0.1396
155	186.6403	61.9408	0.0000	0.1408
156	186.6482	65.3948	0.0000	0.1417
157	186.6482	72.5015	0.0000	0.1424
158	186.6482	68.3744	0.0000	0.1431
159	186.6482	73.6596	0.0000	0.1438
160	186.6482	69.9825	0.0000	0.1448
161	186.6482	67.7445	0.0000	0.1457
162	186.7266	65.2611	0.0000	0.1464
163	186.7266	64.7525	0.0000	0.1471
164	186.7266	70.4952	0.0000	0.1478
165	186.7266	65.9369	0.0000	0.1489
166	186.7266	71.2031	0.0000	0.1498
167	186.7266	72.3204	0.0000	0.1505
168	186.7266	75.5120	0.0000	0.1512
169	186.7266	70.0521	0.0000	0.1519
170	186.7266	73.3085	0.0000	0.1528
171	186.7266	72.4581	0.0000	0.1539
172	186.7266	68.2951	0.0000	0.1545
173	186.7266	69.6387	0.0000	0.1553
174	186.7266	76.9222	0.0000	0.1559
175	186.7266	69.6208	0.0000	0.1567
176	186.7266	72.6580	0.0000	0.1582
177	186.7266	74.4041	0.0000	0.1589
178	186.7266	67.9850	0.0000	0.1598
179	186.7266	67.3594	0.0000	0.1607
180	186.7266	63.2608	0.0000	0.1619
181	186.7266	62.0394	0.0000	0.1629
182	186.7266	59.0174	0.0000	0.1636
183	186.7266	61.4104	0.0000	0.1646
184	186.7266	53.7277	0.0000	0.1657
185	186.7266	57.3620	0.0000	0.1669
186	186.7266	52.1098	0.0000	0.1677
187	186.7266	56.7161	0.0000	0.1686
188	186.6830	54.5263	0.0000	0.1695
189	186.6830	49.7582	0.0000	0.1707
190	186.6830	51.9942	0.0000	0.1715
191	186.6830	54.3285	0.0000	0.1723
192	186.6830	46.9992	0.0000	0.1730
193	186.6830	54.6709	0.0000	0.1740
194	186.6830	53.1877	0.0000	0.1751
195	186.6830	54.2626	0.0000	0.1758
196	186.6830	56.3443	0.0000	0.1765
197	186.6930	60.3643	0.0000	0.1773
198	186.7059	59.8563	0.0000	0.1780
199	186.7158	56.1190	0.0000	0.1792
200	186.7158	55.5507	0.0000	0.1802
201	186.7158	56.8386	0.0000	0.1809
202	186.7158	60.9919	0.0000	0.1816
203	186.6930	58.8597	0.0000	0.1823
204	186.6930	61.2197	0.0000	0.1832
205	186.6930	60.2976	0.0000	0.1843
206	186.6930	60.5240	0.0000	0.1850
207	186.6930	62.8702	0.0000	0.1857
208	186.6930	62.4084	0.0000	0.1864
209	186.6930	57.4087	0.0000	0.1871
210	186.6930	54.7089	0.0000	0.1878
211	186.6930	63.7987	0.0000	0.1889
212	186.6930	64.9423	0.0000	0.1898
213	186.6930	62.3678	0.0000	0.1906
214	186.6930	57.0754	0.0000	0.1913
215	186.6930	54.3247	0.0000	0.1920
216	186.6930	48.5973	0.0000	0.1930
217	186.6930	59.1946	0.0000	0.1940
218	186.6930	52.4163	0.0000	0.1947
219	186.6930	58.1700	0.0000	0.1954
220	186.6930	60.0787	0.0000	0.1960
221	186.6930	62.3310	0.0000	0.1970
222	186.6930	53.7904	0.0000	0.1983
223	186.6930	55.5178	0.0000	0.1991
224	186.6930	58.7726	0.0000	0.1999
225	186.6930	56.7363	0.0000	0.2006
226	186.6930	61.7968	0.0000	0.2013
227	186.7256	64.3841	0.0000	0.2024
228	186.7256	57.8490	0.0000	0.2034
229	186.7256	59.6828	0.0000	0.2040
230	186.7256	58.1449	0.0000	0.2047
231	186.7256	57.9486	0.0000	0.2054
232	186.7306	60.7844	0.0000	0.2064
233	186.7306	61.6205	0.0000	0.2075
234	186.7306	59.6515	0.0000	0.2082
235	186.7306	52.6330	0.0000	0.2089
236	186.7306	58.9024	0.0000	0.2096
237	186.7308	62.2237	0.0000	0.2102
238	186.7308	63.4067	0.0000	0.2114
239	186.7308	57.3630	0.0000	0.2122
240	186.7308	74.2363	0.0000	0.2129
241	186.7308	57.3359	0.0000	0.2136
242	186.7308	61.9374	0.0000	0.2143
243	186.7308	59.7942	0.0000	0.2151
244	186.7308	60.3184	0.0000	0.2162
245	186.7308	57.6172	0.0000	0.2170
246	186.7308	61.8232	0.0000	0.2177
247	186.7308	60.4833	0.0000	0.2185
248	186.7308	61.5727	0.0000	0.2194
249	186.7308	60.1332	0.0000	0.2207
250	186.7308	60.0926	0.0000	0.2215
251	186.7308	58.5024	0.0000	0.2221
252	186.7308	64.8750	0.0000	0.2231
253	186.7308	58.9477	0.0000	0.2240
254	186.7308	59.3530	0.0000	0.2251
255	186.7308	58.5757	0.0000	0.2260
256	186.7309	62.0786	0.0000	0.2268
257	186.7309	65.0468	0.0000	0.2275
258	186.7309	60.0558	0.0000	0.2283
259	186.7309	60.8835	0.0000	0.2298
260	186.7309	58.0145	0.0000	0.2307
261	186.7309	62.0427	0.0000	0.2315
262	186.7309	54.6230	0.0000	0.2322
263	186.7309	58.6634	0.0000	0.2330
264	186.7309	59.1899	0.0000	0.2344
265	186.7309	63.6205	0.0000	0.2352
266	186.7309	66.5216	0.0000	0.2360
267	186.7309	63.7252	0.0000	0.2367
268	186.7309	68.3235	0.0000	0.2374
269	186.7309	59.3851	0.0000	0.2386
270	186.7309	63.4491	0.0000	0.2397
271	186.7309	59.1598	0.0000	0.2404
272	186.7309	57.0142	0.0000	0.2410
273	186.7309	61.5381	0.0000	0.2417
274	186.7309	64.7495	0.0000	0.2429
275	186.7309	59.7474	0.0000	0.2440
276	186.7309	54.0749	0.0000	0.2447
277	186.7309	63.6831	0.0000	0.2455
278	186.7309	59.0097	0.0000	0.2464
279	186.7309	67.3126	0.0000	0.2476
280	186.7309	63.4619	0.0000	0.2485
281	186.7309	60.8193	0.0000	0.2492
282	186.7309	58.3952	0.0000	0.2500
283	186.7309	65.8908	0.0000	0.2513
284	186.7309	61.9882	0.0000	0.2523
285	186.7309	77.0742	0.0000	0.2530
286	186.7309	66.1736	0.0000	0.2538
287	186.7309	70.5636	0.0000	0.2546
288	186.7309	63.3330	0.0000	0.2558
289	186.7309	61.7302	0.0000	0.2567
290	186.7309	58.8766	0.0000	0.2574
291	186.7309	64.8836	0.0000	0.2582
292	186.7309	63.3658	0.0000	0.2590
293	186.7309	64.4196	0.0000	0.2602
294	186.7309	59.9353	0.0000	0.2611
295	186.7309	64.5980	0.0000	0.2618
296	186.7309	62.5423	0.0000	0.2625
297	186.7309	64.5628	0.0000	0.2633
298	186.7309	62.9293	0.0000	0.2644
299	186.7309	65.3250	0.0000	0.2654
300	186.7309	67.4850	0.0000	0.2661
301	186.7309	67.1471	0.0000	0.2668
302	186.7309	58.5584	0.0000	0.2675
303	186.7309	63.0999	0.0000	0.2686
304	186.7309	63.0651	0.0000	0.2696
305	186.7309	67.0058	0.0000	0.2703
306	186.7309	67.3726	0.0000	0.2711
307	186.7309	67.0157	0.0000	0.2718
308	186.7309	64.8501	0.0000	0.2727
309	186.7309	63.3484	0.0000	0.2739
310	186.7309	68.0708	0.0000	0.2746
311	186.7309	66.2615	0.0000	0.2753
312	186.7309	66.0589	0.0000	0.2761
313	186.7309	62.4285	0.0000	0.2773
314	186.7309	69.7764	0.0000	0.2783
315	186.7309	67.5097	0.0000	0.2792
316	186.7309	67.8992	0.0000	0.2800
317	186.7309	69.1282	0.0000	0.2810
318	186.7309	71.6114	0.0000	0.2823
319	186.7309	68.0265	0.0000	0.2831
320	186.7309	67.0017	0.0000	0.2839
321	186.7309	63.8498	0.0000	0.2846
322	186.7309	64.9823	0.0000	0.2855
323	186.7309	71.2231	0.0000	0.2866
324	186.7309	78.9711	0.0000	0.2878
325	186.7309	67.6752	0.0000	0.2888
326	186.7309	69.4820	0.0000	0.2895
327	186.7309	65.6383	0.0000	0.2906
328	186.7309	78.9893	0.0000	0.2917
329	186.7309	70.0848	0.0000	0.2925
330	186.7309	65.4868	0.0000	0.2933
331	186.7309	66.5820	0.0000	0.2944
332	186.7309	60.8855	0.0000	0.2957
333	186.7309	63.4412	0.0000	0.2966
334	186.7309	70.7565	0.0000	0.2974
335	186.7309	58.7969	0.0000	0.2981
336	186.7309	59.9685	0.0000	0.2995
337	186.7309	69.6773	0.0000	0.3004
338	186.7309	63.0079	0.0000	0.3013
339	186.7309	63.9250	0.0000	0.3020
340	186.7309	57.1388	0.0000	0.3030
341	186.7309	56.3620	0.0000	0.3042
342	186.7309	69.0809	0.0000	0.3049
343	186.7309	62.1101	0.0000	0.3057
344	186.7309	65.8095	0.0000	0.3065
345	186.7309	61.1728	0.0000	0.3073
346	186.7309	67.6403	0.0000	0.3080
347	186.7309	56.8884	0.0000	0.3088
348	186.7309	66.6955	0.0000	0.3096
349	186.7309	53.7851	0.0000	0.3104
350	186.7309	57.8241	0.0000	0.3111
351	186.7309	62.3344	0.0000	0.3119
352	186.7309	62.9125	0.0000	0.3131
353	186.7309	62.8406	0.0000	0.3141
354	186.7309	57.3488	0.0000	0.3151
355	186.7309	60.5701	0.0000	0.3159
356	186.7309	56.1215	0.0000	0.3167
357	186.7309	61.1043	0.0000	0.3177
358	186.7309	61.4360	0.0000	0.3190
359	186.7309	55.5810	0.0000	0.3199
360	186.7309	59.8251	0.0000	0.3207
361	186.7309	64.1367	0.0000	0.3216
362	186.7309	60.6780	0.0000	0.3225
363	186.7309	62.0959	0.0000	0.3238
364	186.7309	67.6159	0.0000	0.3247
365	186.7309	69.0501	0.0000	0.3255
366	186.7309	65.5030	0.0000	0.3264
367	186.7309	57.2138	0.0000	0.3273
368	186.7309	65.5412	0.0000	0.3287
369	186.7309	60.2280	0.0000	0.3296
370	186.7309	68.6170	0.0000	0.3304
371	186.7309	72.0178	0.0000	0.3312
372	186.7309	65.7333	0.0000	0.3322
373	186.7309	71.2622	0.0000	0.3335
374	186.7309	68.8872	0.0000	0.3344
375	186.7309	65.8851	0.0000	0.3353
376	186.7309	71.3307	0.0000	0.3361
377	186.7309	71.2308	0.0000	0.3371
378	186.7309	76.6329	0.0000	0.3383
379	186.7309	75.3905	0.0000	0.3393
380	186.7309	70.3905	0.0000	0.3401
381	186.7309	75.5869	0.0000	0.3410
382	186.7309	76.6368	0.0000	0.3423
383	186.7309	66.9887	0.0000	0.3432
384	186.7309	70.1813	0.0000	0.3440
385	186.7309	70.4619	0.0000	0.3449
386	186.7309	67.2120	0.0000	0.3460
387	186.7309	63.7404	0.0000	0.3472
388	186.7309	68.9119	0.0000	0.3480
389	186.7309	67.7911	0.0000	0.3489
390	186.7309	74.9449	0.0000	0.3498
391	186.7309	69.0035	0.0000	0.3510
392	186.7309	65.9766	0.0000	0.3521
393	186.7309	73.0628	0.0000	0.3530
394	186.7309	61.0091	0.0000	0.3539
395	186.7309	71.8185	0.0000	0.3549
396	186.7309	69.6803	0.0000	0.3561
397	186.7309	67.2065	0.0000	0.3571
398	186.7309	66.7091	0.0000	0.3581
399	186.7309	72.6777	0.0000	0.3597
400	186.7309	68.8190	0.0000	0.3608
401	186.7309	62.6140	0.0000	0.3619
402	186.7309	70.6817	0.0000	0.3628
403	186.7309	62.8260	0.0000	0.3638
404	186.7309	67.3415	0.0000	0.3651
405	186.7309	62.2952	0.0000	0.3660
406	186.7309	61.1959	0.0000	0.3669
407	186.7309	61.5766	0.0000	0.3677
408	186.7309	65.1498	0.0000	0.3691
409	186.7309	60.8518	0.0000	0.3701
410	186.7309	60.7605	0.0000	0.3711
411	186.7309	62.5209	0.0000	0.3719
412	186.7309	62.8250	0.0000	0.3730
413	186.7309	61.6352	0.0000	0.3743
414	186.7309	65.0880	0.0000	0.3757
415	186.7309	62.7126	0.0000	0.3767
416	186.7309	72.5802	0.0000	0.3777
417	186.7309	66.1340	0.0000	0.3788
418	186.7309	65.1112	0.0000	0.3804
419	186.7309	74.3411	0.0000	0.3816
420	186.7309	59.4649	0.0000	0.3828
421	186.7309	59.7759	0.0000	0.3836
422	186.7309	63.2347	0.0000	0.3845
423	186.7309	64.9379	0.0000	0.3858
424	186.7308	63.5942	0.0000	0.3869
425	186.7308	63.6455	0.0000	0.3877
426	186.7308	55.7716	0.0000	0.3885
427	186.7308	57.6544	0.0000	0.3894
428	186.7308	59.8111	0.0000	0.3907
429	186.7308	66.8434	0.0000	0.3916
430	186.7308	57.9667	0.0000	0.3924
431	186.7308	60.4912	0.0000	0.3931
432	186.7308	60.4057	0.0000	0.3942
433	186.7308	63.1429	0.0000	0.3953
434	186.7308	64.7689	0.0000	0.3960
435	186.7308	66.4336	0.0000	0.3968
436	186.7308	63.6494	0.0000	0.3977
437	186.7309	62.6105	0.0000	0.3990
438	186.7309	71.6853	0.0000	0.3999
439	186.7309	63.7723	0.0000	0.4007
440	186.7309	61.5385	0.0000	0.4015
441	186.7309	65.6405	0.0000	0.4022
442	186.7309	63.9954	0.0000	0.4034
443	186.7309	65.9514	0.0000	0.4044
444	186.7309	66.4557	0.0000	0.4051
445	186.7309	59.2604	0.0000	0.4059
446	186.7309	65.3122	0.0000	0.4067
447	186.7309	67.4444	0.0000	0.4080
448	186.7309	61.4592	0.0000	0.4089
449	186.7309	64.0015	0.0000	0.4097
450	186.7309	58.5456	0.0000	0.4105
451	186.7309	67.0406	0.0000	0.4112
452	186.7309	69.2617	0.0000	0.4121
453	186.7309	66.9841	0.0000	0.4132
454	186.7309	67.6471	0.0000	0.4142
455	186.7309	61.5369	0.0000	0.4151
456	186.7309	62.1269	0.0000	0.4159
457	186.7309	65.4891	0.0000	0.4166
458	186.7309	70.2618	0.0000	0.4179
459	186.7309	63.1333	0.0000	0.4189
460	186.7309	63.2197	0.0000	0.4197
461	186.7309	59.5108	0.0000	0.4204
462	186.7309	67.0886	0.0000	0.4212
463	186.7309	58.6557	0.0000	0.4224
464	186.7309	67.6516	0.0000	0.4235
465	186.7309	65.7440	0.0000	0.4242
466	186.7309	59.9392	0.0000	0.4249
467	186.7309	58.4133	0.0000	0.4257
468	186.7309	64.3592	0.0000	0.4264
469	186.7309	58.3649	0.0000	0.4278
470	186.7309	61.0334	0.0000	0.4286
471	186.7309	64.9683	0.0000	0.4297
472	186.7309	71.4489	0.0000	0.4304
473	186.7309	67.5027	0.0000	0.4312
474	186.7309	62.2681	0.0000	0.4322
475	186.7309	61.6977	0.0000	0.4334
476	186.7309	60.0510	0.0000	0.4345
477	186.7309	61.1614	0.0000	0.4352
478	186.7309	62.2207	0.0000	0.4364
479	186.7309	56.1846	0.0000	0.4377
480	186.7309	61.7138	0.0000	0.4388
481	186.7309	59.2689	0.0000	0.4396
482	186.7309	61.5834	0.0000	0.4405
483	186.7309	59.1394	0.0000	0.4418
484	186.7309	60.0095	0.0000	0.4429
485	186.7309	54.6213	0.0000	0.4438
486	186.7309	59.0803	0.0000	0.4447
487	186.7309	57.2738	0.0000	0.4458
488	186.7309	58.9681	0.0000	0.4471
489	186.7309	60.1234	0.0000	0.4480
490	186.7309	57.9636	0.0000	0.4487
491	186.7309	60.8521	0.0000	0.4494
492	186.7309	58.3533	0.0000	0.4502
493	186.7309	57.2703	0.0000	0.4514
494	186.7309	60.1205	0.0000	0.4524
495	186.7309	64.3640	0.0000	0.4531
496	186.7309	67.1642	0.0000	0.4539
497	186.7309	67.9807	0.0000	0.4548
498	186.7309	65.1814	0.0000	0.4561
499	186.7309	65.6832	0.0000	0.4572
500	186.7293	61.2941	0.0000	0.4580
501	186.7293	55.2323	0.0000	0.4588
502	186.7293	65.4723	0.0000	0.4601
503	186.7293	59.4388	0.0000	0.4611
504	186.7293	57.5846	0.0000	0.4619
505	186.7293	59.2138	0.0000	0.4626
506	186.7293	55.6435	0.0000	0.4634
507	186.7293	60.2160	0.0000	0.4645
508	186.7293	62.5934	0.0000	0.4657
509	186.7293	55.1091	0.0000	0.4665
510	186.7293	60.5298	0.0000	0.4673
511	186.7293	63.4470	0.0000	0.4683
512	186.7293	62.6533	0.0000	0.4694
513	186.7293	63.2396	0.0000	0.4705
514	186.7293	55.0536	0.0000	0.4715
515	186.7293	62.3051	0.0000	0.4723
516	186.7293	55.3780	0.0000	0.4732
517	186.7293	66.8334	0.0000	0.4744
518	186.7293	65.4185	0.0000	0.4752
519	186.7293	72.4337	0.0000	0.4759
520	186.7303	59.7133	0.0000	0.4767
521	186.7303	67.7146	0.0000	0.4775
522	186.7303	58.4444	0.0000	0.4787
523	186.7303	64.8385	0.0000	0.4794
524	186.7303	61.0862	0.0000	0.4801
525	186.7303	62.9243	0.0000	0.4809
526	186.7303	63.9896	0.0000	0.4817
527	186.7303	69.3753	0.0000	0.4830
528	186.7303	66.0564	0.0000	0.4838
529	186.7303	61.1444	0.0000	0.4845
530	186.7303	61.9624	0.0000	0.4853
531	186.7303	62.8855	0.0000	0.4863
532	186.7303	67.9223	0.0000	0.4874
533	186.7303	67.8021	0.0000	0.4882
534	186.7303	68.6653	0.0000	0.4889
535	186.7303	57.2933	0.0000	0.4895
536	186.7303	61.7667	0.0000	0.4909
537	186.7303	64.4472	0.0000	0.4920
538	186.7303	61.9289	0.0000	0.4927
539	186.7303	63.2410	0.0000	0.4935
540	186.7303	65.7187	0.0000	0.4946
541	186.7303	69.1502	0.0000	0.4958
542	186.7303	65.2942	0.0000	0.4965
543	186.7303	58.4238	0.0000	0.4972
544	186.7303	66.3133	0.0000	0.4980
545	186.7303	67.5783	0.0000	0.4987
546	186.7303	68.2291	0.0000	0.5000
547	186.7303	70.6363	0.0000	0.5008
548	186.7303	65.7189	0.0000	0.5015
549	186.7303	68.2448	0.0000	0.5023
550	186.7303	67.4409	0.0000	0.5031
551	186.7303	72.9540	0.0000	0.5043
552	186.7303	73.1570	0.0000	0.5052
553	186.7303	80.7526	0.0000	0.5059
554	186.7303	65.7228	0.0000	0.5067
555	186.7303	71.0673	0.0000	0.5079
556	186.7303	67.7624	0.0000	0.5091
557	186.7303	69.6174	0.0000	0.5101
558	186.7303	61.5323	0.0000	0.5110
559	186.7303	68.5317	0.0000	0.5118
560	186.7303	64.5565	0.0000	0.5125
561	186.7303	66.8205	0.0000	0.5136
562	186.7303	59.8336	0.0000	0.5147
563	186.7303	64.7008	0.0000	0.5156
564	186.7303	62.1653	0.0000	0.5164
565	186.7303	62.9194	0.0000	0.5172
566	186.7303	65.3024	0.0000	0.5184
567	186.7303	65.5311	0.0000	0.5194
568	186.7303	59.5703	0.0000	0.5203
569	186.7303	67.0383	0.0000	0.5211
570	186.7303	67.0910	0.0000	0.5219
571	186.7303	63.9501	0.0000	0.5229
572	186.7303	68.8623	0.0000	0.5241
573	186.7303	66.4002	0.0000	0.5250
574	186.7303	72.6137	0.0000	0.5259
575	186.7303	65.1057	0.0000	0.5268
576	186.7303	62.5352	0.0000	0.5277
577	186.7303	63.2740	0.0000	0.5289
578	186.7303	61.1952	0.0000	0.5298
579	186.7303	65.2571	0.0000	0.5307
580	186.7303	65.7636	0.0000	0.5316
581	186.7303	58.4369	0.0000	0.5328
582	186.7303	66.8682	0.0000	0.5338
583	186.7303	60.4456	0.0000	0.5346
584	186.7303	60.2088	0.0000	0.5355
585	186.7303	70.1181	0.0000	0.5363
586	186.7303	68.3646	0.0000	0.5375
587	186.7303	73.6125	0.0000	0.5385
588	186.7303	67.1294	0.0000	0.5393
589	186.7303	64.5004	0.0000	0.5401
590	186.7303	73.9402	0.0000	0.5409
591	186.7303	71.0166	0.0000	0.5423
592	186.7303	70.1215	0.0000	0.5431
593	186.7303	65.2384	0.0000	0.5439
594	186.7303	67.6387	0.0000	0.5448
595	186.7303	63.8874	0.0000	0.5456
596	186.7303	70.1892	0.0000	0.5468
597	186.7303	61.5554	0.0000	0.5478
598	186.7303	62.9943	0.0000	0.5487
599	186.7303	75.9096	0.0000	0.5495
600	186.7304	66.8332	0.0000	0.5503
601	186.7308	68.5364	0.0000	0.5516
602	186.7308	75.9457	0.0000	0.5524
603	186.7308	68.5659	0.0000	0.5531
604	186.7308	68.4603	0.0000	0.5540
605	186.7308	69.3848	0.0000	0.5550
606	186.7308	71.4517	0.0000	0.5564
607	186.7308	61.8261	0.0000	0.5573
608	186.7308	73.4618	0.0000	0.5582
609	186.7308	65.5690	0.0000	0.5590
610	186.7308	65.7383	0.0000	0.5602
611	186.7308	71.8271	0.0000	0.5612
612	186.7308	69.1153	0.0000	0.5619
613	186.7309	66.2749	0.0000	0.5627
614	186.7309	73.3056	0.0000	0.5636
615	186.7309	77.1003	0.0000	0.5649
616	186.7309	69.9800	0.0000	0.5658
617	186.7309	70.4931	0.0000	0.5667
618	186.7309	74.9264	0.0000	0.5676
619	186.7309	67.2372	0.0000	0.5689
620	186.7309	63.4056	0.0000	0.5697
621	186.7309	64.3258	0.0000	0.5706
622	186.7309	60.9887	0.0000	0.5715
623	186.7309	63.7069	0.0000	0.5726
624	186.7309	61.6649	0.0000	0.5736
625	186.7309	66.8198	0.0000	0.5743
626	186.7309	64.5684	0.0000	0.5750
627	186.7309	65.3408	0.0000	0.5758
628	186.7309	69.5085	0.0000	0.5765
629	186.7309	67.4604	0.0000	0.5777
630	186.7309	63.3873	0.0000	0.5787
631	186.7309	64.6340	0.0000	0.5794
632	186.7309	68.4472	0.0000	0.5802
633	186.7309	66.6808	0.0000	0.5810
634	186.7309	68.9547	0.0000	0.5821
635	186.7309	74.4725	0.0000	0.5833
636	186.7309	71.2062	0.0000	0.5841
637	186.7309	69.0199	0.0000	0.5848
638	186.7309	70.8192	0.0000	0.5859
639	186.7309	65.0187	0.0000	0.5869
640	186.7309	69.8119	0.0000	0.5878
641	186.7309	67.7268	0.0000	0.5885
642	186.7309	69.0115	0.0000	0.5892
643	186.7309	62.2401	0.0000	0.5902
644	186.7309	65.5374	0.0000	0.5913
645	186.7309	66.1374	0.0000	0.5921
646	186.7309	66.7403	0.0000	0.5929
647	186.7309	63.0036	0.0000	0.5937
648	186.7309	65.5921	0.0000	0.5948
649	186.7309	64.1310	0.0000	0.5957
650	186.7309	71.9670	0.0000	0.5965
651	186.7309	70.2568	0.0000	0.5972
652	186.7309	66.6020	0.0000	0.5978
653	186.7309	62.4884	0.0000	0.5989
654	186.7309	68.1933	0.0000	0.5999
655	186.7309	69.3485	0.0000	0.6007
656	186.7309	70.1364	0.0000	0.6016
657	186.7309	66.7599	0.0000	0.6025
658	186.7309	61.5571	0.0000	0.6037
659	186.7309	68.5908	0.0000	0.6045
660	186.7309	59.7584	0.0000	0.6054
661	186.7309	66.9985	0.0000	0.6062
662	186.7309	66.1732	0.0000	0.6081
663	186.7309	61.6787	0.0000	0.6090
664	186.7309	62.3060	0.0000	0.6097
665	186.7309	55.8179	0.0000	0.6109
666	186.7309	68.3484	0.0000	0.6120
667	186.7309	55.7384	0.0000	0.6128
668	186.7309	55.0787	0.0000	0.6135
669	186.7309	62.3968	0.0000	0.6142
670	186.7309	57.9123	0.0000	0.6152
671	186.7309	57.3383	0.0000	0.6162
672	186.7309	62.0471	0.0000	0.6172
673	186.7309	56.3376	0.0000	0.6179
674	186.7309	57.9972	0.0000	0.6187
675	186.7309	55.7473	0.0000	0.6200
676	186.7309	54.2722	0.0000	0.6209
677	186.7309	64.8427	0.0000	0.6217
678	186.7309	60.9843	0.0000	0.6225
679	186.7309	57.6882	0.0000	0.6232
680	186.7309	65.1962	0.0000	0.6243
681	186.7309	62.5653	0.0000	0.6253
682	186.7309	66.9246	0.0000	0.6261
683	186.7309	51.2487	0.0000	0.6269
684	186.7309	67.0225	0.0000	0.6276
685	186.7309	58.8692	0.0000	0.6289
686	186.7309	62.3183	0.0000	0.6297
687	186.7309	60.1726	0.0000	0.6304
688	186.7309	67.0575	0.0000	0.6311
689	186.7309	66.5539	0.0000	0.6320
690	186.7309	63.0786	0.0000	0.6333
691	186.7309	58.7384	0.0000	0.6341
692	186.7309	61.1176	0.0000	0.6350
693	186.7309	62.7554	0.0000	0.6360
694	186.7309	64.6457	0.0000	0.6371
695	186.7309	65.4406	0.0000	0.6378
696	186.7309	71.4159	0.0000	0.6386
697	186.7309	62.8105	0.0000	0.6394
698	186.7309	73.6944	0.0000	0.6405
699	186.7309	67.1726	0.0000	0.6417
700	186.7309	65.7283	0.0000	0.6424
701	186.7309	61.2980	0.0000	0.6432
702	186.7309	62.9235	0.0000	0.6439
703	186.7309	55.9844	0.0000	0.6447
704	186.7309	65.5813	0.0000	0.6459
705	186.7309	62.7818	0.0000	0.6466
706	186.7309	66.1644	0.0000	0.6473
707	186.7309	63.8730	0.0000	0.6480
708	186.7309	69.1766	0.0000	0.6488
709	186.7309	68.3068	0.0000	0.6499
710	186.7309	59.0735	0.0000	0.6507
711	186.7309	61.2030	0.0000	0.6513
712	186.7309	66.3875	0.0000	0.6521
713	186.7309	64.9640	0.0000	0.6530
714	186.7309	71.3250	0.0000	0.6542
715	186.7309	75.1725	0.0000	0.6548
716	186.7309	69.5811	0.0000	0.6555
717	186.7309	66.9586	0.0000	0.6562
718	186.7309	67.3949	0.0000	0.6574
719	186.7309	68.9600	0.0000	0.6584
720	186.7309	71.4820	0.0000	0.6590
721	186.7309	73.8399	0.0000	0.6598
722	186.7309	63.6988	0.0000	0.6606
723	186.7309	76.2692	0.0000	0.6618
724	186.7309	65.8068	0.0000	0.6628
725	186.7309	63.9732	0.0000	0.6635
726	186.7309	71.9841	0.0000	0.6643
727	186.7309	73.9809	0.0000	0.6653
728	186.7309	70.2991	0.0000	0.6663
729	186.7309	61.9621	0.0000	0.6671
730	186.7309	68.3137	0.0000	0.6679
731	186.7309	72.5118	0.0000	0.6687
732	186.7309	67.9484	0.0000	0.6700
733	186.7309	76.3825	0.0000	0.6710
734	186.7309	71.8327	0.0000	0.6716
735	186.7309	69.1644	0.0000	0.6723
736	186.7309	75.0714	0.0000	0.6736
737	186.7309	71.3201	0.0000	0.6747
738	186.7309	73.3230	0.0000	0.6755
739	186.7309	72.5884	0.0000	0.6763
740	186.7309	69.1181	0.0000	0.6772
741	186.7309	66.3502	0.0000	0.6784
742	186.7309	65.8675	0.0000	0.6793
743	186.7309	68.8523	0.0000	0.6800
744	186.7309	71.9198	0.0000	0.6807
745	186.7309	71.2573	0.0000	0.6824
746	186.7309	68.1479	0.0000	0.6832
747	186.7309	71.1264	0.0000	0.6838
748	186.7309	71.0316	0.0000	0.6846
749	186.7309	66.9328	0.0000	0.6858
750	186.7309	76.6184	0.0000	0.6866
751	186.7309	69.6348	0.0000	0.6873
752	186.7309	68.9220	0.0000	0.6880
753	186.7309	65.4126	0.0000	0.6890
754	186.7309	68.0827	0.0000	0.6902
755	186.7309	75.2569	0.0000	0.6913
756	186.7309	66.8725	0.0000	0.6921
757	186.7309	69.5766	0.0000	0.6932
758	186.7309	69.1823	0.0000	0.6943
759	186.7309	74.0464	0.0000	0.6951
760	186.7309	80.1299	0.0000	0.6959
761	186.7309	72.0667	0.0000	0.6966
762	186.7309	73.5130	0.0000	0.6973
763	186.7309	77.4346	0.0000	0.6985
764	186.7309	73.0476	0.0000	0.6992
765	186.7309	69.9538	0.0000	0.6999
766	186.7309	68.9676	0.0000	0.7006
767	186.7309	73.2316	0.0000	0.7016
768	186.7309	72.9803	0.0000	0.7026
769	186.7309	69.5530	0.0000	0.7034
770	186.7309	64.3003	0.0000	0.7040
771	186.7309	67.6478	0.0000	0.7047
772	186.7309	70.4312	0.0000	0.7059
773	186.7309	77.8853	0.0000	0.7067
774	186.7309	66.6813	0.0000	0.7075
775	186.7309	67.7307	0.0000	0.7083
776	186.7309	70.0364	0.0000	0.7092
777	186.7309	73.5973	0.0000	0.7103
778	186.7309	69.6385	0.0000	0.7111
779	186.7309	65.9804	0.0000	0.7118
780	186.7309	71.3181	0.0000	0.7124
781	186.7309	73.1053	0.0000	0.7132
782	186.7309	71.6398	0.0000	0.7144
783	186.7309	61.3454	0.0000	0.7155
784	186.7309	67.5143	0.0000	0.7164
785	186.7309	70.7109	0.0000	0.7172
786	186.7309	77.6274	0.0000	0.7184
787	186.7309	72.1023	0.0000	0.7194
788	186.7309	73.8890	0.0000	0.7201
789	186.7309	71.8721	0.0000	0.7207
790	186.7309	70.9582	0.0000	0.7214
791	186.7309	69.4418	0.0000	0.7224
792	186.7309	68.8112	0.0000	0.7235
793	186.7309	72.2385	0.0000	0.7242
794	186.7309	67.6893	0.0000	0.7250
795	186.7309	67.4255	0.0000	0.7257
796	186.7309	67.8331	0.0000	0.7268
797	186.7309	71.1893	0.0000	0.7277
798	186.7309	75.0986	0.0000	0.7285
799	186.7309	69.2815	0.0000	0.7292
800	186.7309	72.8533	0.0000	0.7299
801	186.7309	72.9476	0.0000	0.7312
802	186.7309	72.5412	0.0000	0.7321
803	186.7309	67.3321	0.0000	0.7328
804	186.7309	68.9152	0.0000	0.7335
805	186.7309	77.8523	0.0000	0.7346
806	186.7309	73.9330	0.0000	0.7356
807	186.7309	74.2591	0.0000	0.7363
808	186.7309	74.5875	0.0000	0.7372
809	186.7309	64.5166	0.0000	0.7380
810	186.7309	65.9869	0.0000	0.7392
811	186.7309	73.4522	0.0000	0.7400
812	186.7309	71.6721	0.0000	0.7408
813	186.7309	71.9610	0.0000	0.7416
814	186.7309	68.8439	0.0000	0.7429
815	186.7309	74.7121	0.0000	0.7439
816	186.7309	71.7811	0.0000	0.7447
817	186.7309	72.6132	0.0000	0.7454
818	186.7309	70.5008	0.0000	0.7461
819	186.7309	65.0556	0.0000	0.7473
820	186.7309	75.7290	0.0000	0.7484
821	186.7309	75.6942	0.0000	0.7494
822	186.7309	73.2068	0.0000	0.7501
823	186.7309	72.4915	0.0000	0.7513
824	186.7309	70.3332	0.0000	0.7524
825	186.7309	75.2057	0.0000	0.7532
826	186.7309	77.6662	0.0000	0.7539
827	186.7309	64.8685	0.0000	0.7546
828	186.7309	75.3128	0.0000	0.7557
829	186.7309	75.0082	0.0000	0.7567
830	186.7309	72.4141	0.0000	0.7577
831	186.7309	72.2760	0.0000	0.7586
832	186.7309	69.0433	0.0000	0.7594
833	186.7309	68.2606	0.0000	0.7603
834	186.7309	69.5280	0.0000	0.7611
835	186.7309	73.6080	0.0000	0.7619
836	186.7309	71.7697	0.0000	0.7627
837	186.7309	73.8427	0.0000	0.7635
838	186.7309	68.2971	0.0000	0.7641
839	186.7309	72.4206	0.0000	0.7648
840	186.7309	72.3851	0.0000	0.7661
841	186.7309	67.7404	0.0000	0.7669
842	186.7309	70.5720	0.0000	0.7678
843	186.7309	78.5781	0.0000	0.7687
844	186.7309	72.1825	0.0000	0.7700
845	186.7309	78.5759	0.0000	0.7711
846	186.7309	78.5680	0.0000	0.7719
847	186.7309	64.9538	0.0000	0.7727
848	186.7309	69.8959	0.0000	0.7736
849	186.7309	69.7010	0.0000	0.7747
850	186.7309	70.4735	0.0000	0.7754
851	186.7309	71.0209	0.0000	0.7761
852	186.7309	68.6475	0.0000	0.7769
853	186.7309	73.2726	0.0000	0.7777
854	186.7309	75.1511	0.0000	0.7791
855	186.7309	63.7621	0.0000	0.7799
856	186.7309	67.1703	0.0000	0.7806
857	186.7309	64.8070	0.0000	0.7813
858	186.7309	70.5331	0.0000	0.7826
859	186.7309	74.7440	0.0000	0.7835
860	186.7309	67.6369	0.0000	0.7844
861	186.7309	71.1492	0.0000	0.7853
862	186.7309	76.8232	0.0000	0.7862
863	186.7309	74.0990	0.0000	0.7875
864	186.7309	76.3327	0.0000	0.7884
865	186.7309	78.5672	0.0000	0.7892
866	186.7309	70.7174	0.0000	0.7900
867	186.7309	71.8719	0.0000	0.7910
868	186.7309	81.3063	0.0000	0.7922
869	186.7309	79.2832	0.0000	0.7932
870	186.7309	81.6568	0.0000	0.7941
871	186.7309	74.5869	0.0000	0.7953
872	186.7309	75.7192	0.0000	0.7964
873	186.7309	77.8473	0.0000	0.7972
874	186.7309	74.5505	0.0000	0.7981
875	186.7309	77.4016	0.0000	0.7989
876	186.7309	73.6071	0.0000	0.7999
877	186.7309	76.2303	0.0000	0.8010
878	186.7309	74.5641	0.0000	0.8018
879	186.7309	76.3000	0.0000	0.8026
880	186.7309	73.0407	0.0000	0.8036
881	186.7309	74.2909	0.0000	0.8046
882	186.7309	77.4102	0.0000	0.8058
883	186.7309	70.4803	0.0000	0.8066
884	186.7309	77.2626	0.0000	0.8075
885	186.7309	71.9439	0.0000	0.8084
886	186.7309	77.1289	0.0000	0.8095
887	186.7309	83.8208	0.0000	0.8106
888	186.7309	70.8604	0.0000	0.8115
889	186.7309	73.0766	0.0000	0.8123
890	186.7309	75.4655	0.0000	0.8132
891	186.7309	76.9801	0.0000	0.8145
892	186.7309	68.0681	0.0000	0.8154
893	186.7309	68.7718	0.0000	0.8163
894	186.7309	79.6144	0.0000	0.8172
895	186.7309	80.5496	0.0000	0.8184
896	186.7309	74.6854	0.0000	0.8195
897	186.7309	73.0097	0.0000	0.8204
898	186.7309	79.1142	0.0000	0.8212
899	186.7309	79.1418	0.0000	0.8220
900	186.7309	77.1915	0.0000	0.8234
901	186.7309	83.5756	0.0000	0.8243
902	186.7309	86.4286	0.0000	0.8253
903	186.7309	76.6805	0.0000	0.8261
904	186.7309	71.5729	0.0000	0.8270
905	186.7309	76.3778	0.0000	0.8278
906	186.7309	83.2287	0.0000	0.8293
907	186.7309	78.6709	0.0000	0.8303
908	186.7309	83.5265	0.0000	0.8311
909	186.7309	80.9155	0.0000	0.8323
910	186.7309	83.6598	0.0000	0.8336
911	186.7309	77.0791	0.0000	0.8347
912	186.7309	73.2617	0.0000	0.8357
913	186.7309	73.0289	0.0000	0.8366
914	186.7309	75.7718	0.0000	0.8377
915	186.7309	79.5529	0.0000	0.8387
916	186.7309	77.2815	0.0000	0.8396
917	186.7309	77.6372	0.0000	0.8407
918	186.7309	84.6430	0.0000	0.8420
919	186.7309	74.2661	0.0000	0.8432
920	186.7309	73.5890	0.0000	0.8443
921	186.7309	78.9687	0.0000	0.8453
922	186.7309	75.2411	0.0000	0.8461
923	186.7309	69.8873	0.0000	0.8475
924	186.7309	82.8446	0.0000	0.8484
925	186.7309	82.9246	0.0000	0.8492
926	186.7309	74.7070	0.0000	0.8500
927	186.7309	80.0479	0.0000	0.8508
928	186.7309	79.4525	0.0000	0.8520
929	186.7309	80.7620	0.0000	0.8529
930	186.7309	76.3976	0.0000	0.8537
931	186.7309	81.1563	0.0000	0.8545
932	186.7309	78.0541	0.0000	0.8556
Pos: [5.48282865008765, -1.42515541146519]

=================================================================================================================