ID: vincent	Date: 2019-05-03 16:27:19	Runs: 1
=================================================================================================================
Run: 0
Iter	Gbest	AvrFit	Diver	ETime	
0	0.9787	0.2676	0.0000	0.0053
1	0.9935	0.3489	0.0000	0.0069
2	0.9935	0.3610	0.0000	0.0082
3	0.9998	0.4460	0.0000	0.0097
4	0.9998	0.4799	0.0000	0.0113
5	0.9998	0.5172	0.0000	0.0128
6	0.9998	0.5958	0.0000	0.0142
7	0.9998	0.6294	0.0000	0.0156
8	0.9998	0.5928	0.0000	0.0170
9	0.9998	0.6824	0.0000	0.0185
10	0.9998	0.6650	0.0000	0.0199
11	0.9999	0.6522	0.0000	0.0214
12	0.9999	0.7464	0.0000	0.0230
13	0.9999	0.6479	0.0000	0.0245
14	0.9999	0.6433	0.0000	0.0260
15	1.0000	0.7007	0.0000	0.0273
16	1.0000	0.7035	0.0000	0.0286
17	1.0000	0.7090	0.0000	0.0302
18	1.0000	0.7327	0.0000	0.0317
19	1.0000	0.7135	0.0000	0.0332
20	1.0000	0.7580	0.0000	0.0346
21	1.0000	0.7481	0.0000	0.0361
22	1.0000	0.6861	0.0000	0.0373
23	1.0000	0.7364	0.0000	0.0385
24	1.0000	0.7260	0.0000	0.0400
25	1.0000	0.7375	0.0000	0.0417
26	1.0000	0.7590	0.0000	0.0429
27	1.0000	0.7197	0.0000	0.0446
28	1.0000	0.7576	0.0000	0.0459
29	1.0000	0.7548	0.0000	0.0471
30	1.0000	0.7277	0.0000	0.0482
31	1.0000	0.7307	0.0000	0.0493
32	1.0000	0.7172	0.0000	0.0504
33	1.0000	0.7845	0.0000	0.0516
34	1.0000	0.7752	0.0000	0.0531
35	1.0000	0.8090	0.0000	0.0547
36	1.0000	0.8134	0.0000	0.0565
37	1.0000	0.8153	0.0000	0.0581
38	1.0000	0.8127	0.0000	0.0599
39	1.0000	0.8125	0.0000	0.0618
40	1.0000	0.7978	0.0000	0.0634
41	1.0000	0.7691	0.0000	0.0649
42	1.0000	0.7809	0.0000	0.0667
43	1.0000	0.7856	0.0000	0.0685
44	1.0000	0.8008	0.0000	0.0703
45	1.0000	0.8182	0.0000	0.0718
46	1.0000	0.7967	0.0000	0.0733
47	1.0000	0.8302	0.0000	0.0748
48	1.0000	0.7944	0.0000	0.0763
49	1.0000	0.8299	0.0000	0.0779
50	1.0000	0.7895	0.0000	0.0797
51	1.0000	0.7998	0.0000	0.0815
52	1.0000	0.7972	0.0000	0.0834
53	1.0000	0.8309	0.0000	0.0849
54	1.0000	0.8612	0.0000	0.0866
55	1.0000	0.7940	0.0000	0.0881
56	1.0000	0.7485	0.0000	0.0896
57	1.0000	0.7695	0.0000	0.0912
58	1.0000	0.7579	0.0000	0.0927
59	1.0000	0.8019	0.0000	0.0942
60	1.0000	0.7834	0.0000	0.0957
61	1.0000	0.7808	0.0000	0.0969
62	1.0000	0.7823	0.0000	0.0984
63	1.0000	0.7320	0.0000	0.0997
64	1.0000	0.7807	0.0000	0.1009
65	1.0000	0.7681	0.0000	0.1025
66	1.0000	0.7831	0.0000	0.1041
67	1.0000	0.7901	0.0000	0.1056
68	1.0000	0.7921	0.0000	0.1068
69	1.0000	0.7255	0.0000	0.1080
70	1.0000	0.7544	0.0000	0.1095
71	1.0000	0.7776	0.0000	0.1110
72	1.0000	0.7716	0.0000	0.1126
73	1.0000	0.7483	0.0000	0.1141
74	1.0000	0.7596	0.0000	0.1156
75	1.0000	0.7669	0.0000	0.1171
76	1.0000	0.7736	0.0000	0.1184
77	1.0000	0.8137	0.0000	0.1195
78	1.0000	0.7845	0.0000	0.1206
79	1.0000	0.7729	0.0000	0.1218
80	1.0000	0.7776	0.0000	0.1233
81	1.0000	0.7773	0.0000	0.1249
82	1.0000	0.8159	0.0000	0.1264
83	1.0000	0.7555	0.0000	0.1279
84	1.0000	0.7889	0.0000	0.1293
85	1.0000	0.7676	0.0000	0.1311
86	1.0000	0.8088	0.0000	0.1326
87	1.0000	0.8186	0.0000	0.1341
88	1.0000	0.8636	0.0000	0.1356
89	1.0000	0.8187	0.0000	0.1367
90	1.0000	0.8552	0.0000	0.1379
91	1.0000	0.8686	0.0000	0.1389
92	1.0000	0.8581	0.0000	0.1405
93	1.0000	0.7901	0.0000	0.1420
94	1.0000	0.8328	0.0000	0.1431
95	1.0000	0.8438	0.0000	0.1447
96	1.0000	0.8111	0.0000	0.1464
97	1.0000	0.7142	0.0000	0.1482
98	1.0000	0.7370	0.0000	0.1497
99	1.0000	0.7992	0.0000	0.1508
100	1.0000	0.7228	0.0000	0.1523
101	1.0000	0.7589	0.0000	0.1539
102	1.0000	0.7850	0.0000	0.1555
103	1.0000	0.7759	0.0000	0.1573
104	1.0000	0.7443	0.0000	0.1591
105	1.0000	0.7665	0.0000	0.1607
106	1.0000	0.7773	0.0000	0.1623
107	1.0000	0.7925	0.0000	0.1639
108	1.0000	0.7821	0.0000	0.1654
109	1.0000	0.6969	0.0000	0.1674
110	1.0000	0.7328	0.0000	0.1694
111	1.0000	0.7217	0.0000	0.1706
112	1.0000	0.7226	0.0000	0.1719
113	1.0000	0.7550	0.0000	0.1733
114	1.0000	0.7552	0.0000	0.1745
115	1.0000	0.7440	0.0000	0.1756
116	1.0000	0.7456	0.0000	0.1767
117	1.0000	0.8084	0.0000	0.1780
118	1.0000	0.7316	0.0000	0.1792
119	1.0000	0.7434	0.0000	0.1804
120	1.0000	0.7960	0.0000	0.1816
121	1.0000	0.7465	0.0000	0.1829
122	1.0000	0.7755	0.0000	0.1842
123	1.0000	0.7884	0.0000	0.1854
124	1.0000	0.7796	0.0000	0.1869
125	1.0000	0.8166	0.0000	0.1887
126	1.0000	0.8067	0.0000	0.1898
127	1.0000	0.8029	0.0000	0.1909
128	1.0000	0.8484	0.0000	0.1921
129	1.0000	0.8331	0.0000	0.1934
130	1.0000	0.7819	0.0000	0.1945
131	1.0000	0.7997	0.0000	0.1957
132	1.0000	0.7874	0.0000	0.1970
133	1.0000	0.7704	0.0000	0.1981
134	1.0000	0.7740	0.0000	0.1992
135	1.0000	0.7673	0.0000	0.2005
136	1.0000	0.7821	0.0000	0.2021
137	1.0000	0.7641	0.0000	0.2034
138	1.0000	0.8069	0.0000	0.2049
139	1.0000	0.8036	0.0000	0.2064
140	1.0000	0.7788	0.0000	0.2080
141	1.0000	0.7526	0.0000	0.2101
142	1.0000	0.7359	0.0000	0.2119
143	1.0000	0.7720	0.0000	0.2137
144	1.0000	0.7354	0.0000	0.2156
145	1.0000	0.7846	0.0000	0.2172
146	1.0000	0.7792	0.0000	0.2188
147	1.0000	0.7439	0.0000	0.2203
148	1.0000	0.7548	0.0000	0.2215
149	1.0000	0.7890	0.0000	0.2228
150	1.0000	0.7723	0.0000	0.2239
151	1.0000	0.7787	0.0000	0.2257
152	1.0000	0.8108	0.0000	0.2276
153	1.0000	0.7868	0.0000	0.2293
154	1.0000	0.7755	0.0000	0.2308
155	1.0000	0.8267	0.0000	0.2325
156	1.0000	0.7600	0.0000	0.2344
157	1.0000	0.7599	0.0000	0.2357
158	1.0000	0.7401	0.0000	0.2369
159	1.0000	0.7464	0.0000	0.2383
160	1.0000	0.7966	0.0000	0.2400
161	1.0000	0.7422	0.0000	0.2416
162	1.0000	0.7598	0.0000	0.2433
163	1.0000	0.7547	0.0000	0.2450
164	1.0000	0.7698	0.0000	0.2466
165	1.0000	0.7774	0.0000	0.2483
166	1.0000	0.7709	0.0000	0.2500
167	1.0000	0.7808	0.0000	0.2517
168	1.0000	0.7633	0.0000	0.2535
169	1.0000	0.7728	0.0000	0.2553
170	1.0000	0.7627	0.0000	0.2572
171	1.0000	0.7878	0.0000	0.2591
172	1.0000	0.8372	0.0000	0.2607
173	1.0000	0.8118	0.0000	0.2626
174	1.0000	0.7849	0.0000	0.2643
175	1.0000	0.7525	0.0000	0.2660
176	1.0000	0.7341	0.0000	0.2677
177	1.0000	0.7297	0.0000	0.2697
178	1.0000	0.7725	0.0000	0.2715
179	1.0000	0.6767	0.0000	0.2733
180	1.0000	0.6852	0.0000	0.2750
181	1.0000	0.7551	0.0000	0.2768
182	1.0000	0.7526	0.0000	0.2784
183	1.0000	0.7731	0.0000	0.2802
184	1.0000	0.7745	0.0000	0.2819
185	1.0000	0.7793	0.0000	0.2840
186	1.0000	0.7658	0.0000	0.2861
187	1.0000	0.7626	0.0000	0.2881
188	1.0000	0.8053	0.0000	0.2901
189	1.0000	0.7665	0.0000	0.2921
190	1.0000	0.7878	0.0000	0.2940
191	1.0000	0.7667	0.0000	0.2960
192	1.0000	0.7847	0.0000	0.2981
193	1.0000	0.7983	0.0000	0.2998
194	1.0000	0.8047	0.0000	0.3013
195	1.0000	0.7582	0.0000	0.3029
196	1.0000	0.7478	0.0000	0.3045
197	1.0000	0.7726	0.0000	0.3062
198	1.0000	0.8230	0.0000	0.3083
199	1.0000	0.7961	0.0000	0.3104
200	1.0000	0.7465	0.0000	0.3130
201	1.0000	0.7500	0.0000	0.3153
202	1.0000	0.6655	0.0000	0.3175
203	1.0000	0.7099	0.0000	0.3196
204	1.0000	0.6998	0.0000	0.3220
205	1.0000	0.6941	0.0000	0.3238
206	1.0000	0.6439	0.0000	0.3258
207	1.0000	0.7039	0.0000	0.3278
208	1.0000	0.7599	0.0000	0.3297
209	1.0000	0.6916	0.0000	0.3316
210	1.0000	0.7373	0.0000	0.3338
211	1.0000	0.7681	0.0000	0.3357
212	1.0000	0.7472	0.0000	0.3378
213	1.0000	0.7247	0.0000	0.3400
214	1.0000	0.7453	0.0000	0.3420
215	1.0000	0.7458	0.0000	0.3442
216	1.0000	0.7964	0.0000	0.3462
217	1.0000	0.7677	0.0000	0.3480
218	1.0000	0.7717	0.0000	0.3498
219	1.0000	0.8267	0.0000	0.3522
220	1.0000	0.7766	0.0000	0.3540
221	1.0000	0.7633	0.0000	0.3555
222	1.0000	0.7742	0.0000	0.3572
223	1.0000	0.7326	0.0000	0.3592
224	1.0000	0.7582	0.0000	0.3610
225	1.0000	0.7917	0.0000	0.3631
226	1.0000	0.7741	0.0000	0.3645
227	1.0000	0.8099	0.0000	0.3659
228	1.0000	0.7554	0.0000	0.3675
229	1.0000	0.7745	0.0000	0.3692
230	1.0000	0.8017	0.0000	0.3710
231	1.0000	0.6988	0.0000	0.3726
232	1.0000	0.7409	0.0000	0.3739
233	1.0000	0.7686	0.0000	0.3754
234	1.0000	0.7273	0.0000	0.3772
235	1.0000	0.7520	0.0000	0.3794
236	1.0000	0.7836	0.0000	0.3814
237	1.0000	0.7521	0.0000	0.3833
238	1.0000	0.7018	0.0000	0.3852
239	1.0000	0.7377	0.0000	0.3870
240	1.0000	0.7175	0.0000	0.3888
241	1.0000	0.7469	0.0000	0.3906
242	1.0000	0.7915	0.0000	0.3923
243	1.0000	0.7722	0.0000	0.3942
244	1.0000	0.7792	0.0000	0.3960
245	1.0000	0.7556	0.0000	0.3980
246	1.0000	0.7744	0.0000	0.3998
247	1.0000	0.7241	0.0000	0.4018
248	1.0000	0.8174	0.0000	0.4036
249	1.0000	0.8194	0.0000	0.4055
250	1.0000	0.7773	0.0000	0.4081
251	1.0000	0.8035	0.0000	0.4098
252	1.0000	0.8172	0.0000	0.4115
253	1.0000	0.7862	0.0000	0.4131
254	1.0000	0.7536	0.0000	0.4148
255	1.0000	0.7917	0.0000	0.4163
256	1.0000	0.7503	0.0000	0.4181
257	1.0000	0.7695	0.0000	0.4200
258	1.0000	0.7870	0.0000	0.4215
259	1.0000	0.7794	0.0000	0.4239
260	1.0000	0.7703	0.0000	0.4262
261	1.0000	0.7416	0.0000	0.4278
262	1.0000	0.7583	0.0000	0.4303
263	1.0000	0.7092	0.0000	0.4324
264	1.0000	0.7468	0.0000	0.4353
265	1.0000	0.7494	0.0000	0.4378
266	1.0000	0.7454	0.0000	0.4406
267	1.0000	0.7157	0.0000	0.4428
268	1.0000	0.7138	0.0000	0.4448
269	1.0000	0.7960	0.0000	0.4476
270	1.0000	0.7247	0.0000	0.4502
271	1.0000	0.7107	0.0000	0.4525
272	1.0000	0.7009	0.0000	0.4544
273	1.0000	0.7036	0.0000	0.4563
274	1.0000	0.7371	0.0000	0.4584
275	1.0000	0.7309	0.0000	0.4603
276	1.0000	0.6974	0.0000	0.4623
277	1.0000	0.7492	0.0000	0.4641
278	1.0000	0.7457	0.0000	0.4661
279	1.0000	0.7254	0.0000	0.4683
280	1.0000	0.7453	0.0000	0.4699
281	1.0000	0.7200	0.0000	0.4715
282	1.0000	0.7531	0.0000	0.4728
283	1.0000	0.7774	0.0000	0.4743
284	1.0000	0.7683	0.0000	0.4762
285	1.0000	0.7780	0.0000	0.4779
286	1.0000	0.7795	0.0000	0.4801
287	1.0000	0.7793	0.0000	0.4825
288	1.0000	0.7731	0.0000	0.4842
289	1.0000	0.7614	0.0000	0.4859
290	1.0000	0.7206	0.0000	0.4874
291	1.0000	0.6951	0.0000	0.4889
292	1.0000	0.7582	0.0000	0.4905
293	1.0000	0.7317	0.0000	0.4922
294	1.0000	0.7332	0.0000	0.4937
295	1.0000	0.7502	0.0000	0.4950
296	1.0000	0.7548	0.0000	0.4966
297	1.0000	0.7588	0.0000	0.4985
298	1.0000	0.7698	0.0000	0.5007
299	1.0000	0.7761	0.0000	0.5037
300	1.0000	0.8054	0.0000	0.5059
301	1.0000	0.7758	0.0000	0.5083
302	1.0000	0.7872	0.0000	0.5104
303	1.0000	0.7235	0.0000	0.5126
304	1.0000	0.7756	0.0000	0.5155
305	1.0000	0.7689	0.0000	0.5178
306	1.0000	0.7876	0.0000	0.5196
307	1.0000	0.7611	0.0000	0.5217
308	1.0000	0.8034	0.0000	0.5235
309	1.0000	0.7206	0.0000	0.5253
310	1.0000	0.7573	0.0000	0.5273
311	1.0000	0.7972	0.0000	0.5291
312	1.0000	0.7523	0.0000	0.5310
313	1.0000	0.7666	0.0000	0.5330
314	1.0000	0.8299	0.0000	0.5348
315	1.0000	0.8083	0.0000	0.5367
316	1.0000	0.7727	0.0000	0.5388
317	1.0000	0.7522	0.0000	0.5406
318	1.0000	0.7637	0.0000	0.5424
319	1.0000	0.8009	0.0000	0.5443
320	1.0000	0.7909	0.0000	0.5456
321	1.0000	0.7727	0.0000	0.5473
322	1.0000	0.7788	0.0000	0.5488
323	1.0000	0.7648	0.0000	0.5504
324	1.0000	0.7737	0.0000	0.5520
325	1.0000	0.7763	0.0000	0.5536
326	1.0000	0.7567	0.0000	0.5555
327	1.0000	0.7940	0.0000	0.5571
328	1.0000	0.7767	0.0000	0.5591
329	1.0000	0.8380	0.0000	0.5606
330	1.0000	0.8154	0.0000	0.5621
331	1.0000	0.7812	0.0000	0.5636
332	1.0000	0.7894	0.0000	0.5651
333	1.0000	0.8120	0.0000	0.5667
334	1.0000	0.7787	0.0000	0.5684
335	1.0000	0.7804	0.0000	0.5699
336	1.0000	0.7846	0.0000	0.5715
337	1.0000	0.8033	0.0000	0.5738
338	1.0000	0.8037	0.0000	0.5762
339	1.0000	0.7626	0.0000	0.5784
340	1.0000	0.7544	0.0000	0.5803
341	1.0000	0.7777	0.0000	0.5823
342	1.0000	0.7764	0.0000	0.5842
343	1.0000	0.7662	0.0000	0.5861
344	1.0000	0.7474	0.0000	0.5880
345	1.0000	0.7582	0.0000	0.5898
346	1.0000	0.7492	0.0000	0.5915
347	1.0000	0.7361	0.0000	0.5936
348	1.0000	0.7406	0.0000	0.5957
349	1.0000	0.7216	0.0000	0.5976
350	1.0000	0.8000	0.0000	0.5998
351	1.0000	0.7567	0.0000	0.6014
352	1.0000	0.7447	0.0000	0.6032
353	1.0000	0.7422	0.0000	0.6048
354	1.0000	0.6869	0.0000	0.6064
355	1.0000	0.7348	0.0000	0.6083
356	1.0000	0.7455	0.0000	0.6102
357	1.0000	0.7557	0.0000	0.6121
358	1.0000	0.7115	0.0000	0.6143
359	1.0000	0.7472	0.0000	0.6169
360	1.0000	0.7099	0.0000	0.6193
361	1.0000	0.7271	0.0000	0.6212
362	1.0000	0.6621	0.0000	0.6232
363	1.0000	0.6739	0.0000	0.6249
364	1.0000	0.6955	0.0000	0.6269
365	1.0000	0.7528	0.0000	0.6290
366	1.0000	0.7069	0.0000	0.6308
367	1.0000	0.7387	0.0000	0.6332
368	1.0000	0.7518	0.0000	0.6350
369	1.0000	0.7471	0.0000	0.6368
370	1.0000	0.7620	0.0000	0.6381
371	1.0000	0.7659	0.0000	0.6396
372	1.0000	0.7576	0.0000	0.6410
373	1.0000	0.7528	0.0000	0.6430
374	1.0000	0.7701	0.0000	0.6445
375	1.0000	0.7485	0.0000	0.6457
376	1.0000	0.7448	0.0000	0.6470
377	1.0000	0.7414	0.0000	0.6486
378	1.0000	0.7722	0.0000	0.6499
379	1.0000	0.7596	0.0000	0.6514
380	1.0000	0.7347	0.0000	0.6531
381	1.0000	0.7645	0.0000	0.6552
382	1.0000	0.7575	0.0000	0.6569
383	1.0000	0.7292	0.0000	0.6587
384	1.0000	0.7264	0.0000	0.6606
385	1.0000	0.7140	0.0000	0.6625
386	1.0000	0.7532	0.0000	0.6640
387	1.0000	0.7747	0.0000	0.6655
388	1.0000	0.7458	0.0000	0.6673
389	1.0000	0.7562	0.0000	0.6687
390	1.0000	0.7555	0.0000	0.6708
391	1.0000	0.7419	0.0000	0.6723
392	1.0000	0.7184	0.0000	0.6738
393	1.0000	0.7782	0.0000	0.6757
394	1.0000	0.7528	0.0000	0.6778
395	1.0000	0.7487	0.0000	0.6795
396	1.0000	0.7238	0.0000	0.6814
397	1.0000	0.7767	0.0000	0.6836
398	1.0000	0.7508	0.0000	0.6855
399	1.0000	0.7414	0.0000	0.6878
400	1.0000	0.7282	0.0000	0.6894
401	1.0000	0.7557	0.0000	0.6911
402	1.0000	0.7360	0.0000	0.6929
403	1.0000	0.7316	0.0000	0.6945
404	1.0000	0.7771	0.0000	0.6959
405	1.0000	0.7712	0.0000	0.6972
406	1.0000	0.7786	0.0000	0.6985
407	1.0000	0.7231	0.0000	0.6999
408	1.0000	0.7644	0.0000	0.7014
409	1.0000	0.7830	0.0000	0.7027
410	1.0000	0.7831	0.0000	0.7040
411	1.0000	0.7684	0.0000	0.7054
412	1.0000	0.7290	0.0000	0.7067
413	1.0000	0.7494	0.0000	0.7082
414	1.0000	0.7609	0.0000	0.7097
415	1.0000	0.7349	0.0000	0.7110
416	1.0000	0.7998	0.0000	0.7124
417	1.0000	0.8032	0.0000	0.7138
418	1.0000	0.7967	0.0000	0.7150
419	1.0000	0.7827	0.0000	0.7165
420	1.0000	0.7761	0.0000	0.7179
421	1.0000	0.8217	0.0000	0.7201
422	1.0000	0.8121	0.0000	0.7222
423	1.0000	0.8275	0.0000	0.7242
424	1.0000	0.8301	0.0000	0.7260
425	1.0000	0.8058	0.0000	0.7279
426	1.0000	0.7603	0.0000	0.7298
427	1.0000	0.7949	0.0000	0.7319
428	1.0000	0.7398	0.0000	0.7342
429	1.0000	0.7508	0.0000	0.7360
430	1.0000	0.7765	0.0000	0.7380
431	1.0000	0.7754	0.0000	0.7400
432	1.0000	0.7599	0.0000	0.7421
433	1.0000	0.7351	0.0000	0.7442
434	1.0000	0.7217	0.0000	0.7455
435	1.0000	0.7163	0.0000	0.7468
436	1.0000	0.7915	0.0000	0.7480
437	1.0000	0.7624	0.0000	0.7500
438	1.0000	0.7564	0.0000	0.7519
439	1.0000	0.7852	0.0000	0.7534
440	1.0000	0.7773	0.0000	0.7549
441	1.0000	0.8204	0.0000	0.7570
442	1.0000	0.7412	0.0000	0.7586
443	1.0000	0.7900	0.0000	0.7606
444	1.0000	0.8277	0.0000	0.7629
445	1.0000	0.7627	0.0000	0.7645
446	1.0000	0.7788	0.0000	0.7661
447	1.0000	0.7990	0.0000	0.7680
448	1.0000	0.7839	0.0000	0.7704
449	1.0000	0.6678	0.0000	0.7723
450	1.0000	0.7283	0.0000	0.7745
451	1.0000	0.7465	0.0000	0.7766
452	1.0000	0.7450	0.0000	0.7787
453	1.0000	0.7451	0.0000	0.7808
454	1.0000	0.7275	0.0000	0.7832
455	1.0000	0.7639	0.0000	0.7858
456	1.0000	0.7197	0.0000	0.7879
457	1.0000	0.7647	0.0000	0.7902
458	1.0000	0.7599	0.0000	0.7922
459	1.0000	0.7885	0.0000	0.7945
460	1.0000	0.7886	0.0000	0.7968
461	1.0000	0.7684	0.0000	0.7990
462	1.0000	0.8110	0.0000	0.8013
463	1.0000	0.7797	0.0000	0.8036
464	1.0000	0.7329	0.0000	0.8054
465	1.0000	0.7204	0.0000	0.8074
466	1.0000	0.6910	0.0000	0.8094
467	1.0000	0.7283	0.0000	0.8115
468	1.0000	0.7056	0.0000	0.8136
469	1.0000	0.7452	0.0000	0.8156
470	1.0000	0.7133	0.0000	0.8174
471	1.0000	0.6995	0.0000	0.8193
472	1.0000	0.7501	0.0000	0.8211
473	1.0000	0.7323	0.0000	0.8227
474	1.0000	0.7447	0.0000	0.8245
475	1.0000	0.7908	0.0000	0.8263
476	1.0000	0.7682	0.0000	0.8286
477	1.0000	0.7237	0.0000	0.8309
478	1.0000	0.7119	0.0000	0.8331
479	1.0000	0.6644	0.0000	0.8349
480	1.0000	0.7206	0.0000	0.8367
481	1.0000	0.7383	0.0000	0.8382
482	1.0000	0.6830	0.0000	0.8397
483	1.0000	0.7010	0.0000	0.8414
484	1.0000	0.6412	0.0000	0.8432
485	1.0000	0.6578	0.0000	0.8453
486	1.0000	0.7013	0.0000	0.8471
487	1.0000	0.7124	0.0000	0.8489
488	1.0000	0.6665	0.0000	0.8506
489	1.0000	0.6703	0.0000	0.8525
490	1.0000	0.6953	0.0000	0.8544
491	1.0000	0.6840	0.0000	0.8562
492	1.0000	0.7132	0.0000	0.8578
493	1.0000	0.7926	0.0000	0.8593
494	1.0000	0.7907	0.0000	0.8608
495	1.0000	0.7925	0.0000	0.8625
496	1.0000	0.7858	0.0000	0.8644
497	1.0000	0.7453	0.0000	0.8661
498	1.0000	0.7414	0.0000	0.8678
499	1.0000	0.7592	0.0000	0.8696
500	1.0000	0.7898	0.0000	0.8713
501	1.0000	0.7386	0.0000	0.8729
502	1.0000	0.7449	0.0000	0.8745
503	1.0000	0.7837	0.0000	0.8760
504	1.0000	0.7618	0.0000	0.8775
505	1.0000	0.7508	0.0000	0.8789
506	1.0000	0.7841	0.0000	0.8807
507	1.0000	0.8127	0.0000	0.8828
508	1.0000	0.7891	0.0000	0.8848
509	1.0000	0.7368	0.0000	0.8865
510	1.0000	0.6523	0.0000	0.8883
511	1.0000	0.7369	0.0000	0.8900
512	1.0000	0.7033	0.0000	0.8923
513	1.0000	0.7421	0.0000	0.8944
514	1.0000	0.7377	0.0000	0.8965
515	1.0000	0.7179	0.0000	0.8983
516	1.0000	0.7248	0.0000	0.9000
517	1.0000	0.7067	0.0000	0.9021
518	1.0000	0.7376	0.0000	0.9043
519	1.0000	0.7241	0.0000	0.9060
520	1.0000	0.7533	0.0000	0.9075
521	1.0000	0.7430	0.0000	0.9090
522	1.0000	0.7155	0.0000	0.9110
523	1.0000	0.7588	0.0000	0.9130
524	1.0000	0.7407	0.0000	0.9146
525	1.0000	0.7408	0.0000	0.9164
526	1.0000	0.7817	0.0000	0.9183
527	1.0000	0.7690	0.0000	0.9202
528	1.0000	0.8135	0.0000	0.9221
529	1.0000	0.7403	0.0000	0.9243
530	1.0000	0.7233	0.0000	0.9261
531	1.0000	0.7920	0.0000	0.9283
532	1.0000	0.7854	0.0000	0.9300
533	1.0000	0.7341	0.0000	0.9319
534	1.0000	0.7904	0.0000	0.9337
535	1.0000	0.8058	0.0000	0.9355
536	1.0000	0.8337	0.0000	0.9374
537	1.0000	0.7776	0.0000	0.9395
538	1.0000	0.7605	0.0000	0.9412
539	1.0000	0.7722	0.0000	0.9429
540	1.0000	0.7959	0.0000	0.9448
541	1.0000	0.8091	0.0000	0.9470
542	1.0000	0.7649	0.0000	0.9494
543	1.0000	0.7578	0.0000	0.9513
544	1.0000	0.7684	0.0000	0.9535
545	1.0000	0.7547	0.0000	0.9553
546	1.0000	0.7587	0.0000	0.9570
547	1.0000	0.7464	0.0000	0.9583
548	1.0000	0.7992	0.0000	0.9596
549	1.0000	0.7730	0.0000	0.9611
550	1.0000	0.7682	0.0000	0.9628
551	1.0000	0.7796	0.0000	0.9645
552	1.0000	0.7696	0.0000	0.9662
553	1.0000	0.8192	0.0000	0.9681
554	1.0000	0.8206	0.0000	0.9693
555	1.0000	0.7999	0.0000	0.9707
556	1.0000	0.8722	0.0000	0.9720
557	1.0000	0.8101	0.0000	0.9736
558	1.0000	0.7967	0.0000	0.9751
559	1.0000	0.7517	0.0000	0.9766
560	1.0000	0.7929	0.0000	0.9783
561	1.0000	0.7785	0.0000	0.9800
562	1.0000	0.7111	0.0000	0.9815
563	1.0000	0.7371	0.0000	0.9830
564	1.0000	0.7385	0.0000	0.9851
565	1.0000	0.7721	0.0000	0.9864
566	1.0000	0.7498	0.0000	0.9880
567	1.0000	0.7727	0.0000	0.9898
568	1.0000	0.7645	0.0000	0.9916
569	1.0000	0.7730	0.0000	0.9931
570	1.0000	0.7750	0.0000	0.9950
571	1.0000	0.7612	0.0000	0.9966
572	1.0000	0.7183	0.0000	0.9986
573	1.0000	0.7560	0.0000	1.0002
574	1.0000	0.7153	0.0000	1.0017
575	1.0000	0.7032	0.0000	1.0030
576	1.0000	0.7064	0.0000	1.0045
577	1.0000	0.7739	0.0000	1.0060
578	1.0000	0.7115	0.0000	1.0074
579	1.0000	0.7348	0.0000	1.0089
580	1.0000	0.7516	0.0000	1.0103
581	1.0000	0.7353	0.0000	1.0116
582	1.0000	0.7455	0.0000	1.0130
583	1.0000	0.7378	0.0000	1.0142
584	1.0000	0.7520	0.0000	1.0156
585	1.0000	0.7897	0.0000	1.0168
586	1.0000	0.7720	0.0000	1.0181
587	1.0000	0.7823	0.0000	1.0194
588	1.0000	0.7842	0.0000	1.0210
589	1.0000	0.8064	0.0000	1.0224
590	1.0000	0.8009	0.0000	1.0235
591	1.0000	0.7984	0.0000	1.0252
592	1.0000	0.7655	0.0000	1.0268
593	1.0000	0.8289	0.0000	1.0284
594	1.0000	0.7854	0.0000	1.0299
595	1.0000	0.8149	0.0000	1.0315
596	1.0000	0.8321	0.0000	1.0327
597	1.0000	0.7809	0.0000	1.0341
598	1.0000	0.8466	0.0000	1.0357
599	1.0000	0.7847	0.0000	1.0372
600	1.0000	0.7676	0.0000	1.0386
601	1.0000	0.7666	0.0000	1.0405
602	1.0000	0.7704	0.0000	1.0420
603	1.0000	0.7951	0.0000	1.0438
604	1.0000	0.8147	0.0000	1.0456
605	1.0000	0.8005	0.0000	1.0475
606	1.0000	0.7932	0.0000	1.0495
607	1.0000	0.8084	0.0000	1.0512
608	1.0000	0.8075	0.0000	1.0530
609	1.0000	0.8252	0.0000	1.0548
610	1.0000	0.8159	0.0000	1.0565
611	1.0000	0.8185	0.0000	1.0582
612	1.0000	0.8475	0.0000	1.0602
613	1.0000	0.8161	0.0000	1.0615
614	1.0000	0.8382	0.0000	1.0627
615	1.0000	0.8119	0.0000	1.0648
616	1.0000	0.8430	0.0000	1.0664
617	1.0000	0.8088	0.0000	1.0680
618	1.0000	0.8240	0.0000	1.0696
619	1.0000	0.7803	0.0000	1.0711
620	1.0000	0.8110	0.0000	1.0726
621	1.0000	0.8302	0.0000	1.0739
622	1.0000	0.7960	0.0000	1.0754
623	1.0000	0.7864	0.0000	1.0767
624	1.0000	0.8529	0.0000	1.0782
625	1.0000	0.8103	0.0000	1.0796
626	1.0000	0.8184	0.0000	1.0809
627	1.0000	0.8230	0.0000	1.0826
628	1.0000	0.8441	0.0000	1.0842
629	1.0000	0.8505	0.0000	1.0858
630	1.0000	0.8209	0.0000	1.0876
631	1.0000	0.8422	0.0000	1.0892
632	1.0000	0.8373	0.0000	1.0909
633	1.0000	0.8017	0.0000	1.0926
634	1.0000	0.7957	0.0000	1.0943
635	1.0000	0.8238	0.0000	1.0963
636	1.0000	0.7851	0.0000	1.0985
637	1.0000	0.7971	0.0000	1.1000
638	1.0000	0.8113	0.0000	1.1015
639	1.0000	0.8066	0.0000	1.1037
640	1.0000	0.7344	0.0000	1.1058
641	1.0000	0.7405	0.0000	1.1080
642	1.0000	0.6956	0.0000	1.1096
643	1.0000	0.6973	0.0000	1.1113
644	1.0000	0.7211	0.0000	1.1134
645	1.0000	0.6572	0.0000	1.1151
646	1.0000	0.7201	0.0000	1.1169
647	1.0000	0.6650	0.0000	1.1187
648	1.0000	0.6816	0.0000	1.1205
649	1.0000	0.6667	0.0000	1.1220
650	1.0000	0.7064	0.0000	1.1233
651	1.0000	0.6795	0.0000	1.1248
652	1.0000	0.7164	0.0000	1.1264
653	1.0000	0.6388	0.0000	1.1279
654	1.0000	0.6519	0.0000	1.1299
655	1.0000	0.7005	0.0000	1.1319
656	1.0000	0.6968	0.0000	1.1341
657	1.0000	0.7101	0.0000	1.1363
658	1.0000	0.6643	0.0000	1.1384
659	1.0000	0.6211	0.0000	1.1405
660	1.0000	0.6615	0.0000	1.1426
661	1.0000	0.6640	0.0000	1.1448
662	1.0000	0.7077	0.0000	1.1470
663	1.0000	0.6851	0.0000	1.1489
664	1.0000	0.6490	0.0000	1.1504
665	1.0000	0.6981	0.0000	1.1527
666	1.0000	0.6386	0.0000	1.1545
667	1.0000	0.6923	0.0000	1.1564
668	1.0000	0.7091	0.0000	1.1579
669	1.0000	0.6553	0.0000	1.1594
670	1.0000	0.7221	0.0000	1.1608
671	1.0000	0.7170	0.0000	1.1623
672	1.0000	0.7012	0.0000	1.1639
673	1.0000	0.7378	0.0000	1.1656
674	1.0000	0.7127	0.0000	1.1674
675	1.0000	0.7443	0.0000	1.1691
676	1.0000	0.7174	0.0000	1.1712
677	1.0000	0.7401	0.0000	1.1728
678	1.0000	0.7356	0.0000	1.1741
679	1.0000	0.7542	0.0000	1.1759
680	1.0000	0.7051	0.0000	1.1772
681	1.0000	0.7373	0.0000	1.1786
682	1.0000	0.7963	0.0000	1.1803
683	1.0000	0.7866	0.0000	1.1817
684	1.0000	0.6953	0.0000	1.1832
685	1.0000	0.7414	0.0000	1.1850
686	1.0000	0.7029	0.0000	1.1867
687	1.0000	0.7419	0.0000	1.1890
688	1.0000	0.7268	0.0000	1.1906
689	1.0000	0.7873	0.0000	1.1928
690	1.0000	0.7464	0.0000	1.1944
691	1.0000	0.7565	0.0000	1.1960
692	1.0000	0.7449	0.0000	1.1976
693	1.0000	0.7230	0.0000	1.1993
694	1.0000	0.7313	0.0000	1.2009
695	1.0000	0.6970	0.0000	1.2026
696	1.0000	0.7301	0.0000	1.2045
697	1.0000	0.7721	0.0000	1.2063
698	1.0000	0.7496	0.0000	1.2082
699	1.0000	0.7786	0.0000	1.2100
700	1.0000	0.7420	0.0000	1.2118
701	1.0000	0.7126	0.0000	1.2139
702	1.0000	0.7231	0.0000	1.2159
703	1.0000	0.6930	0.0000	1.2176
704	1.0000	0.7335	0.0000	1.2192
705	1.0000	0.6761	0.0000	1.2216
706	1.0000	0.6703	0.0000	1.2234
707	1.0000	0.7354	0.0000	1.2249
708	1.0000	0.6490	0.0000	1.2263
709	1.0000	0.7202	0.0000	1.2279
710	1.0000	0.7167	0.0000	1.2292
711	1.0000	0.7309	0.0000	1.2306
712	1.0000	0.7178	0.0000	1.2323
713	1.0000	0.6925	0.0000	1.2342
714	1.0000	0.7235	0.0000	1.2361
715	1.0000	0.7554	0.0000	1.2376
716	1.0000	0.7613	0.0000	1.2390
717	1.0000	0.7437	0.0000	1.2405
718	1.0000	0.7574	0.0000	1.2421
719	1.0000	0.7345	0.0000	1.2436
720	1.0000	0.7441	0.0000	1.2453
721	1.0000	0.7809	0.0000	1.2473
722	1.0000	0.7572	0.0000	1.2490
723	1.0000	0.7317	0.0000	1.2506
724	1.0000	0.7574	0.0000	1.2521
725	1.0000	0.7978	0.0000	1.2536
726	1.0000	0.7740	0.0000	1.2549
727	1.0000	0.7767	0.0000	1.2565
728	1.0000	0.7779	0.0000	1.2580
729	1.0000	0.7533	0.0000	1.2597
730	1.0000	0.7543	0.0000	1.2614
731	1.0000	0.7976	0.0000	1.2632
732	1.0000	0.7673	0.0000	1.2652
733	1.0000	0.7760	0.0000	1.2671
734	1.0000	0.7461	0.0000	1.2691
735	1.0000	0.7699	0.0000	1.2711
736	1.0000	0.7407	0.0000	1.2730
737	1.0000	0.7329	0.0000	1.2748
738	1.0000	0.7141	0.0000	1.2768
739	1.0000	0.7622	0.0000	1.2790
740	1.0000	0.6848	0.0000	1.2809
741	1.0000	0.6493	0.0000	1.2829
742	1.0000	0.6633	0.0000	1.2848
743	1.0000	0.6922	0.0000	1.2866
744	1.0000	0.6855	0.0000	1.2884
745	1.0000	0.6344	0.0000	1.2903
746	1.0000	0.6868	0.0000	1.2921
747	1.0000	0.6758	0.0000	1.2941
748	1.0000	0.7237	0.0000	1.2960
749	1.0000	0.7132	0.0000	1.2979
750	1.0000	0.7573	0.0000	1.2997
751	1.0000	0.6888	0.0000	1.3014
752	1.0000	0.6761	0.0000	1.3031
753	1.0000	0.6923	0.0000	1.3050
754	1.0000	0.7170	0.0000	1.3065
755	1.0000	0.6729	0.0000	1.3086
756	1.0000	0.6743	0.0000	1.3104
757	1.0000	0.6674	0.0000	1.3122
758	1.0000	0.6811	0.0000	1.3141
759	1.0000	0.6912	0.0000	1.3159
760	1.0000	0.7403	0.0000	1.3176
761	1.0000	0.7376	0.0000	1.3192
762	1.0000	0.7539	0.0000	1.3209
763	1.0000	0.7765	0.0000	1.3225
764	1.0000	0.7618	0.0000	1.3241
765	1.0000	0.7531	0.0000	1.3260
766	1.0000	0.7730	0.0000	1.3280
767	1.0000	0.6840	0.0000	1.3298
768	1.0000	0.7187	0.0000	1.3317
769	1.0000	0.7081	0.0000	1.3335
770	1.0000	0.7067	0.0000	1.3354
771	1.0000	0.7163	0.0000	1.3371
772	1.0000	0.7168	0.0000	1.3394
773	1.0000	0.7442	0.0000	1.3408
774	1.0000	0.7351	0.0000	1.3424
775	1.0000	0.7919	0.0000	1.3439
776	1.0000	0.7684	0.0000	1.3451
777	1.0000	0.7858	0.0000	1.3465
778	1.0000	0.7456	0.0000	1.3483
779	1.0000	0.7727	0.0000	1.3503
780	1.0000	0.7907	0.0000	1.3519
781	1.0000	0.7602	0.0000	1.3538
782	1.0000	0.7195	0.0000	1.3553
783	1.0000	0.7470	0.0000	1.3569
784	1.0000	0.7086	0.0000	1.3583
785	1.0000	0.7283	0.0000	1.3598
786	1.0000	0.7141	0.0000	1.3612
787	1.0000	0.7514	0.0000	1.3624
788	1.0000	0.7904	0.0000	1.3638
789	1.0000	0.7671	0.0000	1.3658
790	1.0000	0.7706	0.0000	1.3680
791	1.0000	0.7541	0.0000	1.3697
792	1.0000	0.7371	0.0000	1.3714
793	1.0000	0.7247	0.0000	1.3731
794	1.0000	0.7766	0.0000	1.3749
795	1.0000	0.7202	0.0000	1.3766
796	1.0000	0.7680	0.0000	1.3782
797	1.0000	0.7826	0.0000	1.3798
798	1.0000	0.7890	0.0000	1.3814
799	1.0000	0.7534	0.0000	1.3831
800	1.0000	0.7278	0.0000	1.3847
801	1.0000	0.7428	0.0000	1.3864
802	1.0000	0.7807	0.0000	1.3880
803	1.0000	0.7486	0.0000	1.3897
804	1.0000	0.7370	0.0000	1.3914
805	1.0000	0.7348	0.0000	1.3932
806	1.0000	0.7368	0.0000	1.3948
807	1.0000	0.7692	0.0000	1.3969
808	1.0000	0.7744	0.0000	1.3991
809	1.0000	0.7789	0.0000	1.4011
810	1.0000	0.7658	0.0000	1.4028
811	1.0000	0.7918	0.0000	1.4047
812	1.0000	0.7752	0.0000	1.4063
813	1.0000	0.8206	0.0000	1.4082
814	1.0000	0.8033	0.0000	1.4099
815	1.0000	0.8200	0.0000	1.4115
816	1.0000	0.7621	0.0000	1.4133
817	1.0000	0.7903	0.0000	1.4151
818	1.0000	0.8292	0.0000	1.4167
819	1.0000	0.8278	0.0000	1.4187
820	1.0000	0.8441	0.0000	1.4203
821	1.0000	0.8309	0.0000	1.4219
822	1.0000	0.8287	0.0000	1.4234
823	1.0000	0.8300	0.0000	1.4255
824	1.0000	0.8338	0.0000	1.4272
825	1.0000	0.8389	0.0000	1.4289
826	1.0000	0.8417	0.0000	1.4305
827	1.0000	0.8385	0.0000	1.4321
828	1.0000	0.8296	0.0000	1.4339
829	1.0000	0.8806	0.0000	1.4352
830	1.0000	0.8742	0.0000	1.4367
831	1.0000	0.8285	0.0000	1.4381
832	1.0000	0.7935	0.0000	1.4397
833	1.0000	0.7663	0.0000	1.4412
834	1.0000	0.8351	0.0000	1.4427
835	1.0000	0.7879	0.0000	1.4444
836	1.0000	0.8671	0.0000	1.4459
837	1.0000	0.8106	0.0000	1.4474
838	1.0000	0.8259	0.0000	1.4490
839	1.0000	0.8239	0.0000	1.4505
840	1.0000	0.8246	0.0000	1.4522
841	1.0000	0.7897	0.0000	1.4537
842	1.0000	0.8137	0.0000	1.4552
843	1.0000	0.7881	0.0000	1.4574
844	1.0000	0.7906	0.0000	1.4592
845	1.0000	0.7360	0.0000	1.4609
846	1.0000	0.7884	0.0000	1.4623
847	1.0000	0.7867	0.0000	1.4637
848	1.0000	0.7839	0.0000	1.4654
849	1.0000	0.7309	0.0000	1.4670
850	1.0000	0.7525	0.0000	1.4686
851	1.0000	0.7488	0.0000	1.4702
852	1.0000	0.7593	0.0000	1.4719
853	1.0000	0.7677	0.0000	1.4736
854	1.0000	0.7550	0.0000	1.4754
855	1.0000	0.7604	0.0000	1.4771
856	1.0000	0.7206	0.0000	1.4785
857	1.0000	0.7503	0.0000	1.4809
858	1.0000	0.7043	0.0000	1.4831
859	1.0000	0.7526	0.0000	1.4850
860	1.0000	0.7455	0.0000	1.4868
861	1.0000	0.7210	0.0000	1.4887
862	1.0000	0.7080	0.0000	1.4906
863	1.0000	0.7104	0.0000	1.4928
864	1.0000	0.6997	0.0000	1.4946
865	1.0000	0.7483	0.0000	1.4965
866	1.0000	0.7281	0.0000	1.4984
867	1.0000	0.6838	0.0000	1.5010
868	1.0000	0.6481	0.0000	1.5030
869	1.0000	0.7105	0.0000	1.5046
870	1.0000	0.6868	0.0000	1.5061
871	1.0000	0.7330	0.0000	1.5078
872	1.0000	0.7098	0.0000	1.5093
873	1.0000	0.7434	0.0000	1.5105
874	1.0000	0.7600	0.0000	1.5125
875	1.0000	0.7173	0.0000	1.5143
876	1.0000	0.6591	0.0000	1.5162
877	1.0000	0.6999	0.0000	1.5179
878	1.0000	0.7237	0.0000	1.5193
879	1.0000	0.7238	0.0000	1.5211
880	1.0000	0.6932	0.0000	1.5228
881	1.0000	0.6979	0.0000	1.5243
882	1.0000	0.7373	0.0000	1.5256
883	1.0000	0.7028	0.0000	1.5271
884	1.0000	0.7360	0.0000	1.5287
885	1.0000	0.7780	0.0000	1.5301
886	1.0000	0.7255	0.0000	1.5320
887	1.0000	0.7292	0.0000	1.5336
888	1.0000	0.7386	0.0000	1.5355
889	1.0000	0.7730	0.0000	1.5369
890	1.0000	0.7842	0.0000	1.5383
891	1.0000	0.7502	0.0000	1.5400
892	1.0000	0.7702	0.0000	1.5415
893	1.0000	0.8129	0.0000	1.5436
894	1.0000	0.7992	0.0000	1.5455
895	1.0000	0.8251	0.0000	1.5472
896	1.0000	0.7969	0.0000	1.5493
897	1.0000	0.8299	0.0000	1.5510
898	1.0000	0.7885	0.0000	1.5526
899	1.0000	0.7704	0.0000	1.5540
900	1.0000	0.7622	0.0000	1.5555
901	1.0000	0.7957	0.0000	1.5577
902	1.0000	0.7589	0.0000	1.5596
903	1.0000	0.7652	0.0000	1.5615
904	1.0000	0.7959	0.0000	1.5632
905	1.0000	0.8157	0.0000	1.5651
906	1.0000	0.8410	0.0000	1.5668
907	1.0000	0.8181	0.0000	1.5686
908	1.0000	0.8022	0.0000	1.5704
909	1.0000	0.7912	0.0000	1.5724
910	1.0000	0.7850	0.0000	1.5744
911	1.0000	0.8327	0.0000	1.5763
912	1.0000	0.7744	0.0000	1.5783
913	1.0000	0.8153	0.0000	1.5804
914	1.0000	0.7682	0.0000	1.5830
915	1.0000	0.7700	0.0000	1.5850
916	1.0000	0.7818	0.0000	1.5873
917	1.0000	0.7590	0.0000	1.5893
918	1.0000	0.7591	0.0000	1.5912
919	1.0000	0.7608	0.0000	1.5932
920	1.0000	0.7714	0.0000	1.5952
921	1.0000	0.7351	0.0000	1.5972
922	1.0000	0.7412	0.0000	1.5991
923	1.0000	0.7308	0.0000	1.6013
924	1.0000	0.7391	0.0000	1.6034
925	1.0000	0.7767	0.0000	1.6059
926	1.0000	0.7190	0.0000	1.6081
927	1.0000	0.7627	0.0000	1.6102
928	1.0000	0.7498	0.0000	1.6120
929	1.0000	0.7842	0.0000	1.6144
930	1.0000	0.7011	0.0000	1.6163
931	1.0000	0.7053	0.0000	1.6182
932	1.0000	0.7372	0.0000	1.6199
Pos: [1.170090605754577, 4.1112158170870625]

=================================================================================================================