ID: vincent	Date: 2019-04-25 22:12:42	Runs: 1
=================================================================================================================
Run: 0
Iter	Gbest	AvrFit	Diver	ETime	
0	0.9900	0.2179	0.0000	0.0004
1	0.9945	0.3140	0.0000	0.0010
2	0.9945	0.3833	0.0000	0.0016
3	0.9945	0.4790	0.0000	0.0022
4	0.9990	0.5793	0.0000	0.0027
5	0.9990	0.5545	0.0000	0.0032
6	0.9990	0.6182	0.0000	0.0036
7	0.9990	0.6648	0.0000	0.0040
8	0.9993	0.6768	0.0000	0.0046
9	0.9993	0.6901	0.0000	0.0051
10	0.9993	0.6969	0.0000	0.0055
11	0.9993	0.7988	0.0000	0.0059
12	0.9993	0.7788	0.0000	0.0065
13	0.9993	0.7312	0.0000	0.0071
14	0.9993	0.7532	0.0000	0.0075
15	0.9997	0.8133	0.0000	0.0080
16	0.9998	0.8060	0.0000	0.0086
17	0.9999	0.8401	0.0000	0.0090
18	0.9999	0.8306	0.0000	0.0095
19	0.9999	0.8717	0.0000	0.0101
20	0.9999	0.8799	0.0000	0.0105
21	0.9999	0.8929	0.0000	0.0111
22	0.9999	0.8633	0.0000	0.0117
23	0.9999	0.9112	0.0000	0.0121
24	0.9999	0.8812	0.0000	0.0127
25	0.9999	0.9152	0.0000	0.0132
26	1.0000	0.9367	0.0000	0.0137
27	1.0000	0.9041	0.0000	0.0142
28	1.0000	0.9450	0.0000	0.0148
29	1.0000	0.9356	0.0000	0.0152
30	1.0000	0.9335	0.0000	0.0157
31	1.0000	0.9532	0.0000	0.0163
32	1.0000	0.9403	0.0000	0.0168
33	1.0000	0.9391	0.0000	0.0173
34	1.0000	0.9574	0.0000	0.0178
35	1.0000	0.9179	0.0000	0.0184
36	1.0000	0.9424	0.0000	0.0188
37	1.0000	0.9318	0.0000	0.0194
38	1.0000	0.9483	0.0000	0.0200
39	1.0000	0.9428	0.0000	0.0203
40	1.0000	0.9593	0.0000	0.0209
41	1.0000	0.9710	0.0000	0.0215
42	1.0000	0.9420	0.0000	0.0218
43	1.0000	0.9540	0.0000	0.0224
44	1.0000	0.9691	0.0000	0.0230
45	1.0000	0.9716	0.0000	0.0234
46	1.0000	0.9619	0.0000	0.0239
47	1.0000	0.9715	0.0000	0.0245
48	1.0000	0.9622	0.0000	0.0250
49	1.0000	0.9761	0.0000	0.0254
50	1.0000	0.9702	0.0000	0.0259
51	1.0000	0.9564	0.0000	0.0265
52	1.0000	0.9568	0.0000	0.0269
53	1.0000	0.9515	0.0000	0.0275
54	1.0000	0.9716	0.0000	0.0281
55	1.0000	0.9656	0.0000	0.0285
56	1.0000	0.9528	0.0000	0.0290
57	1.0000	0.9706	0.0000	0.0296
58	1.0000	0.9770	0.0000	0.0300
59	1.0000	0.9818	0.0000	0.0304
60	1.0000	0.9834	0.0000	0.0309
61	1.0000	0.9676	0.0000	0.0315
62	1.0000	0.9763	0.0000	0.0319
63	1.0000	0.9767	0.0000	0.0323
64	1.0000	0.9841	0.0000	0.0329
65	1.0000	0.9770	0.0000	0.0335
66	1.0000	0.9788	0.0000	0.0339
67	1.0000	0.9692	0.0000	0.0345
68	1.0000	0.9601	0.0000	0.0351
69	1.0000	0.9765	0.0000	0.0355
70	1.0000	0.9737	0.0000	0.0361
71	1.0000	0.9517	0.0000	0.0367
72	1.0000	0.9712	0.0000	0.0372
73	1.0000	0.9722	0.0000	0.0378
74	1.0000	0.9536	0.0000	0.0384
75	1.0000	0.9957	0.0000	0.0387
76	1.0000	0.9875	0.0000	0.0392
77	1.0000	0.9838	0.0000	0.0398
78	1.0000	0.9749	0.0000	0.0403
79	1.0000	0.9722	0.0000	0.0408
80	1.0000	0.9687	0.0000	0.0414
81	1.0000	0.9680	0.0000	0.0419
82	1.0000	0.9293	0.0000	0.0423
83	1.0000	0.9332	0.0000	0.0429
84	1.0000	0.9516	0.0000	0.0434
85	1.0000	0.9564	0.0000	0.0439
86	1.0000	0.9430	0.0000	0.0445
87	1.0000	0.9709	0.0000	0.0450
88	1.0000	0.9599	0.0000	0.0454
89	1.0000	0.9719	0.0000	0.0460
90	1.0000	0.9732	0.0000	0.0466
91	1.0000	0.9712	0.0000	0.0470
92	1.0000	0.9701	0.0000	0.0476
93	1.0000	0.9486	0.0000	0.0482
94	1.0000	0.9762	0.0000	0.0486
95	1.0000	0.9523	0.0000	0.0491
96	1.0000	0.9882	0.0000	0.0497
97	1.0000	0.9863	0.0000	0.0501
98	1.0000	0.9884	0.0000	0.0507
99	1.0000	0.9833	0.0000	0.0513
100	1.0000	0.9892	0.0000	0.0517
101	1.0000	0.9899	0.0000	0.0522
102	1.0000	0.9794	0.0000	0.0528
103	1.0000	0.9666	0.0000	0.0533
104	1.0000	0.9802	0.0000	0.0538
105	1.0000	0.9873	0.0000	0.0544
106	1.0000	0.9706	0.0000	0.0548
107	1.0000	0.9772	0.0000	0.0554
108	1.0000	0.9728	0.0000	0.0560
109	1.0000	0.9893	0.0000	0.0564
110	1.0000	0.9844	0.0000	0.0569
111	1.0000	0.9904	0.0000	0.0575
112	1.0000	0.9873	0.0000	0.0580
113	1.0000	0.9657	0.0000	0.0585
114	1.0000	0.9137	0.0000	0.0591
115	1.0000	0.9307	0.0000	0.0596
116	1.0000	0.9333	0.0000	0.0601
117	1.0000	0.9347	0.0000	0.0607
118	1.0000	0.9589	0.0000	0.0612
119	1.0000	0.9578	0.0000	0.0616
120	1.0000	0.9556	0.0000	0.0622
121	1.0000	0.9636	0.0000	0.0628
122	1.0000	0.9703	0.0000	0.0632
123	1.0000	0.9707	0.0000	0.0637
124	1.0000	0.9623	0.0000	0.0643
125	1.0000	0.9334	0.0000	0.0647
126	1.0000	0.9221	0.0000	0.0653
127	1.0000	0.9483	0.0000	0.0659
128	1.0000	0.9412	0.0000	0.0663
129	1.0000	0.9540	0.0000	0.0669
130	1.0000	0.9415	0.0000	0.0675
131	1.0000	0.9366	0.0000	0.0679
132	1.0000	0.9427	0.0000	0.0685
133	1.0000	0.9178	0.0000	0.0691
134	1.0000	0.9256	0.0000	0.0695
135	1.0000	0.9553	0.0000	0.0700
136	1.0000	0.9508	0.0000	0.0706
137	1.0000	0.9436	0.0000	0.0711
138	1.0000	0.9118	0.0000	0.0717
139	1.0000	0.9509	0.0000	0.0722
140	1.0000	0.9425	0.0000	0.0727
141	1.0000	0.9407	0.0000	0.0732
142	1.0000	0.9366	0.0000	0.0738
143	1.0000	0.9296	0.0000	0.0741
144	1.0000	0.9456	0.0000	0.0746
145	1.0000	0.9196	0.0000	0.0752
146	1.0000	0.9112	0.0000	0.0757
147	1.0000	0.9361	0.0000	0.0763
148	1.0000	0.9191	0.0000	0.0768
149	1.0000	0.9368	0.0000	0.0772
150	1.0000	0.9157	0.0000	0.0778
151	1.0000	0.9274	0.0000	0.0783
152	1.0000	0.9370	0.0000	0.0787
153	1.0000	0.9044	0.0000	0.0793
154	1.0000	0.9475	0.0000	0.0799
155	1.0000	0.9195	0.0000	0.0803
156	1.0000	0.9266	0.0000	0.0808
157	1.0000	0.9243	0.0000	0.0814
158	1.0000	0.9246	0.0000	0.0818
159	1.0000	0.9453	0.0000	0.0823
160	1.0000	0.9268	0.0000	0.0829
161	1.0000	0.8846	0.0000	0.0834
162	1.0000	0.8663	0.0000	0.0839
163	1.0000	0.9007	0.0000	0.0844
164	1.0000	0.8845	0.0000	0.0849
165	1.0000	0.9067	0.0000	0.0854
166	1.0000	0.8915	0.0000	0.0860
167	1.0000	0.9203	0.0000	0.0865
168	1.0000	0.9082	0.0000	0.0870
169	1.0000	0.9108	0.0000	0.0875
170	1.0000	0.9160	0.0000	0.0881
171	1.0000	0.9063	0.0000	0.0885
172	1.0000	0.9374	0.0000	0.0891
173	1.0000	0.9054	0.0000	0.0896
174	1.0000	0.8990	0.0000	0.0900
175	1.0000	0.9181	0.0000	0.0906
176	1.0000	0.9218	0.0000	0.0912
177	1.0000	0.9248	0.0000	0.0915
178	1.0000	0.9151	0.0000	0.0920
179	1.0000	0.9282	0.0000	0.0926
180	1.0000	0.9488	0.0000	0.0931
181	1.0000	0.9369	0.0000	0.0936
182	1.0000	0.9312	0.0000	0.0942
183	1.0000	0.8890	0.0000	0.0946
184	1.0000	0.9039	0.0000	0.0951
185	1.0000	0.8979	0.0000	0.0957
186	1.0000	0.8972	0.0000	0.0962
187	1.0000	0.8837	0.0000	0.0967
188	1.0000	0.8680	0.0000	0.0973
189	1.0000	0.8801	0.0000	0.0978
190	1.0000	0.8420	0.0000	0.0983
191	1.0000	0.9301	0.0000	0.0988
192	1.0000	0.9067	0.0000	0.0993
193	1.0000	0.9007	0.0000	0.0998
194	1.0000	0.9057	0.0000	0.1003
195	1.0000	0.9011	0.0000	0.1009
196	1.0000	0.9577	0.0000	0.1013
197	1.0000	0.9305	0.0000	0.1018
198	1.0000	0.9172	0.0000	0.1024
199	1.0000	0.9455	0.0000	0.1028
200	1.0000	0.9512	0.0000	0.1033
201	1.0000	0.9292	0.0000	0.1039
202	1.0000	0.9153	0.0000	0.1043
203	1.0000	0.8726	0.0000	0.1049
204	1.0000	0.8780	0.0000	0.1054
205	1.0000	0.9018	0.0000	0.1058
206	1.0000	0.9312	0.0000	0.1064
207	1.0000	0.8984	0.0000	0.1069
208	1.0000	0.9580	0.0000	0.1073
209	1.0000	0.9234	0.0000	0.1078
210	1.0000	0.9243	0.0000	0.1084
211	1.0000	0.9273	0.0000	0.1089
212	1.0000	0.9264	0.0000	0.1093
213	1.0000	0.9291	0.0000	0.1099
214	1.0000	0.9238	0.0000	0.1104
215	1.0000	0.9428	0.0000	0.1109
216	1.0000	0.9420	0.0000	0.1114
217	1.0000	0.9607	0.0000	0.1119
218	1.0000	0.9586	0.0000	0.1123
219	1.0000	0.9331	0.0000	0.1127
220	1.0000	0.9489	0.0000	0.1133
221	1.0000	0.9591	0.0000	0.1138
222	1.0000	0.9471	0.0000	0.1142
223	1.0000	0.9773	0.0000	0.1148
224	1.0000	0.9494	0.0000	0.1153
225	1.0000	0.9117	0.0000	0.1157
226	1.0000	0.9273	0.0000	0.1163
227	1.0000	0.9230	0.0000	0.1169
228	1.0000	0.9171	0.0000	0.1172
229	1.0000	0.8888	0.0000	0.1178
230	1.0000	0.9356	0.0000	0.1184
231	1.0000	0.9425	0.0000	0.1188
232	1.0000	0.8985	0.0000	0.1193
233	1.0000	0.9454	0.0000	0.1199
234	1.0000	0.9472	0.0000	0.1203
235	1.0000	0.9258	0.0000	0.1208
236	1.0000	0.9315	0.0000	0.1214
237	1.0000	0.9238	0.0000	0.1219
238	1.0000	0.9192	0.0000	0.1224
239	1.0000	0.9464	0.0000	0.1229
240	1.0000	0.9512	0.0000	0.1234
241	1.0000	0.9503	0.0000	0.1239
242	1.0000	0.9314	0.0000	0.1244
243	1.0000	0.9521	0.0000	0.1249
244	1.0000	0.9661	0.0000	0.1254
245	1.0000	0.9739	0.0000	0.1259
246	1.0000	0.9591	0.0000	0.1264
247	1.0000	0.9434	0.0000	0.1269
248	1.0000	0.9708	0.0000	0.1275
249	1.0000	0.9493	0.0000	0.1280
250	1.0000	0.9708	0.0000	0.1284
251	1.0000	0.9656	0.0000	0.1290
252	1.0000	0.9723	0.0000	0.1295
253	1.0000	0.9770	0.0000	0.1299
254	1.0000	0.9687	0.0000	0.1305
255	1.0000	0.9827	0.0000	0.1310
256	1.0000	0.9611	0.0000	0.1314
257	1.0000	0.9785	0.0000	0.1320
258	1.0000	0.9470	0.0000	0.1325
259	1.0000	0.9419	0.0000	0.1330
260	1.0000	0.9403	0.0000	0.1335
261	1.0000	0.9458	0.0000	0.1341
262	1.0000	0.9424	0.0000	0.1345
263	1.0000	0.9476	0.0000	0.1350
264	1.0000	0.9411	0.0000	0.1356
265	1.0000	0.9296	0.0000	0.1360
266	1.0000	0.9581	0.0000	0.1365
267	1.0000	0.9286	0.0000	0.1370
268	1.0000	0.9400	0.0000	0.1375
269	1.0000	0.9130	0.0000	0.1380
270	1.0000	0.9829	0.0000	0.1386
271	1.0000	0.9420	0.0000	0.1390
272	1.0000	0.9255	0.0000	0.1395
273	1.0000	0.9357	0.0000	0.1400
274	1.0000	0.9408	0.0000	0.1406
275	1.0000	0.9326	0.0000	0.1411
276	1.0000	0.9580	0.0000	0.1416
277	1.0000	0.9540	0.0000	0.1421
278	1.0000	0.9701	0.0000	0.1426
279	1.0000	0.9489	0.0000	0.1431
280	1.0000	0.9598	0.0000	0.1437
281	1.0000	0.9261	0.0000	0.1441
282	1.0000	0.9312	0.0000	0.1446
283	1.0000	0.9455	0.0000	0.1452
284	1.0000	0.9541	0.0000	0.1456
285	1.0000	0.9620	0.0000	0.1461
286	1.0000	0.9512	0.0000	0.1467
287	1.0000	0.9559	0.0000	0.1470
288	1.0000	0.9563	0.0000	0.1476
289	1.0000	0.9688	0.0000	0.1481
290	1.0000	0.9665	0.0000	0.1486
291	1.0000	0.9384	0.0000	0.1490
292	1.0000	0.9642	0.0000	0.1496
293	1.0000	0.9637	0.0000	0.1501
294	1.0000	0.9658	0.0000	0.1505
295	1.0000	0.9386	0.0000	0.1511
296	1.0000	0.9479	0.0000	0.1516
297	1.0000	0.9642	0.0000	0.1520
298	1.0000	0.9663	0.0000	0.1526
299	1.0000	0.9643	0.0000	0.1531
300	1.0000	0.9813	0.0000	0.1535
301	1.0000	0.9668	0.0000	0.1541
302	1.0000	0.9705	0.0000	0.1546
303	1.0000	0.9616	0.0000	0.1549
304	1.0000	0.9361	0.0000	0.1553
305	1.0000	0.9551	0.0000	0.1559
306	1.0000	0.9372	0.0000	0.1564
307	1.0000	0.9389	0.0000	0.1568
308	1.0000	0.9380	0.0000	0.1574
309	1.0000	0.9598	0.0000	0.1579
310	1.0000	0.9216	0.0000	0.1583
311	1.0000	0.9088	0.0000	0.1589
312	1.0000	0.9566	0.0000	0.1594
313	1.0000	0.9398	0.0000	0.1598
314	1.0000	0.9545	0.0000	0.1604
315	1.0000	0.9694	0.0000	0.1609
316	1.0000	0.9732	0.0000	0.1614
317	1.0000	0.9574	0.0000	0.1619
318	1.0000	0.9696	0.0000	0.1625
319	1.0000	0.9866	0.0000	0.1629
320	1.0000	0.9600	0.0000	0.1634
321	1.0000	0.9531	0.0000	0.1640
322	1.0000	0.9457	0.0000	0.1644
323	1.0000	0.9778	0.0000	0.1649
324	1.0000	0.9695	0.0000	0.1655
325	1.0000	0.9785	0.0000	0.1659
326	1.0000	0.9780	0.0000	0.1662
327	1.0000	0.9738	0.0000	0.1667
328	1.0000	0.9732	0.0000	0.1672
329	1.0000	0.9823	0.0000	0.1678
330	1.0000	0.9636	0.0000	0.1682
331	1.0000	0.9543	0.0000	0.1688
332	1.0000	0.9629	0.0000	0.1693
333	1.0000	0.9771	0.0000	0.1697
334	1.0000	0.9795	0.0000	0.1703
335	1.0000	0.9794	0.0000	0.1708
336	1.0000	0.9779	0.0000	0.1713
337	1.0000	0.9660	0.0000	0.1718
338	1.0000	0.9524	0.0000	0.1724
339	1.0000	0.9580	0.0000	0.1728
340	1.0000	0.9766	0.0000	0.1734
341	1.0000	0.9747	0.0000	0.1739
342	1.0000	0.9576	0.0000	0.1743
343	1.0000	0.9651	0.0000	0.1749
344	1.0000	0.9582	0.0000	0.1755
345	1.0000	0.8729	0.0000	0.1759
346	1.0000	0.9100	0.0000	0.1764
347	1.0000	0.9269	0.0000	0.1770
348	1.0000	0.9373	0.0000	0.1774
349	1.0000	0.9374	0.0000	0.1779
350	1.0000	0.9413	0.0000	0.1785
351	1.0000	0.9396	0.0000	0.1789
352	1.0000	0.9462	0.0000	0.1794
353	1.0000	0.9491	0.0000	0.1800
354	1.0000	0.9575	0.0000	0.1804
355	1.0000	0.9237	0.0000	0.1809
356	1.0000	0.9183	0.0000	0.1815
357	1.0000	0.9581	0.0000	0.1820
358	1.0000	0.9238	0.0000	0.1825
359	1.0000	0.9472	0.0000	0.1830
360	1.0000	0.9405	0.0000	0.1835
361	1.0000	0.9579	0.0000	0.1840
362	1.0000	0.9504	0.0000	0.1845
363	1.0000	0.9713	0.0000	0.1850
364	1.0000	0.9510	0.0000	0.1855
365	1.0000	0.9434	0.0000	0.1861
366	1.0000	0.9506	0.0000	0.1865
367	1.0000	0.9560	0.0000	0.1870
368	1.0000	0.9667	0.0000	0.1876
369	1.0000	0.9589	0.0000	0.1881
370	1.0000	0.9729	0.0000	0.1886
371	1.0000	0.9747	0.0000	0.1891
372	1.0000	0.9616	0.0000	0.1896
373	1.0000	0.9638	0.0000	0.1901
374	1.0000	0.9552	0.0000	0.1907
375	1.0000	0.9583	0.0000	0.1911
376	1.0000	0.9717	0.0000	0.1916
377	1.0000	0.9759	0.0000	0.1922
378	1.0000	0.9568	0.0000	0.1926
379	1.0000	0.9440	0.0000	0.1931
380	1.0000	0.9683	0.0000	0.1937
381	1.0000	0.9576	0.0000	0.1942
382	1.0000	0.9550	0.0000	0.1946
383	1.0000	0.9662	0.0000	0.1952
384	1.0000	0.9548	0.0000	0.1957
385	1.0000	0.9665	0.0000	0.1962
386	1.0000	0.9836	0.0000	0.1967
387	1.0000	0.9794	0.0000	0.1973
388	1.0000	0.9618	0.0000	0.1977
389	1.0000	0.9578	0.0000	0.1983
390	1.0000	0.9741	0.0000	0.1988
391	1.0000	0.9556	0.0000	0.1993
392	1.0000	0.9744	0.0000	0.1998
393	1.0000	0.9760	0.0000	0.2004
394	1.0000	0.9680	0.0000	0.2008
395	1.0000	0.9741	0.0000	0.2013
396	1.0000	0.9879	0.0000	0.2019
397	1.0000	0.9734	0.0000	0.2023
398	1.0000	0.9744	0.0000	0.2029
399	1.0000	0.9652	0.0000	0.2035
400	1.0000	0.9798	0.0000	0.2039
401	1.0000	0.9813	0.0000	0.2045
402	1.0000	0.9826	0.0000	0.2050
403	1.0000	0.9606	0.0000	0.2055
404	1.0000	0.9727	0.0000	0.2060
405	1.0000	0.9688	0.0000	0.2066
406	1.0000	0.9957	0.0000	0.2070
407	1.0000	0.9827	0.0000	0.2076
408	1.0000	0.9708	0.0000	0.2082
409	1.0000	0.9827	0.0000	0.2086
410	1.0000	0.9835	0.0000	0.2092
411	1.0000	0.9832	0.0000	0.2097
412	1.0000	0.9656	0.0000	0.2102
413	1.0000	0.9783	0.0000	0.2108
414	1.0000	0.9694	0.0000	0.2113
415	1.0000	0.9784	0.0000	0.2118
416	1.0000	0.9719	0.0000	0.2124
417	1.0000	0.9859	0.0000	0.2129
418	1.0000	0.9657	0.0000	0.2133
419	1.0000	0.9453	0.0000	0.2139
420	1.0000	0.9172	0.0000	0.2144
421	1.0000	0.9355	0.0000	0.2148
422	1.0000	0.9144	0.0000	0.2154
423	1.0000	0.8934	0.0000	0.2160
424	1.0000	0.9406	0.0000	0.2164
425	1.0000	0.8757	0.0000	0.2170
426	1.0000	0.9489	0.0000	0.2175
427	1.0000	0.9454	0.0000	0.2180
428	1.0000	0.9500	0.0000	0.2185
429	1.0000	0.9083	0.0000	0.2191
430	1.0000	0.9662	0.0000	0.2195
431	1.0000	0.9332	0.0000	0.2201
432	1.0000	0.9506	0.0000	0.2207
433	1.0000	0.9224	0.0000	0.2211
434	1.0000	0.9306	0.0000	0.2216
435	1.0000	0.9233	0.0000	0.2222
436	1.0000	0.9368	0.0000	0.2226
437	1.0000	0.9480	0.0000	0.2232
438	1.0000	0.9411	0.0000	0.2237
439	1.0000	0.9362	0.0000	0.2242
440	1.0000	0.9509	0.0000	0.2247
441	1.0000	0.8728	0.0000	0.2253
442	1.0000	0.8724	0.0000	0.2257
443	1.0000	0.9084	0.0000	0.2263
444	1.0000	0.9050	0.0000	0.2269
445	1.0000	0.8814	0.0000	0.2273
446	1.0000	0.9355	0.0000	0.2278
447	1.0000	0.9367	0.0000	0.2284
448	1.0000	0.9317	0.0000	0.2288
449	1.0000	0.9207	0.0000	0.2292
450	1.0000	0.9056	0.0000	0.2298
451	1.0000	0.9238	0.0000	0.2303
452	1.0000	0.9299	0.0000	0.2308
453	1.0000	0.9409	0.0000	0.2313
454	1.0000	0.9579	0.0000	0.2319
455	1.0000	0.9494	0.0000	0.2323
456	1.0000	0.9459	0.0000	0.2329
457	1.0000	0.9333	0.0000	0.2334
458	1.0000	0.9494	0.0000	0.2338
459	1.0000	0.9259	0.0000	0.2344
460	1.0000	0.9379	0.0000	0.2350
461	1.0000	0.9471	0.0000	0.2354
462	1.0000	0.9470	0.0000	0.2360
463	1.0000	0.9682	0.0000	0.2365
464	1.0000	0.9737	0.0000	0.2370
465	1.0000	0.9405	0.0000	0.2375
466	1.0000	0.9319	0.0000	0.2381
467	1.0000	0.9066	0.0000	0.2386
468	1.0000	0.8288	0.0000	0.2391
469	1.0000	0.8324	0.0000	0.2397
470	1.0000	0.8930	0.0000	0.2402
471	1.0000	0.9118	0.0000	0.2407
472	1.0000	0.8867	0.0000	0.2413
473	1.0000	0.8806	0.0000	0.2417
474	1.0000	0.9156	0.0000	0.2422
475	1.0000	0.9262	0.0000	0.2428
476	1.0000	0.9108	0.0000	0.2432
477	1.0000	0.9542	0.0000	0.2437
478	1.0000	0.9321	0.0000	0.2443
479	1.0000	0.8907	0.0000	0.2447
480	1.0000	0.8707	0.0000	0.2452
481	1.0000	0.8791	0.0000	0.2458
482	1.0000	0.9097	0.0000	0.2462
483	1.0000	0.9011	0.0000	0.2468
484	1.0000	0.8870	0.0000	0.2472
485	1.0000	0.9279	0.0000	0.2477
486	1.0000	0.8845	0.0000	0.2483
487	1.0000	0.9179	0.0000	0.2488
488	1.0000	0.9077	0.0000	0.2493
489	1.0000	0.9452	0.0000	0.2498
490	1.0000	0.9024	0.0000	0.2504
491	1.0000	0.9224	0.0000	0.2508
492	1.0000	0.9160	0.0000	0.2513
493	1.0000	0.9566	0.0000	0.2519
494	1.0000	0.9263	0.0000	0.2524
495	1.0000	0.9489	0.0000	0.2528
496	1.0000	0.9505	0.0000	0.2534
497	1.0000	0.9242	0.0000	0.2539
498	1.0000	0.9586	0.0000	0.2544
499	1.0000	0.9608	0.0000	0.2550
500	1.0000	0.9628	0.0000	0.2555
501	1.0000	0.9401	0.0000	0.2560
502	1.0000	0.9813	0.0000	0.2565
503	1.0000	0.9585	0.0000	0.2570
504	1.0000	0.9453	0.0000	0.2575
505	1.0000	0.9653	0.0000	0.2580
506	1.0000	0.9691	0.0000	0.2586
507	1.0000	0.9602	0.0000	0.2590
508	1.0000	0.9552	0.0000	0.2596
509	1.0000	0.9624	0.0000	0.2601
510	1.0000	0.9648	0.0000	0.2606
511	1.0000	0.9584	0.0000	0.2612
512	1.0000	0.9661	0.0000	0.2617
513	1.0000	0.9759	0.0000	0.2621
514	1.0000	0.9804	0.0000	0.2627
515	1.0000	0.9698	0.0000	0.2632
516	1.0000	0.9570	0.0000	0.2636
517	1.0000	0.9757	0.0000	0.2642
518	1.0000	0.9706	0.0000	0.2647
519	1.0000	0.9580	0.0000	0.2652
520	1.0000	0.9851	0.0000	0.2657
521	1.0000	0.9702	0.0000	0.2663
522	1.0000	0.9726	0.0000	0.2667
523	1.0000	0.9719	0.0000	0.2672
524	1.0000	0.9529	0.0000	0.2678
525	1.0000	0.9755	0.0000	0.2682
526	1.0000	0.9717	0.0000	0.2688
527	1.0000	0.9829	0.0000	0.2694
528	1.0000	0.9430	0.0000	0.2698
529	1.0000	0.8727	0.0000	0.2702
530	1.0000	0.9067	0.0000	0.2708
531	1.0000	0.9112	0.0000	0.2712
532	1.0000	0.9178	0.0000	0.2717
533	1.0000	0.9038	0.0000	0.2723
534	1.0000	0.9564	0.0000	0.2729
535	1.0000	0.9315	0.0000	0.2733
536	1.0000	0.9621	0.0000	0.2739
537	1.0000	0.9353	0.0000	0.2745
538	1.0000	0.9523	0.0000	0.2749
539	1.0000	0.9597	0.0000	0.2755
540	1.0000	0.9746	0.0000	0.2761
541	1.0000	0.9478	0.0000	0.2765
542	1.0000	0.9500	0.0000	0.2771
543	1.0000	0.9763	0.0000	0.2777
544	1.0000	0.9566	0.0000	0.2782
545	1.0000	0.9685	0.0000	0.2787
546	1.0000	0.9760	0.0000	0.2793
547	1.0000	0.9748	0.0000	0.2798
548	1.0000	0.9891	0.0000	0.2803
549	1.0000	0.9597	0.0000	0.2809
550	1.0000	0.9776	0.0000	0.2815
551	1.0000	0.9781	0.0000	0.2819
552	1.0000	0.9678	0.0000	0.2825
553	1.0000	0.9776	0.0000	0.2831
554	1.0000	0.9814	0.0000	0.2835
555	1.0000	0.9658	0.0000	0.2841
556	1.0000	0.9857	0.0000	0.2847
557	1.0000	0.9860	0.0000	0.2851
558	1.0000	0.9671	0.0000	0.2857
559	1.0000	0.9770	0.0000	0.2863
560	1.0000	0.9718	0.0000	0.2867
561	1.0000	0.9775	0.0000	0.2873
562	1.0000	0.9805	0.0000	0.2879
563	1.0000	0.9826	0.0000	0.2883
564	1.0000	0.9894	0.0000	0.2889
565	1.0000	0.9802	0.0000	0.2895
566	1.0000	0.9572	0.0000	0.2899
567	1.0000	0.9377	0.0000	0.2905
568	1.0000	0.9287	0.0000	0.2911
569	1.0000	0.8874	0.0000	0.2916
570	1.0000	0.9128	0.0000	0.2921
571	1.0000	0.9060	0.0000	0.2927
572	1.0000	0.9227	0.0000	0.2932
573	1.0000	0.8925	0.0000	0.2937
574	1.0000	0.9099	0.0000	0.2943
575	1.0000	0.9646	0.0000	0.2948
576	1.0000	0.9215	0.0000	0.2954
577	1.0000	0.9259	0.0000	0.2960
578	1.0000	0.9159	0.0000	0.2965
579	1.0000	0.9294	0.0000	0.2970
580	1.0000	0.8727	0.0000	0.2977
581	1.0000	0.8867	0.0000	0.2982
582	1.0000	0.9045	0.0000	0.2987
583	1.0000	0.9075	0.0000	0.2993
584	1.0000	0.8892	0.0000	0.2998
585	1.0000	0.9109	0.0000	0.3003
586	1.0000	0.9017	0.0000	0.3010
587	1.0000	0.8943	0.0000	0.3015
588	1.0000	0.9280	0.0000	0.3020
589	1.0000	0.9072	0.0000	0.3026
590	1.0000	0.9271	0.0000	0.3031
591	1.0000	0.9286	0.0000	0.3036
592	1.0000	0.9702	0.0000	0.3042
593	1.0000	0.9458	0.0000	0.3048
594	1.0000	0.9188	0.0000	0.3053
595	1.0000	0.9340	0.0000	0.3059
596	1.0000	0.9603	0.0000	0.3064
597	1.0000	0.9423	0.0000	0.3069
598	1.0000	0.9265	0.0000	0.3075
599	1.0000	0.9416	0.0000	0.3081
600	1.0000	0.9562	0.0000	0.3085
601	1.0000	0.9476	0.0000	0.3091
602	1.0000	0.9208	0.0000	0.3097
603	1.0000	0.9413	0.0000	0.3101
604	1.0000	0.9645	0.0000	0.3108
605	1.0000	0.9696	0.0000	0.3113
606	1.0000	0.9384	0.0000	0.3117
607	1.0000	0.9711	0.0000	0.3123
608	1.0000	0.9551	0.0000	0.3130
609	1.0000	0.9727	0.0000	0.3133
610	1.0000	0.9421	0.0000	0.3139
611	1.0000	0.9610	0.0000	0.3146
612	1.0000	0.9353	0.0000	0.3150
613	1.0000	0.9563	0.0000	0.3155
614	1.0000	0.9544	0.0000	0.3162
615	1.0000	0.9467	0.0000	0.3167
616	1.0000	0.9280	0.0000	0.3172
617	1.0000	0.9549	0.0000	0.3179
618	1.0000	0.9535	0.0000	0.3183
619	1.0000	0.9103	0.0000	0.3189
620	1.0000	0.9450	0.0000	0.3195
621	1.0000	0.9753	0.0000	0.3200
622	1.0000	0.9674	0.0000	0.3205
623	1.0000	0.9432	0.0000	0.3212
624	1.0000	0.9370	0.0000	0.3216
625	1.0000	0.9630	0.0000	0.3222
626	1.0000	0.9590	0.0000	0.3228
627	1.0000	0.9594	0.0000	0.3233
628	1.0000	0.9714	0.0000	0.3238
629	1.0000	0.9811	0.0000	0.3244
630	1.0000	0.9657	0.0000	0.3249
631	1.0000	0.9706	0.0000	0.3254
632	1.0000	0.9647	0.0000	0.3261
633	1.0000	0.9791	0.0000	0.3266
634	1.0000	0.9625	0.0000	0.3271
635	1.0000	0.9627	0.0000	0.3277
636	1.0000	0.9503	0.0000	0.3282
637	1.0000	0.9667	0.0000	0.3287
638	1.0000	0.9665	0.0000	0.3294
639	1.0000	0.9590	0.0000	0.3299
640	1.0000	0.9489	0.0000	0.3303
641	1.0000	0.9748	0.0000	0.3310
642	1.0000	0.9368	0.0000	0.3315
643	1.0000	0.9589	0.0000	0.3320
644	1.0000	0.9679	0.0000	0.3326
645	1.0000	0.9599	0.0000	0.3332
646	1.0000	0.9541	0.0000	0.3337
647	1.0000	0.9212	0.0000	0.3343
648	1.0000	0.9109	0.0000	0.3348
649	1.0000	0.9094	0.0000	0.3353
650	1.0000	0.8899	0.0000	0.3360
651	1.0000	0.8753	0.0000	0.3364
652	1.0000	0.8954	0.0000	0.3369
653	1.0000	0.8812	0.0000	0.3375
654	1.0000	0.8817	0.0000	0.3380
655	1.0000	0.9017	0.0000	0.3384
656	1.0000	0.8834	0.0000	0.3390
657	1.0000	0.9348	0.0000	0.3396
658	1.0000	0.9401	0.0000	0.3400
659	1.0000	0.9455	0.0000	0.3406
660	1.0000	0.9560	0.0000	0.3412
661	1.0000	0.9610	0.0000	0.3416
662	1.0000	0.9529	0.0000	0.3422
663	1.0000	0.9636	0.0000	0.3428
664	1.0000	0.9484	0.0000	0.3432
665	1.0000	0.9686	0.0000	0.3437
666	1.0000	0.9590	0.0000	0.3443
667	1.0000	0.9632	0.0000	0.3447
668	1.0000	0.9537	0.0000	0.3453
669	1.0000	0.9734	0.0000	0.3459
670	1.0000	0.9599	0.0000	0.3463
671	1.0000	0.9575	0.0000	0.3469
672	1.0000	0.9750	0.0000	0.3475
673	1.0000	0.9732	0.0000	0.3479
674	1.0000	0.9402	0.0000	0.3485
675	1.0000	0.9430	0.0000	0.3491
676	1.0000	0.9465	0.0000	0.3495
677	1.0000	0.9720	0.0000	0.3501
678	1.0000	0.9471	0.0000	0.3507
679	1.0000	0.8769	0.0000	0.3511
680	1.0000	0.9044	0.0000	0.3517
681	1.0000	0.9054	0.0000	0.3523
682	1.0000	0.8652	0.0000	0.3527
683	1.0000	0.8886	0.0000	0.3532
684	1.0000	0.8522	0.0000	0.3538
685	1.0000	0.8440	0.0000	0.3542
686	1.0000	0.9062	0.0000	0.3548
687	1.0000	0.9036	0.0000	0.3554
688	1.0000	0.9131	0.0000	0.3558
689	1.0000	0.9272	0.0000	0.3563
690	1.0000	0.8948	0.0000	0.3569
691	1.0000	0.9188	0.0000	0.3574
692	1.0000	0.9332	0.0000	0.3579
693	1.0000	0.9134	0.0000	0.3585
694	1.0000	0.9338	0.0000	0.3590
695	1.0000	0.9351	0.0000	0.3594
696	1.0000	0.9306	0.0000	0.3600
697	1.0000	0.9411	0.0000	0.3606
698	1.0000	0.9416	0.0000	0.3610
699	1.0000	0.9452	0.0000	0.3616
700	1.0000	0.9637	0.0000	0.3621
701	1.0000	0.9630	0.0000	0.3626
702	1.0000	0.9831	0.0000	0.3632
703	1.0000	0.9765	0.0000	0.3638
704	1.0000	0.9623	0.0000	0.3642
705	1.0000	0.9025	0.0000	0.3648
706	1.0000	0.9249	0.0000	0.3653
707	1.0000	0.8945	0.0000	0.3657
708	1.0000	0.9337	0.0000	0.3663
709	1.0000	0.9181	0.0000	0.3669
710	1.0000	0.9589	0.0000	0.3673
711	1.0000	0.9181	0.0000	0.3679
712	1.0000	0.9407	0.0000	0.3685
713	1.0000	0.9366	0.0000	0.3689
714	1.0000	0.9549	0.0000	0.3695
715	1.0000	0.9318	0.0000	0.3701
716	1.0000	0.9422	0.0000	0.3705
717	1.0000	0.9694	0.0000	0.3711
718	1.0000	0.9618	0.0000	0.3717
719	1.0000	0.9470	0.0000	0.3721
720	1.0000	0.9492	0.0000	0.3726
721	1.0000	0.9666	0.0000	0.3732
722	1.0000	0.9768	0.0000	0.3736
723	1.0000	0.9520	0.0000	0.3742
724	1.0000	0.9492	0.0000	0.3748
725	1.0000	0.9601	0.0000	0.3752
726	1.0000	0.9826	0.0000	0.3758
727	1.0000	0.9572	0.0000	0.3764
728	1.0000	0.9572	0.0000	0.3768
729	1.0000	0.9647	0.0000	0.3774
730	1.0000	0.9447	0.0000	0.3780
731	1.0000	0.9648	0.0000	0.3784
732	1.0000	0.9742	0.0000	0.3790
733	1.0000	0.9546	0.0000	0.3796
734	1.0000	0.9757	0.0000	0.3800
735	1.0000	0.9608	0.0000	0.3806
736	1.0000	0.9604	0.0000	0.3812
737	1.0000	0.9303	0.0000	0.3816
738	1.0000	0.8964	0.0000	0.3822
739	1.0000	0.9192	0.0000	0.3828
740	1.0000	0.9097	0.0000	0.3832
741	1.0000	0.8948	0.0000	0.3837
742	1.0000	0.9151	0.0000	0.3842
743	1.0000	0.9377	0.0000	0.3846
744	1.0000	0.9178	0.0000	0.3850
745	1.0000	0.9356	0.0000	0.3855
746	1.0000	0.9234	0.0000	0.3860
747	1.0000	0.9359	0.0000	0.3865
748	1.0000	0.9355	0.0000	0.3871
749	1.0000	0.9068	0.0000	0.3876
750	1.0000	0.9167	0.0000	0.3881
751	1.0000	0.9202	0.0000	0.3887
752	1.0000	0.9454	0.0000	0.3892
753	1.0000	0.9397	0.0000	0.3896
754	1.0000	0.9378	0.0000	0.3902
755	1.0000	0.9494	0.0000	0.3908
756	1.0000	0.9230	0.0000	0.3913
757	1.0000	0.8714	0.0000	0.3919
758	1.0000	0.8968	0.0000	0.3924
759	1.0000	0.9122	0.0000	0.3929
760	1.0000	0.9062	0.0000	0.3935
761	1.0000	0.9249	0.0000	0.3941
762	1.0000	0.9112	0.0000	0.3944
763	1.0000	0.9105	0.0000	0.3948
764	1.0000	0.9307	0.0000	0.3954
765	1.0000	0.9346	0.0000	0.3959
766	1.0000	0.9425	0.0000	0.3964
767	1.0000	0.9237	0.0000	0.3969
768	1.0000	0.9124	0.0000	0.3975
769	1.0000	0.9422	0.0000	0.3979
770	1.0000	0.9022	0.0000	0.3984
771	1.0000	0.9242	0.0000	0.3990
772	1.0000	0.9261	0.0000	0.3995
773	1.0000	0.9187	0.0000	0.4000
774	1.0000	0.9366	0.0000	0.4005
775	1.0000	0.9374	0.0000	0.4010
776	1.0000	0.9614	0.0000	0.4015
777	1.0000	0.9526	0.0000	0.4020
778	1.0000	0.9627	0.0000	0.4026
779	1.0000	0.9190	0.0000	0.4030
780	1.0000	0.9482	0.0000	0.4036
781	1.0000	0.9301	0.0000	0.4041
782	1.0000	0.9563	0.0000	0.4045
783	1.0000	0.9614	0.0000	0.4051
784	1.0000	0.9593	0.0000	0.4056
785	1.0000	0.9299	0.0000	0.4061
786	1.0000	0.9432	0.0000	0.4066
787	1.0000	0.9470	0.0000	0.4071
788	1.0000	0.9390	0.0000	0.4076
789	1.0000	0.9488	0.0000	0.4082
790	1.0000	0.9261	0.0000	0.4087
791	1.0000	0.9497	0.0000	0.4091
792	1.0000	0.9670	0.0000	0.4097
793	1.0000	0.9507	0.0000	0.4103
794	1.0000	0.9475	0.0000	0.4107
795	1.0000	0.9146	0.0000	0.4112
796	1.0000	0.9483	0.0000	0.4118
797	1.0000	0.9589	0.0000	0.4122
798	1.0000	0.9609	0.0000	0.4128
799	1.0000	0.9244	0.0000	0.4133
800	1.0000	0.9411	0.0000	0.4138
801	1.0000	0.9428	0.0000	0.4143
802	1.0000	0.9761	0.0000	0.4149
803	1.0000	0.9527	0.0000	0.4153
804	1.0000	0.9633	0.0000	0.4159
805	1.0000	0.9693	0.0000	0.4165
806	1.0000	0.9515	0.0000	0.4169
807	1.0000	0.9579	0.0000	0.4174
808	1.0000	0.9512	0.0000	0.4180
809	1.0000	0.9532	0.0000	0.4184
810	1.0000	0.9193	0.0000	0.4190
811	1.0000	0.9702	0.0000	0.4195
812	1.0000	0.9457	0.0000	0.4199
813	1.0000	0.9596	0.0000	0.4205
814	1.0000	0.9456	0.0000	0.4211
815	1.0000	0.9423	0.0000	0.4215
816	1.0000	0.9396	0.0000	0.4220
817	1.0000	0.9423	0.0000	0.4226
818	1.0000	0.9490	0.0000	0.4231
819	1.0000	0.9069	0.0000	0.4236
820	1.0000	0.9445	0.0000	0.4242
821	1.0000	0.9483	0.0000	0.4245
822	1.0000	0.9480	0.0000	0.4251
823	1.0000	0.9125	0.0000	0.4257
824	1.0000	0.9218	0.0000	0.4261
825	1.0000	0.9476	0.0000	0.4266
826	1.0000	0.9376	0.0000	0.4272
827	1.0000	0.9591	0.0000	0.4276
828	1.0000	0.9528	0.0000	0.4281
829	1.0000	0.9483	0.0000	0.4287
830	1.0000	0.9571	0.0000	0.4292
831	1.0000	0.9560	0.0000	0.4297
832	1.0000	0.9349	0.0000	0.4303
833	1.0000	0.8470	0.0000	0.4308
834	1.0000	0.8976	0.0000	0.4313
835	1.0000	0.9006	0.0000	0.4318
836	1.0000	0.8878	0.0000	0.4323
837	1.0000	0.9031	0.0000	0.4328
838	1.0000	0.9135	0.0000	0.4334
839	1.0000	0.8825	0.0000	0.4339
840	1.0000	0.8996	0.0000	0.4343
841	1.0000	0.9109	0.0000	0.4349
842	1.0000	0.8907	0.0000	0.4354
843	1.0000	0.9074	0.0000	0.4358
844	1.0000	0.9131	0.0000	0.4364
845	1.0000	0.9329	0.0000	0.4370
846	1.0000	0.9319	0.0000	0.4374
847	1.0000	0.9473	0.0000	0.4380
848	1.0000	0.9046	0.0000	0.4385
849	1.0000	0.9265	0.0000	0.4389
850	1.0000	0.8886	0.0000	0.4395
851	1.0000	0.9117	0.0000	0.4401
852	1.0000	0.9274	0.0000	0.4405
853	1.0000	0.9280	0.0000	0.4410
854	1.0000	0.8990	0.0000	0.4416
855	1.0000	0.9652	0.0000	0.4420
856	1.0000	0.9406	0.0000	0.4425
857	1.0000	0.9289	0.0000	0.4431
858	1.0000	0.9047	0.0000	0.4435
859	1.0000	0.8642	0.0000	0.4441
860	1.0000	0.8996	0.0000	0.4446
861	1.0000	0.8868	0.0000	0.4451
862	1.0000	0.8740	0.0000	0.4456
863	1.0000	0.9336	0.0000	0.4461
864	1.0000	0.8878	0.0000	0.4466
865	1.0000	0.9175	0.0000	0.4471
866	1.0000	0.9299	0.0000	0.4477
867	1.0000	0.9113	0.0000	0.4481
868	1.0000	0.9230	0.0000	0.4486
869	1.0000	0.9174	0.0000	0.4491
870	1.0000	0.9297	0.0000	0.4496
871	1.0000	0.9506	0.0000	0.4501
872	1.0000	0.9321	0.0000	0.4507
873	1.0000	0.9295	0.0000	0.4512
874	1.0000	0.9194	0.0000	0.4515
875	1.0000	0.9285	0.0000	0.4520
876	1.0000	0.9587	0.0000	0.4526
877	1.0000	0.9457	0.0000	0.4530
878	1.0000	0.9350	0.0000	0.4535
879	1.0000	0.9215	0.0000	0.4541
880	1.0000	0.9467	0.0000	0.4546
881	1.0000	0.9564	0.0000	0.4550
882	1.0000	0.9447	0.0000	0.4556
883	1.0000	0.9302	0.0000	0.4561
884	1.0000	0.9608	0.0000	0.4565
885	1.0000	0.9288	0.0000	0.4571
886	1.0000	0.9535	0.0000	0.4576
887	1.0000	0.9538	0.0000	0.4581
888	1.0000	0.9281	0.0000	0.4586
889	1.0000	0.9482	0.0000	0.4592
890	1.0000	0.9662	0.0000	0.4596
891	1.0000	0.9638	0.0000	0.4601
892	1.0000	0.9335	0.0000	0.4607
893	1.0000	0.9787	0.0000	0.4611
894	1.0000	0.9585	0.0000	0.4616
895	1.0000	0.9772	0.0000	0.4622
896	1.0000	0.9452	0.0000	0.4626
897	1.0000	0.9710	0.0000	0.4631
898	1.0000	0.9593	0.0000	0.4637
899	1.0000	0.9715	0.0000	0.4642
900	1.0000	0.9710	0.0000	0.4647
901	1.0000	0.9517	0.0000	0.4652
902	1.0000	0.9419	0.0000	0.4657
903	1.0000	0.9495	0.0000	0.4662
904	1.0000	0.9743	0.0000	0.4668
905	1.0000	0.9686	0.0000	0.4672
906	1.0000	0.9841	0.0000	0.4677
907	1.0000	0.9637	0.0000	0.4683
908	1.0000	0.9880	0.0000	0.4688
909	1.0000	0.9709	0.0000	0.4692
910	1.0000	0.9843	0.0000	0.4698
911	1.0000	0.9747	0.0000	0.4703
912	1.0000	0.9713	0.0000	0.4707
913	1.0000	0.9731	0.0000	0.4713
914	1.0000	0.9577	0.0000	0.4718
915	1.0000	0.9442	0.0000	0.4723
916	1.0000	0.9292	0.0000	0.4728
917	1.0000	0.9664	0.0000	0.4734
918	1.0000	0.9422	0.0000	0.4737
919	1.0000	0.9658	0.0000	0.4743
920	1.0000	0.9463	0.0000	0.4748
921	1.0000	0.9482	0.0000	0.4752
922	1.0000	0.9339	0.0000	0.4757
923	1.0000	0.9558	0.0000	0.4763
924	1.0000	0.9578	0.0000	0.4767
925	1.0000	0.9709	0.0000	0.4772
926	1.0000	0.9583	0.0000	0.4778
927	1.0000	0.9447	0.0000	0.4782
928	1.0000	0.9594	0.0000	0.4787
929	1.0000	0.9620	0.0000	0.4793
930	1.0000	0.9648	0.0000	0.4797
931	1.0000	0.9710	0.0000	0.4802
932	1.0000	0.9632	0.0000	0.4808
933	1.0000	0.9606	0.0000	0.4812
934	1.0000	0.9734	0.0000	0.4817
935	1.0000	0.9662	0.0000	0.4822
936	1.0000	0.9756	0.0000	0.4827
937	1.0000	0.9673	0.0000	0.4832
938	1.0000	0.9916	0.0000	0.4838
939	1.0000	0.9800	0.0000	0.4843
940	1.0000	0.9621	0.0000	0.4847
941	1.0000	0.9836	0.0000	0.4852
942	1.0000	0.9705	0.0000	0.4858
943	1.0000	0.9885	0.0000	0.4862
944	1.0000	0.9691	0.0000	0.4867
945	1.0000	0.9783	0.0000	0.4873
946	1.0000	0.9681	0.0000	0.4877
947	1.0000	0.9863	0.0000	0.4883
948	1.0000	0.9689	0.0000	0.4888
949	1.0000	0.9703	0.0000	0.4892
950	1.0000	0.9680	0.0000	0.4898
951	1.0000	0.9718	0.0000	0.4903
952	1.0000	0.9916	0.0000	0.4907
953	1.0000	0.9686	0.0000	0.4913
954	1.0000	0.9775	0.0000	0.4918
955	1.0000	0.9919	0.0000	0.4923
956	1.0000	0.9934	0.0000	0.4928
957	1.0000	0.9934	0.0000	0.4934
958	1.0000	0.9788	0.0000	0.4938
959	1.0000	0.9817	0.0000	0.4943
960	1.0000	0.9409	0.0000	0.4949
961	1.0000	0.9302	0.0000	0.4953
962	1.0000	0.9211	0.0000	0.4959
963	1.0000	0.9181	0.0000	0.4964
964	1.0000	0.9390	0.0000	0.4968
965	1.0000	0.9475	0.0000	0.4972
966	1.0000	0.9182	0.0000	0.4977
967	1.0000	0.9608	0.0000	0.4983
968	1.0000	0.9251	0.0000	0.4987
969	1.0000	0.9467	0.0000	0.4992
970	1.0000	0.9323	0.0000	0.4998
971	1.0000	0.9259	0.0000	0.5003
972	1.0000	0.9432	0.0000	0.5007
973	1.0000	0.8875	0.0000	0.5013
974	1.0000	0.9095	0.0000	0.5019
975	1.0000	0.8935	0.0000	0.5024
976	1.0000	0.9239	0.0000	0.5029
977	1.0000	0.9086	0.0000	0.5035
978	1.0000	0.9188	0.0000	0.5040
979	1.0000	0.9496	0.0000	0.5043
980	1.0000	0.9387	0.0000	0.5049
981	1.0000	0.9454	0.0000	0.5054
982	1.0000	0.9282	0.0000	0.5059
983	1.0000	0.9383	0.0000	0.5064
984	1.0000	0.9065	0.0000	0.5069
985	1.0000	0.9593	0.0000	0.5075
986	1.0000	0.9230	0.0000	0.5079
987	1.0000	0.9315	0.0000	0.5085
988	1.0000	0.8967	0.0000	0.5091
989	1.0000	0.8567	0.0000	0.5095
990	1.0000	0.8717	0.0000	0.5101
991	1.0000	0.8726	0.0000	0.5107
992	1.0000	0.9141	0.0000	0.5112
993	1.0000	0.9057	0.0000	0.5117
994	1.0000	0.9037	0.0000	0.5123
995	1.0000	0.8694	0.0000	0.5127
996	1.0000	0.8917	0.0000	0.5133
997	1.0000	0.9290	0.0000	0.5138
998	1.0000	0.9276	0.0000	0.5143
999	1.0000	0.8943	0.0000	0.5149
Pos: [7.706277330426174, 7.706277383192963]

=================================================================================================================