ID: five_uneven_peak_trap	Date: 2019-04-08 21:30:02	Runs: 5
=================================================================================================================
Run: 0
Iter	Gbest	AvrFit	Diver	ETime	
0	163.5009	91.3877	0.0000	0.0001
1	163.5009	80.1853	0.0000	0.0002
2	200.0000	97.9544	0.0000	0.0003
3	200.0000	103.0778	0.0000	0.0004
4	200.0000	91.2809	0.0000	0.0005
5	200.0000	103.4993	0.0000	0.0006
6	200.0000	97.9041	0.0000	0.0007
7	200.0000	99.6187	0.0000	0.0008
8	200.0000	113.4642	0.0000	0.0009
9	200.0000	112.5621	0.0000	0.0010
10	200.0000	117.0031	0.0000	0.0012
11	200.0000	125.1296	0.0000	0.0013
12	200.0000	116.8122	0.0000	0.0014
13	200.0000	124.6486	0.0000	0.0015
14	200.0000	122.7989	0.0000	0.0016
15	200.0000	114.2696	0.0000	0.0017
16	200.0000	124.4584	0.0000	0.0019
17	200.0000	127.8720	0.0000	0.0020
18	200.0000	117.0416	0.0000	0.0021
19	200.0000	121.1361	0.0000	0.0022
20	200.0000	132.6527	0.0000	0.0024
21	200.0000	133.5155	0.0000	0.0025
22	200.0000	131.5217	0.0000	0.0026
23	200.0000	139.5679	0.0000	0.0027
24	200.0000	133.5503	0.0000	0.0028
25	200.0000	137.6405	0.0000	0.0029
26	200.0000	138.1108	0.0000	0.0030
27	200.0000	142.5777	0.0000	0.0031
28	200.0000	140.5399	0.0000	0.0032
29	200.0000	141.1117	0.0000	0.0033
30	200.0000	141.0597	0.0000	0.0034
31	200.0000	143.5096	0.0000	0.0035
32	200.0000	139.3596	0.0000	0.0036
33	200.0000	146.6869	0.0000	0.0037
34	200.0000	146.1599	0.0000	0.0039
35	200.0000	143.4569	0.0000	0.0040
36	200.0000	143.9337	0.0000	0.0041
37	200.0000	148.9703	0.0000	0.0042
38	200.0000	146.5605	0.0000	0.0043
39	200.0000	145.8006	0.0000	0.0044
40	200.0000	146.0014	0.0000	0.0045
41	200.0000	151.8643	0.0000	0.0046
42	200.0000	146.8837	0.0000	0.0047
43	200.0000	143.1667	0.0000	0.0048
44	200.0000	148.2163	0.0000	0.0049
45	200.0000	149.6454	0.0000	0.0050
46	200.0000	148.3402	0.0000	0.0051
47	200.0000	149.8442	0.0000	0.0052
48	200.0000	151.2629	0.0000	0.0053
49	200.0000	153.3210	0.0000	0.0054
50	200.0000	152.6283	0.0000	0.0055
51	200.0000	150.5421	0.0000	0.0056
52	200.0000	153.1423	0.0000	0.0057
53	200.0000	152.8133	0.0000	0.0058
54	200.0000	151.5124	0.0000	0.0059
55	200.0000	153.6699	0.0000	0.0060
56	200.0000	153.6006	0.0000	0.0061
57	200.0000	153.6280	0.0000	0.0062
58	200.0000	150.2304	0.0000	0.0063
59	200.0000	150.0794	0.0000	0.0064
60	200.0000	151.4450	0.0000	0.0065
61	200.0000	153.4435	0.0000	0.0066
62	200.0000	151.7078	0.0000	0.0067
63	200.0000	151.2976	0.0000	0.0068
64	200.0000	151.1014	0.0000	0.0069
65	200.0000	150.1702	0.0000	0.0070
66	200.0000	151.2596	0.0000	0.0072
67	200.0000	150.6391	0.0000	0.0073
68	200.0000	154.3143	0.0000	0.0074
69	200.0000	154.6405	0.0000	0.0075
70	200.0000	152.5445	0.0000	0.0076
71	200.0000	153.5661	0.0000	0.0077
72	200.0000	154.3598	0.0000	0.0078
73	200.0000	153.6753	0.0000	0.0079
74	200.0000	156.4745	0.0000	0.0080
75	200.0000	152.4446	0.0000	0.0081
76	200.0000	154.8702	0.0000	0.0082
77	200.0000	155.8241	0.0000	0.0083
78	200.0000	153.6079	0.0000	0.0084
79	200.0000	152.8304	0.0000	0.0085
80	200.0000	154.7048	0.0000	0.0086
81	200.0000	155.1852	0.0000	0.0087
82	200.0000	155.9735	0.0000	0.0088
83	200.0000	155.3378	0.0000	0.0089
84	200.0000	155.2460	0.0000	0.0090
85	200.0000	152.3250	0.0000	0.0091
86	200.0000	155.4421	0.0000	0.0092
87	200.0000	152.4916	0.0000	0.0093
88	200.0000	153.8954	0.0000	0.0094
89	200.0000	154.3372	0.0000	0.0095
90	200.0000	154.4747	0.0000	0.0096
91	200.0000	153.8043	0.0000	0.0097
92	200.0000	154.1129	0.0000	0.0098
93	200.0000	153.4065	0.0000	0.0099
94	200.0000	156.3327	0.0000	0.0100
95	200.0000	151.8871	0.0000	0.0101
96	200.0000	154.8874	0.0000	0.0102
97	200.0000	155.0664	0.0000	0.0104
98	200.0000	155.1795	0.0000	0.0105
99	200.0000	155.2959	0.0000	0.0106
100	200.0000	155.3554	0.0000	0.0107
101	200.0000	155.8954	0.0000	0.0108
102	200.0000	155.0787	0.0000	0.0109
103	200.0000	156.1176	0.0000	0.0110
104	200.0000	155.6873	0.0000	0.0111
105	200.0000	154.9117	0.0000	0.0112
106	200.0000	155.5883	0.0000	0.0113
107	200.0000	154.8980	0.0000	0.0114
108	200.0000	158.8629	0.0000	0.0115
109	200.0000	157.0676	0.0000	0.0116
110	200.0000	154.5724	0.0000	0.0117
111	200.0000	155.1215	0.0000	0.0118
112	200.0000	153.5676	0.0000	0.0119
113	200.0000	153.6161	0.0000	0.0120
114	200.0000	157.3987	0.0000	0.0122
115	200.0000	155.8781	0.0000	0.0123
116	200.0000	154.6210	0.0000	0.0124
117	200.0000	156.4460	0.0000	0.0125
118	200.0000	155.5936	0.0000	0.0126
119	200.0000	155.0201	0.0000	0.0127
120	200.0000	157.1585	0.0000	0.0128
121	200.0000	157.2488	0.0000	0.0129
122	200.0000	156.2950	0.0000	0.0130
123	200.0000	156.7358	0.0000	0.0131
124	200.0000	156.4399	0.0000	0.0132
125	200.0000	158.3677	0.0000	0.0133
126	200.0000	156.2681	0.0000	0.0134
127	200.0000	153.4245	0.0000	0.0135
128	200.0000	156.0032	0.0000	0.0136
129	200.0000	156.2760	0.0000	0.0137
130	200.0000	156.2598	0.0000	0.0138
131	200.0000	157.1320	0.0000	0.0139
132	200.0000	156.9795	0.0000	0.0140
133	200.0000	158.1532	0.0000	0.0141
134	200.0000	158.8376	0.0000	0.0142
135	200.0000	155.9847	0.0000	0.0144
136	200.0000	157.5878	0.0000	0.0145
137	200.0000	156.0168	0.0000	0.0146
138	200.0000	157.7338	0.0000	0.0147
139	200.0000	157.7696	0.0000	0.0148
140	200.0000	154.5977	0.0000	0.0149
141	200.0000	155.6869	0.0000	0.0150
142	200.0000	157.3212	0.0000	0.0151
143	200.0000	156.9993	0.0000	0.0152
144	200.0000	158.2388	0.0000	0.0153
145	200.0000	157.4337	0.0000	0.0154
146	200.0000	155.7936	0.0000	0.0155
147	200.0000	155.0619	0.0000	0.0156
148	200.0000	158.2027	0.0000	0.0157
149	200.0000	157.8668	0.0000	0.0158
150	200.0000	156.4063	0.0000	0.0159
151	200.0000	175.4627	0.0000	0.0161
152	200.0000	174.7094	0.0000	0.0162
153	200.0000	175.4874	0.0000	0.0163
154	200.0000	176.3735	0.0000	0.0164
155	200.0000	176.5105	0.0000	0.0165
156	200.0000	176.4557	0.0000	0.0167
157	200.0000	177.2076	0.0000	0.0169
158	200.0000	176.8960	0.0000	0.0170
159	200.0000	176.7278	0.0000	0.0171
160	200.0000	176.2199	0.0000	0.0172
161	200.0000	177.1752	0.0000	0.0173
162	200.0000	177.3223	0.0000	0.0174
163	200.0000	177.6768	0.0000	0.0175
164	200.0000	176.8412	0.0000	0.0176
165	200.0000	176.9311	0.0000	0.0177
166	200.0000	176.7153	0.0000	0.0178
167	200.0000	177.5929	0.0000	0.0179
168	200.0000	177.5848	0.0000	0.0180
169	200.0000	177.9201	0.0000	0.0181
170	200.0000	177.5853	0.0000	0.0182
171	200.0000	178.0931	0.0000	0.0183
172	200.0000	176.8020	0.0000	0.0184
173	200.0000	176.5834	0.0000	0.0185
174	200.0000	177.9324	0.0000	0.0186
175	200.0000	177.0182	0.0000	0.0187
176	200.0000	177.4395	0.0000	0.0188
177	200.0000	177.8968	0.0000	0.0189
178	200.0000	177.6405	0.0000	0.0191
179	200.0000	177.9915	0.0000	0.0192
180	200.0000	177.8828	0.0000	0.0193
181	200.0000	177.8454	0.0000	0.0194
182	200.0000	178.1749	0.0000	0.0195
183	200.0000	177.8033	0.0000	0.0196
184	200.0000	178.1149	0.0000	0.0197
185	200.0000	177.7941	0.0000	0.0198
186	200.0000	178.4300	0.0000	0.0199
187	200.0000	177.8916	0.0000	0.0200
188	200.0000	178.0097	0.0000	0.0201
189	200.0000	178.3606	0.0000	0.0202
190	200.0000	177.9784	0.0000	0.0203
191	200.0000	178.5814	0.0000	0.0204
192	200.0000	177.9988	0.0000	0.0205
193	200.0000	178.0716	0.0000	0.0206
194	200.0000	178.3458	0.0000	0.0207
195	200.0000	178.5564	0.0000	0.0208
196	200.0000	178.5615	0.0000	0.0209
197	200.0000	178.9562	0.0000	0.0210
198	200.0000	178.6738	0.0000	0.0211
199	200.0000	178.5232	0.0000	0.0212
200	200.0000	178.6419	0.0000	0.0213
201	200.0000	178.8624	0.0000	0.0214
202	200.0000	178.7179	0.0000	0.0215
203	200.0000	178.6857	0.0000	0.0216
204	200.0000	178.8341	0.0000	0.0218
205	200.0000	178.7822	0.0000	0.0219
206	200.0000	178.7750	0.0000	0.0220
207	200.0000	178.5602	0.0000	0.0221
208	200.0000	178.8073	0.0000	0.0222
209	200.0000	178.7654	0.0000	0.0223
210	200.0000	178.7314	0.0000	0.0224
211	200.0000	178.8574	0.0000	0.0225
212	200.0000	178.9772	0.0000	0.0226
213	200.0000	178.7975	0.0000	0.0227
214	200.0000	178.9261	0.0000	0.0228
215	200.0000	178.9008	0.0000	0.0229
216	200.0000	178.8536	0.0000	0.0230
217	200.0000	178.8496	0.0000	0.0231
218	200.0000	178.8557	0.0000	0.0232
219	200.0000	178.8925	0.0000	0.0233
220	200.0000	178.9386	0.0000	0.0234
221	200.0000	178.9474	0.0000	0.0235
222	200.0000	178.9774	0.0000	0.0236
223	200.0000	178.8799	0.0000	0.0237
224	200.0000	178.7929	0.0000	0.0238
225	200.0000	179.1337	0.0000	0.0239
226	200.0000	179.1713	0.0000	0.0240
227	200.0000	179.1589	0.0000	0.0242
228	200.0000	179.0519	0.0000	0.0243
229	200.0000	178.7311	0.0000	0.0244
230	200.0000	179.0765	0.0000	0.0245
231	200.0000	179.0049	0.0000	0.0246
232	200.0000	179.1602	0.0000	0.0247
233	200.0000	179.1079	0.0000	0.0248
234	200.0000	179.0215	0.0000	0.0249
235	200.0000	179.0687	0.0000	0.0250
236	200.0000	179.0580	0.0000	0.0251
237	200.0000	179.1761	0.0000	0.0252
238	200.0000	179.0631	0.0000	0.0253
239	200.0000	179.1635	0.0000	0.0254
240	200.0000	179.1436	0.0000	0.0255
241	200.0000	179.1742	0.0000	0.0256
242	200.0000	179.0898	0.0000	0.0258
243	200.0000	179.0588	0.0000	0.0259
244	200.0000	179.1300	0.0000	0.0260
245	200.0000	179.1744	0.0000	0.0261
246	200.0000	179.1161	0.0000	0.0262
247	200.0000	179.1942	0.0000	0.0263
248	200.0000	179.1534	0.0000	0.0264
249	200.0000	179.1878	0.0000	0.0265
250	200.0000	179.1589	0.0000	0.0266
251	200.0000	179.1425	0.0000	0.0267
252	200.0000	179.0852	0.0000	0.0268
253	200.0000	179.1235	0.0000	0.0269
254	200.0000	179.1092	0.0000	0.0270
255	200.0000	179.1452	0.0000	0.0272
256	200.0000	179.1843	0.0000	0.0273
257	200.0000	179.1826	0.0000	0.0274
258	200.0000	179.1821	0.0000	0.0275
259	200.0000	179.1492	0.0000	0.0276
260	200.0000	179.1808	0.0000	0.0277
261	200.0000	179.1315	0.0000	0.0278
262	200.0000	179.0957	0.0000	0.0279
263	200.0000	179.1637	0.0000	0.0280
264	200.0000	179.1860	0.0000	0.0281
265	200.0000	179.1335	0.0000	0.0282
266	200.0000	179.1474	0.0000	0.0283
267	200.0000	179.1301	0.0000	0.0284
268	200.0000	179.1455	0.0000	0.0285
269	200.0000	179.1477	0.0000	0.0286
270	200.0000	179.1664	0.0000	0.0287
271	200.0000	179.1258	0.0000	0.0288
272	200.0000	179.1826	0.0000	0.0289
273	200.0000	179.1820	0.0000	0.0290
274	200.0000	179.1838	0.0000	0.0291
275	200.0000	179.1799	0.0000	0.0292
276	200.0000	179.1981	0.0000	0.0293
277	200.0000	179.1977	0.0000	0.0295
278	200.0000	179.1910	0.0000	0.0296
279	200.0000	179.1987	0.0000	0.0297
280	200.0000	179.1520	0.0000	0.0298
281	200.0000	179.1901	0.0000	0.0299
282	200.0000	179.1874	0.0000	0.0300
283	200.0000	179.1714	0.0000	0.0301
284	200.0000	179.1811	0.0000	0.0302
285	200.0000	179.1559	0.0000	0.0303
286	200.0000	179.1900	0.0000	0.0304
287	200.0000	179.1654	0.0000	0.0305
288	200.0000	179.1786	0.0000	0.0306
289	200.0000	179.1909	0.0000	0.0307
290	200.0000	179.1902	0.0000	0.0308
291	200.0000	179.1990	0.0000	0.0309
292	200.0000	179.1975	0.0000	0.0310
293	200.0000	179.1710	0.0000	0.0311
294	200.0000	179.1662	0.0000	0.0312
295	200.0000	179.1943	0.0000	0.0313
296	200.0000	179.1938	0.0000	0.0315
297	200.0000	179.1904	0.0000	0.0316
298	200.0000	179.1708	0.0000	0.0317
299	200.0000	179.1690	0.0000	0.0318
300	200.0000	179.1697	0.0000	0.0319
301	200.0000	179.3072	0.0000	0.0320
302	200.0000	180.4338	0.0000	0.0321
303	200.0000	179.3361	0.0000	0.0322
304	200.0000	180.4491	0.0000	0.0323
305	200.0000	180.2257	0.0000	0.0324
306	200.0000	179.9932	0.0000	0.0325
307	200.0000	181.2550	0.0000	0.0326
308	200.0000	181.7768	0.0000	0.0328
309	200.0000	181.1219	0.0000	0.0329
310	200.0000	182.3269	0.0000	0.0330
311	200.0000	181.8272	0.0000	0.0331
312	200.0000	181.9528	0.0000	0.0332
313	200.0000	182.8398	0.0000	0.0333
314	200.0000	182.4250	0.0000	0.0334
315	200.0000	183.2692	0.0000	0.0335
316	200.0000	182.2954	0.0000	0.0336
317	200.0000	182.5784	0.0000	0.0337
318	200.0000	183.0558	0.0000	0.0338
319	200.0000	182.6840	0.0000	0.0339
320	200.0000	182.9016	0.0000	0.0340
321	200.0000	184.6519	0.0000	0.0341
322	200.0000	183.5697	0.0000	0.0342
323	200.0000	183.8444	0.0000	0.0343
324	200.0000	183.1981	0.0000	0.0344
325	200.0000	183.8468	0.0000	0.0345
326	200.0000	183.9159	0.0000	0.0346
327	200.0000	183.7665	0.0000	0.0347
328	200.0000	183.9930	0.0000	0.0348
329	200.0000	184.8131	0.0000	0.0349
330	200.0000	184.7962	0.0000	0.0350
331	200.0000	185.0014	0.0000	0.0351
332	200.0000	184.5795	0.0000	0.0352
333	200.0000	184.5565	0.0000	0.0354
334	200.0000	185.2598	0.0000	0.0355
335	200.0000	184.2583	0.0000	0.0356
336	200.0000	184.6906	0.0000	0.0357
337	200.0000	184.3683	0.0000	0.0358
338	200.0000	185.0342	0.0000	0.0359
339	200.0000	184.8631	0.0000	0.0360
340	200.0000	184.6206	0.0000	0.0361
341	200.0000	185.1811	0.0000	0.0362
342	200.0000	185.3336	0.0000	0.0363
343	200.0000	185.4441	0.0000	0.0364
344	200.0000	185.4210	0.0000	0.0365
345	200.0000	185.5380	0.0000	0.0366
346	200.0000	185.5686	0.0000	0.0367
347	200.0000	184.9969	0.0000	0.0368
348	200.0000	185.4649	0.0000	0.0369
349	200.0000	185.0240	0.0000	0.0370
350	200.0000	185.8886	0.0000	0.0371
351	200.0000	185.6336	0.0000	0.0372
352	200.0000	185.7523	0.0000	0.0373
353	200.0000	185.6985	0.0000	0.0374
354	200.0000	185.4479	0.0000	0.0375
355	200.0000	185.7099	0.0000	0.0376
356	200.0000	185.6923	0.0000	0.0377
357	200.0000	185.8201	0.0000	0.0378
358	200.0000	185.3737	0.0000	0.0379
359	200.0000	185.8659	0.0000	0.0380
360	200.0000	185.7158	0.0000	0.0381
361	200.0000	185.9229	0.0000	0.0382
362	200.0000	185.7542	0.0000	0.0383
363	200.0000	185.6683	0.0000	0.0384
364	200.0000	185.6903	0.0000	0.0385
365	200.0000	186.0073	0.0000	0.0386
366	200.0000	186.0486	0.0000	0.0387
367	200.0000	186.1077	0.0000	0.0388
368	200.0000	186.0207	0.0000	0.0389
369	200.0000	186.1062	0.0000	0.0390
370	200.0000	185.9317	0.0000	0.0391
371	200.0000	186.0515	0.0000	0.0393
372	200.0000	186.1556	0.0000	0.0394
373	200.0000	186.2391	0.0000	0.0395
374	200.0000	186.1736	0.0000	0.0396
375	200.0000	186.1445	0.0000	0.0397
376	200.0000	186.1529	0.0000	0.0398
377	200.0000	186.0668	0.0000	0.0399
378	200.0000	186.1934	0.0000	0.0400
379	200.0000	186.1185	0.0000	0.0401
380	200.0000	186.1989	0.0000	0.0402
381	200.0000	186.2284	0.0000	0.0403
382	200.0000	186.2688	0.0000	0.0404
383	200.0000	186.2279	0.0000	0.0405
384	200.0000	186.2133	0.0000	0.0406
385	200.0000	186.0739	0.0000	0.0407
386	200.0000	186.3101	0.0000	0.0408
387	200.0000	186.2262	0.0000	0.0409
388	200.0000	186.1629	0.0000	0.0410
389	200.0000	186.3118	0.0000	0.0411
390	200.0000	186.1296	0.0000	0.0412
391	200.0000	186.2304	0.0000	0.0413
392	200.0000	186.2179	0.0000	0.0414
393	200.0000	186.2611	0.0000	0.0415
394	200.0000	186.3155	0.0000	0.0416
395	200.0000	186.3085	0.0000	0.0417
396	200.0000	186.2588	0.0000	0.0418
397	200.0000	186.2942	0.0000	0.0419
398	200.0000	186.3268	0.0000	0.0420
399	200.0000	186.3112	0.0000	0.0421
400	200.0000	186.3628	0.0000	0.0423
401	200.0000	186.2393	0.0000	0.0424
402	200.0000	186.2786	0.0000	0.0425
403	200.0000	186.2849	0.0000	0.0426
404	200.0000	186.3512	0.0000	0.0427
405	200.0000	186.3479	0.0000	0.0428
406	200.0000	186.3668	0.0000	0.0429
407	200.0000	186.3458	0.0000	0.0430
408	200.0000	186.3706	0.0000	0.0431
409	200.0000	186.3846	0.0000	0.0432
410	200.0000	186.3714	0.0000	0.0433
411	200.0000	186.3652	0.0000	0.0434
412	200.0000	186.3675	0.0000	0.0435
413	200.0000	186.3851	0.0000	0.0436
414	200.0000	186.3717	0.0000	0.0437
415	200.0000	186.3755	0.0000	0.0438
416	200.0000	186.3520	0.0000	0.0439
417	200.0000	186.3758	0.0000	0.0440
418	200.0000	186.3631	0.0000	0.0441
419	200.0000	186.3649	0.0000	0.0442
420	200.0000	186.3306	0.0000	0.0443
421	200.0000	186.3570	0.0000	0.0444
422	200.0000	186.3804	0.0000	0.0445
423	200.0000	186.3748	0.0000	0.0446
424	200.0000	186.3884	0.0000	0.0447
425	200.0000	186.3799	0.0000	0.0449
426	200.0000	186.3764	0.0000	0.0450
427	200.0000	186.3858	0.0000	0.0451
428	200.0000	186.3261	0.0000	0.0452
429	200.0000	186.3910	0.0000	0.0453
430	200.0000	186.3746	0.0000	0.0454
431	200.0000	186.3725	0.0000	0.0455
432	200.0000	186.3762	0.0000	0.0456
433	200.0000	186.3812	0.0000	0.0457
434	200.0000	186.3728	0.0000	0.0458
435	200.0000	186.3748	0.0000	0.0459
436	200.0000	186.3286	0.0000	0.0460
437	200.0000	186.3772	0.0000	0.0461
438	200.0000	186.3925	0.0000	0.0462
439	200.0000	186.3368	0.0000	0.0463
440	200.0000	186.3811	0.0000	0.0464
441	200.0000	186.3769	0.0000	0.0465
442	200.0000	186.3822	0.0000	0.0466
443	200.0000	186.3835	0.0000	0.0467
444	200.0000	186.3400	0.0000	0.0468
445	200.0000	186.3369	0.0000	0.0469
446	200.0000	186.3883	0.0000	0.0470
447	200.0000	186.3909	0.0000	0.0471
448	200.0000	186.3942	0.0000	0.0473
449	200.0000	186.3422	0.0000	0.0474
450	200.0000	186.3972	0.0000	0.0475
451	200.0000	181.0552	0.0000	0.0476
452	200.0000	180.9225	0.0000	0.0478
453	200.0000	181.1971	0.0000	0.0479
454	200.0000	181.7327	0.0000	0.0480
455	200.0000	180.2352	0.0000	0.0481
456	200.0000	180.3464	0.0000	0.0482
457	200.0000	181.3962	0.0000	0.0483
458	200.0000	181.0211	0.0000	0.0484
459	200.0000	181.1186	0.0000	0.0485
460	200.0000	183.0889	0.0000	0.0486
461	200.0000	182.1742	0.0000	0.0487
462	200.0000	182.5289	0.0000	0.0488
463	200.0000	182.5204	0.0000	0.0490
464	200.0000	182.4232	0.0000	0.0491
465	200.0000	182.1127	0.0000	0.0492
466	200.0000	182.8867	0.0000	0.0493
467	200.0000	182.9380	0.0000	0.0494
468	200.0000	182.7008	0.0000	0.0495
469	200.0000	183.3473	0.0000	0.0496
470	200.0000	183.4084	0.0000	0.0497
471	200.0000	182.9544	0.0000	0.0498
472	200.0000	182.8444	0.0000	0.0499
473	200.0000	182.2094	0.0000	0.0500
474	200.0000	182.9491	0.0000	0.0501
475	200.0000	183.2930	0.0000	0.0502
476	200.0000	184.1729	0.0000	0.0503
477	200.0000	183.3277	0.0000	0.0505
478	200.0000	182.9663	0.0000	0.0506
479	200.0000	184.0085	0.0000	0.0507
480	200.0000	184.3693	0.0000	0.0508
481	200.0000	184.5997	0.0000	0.0509
482	200.0000	184.7988	0.0000	0.0510
483	200.0000	184.5877	0.0000	0.0511
484	200.0000	184.4975	0.0000	0.0512
485	200.0000	184.5345	0.0000	0.0513
486	200.0000	184.4637	0.0000	0.0514
487	200.0000	184.7437	0.0000	0.0515
488	200.0000	184.0811	0.0000	0.0516
489	200.0000	184.8570	0.0000	0.0517
490	200.0000	184.4656	0.0000	0.0519
491	200.0000	184.3044	0.0000	0.0520
492	200.0000	185.6865	0.0000	0.0521
493	200.0000	185.3107	0.0000	0.0522
494	200.0000	184.7212	0.0000	0.0523
495	200.0000	185.0610	0.0000	0.0524
496	200.0000	184.6078	0.0000	0.0525
497	200.0000	184.8964	0.0000	0.0526
498	200.0000	184.7507	0.0000	0.0527
499	200.0000	185.6459	0.0000	0.0528
500	200.0000	184.7529	0.0000	0.0529
501	200.0000	185.0367	0.0000	0.0530
502	200.0000	185.0412	0.0000	0.0531
503	200.0000	185.1180	0.0000	0.0532
504	200.0000	185.1864	0.0000	0.0533
505	200.0000	185.1850	0.0000	0.0534
506	200.0000	185.4737	0.0000	0.0536
507	200.0000	185.4508	0.0000	0.0537
508	200.0000	185.4208	0.0000	0.0538
509	200.0000	185.5036	0.0000	0.0539
510	200.0000	185.5703	0.0000	0.0540
511	200.0000	185.3290	0.0000	0.0541
512	200.0000	185.6810	0.0000	0.0542
513	200.0000	185.7565	0.0000	0.0543
514	200.0000	185.8818	0.0000	0.0544
515	200.0000	186.0633	0.0000	0.0545
516	200.0000	185.7904	0.0000	0.0546
517	200.0000	185.7102	0.0000	0.0547
518	200.0000	185.7185	0.0000	0.0548
519	200.0000	186.0598	0.0000	0.0549
520	200.0000	185.9675	0.0000	0.0550
521	200.0000	186.0300	0.0000	0.0551
522	200.0000	185.8902	0.0000	0.0552
523	200.0000	185.9326	0.0000	0.0553
524	200.0000	185.9402	0.0000	0.0555
525	200.0000	186.0745	0.0000	0.0556
526	200.0000	185.9824	0.0000	0.0557
527	200.0000	185.9655	0.0000	0.0558
528	200.0000	186.0658	0.0000	0.0559
529	200.0000	186.1275	0.0000	0.0560
530	200.0000	186.0775	0.0000	0.0561
531	200.0000	186.1153	0.0000	0.0562
532	200.0000	186.1070	0.0000	0.0563
533	200.0000	186.0910	0.0000	0.0564
534	200.0000	186.2201	0.0000	0.0565
535	200.0000	186.2664	0.0000	0.0566
536	200.0000	186.2079	0.0000	0.0567
537	200.0000	186.2863	0.0000	0.0568
538	200.0000	186.2758	0.0000	0.0569
539	200.0000	186.1855	0.0000	0.0570
540	200.0000	186.2071	0.0000	0.0571
541	200.0000	186.2575	0.0000	0.0572
542	200.0000	186.2489	0.0000	0.0574
543	200.0000	186.2505	0.0000	0.0575
544	200.0000	186.2730	0.0000	0.0576
545	200.0000	186.3249	0.0000	0.0577
546	200.0000	186.2383	0.0000	0.0578
547	200.0000	186.2490	0.0000	0.0579
548	200.0000	186.2422	0.0000	0.0580
549	200.0000	186.2871	0.0000	0.0581
550	200.0000	186.3022	0.0000	0.0582
551	200.0000	186.3213	0.0000	0.0583
552	200.0000	186.3096	0.0000	0.0584
553	200.0000	186.3327	0.0000	0.0585
554	200.0000	186.3342	0.0000	0.0586
555	200.0000	186.2988	0.0000	0.0587
556	200.0000	186.3185	0.0000	0.0588
557	200.0000	186.2439	0.0000	0.0589
558	200.0000	186.2679	0.0000	0.0590
559	200.0000	186.2803	0.0000	0.0591
560	200.0000	186.3378	0.0000	0.0592
561	200.0000	186.3433	0.0000	0.0593
562	200.0000	186.3606	0.0000	0.0594
563	200.0000	186.2900	0.0000	0.0595
564	200.0000	186.2869	0.0000	0.0596
565	200.0000	186.3728	0.0000	0.0597
566	200.0000	186.3462	0.0000	0.0598
567	200.0000	186.3397	0.0000	0.0599
568	200.0000	186.2580	0.0000	0.0600
569	200.0000	186.3385	0.0000	0.0602
570	200.0000	186.2772	0.0000	0.0603
571	200.0000	186.3494	0.0000	0.0604
572	200.0000	186.2640	0.0000	0.0605
573	200.0000	186.2957	0.0000	0.0606
574	200.0000	186.3240	0.0000	0.0607
575	200.0000	186.3210	0.0000	0.0608
576	200.0000	186.3792	0.0000	0.0609
577	200.0000	186.3621	0.0000	0.0610
578	200.0000	186.3640	0.0000	0.0611
579	200.0000	186.3654	0.0000	0.0612
580	200.0000	186.3759	0.0000	0.0613
581	200.0000	186.3271	0.0000	0.0614
582	200.0000	186.3475	0.0000	0.0615
583	200.0000	186.3430	0.0000	0.0617
584	200.0000	186.3725	0.0000	0.0618
585	200.0000	186.3790	0.0000	0.0619
586	200.0000	186.3448	0.0000	0.0620
587	200.0000	186.3621	0.0000	0.0621
588	200.0000	186.3558	0.0000	0.0622
589	200.0000	186.3677	0.0000	0.0623
590	200.0000	186.3610	0.0000	0.0624
591	200.0000	186.3835	0.0000	0.0625
592	200.0000	186.3665	0.0000	0.0626
593	200.0000	186.3720	0.0000	0.0627
594	200.0000	186.3726	0.0000	0.0628
595	200.0000	186.3678	0.0000	0.0629
596	200.0000	186.3770	0.0000	0.0630
597	200.0000	186.3675	0.0000	0.0631
598	200.0000	186.3798	0.0000	0.0632
599	200.0000	186.3920	0.0000	0.0633
600	200.0000	186.3819	0.0000	0.0634
601	200.0000	178.3373	0.0000	0.0636
602	200.0000	180.9547	0.0000	0.0637
603	200.0000	179.1384	0.0000	0.0638
604	200.0000	177.8014	0.0000	0.0639
605	200.0000	181.7086	0.0000	0.0640
606	200.0000	179.7723	0.0000	0.0641
607	200.0000	183.0652	0.0000	0.0642
608	200.0000	182.0227	0.0000	0.0643
609	200.0000	180.9614	0.0000	0.0644
610	200.0000	182.0748	0.0000	0.0645
611	200.0000	181.2784	0.0000	0.0646
612	200.0000	182.0399	0.0000	0.0647
613	200.0000	183.6013	0.0000	0.0648
614	200.0000	182.3294	0.0000	0.0649
615	200.0000	181.8451	0.0000	0.0650
616	200.0000	182.4706	0.0000	0.0651
617	200.0000	182.7378	0.0000	0.0652
618	200.0000	182.7800	0.0000	0.0653
619	200.0000	181.9121	0.0000	0.0654
620	200.0000	182.3791	0.0000	0.0655
621	200.0000	182.7115	0.0000	0.0656
622	200.0000	183.5469	0.0000	0.0657
623	200.0000	182.3054	0.0000	0.0658
624	200.0000	185.6331	0.0000	0.0659
625	200.0000	183.5130	0.0000	0.0661
626	200.0000	183.4317	0.0000	0.0662
627	200.0000	185.2831	0.0000	0.0663
628	200.0000	184.2085	0.0000	0.0664
629	200.0000	183.6552	0.0000	0.0665
630	200.0000	184.4424	0.0000	0.0666
631	200.0000	183.9064	0.0000	0.0667
632	200.0000	184.9739	0.0000	0.0668
633	200.0000	184.7756	0.0000	0.0669
634	200.0000	185.0396	0.0000	0.0670
635	200.0000	185.3540	0.0000	0.0671
636	200.0000	185.1460	0.0000	0.0672
637	200.0000	185.1200	0.0000	0.0673
638	200.0000	185.2918	0.0000	0.0674
639	200.0000	185.4163	0.0000	0.0675
640	200.0000	185.6134	0.0000	0.0676
641	200.0000	185.8027	0.0000	0.0677
642	200.0000	185.5027	0.0000	0.0678
643	200.0000	185.6259	0.0000	0.0679
644	200.0000	185.6527	0.0000	0.0680
645	200.0000	185.9652	0.0000	0.0681
646	200.0000	185.3680	0.0000	0.0682
647	200.0000	185.5153	0.0000	0.0683
648	200.0000	185.8284	0.0000	0.0684
649	200.0000	185.6081	0.0000	0.0685
650	200.0000	185.9490	0.0000	0.0686
651	200.0000	185.7870	0.0000	0.0687
652	200.0000	185.9586	0.0000	0.0688
653	200.0000	185.8000	0.0000	0.0690
654	200.0000	186.1555	0.0000	0.0691
655	200.0000	186.0546	0.0000	0.0692
656	200.0000	185.8290	0.0000	0.0693
657	200.0000	185.9157	0.0000	0.0694
658	200.0000	186.1814	0.0000	0.0695
659	200.0000	185.9502	0.0000	0.0696
660	200.0000	185.9114	0.0000	0.0697
661	200.0000	186.0582	0.0000	0.0698
662	200.0000	186.1550	0.0000	0.0699
663	200.0000	186.0572	0.0000	0.0700
664	200.0000	186.0997	0.0000	0.0701
665	200.0000	186.0600	0.0000	0.0702
666	200.0000	186.1490	0.0000	0.0703
667	200.0000	186.0127	0.0000	0.0704
668	200.0000	186.2123	0.0000	0.0705
669	200.0000	186.0574	0.0000	0.0706
670	200.0000	186.2227	0.0000	0.0707
671	200.0000	186.2286	0.0000	0.0708
672	200.0000	186.0531	0.0000	0.0709
673	200.0000	186.2813	0.0000	0.0710
674	200.0000	186.1204	0.0000	0.0711
675	200.0000	186.0645	0.0000	0.0712
676	200.0000	186.0054	0.0000	0.0713
677	200.0000	186.3114	0.0000	0.0714
678	200.0000	186.2658	0.0000	0.0715
679	200.0000	186.2600	0.0000	0.0716
680	200.0000	186.3216	0.0000	0.0717
681	200.0000	186.3107	0.0000	0.0718
682	200.0000	186.0941	0.0000	0.0719
683	200.0000	186.1466	0.0000	0.0720
684	200.0000	186.3161	0.0000	0.0721
685	200.0000	186.1785	0.0000	0.0722
686	200.0000	186.3283	0.0000	0.0723
687	200.0000	186.3232	0.0000	0.0725
688	200.0000	186.2834	0.0000	0.0726
689	200.0000	185.8344	0.0000	0.0727
690	200.0000	186.0271	0.0000	0.0728
691	200.0000	186.1883	0.0000	0.0729
692	200.0000	186.0217	0.0000	0.0730
693	200.0000	186.2176	0.0000	0.0731
694	200.0000	186.2636	0.0000	0.0732
695	200.0000	186.0315	0.0000	0.0733
696	200.0000	186.2479	0.0000	0.0734
697	200.0000	186.0992	0.0000	0.0735
698	200.0000	186.3762	0.0000	0.0736
699	200.0000	186.2634	0.0000	0.0737
Pos: [0.0]

Run: 1
Iter	Gbest	AvrFit	Diver	ETime	
0	200.0000	78.2195	0.0000	0.0001
1	200.0000	78.6818	0.0000	0.0002
2	200.0000	88.8489	0.0000	0.0003
3	200.0000	82.2493	0.0000	0.0004
4	200.0000	99.8624	0.0000	0.0006
5	200.0000	97.5299	0.0000	0.0007
6	200.0000	102.0449	0.0000	0.0008
7	200.0000	108.9686	0.0000	0.0009
8	200.0000	102.2030	0.0000	0.0010
9	200.0000	105.7368	0.0000	0.0011
10	200.0000	107.1071	0.0000	0.0012
11	200.0000	109.2860	0.0000	0.0013
12	200.0000	112.7783	0.0000	0.0014
13	200.0000	121.4009	0.0000	0.0015
14	200.0000	123.5528	0.0000	0.0016
15	200.0000	111.9744	0.0000	0.0017
16	200.0000	120.6702	0.0000	0.0018
17	200.0000	129.5478	0.0000	0.0020
18	200.0000	125.4917	0.0000	0.0021
19	200.0000	120.9319	0.0000	0.0022
20	200.0000	127.6718	0.0000	0.0023
21	200.0000	130.3391	0.0000	0.0024
22	200.0000	128.4399	0.0000	0.0025
23	200.0000	132.9069	0.0000	0.0026
24	200.0000	131.5634	0.0000	0.0027
25	200.0000	134.3800	0.0000	0.0028
26	200.0000	128.1999	0.0000	0.0029
27	200.0000	131.8081	0.0000	0.0030
28	200.0000	130.3450	0.0000	0.0031
29	200.0000	128.5011	0.0000	0.0032
30	200.0000	133.9716	0.0000	0.0033
31	200.0000	141.8638	0.0000	0.0034
32	200.0000	132.5113	0.0000	0.0035
33	200.0000	134.9309	0.0000	0.0036
34	200.0000	139.6931	0.0000	0.0037
35	200.0000	138.5464	0.0000	0.0038
36	200.0000	139.2055	0.0000	0.0039
37	200.0000	141.5026	0.0000	0.0041
38	200.0000	135.0701	0.0000	0.0042
39	200.0000	138.5603	0.0000	0.0043
40	200.0000	144.2858	0.0000	0.0044
41	200.0000	141.0500	0.0000	0.0045
42	200.0000	142.2167	0.0000	0.0046
43	200.0000	142.2573	0.0000	0.0047
44	200.0000	142.9042	0.0000	0.0048
45	200.0000	143.3930	0.0000	0.0049
46	200.0000	139.9343	0.0000	0.0050
47	200.0000	141.5711	0.0000	0.0052
48	200.0000	141.8911	0.0000	0.0053
49	200.0000	143.4495	0.0000	0.0054
50	200.0000	145.8674	0.0000	0.0055
51	200.0000	141.0160	0.0000	0.0056
52	200.0000	147.2237	0.0000	0.0058
53	200.0000	145.9722	0.0000	0.0059
54	200.0000	147.3086	0.0000	0.0060
55	200.0000	147.3016	0.0000	0.0061
56	200.0000	146.9914	0.0000	0.0063
57	200.0000	146.3534	0.0000	0.0064
58	200.0000	147.2435	0.0000	0.0065
59	200.0000	143.6438	0.0000	0.0066
60	200.0000	147.7956	0.0000	0.0067
61	200.0000	147.3773	0.0000	0.0068
62	200.0000	148.3440	0.0000	0.0069
63	200.0000	146.3136	0.0000	0.0070
64	200.0000	146.1362	0.0000	0.0071
65	200.0000	150.5575	0.0000	0.0072
66	200.0000	149.8784	0.0000	0.0073
67	200.0000	151.9560	0.0000	0.0074
68	200.0000	150.9063	0.0000	0.0075
69	200.0000	151.1500	0.0000	0.0077
70	200.0000	150.0551	0.0000	0.0078
71	200.0000	149.5793	0.0000	0.0079
72	200.0000	152.9787	0.0000	0.0080
73	200.0000	151.6279	0.0000	0.0081
74	200.0000	151.9130	0.0000	0.0082
75	200.0000	148.4521	0.0000	0.0083
76	200.0000	152.6305	0.0000	0.0084
77	200.0000	151.5561	0.0000	0.0085
78	200.0000	152.2211	0.0000	0.0086
79	200.0000	149.2366	0.0000	0.0088
80	200.0000	147.7044	0.0000	0.0089
81	200.0000	151.8474	0.0000	0.0090
82	200.0000	151.9440	0.0000	0.0091
83	200.0000	152.3201	0.0000	0.0092
84	200.0000	149.0218	0.0000	0.0094
85	200.0000	152.0224	0.0000	0.0095
86	200.0000	149.4543	0.0000	0.0096
87	200.0000	150.8747	0.0000	0.0097
88	200.0000	151.5175	0.0000	0.0098
89	200.0000	152.6232	0.0000	0.0099
90	200.0000	154.2253	0.0000	0.0100
91	200.0000	155.0291	0.0000	0.0101
92	200.0000	152.4999	0.0000	0.0103
93	200.0000	149.4770	0.0000	0.0105
94	200.0000	150.7247	0.0000	0.0106
95	200.0000	153.2364	0.0000	0.0107
96	200.0000	153.3773	0.0000	0.0108
97	200.0000	152.7711	0.0000	0.0109
98	200.0000	149.3713	0.0000	0.0110
99	200.0000	155.2725	0.0000	0.0111
100	200.0000	154.7846	0.0000	0.0112
101	200.0000	150.9463	0.0000	0.0113
102	200.0000	153.6542	0.0000	0.0114
103	200.0000	152.4160	0.0000	0.0115
104	200.0000	155.8200	0.0000	0.0116
105	200.0000	154.4840	0.0000	0.0117
106	200.0000	151.5828	0.0000	0.0119
107	200.0000	154.9233	0.0000	0.0120
108	200.0000	153.9021	0.0000	0.0121
109	200.0000	153.4742	0.0000	0.0122
110	200.0000	153.9499	0.0000	0.0123
111	200.0000	153.7502	0.0000	0.0124
112	200.0000	153.8105	0.0000	0.0125
113	200.0000	155.3563	0.0000	0.0126
114	200.0000	154.9276	0.0000	0.0127
115	200.0000	154.6499	0.0000	0.0129
116	200.0000	154.6405	0.0000	0.0130
117	200.0000	154.2529	0.0000	0.0131
118	200.0000	150.8186	0.0000	0.0132
119	200.0000	152.3363	0.0000	0.0133
120	200.0000	153.0373	0.0000	0.0135
121	200.0000	153.3038	0.0000	0.0136
122	200.0000	155.3543	0.0000	0.0137
123	200.0000	151.9211	0.0000	0.0138
124	200.0000	154.1480	0.0000	0.0140
125	200.0000	154.7244	0.0000	0.0141
126	200.0000	150.9255	0.0000	0.0142
127	200.0000	155.3849	0.0000	0.0143
128	200.0000	156.4014	0.0000	0.0144
129	200.0000	153.0415	0.0000	0.0145
130	200.0000	153.6665	0.0000	0.0146
131	200.0000	152.0207	0.0000	0.0147
132	200.0000	153.9621	0.0000	0.0148
133	200.0000	154.4504	0.0000	0.0150
134	200.0000	154.3942	0.0000	0.0151
135	200.0000	155.2093	0.0000	0.0152
136	200.0000	153.9649	0.0000	0.0152
137	200.0000	156.6688	0.0000	0.0154
138	200.0000	156.1850	0.0000	0.0155
139	200.0000	153.7771	0.0000	0.0156
140	200.0000	154.5905	0.0000	0.0157
141	200.0000	153.5275	0.0000	0.0158
142	200.0000	155.0038	0.0000	0.0160
143	200.0000	154.7522	0.0000	0.0161
144	200.0000	156.0789	0.0000	0.0162
145	200.0000	155.1154	0.0000	0.0163
146	200.0000	152.1150	0.0000	0.0164
147	200.0000	155.2530	0.0000	0.0165
148	200.0000	155.9382	0.0000	0.0166
149	200.0000	155.0368	0.0000	0.0167
150	200.0000	153.9199	0.0000	0.0168
151	200.0000	170.7326	0.0000	0.0170
152	200.0000	170.8940	0.0000	0.0172
153	200.0000	172.8504	0.0000	0.0173
154	200.0000	172.6394	0.0000	0.0174
155	200.0000	172.2023	0.0000	0.0175
156	200.0000	174.4084	0.0000	0.0177
157	200.0000	174.2329	0.0000	0.0178
158	200.0000	173.0010	0.0000	0.0179
159	200.0000	174.8198	0.0000	0.0180
160	200.0000	174.5961	0.0000	0.0182
161	200.0000	173.4276	0.0000	0.0183
162	200.0000	174.6366	0.0000	0.0184
163	200.0000	174.3758	0.0000	0.0185
164	200.0000	174.0370	0.0000	0.0186
165	200.0000	174.3664	0.0000	0.0187
166	200.0000	175.0130	0.0000	0.0188
167	200.0000	174.3546	0.0000	0.0189
168	200.0000	175.6955	0.0000	0.0190
169	200.0000	174.8294	0.0000	0.0191
170	200.0000	175.5249	0.0000	0.0192
171	200.0000	175.2601	0.0000	0.0193
172	200.0000	174.8149	0.0000	0.0194
173	200.0000	175.9640	0.0000	0.0196
174	200.0000	176.8737	0.0000	0.0197
175	200.0000	175.4173	0.0000	0.0198
176	200.0000	176.0478	0.0000	0.0199
177	200.0000	176.3101	0.0000	0.0200
178	200.0000	175.3908	0.0000	0.0202
179	200.0000	175.8638	0.0000	0.0203
180	200.0000	176.2030	0.0000	0.0204
181	200.0000	176.3487	0.0000	0.0205
182	200.0000	177.1183	0.0000	0.0206
183	200.0000	177.3972	0.0000	0.0207
184	200.0000	176.4333	0.0000	0.0208
185	200.0000	177.1920	0.0000	0.0209
186	200.0000	176.0851	0.0000	0.0211
187	200.0000	176.9278	0.0000	0.0212
188	200.0000	177.3221	0.0000	0.0214
189	200.0000	177.1469	0.0000	0.0215
190	200.0000	177.1021	0.0000	0.0216
191	200.0000	176.9332	0.0000	0.0217
192	200.0000	176.3593	0.0000	0.0219
193	200.0000	177.2979	0.0000	0.0220
194	200.0000	177.6535	0.0000	0.0221
195	200.0000	178.1085	0.0000	0.0222
196	200.0000	176.6255	0.0000	0.0223
197	200.0000	176.9818	0.0000	0.0224
198	200.0000	177.1301	0.0000	0.0225
199	200.0000	177.8785	0.0000	0.0226
200	200.0000	178.0707	0.0000	0.0227
201	200.0000	178.0847	0.0000	0.0228
202	200.0000	178.5359	0.0000	0.0229
203	200.0000	178.0528	0.0000	0.0230
204	200.0000	177.8582	0.0000	0.0231
205	200.0000	178.5030	0.0000	0.0233
206	200.0000	178.4247	0.0000	0.0234
207	200.0000	178.0184	0.0000	0.0235
208	200.0000	178.6015	0.0000	0.0236
209	200.0000	177.8462	0.0000	0.0237
210	200.0000	178.0967	0.0000	0.0238
211	200.0000	177.9167	0.0000	0.0239
212	200.0000	177.9113	0.0000	0.0240
213	200.0000	178.3197	0.0000	0.0241
214	200.0000	178.3855	0.0000	0.0243
215	200.0000	177.5242	0.0000	0.0244
216	200.0000	178.2153	0.0000	0.0245
217	200.0000	178.0094	0.0000	0.0246
218	200.0000	178.3924	0.0000	0.0248
219	200.0000	177.8300	0.0000	0.0249
220	200.0000	178.0257	0.0000	0.0250
221	200.0000	178.3825	0.0000	0.0251
222	200.0000	177.9042	0.0000	0.0253
223	200.0000	178.6763	0.0000	0.0254
224	200.0000	178.4723	0.0000	0.0255
225	200.0000	178.6484	0.0000	0.0256
226	200.0000	178.1601	0.0000	0.0257
227	200.0000	178.3822	0.0000	0.0258
228	200.0000	178.9016	0.0000	0.0259
229	200.0000	178.5516	0.0000	0.0260
230	200.0000	178.9341	0.0000	0.0261
231	200.0000	178.4343	0.0000	0.0262
232	200.0000	178.9375	0.0000	0.0263
233	200.0000	178.4631	0.0000	0.0264
234	200.0000	178.1793	0.0000	0.0266
235	200.0000	178.6025	0.0000	0.0267
236	200.0000	178.8931	0.0000	0.0268
237	200.0000	178.5949	0.0000	0.0269
238	200.0000	179.1558	0.0000	0.0270
239	200.0000	178.6139	0.0000	0.0271
240	200.0000	178.6498	0.0000	0.0272
241	200.0000	179.0247	0.0000	0.0274
242	200.0000	179.0376	0.0000	0.0275
243	200.0000	178.9478	0.0000	0.0276
244	200.0000	178.6408	0.0000	0.0277
245	200.0000	178.6942	0.0000	0.0278
246	200.0000	178.9565	0.0000	0.0280
247	200.0000	178.8593	0.0000	0.0281
248	200.0000	178.7711	0.0000	0.0282
249	200.0000	179.0655	0.0000	0.0283
250	200.0000	178.8626	0.0000	0.0285
251	200.0000	178.9289	0.0000	0.0286
252	200.0000	179.0672	0.0000	0.0287
253	200.0000	178.8916	0.0000	0.0288
254	200.0000	179.0380	0.0000	0.0290
255	200.0000	179.1316	0.0000	0.0291
256	200.0000	178.9206	0.0000	0.0292
257	200.0000	178.8408	0.0000	0.0293
258	200.0000	178.8446	0.0000	0.0294
259	200.0000	178.8971	0.0000	0.0295
260	200.0000	178.8955	0.0000	0.0296
261	200.0000	178.8977	0.0000	0.0297
262	200.0000	179.1690	0.0000	0.0299
263	200.0000	178.8599	0.0000	0.0300
264	200.0000	178.8617	0.0000	0.0301
265	200.0000	179.1018	0.0000	0.0302
266	200.0000	178.7753	0.0000	0.0303
267	200.0000	178.9110	0.0000	0.0304
268	200.0000	179.1587	0.0000	0.0305
269	200.0000	178.8486	0.0000	0.0306
270	200.0000	178.8994	0.0000	0.0307
271	200.0000	179.1360	0.0000	0.0309
272	200.0000	178.9272	0.0000	0.0310
273	200.0000	179.0996	0.0000	0.0311
274	200.0000	178.8877	0.0000	0.0312
275	200.0000	178.8928	0.0000	0.0314
276	200.0000	179.1379	0.0000	0.0315
277	200.0000	178.8876	0.0000	0.0316
278	200.0000	179.1505	0.0000	0.0317
279	200.0000	178.9143	0.0000	0.0318
280	200.0000	179.1802	0.0000	0.0320
281	200.0000	178.9189	0.0000	0.0322
282	200.0000	178.9210	0.0000	0.0323
283	200.0000	178.8879	0.0000	0.0324
284	200.0000	178.9512	0.0000	0.0325
285	200.0000	178.9329	0.0000	0.0326
286	200.0000	178.9238	0.0000	0.0327
287	200.0000	178.9320	0.0000	0.0328
288	200.0000	179.1731	0.0000	0.0329
289	200.0000	178.9593	0.0000	0.0330
290	200.0000	179.1587	0.0000	0.0331
291	200.0000	178.9615	0.0000	0.0332
292	200.0000	178.9637	0.0000	0.0333
293	200.0000	178.9543	0.0000	0.0334
294	200.0000	178.9857	0.0000	0.0336
295	200.0000	178.9488	0.0000	0.0337
296	200.0000	178.9684	0.0000	0.0338
297	200.0000	178.9813	0.0000	0.0339
298	200.0000	178.9704	0.0000	0.0340
299	200.0000	178.9830	0.0000	0.0341
300	200.0000	178.9937	0.0000	0.0342
301	200.0000	180.2047	0.0000	0.0344
302	200.0000	180.3041	0.0000	0.0345
303	200.0000	179.6331	0.0000	0.0347
304	200.0000	181.2424	0.0000	0.0348
305	200.0000	181.8387	0.0000	0.0349
306	200.0000	180.2749	0.0000	0.0350
307	200.0000	180.8215	0.0000	0.0352
308	200.0000	181.4260	0.0000	0.0353
309	200.0000	180.1940	0.0000	0.0354
310	200.0000	182.3167	0.0000	0.0355
311	200.0000	181.1959	0.0000	0.0360
312	200.0000	182.0745	0.0000	0.0361
313	200.0000	181.0251	0.0000	0.0363
314	200.0000	182.6442	0.0000	0.0364
315	200.0000	182.8589	0.0000	0.0365
316	200.0000	182.4436	0.0000	0.0366
317	200.0000	182.1042	0.0000	0.0367
318	200.0000	180.7219	0.0000	0.0368
319	200.0000	182.4859	0.0000	0.0369
320	200.0000	183.2910	0.0000	0.0370
321	200.0000	181.9090	0.0000	0.0372
322	200.0000	182.1215	0.0000	0.0373
323	200.0000	183.1207	0.0000	0.0374
324	200.0000	182.6202	0.0000	0.0375
325	200.0000	182.6044	0.0000	0.0376
326	200.0000	183.4053	0.0000	0.0377
327	200.0000	183.6234	0.0000	0.0378
328	200.0000	183.6801	0.0000	0.0379
329	200.0000	183.9584	0.0000	0.0381
330	200.0000	184.6089	0.0000	0.0382
331	200.0000	184.4422	0.0000	0.0383
332	200.0000	184.6143	0.0000	0.0384
333	200.0000	183.9485	0.0000	0.0385
334	200.0000	183.8171	0.0000	0.0387
335	200.0000	184.4800	0.0000	0.0388
336	200.0000	184.6766	0.0000	0.0389
337	200.0000	184.0834	0.0000	0.0391
338	200.0000	184.7562	0.0000	0.0392
339	200.0000	184.2521	0.0000	0.0393
340	200.0000	184.4550	0.0000	0.0394
341	200.0000	185.1322	0.0000	0.0395
342	200.0000	184.3216	0.0000	0.0396
343	200.0000	184.4482	0.0000	0.0397
344	200.0000	184.8386	0.0000	0.0398
345	200.0000	184.9003	0.0000	0.0399
346	200.0000	184.9927	0.0000	0.0400
347	200.0000	184.8742	0.0000	0.0401
348	200.0000	185.3070	0.0000	0.0403
349	200.0000	184.9741	0.0000	0.0404
350	200.0000	185.0535	0.0000	0.0405
351	200.0000	185.1853	0.0000	0.0406
352	200.0000	185.0901	0.0000	0.0407
353	200.0000	185.2033	0.0000	0.0408
354	200.0000	185.7603	0.0000	0.0409
355	200.0000	185.2107	0.0000	0.0410
356	200.0000	185.4699	0.0000	0.0411
357	200.0000	185.6594	0.0000	0.0413
358	200.0000	185.5410	0.0000	0.0414
359	200.0000	185.4173	0.0000	0.0415
360	200.0000	185.8294	0.0000	0.0416
361	200.0000	185.7376	0.0000	0.0417
362	200.0000	185.4976	0.0000	0.0419
363	200.0000	185.8549	0.0000	0.0420
364	200.0000	185.7252	0.0000	0.0421
365	200.0000	185.6807	0.0000	0.0422
366	200.0000	185.7008	0.0000	0.0424
367	200.0000	185.8162	0.0000	0.0425
368	200.0000	185.4811	0.0000	0.0426
369	200.0000	185.4627	0.0000	0.0427
370	200.0000	185.7353	0.0000	0.0429
371	200.0000	185.6286	0.0000	0.0430
372	200.0000	185.6997	0.0000	0.0431
373	200.0000	185.9200	0.0000	0.0432
374	200.0000	185.7854	0.0000	0.0433
375	200.0000	185.9897	0.0000	0.0434
376	200.0000	185.8319	0.0000	0.0435
377	200.0000	185.8638	0.0000	0.0436
378	200.0000	185.9920	0.0000	0.0437
379	200.0000	186.0856	0.0000	0.0438
380	200.0000	185.8405	0.0000	0.0439
381	200.0000	186.0548	0.0000	0.0440
382	200.0000	185.9650	0.0000	0.0441
383	200.0000	186.1038	0.0000	0.0443
384	200.0000	186.2961	0.0000	0.0444
385	200.0000	186.1880	0.0000	0.0445
386	200.0000	186.2324	0.0000	0.0446
387	200.0000	186.2392	0.0000	0.0447
388	200.0000	185.9363	0.0000	0.0448
389	200.0000	186.1614	0.0000	0.0450
390	200.0000	186.1380	0.0000	0.0451
391	200.0000	186.2211	0.0000	0.0452
392	200.0000	186.2888	0.0000	0.0453
393	200.0000	186.3203	0.0000	0.0454
394	200.0000	186.1997	0.0000	0.0455
395	200.0000	186.2233	0.0000	0.0456
396	200.0000	186.1412	0.0000	0.0458
397	200.0000	186.1088	0.0000	0.0459
398	200.0000	186.3221	0.0000	0.0460
399	200.0000	186.2911	0.0000	0.0461
400	200.0000	186.1711	0.0000	0.0462
401	200.0000	186.1592	0.0000	0.0464
402	200.0000	186.2862	0.0000	0.0465
403	200.0000	186.1783	0.0000	0.0466
404	200.0000	186.1847	0.0000	0.0467
405	200.0000	186.1631	0.0000	0.0469
406	200.0000	186.2825	0.0000	0.0470
407	200.0000	186.3140	0.0000	0.0471
408	200.0000	186.3287	0.0000	0.0472
409	200.0000	186.3263	0.0000	0.0473
410	200.0000	186.3570	0.0000	0.0474
411	200.0000	186.3445	0.0000	0.0475
412	200.0000	186.3134	0.0000	0.0476
413	200.0000	186.3455	0.0000	0.0477
414	200.0000	186.2266	0.0000	0.0478
415	200.0000	186.2195	0.0000	0.0480
416	200.0000	186.3577	0.0000	0.0481
417	200.0000	186.2016	0.0000	0.0482
418	200.0000	186.2031	0.0000	0.0483
419	200.0000	186.3147	0.0000	0.0484
420	200.0000	186.3146	0.0000	0.0485
421	200.0000	186.2047	0.0000	0.0486
422	200.0000	186.2007	0.0000	0.0487
423	200.0000	186.3613	0.0000	0.0488
424	200.0000	186.2208	0.0000	0.0489
425	200.0000	186.2076	0.0000	0.0490
426	200.0000	186.2522	0.0000	0.0491
427	200.0000	186.2183	0.0000	0.0492
428	200.0000	186.3365	0.0000	0.0493
429	200.0000	186.3523	0.0000	0.0494
430	200.0000	186.3587	0.0000	0.0495
431	200.0000	186.3464	0.0000	0.0496
432	200.0000	186.3684	0.0000	0.0497
433	200.0000	186.3418	0.0000	0.0498
434	200.0000	186.2264	0.0000	0.0500
435	200.0000	186.2382	0.0000	0.0501
436	200.0000	186.2646	0.0000	0.0502
437	200.0000	186.2555	0.0000	0.0503
438	200.0000	186.2494	0.0000	0.0504
439	200.0000	186.2517	0.0000	0.0505
440	200.0000	186.3727	0.0000	0.0506
441	200.0000	186.2459	0.0000	0.0507
442	200.0000	186.2475	0.0000	0.0508
443	200.0000	186.2735	0.0000	0.0509
444	200.0000	186.3781	0.0000	0.0510
445	200.0000	186.2689	0.0000	0.0511
446	200.0000	186.3543	0.0000	0.0512
447	200.0000	186.2541	0.0000	0.0513
448	200.0000	186.3806	0.0000	0.0514
449	200.0000	186.3734	0.0000	0.0516
450	200.0000	186.3718	0.0000	0.0517
451	200.0000	180.1979	0.0000	0.0518
452	200.0000	181.6087	0.0000	0.0519
453	200.0000	179.7967	0.0000	0.0521
454	200.0000	180.1823	0.0000	0.0522
455	200.0000	180.7193	0.0000	0.0523
456	200.0000	180.4704	0.0000	0.0524
457	200.0000	182.2373	0.0000	0.0525
458	200.0000	180.4785	0.0000	0.0527
459	200.0000	181.6980	0.0000	0.0528
460	200.0000	181.6947	0.0000	0.0529
461	200.0000	182.1379	0.0000	0.0530
462	200.0000	181.5244	0.0000	0.0531
463	200.0000	182.3306	0.0000	0.0533
464	200.0000	182.8502	0.0000	0.0534
465	200.0000	182.9511	0.0000	0.0535
466	200.0000	184.2342	0.0000	0.0536
467	200.0000	182.2395	0.0000	0.0538
468	200.0000	182.8034	0.0000	0.0539
469	200.0000	182.3383	0.0000	0.0540
470	200.0000	182.6919	0.0000	0.0541
471	200.0000	183.8722	0.0000	0.0542
472	200.0000	183.7669	0.0000	0.0543
473	200.0000	184.1219	0.0000	0.0544
474	200.0000	184.4344	0.0000	0.0545
475	200.0000	183.3513	0.0000	0.0547
476	200.0000	183.6325	0.0000	0.0547
477	200.0000	184.3728	0.0000	0.0549
478	200.0000	184.1266	0.0000	0.0550
479	200.0000	183.5086	0.0000	0.0551
480	200.0000	184.0850	0.0000	0.0552
481	200.0000	185.0991	0.0000	0.0553
482	200.0000	184.4040	0.0000	0.0554
483	200.0000	183.2565	0.0000	0.0555
484	200.0000	185.3883	0.0000	0.0556
485	200.0000	184.9745	0.0000	0.0558
486	200.0000	184.6221	0.0000	0.0559
487	200.0000	184.5629	0.0000	0.0560
488	200.0000	185.4693	0.0000	0.0561
489	200.0000	184.4939	0.0000	0.0562
490	200.0000	185.0756	0.0000	0.0563
491	200.0000	184.7104	0.0000	0.0564
492	200.0000	185.3653	0.0000	0.0565
493	200.0000	185.3830	0.0000	0.0567
494	200.0000	184.9527	0.0000	0.0568
495	200.0000	185.4669	0.0000	0.0569
496	200.0000	185.4029	0.0000	0.0570
497	200.0000	185.1861	0.0000	0.0572
498	200.0000	185.8997	0.0000	0.0573
499	200.0000	185.5877	0.0000	0.0575
500	200.0000	185.2025	0.0000	0.0576
501	200.0000	185.6385	0.0000	0.0577
502	200.0000	185.6562	0.0000	0.0578
503	200.0000	185.1080	0.0000	0.0579
504	200.0000	185.4599	0.0000	0.0580
505	200.0000	185.4998	0.0000	0.0581
506	200.0000	185.8733	0.0000	0.0582
507	200.0000	185.4281	0.0000	0.0583
508	200.0000	185.5930	0.0000	0.0584
509	200.0000	185.2393	0.0000	0.0585
510	200.0000	185.6933	0.0000	0.0586
511	200.0000	185.5243	0.0000	0.0588
512	200.0000	185.7821	0.0000	0.0589
513	200.0000	185.7978	0.0000	0.0590
514	200.0000	186.0329	0.0000	0.0591
515	200.0000	186.0003	0.0000	0.0592
516	200.0000	185.7251	0.0000	0.0593
517	200.0000	185.8069	0.0000	0.0594
518	200.0000	186.0129	0.0000	0.0595
519	200.0000	186.1044	0.0000	0.0596
520	200.0000	185.5793	0.0000	0.0598
521	200.0000	186.0283	0.0000	0.0599
522	200.0000	186.1566	0.0000	0.0600
523	200.0000	185.9033	0.0000	0.0601
524	200.0000	186.1830	0.0000	0.0602
525	200.0000	186.2315	0.0000	0.0604
526	200.0000	186.2463	0.0000	0.0605
527	200.0000	186.0282	0.0000	0.0606
528	200.0000	185.8912	0.0000	0.0607
529	200.0000	185.9905	0.0000	0.0608
530	200.0000	186.0689	0.0000	0.0609
531	200.0000	186.0392	0.0000	0.0610
532	200.0000	186.1281	0.0000	0.0611
533	200.0000	186.2452	0.0000	0.0613
534	200.0000	186.2383	0.0000	0.0614
535	200.0000	186.3280	0.0000	0.0615
536	200.0000	186.1538	0.0000	0.0616
537	200.0000	186.0788	0.0000	0.0617
538	200.0000	185.9572	0.0000	0.0618
539	200.0000	186.0282	0.0000	0.0619
540	200.0000	186.1843	0.0000	0.0620
541	200.0000	186.2003	0.0000	0.0621
542	200.0000	186.3186	0.0000	0.0622
543	200.0000	186.1173	0.0000	0.0623
544	200.0000	186.1947	0.0000	0.0625
545	200.0000	186.1487	0.0000	0.0626
546	200.0000	186.1530	0.0000	0.0627
547	200.0000	186.2231	0.0000	0.0628
548	200.0000	186.2822	0.0000	0.0629
549	200.0000	186.2819	0.0000	0.0630
550	200.0000	186.1770	0.0000	0.0631
551	200.0000	186.1134	0.0000	0.0632
552	200.0000	186.3243	0.0000	0.0633
553	200.0000	186.3587	0.0000	0.0635
554	200.0000	186.1171	0.0000	0.0636
555	200.0000	186.2396	0.0000	0.0637
556	200.0000	186.3367	0.0000	0.0638
557	200.0000	186.3534	0.0000	0.0640
558	200.0000	186.3309	0.0000	0.0641
559	200.0000	186.2200	0.0000	0.0642
560	200.0000	186.2529	0.0000	0.0643
561	200.0000	186.2985	0.0000	0.0645
562	200.0000	186.3091	0.0000	0.0646
563	200.0000	186.1761	0.0000	0.0647
564	200.0000	186.1652	0.0000	0.0648
565	200.0000	186.3786	0.0000	0.0649
566	200.0000	186.3520	0.0000	0.0650
567	200.0000	186.3683	0.0000	0.0651
568	200.0000	186.3771	0.0000	0.0652
569	200.0000	186.3057	0.0000	0.0653
570	200.0000	186.3726	0.0000	0.0655
571	200.0000	186.3805	0.0000	0.0656
572	200.0000	186.2666	0.0000	0.0657
573	200.0000	186.3121	0.0000	0.0658
574	200.0000	186.3786	0.0000	0.0659
575	200.0000	186.3696	0.0000	0.0660
576	200.0000	186.3798	0.0000	0.0661
577	200.0000	186.2423	0.0000	0.0662
578	200.0000	186.3608	0.0000	0.0663
579	200.0000	186.3520	0.0000	0.0665
580	200.0000	186.2396	0.0000	0.0666
581	200.0000	186.3370	0.0000	0.0667
582	200.0000	186.3478	0.0000	0.0668
583	200.0000	186.3633	0.0000	0.0669
584	200.0000	186.3451	0.0000	0.0670
585	200.0000	186.3604	0.0000	0.0672
586	200.0000	186.2459	0.0000	0.0673
587	200.0000	186.2593	0.0000	0.0674
588	200.0000	186.2591	0.0000	0.0675
589	200.0000	186.3839	0.0000	0.0677
590	200.0000	186.3741	0.0000	0.0678
591	200.0000	186.3723	0.0000	0.0679
592	200.0000	186.3800	0.0000	0.0680
593	200.0000	186.3767	0.0000	0.0682
594	200.0000	186.3769	0.0000	0.0683
595	200.0000	186.3862	0.0000	0.0684
596	200.0000	186.2697	0.0000	0.0685
597	200.0000	186.2678	0.0000	0.0686
598	200.0000	186.3867	0.0000	0.0688
599	200.0000	186.2835	0.0000	0.0689
600	200.0000	186.3821	0.0000	0.0690
601	200.0000	181.0629	0.0000	0.0692
602	200.0000	181.0070	0.0000	0.0693
603	200.0000	180.6059	0.0000	0.0694
604	200.0000	180.9347	0.0000	0.0695
605	200.0000	181.4551	0.0000	0.0696
606	200.0000	184.0958	0.0000	0.0697
607	200.0000	181.6016	0.0000	0.0698
608	200.0000	182.5664	0.0000	0.0700
609	200.0000	182.9866	0.0000	0.0702
610	200.0000	183.3450	0.0000	0.0704
611	200.0000	181.9010	0.0000	0.0705
612	200.0000	182.9661	0.0000	0.0706
613	200.0000	183.0401	0.0000	0.0707
614	200.0000	183.4693	0.0000	0.0708
615	200.0000	183.4114	0.0000	0.0709
616	200.0000	183.4602	0.0000	0.0710
617	200.0000	183.5554	0.0000	0.0712
618	200.0000	184.3953	0.0000	0.0713
619	200.0000	184.3019	0.0000	0.0714
620	200.0000	184.5918	0.0000	0.0715
621	200.0000	184.5552	0.0000	0.0716
622	200.0000	184.2253	0.0000	0.0718
623	200.0000	184.2489	0.0000	0.0719
624	200.0000	184.8237	0.0000	0.0720
625	200.0000	184.6929	0.0000	0.0721
626	200.0000	184.6542	0.0000	0.0722
627	200.0000	185.1889	0.0000	0.0724
628	200.0000	185.0067	0.0000	0.0725
629	200.0000	184.8960	0.0000	0.0726
630	200.0000	185.2287	0.0000	0.0727
631	200.0000	184.6148	0.0000	0.0729
632	200.0000	185.5361	0.0000	0.0730
633	200.0000	185.3477	0.0000	0.0731
634	200.0000	185.0608	0.0000	0.0732
635	200.0000	185.4930	0.0000	0.0734
636	200.0000	185.7818	0.0000	0.0735
637	200.0000	185.5602	0.0000	0.0736
638	200.0000	185.4529	0.0000	0.0738
639	200.0000	185.7827	0.0000	0.0739
640	200.0000	185.3233	0.0000	0.0740
641	200.0000	185.1867	0.0000	0.0741
642	200.0000	184.6832	0.0000	0.0742
643	200.0000	185.1789	0.0000	0.0743
644	200.0000	185.1693	0.0000	0.0744
645	200.0000	185.4055	0.0000	0.0745
646	200.0000	185.5321	0.0000	0.0746
647	200.0000	185.8984	0.0000	0.0747
648	200.0000	185.6994	0.0000	0.0749
649	200.0000	185.4457	0.0000	0.0750
650	200.0000	185.7425	0.0000	0.0751
651	200.0000	185.2405	0.0000	0.0752
652	200.0000	185.9312	0.0000	0.0753
653	200.0000	185.9180	0.0000	0.0755
654	200.0000	185.9315	0.0000	0.0756
655	200.0000	185.8892	0.0000	0.0757
656	200.0000	186.0558	0.0000	0.0758
657	200.0000	185.4307	0.0000	0.0760
658	200.0000	185.7033	0.0000	0.0761
659	200.0000	185.7037	0.0000	0.0762
660	200.0000	185.6901	0.0000	0.0763
661	200.0000	186.1811	0.0000	0.0764
662	200.0000	185.9270	0.0000	0.0766
663	200.0000	185.7237	0.0000	0.0767
664	200.0000	185.8688	0.0000	0.0768
665	200.0000	186.1534	0.0000	0.0770
666	200.0000	186.1834	0.0000	0.0771
667	200.0000	186.1541	0.0000	0.0772
668	200.0000	186.2913	0.0000	0.0773
669	200.0000	185.8828	0.0000	0.0774
670	200.0000	186.1285	0.0000	0.0775
671	200.0000	185.9064	0.0000	0.0776
672	200.0000	186.2659	0.0000	0.0777
673	200.0000	185.8069	0.0000	0.0779
674	200.0000	185.8325	0.0000	0.0780
675	200.0000	186.1231	0.0000	0.0781
676	200.0000	185.9502	0.0000	0.0782
677	200.0000	186.2719	0.0000	0.0783
678	200.0000	186.2894	0.0000	0.0784
679	200.0000	186.1648	0.0000	0.0785
680	200.0000	186.2845	0.0000	0.0786
681	200.0000	185.9246	0.0000	0.0787
682	200.0000	186.2967	0.0000	0.0789
683	200.0000	185.7801	0.0000	0.0790
684	200.0000	186.0465	0.0000	0.0791
685	200.0000	186.2722	0.0000	0.0792
686	200.0000	186.0913	0.0000	0.0793
687	200.0000	186.0521	0.0000	0.0794
688	200.0000	186.2519	0.0000	0.0795
689	200.0000	186.3152	0.0000	0.0797
690	200.0000	186.2610	0.0000	0.0798
691	200.0000	186.1364	0.0000	0.0799
692	200.0000	185.9432	0.0000	0.0800
693	200.0000	185.9344	0.0000	0.0802
694	200.0000	185.7888	0.0000	0.0803
695	200.0000	186.2254	0.0000	0.0804
696	200.0000	186.1249	0.0000	0.0805
697	200.0000	186.0143	0.0000	0.0807
698	200.0000	185.9569	0.0000	0.0808
699	200.0000	186.3481	0.0000	0.0809
Pos: [0.0]

Run: 2
Iter	Gbest	AvrFit	Diver	ETime	
0	174.1246	82.9115	0.0000	0.0001
1	174.1246	77.3307	0.0000	0.0002
2	174.1246	78.4405	0.0000	0.0004
3	174.1246	82.7691	0.0000	0.0005
4	200.0000	88.4376	0.0000	0.0007
5	200.0000	100.7341	0.0000	0.0008
6	200.0000	105.8167	0.0000	0.0009
7	200.0000	102.9486	0.0000	0.0010
8	200.0000	100.0786	0.0000	0.0011
9	200.0000	115.6732	0.0000	0.0013
10	200.0000	112.0692	0.0000	0.0014
11	200.0000	111.2256	0.0000	0.0015
12	200.0000	105.8791	0.0000	0.0016
13	200.0000	109.3784	0.0000	0.0018
14	200.0000	119.2723	0.0000	0.0019
15	200.0000	124.2777	0.0000	0.0020
16	200.0000	121.1871	0.0000	0.0021
17	200.0000	124.7415	0.0000	0.0023
18	200.0000	121.0208	0.0000	0.0024
19	200.0000	118.2069	0.0000	0.0025
20	200.0000	120.1791	0.0000	0.0026
21	200.0000	133.6707	0.0000	0.0027
22	200.0000	131.1370	0.0000	0.0028
23	200.0000	126.0392	0.0000	0.0029
24	200.0000	136.4587	0.0000	0.0031
25	200.0000	129.5876	0.0000	0.0032
26	200.0000	125.7237	0.0000	0.0033
27	200.0000	131.4591	0.0000	0.0034
28	200.0000	135.2136	0.0000	0.0035
29	200.0000	135.4983	0.0000	0.0036
30	200.0000	142.4331	0.0000	0.0038
31	200.0000	134.5803	0.0000	0.0039
32	200.0000	131.5125	0.0000	0.0040
33	200.0000	136.5829	0.0000	0.0041
34	200.0000	138.3724	0.0000	0.0042
35	200.0000	144.6831	0.0000	0.0043
36	200.0000	140.7011	0.0000	0.0044
37	200.0000	142.3915	0.0000	0.0045
38	200.0000	147.6527	0.0000	0.0046
39	200.0000	150.2085	0.0000	0.0048
40	200.0000	144.4647	0.0000	0.0049
41	200.0000	143.5502	0.0000	0.0050
42	200.0000	145.3327	0.0000	0.0052
43	200.0000	143.1061	0.0000	0.0053
44	200.0000	148.1656	0.0000	0.0054
45	200.0000	148.9846	0.0000	0.0055
46	200.0000	147.6519	0.0000	0.0056
47	200.0000	146.1212	0.0000	0.0058
48	200.0000	150.5356	0.0000	0.0059
49	200.0000	149.3715	0.0000	0.0060
50	200.0000	151.9775	0.0000	0.0061
51	200.0000	149.4419	0.0000	0.0063
52	200.0000	148.4318	0.0000	0.0064
53	200.0000	152.6216	0.0000	0.0065
54	200.0000	150.8691	0.0000	0.0066
55	200.0000	149.5411	0.0000	0.0067
56	200.0000	148.9108	0.0000	0.0068
57	200.0000	150.9081	0.0000	0.0069
58	200.0000	150.8646	0.0000	0.0070
59	200.0000	151.1925	0.0000	0.0071
60	200.0000	151.1354	0.0000	0.0072
61	200.0000	152.0287	0.0000	0.0074
62	200.0000	150.2869	0.0000	0.0075
63	200.0000	153.7046	0.0000	0.0076
64	200.0000	153.2283	0.0000	0.0077
65	200.0000	151.5988	0.0000	0.0078
66	200.0000	154.3344	0.0000	0.0080
67	200.0000	155.5837	0.0000	0.0081
68	200.0000	153.7798	0.0000	0.0082
69	200.0000	152.8032	0.0000	0.0083
70	200.0000	149.8449	0.0000	0.0084
71	200.0000	153.0453	0.0000	0.0085
72	200.0000	156.5364	0.0000	0.0086
73	200.0000	155.6854	0.0000	0.0088
74	200.0000	152.6918	0.0000	0.0089
75	200.0000	153.1438	0.0000	0.0091
76	200.0000	155.0644	0.0000	0.0092
77	200.0000	156.4816	0.0000	0.0093
78	200.0000	155.4212	0.0000	0.0094
79	200.0000	155.8499	0.0000	0.0095
80	200.0000	155.0182	0.0000	0.0096
81	200.0000	154.8384	0.0000	0.0097
82	200.0000	154.4142	0.0000	0.0098
83	200.0000	155.1217	0.0000	0.0099
84	200.0000	156.4413	0.0000	0.0100
85	200.0000	154.8108	0.0000	0.0101
86	200.0000	156.1202	0.0000	0.0102
87	200.0000	154.2153	0.0000	0.0104
88	200.0000	156.3079	0.0000	0.0105
89	200.0000	154.7555	0.0000	0.0106
90	200.0000	159.2254	0.0000	0.0107
91	200.0000	156.7642	0.0000	0.0108
92	200.0000	155.5071	0.0000	0.0109
93	200.0000	154.1118	0.0000	0.0110
94	200.0000	155.3554	0.0000	0.0111
95	200.0000	155.5651	0.0000	0.0113
96	200.0000	154.2562	0.0000	0.0114
97	200.0000	155.2620	0.0000	0.0115
98	200.0000	155.7859	0.0000	0.0116
99	200.0000	157.3202	0.0000	0.0117
100	200.0000	154.6452	0.0000	0.0118
101	200.0000	154.3836	0.0000	0.0120
102	200.0000	155.4346	0.0000	0.0121
103	200.0000	155.4051	0.0000	0.0122
104	200.0000	157.1152	0.0000	0.0123
105	200.0000	156.0475	0.0000	0.0125
106	200.0000	154.9978	0.0000	0.0126
107	200.0000	154.7008	0.0000	0.0127
108	200.0000	156.6140	0.0000	0.0129
109	200.0000	155.6805	0.0000	0.0130
110	200.0000	155.8365	0.0000	0.0132
111	200.0000	158.0702	0.0000	0.0133
112	200.0000	156.0110	0.0000	0.0134
113	200.0000	154.7046	0.0000	0.0135
114	200.0000	155.2430	0.0000	0.0136
115	200.0000	156.6312	0.0000	0.0137
116	200.0000	157.7010	0.0000	0.0138
117	200.0000	157.3511	0.0000	0.0140
118	200.0000	155.7857	0.0000	0.0141
119	200.0000	156.2815	0.0000	0.0142
120	200.0000	157.5479	0.0000	0.0143
121	200.0000	157.6196	0.0000	0.0144
122	200.0000	155.8992	0.0000	0.0145
123	200.0000	156.8031	0.0000	0.0146
124	200.0000	156.8149	0.0000	0.0147
125	200.0000	154.9997	0.0000	0.0148
126	200.0000	156.1488	0.0000	0.0149
127	200.0000	156.5889	0.0000	0.0151
128	200.0000	157.8401	0.0000	0.0152
129	200.0000	157.4823	0.0000	0.0153
130	200.0000	155.5399	0.0000	0.0154
131	200.0000	158.4405	0.0000	0.0155
132	200.0000	157.5180	0.0000	0.0156
133	200.0000	155.8528	0.0000	0.0158
134	200.0000	155.7937	0.0000	0.0159
135	200.0000	157.8515	0.0000	0.0160
136	200.0000	157.0478	0.0000	0.0161
137	200.0000	156.3128	0.0000	0.0163
138	200.0000	155.2792	0.0000	0.0164
139	200.0000	156.2049	0.0000	0.0165
140	200.0000	156.6116	0.0000	0.0166
141	200.0000	157.2541	0.0000	0.0168
142	200.0000	157.1180	0.0000	0.0169
143	200.0000	155.6901	0.0000	0.0170
144	200.0000	156.3609	0.0000	0.0171
145	200.0000	156.3354	0.0000	0.0172
146	200.0000	157.9895	0.0000	0.0173
147	200.0000	158.3384	0.0000	0.0174
148	200.0000	156.5869	0.0000	0.0175
149	200.0000	155.3317	0.0000	0.0176
150	200.0000	154.7819	0.0000	0.0177
151	200.0000	168.2124	0.0000	0.0179
152	200.0000	167.8349	0.0000	0.0180
153	200.0000	168.7298	0.0000	0.0181
154	200.0000	168.5478	0.0000	0.0182
155	200.0000	169.7809	0.0000	0.0183
156	200.0000	167.7558	0.0000	0.0184
157	200.0000	169.6726	0.0000	0.0185
158	200.0000	169.7209	0.0000	0.0186
159	200.0000	170.3688	0.0000	0.0188
160	200.0000	170.4843	0.0000	0.0189
161	200.0000	169.5152	0.0000	0.0190
162	200.0000	170.5629	0.0000	0.0191
163	200.0000	170.3704	0.0000	0.0192
164	200.0000	170.8500	0.0000	0.0194
165	200.0000	170.4342	0.0000	0.0195
166	200.0000	171.1916	0.0000	0.0196
167	200.0000	170.6285	0.0000	0.0197
168	200.0000	170.9773	0.0000	0.0198
169	200.0000	170.7342	0.0000	0.0200
170	200.0000	170.6133	0.0000	0.0201
171	200.0000	171.3145	0.0000	0.0202
172	200.0000	171.2315	0.0000	0.0204
173	200.0000	171.3488	0.0000	0.0205
174	200.0000	170.9159	0.0000	0.0206
175	200.0000	171.1679	0.0000	0.0207
176	200.0000	171.3860	0.0000	0.0209
177	200.0000	171.3876	0.0000	0.0210
178	200.0000	171.2810	0.0000	0.0212
179	200.0000	171.5650	0.0000	0.0213
180	200.0000	171.0011	0.0000	0.0215
181	200.0000	171.4957	0.0000	0.0216
182	200.0000	171.3460	0.0000	0.0218
183	200.0000	171.3890	0.0000	0.0219
184	200.0000	171.5310	0.0000	0.0221
185	200.0000	171.4011	0.0000	0.0223
186	200.0000	171.7468	0.0000	0.0224
187	200.0000	171.4350	0.0000	0.0226
188	200.0000	171.5747	0.0000	0.0227
189	200.0000	171.8175	0.0000	0.0228
190	200.0000	171.5739	0.0000	0.0230
191	200.0000	171.8356	0.0000	0.0231
192	200.0000	171.6565	0.0000	0.0232
193	200.0000	171.4057	0.0000	0.0233
194	200.0000	171.5168	0.0000	0.0234
195	200.0000	171.7865	0.0000	0.0235
196	200.0000	171.6445	0.0000	0.0236
197	200.0000	171.5381	0.0000	0.0237
198	200.0000	171.5068	0.0000	0.0239
199	200.0000	171.5563	0.0000	0.0240
200	200.0000	171.8473	0.0000	0.0241
201	200.0000	171.6517	0.0000	0.0242
202	200.0000	171.6083	0.0000	0.0244
203	200.0000	171.7079	0.0000	0.0246
204	200.0000	171.6083	0.0000	0.0247
205	200.0000	171.6227	0.0000	0.0248
206	200.0000	171.6848	0.0000	0.0249
207	200.0000	171.7173	0.0000	0.0250
208	200.0000	171.6844	0.0000	0.0251
209	200.0000	171.7236	0.0000	0.0252
210	200.0000	171.6825	0.0000	0.0253
211	200.0000	171.8490	0.0000	0.0254
212	200.0000	171.8808	0.0000	0.0255
213	200.0000	171.9235	0.0000	0.0256
214	200.0000	171.7305	0.0000	0.0257
215	200.0000	171.8892	0.0000	0.0258
216	200.0000	171.7114	0.0000	0.0260
217	200.0000	171.9093	0.0000	0.0261
218	200.0000	171.6934	0.0000	0.0262
219	200.0000	171.8593	0.0000	0.0263
220	200.0000	171.8789	0.0000	0.0264
221	200.0000	171.8746	0.0000	0.0265
222	200.0000	171.7792	0.0000	0.0266
223	200.0000	171.9349	0.0000	0.0267
224	200.0000	171.9799	0.0000	0.0269
225	200.0000	171.8330	0.0000	0.0270
226	200.0000	171.9669	0.0000	0.0271
227	200.0000	171.9189	0.0000	0.0272
228	200.0000	171.9432	0.0000	0.0273
229	200.0000	171.9031	0.0000	0.0274
230	200.0000	171.9234	0.0000	0.0276
231	200.0000	171.9363	0.0000	0.0277
232	200.0000	171.9071	0.0000	0.0278
233	200.0000	171.7394	0.0000	0.0279
234	200.0000	171.9104	0.0000	0.0280
235	200.0000	171.8202	0.0000	0.0282
236	200.0000	171.8630	0.0000	0.0283
237	200.0000	171.8470	0.0000	0.0285
238	200.0000	171.9453	0.0000	0.0286
239	200.0000	171.8818	0.0000	0.0287
240	200.0000	171.9542	0.0000	0.0288
241	200.0000	171.9803	0.0000	0.0290
242	200.0000	171.9369	0.0000	0.0291
243	200.0000	171.9461	0.0000	0.0292
244	200.0000	171.9778	0.0000	0.0293
245	200.0000	171.9437	0.0000	0.0295
246	200.0000	171.9646	0.0000	0.0296
247	200.0000	171.9046	0.0000	0.0297
248	200.0000	171.9009	0.0000	0.0299
249	200.0000	171.9051	0.0000	0.0300
250	200.0000	171.9759	0.0000	0.0301
251	200.0000	171.9733	0.0000	0.0303
252	200.0000	171.9048	0.0000	0.0304
253	200.0000	171.9180	0.0000	0.0305
254	200.0000	171.9910	0.0000	0.0307
255	200.0000	171.9738	0.0000	0.0308
256	200.0000	171.9783	0.0000	0.0309
257	200.0000	171.9777	0.0000	0.0310
258	200.0000	171.8870	0.0000	0.0312
259	200.0000	171.9730	0.0000	0.0313
260	200.0000	171.9136	0.0000	0.0315
261	200.0000	171.9861	0.0000	0.0316
262	200.0000	171.9630	0.0000	0.0317
263	200.0000	171.9382	0.0000	0.0319
264	200.0000	171.9647	0.0000	0.0321
265	200.0000	171.9971	0.0000	0.0322
266	200.0000	171.9842	0.0000	0.0323
267	200.0000	171.9883	0.0000	0.0325
268	200.0000	171.9311	0.0000	0.0326
269	200.0000	171.9723	0.0000	0.0327
270	200.0000	171.9935	0.0000	0.0328
271	200.0000	171.9838	0.0000	0.0329
272	200.0000	171.9993	0.0000	0.0330
273	200.0000	171.9978	0.0000	0.0331
274	200.0000	171.9416	0.0000	0.0332
275	200.0000	171.9703	0.0000	0.0334
276	200.0000	171.9933	0.0000	0.0335
277	200.0000	171.9652	0.0000	0.0336
278	200.0000	171.9646	0.0000	0.0337
279	200.0000	171.9782	0.0000	0.0338
280	200.0000	171.9853	0.0000	0.0340
281	200.0000	171.9875	0.0000	0.0341
282	200.0000	171.9975	0.0000	0.0342
283	200.0000	171.9815	0.0000	0.0343
284	200.0000	171.9996	0.0000	0.0345
285	200.0000	171.9884	0.0000	0.0346
286	200.0000	171.9935	0.0000	0.0348
287	200.0000	171.9899	0.0000	0.0349
288	200.0000	171.9989	0.0000	0.0351
289	200.0000	171.9914	0.0000	0.0352
290	200.0000	171.9942	0.0000	0.0354
291	200.0000	171.9990	0.0000	0.0355
292	200.0000	171.9912	0.0000	0.0356
293	200.0000	171.9945	0.0000	0.0357
294	200.0000	171.9863	0.0000	0.0359
295	200.0000	171.9894	0.0000	0.0360
296	200.0000	171.9944	0.0000	0.0361
297	200.0000	171.9997	0.0000	0.0362
298	200.0000	171.9904	0.0000	0.0363
299	200.0000	171.9999	0.0000	0.0364
300	200.0000	171.9998	0.0000	0.0365
301	200.0000	175.2738	0.0000	0.0366
302	200.0000	171.5174	0.0000	0.0368
303	200.0000	172.1568	0.0000	0.0369
304	200.0000	172.4359	0.0000	0.0370
305	200.0000	172.1337	0.0000	0.0371
306	200.0000	171.8507	0.0000	0.0372
307	200.0000	172.1591	0.0000	0.0373
308	200.0000	171.6887	0.0000	0.0374
309	200.0000	173.0963	0.0000	0.0375
310	200.0000	172.4969	0.0000	0.0376
311	200.0000	172.9826	0.0000	0.0377
312	200.0000	173.0962	0.0000	0.0379
