ID: vincent	Date: 2019-05-03 14:02:54	Runs: 1
=================================================================================================================
Run: 0
Iter	Gbest	AvrFit	Diver	ETime	
0	0.9550	0.2723	0.0000	0.0011
1	0.9759	0.3291	0.0000	0.0019
2	0.9759	0.4214	0.0000	0.0029
3	0.9849	0.5090	0.0000	0.0036
4	0.9930	0.5555	0.0000	0.0043
5	0.9930	0.5953	0.0000	0.0050
6	0.9958	0.5757	0.0000	0.0058
7	0.9958	0.6514	0.0000	0.0069
8	0.9958	0.6450	0.0000	0.0076
9	0.9966	0.7074	0.0000	0.0082
10	0.9975	0.7523	0.0000	0.0089
11	0.9989	0.7207	0.0000	0.0096
12	0.9996	0.7773	0.0000	0.0114
13	0.9996	0.2373	0.0000	0.0126
14	0.9996	0.3139	0.0000	0.0133
15	0.9996	0.3273	0.0000	0.0141
16	0.9996	0.4557	0.0000	0.0147
17	0.9996	0.5319	0.0000	0.0154
18	0.9996	0.5302	0.0000	0.0162
19	0.9996	0.5877	0.0000	0.0169
20	0.9996	0.6248	0.0000	0.0181
21	0.9996	0.6683	0.0000	0.0188
22	0.9996	0.6696	0.0000	0.0195
23	0.9996	0.6696	0.0000	0.0202
24	0.9996	0.7192	0.0000	0.0210
25	0.9996	0.6847	0.0000	0.0217
26	0.9765	0.7521	0.0000	0.0258
27	0.9765	0.2192	0.0000	0.0264
28	0.9765	0.3520	0.0000	0.0271
29	0.9765	0.4048	0.0000	0.0279
30	0.9897	0.4833	0.0000	0.0290
31	0.9984	0.6077	0.0000	0.0298
32	0.9984	0.5785	0.0000	0.0306
33	0.9984	0.6495	0.0000	0.0312
34	0.9984	0.6598	0.0000	0.0319
35	0.9984	0.7057	0.0000	0.0327
36	0.9984	0.7454	0.0000	0.0334
37	0.9988	0.7605	0.0000	0.0345
38	0.9988	0.7637	0.0000	0.0354
39	0.9988	0.7796	0.0000	0.0361
40	0.9988	0.7994	0.0000	0.0417
41	0.9988	0.7522	0.0000	0.0466
42	0.9991	0.6297	0.0000	0.0499
43	0.9991	0.6150	0.0000	0.0537
44	0.9991	0.6807	0.0000	0.0568
45	0.9991	0.6935	0.0000	0.0600
46	0.9994	0.6637	0.0000	0.0629
47	0.9994	0.6501	0.0000	0.0656
48	0.9994	0.6636	0.0000	0.0678
49	0.9994	0.6569	0.0000	0.0706
50	0.9994	0.6973	0.0000	0.0726
51	0.9994	0.6946	0.0000	0.0748
52	0.9994	0.7185	0.0000	0.0772
53	0.9994	0.7685	0.0000	0.0791
54	0.9994	0.7465	0.0000	0.0823
55	0.9994	0.7164	0.0000	0.0857
56	0.9999	0.7051	0.0000	0.0897
57	0.9999	0.6912	0.0000	0.0929
58	0.9999	0.7057	0.0000	0.0966
59	0.9999	0.7071	0.0000	0.0996
60	0.9999	0.7229	0.0000	0.1031
61	0.9999	0.7304	0.0000	0.1069
62	0.9999	0.7646	0.0000	0.1100
63	0.9999	0.7574	0.0000	0.1135
64	0.9999	0.7357	0.0000	0.1162
65	0.9999	0.7235	0.0000	0.1194
66	0.9999	0.7315	0.0000	0.1219
67	0.9999	0.7756	0.0000	0.1248
68	0.9999	0.7664	0.0000	0.1272
69	0.9999	0.7809	0.0000	0.1300
70	0.9999	0.8108	0.0000	0.1330
71	0.9999	0.7386	0.0000	0.1356
72	0.9999	0.7325	0.0000	0.1385
73	1.0000	0.7670	0.0000	0.1410
74	1.0000	0.7542	0.0000	0.1440
75	1.0000	0.7522	0.0000	0.1462
76	1.0000	0.7299	0.0000	0.1491
77	1.0000	0.7383	0.0000	0.1515
78	1.0000	0.7349	0.0000	0.1545
79	1.0000	0.7610	0.0000	0.1569
80	1.0000	0.7264	0.0000	0.1597
81	1.0000	0.7699	0.0000	0.1623
82	1.0000	0.7430	0.0000	0.1650
83	1.0000	0.7266	0.0000	0.1678
84	1.0000	0.7218	0.0000	0.1703
85	1.0000	0.7321	0.0000	0.1733
86	1.0000	0.7808	0.0000	0.1758
87	1.0000	0.7346	0.0000	0.1789
88	1.0000	0.7438	0.0000	0.1813
89	1.0000	0.7434	0.0000	0.1845
90	1.0000	0.7703	0.0000	0.1869
91	1.0000	0.7307	0.0000	0.1900
92	1.0000	0.8005	0.0000	0.1924
93	1.0000	0.7311	0.0000	0.1953
94	1.0000	0.7302	0.0000	0.1977
95	1.0000	0.7291	0.0000	0.2000
96	1.0000	0.7472	0.0000	0.2029
97	1.0000	0.7602	0.0000	0.2050
98	1.0000	0.7621	0.0000	0.2078
99	1.0000	0.7896	0.0000	0.2099
100	1.0000	0.7781	0.0000	0.2126
101	1.0000	0.7519	0.0000	0.2150
102	1.0000	0.7333	0.0000	0.2171
103	1.0000	0.7487	0.0000	0.2200
104	1.0000	0.7110	0.0000	0.2220
105	1.0000	0.7431	0.0000	0.2248
106	1.0000	0.7431	0.0000	0.2270
107	1.0000	0.7454	0.0000	0.2294
108	1.0000	0.7264	0.0000	0.2322
109	1.0000	0.7740	0.0000	0.2348
110	1.0000	0.7651	0.0000	0.2377
111	1.0000	0.7677	0.0000	0.2400
112	1.0000	0.7249	0.0000	0.2429
113	1.0000	0.7382	0.0000	0.2452
114	1.0000	0.7855	0.0000	0.2481
115	1.0000	0.7308	0.0000	0.2511
116	1.0000	0.7490	0.0000	0.2539
117	1.0000	0.7584	0.0000	0.2570
118	1.0000	0.7114	0.0000	0.2594
119	1.0000	0.6787	0.0000	0.2625
120	1.0000	0.7080	0.0000	0.2648
121	1.0000	0.6989	0.0000	0.2675
122	1.0000	0.7035	0.0000	0.2698
123	1.0000	0.7509	0.0000	0.2721
124	1.0000	0.7362	0.0000	0.2752
125	1.0000	0.6912	0.0000	0.2776
126	1.0000	0.7076	0.0000	0.2806
127	1.0000	0.7705	0.0000	0.2829
128	1.0000	0.7105	0.0000	0.2856
129	1.0000	0.7530	0.0000	0.2881
130	1.0000	0.7612	0.0000	0.2905
131	1.0000	0.7596	0.0000	0.2937
132	1.0000	0.7518	0.0000	0.2965
133	1.0000	0.7705	0.0000	0.2998
134	1.0000	0.7393	0.0000	0.3022
135	1.0000	0.7836	0.0000	0.3055
136	1.0000	0.7646	0.0000	0.3080
137	1.0000	0.7127	0.0000	0.3111
138	1.0000	0.7248	0.0000	0.3141
139	1.0000	0.7432	0.0000	0.3167
140	1.0000	0.7368	0.0000	0.3197
141	1.0000	0.7632	0.0000	0.3222
142	1.0000	0.7544	0.0000	0.3254
143	1.0000	0.7796	0.0000	0.3280
144	1.0000	0.7404	0.0000	0.3312
145	1.0000	0.7190	0.0000	0.3339
146	1.0000	0.7681	0.0000	0.3371
147	1.0000	0.7478	0.0000	0.3398
148	1.0000	0.7199	0.0000	0.3428
149	1.0000	0.7186	0.0000	0.3452
150	1.0000	0.7374	0.0000	0.3481
151	1.0000	0.7027	0.0000	0.3504
152	1.0000	0.7567	0.0000	0.3532
153	1.0000	0.7814	0.0000	0.3559
154	1.0000	0.7501	0.0000	0.3584
155	1.0000	0.7615	0.0000	0.3611
156	1.0000	0.7596	0.0000	0.3634
157	1.0000	0.7358	0.0000	0.3662
158	1.0000	0.7225	0.0000	0.3683
159	1.0000	0.7404	0.0000	0.3709
160	1.0000	0.7269	0.0000	0.3734
161	1.0000	0.6897	0.0000	0.3757
162	1.0000	0.6832	0.0000	0.3785
163	1.0000	0.6674	0.0000	0.3806
164	1.0000	0.7146	0.0000	0.3834
165	1.0000	0.7117	0.0000	0.3855
166	1.0000	0.7440	0.0000	0.3878
167	1.0000	0.6964	0.0000	0.3903
168	1.0000	0.6465	0.0000	0.3926
169	1.0000	0.7380	0.0000	0.3955
170	1.0000	0.7176	0.0000	0.3981
171	1.0000	0.6944	0.0000	0.4007
172	1.0000	0.7088	0.0000	0.4032
173	1.0000	0.6904	0.0000	0.4057
174	1.0000	0.6906	0.0000	0.4087
175	1.0000	0.7062	0.0000	0.4112
176	1.0000	0.6984	0.0000	0.4143
177	1.0000	0.7118	0.0000	0.4169
178	1.0000	0.6939	0.0000	0.4201
179	1.0000	0.6888	0.0000	0.4230
180	1.0000	0.7331	0.0000	0.4264
181	1.0000	0.7238	0.0000	0.4291
182	1.0000	0.6907	0.0000	0.4322
183	1.0000	0.6572	0.0000	0.4350
184	1.0000	0.6293	0.0000	0.4379
185	0.9999	0.6226	0.0000	0.4405
186	0.9999	0.6332	0.0000	0.4435
187	0.9999	0.6146	0.0000	0.4465
188	1.0000	0.5945	0.0000	0.4496
189	1.0000	0.6235	0.0000	0.4524
190	1.0000	0.6396	0.0000	0.4557
191	1.0000	0.6233	0.0000	0.4583
192	1.0000	0.6521	0.0000	0.4612
193	1.0000	0.6669	0.0000	0.4636
194	1.0000	0.7205	0.0000	0.4662
195	1.0000	0.7016	0.0000	0.4692
196	1.0000	0.6731	0.0000	0.4718
197	1.0000	0.6589	0.0000	0.4750
198	1.0000	0.6885	0.0000	0.4777
199	1.0000	0.6752	0.0000	0.4808
200	1.0000	0.6729	0.0000	0.4836
201	1.0000	0.7030	0.0000	0.4867
202	1.0000	0.7227	0.0000	0.4900
203	1.0000	0.6785	0.0000	0.4929
204	1.0000	0.6937	0.0000	0.4959
205	1.0000	0.6932	0.0000	0.4986
206	1.0000	0.7321	0.0000	0.5017
207	1.0000	0.6956	0.0000	0.5045
208	1.0000	0.6620	0.0000	0.5077
209	1.0000	0.7280	0.0000	0.5105
210	1.0000	0.7113	0.0000	0.5133
211	1.0000	0.6884	0.0000	0.5158
212	1.0000	0.6910	0.0000	0.5182
213	1.0000	0.7563	0.0000	0.5213
214	1.0000	0.6917	0.0000	0.5237
215	1.0000	0.7475	0.0000	0.5268
216	0.9998	0.7339	0.0000	0.5292
217	0.9998	0.7119	0.0000	0.5324
218	0.9986	0.6559	0.0000	0.5349
219	0.9986	0.6872	0.0000	0.5381
220	0.9986	0.6934	0.0000	0.5405
221	0.9986	0.6852	0.0000	0.5431
222	0.9993	0.7200	0.0000	0.5462
223	0.9993	0.7329	0.0000	0.5490
224	0.9993	0.6728	0.0000	0.5523
225	0.9993	0.7208	0.0000	0.5549
226	0.9996	0.7549	0.0000	0.5579
227	0.9996	0.7316	0.0000	0.5603
228	0.9996	0.7214	0.0000	0.5633
229	0.9997	0.7347	0.0000	0.5656
230	0.9996	0.7384	0.0000	0.5685
231	0.9996	0.7610	0.0000	0.5711
232	0.9996	0.6922	0.0000	0.5738
233	0.9996	0.7172	0.0000	0.5769
234	1.0000	0.7175	0.0000	0.5794
235	1.0000	0.7037	0.0000	0.5823
236	1.0000	0.7520	0.0000	0.5848
237	1.0000	0.7382	0.0000	0.5877
238	1.0000	0.7535	0.0000	0.5903
239	1.0000	0.7501	0.0000	0.5930
240	1.0000	0.7455	0.0000	0.5960
241	1.0000	0.7716	0.0000	0.5981
242	1.0000	0.7259	0.0000	0.6009
243	1.0000	0.7617	0.0000	0.6030
244	1.0000	0.7870	0.0000	0.6051
245	1.0000	0.7979	0.0000	0.6078
246	1.0000	0.8067	0.0000	0.6100
247	1.0000	0.8172	0.0000	0.6127
248	1.0000	0.8160	0.0000	0.6151
249	1.0000	0.8040	0.0000	0.6173
250	1.0000	0.8194	0.0000	0.6200
251	1.0000	0.7850	0.0000	0.6218
252	1.0000	0.7802	0.0000	0.6238
253	1.0000	0.7698	0.0000	0.6267
254	1.0000	0.8157	0.0000	0.6290
255	1.0000	0.7614	0.0000	0.6312
256	1.0000	0.7992	0.0000	0.6338
257	1.0000	0.7391	0.0000	0.6358
258	1.0000	0.7923	0.0000	0.6379
259	1.0000	0.7952	0.0000	0.6405
260	1.0000	0.7913	0.0000	0.6424
261	1.0000	0.7863	0.0000	0.6444
262	1.0000	0.7871	0.0000	0.6468
263	1.0000	0.8174	0.0000	0.6486
264	1.0000	0.8365	0.0000	0.6506
265	1.0000	0.7609	0.0000	0.6531
266	1.0000	0.8138	0.0000	0.6549
267	1.0000	0.8066	0.0000	0.6566
268	1.0000	0.8444	0.0000	0.6590
269	1.0000	0.8276	0.0000	0.6610
270	1.0000	0.8493	0.0000	0.6629
271	1.0000	0.8290	0.0000	0.6653
272	1.0000	0.8219	0.0000	0.6673
273	1.0000	0.8543	0.0000	0.6691
274	1.0000	0.8485	0.0000	0.6716
275	1.0000	0.8493	0.0000	0.6735
276	1.0000	0.8196	0.0000	0.6753
277	1.0000	0.8505	0.0000	0.6775
278	1.0000	0.7917	0.0000	0.6794
279	1.0000	0.8520	0.0000	0.6811
280	1.0000	0.8160	0.0000	0.6829
281	1.0000	0.7929	0.0000	0.6852
282	1.0000	0.7945	0.0000	0.6868
283	1.0000	0.8213	0.0000	0.6886
284	1.0000	0.8113	0.0000	0.6905
285	1.0000	0.8034	0.0000	0.6924
286	1.0000	0.8157	0.0000	0.6940
287	1.0000	0.8096	0.0000	0.6956
288	1.0000	0.8076	0.0000	0.6978
289	1.0000	0.7946	0.0000	0.7001
290	1.0000	0.8338	0.0000	0.7021
291	1.0000	0.8178	0.0000	0.7041
292	1.0000	0.7870	0.0000	0.7062
293	1.0000	0.8305	0.0000	0.7081
294	1.0000	0.8315	0.0000	0.7099
295	1.0000	0.7967	0.0000	0.7127
296	1.0000	0.7762	0.0000	0.7152
297	1.0000	0.7902	0.0000	0.7181
298	1.0000	0.7954	0.0000	0.7206
299	1.0000	0.7812	0.0000	0.7226
300	1.0000	0.8316	0.0000	0.7245
301	1.0000	0.8340	0.0000	0.7269
302	1.0000	0.8250	0.0000	0.7288
303	1.0000	0.8490	0.0000	0.7308
304	1.0000	0.8010	0.0000	0.7336
305	1.0000	0.8309	0.0000	0.7357
306	1.0000	0.8426	0.0000	0.7387
307	1.0000	0.8035	0.0000	0.7418
308	1.0000	0.8213	0.0000	0.7440
309	1.0000	0.8196	0.0000	0.7470
310	1.0000	0.8417	0.0000	0.7495
311	1.0000	0.8270	0.0000	0.7531
312	1.0000	0.7871	0.0000	0.7555
313	1.0000	0.8361	0.0000	0.7586
314	1.0000	0.7931	0.0000	0.7614
315	1.0000	0.7612	0.0000	0.7641
316	1.0000	0.7619	0.0000	0.7669
317	1.0000	0.7848	0.0000	0.7693
318	1.0000	0.6970	0.0000	0.7722
319	1.0000	0.7291	0.0000	0.7746
320	1.0000	0.7434	0.0000	0.7779
321	1.0000	0.6768	0.0000	0.7803
322	1.0000	0.7036	0.0000	0.7831
323	1.0000	0.7517	0.0000	0.7862
324	1.0000	0.7315	0.0000	0.7888
325	1.0000	0.6671	0.0000	0.7919
326	1.0000	0.7320	0.0000	0.7945
327	1.0000	0.7482	0.0000	0.7968
328	1.0000	0.7736	0.0000	0.7996
329	1.0000	0.7473	0.0000	0.8018
330	1.0000	0.7570	0.0000	0.8046
331	1.0000	0.7821	0.0000	0.8067
332	1.0000	0.7669	0.0000	0.8089
333	1.0000	0.7413	0.0000	0.8116
334	1.0000	0.7796	0.0000	0.8141
335	1.0000	0.7900	0.0000	0.8172
336	1.0000	0.7722	0.0000	0.8194
337	1.0000	0.7820	0.0000	0.8226
338	1.0000	0.7987	0.0000	0.8254
339	1.0000	0.7729	0.0000	0.8281
340	1.0000	0.7790	0.0000	0.8312
341	1.0000	0.7972	0.0000	0.8337
342	1.0000	0.7620	0.0000	0.8368
343	1.0000	0.7697	0.0000	0.8394
344	1.0000	0.7735	0.0000	0.8418
345	1.0000	0.7974	0.0000	0.8448
346	1.0000	0.8081	0.0000	0.8475
347	1.0000	0.7857	0.0000	0.8506
348	1.0000	0.8209	0.0000	0.8530
349	1.0000	0.8288	0.0000	0.8559
350	1.0000	0.8172	0.0000	0.8583
351	1.0000	0.8131	0.0000	0.8606
352	1.0000	0.8241	0.0000	0.8639
353	1.0000	0.7350	0.0000	0.8670
354	1.0000	0.7561	0.0000	0.8702
355	1.0000	0.7639	0.0000	0.8726
356	1.0000	0.7393	0.0000	0.8756
357	1.0000	0.7295	0.0000	0.8785
358	1.0000	0.7422	0.0000	0.8816
359	1.0000	0.7478	0.0000	0.8840
360	1.0000	0.7917	0.0000	0.8865
361	1.0000	0.7673	0.0000	0.8896
362	1.0000	0.7942	0.0000	0.8921
363	1.0000	0.7990	0.0000	0.8949
364	1.0000	0.7659	0.0000	0.8973
365	1.0000	0.8500	0.0000	0.9001
366	1.0000	0.8025	0.0000	0.9029
367	1.0000	0.7553	0.0000	0.9053
368	1.0000	0.7797	0.0000	0.9085
369	1.0000	0.8157	0.0000	0.9110
370	1.0000	0.7886	0.0000	0.9140
371	1.0000	0.7727	0.0000	0.9163
372	1.0000	0.7654	0.0000	0.9185
373	1.0000	0.8035	0.0000	0.9212
374	1.0000	0.8090	0.0000	0.9231
375	1.0000	0.7947	0.0000	0.9255
376	1.0000	0.7971	0.0000	0.9280
377	1.0000	0.7765	0.0000	0.9302
378	1.0000	0.8148	0.0000	0.9326
379	1.0000	0.8085	0.0000	0.9350
380	1.0000	0.7972	0.0000	0.9372
381	1.0000	0.7743	0.0000	0.9399
382	1.0000	0.7760	0.0000	0.9418
383	1.0000	0.7866	0.0000	0.9439
384	1.0000	0.7706	0.0000	0.9468
385	1.0000	0.7955	0.0000	0.9490
386	1.0000	0.7518	0.0000	0.9520
387	1.0000	0.7753	0.0000	0.9544
388	1.0000	0.7969	0.0000	0.9564
389	1.0000	0.8098	0.0000	0.9589
390	1.0000	0.8364	0.0000	0.9610
391	1.0000	0.8232	0.0000	0.9633
392	1.0000	0.7979	0.0000	0.9658
393	1.0000	0.8208	0.0000	0.9678
394	1.0000	0.8199	0.0000	0.9697
395	1.0000	0.8035	0.0000	0.9718
396	1.0000	0.8264	0.0000	0.9736
397	1.0000	0.8191	0.0000	0.9754
398	1.0000	0.8358	0.0000	0.9779
399	1.0000	0.8159	0.0000	0.9799
400	1.0000	0.8044	0.0000	0.9818
401	1.0000	0.7999	0.0000	0.9843
402	1.0000	0.8196	0.0000	0.9865
403	1.0000	0.8082	0.0000	0.9891
404	1.0000	0.8002	0.0000	0.9915
405	1.0000	0.8165	0.0000	0.9940
406	1.0000	0.6966	0.0000	0.9967
407	1.0000	0.7646	0.0000	0.9990
408	1.0000	0.7762	0.0000	1.0010
409	1.0000	0.7813	0.0000	1.0035
410	1.0000	0.7705	0.0000	1.0053
411	1.0000	0.7479	0.0000	1.0071
412	1.0000	0.7364	0.0000	1.0092
413	1.0000	0.7418	0.0000	1.0112
414	1.0000	0.7283	0.0000	1.0136
415	1.0000	0.7359	0.0000	1.0162
416	1.0000	0.7331	0.0000	1.0182
417	1.0000	0.7555	0.0000	1.0201
418	1.0000	0.7801	0.0000	1.0225
419	1.0000	0.7451	0.0000	1.0247
420	1.0000	0.7270	0.0000	1.0273
421	1.0000	0.7619	0.0000	1.0300
422	1.0000	0.7546	0.0000	1.0323
423	1.0000	0.7350	0.0000	1.0349
424	1.0000	0.7180	0.0000	1.0374
425	1.0000	0.7902	0.0000	1.0402
426	1.0000	0.7031	0.0000	1.0432
427	1.0000	0.7115	0.0000	1.0454
428	1.0000	0.7126	0.0000	1.0481
429	1.0000	0.6951	0.0000	1.0503
430	1.0000	0.7070	0.0000	1.0528
431	1.0000	0.6951	0.0000	1.0555
432	1.0000	0.7097	0.0000	1.0573
433	1.0000	0.7371	0.0000	1.0592
434	1.0000	0.7455	0.0000	1.0620
435	1.0000	0.7232	0.0000	1.0644
436	1.0000	0.7317	0.0000	1.0674
437	1.0000	0.7172	0.0000	1.0697
438	1.0000	0.7370	0.0000	1.0725
439	1.0000	0.7107	0.0000	1.0750
440	1.0000	0.6969	0.0000	1.0777
441	1.0000	0.7016	0.0000	1.0807
442	1.0000	0.7449	0.0000	1.0833
443	1.0000	0.7073	0.0000	1.0866
444	1.0000	0.7471	0.0000	1.0896
445	1.0000	0.7466	0.0000	1.0927
446	1.0000	0.6872	0.0000	1.0953
447	1.0000	0.7366	0.0000	1.0986
448	1.0000	0.7878	0.0000	1.1013
449	1.0000	0.7434	0.0000	1.1042
450	1.0000	0.7088	0.0000	1.1068
451	1.0000	0.6922	0.0000	1.1102
452	1.0000	0.7458	0.0000	1.1132
453	1.0000	0.7209	0.0000	1.1162
454	1.0000	0.7378	0.0000	1.1191
455	1.0000	0.6869	0.0000	1.1214
456	1.0000	0.6878	0.0000	1.1245
457	1.0000	0.7679	0.0000	1.1269
458	1.0000	0.7173	0.0000	1.1297
459	1.0000	0.7433	0.0000	1.1327
460	1.0000	0.7167	0.0000	1.1352
461	1.0000	0.6666	0.0000	1.1382
462	1.0000	0.6873	0.0000	1.1409
463	1.0000	0.7161	0.0000	1.1440
464	1.0000	0.6896	0.0000	1.1462
465	1.0000	0.7172	0.0000	1.1501
466	1.0000	0.7392	0.0000	1.1533
467	1.0000	0.7382	0.0000	1.1573
468	1.0000	0.7432	0.0000	1.1611
469	1.0000	0.7228	0.0000	1.1642
470	1.0000	0.7138	0.0000	1.1667
471	1.0000	0.6786	0.0000	1.1693
472	1.0000	0.7292	0.0000	1.1730
473	1.0000	0.7296	0.0000	1.1759
474	1.0000	0.7679	0.0000	1.1798
475	1.0000	0.6915	0.0000	1.1829
476	1.0000	0.7333	0.0000	1.1861
477	1.0000	0.7531	0.0000	1.1887
478	1.0000	0.7715	0.0000	1.1921
479	1.0000	0.7941	0.0000	1.1946
480	1.0000	0.7333	0.0000	1.1975
481	1.0000	0.7365	0.0000	1.1999
482	1.0000	0.7415	0.0000	1.2025
483	1.0000	0.7563	0.0000	1.2053
484	1.0000	0.7125	0.0000	1.2074
485	0.9999	0.7469	0.0000	1.2103
486	0.9999	0.7331	0.0000	1.2128
487	0.9999	0.6973	0.0000	1.2152
488	1.0000	0.7256	0.0000	1.2178
489	1.0000	0.7796	0.0000	1.2201
490	1.0000	0.8054	0.0000	1.2229
491	1.0000	0.7855	0.0000	1.2254
492	1.0000	0.7823	0.0000	1.2295
493	1.0000	0.7496	0.0000	1.2327
494	1.0000	0.7668	0.0000	1.2355
495	1.0000	0.7923	0.0000	1.2389
496	1.0000	0.7848	0.0000	1.2417
497	1.0000	0.7365	0.0000	1.2454
498	1.0000	0.7634	0.0000	1.2482
499	1.0000	0.7341	0.0000	1.2507
500	1.0000	0.7195	0.0000	1.2534
501	1.0000	0.7663	0.0000	1.2553
502	1.0000	0.7416	0.0000	1.2572
503	1.0000	0.7440	0.0000	1.2595
504	1.0000	0.7349	0.0000	1.2615
505	1.0000	0.7523	0.0000	1.2630
506	1.0000	0.7559	0.0000	1.2652
507	1.0000	0.7749	0.0000	1.2671
508	1.0000	0.7572	0.0000	1.2690
509	1.0000	0.7642	0.0000	1.2716
510	1.0000	0.7279	0.0000	1.2735
511	1.0000	0.7555	0.0000	1.2754
512	1.0000	0.7484	0.0000	1.2781
513	1.0000	0.7532	0.0000	1.2802
514	1.0000	0.7501	0.0000	1.2823
515	1.0000	0.7343	0.0000	1.2848
516	1.0000	0.7694	0.0000	1.2869
517	1.0000	0.7550	0.0000	1.2897
518	1.0000	0.7632	0.0000	1.2920
519	1.0000	0.7428	0.0000	1.2944
520	1.0000	0.7963	0.0000	1.2972
521	1.0000	0.7652	0.0000	1.2995
522	1.0000	0.7262	0.0000	1.3020
523	1.0000	0.7796	0.0000	1.3043
524	1.0000	0.7116	0.0000	1.3064
525	1.0000	0.7102	0.0000	1.3090
526	1.0000	0.7395	0.0000	1.3113
527	1.0000	0.7455	0.0000	1.3138
528	1.0000	0.7754	0.0000	1.3163
529	1.0000	0.7645	0.0000	1.3187
530	1.0000	0.8015	0.0000	1.3214
531	1.0000	0.7393	0.0000	1.3235
532	1.0000	0.7601	0.0000	1.3262
533	1.0000	0.7518	0.0000	1.3285
534	1.0000	0.7449	0.0000	1.3308
535	1.0000	0.7437	0.0000	1.3338
536	1.0000	0.7347	0.0000	1.3365
537	1.0000	0.7319	0.0000	1.3395
538	1.0000	0.7255	0.0000	1.3419
539	1.0000	0.7561	0.0000	1.3447
540	1.0000	0.7628	0.0000	1.3471
541	1.0000	0.7733	0.0000	1.3494
542	1.0000	0.7547	0.0000	1.3522
543	1.0000	0.7460	0.0000	1.3544
544	1.0000	0.7931	0.0000	1.3574
545	1.0000	0.7588	0.0000	1.3597
546	1.0000	0.7663	0.0000	1.3621
547	1.0000	0.7134	0.0000	1.3649
548	1.0000	0.7478	0.0000	1.3672
549	1.0000	0.7406	0.0000	1.3699
550	1.0000	0.7221	0.0000	1.3720
551	1.0000	0.7419	0.0000	1.3741
552	1.0000	0.7197	0.0000	1.3767
553	1.0000	0.7316	0.0000	1.3789
554	1.0000	0.7577	0.0000	1.3814
555	1.0000	0.7544	0.0000	1.3838
556	1.0000	0.7357	0.0000	1.3858
557	1.0000	0.7498	0.0000	1.3884
558	1.0000	0.7752	0.0000	1.3907
559	1.0000	0.7404	0.0000	1.3930
560	1.0000	0.7615	0.0000	1.3959
561	1.0000	0.7019	0.0000	1.3981
562	1.0000	0.7105	0.0000	1.4013
563	1.0000	0.7147	0.0000	1.4035
564	1.0000	0.7066	0.0000	1.4059
565	1.0000	0.6905	0.0000	1.4088
566	1.0000	0.7394	0.0000	1.4112
567	1.0000	0.7290	0.0000	1.4141
568	1.0000	0.7216	0.0000	1.4165
569	1.0000	0.7071	0.0000	1.4188
570	1.0000	0.6780	0.0000	1.4214
571	1.0000	0.6782	0.0000	1.4237
572	1.0000	0.6938	0.0000	1.4265
573	1.0000	0.7270	0.0000	1.4287
574	1.0000	0.7619	0.0000	1.4309
575	1.0000	0.7813	0.0000	1.4336
576	1.0000	0.7752	0.0000	1.4358
577	1.0000	0.7455	0.0000	1.4389
578	1.0000	0.7679	0.0000	1.4412
579	1.0000	0.7813	0.0000	1.4441
580	1.0000	0.7410	0.0000	1.4465
581	1.0000	0.7599	0.0000	1.4489
582	1.0000	0.7406	0.0000	1.4523
583	1.0000	0.7196	0.0000	1.4548
584	1.0000	0.7137	0.0000	1.4579
585	1.0000	0.6976	0.0000	1.4601
586	1.0000	0.7327	0.0000	1.4627
587	1.0000	0.6917	0.0000	1.4655
588	0.9999	0.6990	0.0000	1.4678
589	0.9999	0.6800	0.0000	1.4710
590	0.9999	0.7016	0.0000	1.4735
591	0.9999	0.6951	0.0000	1.4766
592	0.9999	0.6908	0.0000	1.4788
593	0.9999	0.6908	0.0000	1.4820
594	1.0000	0.7121	0.0000	1.4844
595	1.0000	0.6903	0.0000	1.4867
596	1.0000	0.6868	0.0000	1.4897
597	1.0000	0.7263	0.0000	1.4922
598	1.0000	0.7111	0.0000	1.4954
599	1.0000	0.6690	0.0000	1.4977
600	1.0000	0.7174	0.0000	1.5007
601	1.0000	0.7146	0.0000	1.5031
602	1.0000	0.6914	0.0000	1.5057
603	1.0000	0.7425	0.0000	1.5082
604	1.0000	0.7171	0.0000	1.5105
605	1.0000	0.7257	0.0000	1.5134
606	1.0000	0.7452	0.0000	1.5155
607	1.0000	0.7081	0.0000	1.5179
608	1.0000	0.7387	0.0000	1.5201
609	1.0000	0.7452	0.0000	1.5222
610	1.0000	0.7714	0.0000	1.5249
611	1.0000	0.7811	0.0000	1.5270
612	1.0000	0.8000	0.0000	1.5292
613	1.0000	0.7951	0.0000	1.5318
614	1.0000	0.7319	0.0000	1.5338
615	1.0000	0.7570	0.0000	1.5365
616	1.0000	0.7709	0.0000	1.5387
617	1.0000	0.7743	0.0000	1.5408
618	1.0000	0.7973	0.0000	1.5435
619	1.0000	0.7932	0.0000	1.5455
620	1.0000	0.7880	0.0000	1.5476
621	1.0000	0.7899	0.0000	1.5504
622	1.0000	0.7816	0.0000	1.5524
623	1.0000	0.7860	0.0000	1.5550
624	1.0000	0.7871	0.0000	1.5570
625	1.0000	0.7898	0.0000	1.5590
626	1.0000	0.7806	0.0000	1.5617
627	1.0000	0.8080	0.0000	1.5639
628	1.0000	0.8050	0.0000	1.5660
629	1.0000	0.8138	0.0000	1.5688
630	1.0000	0.7931	0.0000	1.5710
631	1.0000	0.7940	0.0000	1.5740
632	1.0000	0.7994	0.0000	1.5764
633	1.0000	0.8118	0.0000	1.5789
634	1.0000	0.7804	0.0000	1.5815
635	1.0000	0.8222	0.0000	1.5835
636	1.0000	0.8120	0.0000	1.5863
637	1.0000	0.8134	0.0000	1.5885
638	1.0000	0.8252	0.0000	1.5905
639	1.0000	0.7702	0.0000	1.5931
640	1.0000	0.7774	0.0000	1.5951
641	1.0000	0.8396	0.0000	1.5970
642	1.0000	0.8218	0.0000	1.5997
643	1.0000	0.8020	0.0000	1.6017
644	1.0000	0.8056	0.0000	1.6038
645	1.0000	0.8201	0.0000	1.6066
646	1.0000	0.7882	0.0000	1.6087
647	1.0000	0.7530	0.0000	1.6109
648	1.0000	0.7174	0.0000	1.6138
649	1.0000	0.7584	0.0000	1.6161
650	1.0000	0.7359	0.0000	1.6192
651	1.0000	0.7463	0.0000	1.6216
652	1.0000	0.7495	0.0000	1.6243
653	1.0000	0.7338	0.0000	1.6272
654	1.0000	0.7407	0.0000	1.6296
655	1.0000	0.7496	0.0000	1.6325
656	1.0000	0.7258	0.0000	1.6348
657	1.0000	0.7286	0.0000	1.6370
658	1.0000	0.7755	0.0000	1.6399
659	1.0000	0.7831	0.0000	1.6420
660	1.0000	0.7735	0.0000	1.6450
661	1.0000	0.7671	0.0000	1.6472
662	1.0000	0.7778	0.0000	1.6496
663	1.0000	0.7082	0.0000	1.6527
664	1.0000	0.7586	0.0000	1.6551
665	1.0000	0.6755	0.0000	1.6583
666	1.0000	0.6833	0.0000	1.6607
667	1.0000	0.6969	0.0000	1.6632
668	1.0000	0.7055	0.0000	1.6663
669	1.0000	0.7037	0.0000	1.6688
670	1.0000	0.6377	0.0000	1.6718
671	1.0000	0.6400	0.0000	1.6741
672	1.0000	0.6877	0.0000	1.6765
673	1.0000	0.6402	0.0000	1.6793
674	1.0000	0.6855	0.0000	1.6816
675	1.0000	0.7255	0.0000	1.6847
676	1.0000	0.6946	0.0000	1.6871
677	1.0000	0.7341	0.0000	1.6901
678	1.0000	0.7395	0.0000	1.6929
679	1.0000	0.6836	0.0000	1.6956
680	1.0000	0.7343	0.0000	1.6988
681	1.0000	0.7389	0.0000	1.7015
682	1.0000	0.7197	0.0000	1.7049
683	1.0000	0.7239	0.0000	1.7076
684	1.0000	0.7510	0.0000	1.7110
685	1.0000	0.7423	0.0000	1.7136
686	1.0000	0.7355	0.0000	1.7165
687	1.0000	0.7069	0.0000	1.7194
688	1.0000	0.7438	0.0000	1.7219
689	1.0000	0.7066	0.0000	1.7251
690	1.0000	0.7202	0.0000	1.7275
691	1.0000	0.6714	0.0000	1.7304
692	1.0000	0.7375	0.0000	1.7329
693	1.0000	0.7315	0.0000	1.7354
694	1.0000	0.7339	0.0000	1.7384
695	1.0000	0.7371	0.0000	1.7411
696	1.0000	0.7492	0.0000	1.7445
697	1.0000	0.7349	0.0000	1.7471
698	1.0000	0.6601	0.0000	1.7499
699	1.0000	0.7201	0.0000	1.7524
700	1.0000	0.7259	0.0000	1.7547
701	1.0000	0.7224	0.0000	1.7576
702	1.0000	0.7423	0.0000	1.7599
703	1.0000	0.7428	0.0000	1.7627
704	1.0000	0.6887	0.0000	1.7651
705	1.0000	0.7431	0.0000	1.7674
706	1.0000	0.7020	0.0000	1.7702
707	1.0000	0.7324	0.0000	1.7721
708	1.0000	0.7699	0.0000	1.7741
709	1.0000	0.7260	0.0000	1.7767
710	1.0000	0.7126	0.0000	1.7786
711	1.0000	0.7485	0.0000	1.7808
712	1.0000	0.7486	0.0000	1.7836
713	1.0000	0.7297	0.0000	1.7856
714	1.0000	0.7335	0.0000	1.7877
715	1.0000	0.6960	0.0000	1.7903
716	1.0000	0.7339	0.0000	1.7925
717	1.0000	0.7828	0.0000	1.7944
718	1.0000	0.7447	0.0000	1.7970
719	1.0000	0.7739	0.0000	1.7991
720	1.0000	0.7256	0.0000	1.8011
721	1.0000	0.7594	0.0000	1.8039
722	1.0000	0.6841	0.0000	1.8057
723	1.0000	0.7189	0.0000	1.8075
724	1.0000	0.7366	0.0000	1.8101
725	1.0000	0.7556	0.0000	1.8122
726	1.0000	0.7453	0.0000	1.8146
727	1.0000	0.7199	0.0000	1.8172
728	1.0000	0.7277	0.0000	1.8194
729	1.0000	0.7513	0.0000	1.8220
730	1.0000	0.7479	0.0000	1.8242
731	1.0000	0.7265	0.0000	1.8264
732	1.0000	0.7968	0.0000	1.8292
733	1.0000	0.8137	0.0000	1.8313
734	1.0000	0.7332	0.0000	1.8329
735	1.0000	0.7712	0.0000	1.8351
736	1.0000	0.7732	0.0000	1.8372
737	1.0000	0.7710	0.0000	1.8393
738	1.0000	0.7730	0.0000	1.8412
739	1.0000	0.7893	0.0000	1.8434
740	1.0000	0.7663	0.0000	1.8453
741	1.0000	0.7625	0.0000	1.8472
742	1.0000	0.7806	0.0000	1.8497
743	1.0000	0.8055	0.0000	1.8518
744	1.0000	0.8004	0.0000	1.8538
745	1.0000	0.7634	0.0000	1.8566
746	1.0000	0.8021	0.0000	1.8585
747	1.0000	0.7713	0.0000	1.8611
748	1.0000	0.7843	0.0000	1.8636
749	1.0000	0.8288	0.0000	1.8656
750	1.0000	0.7938	0.0000	1.8682
751	1.0000	0.8079	0.0000	1.8704
752	1.0000	0.8066	0.0000	1.8725
753	1.0000	0.8428	0.0000	1.8752
754	1.0000	0.8339	0.0000	1.8771
755	1.0000	0.8439	0.0000	1.8791
756	1.0000	0.8075	0.0000	1.8814
757	1.0000	0.8202	0.0000	1.8832
758	1.0000	0.8114	0.0000	1.8849
759	1.0000	0.8319	0.0000	1.8872
760	1.0000	0.8659	0.0000	1.8891
761	1.0000	0.7542	0.0000	1.8911
762	1.0000	0.7973	0.0000	1.8937
763	1.0000	0.7532	0.0000	1.8959
764	1.0000	0.8080	0.0000	1.8980
765	1.0000	0.7773	0.0000	1.9006
766	1.0000	0.7909	0.0000	1.9025
767	1.0000	0.8001	0.0000	1.9044
768	1.0000	0.7800	0.0000	1.9069
769	1.0000	0.7820	0.0000	1.9089
770	1.0000	0.8168	0.0000	1.9109
771	1.0000	0.8045	0.0000	1.9138
772	1.0000	0.7925	0.0000	1.9159
773	1.0000	0.7056	0.0000	1.9178
774	1.0000	0.7218	0.0000	1.9202
775	1.0000	0.7361	0.0000	1.9222
776	1.0000	0.7301	0.0000	1.9241
777	1.0000	0.7307	0.0000	1.9268
778	1.0000	0.6952	0.0000	1.9290
779	1.0000	0.7380	0.0000	1.9316
780	1.0000	0.7077	0.0000	1.9342
781	1.0000	0.7384	0.0000	1.9366
782	1.0000	0.7601	0.0000	1.9396
783	1.0000	0.7394	0.0000	1.9420
784	1.0000	0.7296	0.0000	1.9444
785	1.0000	0.7282	0.0000	1.9470
786	1.0000	0.7533	0.0000	1.9494
787	1.0000	0.7138	0.0000	1.9525
788	1.0000	0.6861	0.0000	1.9546
789	1.0000	0.7632	0.0000	1.9569
790	1.0000	0.7762	0.0000	1.9596
791	1.0000	0.7667	0.0000	1.9616
792	1.0000	0.7258	0.0000	1.9636
793	1.0000	0.7260	0.0000	1.9662
794	1.0000	0.7579	0.0000	1.9681
795	1.0000	0.7664	0.0000	1.9701
796	1.0000	0.7638	0.0000	1.9725
797	1.0000	0.7504	0.0000	1.9744
798	1.0000	0.7686	0.0000	1.9764
799	1.0000	0.7483	0.0000	1.9790
800	1.0000	0.7776	0.0000	1.9811
801	1.0000	0.8243	0.0000	1.9834
802	1.0000	0.7837	0.0000	1.9864
803	1.0000	0.7769	0.0000	1.9889
804	1.0000	0.7045	0.0000	1.9919
805	1.0000	0.7195	0.0000	1.9943
806	1.0000	0.6916	0.0000	1.9966
807	1.0000	0.6821	0.0000	1.9994
808	1.0000	0.7447	0.0000	2.0017
809	1.0000	0.7418	0.0000	2.0047
810	1.0000	0.7543	0.0000	2.0071
811	1.0000	0.7470	0.0000	2.0095
812	1.0000	0.7591	0.0000	2.0124
813	1.0000	0.7497	0.0000	2.0146
814	1.0000	0.7206	0.0000	2.0169
815	1.0000	0.6981	0.0000	2.0191
816	1.0000	0.7190	0.0000	2.0210
817	1.0000	0.6963	0.0000	2.0236
818	1.0000	0.7372	0.0000	2.0260
819	1.0000	0.7425	0.0000	2.0283
820	1.0000	0.7604	0.0000	2.0315
821	1.0000	0.7675	0.0000	2.0337
822	1.0000	0.7820	0.0000	2.0365
823	1.0000	0.7437	0.0000	2.0391
824	1.0000	0.7862	0.0000	2.0412
825	1.0000	0.8251	0.0000	2.0441
826	1.0000	0.8058	0.0000	2.0464
827	1.0000	0.7944	0.0000	2.0490
828	1.0000	0.7832	0.0000	2.0518
829	1.0000	0.7469	0.0000	2.0539
830	1.0000	0.8093	0.0000	2.0568
831	1.0000	0.7221	0.0000	2.0592
832	1.0000	0.7276	0.0000	2.0617
833	1.0000	0.7123	0.0000	2.0642
834	1.0000	0.7272	0.0000	2.0664
835	1.0000	0.7501	0.0000	2.0693
836	1.0000	0.7307	0.0000	2.0714
837	1.0000	0.7434	0.0000	2.0738
838	1.0000	0.7206	0.0000	2.0765
839	1.0000	0.7148	0.0000	2.0786
840	1.0000	0.7186	0.0000	2.0808
841	1.0000	0.7130	0.0000	2.0834
842	1.0000	0.7161	0.0000	2.0856
843	1.0000	0.7405	0.0000	2.0883
844	1.0000	0.6911	0.0000	2.0903
845	1.0000	0.6953	0.0000	2.0925
846	1.0000	0.7518	0.0000	2.0958
847	1.0000	0.7304	0.0000	2.0981
848	1.0000	0.6887	0.0000	2.1010
849	1.0000	0.7349	0.0000	2.1031
850	1.0000	0.7342	0.0000	2.1054
851	1.0000	0.7160	0.0000	2.1082
852	1.0000	0.6891	0.0000	2.1103
853	1.0000	0.7317	0.0000	2.1132
854	1.0000	0.7156	0.0000	2.1155
855	1.0000	0.7135	0.0000	2.1178
856	1.0000	0.6923	0.0000	2.1206
857	1.0000	0.7062	0.0000	2.1229
858	1.0000	0.7044	0.0000	2.1258
859	1.0000	0.7324	0.0000	2.1279
860	1.0000	0.7074	0.0000	2.1301
861	1.0000	0.6968	0.0000	2.1332
862	1.0000	0.7146	0.0000	2.1358
863	1.0000	0.7315	0.0000	2.1390
864	1.0000	0.7154	0.0000	2.1417
865	1.0000	0.7276	0.0000	2.1443
866	1.0000	0.6947	0.0000	2.1476
867	1.0000	0.6748	0.0000	2.1501
868	1.0000	0.6878	0.0000	2.1533
869	1.0000	0.6857	0.0000	2.1558
870	1.0000	0.6962	0.0000	2.1584
871	1.0000	0.7052	0.0000	2.1613
872	1.0000	0.7106	0.0000	2.1638
873	1.0000	0.7570	0.0000	2.1671
874	1.0000	0.7359	0.0000	2.1701
875	1.0000	0.7013	0.0000	2.1730
876	1.0000	0.7175	0.0000	2.1756
877	1.0000	0.7076	0.0000	2.1779
878	1.0000	0.7442	0.0000	2.1810
879	1.0000	0.7203	0.0000	2.1835
880	1.0000	0.6897	0.0000	2.1861
881	1.0000	0.7126	0.0000	2.1898
882	1.0000	0.6834	0.0000	2.1929
883	0.9996	0.6916	0.0000	2.1964
884	0.9996	0.6594	0.0000	2.1992
885	0.9996	0.6783	0.0000	2.2027
886	0.9996	0.6869	0.0000	2.2052
887	0.9996	0.6701	0.0000	2.2082
888	0.9996	0.6146	0.0000	2.2105
889	0.9996	0.6970	0.0000	2.2137
890	0.9996	0.6606	0.0000	2.2165
891	0.9999	0.6840	0.0000	2.2195
892	0.9999	0.7059	0.0000	2.2225
893	0.9999	0.7055	0.0000	2.2252
894	0.9999	0.6722	0.0000	2.2285
895	0.9999	0.7186	0.0000	2.2311
896	0.9999	0.7402	0.0000	2.2347
897	0.9999	0.7206	0.0000	2.2373
898	0.9999	0.6581	0.0000	2.2405
899	0.9999	0.7153	0.0000	2.2433
900	0.9999	0.7289	0.0000	2.2468
901	0.9999	0.7198	0.0000	2.2496
902	0.9999	0.6791	0.0000	2.2520
903	0.9999	0.7023	0.0000	2.2550
904	0.9999	0.7085	0.0000	2.2572
905	0.9999	0.7185	0.0000	2.2601
906	0.9999	0.7356	0.0000	2.2626
907	0.9999	0.7213	0.0000	2.2655
908	0.9999	0.7294	0.0000	2.2682
909	0.9999	0.7379	0.0000	2.2706
910	1.0000	0.7271	0.0000	2.2734
911	1.0000	0.7260	0.0000	2.2760
912	1.0000	0.6963	0.0000	2.2789
913	1.0000	0.6893	0.0000	2.2810
914	1.0000	0.6941	0.0000	2.2832
915	1.0000	0.7558	0.0000	2.2861
916	1.0000	0.7404	0.0000	2.2884
917	1.0000	0.7597	0.0000	2.2914
918	1.0000	0.7687	0.0000	2.2936
919	1.0000	0.7837	0.0000	2.2958
920	1.0000	0.7795	0.0000	2.2986
921	1.0000	0.7535	0.0000	2.3009
922	1.0000	0.7701	0.0000	2.3040
923	1.0000	0.7558	0.0000	2.3065
924	1.0000	0.8024	0.0000	2.3099
925	1.0000	0.7562	0.0000	2.3125
926	1.0000	0.7568	0.0000	2.3156
927	1.0000	0.7488	0.0000	2.3181
928	1.0000	0.7605	0.0000	2.3214
929	1.0000	0.7919	0.0000	2.3237
930	1.0000	0.7646	0.0000	2.3264
931	1.0000	0.7935	0.0000	2.3290
932	1.0000	0.7551	0.0000	2.3313
933	1.0000	0.7085	0.0000	2.3341
934	1.0000	0.7486	0.0000	2.3361
935	1.0000	0.7502	0.0000	2.3385
936	1.0000	0.7562	0.0000	2.3411
937	1.0000	0.7754	0.0000	2.3434
938	1.0000	0.7493	0.0000	2.3464
939	1.0000	0.7775	0.0000	2.3489
940	1.0000	0.7197	0.0000	2.3515
941	1.0000	0.7272	0.0000	2.3541
942	1.0000	0.7473	0.0000	2.3565
943	1.0000	0.7610	0.0000	2.3595
944	1.0000	0.7549	0.0000	2.3619
945	1.0000	0.7297	0.0000	2.3649
946	1.0000	0.7803	0.0000	2.3673
947	1.0000	0.7459	0.0000	2.3701
948	1.0000	0.7456	0.0000	2.3726
949	1.0000	0.7509	0.0000	2.3748
950	1.0000	0.8068	0.0000	2.3777
951	1.0000	0.8206	0.0000	2.3803
952	1.0000	0.7959	0.0000	2.3833
953	1.0000	0.7992	0.0000	2.3858
954	1.0000	0.7710	0.0000	2.3880
955	1.0000	0.7823	0.0000	2.3908
956	1.0000	0.7830	0.0000	2.3929
957	1.0000	0.7827	0.0000	2.3956
958	1.0000	0.7948	0.0000	2.3982
959	1.0000	0.8536	0.0000	2.4005
960	1.0000	0.8135	0.0000	2.4036
961	1.0000	0.8166	0.0000	2.4061
962	1.0000	0.7975	0.0000	2.4093
963	1.0000	0.7573	0.0000	2.4118
964	1.0000	0.7853	0.0000	2.4140
965	1.0000	0.8003	0.0000	2.4167
966	1.0000	0.7769	0.0000	2.4189
967	1.0000	0.7693	0.0000	2.4214
968	1.0000	0.7792	0.0000	2.4237
969	1.0000	0.8210	0.0000	2.4260
970	1.0000	0.7773	0.0000	2.4288
971	1.0000	0.7603	0.0000	2.4309
972	1.0000	0.7739	0.0000	2.4331
973	1.0000	0.8198	0.0000	2.4358
974	1.0000	0.8227	0.0000	2.4381
975	1.0000	0.8168	0.0000	2.4409
976	1.0000	0.8206	0.0000	2.4437
977	1.0000	0.7832	0.0000	2.4459
978	1.0000	0.7114	0.0000	2.4487
979	1.0000	0.7474	0.0000	2.4509
980	1.0000	0.7606	0.0000	2.4538
981	1.0000	0.8002	0.0000	2.4561
982	1.0000	0.7800	0.0000	2.4584
983	1.0000	0.7691	0.0000	2.4613
984	1.0000	0.7968	0.0000	2.4633
985	1.0000	0.7979	0.0000	2.4659
986	1.0000	0.8065	0.0000	2.4679
987	1.0000	0.7896	0.0000	2.4697
988	1.0000	0.8153	0.0000	2.4723
989	1.0000	0.7830	0.0000	2.4742
990	1.0000	0.8247	0.0000	2.4763
991	1.0000	0.8120	0.0000	2.4791
992	1.0000	0.7974	0.0000	2.4812
993	1.0000	0.7719	0.0000	2.4841
994	1.0000	0.7891	0.0000	2.4862
995	1.0000	0.8060	0.0000	2.4887
996	1.0000	0.7681	0.0000	2.4913
997	1.0000	0.7560	0.0000	2.4935
998	1.0000	0.8011	0.0000	2.4963
999	1.0000	0.7841	0.0000	2.4985
1000	1.0000	0.7864	0.0000	2.5007
1001	1.0000	0.7473	0.0000	2.5036
1002	1.0000	0.7280	0.0000	2.5057
1003	1.0000	0.7524	0.0000	2.5080
1004	1.0000	0.7980	0.0000	2.5104
1005	1.0000	0.7921	0.0000	2.5125
1006	1.0000	0.7939	0.0000	2.5152
1007	1.0000	0.7825	0.0000	2.5172
1008	1.0000	0.7568	0.0000	2.5192
1009	1.0000	0.7427	0.0000	2.5220
1010	1.0000	0.7489	0.0000	2.5243
1011	1.0000	0.7707	0.0000	2.5273
1012	1.0000	0.7517	0.0000	2.5297
1013	1.0000	0.7861	0.0000	2.5320
1014	1.0000	0.7717	0.0000	2.5348
1015	1.0000	0.7940	0.0000	2.5373
1016	1.0000	0.7653	0.0000	2.5406
1017	1.0000	0.7291	0.0000	2.5431
1018	1.0000	0.7369	0.0000	2.5462
1019	1.0000	0.7227	0.0000	2.5488
1020	1.0000	0.7146	0.0000	2.5521
1021	1.0000	0.7131	0.0000	2.5553
1022	1.0000	0.7142	0.0000	2.5584
1023	1.0000	0.7586	0.0000	2.5613
1024	1.0000	0.7028	0.0000	2.5640
1025	1.0000	0.7080	0.0000	2.5672
1026	1.0000	0.7298	0.0000	2.5698
1027	1.0000	0.7630	0.0000	2.5730
1028	1.0000	0.7229	0.0000	2.5754
1029	1.0000	0.7536	0.0000	2.5782
1030	1.0000	0.6787	0.0000	2.5812
1031	1.0000	0.7219	0.0000	2.5842
1032	1.0000	0.7347	0.0000	2.5872
1033	1.0000	0.7015	0.0000	2.5894
1034	1.0000	0.7033	0.0000	2.5916
1035	1.0000	0.6842	0.0000	2.5944
1036	1.0000	0.7470	0.0000	2.5968
1037	1.0000	0.7232	0.0000	2.5998
1038	1.0000	0.6893	0.0000	2.6023
1039	1.0000	0.7001	0.0000	2.6051
1040	1.0000	0.7076	0.0000	2.6078
1041	1.0000	0.7311	0.0000	2.6102
1042	1.0000	0.7647	0.0000	2.6134
1043	1.0000	0.7355	0.0000	2.6161
1044	1.0000	0.6809	0.0000	2.6194
1045	1.0000	0.7002	0.0000	2.6220
1046	1.0000	0.6981	0.0000	2.6255
1047	1.0000	0.7065	0.0000	2.6281
1048	1.0000	0.7086	0.0000	2.6315
1049	1.0000	0.7229	0.0000	2.6341
1050	1.0000	0.7116	0.0000	2.6371
1051	1.0000	0.6811	0.0000	2.6401
1052	1.0000	0.7347	0.0000	2.6427
1053	1.0000	0.7304	0.0000	2.6458
1054	1.0000	0.7023	0.0000	2.6484
1055	1.0000	0.7294	0.0000	2.6516
1056	1.0000	0.7327	0.0000	2.6541
1057	1.0000	0.7421	0.0000	2.6573
1058	1.0000	0.7525	0.0000	2.6601
1059	1.0000	0.7371	0.0000	2.6629
1060	1.0000	0.7570	0.0000	2.6654
1061	1.0000	0.7474	0.0000	2.6677
1062	1.0000	0.7328	0.0000	2.6705
1063	1.0000	0.7556	0.0000	2.6728
1064	1.0000	0.7736	0.0000	2.6756
1065	1.0000	0.7811	0.0000	2.6783
1066	1.0000	0.6578	0.0000	2.6807
1067	1.0000	0.7012	0.0000	2.6837
1068	1.0000	0.7601	0.0000	2.6860
1069	1.0000	0.6555	0.0000	2.6891
1070	1.0000	0.7268	0.0000	2.6914
1071	1.0000	0.6857	0.0000	2.6942
1072	1.0000	0.6959	0.0000	2.6966
1073	1.0000	0.6872	0.0000	2.6991
1074	1.0000	0.7388	0.0000	2.7019
1075	1.0000	0.7159	0.0000	2.7042
1076	1.0000	0.6999	0.0000	2.7071
1077	1.0000	0.7109	0.0000	2.7094
1078	1.0000	0.7199	0.0000	2.7124
1079	1.0000	0.6887	0.0000	2.7146
1080	1.0000	0.6655	0.0000	2.7172
1081	1.0000	0.7207	0.0000	2.7196
1082	1.0000	0.7083	0.0000	2.7219
1083	1.0000	0.6910	0.0000	2.7246
1084	1.0000	0.7093	0.0000	2.7269
1085	1.0000	0.7247	0.0000	2.7298
1086	1.0000	0.7522	0.0000	2.7320
1087	1.0000	0.7583	0.0000	2.7349
1088	1.0000	0.7459	0.0000	2.7370
1089	1.0000	0.7588	0.0000	2.7397
1090	1.0000	0.7742	0.0000	2.7426
1091	1.0000	0.7744	0.0000	2.7449
1092	1.0000	0.7693	0.0000	2.7477
1093	1.0000	0.7399	0.0000	2.7496
1094	1.0000	0.7432	0.0000	2.7522
1095	1.0000	0.7354	0.0000	2.7546
1096	1.0000	0.7701	0.0000	2.7572
1097	1.0000	0.7381	0.0000	2.7597
1098	1.0000	0.7529	0.0000	2.7618
1099	1.0000	0.7038	0.0000	2.7646
1100	1.0000	0.7518	0.0000	2.7666
1101	1.0000	0.7957	0.0000	2.7687
1102	1.0000	0.7861	0.0000	2.7713
1103	1.0000	0.8002	0.0000	2.7735
1104	1.0000	0.7987	0.0000	2.7763
1105	1.0000	0.8029	0.0000	2.7783
1106	1.0000	0.7650	0.0000	2.7805
1107	1.0000	0.7935	0.0000	2.7831
1108	1.0000	0.7873	0.0000	2.7854
1109	1.0000	0.7835	0.0000	2.7880
1110	1.0000	0.7814	0.0000	2.7905
1111	1.0000	0.7688	0.0000	2.7927
1112	1.0000	0.7242	0.0000	2.7955
1113	1.0000	0.7441	0.0000	2.7976
1114	1.0000	0.7351	0.0000	2.8002
1115	1.0000	0.6760	0.0000	2.8023
1116	1.0000	0.7326	0.0000	2.8044
1117	1.0000	0.7359	0.0000	2.8071
1118	1.0000	0.7051	0.0000	2.8091
1119	1.0000	0.7545	0.0000	2.8117
1120	1.0000	0.7121	0.0000	2.8139
1121	1.0000	0.7004	0.0000	2.8158
1122	1.0000	0.7427	0.0000	2.8183
1123	1.0000	0.7328	0.0000	2.8201
1124	1.0000	0.7236	0.0000	2.8224
1125	1.0000	0.7463	0.0000	2.8251
1126	1.0000	0.7637	0.0000	2.8274
1127	1.0000	0.7612	0.0000	2.8304
1128	1.0000	0.7796	0.0000	2.8333
1129	1.0000	0.7586	0.0000	2.8364
1130	1.0000	0.7531	0.0000	2.8385
1131	1.0000	0.7519	0.0000	2.8415
1132	1.0000	0.7894	0.0000	2.8437
1133	1.0000	0.7997	0.0000	2.8466
1134	1.0000	0.7343	0.0000	2.8488
1135	1.0000	0.7726	0.0000	2.8508
1136	1.0000	0.7792	0.0000	2.8534
1137	1.0000	0.7975	0.0000	2.8554
1138	1.0000	0.7743	0.0000	2.8579
1139	1.0000	0.7768	0.0000	2.8601
1140	1.0000	0.7795	0.0000	2.8621
1141	1.0000	0.7934	0.0000	2.8646
1142	1.0000	0.7712	0.0000	2.8665
1143	1.0000	0.7662	0.0000	2.8687
1144	1.0000	0.7751	0.0000	2.8710
1145	1.0000	0.7697	0.0000	2.8727
1146	1.0000	0.7839	0.0000	2.8748
1147	1.0000	0.7632	0.0000	2.8771
1148	1.0000	0.7761	0.0000	2.8791
1149	1.0000	0.7659	0.0000	2.8820
1150	1.0000	0.7563	0.0000	2.8841
1151	1.0000	0.7823	0.0000	2.8864
1152	1.0000	0.7682	0.0000	2.8889
1153	1.0000	0.8182	0.0000	2.8911
1154	1.0000	0.8287	0.0000	2.8938
1155	1.0000	0.7874	0.0000	2.8959
1156	1.0000	0.8131	0.0000	2.8980
1157	1.0000	0.8069	0.0000	2.9008
1158	1.0000	0.8405	0.0000	2.9031
1159	1.0000	0.7975	0.0000	2.9060
1160	1.0000	0.7667	0.0000	2.9082
1161	1.0000	0.8046	0.0000	2.9110
1162	1.0000	0.7978	0.0000	2.9134
1163	1.0000	0.7803	0.0000	2.9160
1164	1.0000	0.7791	0.0000	2.9190
1165	1.0000	0.7599	0.0000	2.9213
1166	1.0000	0.7802	0.0000	2.9244
1167	1.0000	0.7981	0.0000	2.9268
1168	1.0000	0.8208	0.0000	2.9296
1169	1.0000	0.7759	0.0000	2.9316
1170	1.0000	0.7654	0.0000	2.9336
1171	1.0000	0.7533	0.0000	2.9363
1172	1.0000	0.7869	0.0000	2.9383
1173	1.0000	0.7460	0.0000	2.9410
1174	1.0000	0.7299	0.0000	2.9430
1175	1.0000	0.7750	0.0000	2.9450
1176	1.0000	0.7741	0.0000	2.9476
1177	1.0000	0.7555	0.0000	2.9496
1178	1.0000	0.7620	0.0000	2.9521
1179	1.0000	0.7911	0.0000	2.9544
1180	1.0000	0.7752	0.0000	2.9567
1181	1.0000	0.7757	0.0000	2.9595
1182	1.0000	0.7732	0.0000	2.9621
1183	1.0000	0.7530	0.0000	2.9652
1184	1.0000	0.7556	0.0000	2.9675
1185	1.0000	0.7087	0.0000	2.9699
1186	1.0000	0.7330	0.0000	2.9727
1187	1.0000	0.7598	0.0000	2.9763
1188	1.0000	0.7538	0.0000	2.9790
1189	1.0000	0.7255	0.0000	2.9812
1190	1.0000	0.7687	0.0000	2.9841
1191	1.0000	0.7299	0.0000	2.9861
1192	1.0000	0.8036	0.0000	2.9880
1193	1.0000	0.7882	0.0000	2.9907
1194	1.0000	0.7750	0.0000	2.9931
1195	1.0000	0.7619	0.0000	2.9957
1196	1.0000	0.7954	0.0000	2.9979
1197	1.0000	0.8227	0.0000	3.0000
1198	1.0000	0.8068	0.0000	3.0029
1199	1.0000	0.8205	0.0000	3.0052
1200	1.0000	0.7623	0.0000	3.0080
1201	1.0000	0.7798	0.0000	3.0103
1202	1.0000	0.7670	0.0000	3.0131
1203	1.0000	0.7738	0.0000	3.0156
1204	1.0000	0.7803	0.0000	3.0185
1205	1.0000	0.7628	0.0000	3.0215
1206	1.0000	0.7832	0.0000	3.0240
1207	1.0000	0.7744	0.0000	3.0271
1208	1.0000	0.7343	0.0000	3.0293
1209	1.0000	0.7821	0.0000	3.0322
1210	1.0000	0.7761	0.0000	3.0343
1211	1.0000	0.7707	0.0000	3.0372
1212	1.0000	0.7548	0.0000	3.0396
1213	1.0000	0.7787	0.0000	3.0419
1214	1.0000	0.7368	0.0000	3.0449
1215	1.0000	0.7228	0.0000	3.0471
1216	1.0000	0.7774	0.0000	3.0501
1217	1.0000	0.7700	0.0000	3.0523
1218	1.0000	0.7264	0.0000	3.0547
1219	1.0000	0.7300	0.0000	3.0572
1220	1.0000	0.7349	0.0000	3.0592
1221	1.0000	0.7706	0.0000	3.0619
1222	1.0000	0.7247	0.0000	3.0640
1223	1.0000	0.7577	0.0000	3.0659
1224	1.0000	0.7711	0.0000	3.0684
1225	1.0000	0.8267	0.0000	3.0703
1226	1.0000	0.7964	0.0000	3.0725
1227	1.0000	0.7828	0.0000	3.0752
1228	1.0000	0.7951	0.0000	3.0774
1229	1.0000	0.7525	0.0000	3.0796
1230	1.0000	0.7445	0.0000	3.0822
1231	1.0000	0.7717	0.0000	3.0846
1232	1.0000	0.7861	0.0000	3.0876
1233	1.0000	0.7790	0.0000	3.0899
1234	1.0000	0.7841	0.0000	3.0928
1235	1.0000	0.7772	0.0000	3.0955
1236	1.0000	0.7301	0.0000	3.0981
1237	1.0000	0.7417	0.0000	3.1010
1238	1.0000	0.7436	0.0000	3.1030
1239	1.0000	0.7087	0.0000	3.1056
1240	1.0000	0.6663	0.0000	3.1078
1241	1.0000	0.6880	0.0000	3.1100
1242	1.0000	0.6813	0.0000	3.1127
1243	1.0000	0.7008	0.0000	3.1149
1244	1.0000	0.6927	0.0000	3.1177
1245	1.0000	0.7206	0.0000	3.1199
1246	1.0000	0.7461	0.0000	3.1225
1247	1.0000	0.6939	0.0000	3.1251
1248	1.0000	0.7570	0.0000	3.1274
1249	1.0000	0.7165	0.0000	3.1302
1250	1.0000	0.7418	0.0000	3.1324
1251	1.0000	0.7732	0.0000	3.1355
1252	1.0000	0.7259	0.0000	3.1379
1253	1.0000	0.7714	0.0000	3.1408
1254	1.0000	0.7479	0.0000	3.1434
1255	1.0000	0.6903	0.0000	3.1461
1256	1.0000	0.7200	0.0000	3.1488
1257	1.0000	0.7141	0.0000	3.1509
1258	1.0000	0.7562	0.0000	3.1531
1259	1.0000	0.7730	0.0000	3.1554
1260	1.0000	0.7514	0.0000	3.1576
1261	1.0000	0.8014	0.0000	3.1603
1262	1.0000	0.7957	0.0000	3.1624
1263	1.0000	0.7850	0.0000	3.1646
1264	1.0000	0.7771	0.0000	3.1673
1265	1.0000	0.7871	0.0000	3.1697
1266	1.0000	0.7590	0.0000	3.1718
1267	1.0000	0.7882	0.0000	3.1746
1268	1.0000	0.7874	0.0000	3.1768
1269	1.0000	0.7687	0.0000	3.1794
1270	1.0000	0.7405	0.0000	3.1816
1271	1.0000	0.7077	0.0000	3.1836
1272	1.0000	0.7358	0.0000	3.1863
1273	1.0000	0.7495	0.0000	3.1881
1274	1.0000	0.7562	0.0000	3.1898
1275	1.0000	0.7962	0.0000	3.1923
1276	1.0000	0.7512	0.0000	3.1941
1277	1.0000	0.7708	0.0000	3.1961
1278	1.0000	0.7809	0.0000	3.1987
1279	1.0000	0.7701	0.0000	3.2008
1280	1.0000	0.7271	0.0000	3.2028
1281	1.0000	0.7695	0.0000	3.2056
1282	1.0000	0.7327	0.0000	3.2080
1283	1.0000	0.7614	0.0000	3.2111
1284	1.0000	0.7301	0.0000	3.2136
1285	1.0000	0.7043	0.0000	3.2160
1286	1.0000	0.7200	0.0000	3.2190
1287	1.0000	0.7047	0.0000	3.2212
1288	1.0000	0.7560	0.0000	3.2240
1289	1.0000	0.7132	0.0000	3.2265
1290	1.0000	0.7632	0.0000	3.2287
1291	1.0000	0.7628	0.0000	3.2316
1292	1.0000	0.7397	0.0000	3.2340
1293	1.0000	0.7546	0.0000	3.2372
1294	1.0000	0.7266	0.0000	3.2395
1295	1.0000	0.7157	0.0000	3.2425
1296	1.0000	0.7549	0.0000	3.2451
1297	1.0000	0.7130	0.0000	3.2473
1298	1.0000	0.6827	0.0000	3.2504
1299	1.0000	0.6977	0.0000	3.2529
1300	1.0000	0.7155	0.0000	3.2561
1301	1.0000	0.7227	0.0000	3.2585
1302	1.0000	0.7559	0.0000	3.2608
1303	1.0000	0.7366	0.0000	3.2636
1304	1.0000	0.6881	0.0000	3.2658
1305	1.0000	0.7226	0.0000	3.2682
1306	1.0000	0.7119	0.0000	3.2707
1307	1.0000	0.7417	0.0000	3.2730
1308	1.0000	0.7349	0.0000	3.2759
1309	1.0000	0.7490	0.0000	3.2781
1310	1.0000	0.7699	0.0000	3.2809
1311	1.0000	0.7462	0.0000	3.2837
1312	1.0000	0.7528	0.0000	3.2859
1313	1.0000	0.7311	0.0000	3.2888
1314	1.0000	0.7560	0.0000	3.2911
1315	1.0000	0.7611	0.0000	3.2939
1316	1.0000	0.7498	0.0000	3.2964
1317	1.0000	0.7211	0.0000	3.2985
1318	1.0000	0.7007	0.0000	3.3013
1319	1.0000	0.7011	0.0000	3.3033
1320	1.0000	0.7275	0.0000	3.3052
1321	1.0000	0.7869	0.0000	3.3078
1322	1.0000	0.7748	0.0000	3.3099
1323	1.0000	0.7501	0.0000	3.3119
1324	1.0000	0.7249	0.0000	3.3145
1325	1.0000	0.8028	0.0000	3.3167
1326	1.0000	0.7726	0.0000	3.3194
1327	1.0000	0.7516	0.0000	3.3220
1328	1.0000	0.8102	0.0000	3.3244
1329	1.0000	0.7924	0.0000	3.3276
1330	1.0000	0.7819	0.0000	3.3300
1331	1.0000	0.7440	0.0000	3.3330
1332	1.0000	0.6889	0.0000	3.3353
1333	1.0000	0.6613	0.0000	3.3377
1334	1.0000	0.7010	0.0000	3.3406
1335	1.0000	0.7113	0.0000	3.3430
1336	1.0000	0.7202	0.0000	3.3459
1337	1.0000	0.7489	0.0000	3.3481
1338	1.0000	0.7456	0.0000	3.3504
1339	1.0000	0.7174	0.0000	3.3542
1340	1.0000	0.7475	0.0000	3.3563
1341	1.0000	0.7766	0.0000	3.3593
1342	1.0000	0.7387	0.0000	3.3616
1343	1.0000	0.7403	0.0000	3.3646
1344	1.0000	0.7703	0.0000	3.3671
1345	1.0000	0.7448	0.0000	3.3695
1346	1.0000	0.7536	0.0000	3.3728
1347	1.0000	0.7219	0.0000	3.3755
1348	1.0000	0.7528	0.0000	3.3787
1349	1.0000	0.7766	0.0000	3.3819
1350	1.0000	0.7865	0.0000	3.3853
1351	1.0000	0.7859	0.0000	3.3880
1352	1.0000	0.7134	0.0000	3.3915
1353	1.0000	0.6996	0.0000	3.3945
1354	1.0000	0.7274	0.0000	3.3973
1355	1.0000	0.6999	0.0000	3.3999
1356	1.0000	0.7098	0.0000	3.4022
1357	1.0000	0.7524	0.0000	3.4050
1358	1.0000	0.7221	0.0000	3.4074
1359	1.0000	0.7582	0.0000	3.4107
1360	1.0000	0.7434	0.0000	3.4131
1361	1.0000	0.7540	0.0000	3.4152
1362	1.0000	0.7513	0.0000	3.4181
1363	1.0000	0.7440	0.0000	3.4204
1364	1.0000	0.7038	0.0000	3.4229
1365	1.0000	0.7722	0.0000	3.4257
1366	1.0000	0.7325	0.0000	3.4282
1367	1.0000	0.6964	0.0000	3.4313
1368	1.0000	0.6954	0.0000	3.4336
1369	1.0000	0.6640	0.0000	3.4363
1370	1.0000	0.6222	0.0000	3.4391
1371	1.0000	0.6784	0.0000	3.4415
1372	1.0000	0.6898	0.0000	3.4444
1373	1.0000	0.6569	0.0000	3.4467
1374	1.0000	0.6900	0.0000	3.4500
1375	1.0000	0.6873	0.0000	3.4523
1376	1.0000	0.6724	0.0000	3.4549
1377	1.0000	0.7336	0.0000	3.4577
1378	1.0000	0.6931	0.0000	3.4603
1379	1.0000	0.6759	0.0000	3.4635
1380	1.0000	0.7512	0.0000	3.4660
1381	1.0000	0.7267	0.0000	3.4693
1382	1.0000	0.7447	0.0000	3.4722
1383	1.0000	0.7171	0.0000	3.4757
1384	1.0000	0.7175	0.0000	3.4784
1385	1.0000	0.6962	0.0000	3.4816
1386	1.0000	0.6901	0.0000	3.4845
1387	1.0000	0.7183	0.0000	3.4878
1388	1.0000	0.6780	0.0000	3.4904
1389	1.0000	0.7012	0.0000	3.4932
1390	1.0000	0.6712	0.0000	3.4963
1391	1.0000	0.6906	0.0000	3.4987
1392	1.0000	0.6830	0.0000	3.5016
1393	1.0000	0.6571	0.0000	3.5039
1394	1.0000	0.6770	0.0000	3.5073
1395	1.0000	0.6375	0.0000	3.5096
1396	1.0000	0.6630	0.0000	3.5118
1397	1.0000	0.6902	0.0000	3.5148
1398	1.0000	0.6587	0.0000	3.5178
1399	1.0000	0.6960	0.0000	3.5211
1400	1.0000	0.7018	0.0000	3.5237
1401	1.0000	0.6952	0.0000	3.5264
1402	1.0000	0.7061	0.0000	3.5298
1403	1.0000	0.6619	0.0000	3.5331
1404	1.0000	0.7047	0.0000	3.5364
1405	1.0000	0.7123	0.0000	3.5392
1406	1.0000	0.7330	0.0000	3.5428
1407	1.0000	0.7352	0.0000	3.5455
1408	1.0000	0.7263	0.0000	3.5484
1409	1.0000	0.7409	0.0000	3.5507
1410	1.0000	0.6917	0.0000	3.5533
1411	1.0000	0.6823	0.0000	3.5556
1412	1.0000	0.7406	0.0000	3.5578
1413	1.0000	0.7423	0.0000	3.5605
1414	1.0000	0.7317	0.0000	3.5628
1415	1.0000	0.7417	0.0000	3.5657
1416	1.0000	0.6942	0.0000	3.5683
1417	1.0000	0.7053	0.0000	3.5707
1418	1.0000	0.7123	0.0000	3.5738
1419	1.0000	0.7158	0.0000	3.5761
1420	1.0000	0.7241	0.0000	3.5789
1421	1.0000	0.7069	0.0000	3.5812
1422	1.0000	0.7075	0.0000	3.5843
1423	1.0000	0.7124	0.0000	3.5877
1424	1.0000	0.7631	0.0000	3.5906
1425	1.0000	0.7084	0.0000	3.5936
1426	1.0000	0.7316	0.0000	3.5963
1427	1.0000	0.7331	0.0000	3.5990
1428	1.0000	0.7321	0.0000	3.6026
1429	1.0000	0.7577	0.0000	3.6059
1430	1.0000	0.7156	0.0000	3.6093
1431	1.0000	0.7193	0.0000	3.6124
1432	1.0000	0.7178	0.0000	3.6149
1433	1.0000	0.7322	0.0000	3.6177
1434	1.0000	0.7719	0.0000	3.6201
1435	1.0000	0.7523	0.0000	3.6232
1436	1.0000	0.7704	0.0000	3.6254
1437	1.0000	0.7593	0.0000	3.6277
1438	1.0000	0.7347	0.0000	3.6308
1439	1.0000	0.7730	0.0000	3.6331
1440	1.0000	0.7688	0.0000	3.6357
1441	1.0000	0.7448	0.0000	3.6384
1442	1.0000	0.7931	0.0000	3.6408
1443	1.0000	0.7580	0.0000	3.6438
1444	1.0000	0.7927	0.0000	3.6461
1445	1.0000	0.7468	0.0000	3.6483
1446	1.0000	0.7650	0.0000	3.6510
1447	1.0000	0.7865	0.0000	3.6530
1448	1.0000	0.7680	0.0000	3.6551
1449	1.0000	0.7516	0.0000	3.6578
1450	1.0000	0.7545	0.0000	3.6599
1451	1.0000	0.7728	0.0000	3.6629
1452	1.0000	0.7579	0.0000	3.6653
1453	1.0000	0.7607	0.0000	3.6675
1454	1.0000	0.7449	0.0000	3.6705
1455	1.0000	0.7788	0.0000	3.6726
1456	1.0000	0.7672	0.0000	3.6748
1457	1.0000	0.8021	0.0000	3.6785
1458	1.0000	0.7652	0.0000	3.6813
1459	1.0000	0.7655	0.0000	3.6848
1460	1.0000	0.7819	0.0000	3.6877
1461	1.0000	0.7382	0.0000	3.6902
1462	1.0000	0.7478	0.0000	3.6938
1463	1.0000	0.7727	0.0000	3.6972
1464	1.0000	0.7492	0.0000	3.7008
1465	1.0000	0.7719	0.0000	3.7035
1466	1.0000	0.7401	0.0000	3.7060
1467	1.0000	0.7827	0.0000	3.7088
1468	1.0000	0.7550	0.0000	3.7114
1469	1.0000	0.7435	0.0000	3.7142
1470	1.0000	0.7790	0.0000	3.7169
1471	1.0000	0.7742	0.0000	3.7190
1472	1.0000	0.7601	0.0000	3.7220
1473	1.0000	0.7332	0.0000	3.7240
1474	1.0000	0.7488	0.0000	3.7261
1475	1.0000	0.7115	0.0000	3.7288
1476	1.0000	0.7330	0.0000	3.7307
1477	1.0000	0.7623	0.0000	3.7330
1478	1.0000	0.7441	0.0000	3.7356
1479	1.0000	0.7424	0.0000	3.7379
1480	1.0000	0.7727	0.0000	3.7406
1481	1.0000	0.7712	0.0000	3.7428
1482	1.0000	0.7655	0.0000	3.7455
1483	1.0000	0.7429	0.0000	3.7483
1484	1.0000	0.7869	0.0000	3.7505
1485	1.0000	0.7407	0.0000	3.7539
1486	1.0000	0.7825	0.0000	3.7564
1487	1.0000	0.7928	0.0000	3.7587
1488	1.0000	0.7411	0.0000	3.7617
1489	1.0000	0.7238	0.0000	3.7641
1490	1.0000	0.8058	0.0000	3.7669
1491	1.0000	0.8032	0.0000	3.7693
1492	1.0000	0.8029	0.0000	3.7721
1493	1.0000	0.8174	0.0000	3.7747
1494	1.0000	0.7933	0.0000	3.7769
1495	1.0000	0.8235	0.0000	3.7800
1496	1.0000	0.8033	0.0000	3.7824
1497	1.0000	0.7525	0.0000	3.7848
1498	1.0000	0.7625	0.0000	3.7873
1499	1.0000	0.7151	0.0000	3.7895
1500	1.0000	0.7335	0.0000	3.7923
1501	1.0000	0.7224	0.0000	3.7946
1502	1.0000	0.7731	0.0000	3.7969
1503	1.0000	0.7118	0.0000	3.7996
1504	1.0000	0.7533	0.0000	3.8022
1505	1.0000	0.7501	0.0000	3.8047
1506	1.0000	0.7396	0.0000	3.8076
1507	1.0000	0.7461	0.0000	3.8099
1508	1.0000	0.7491	0.0000	3.8130
1509	1.0000	0.7496	0.0000	3.8155
1510	1.0000	0.7735	0.0000	3.8181
1511	1.0000	0.7579	0.0000	3.8214
1512	1.0000	0.7663	0.0000	3.8239
1513	1.0000	0.7540	0.0000	3.8271
1514	1.0000	0.7316	0.0000	3.8298
1515	1.0000	0.7533	0.0000	3.8329
1516	1.0000	0.7375	0.0000	3.8355
1517	1.0000	0.7876	0.0000	3.8375
1518	1.0000	0.7573	0.0000	3.8401
1519	1.0000	0.7597	0.0000	3.8421
1520	1.0000	0.7425	0.0000	3.8446
1521	1.0000	0.7348	0.0000	3.8476
1522	1.0000	0.7240	0.0000	3.8500
1523	1.0000	0.7470	0.0000	3.8527
1524	1.0000	0.7157	0.0000	3.8558
1525	1.0000	0.7549	0.0000	3.8590
1526	1.0000	0.7538	0.0000	3.8626
1527	1.0000	0.7041	0.0000	3.8653
1528	1.0000	0.7413	0.0000	3.8680
1529	1.0000	0.7464	0.0000	3.8719
1530	1.0000	0.7418	0.0000	3.8754
1531	1.0000	0.7429	0.0000	3.8785
1532	1.0000	0.7548	0.0000	3.8808
1533	1.0000	0.7705	0.0000	3.8832
1534	1.0000	0.7263	0.0000	3.8855
1535	1.0000	0.7590	0.0000	3.8876
1536	1.0000	0.7779	0.0000	3.8903
1537	1.0000	0.7440	0.0000	3.8926
1538	1.0000	0.7519	0.0000	3.8946
1539	1.0000	0.7752	0.0000	3.8972
1540	1.0000	0.7800	0.0000	3.8993
1541	1.0000	0.7875	0.0000	3.9019
1542	1.0000	0.7652	0.0000	3.9042
1543	1.0000	0.7802	0.0000	3.9063
1544	1.0000	0.7789	0.0000	3.9089
1545	1.0000	0.7427	0.0000	3.9114
1546	1.0000	0.7373	0.0000	3.9135
1547	1.0000	0.7395	0.0000	3.9166
1548	1.0000	0.6956	0.0000	3.9190
1549	1.0000	0.7106	0.0000	3.9216
1550	1.0000	0.7772	0.0000	3.9243
1551	1.0000	0.7261	0.0000	3.9268
1552	1.0000	0.7173	0.0000	3.9299
1553	1.0000	0.7926	0.0000	3.9322
1554	1.0000	0.7660	0.0000	3.9346
1555	1.0000	0.7329	0.0000	3.9376
1556	1.0000	0.7602	0.0000	3.9402
1557	1.0000	0.7390	0.0000	3.9432
1558	1.0000	0.7806	0.0000	3.9457
1559	1.0000	0.7743	0.0000	3.9480
1560	1.0000	0.7361	0.0000	3.9508
1561	1.0000	0.7181	0.0000	3.9532
1562	1.0000	0.7761	0.0000	3.9556
1563	1.0000	0.7225	0.0000	3.9583
1564	1.0000	0.6995	0.0000	3.9605
1565	1.0000	0.6952	0.0000	3.9630
1566	1.0000	0.7124	0.0000	3.9660
1567	1.0000	0.7066	0.0000	3.9685
1568	1.0000	0.7209	0.0000	3.9711
1569	1.0000	0.7747	0.0000	3.9739
1570	1.0000	0.6955	0.0000	3.9760
1571	1.0000	0.7270	0.0000	3.9789
1572	1.0000	0.7401	0.0000	3.9817
1573	1.0000	0.7509	0.0000	3.9840
1574	1.0000	0.7509	0.0000	3.9870
1575	1.0000	0.7262	0.0000	3.9894
1576	1.0000	0.7591	0.0000	3.9919
1577	1.0000	0.7027	0.0000	3.9951
1578	1.0000	0.7479	0.0000	3.9980
1579	1.0000	0.7581	0.0000	4.0011
1580	1.0000	0.7569	0.0000	4.0034
1581	1.0000	0.7451	0.0000	4.0060
1582	1.0000	0.7461	0.0000	4.0085
1583	1.0000	0.7227	0.0000	4.0110
1584	1.0000	0.7719	0.0000	4.0141
1585	1.0000	0.7653	0.0000	4.0165
1586	1.0000	0.7401	0.0000	4.0196
1587	1.0000	0.7723	0.0000	4.0220
1588	1.0000	0.7649	0.0000	4.0248
1589	1.0000	0.7212	0.0000	4.0273
1590	1.0000	0.7576	0.0000	4.0296
1591	1.0000	0.7494	0.0000	4.0326
1592	1.0000	0.7685	0.0000	4.0351
1593	1.0000	0.7447	0.0000	4.0380
1594	1.0000	0.7730	0.0000	4.0405
1595	1.0000	0.7431	0.0000	4.0426
1596	1.0000	0.7360	0.0000	4.0454
1597	1.0000	0.7461	0.0000	4.0476
1598	1.0000	0.7854	0.0000	4.0506
1599	1.0000	0.7991	0.0000	4.0534
1600	1.0000	0.8033	0.0000	4.0564
1601	1.0000	0.7759	0.0000	4.0593
1602	1.0000	0.7688	0.0000	4.0617
1603	1.0000	0.7682	0.0000	4.0649
1604	1.0000	0.7167	0.0000	4.0676
1605	1.0000	0.7158	0.0000	4.0707
1606	1.0000	0.6933	0.0000	4.0731
1607	1.0000	0.7156	0.0000	4.0761
1608	1.0000	0.7159	0.0000	4.0785
1609	1.0000	0.7261	0.0000	4.0815
1610	1.0000	0.7763	0.0000	4.0839
1611	1.0000	0.7345	0.0000	4.0861
1612	1.0000	0.7830	0.0000	4.0896
1613	1.0000	0.7573	0.0000	4.0926
1614	1.0000	0.7629	0.0000	4.0958
1615	1.0000	0.7809	0.0000	4.0992
1616	1.0000	0.6669	0.0000	4.1022
1617	1.0000	0.7051	0.0000	4.1052
1618	1.0000	0.7593	0.0000	4.1082
1619	1.0000	0.7633	0.0000	4.1116
1620	1.0000	0.7222	0.0000	4.1145
1621	1.0000	0.7862	0.0000	4.1184
1622	1.0000	0.7980	0.0000	4.1212
1623	1.0000	0.7744	0.0000	4.1238
1624	1.0000	0.7459	0.0000	4.1271
1625	1.0000	0.7752	0.0000	4.1298
1626	1.0000	0.7824	0.0000	4.1339
1627	1.0000	0.7620	0.0000	4.1370
1628	1.0000	0.7976	0.0000	4.1393
1629	1.0000	0.8129	0.0000	4.1428
1630	1.0000	0.7868	0.0000	4.1455
1631	1.0000	0.8062	0.0000	4.1487
1632	1.0000	0.7620	0.0000	4.1510
1633	1.0000	0.7127	0.0000	4.1536
1634	1.0000	0.7786	0.0000	4.1564
1635	1.0000	0.7572	0.0000	4.1585
1636	1.0000	0.7569	0.0000	4.1612
1637	1.0000	0.7681	0.0000	4.1637
1638	1.0000	0.7597	0.0000	4.1658
1639	1.0000	0.7481	0.0000	4.1685
1640	1.0000	0.7349	0.0000	4.1706
1641	1.0000	0.7558	0.0000	4.1728
1642	1.0000	0.7539	0.0000	4.1754
1643	1.0000	0.7795	0.0000	4.1778
1644	1.0000	0.7289	0.0000	4.1803
1645	1.0000	0.7095	0.0000	4.1835
1646	1.0000	0.7517	0.0000	4.1864
1647	1.0000	0.7282	0.0000	4.1896
1648	1.0000	0.7249	0.0000	4.1926
1649	1.0000	0.7043	0.0000	4.1958
1650	1.0000	0.6995	0.0000	4.1985
1651	1.0000	0.7264	0.0000	4.2011
1652	1.0000	0.7330	0.0000	4.2040
1653	1.0000	0.7052	0.0000	4.2061
1654	1.0000	0.7086	0.0000	4.2084
1655	1.0000	0.7260	0.0000	4.2113
1656	1.0000	0.6764	0.0000	4.2137
1657	1.0000	0.7585	0.0000	4.2167
1658	1.0000	0.7018	0.0000	4.2188
1659	1.0000	0.7360	0.0000	4.2210
1660	1.0000	0.7912	0.0000	4.2236
1661	1.0000	0.7521	0.0000	4.2257
1662	1.0000	0.7172	0.0000	4.2285
1663	1.0000	0.7584	0.0000	4.2309
1664	1.0000	0.7551	0.0000	4.2330
1665	1.0000	0.6904	0.0000	4.2358
1666	1.0000	0.7484	0.0000	4.2383
1667	1.0000	0.7157	0.0000	4.2406
1668	1.0000	0.7045	0.0000	4.2432
1669	1.0000	0.7476	0.0000	4.2457
1670	1.0000	0.7538	0.0000	4.2487
1671	1.0000	0.7474	0.0000	4.2513
1672	1.0000	0.7461	0.0000	4.2542
1673	1.0000	0.7283	0.0000	4.2567
1674	1.0000	0.6920	0.0000	4.2603
1675	1.0000	0.7617	0.0000	4.2643
1676	1.0000	0.7131	0.0000	4.2676
1677	1.0000	0.7120	0.0000	4.2710
1678	1.0000	0.7405	0.0000	4.2744
1679	1.0000	0.7053	0.0000	4.2779
1680	1.0000	0.7174	0.0000	4.2808
1681	1.0000	0.7672	0.0000	4.2835
1682	1.0000	0.7501	0.0000	4.2865
1683	1.0000	0.7212	0.0000	4.2887
1684	1.0000	0.7148	0.0000	4.2911
1685	1.0000	0.7061	0.0000	4.2940
1686	1.0000	0.7228	0.0000	4.2963
1687	1.0000	0.7047	0.0000	4.2987
1688	1.0000	0.7008	0.0000	4.3021
1689	1.0000	0.7341	0.0000	4.3042
1690	1.0000	0.6724	0.0000	4.3069
1691	1.0000	0.7026	0.0000	4.3090
1692	1.0000	0.6982	0.0000	4.3110
1693	1.0000	0.7168	0.0000	4.3129
1694	1.0000	0.7172	0.0000	4.3153
1695	1.0000	0.7248	0.0000	4.3170
1696	1.0000	0.6594	0.0000	4.3188
1697	1.0000	0.7010	0.0000	4.3214
1698	1.0000	0.6953	0.0000	4.3235
1699	1.0000	0.7166	0.0000	4.3257
1700	1.0000	0.7188	0.0000	4.3281
1701	1.0000	0.7133	0.0000	4.3301
1702	1.0000	0.6492	0.0000	4.3323
1703	1.0000	0.7161	0.0000	4.3348
1704	1.0000	0.7337	0.0000	4.3373
1705	1.0000	0.7408	0.0000	4.3404
1706	1.0000	0.7622	0.0000	4.3431
1707	1.0000	0.7444	0.0000	4.3464
1708	1.0000	0.7343	0.0000	4.3487
1709	1.0000	0.7057	0.0000	4.3525
1710	1.0000	0.6905	0.0000	4.3557
1711	1.0000	0.7330	0.0000	4.3593
1712	1.0000	0.7024	0.0000	4.3630
1713	1.0000	0.7057	0.0000	4.3666
1714	1.0000	0.6371	0.0000	4.3690
1715	1.0000	0.6529	0.0000	4.3721
1716	1.0000	0.7224	0.0000	4.3747
1717	1.0000	0.7408	0.0000	4.3771
1718	1.0000	0.7194	0.0000	4.3800
1719	1.0000	0.6864	0.0000	4.3827
1720	1.0000	0.6950	0.0000	4.3860
1721	1.0000	0.7437	0.0000	4.3886
1722	1.0000	0.6946	0.0000	4.3916
1723	1.0000	0.7202	0.0000	4.3940
1724	1.0000	0.6821	0.0000	4.3970
1725	1.0000	0.7299	0.0000	4.3996
1726	1.0000	0.7024	0.0000	4.4021
1727	1.0000	0.6880	0.0000	4.4053
1728	1.0000	0.6918	0.0000	4.4077
1729	1.0000	0.7160	0.0000	4.4115
1730	1.0000	0.7314	0.0000	4.4144
1731	1.0000	0.7316	0.0000	4.4179
1732	1.0000	0.6768	0.0000	4.4213
1733	1.0000	0.7159	0.0000	4.4253
1734	1.0000	0.7080	0.0000	4.4279
1735	1.0000	0.6800	0.0000	4.4311
1736	1.0000	0.6898	0.0000	4.4342
1737	1.0000	0.7298	0.0000	4.4374
1738	1.0000	0.7523	0.0000	4.4410
1739	1.0000	0.7946	0.0000	4.4449
1740	1.0000	0.7876	0.0000	4.4487
1741	1.0000	0.7623	0.0000	4.4536
1742	1.0000	0.7791	0.0000	4.4574
1743	0.9996	0.7159	0.0000	4.4613
1744	0.9996	0.7168	0.0000	4.4651
1745	0.9996	0.7008	0.0000	4.4693
1746	0.9996	0.6933	0.0000	4.4724
1747	0.9998	0.7358	0.0000	4.4760
1748	0.9998	0.7129	0.0000	4.4791
1749	1.0000	0.6974	0.0000	4.4823
1750	1.0000	0.6992	0.0000	4.4855
1751	1.0000	0.6864	0.0000	4.4892
1752	1.0000	0.7265	0.0000	4.4927
1753	1.0000	0.6829	0.0000	4.4962
1754	1.0000	0.7057	0.0000	4.4993
1755	1.0000	0.7113	0.0000	4.5027
1756	1.0000	0.7508	0.0000	4.5057
1757	1.0000	0.7357	0.0000	4.5089
1758	1.0000	0.7474	0.0000	4.5118
1759	1.0000	0.7398	0.0000	4.5153
1760	1.0000	0.6785	0.0000	4.5178
1761	1.0000	0.6701	0.0000	4.5212
1762	1.0000	0.6498	0.0000	4.5239
1763	1.0000	0.6491	0.0000	4.5273
1764	1.0000	0.7115	0.0000	4.5300
1765	1.0000	0.7411	0.0000	4.5334
1766	1.0000	0.6923	0.0000	4.5358
1767	1.0000	0.6865	0.0000	4.5390
1768	1.0000	0.7150	0.0000	4.5414
1769	1.0000	0.6922	0.0000	4.5448
1770	1.0000	0.6969	0.0000	4.5476
1771	1.0000	0.6794	0.0000	4.5509
1772	1.0000	0.7185	0.0000	4.5535
1773	1.0000	0.6945	0.0000	4.5563
1774	1.0000	0.7094	0.0000	4.5603
1775	1.0000	0.7361	0.0000	4.5641
1776	1.0000	0.7193	0.0000	4.5676
1777	1.0000	0.7385	0.0000	4.5711
1778	1.0000	0.7347	0.0000	4.5741
1779	1.0000	0.7089	0.0000	4.5768
1780	1.0000	0.7574	0.0000	4.5799
1781	1.0000	0.7135	0.0000	4.5823
1782	1.0000	0.7005	0.0000	4.5861
1783	1.0000	0.7294	0.0000	4.5886
1784	1.0000	0.6870	0.0000	4.5913
1785	1.0000	0.6578	0.0000	4.5944
1786	1.0000	0.6576	0.0000	4.5973
1787	1.0000	0.6637	0.0000	4.6006
1788	1.0000	0.6606	0.0000	4.6037
1789	1.0000	0.6686	0.0000	4.6077
1790	1.0000	0.6009	0.0000	4.6111
1791	1.0000	0.6576	0.0000	4.6151
1792	1.0000	0.6851	0.0000	4.6181
1793	1.0000	0.6817	0.0000	4.6217
1794	1.0000	0.6923	0.0000	4.6247
1795	1.0000	0.6775	0.0000	4.6284
1796	1.0000	0.6960	0.0000	4.6317
1797	1.0000	0.6703	0.0000	4.6357
1798	1.0000	0.6726	0.0000	4.6392
1799	1.0000	0.6819	0.0000	4.6438
1800	1.0000	0.6648	0.0000	4.6472
1801	1.0000	0.6212	0.0000	4.6506
1802	1.0000	0.6945	0.0000	4.6531
1803	1.0000	0.6806	0.0000	4.6565
1804	1.0000	0.6362	0.0000	4.6591
1805	1.0000	0.6364	0.0000	4.6624
1806	1.0000	0.6884	0.0000	4.6649
1807	1.0000	0.6197	0.0000	4.6677
1808	1.0000	0.6566	0.0000	4.6705
1809	1.0000	0.6436	0.0000	4.6731
1810	1.0000	0.7025	0.0000	4.6763
1811	1.0000	0.7282	0.0000	4.6791
1812	1.0000	0.7102	0.0000	4.6826
1813	1.0000	0.7424	0.0000	4.6854
1814	1.0000	0.7173	0.0000	4.6889
1815	1.0000	0.7673	0.0000	4.6919
1816	1.0000	0.7376	0.0000	4.6955
1817	1.0000	0.7312	0.0000	4.6983
1818	1.0000	0.7603	0.0000	4.7019
1819	1.0000	0.7651	0.0000	4.7049
1820	1.0000	0.7546	0.0000	4.7086
1821	1.0000	0.7034	0.0000	4.7114
1822	1.0000	0.7372	0.0000	4.7148
1823	1.0000	0.7707	0.0000	4.7176
1824	1.0000	0.7022	0.0000	4.7209
1825	1.0000	0.7360	0.0000	4.7232
1826	1.0000	0.7503	0.0000	4.7262
1827	1.0000	0.7397	0.0000	4.7286
1828	1.0000	0.7577	0.0000	4.7308
1829	1.0000	0.7516	0.0000	4.7336
1830	1.0000	0.7203	0.0000	4.7359
1831	1.0000	0.7546	0.0000	4.7390
1832	1.0000	0.7508	0.0000	4.7414
1833	1.0000	0.7484	0.0000	4.7442
1834	1.0000	0.6949	0.0000	4.7478
1835	1.0000	0.6822	0.0000	4.7505
1836	1.0000	0.7393	0.0000	4.7534
1837	1.0000	0.7017	0.0000	4.7558
1838	1.0000	0.6946	0.0000	4.7581
1839	1.0000	0.6961	0.0000	4.7611
1840	1.0000	0.7228	0.0000	4.7638
1841	1.0000	0.6804	0.0000	4.7673
1842	1.0000	0.7671	0.0000	4.7706
1843	0.9997	0.7179	0.0000	4.7738
1844	0.9997	0.6552	0.0000	4.7762
1845	0.9997	0.7233	0.0000	4.7790
1846	0.9997	0.7351	0.0000	4.7819
1847	0.9998	0.6954	0.0000	4.7844
1848	0.9998	0.7521	0.0000	4.7876
1849	0.9998	0.7155	0.0000	4.7903
1850	0.9998	0.7695	0.0000	4.7935
1851	0.9998	0.7519	0.0000	4.7964
1852	0.9999	0.7488	0.0000	4.7997
1853	0.9999	0.7361	0.0000	4.8023
1854	0.9999	0.7775	0.0000	4.8046
1855	0.9999	0.7315	0.0000	4.8078
1856	1.0000	0.7522	0.0000	4.8108
1857	1.0000	0.7709	0.0000	4.8146
1858	1.0000	0.7502	0.0000	4.8183
1859	1.0000	0.7287	0.0000	4.8212
1860	1.0000	0.6901	0.0000	4.8233
1861	1.0000	0.7178	0.0000	4.8255
1862	1.0000	0.7445	0.0000	4.8284
1863	1.0000	0.7108	0.0000	4.8306
1864	1.0000	0.7462	0.0000	4.8339
1865	1.0000	0.6970	0.0000	4.8364
1866	1.0000	0.7441	0.0000	4.8390
1867	1.0000	0.7463	0.0000	4.8418
1868	1.0000	0.7430	0.0000	4.8448
1869	1.0000	0.7622	0.0000	4.8481
1870	1.0000	0.7723	0.0000	4.8509
1871	1.0000	0.7385	0.0000	4.8530
1872	1.0000	0.7767	0.0000	4.8557
1873	1.0000	0.7445	0.0000	4.8581
1874	1.0000	0.7779	0.0000	4.8601
1875	1.0000	0.7686	0.0000	4.8629
1876	1.0000	0.6546	0.0000	4.8649
1877	1.0000	0.7293	0.0000	4.8672
1878	1.0000	0.7082	0.0000	4.8700
1879	1.0000	0.6891	0.0000	4.8719
1880	1.0000	0.6961	0.0000	4.8739
1881	1.0000	0.7432	0.0000	4.8767
1882	1.0000	0.7198	0.0000	4.8788
1883	1.0000	0.7479	0.0000	4.8810
1884	1.0000	0.7625	0.0000	4.8840
1885	1.0000	0.7759	0.0000	4.8862
1886	1.0000	0.7597	0.0000	4.8885
1887	1.0000	0.7950	0.0000	4.8913
1888	1.0000	0.7251	0.0000	4.8936
1889	1.0000	0.7042	0.0000	4.8968
1890	1.0000	0.7761	0.0000	4.8991
1891	1.0000	0.7452	0.0000	4.9014
1892	1.0000	0.7302	0.0000	4.9045
1893	1.0000	0.7173	0.0000	4.9073
1894	1.0000	0.7312	0.0000	4.9101
1895	1.0000	0.7587	0.0000	4.9126
1896	1.0000	0.7631	0.0000	4.9148
1897	1.0000	0.7638	0.0000	4.9177
1898	1.0000	0.7584	0.0000	4.9200
1899	1.0000	0.7918	0.0000	4.9225
1900	1.0000	0.8041	0.0000	4.9255
1901	1.0000	0.7970	0.0000	4.9280
1902	1.0000	0.7656	0.0000	4.9311
1903	1.0000	0.7557	0.0000	4.9335
1904	1.0000	0.7114	0.0000	4.9358
1905	1.0000	0.7237	0.0000	4.9387
1906	1.0000	0.6832	0.0000	4.9409
1907	1.0000	0.7426	0.0000	4.9438
1908	1.0000	0.7114	0.0000	4.9465
1909	1.0000	0.7167	0.0000	4.9491
1910	1.0000	0.7289	0.0000	4.9523
1911	1.0000	0.7249	0.0000	4.9547
1912	1.0000	0.6974	0.0000	4.9577
1913	1.0000	0.6970	0.0000	4.9601
1914	1.0000	0.7333	0.0000	4.9625
1915	1.0000	0.7410	0.0000	4.9655
1916	1.0000	0.7174	0.0000	4.9678
1917	1.0000	0.7465	0.0000	4.9709
1918	1.0000	0.7219	0.0000	4.9732
1919	1.0000	0.7026	0.0000	4.9754
1920	1.0000	0.7391	0.0000	4.9781
1921	1.0000	0.6588	0.0000	4.9801
1922	1.0000	0.6844	0.0000	4.9827
1923	1.0000	0.7000	0.0000	4.9853
1924	1.0000	0.6896	0.0000	4.9876
1925	1.0000	0.6890	0.0000	4.9906
1926	1.0000	0.7390	0.0000	4.9931
1927	1.0000	0.7475	0.0000	4.9956
1928	1.0000	0.7481	0.0000	4.9984
1929	1.0000	0.7614	0.0000	5.0008
1930	1.0000	0.7330	0.0000	5.0035
1931	1.0000	0.6931	0.0000	5.0059
1932	1.0000	0.7174	0.0000	5.0081
1933	1.0000	0.7759	0.0000	5.0112
1934	1.0000	0.7560	0.0000	5.0137
1935	1.0000	0.6955	0.0000	5.0170
1936	1.0000	0.7243	0.0000	5.0194
1937	1.0000	0.7657	0.0000	5.0221
1938	1.0000	0.7637	0.0000	5.0250
1939	1.0000	0.7268	0.0000	5.0275
1940	1.0000	0.7630	0.0000	5.0303
1941	1.0000	0.7520	0.0000	5.0325
1942	1.0000	0.7286	0.0000	5.0350
1943	1.0000	0.7575	0.0000	5.0374
1944	1.0000	0.7001	0.0000	5.0396
1945	1.0000	0.7081	0.0000	5.0425
1946	1.0000	0.7019	0.0000	5.0446
1947	1.0000	0.7028	0.0000	5.0468
1948	1.0000	0.6249	0.0000	5.0493
1949	1.0000	0.7100	0.0000	5.0512
1950	1.0000	0.7152	0.0000	5.0534
1951	1.0000	0.7129	0.0000	5.0560
1952	1.0000	0.7050	0.0000	5.0580
1953	1.0000	0.6820	0.0000	5.0601
1954	1.0000	0.7254	0.0000	5.0629
1955	1.0000	0.6671	0.0000	5.0650
1956	1.0000	0.6981	0.0000	5.0672
1957	1.0000	0.6716	0.0000	5.0698
1958	1.0000	0.6509	0.0000	5.0720
1959	1.0000	0.7226	0.0000	5.0749
1960	1.0000	0.7414	0.0000	5.0774
1961	1.0000	0.7164	0.0000	5.0799
1962	1.0000	0.6678	0.0000	5.0825
1963	1.0000	0.7041	0.0000	5.0850
1964	1.0000	0.7415	0.0000	5.0878
1965	1.0000	0.6806	0.0000	5.0901
1966	1.0000	0.7158	0.0000	5.0923
1967	1.0000	0.7227	0.0000	5.0950
1968	1.0000	0.7046	0.0000	5.0972
1969	1.0000	0.7021	0.0000	5.0994
1970	1.0000	0.7333	0.0000	5.1022
1971	1.0000	0.7407	0.0000	5.1044
1972	1.0000	0.6914	0.0000	5.1073
1973	1.0000	0.7261	0.0000	5.1095
1974	1.0000	0.7466	0.0000	5.1119
1975	1.0000	0.7730	0.0000	5.1149
1976	1.0000	0.7818	0.0000	5.1174
1977	1.0000	0.7785	0.0000	5.1206
1978	1.0000	0.7487	0.0000	5.1229
1979	1.0000	0.7739	0.0000	5.1254
1980	1.0000	0.7753	0.0000	5.1280
1981	1.0000	0.7580	0.0000	5.1303
1982	1.0000	0.7682	0.0000	5.1333
1983	1.0000	0.7861	0.0000	5.1355
1984	1.0000	0.7634	0.0000	5.1376
1985	1.0000	0.7950	0.0000	5.1402
1986	1.0000	0.7839	0.0000	5.1423
1987	1.0000	0.7827	0.0000	5.1444
1988	1.0000	0.7685	0.0000	5.1470
1989	1.0000	0.7934	0.0000	5.1491
1990	1.0000	0.8278	0.0000	5.1513
1991	1.0000	0.8089	0.0000	5.1541
1992	1.0000	0.8027	0.0000	5.1564
1993	1.0000	0.8416	0.0000	5.1593
1994	1.0000	0.7805	0.0000	5.1614
1995	1.0000	0.8018	0.0000	5.1636
1996	1.0000	0.7773	0.0000	5.1665
1997	1.0000	0.7735	0.0000	5.1687
1998	1.0000	0.7453	0.0000	5.1711
1999	1.0000	0.7499	0.0000	5.1738
2000	1.0000	0.7663	0.0000	5.1758
2001	1.0000	0.7387	0.0000	5.1781
2002	1.0000	0.7465	0.0000	5.1805
2003	1.0000	0.7589	0.0000	5.1829
2004	1.0000	0.7922	0.0000	5.1858
2005	1.0000	0.7934	0.0000	5.1879
2006	1.0000	0.7823	0.0000	5.1903
2007	1.0000	0.7651	0.0000	5.1934
2008	1.0000	0.7603	0.0000	5.1961
2009	1.0000	0.7849	0.0000	5.1989
2010	1.0000	0.7542	0.0000	5.2022
2011	1.0000	0.7368	0.0000	5.2058
2012	1.0000	0.7755	0.0000	5.2098
2013	1.0000	0.7488	0.0000	5.2123
2014	1.0000	0.7793	0.0000	5.2152
2015	1.0000	0.7343	0.0000	5.2177
2016	1.0000	0.7778	0.0000	5.2199
2017	1.0000	0.8070	0.0000	5.2230
2018	1.0000	0.7879	0.0000	5.2254
2019	1.0000	0.7813	0.0000	5.2288
2020	1.0000	0.6761	0.0000	5.2315
2021	1.0000	0.7837	0.0000	5.2343
2022	1.0000	0.7991	0.0000	5.2372
2023	1.0000	0.7956	0.0000	5.2396
2024	1.0000	0.8242	0.0000	5.2419
2025	1.0000	0.8111	0.0000	5.2448
2026	1.0000	0.7841	0.0000	5.2476
2027	1.0000	0.7875	0.0000	5.2510
2028	1.0000	0.7401	0.0000	5.2547
2029	1.0000	0.7606	0.0000	5.2588
2030	1.0000	0.7812	0.0000	5.2617
2031	1.0000	0.7693	0.0000	5.2644
2032	1.0000	0.7918	0.0000	5.2665
2033	1.0000	0.8078	0.0000	5.2690
2034	1.0000	0.8222	0.0000	5.2719
2035	1.0000	0.8122	0.0000	5.2743
2036	1.0000	0.7747	0.0000	5.2773
2037	1.0000	0.8033	0.0000	5.2798
2038	1.0000	0.7871	0.0000	5.2829
2039	1.0000	0.7787	0.0000	5.2854
2040	1.0000	0.7853	0.0000	5.2885
2041	1.0000	0.7913	0.0000	5.2912
2042	1.0000	0.7983	0.0000	5.2937
2043	1.0000	0.7723	0.0000	5.2967
2044	1.0000	0.7896	0.0000	5.2991
2045	1.0000	0.7458	0.0000	5.3023
2046	1.0000	0.7664	0.0000	5.3047
2047	1.0000	0.7758	0.0000	5.3076
2048	1.0000	0.7747	0.0000	5.3099
2049	1.0000	0.8188	0.0000	5.3130
2050	1.0000	0.8184	0.0000	5.3156
2051	1.0000	0.8217	0.0000	5.3187
2052	1.0000	0.8007	0.0000	5.3216
2053	1.0000	0.7745	0.0000	5.3249
2054	1.0000	0.7518	0.0000	5.3274
2055	1.0000	0.8032	0.0000	5.3299
2056	1.0000	0.7508	0.0000	5.3325
2057	1.0000	0.7175	0.0000	5.3349
2058	1.0000	0.6694	0.0000	5.3379
2059	1.0000	0.7325	0.0000	5.3403
2060	1.0000	0.7155	0.0000	5.3432
2061	1.0000	0.7187	0.0000	5.3456
2062	1.0000	0.7365	0.0000	5.3480
2063	1.0000	0.7375	0.0000	5.3505
2064	1.0000	0.7683	0.0000	5.3526
2065	1.0000	0.7293	0.0000	5.3553
2066	1.0000	0.7645	0.0000	5.3576
2067	1.0000	0.7028	0.0000	5.3605
2068	1.0000	0.7271	0.0000	5.3628
2069	1.0000	0.7053	0.0000	5.3655
2070	1.0000	0.7188	0.0000	5.3686
2071	1.0000	0.7296	0.0000	5.3711
2072	1.0000	0.7243	0.0000	5.3741
2073	1.0000	0.7163	0.0000	5.3767
2074	1.0000	0.7054	0.0000	5.3798
2075	1.0000	0.7348	0.0000	5.3823
2076	1.0000	0.7493	0.0000	5.3853
2077	1.0000	0.7498	0.0000	5.3877
2078	1.0000	0.7497	0.0000	5.3908
2079	1.0000	0.7365	0.0000	5.3931
2080	1.0000	0.7065	0.0000	5.3959
2081	1.0000	0.7487	0.0000	5.3984
2082	1.0000	0.7213	0.0000	5.4010
2083	1.0000	0.7449	0.0000	5.4037
2084	1.0000	0.7417	0.0000	5.4059
2085	1.0000	0.7535	0.0000	5.4090
2086	1.0000	0.7214	0.0000	5.4113
2087	1.0000	0.7427	0.0000	5.4145
2088	1.0000	0.7603	0.0000	5.4173
2089	1.0000	0.7501	0.0000	5.4200
2090	1.0000	0.7232	0.0000	5.4228
2091	1.0000	0.7645	0.0000	5.4251
2092	1.0000	0.7396	0.0000	5.4280
2093	1.0000	0.7324	0.0000	5.4303
2094	1.0000	0.7190	0.0000	5.4332
2095	1.0000	0.6940	0.0000	5.4354
2096	1.0000	0.7267	0.0000	5.4378
2097	1.0000	0.7412	0.0000	5.4407
2098	1.0000	0.7111	0.0000	5.4430
2099	1.0000	0.7620	0.0000	5.4460
2100	1.0000	0.7525	0.0000	5.4485
2101	1.0000	0.7780	0.0000	5.4517
2102	1.0000	0.7412	0.0000	5.4540
2103	1.0000	0.7584	0.0000	5.4572
2104	1.0000	0.7636	0.0000	5.4596
2105	1.0000	0.7687	0.0000	5.4623
2106	1.0000	0.7650	0.0000	5.4651
2107	1.0000	0.7708	0.0000	5.4678
2108	1.0000	0.7143	0.0000	5.4714
2109	1.0000	0.7120	0.0000	5.4741
2110	1.0000	0.7144	0.0000	5.4770
2111	1.0000	0.7054	0.0000	5.4796
2112	1.0000	0.7240	0.0000	5.4819
2113	1.0000	0.7065	0.0000	5.4845
2114	1.0000	0.6951	0.0000	5.4867
2115	1.0000	0.7169	0.0000	5.4897
2116	1.0000	0.7651	0.0000	5.4920
2117	1.0000	0.7240	0.0000	5.4943
2118	1.0000	0.7332	0.0000	5.4972
2119	1.0000	0.7469	0.0000	5.4995
2120	1.0000	0.7732	0.0000	5.5024
2121	1.0000	0.7307	0.0000	5.5049
2122	1.0000	0.7334	0.0000	5.5077
2123	1.0000	0.7329	0.0000	5.5109
2124	1.0000	0.7450	0.0000	5.5135
2125	1.0000	0.7203	0.0000	5.5168
2126	1.0000	0.7303	0.0000	5.5197
2127	1.0000	0.6907	0.0000	5.5233
2128	1.0000	0.7017	0.0000	5.5262
2129	1.0000	0.6758	0.0000	5.5295
2130	1.0000	0.7004	0.0000	5.5322
2131	1.0000	0.7127	0.0000	5.5355
2132	1.0000	0.7568	0.0000	5.5384
2133	1.0000	0.7758	0.0000	5.5418
2134	1.0000	0.7483	0.0000	5.5446
2135	1.0000	0.7192	0.0000	5.5480
2136	1.0000	0.7531	0.0000	5.5508
2137	1.0000	0.7215	0.0000	5.5542
2138	1.0000	0.7661	0.0000	5.5570
2139	1.0000	0.7414	0.0000	5.5604
2140	1.0000	0.7475	0.0000	5.5631
2141	1.0000	0.7490	0.0000	5.5665
2142	1.0000	0.7590	0.0000	5.5693
2143	1.0000	0.7385	0.0000	5.5729
2144	1.0000	0.7350	0.0000	5.5755
2145	1.0000	0.7506	0.0000	5.5789
2146	1.0000	0.7673	0.0000	5.5815
2147	1.0000	0.7338	0.0000	5.5847
2148	1.0000	0.7631	0.0000	5.5875
2149	1.0000	0.7606	0.0000	5.5906
2150	1.0000	0.7166	0.0000	5.5936
2151	1.0000	0.7505	0.0000	5.5964
2152	1.0000	0.7453	0.0000	5.5996
2153	1.0000	0.7218	0.0000	5.6022
2154	1.0000	0.7108	0.0000	5.6054
2155	1.0000	0.7360	0.0000	5.6080
2156	1.0000	0.7704	0.0000	5.6110
2157	1.0000	0.7623	0.0000	5.6135
2158	1.0000	0.8223	0.0000	5.6166
2159	1.0000	0.7797	0.0000	5.6191
2160	1.0000	0.8293	0.0000	5.6220
2161	1.0000	0.7773	0.0000	5.6250
2162	1.0000	0.8255	0.0000	5.6275
2163	1.0000	0.7873	0.0000	5.6306
2164	1.0000	0.7771	0.0000	5.6331
2165	1.0000	0.7732	0.0000	5.6358
2166	1.0000	0.7654	0.0000	5.6380
2167	1.0000	0.7781	0.0000	5.6404
2168	1.0000	0.8044	0.0000	5.6431
2169	1.0000	0.7624	0.0000	5.6454
2170	1.0000	0.7392	0.0000	5.6482
2171	1.0000	0.7591	0.0000	5.6505
2172	1.0000	0.7482	0.0000	5.6527
2173	1.0000	0.7376	0.0000	5.6552
2174	1.0000	0.7846	0.0000	5.6574
2175	1.0000	0.7592	0.0000	5.6599
2176	1.0000	0.7333	0.0000	5.6621
2177	1.0000	0.7581	0.0000	5.6641
2178	1.0000	0.7630	0.0000	5.6669
2179	1.0000	0.7657	0.0000	5.6691
2180	1.0000	0.7728	0.0000	5.6714
2181	1.0000	0.7688	0.0000	5.6743
2182	1.0000	0.7317	0.0000	5.6765
2183	1.0000	0.7502	0.0000	5.6794
2184	1.0000	0.7316	0.0000	5.6818
2185	1.0000	0.7456	0.0000	5.6841
2186	1.0000	0.7379	0.0000	5.6868
2187	1.0000	0.7607	0.0000	5.6890
2188	1.0000	0.7730	0.0000	5.6920
2189	1.0000	0.7708	0.0000	5.6945
2190	1.0000	0.7558	0.0000	5.6974
2191	1.0000	0.7737	0.0000	5.6999
2192	1.0000	0.7679	0.0000	5.7022
2193	1.0000	0.7662	0.0000	5.7050
2194	1.0000	0.7451	0.0000	5.7072
2195	1.0000	0.7687	0.0000	5.7095
2196	1.0000	0.7707	0.0000	5.7122
2197	1.0000	0.7232	0.0000	5.7144
2198	1.0000	0.7459	0.0000	5.7166
2199	1.0000	0.6948	0.0000	5.7192
2200	1.0000	0.6858	0.0000	5.7212
2201	1.0000	0.7212	0.0000	5.7232
2202	1.0000	0.7334	0.0000	5.7257
2203	1.0000	0.7385	0.0000	5.7277
2204	1.0000	0.8024	0.0000	5.7302
2205	1.0000	0.7750	0.0000	5.7323
2206	1.0000	0.7054	0.0000	5.7343
2207	1.0000	0.7399	0.0000	5.7369
2208	1.0000	0.7084	0.0000	5.7388
2209	1.0000	0.7366	0.0000	5.7407
2210	1.0000	0.7464	0.0000	5.7432
2211	1.0000	0.7799	0.0000	5.7452
2212	1.0000	0.7673	0.0000	5.7476
2213	1.0000	0.7901	0.0000	5.7504
2214	1.0000	0.7231	0.0000	5.7526
2215	1.0000	0.7243	0.0000	5.7552
2216	1.0000	0.6985	0.0000	5.7571
2217	1.0000	0.7590	0.0000	5.7591
2218	1.0000	0.7418	0.0000	5.7619
2219	1.0000	0.7124	0.0000	5.7639
2220	1.0000	0.7037	0.0000	5.7659
2221	1.0000	0.7310	0.0000	5.7684
2222	1.0000	0.7105	0.0000	5.7701
2223	1.0000	0.6983	0.0000	5.7718
2224	1.0000	0.7377	0.0000	5.7741
2225	1.0000	0.7516	0.0000	5.7758
2226	1.0000	0.7792	0.0000	5.7775
2227	1.0000	0.7730	0.0000	5.7799
2228	1.0000	0.7843	0.0000	5.7817
2229	1.0000	0.7653	0.0000	5.7834
2230	1.0000	0.7703	0.0000	5.7855
2231	1.0000	0.7416	0.0000	5.7872
2232	1.0000	0.7493	0.0000	5.7887
2233	1.0000	0.7460	0.0000	5.7906
2234	1.0000	0.8091	0.0000	5.7930
2235	1.0000	0.7771	0.0000	5.7948
2236	1.0000	0.7701	0.0000	5.7970
2237	1.0000	0.7217	0.0000	5.7993
2238	1.0000	0.7374	0.0000	5.8014
2239	1.0000	0.7537	0.0000	5.8041
2240	1.0000	0.7782	0.0000	5.8061
2241	1.0000	0.7501	0.0000	5.8082
2242	1.0000	0.7049	0.0000	5.8109
2243	1.0000	0.7214	0.0000	5.8128
2244	1.0000	0.7345	0.0000	5.8147
2245	1.0000	0.7132	0.0000	5.8169
2246	1.0000	0.7609	0.0000	5.8185
2247	1.0000	0.7559	0.0000	5.8201
2248	1.0000	0.7395	0.0000	5.8223
2249	1.0000	0.7679	0.0000	5.8241
2250	1.0000	0.7813	0.0000	5.8258
2251	1.0000	0.7617	0.0000	5.8277
2252	1.0000	0.7664	0.0000	5.8299
2253	1.0000	0.7767	0.0000	5.8318
2254	1.0000	0.8037	0.0000	5.8337
2255	1.0000	0.7951	0.0000	5.8363
2256	1.0000	0.7424	0.0000	5.8384
2257	1.0000	0.7184	0.0000	5.8409
2258	1.0000	0.6965	0.0000	5.8433
2259	1.0000	0.7194	0.0000	5.8455
2260	1.0000	0.6864	0.0000	5.8484
2261	1.0000	0.6607	0.0000	5.8505
2262	1.0000	0.6872	0.0000	5.8525
2263	1.0000	0.6792	0.0000	5.8551
2264	1.0000	0.6520	0.0000	5.8571
2265	1.0000	0.6472	0.0000	5.8594
2266	1.0000	0.6846	0.0000	5.8615
2267	1.0000	0.7258	0.0000	5.8634
2268	1.0000	0.6455	0.0000	5.8661
2269	1.0000	0.7082	0.0000	5.8685
2270	1.0000	0.7325	0.0000	5.8711
2271	1.0000	0.6604	0.0000	5.8739
2272	1.0000	0.7002	0.0000	5.8764
2273	1.0000	0.7105	0.0000	5.8796
2274	1.0000	0.7249	0.0000	5.8822
2275	1.0000	0.6760	0.0000	5.8853
2276	1.0000	0.6791	0.0000	5.8877
2277	1.0000	0.6563	0.0000	5.8901
2278	1.0000	0.7009	0.0000	5.8932
2279	1.0000	0.6750	0.0000	5.8957
2280	1.0000	0.7237	0.0000	5.8987
2281	1.0000	0.7091	0.0000	5.9011
2282	1.0000	0.7126	0.0000	5.9033
2283	1.0000	0.7297	0.0000	5.9062
2284	1.0000	0.6947	0.0000	5.9086
2285	1.0000	0.7351	0.0000	5.9116
2286	1.0000	0.7372	0.0000	5.9141
2287	1.0000	0.7064	0.0000	5.9164
2288	1.0000	0.7360	0.0000	5.9195
2289	1.0000	0.7801	0.0000	5.9220
2290	1.0000	0.7434	0.0000	5.9252
2291	1.0000	0.7555	0.0000	5.9277
2292	1.0000	0.7640	0.0000	5.9304
2293	1.0000	0.7460	0.0000	5.9333
2294	1.0000	0.7531	0.0000	5.9356
2295	1.0000	0.7996	0.0000	5.9385
2296	1.0000	0.7351	0.0000	5.9408
2297	1.0000	0.7381	0.0000	5.9435
2298	1.0000	0.7547	0.0000	5.9462
2299	1.0000	0.7771	0.0000	5.9488
2300	1.0000	0.7733	0.0000	5.9519
2301	1.0000	0.7312	0.0000	5.9543
2302	1.0000	0.7394	0.0000	5.9572
2303	1.0000	0.7261	0.0000	5.9595
2304	1.0000	0.6926	0.0000	5.9623
2305	1.0000	0.7139	0.0000	5.9647
2306	1.0000	0.6368	0.0000	5.9669
2307	1.0000	0.6572	0.0000	5.9698
2308	1.0000	0.6143	0.0000	5.9722
2309	1.0000	0.7066	0.0000	5.9752
2310	1.0000	0.7071	0.0000	5.9778
2311	1.0000	0.6916	0.0000	5.9802
2312	1.0000	0.7362	0.0000	5.9830
2313	1.0000	0.7045	0.0000	5.9853
2314	1.0000	0.7359	0.0000	5.9884
2315	1.0000	0.7506	0.0000	5.9910
2316	1.0000	0.7014	0.0000	5.9942
2317	1.0000	0.7436	0.0000	5.9969
2318	1.0000	0.6960	0.0000	5.9997
2319	1.0000	0.7457	0.0000	6.0024
2320	1.0000	0.7249	0.0000	6.0050
2321	1.0000	0.7164	0.0000	6.0082
2322	1.0000	0.7249	0.0000	6.0106
2323	1.0000	0.7286	0.0000	6.0131
2324	1.0000	0.7201	0.0000	6.0155
2325	1.0000	0.7148	0.0000	6.0176
2326	1.0000	0.7721	0.0000	6.0200
2327	1.0000	0.7124	0.0000	6.0221
2328	1.0000	0.7156	0.0000	6.0239
2329	1.0000	0.7606	0.0000	6.0258
2330	1.0000	0.7760	0.0000	6.0282
2331	1.0000	0.7768	0.0000	6.0303
2332	1.0000	0.7787	0.0000	6.0322
2333	1.0000	0.7881	0.0000	6.0350
2334	1.0000	0.7822	0.0000	6.0372
2335	1.0000	0.8094	0.0000	6.0397
2336	1.0000	0.7809	0.0000	6.0423
2337	1.0000	0.7999	0.0000	6.0446
2338	1.0000	0.7758	0.0000	6.0473
2339	1.0000	0.7879	0.0000	6.0498
2340	1.0000	0.7928	0.0000	6.0522
2341	1.0000	0.7350	0.0000	6.0551
2342	1.0000	0.7811	0.0000	6.0574
2343	1.0000	0.7670	0.0000	6.0595
2344	1.0000	0.7910	0.0000	6.0621
2345	1.0000	0.7858	0.0000	6.0642
2346	1.0000	0.7553	0.0000	6.0666
2347	1.0000	0.7711	0.0000	6.0692
2348	1.0000	0.7867	0.0000	6.0713
2349	1.0000	0.7843	0.0000	6.0741
2350	1.0000	0.7682	0.0000	6.0765
2351	1.0000	0.7863	0.0000	6.0788
2352	1.0000	0.7470	0.0000	6.0814
2353	1.0000	0.8037	0.0000	6.0834
2354	1.0000	0.7494	0.0000	6.0854
2355	1.0000	0.7630	0.0000	6.0878
2356	1.0000	0.7630	0.0000	6.0900
2357	1.0000	0.7651	0.0000	6.0921
2358	1.0000	0.7517	0.0000	6.0943
2359	1.0000	0.7803	0.0000	6.0962
2360	1.0000	0.7642	0.0000	6.0981
2361	1.0000	0.7634	0.0000	6.1005
2362	1.0000	0.7490	0.0000	6.1021
2363	1.0000	0.7480	0.0000	6.1038
2364	1.0000	0.7563	0.0000	6.1063
2365	1.0000	0.7311	0.0000	6.1081
2366	1.0000	0.7197	0.0000	6.1101
2367	1.0000	0.7092	0.0000	6.1127
2368	1.0000	0.7171	0.0000	6.1148
2369	1.0000	0.6815	0.0000	6.1169
2370	1.0000	0.6692	0.0000	6.1193
2371	1.0000	0.6890	0.0000	6.1214
2372	1.0000	0.6797	0.0000	6.1235
2373	1.0000	0.7419	0.0000	6.1264
2374	1.0000	0.7072	0.0000	6.1288
2375	1.0000	0.6875	0.0000	6.1315
2376	1.0000	0.6901	0.0000	6.1338
2377	1.0000	0.7056	0.0000	6.1358
2378	1.0000	0.6742	0.0000	6.1388
2379	1.0000	0.7097	0.0000	6.1411
2380	1.0000	0.7159	0.0000	6.1434
2381	1.0000	0.7282	0.0000	6.1464
2382	1.0000	0.7144	0.0000	6.1489
2383	1.0000	0.7380	0.0000	6.1520
2384	1.0000	0.6961	0.0000	6.1544
2385	1.0000	0.7058	0.0000	6.1566
2386	1.0000	0.6801	0.0000	6.1595
2387	1.0000	0.7063	0.0000	6.1616
2388	1.0000	0.7279	0.0000	6.1639
2389	1.0000	0.7243	0.0000	6.1669
2390	1.0000	0.6934	0.0000	6.1691
2391	1.0000	0.6618	0.0000	6.1716
2392	1.0000	0.6812	0.0000	6.1738
2393	1.0000	0.6882	0.0000	6.1758
2394	1.0000	0.6725	0.0000	6.1781
2395	1.0000	0.7190	0.0000	6.1803
2396	1.0000	0.7090	0.0000	6.1822
2397	1.0000	0.6856	0.0000	6.1849
2398	1.0000	0.6602	0.0000	6.1872
2399	1.0000	0.6636	0.0000	6.1894
2400	1.0000	0.6968	0.0000	6.1923
2401	1.0000	0.6695	0.0000	6.1942
2402	1.0000	0.7205	0.0000	6.1963
2403	1.0000	0.6868	0.0000	6.1992
2404	1.0000	0.7336	0.0000	6.2017
2405	1.0000	0.7264	0.0000	6.2043
2406	1.0000	0.7122	0.0000	6.2069
2407	1.0000	0.7066	0.0000	6.2094
2408	1.0000	0.7302	0.0000	6.2127
2409	1.0000	0.7232	0.0000	6.2151
2410	1.0000	0.7098	0.0000	6.2184
2411	1.0000	0.7165	0.0000	6.2210
2412	1.0000	0.7353	0.0000	6.2235
2413	1.0000	0.7631	0.0000	6.2264
2414	1.0000	0.7332	0.0000	6.2286
2415	1.0000	0.6720	0.0000	6.2313
2416	1.0000	0.7404	0.0000	6.2335
2417	1.0000	0.7225	0.0000	6.2357
2418	1.0000	0.7309	0.0000	6.2385
2419	1.0000	0.7536	0.0000	6.2409
2420	1.0000	0.7465	0.0000	6.2435
2421	1.0000	0.6964	0.0000	6.2459
2422	1.0000	0.7246	0.0000	6.2480
2423	1.0000	0.7170	0.0000	6.2506
2424	1.0000	0.7058	0.0000	6.2530
2425	1.0000	0.7320	0.0000	6.2553
2426	1.0000	0.7224	0.0000	6.2582
2427	1.0000	0.6929	0.0000	6.2605
2428	1.0000	0.7374	0.0000	6.2636
2429	1.0000	0.6660	0.0000	6.2662
2430	1.0000	0.7068	0.0000	6.2697
2431	1.0000	0.7491	0.0000	6.2727
2432	1.0000	0.7609	0.0000	6.2758
2433	1.0000	0.7580	0.0000	6.2790
2434	1.0000	0.7666	0.0000	6.2821
2435	1.0000	0.7273	0.0000	6.2856
2436	1.0000	0.7197	0.0000	6.2893
2437	1.0000	0.6916	0.0000	6.2924
2438	1.0000	0.7237	0.0000	6.2961
2439	1.0000	0.7051	0.0000	6.2991
2440	1.0000	0.7189	0.0000	6.3027
2441	1.0000	0.7495	0.0000	6.3058
2442	1.0000	0.7203	0.0000	6.3093
2443	1.0000	0.7371	0.0000	6.3124
2444	1.0000	0.7716	0.0000	6.3160
2445	1.0000	0.7359	0.0000	6.3191
2446	1.0000	0.7599	0.0000	6.3227
2447	1.0000	0.7333	0.0000	6.3256
2448	1.0000	0.7269	0.0000	6.3294
2449	1.0000	0.7516	0.0000	6.3326
2450	1.0000	0.7383	0.0000	6.3363
2451	1.0000	0.7306	0.0000	6.3394
2452	1.0000	0.7133	0.0000	6.3423
2453	1.0000	0.6877	0.0000	6.3456
2454	1.0000	0.7166	0.0000	6.3485
2455	1.0000	0.6906	0.0000	6.3521
2456	1.0000	0.6731	0.0000	6.3551
2457	1.0000	0.7033	0.0000	6.3587
2458	1.0000	0.6727	0.0000	6.3617
2459	1.0000	0.7525	0.0000	6.3653
2460	1.0000	0.6520	0.0000	6.3684
2461	1.0000	0.6945	0.0000	6.3719
2462	1.0000	0.7190	0.0000	6.3749
2463	1.0000	0.7469	0.0000	6.3779
2464	1.0000	0.7575	0.0000	6.3812
2465	1.0000	0.7578	0.0000	6.3844
2466	1.0000	0.7382	0.0000	6.3883
2467	1.0000	0.7641	0.0000	6.3912
2468	1.0000	0.7688	0.0000	6.3948
2469	1.0000	0.7455	0.0000	6.3978
2470	1.0000	0.6931	0.0000	6.4013
2471	1.0000	0.7302	0.0000	6.4041
2472	1.0000	0.7312	0.0000	6.4074
2473	1.0000	0.7073	0.0000	6.4102
2474	1.0000	0.7605	0.0000	6.4135
2475	1.0000	0.7350	0.0000	6.4162
2476	1.0000	0.7232	0.0000	6.4191
2477	1.0000	0.6799	0.0000	6.4220
2478	1.0000	0.6962	0.0000	6.4245
2479	1.0000	0.6963	0.0000	6.4277
2480	1.0000	0.7360	0.0000	6.4303
2481	1.0000	0.7457	0.0000	6.4339
2482	1.0000	0.6968	0.0000	6.4369
2483	1.0000	0.7572	0.0000	6.4403
2484	1.0000	0.6656	0.0000	6.4430
2485	0.9997	0.6584	0.0000	6.4465
2486	0.9997	0.6245	0.0000	6.4493
2487	0.9997	0.7175	0.0000	6.4528
2488	0.9997	0.6375	0.0000	6.4554
2489	0.9999	0.6283	0.0000	6.4584
2490	0.9999	0.6567	0.0000	6.4613
2491	0.9999	0.6526	0.0000	6.4640
2492	1.0000	0.6888	0.0000	6.4672
2493	1.0000	0.6855	0.0000	6.4697
2494	1.0000	0.7191	0.0000	6.4728
2495	1.0000	0.6766	0.0000	6.4753
2496	1.0000	0.7246	0.0000	6.4783
2497	1.0000	0.7160	0.0000	6.4811
2498	1.0000	0.6928	0.0000	6.4838
2499	1.0000	0.7091	0.0000	6.4870
2500	1.0000	0.7067	0.0000	6.4896
2501	1.0000	0.7050	0.0000	6.4930
2502	1.0000	0.7211	0.0000	6.4957
2503	1.0000	0.6544	0.0000	6.4989
2504	1.0000	0.6681	0.0000	6.5016
2505	1.0000	0.6789	0.0000	6.5050
2506	1.0000	0.6820	0.0000	6.5074
2507	1.0000	0.6876	0.0000	6.5096
2508	1.0000	0.6994	0.0000	6.5125
2509	1.0000	0.7252	0.0000	6.5147
2510	1.0000	0.6942	0.0000	6.5170
2511	1.0000	0.6601	0.0000	6.5195
2512	1.0000	0.6629	0.0000	6.5217
2513	1.0000	0.7100	0.0000	6.5246
2514	1.0000	0.7171	0.0000	6.5269
2515	1.0000	0.7456	0.0000	6.5292
2516	1.0000	0.6857	0.0000	6.5321
2517	1.0000	0.7279	0.0000	6.5343
2518	1.0000	0.6986	0.0000	6.5373
2519	1.0000	0.7674	0.0000	6.5397
2520	1.0000	0.7234	0.0000	6.5424
2521	1.0000	0.7852	0.0000	6.5450
2522	1.0000	0.7237	0.0000	6.5472
2523	1.0000	0.7822	0.0000	6.5500
2524	1.0000	0.7228	0.0000	6.5522
2525	1.0000	0.7315	0.0000	6.5542
2526	1.0000	0.7805	0.0000	6.5570
2527	1.0000	0.7770	0.0000	6.5591
2528	1.0000	0.7911	0.0000	6.5613
2529	1.0000	0.7370	0.0000	6.5638
2530	1.0000	0.7724	0.0000	6.5658
2531	1.0000	0.7905	0.0000	6.5677
2532	1.0000	0.7532	0.0000	6.5701
2533	1.0000	0.7298	0.0000	6.5721
2534	1.0000	0.7642	0.0000	6.5740
2535	1.0000	0.7634	0.0000	6.5767
2536	1.0000	0.7777	0.0000	6.5787
2537	1.0000	0.7964	0.0000	6.5810
2538	1.0000	0.8220	0.0000	6.5840
2539	1.0000	0.7961	0.0000	6.5862
2540	1.0000	0.7754	0.0000	6.5882
2541	1.0000	0.7836	0.0000	6.5912
2542	1.0000	0.7876	0.0000	6.5935
2543	1.0000	0.7647	0.0000	6.5955
2544	1.0000	0.7246	0.0000	6.5978
2545	1.0000	0.7502	0.0000	6.5996
2546	1.0000	0.7846	0.0000	6.6016
2547	1.0000	0.7939	0.0000	6.6042
2548	1.0000	0.8211	0.0000	6.6058
2549	1.0000	0.7905	0.0000	6.6075
2550	1.0000	0.8040	0.0000	6.6095
2551	1.0000	0.8002	0.0000	6.6117
2552	1.0000	0.7824	0.0000	6.6132
2553	1.0000	0.8037	0.0000	6.6148
2554	1.0000	0.7906	0.0000	6.6171
2555	1.0000	0.7786	0.0000	6.6192
2556	1.0000	0.8102	0.0000	6.6216
2557	1.0000	0.7878	0.0000	6.6246
2558	1.0000	0.7364	0.0000	6.6269
2559	1.0000	0.7190	0.0000	6.6290
2560	1.0000	0.6964	0.0000	6.6319
2561	1.0000	0.7219	0.0000	6.6342
2562	1.0000	0.7010	0.0000	6.6363
2563	1.0000	0.7421	0.0000	6.6390
2564	1.0000	0.7263	0.0000	6.6413
2565	1.0000	0.7126	0.0000	6.6443
2566	1.0000	0.7370	0.0000	6.6467
2567	1.0000	0.7325	0.0000	6.6491
2568	1.0000	0.7045	0.0000	6.6522
2569	1.0000	0.7333	0.0000	6.6548
2570	1.0000	0.7515	0.0000	6.6580
2571	1.0000	0.7107	0.0000	6.6607
2572	1.0000	0.7126	0.0000	6.6634
2573	1.0000	0.7073	0.0000	6.6665
2574	1.0000	0.7098	0.0000	6.6690
2575	1.0000	0.6585	0.0000	6.6718
2576	1.0000	0.7032	0.0000	6.6740
2577	1.0000	0.7051	0.0000	6.6761
2578	1.0000	0.6711	0.0000	6.6788
2579	1.0000	0.7539	0.0000	6.6808
2580	1.0000	0.7119	0.0000	6.6830
2581	1.0000	0.7312	0.0000	6.6858
2582	1.0000	0.7295	0.0000	6.6880
2583	1.0000	0.7405	0.0000	6.6906
2584	1.0000	0.7686	0.0000	6.6934
2585	1.0000	0.7612	0.0000	6.6962
2586	1.0000	0.7478	0.0000	6.6995
2587	1.0000	0.7280	0.0000	6.7020
2588	1.0000	0.6894	0.0000	6.7054
2589	1.0000	0.7583	0.0000	6.7079
2590	1.0000	0.7787	0.0000	6.7109
2591	1.0000	0.7582	0.0000	6.7135
2592	1.0000	0.7503	0.0000	6.7163
2593	1.0000	0.7178	0.0000	6.7191
2594	1.0000	0.6999	0.0000	6.7215
2595	1.0000	0.7664	0.0000	6.7247
2596	1.0000	0.7720	0.0000	6.7272
2597	1.0000	0.7940	0.0000	6.7304
2598	1.0000	0.7523	0.0000	6.7329
2599	1.0000	0.7359	0.0000	6.7358
2600	1.0000	0.7848	0.0000	6.7382
2601	1.0000	0.7900	0.0000	6.7406
2602	1.0000	0.7880	0.0000	6.7433
2603	1.0000	0.7419	0.0000	6.7457
2604	1.0000	0.7471	0.0000	6.7486
2605	1.0000	0.7297	0.0000	6.7509
2606	1.0000	0.8140	0.0000	6.7535
2607	1.0000	0.7586	0.0000	6.7565
2608	1.0000	0.7435	0.0000	6.7585
2609	1.0000	0.7252	0.0000	6.7609
2610	1.0000	0.7537	0.0000	6.7632
2611	1.0000	0.7451	0.0000	6.7653
2612	1.0000	0.7760	0.0000	6.7680
2613	1.0000	0.7584	0.0000	6.7702
2614	1.0000	0.7468	0.0000	6.7725
2615	1.0000	0.7742	0.0000	6.7749
2616	1.0000	0.7593	0.0000	6.7769
2617	1.0000	0.7239	0.0000	6.7795
2618	1.0000	0.7808	0.0000	6.7815
2619	1.0000	0.7585	0.0000	6.7837
2620	1.0000	0.7642	0.0000	6.7865
2621	1.0000	0.7571	0.0000	6.7887
2622	1.0000	0.7879	0.0000	6.7918
2623	1.0000	0.7481	0.0000	6.7940
2624	1.0000	0.7705	0.0000	6.7968
2625	1.0000	0.7418	0.0000	6.7991
2626	1.0000	0.7854	0.0000	6.8013
2627	1.0000	0.7608	0.0000	6.8042
2628	1.0000	0.7571	0.0000	6.8063
2629	1.0000	0.7536	0.0000	6.8090
2630	1.0000	0.8079	0.0000	6.8113
2631	1.0000	0.7751	0.0000	6.8135
2632	1.0000	0.7519	0.0000	6.8165
2633	1.0000	0.7749	0.0000	6.8190
2634	1.0000	0.7231	0.0000	6.8222
2635	1.0000	0.7293	0.0000	6.8247
2636	1.0000	0.7004	0.0000	6.8278
2637	1.0000	0.7109	0.0000	6.8304
2638	1.0000	0.7308	0.0000	6.8333
2639	1.0000	0.7375	0.0000	6.8356
2640	1.0000	0.7147	0.0000	6.8382
2641	1.0000	0.7169	0.0000	6.8411
2642	1.0000	0.7282	0.0000	6.8433
2643	1.0000	0.7489	0.0000	6.8460
2644	1.0000	0.6982	0.0000	6.8482
2645	1.0000	0.7476	0.0000	6.8508
2646	1.0000	0.7505	0.0000	6.8533
2647	1.0000	0.8000	0.0000	6.8558
2648	1.0000	0.7919	0.0000	6.8590
2649	1.0000	0.7297	0.0000	6.8617
2650	1.0000	0.7241	0.0000	6.8648
2651	1.0000	0.7199	0.0000	6.8676
2652	1.0000	0.7004	0.0000	6.8710
2653	1.0000	0.6996	0.0000	6.8737
2654	1.0000	0.6727	0.0000	6.8769
2655	1.0000	0.6742	0.0000	6.8798
2656	1.0000	0.6904	0.0000	6.8831
2657	1.0000	0.7436	0.0000	6.8859
2658	1.0000	0.7443	0.0000	6.8891
2659	1.0000	0.6879	0.0000	6.8918
2660	1.0000	0.7516	0.0000	6.8949
2661	1.0000	0.7494	0.0000	6.8976
2662	1.0000	0.7244	0.0000	6.9008
2663	1.0000	0.7642	0.0000	6.9036
2664	1.0000	0.7372	0.0000	6.9068
2665	1.0000	0.7309	0.0000	6.9093
Pos: [1.1702429343821448, 7.701385568617032, 4.110966009423571]

=================================================================================================================