ID: vincent	Date: 2019-05-03 13:37:51	Runs: 1
=================================================================================================================
Run: 0
Iter	Gbest	AvrFit	Diver	ETime	
0	0.9550	0.3081	0.0000	0.0007
1	0.9822	0.3336	0.0000	0.0014
2	0.9822	0.3610	0.0000	0.0021
3	0.9822	0.4295	0.0000	0.0028
4	0.9822	0.5134	0.0000	0.0034
5	0.9822	0.5487	0.0000	0.0040
6	0.9920	0.6140	0.0000	0.0047
7	0.9941	0.6322	0.0000	0.0053
8	0.9941	0.6447	0.0000	0.0059
9	0.9941	0.6906	0.0000	0.0066
10	0.9941	0.7135	0.0000	0.0072
11	0.9941	0.7257	0.0000	0.0078
12	0.9941	0.7590	0.0000	0.0085
13	0.9976	0.8062	0.0000	0.0091
14	0.9976	0.7823	0.0000	0.0097
15	0.9976	0.7861	0.0000	0.0104
16	0.9976	0.8356	0.0000	0.0110
17	0.9995	0.8277	0.0000	0.0116
18	0.9995	0.8474	0.0000	0.0123
19	0.9996	0.8591	0.0000	0.0129
20	0.9996	0.8564	0.0000	0.0135
21	0.9996	0.8768	0.0000	0.0142
22	0.9996	0.8784	0.0000	0.0148
23	0.9996	0.8861	0.0000	0.0154
24	0.9996	0.8869	0.0000	0.0160
25	0.9997	0.9151	0.0000	0.0167
26	0.9998	0.9026	0.0000	0.0173
27	0.9998	0.8674	0.0000	0.0179
28	1.0000	0.9005	0.0000	0.0186
29	1.0000	0.9141	0.0000	0.0192
30	1.0000	0.9113	0.0000	0.0198
31	1.0000	0.9031	0.0000	0.0204
32	1.0000	0.9180	0.0000	0.0210
33	1.0000	0.9208	0.0000	0.0217
34	1.0000	0.9183	0.0000	0.0223
35	1.0000	0.9190	0.0000	0.0229
36	1.0000	0.9292	0.0000	0.0235
37	1.0000	0.9280	0.0000	0.0241
38	1.0000	0.9270	0.0000	0.0247
39	1.0000	0.9437	0.0000	0.0254
40	1.0000	0.9398	0.0000	0.0260
41	1.0000	0.9222	0.0000	0.0266
42	1.0000	0.9426	0.0000	0.0272
43	1.0000	0.9384	0.0000	0.0278
44	1.0000	0.9435	0.0000	0.0284
45	1.0000	0.9437	0.0000	0.0290
46	1.0000	0.9396	0.0000	0.0297
47	1.0000	0.9520	0.0000	0.0303
48	1.0000	0.9486	0.0000	0.0309
49	1.0000	0.9585	0.0000	0.0315
50	1.0000	0.9588	0.0000	0.0321
51	1.0000	0.9549	0.0000	0.0327
52	1.0000	0.9634	0.0000	0.0333
53	1.0000	0.9709	0.0000	0.0339
54	1.0000	0.9603	0.0000	0.0345
55	1.0000	0.9586	0.0000	0.0352
56	1.0000	0.9617	0.0000	0.0358
57	1.0000	0.9663	0.0000	0.0364
58	1.0000	0.9627	0.0000	0.0370
59	1.0000	0.9697	0.0000	0.0376
60	1.0000	0.9650	0.0000	0.0382
61	1.0000	0.9744	0.0000	0.0388
62	1.0000	0.9737	0.0000	0.0394
63	1.0000	0.9593	0.0000	0.0400
64	1.0000	0.9708	0.0000	0.0406
65	1.0000	0.9765	0.0000	0.0413
66	1.0000	0.9705	0.0000	0.0419
67	1.0000	0.9626	0.0000	0.0425
68	1.0000	0.9641	0.0000	0.0431
69	1.0000	0.9630	0.0000	0.0438
70	1.0000	0.9770	0.0000	0.0444
71	1.0000	0.9686	0.0000	0.0450
72	1.0000	0.9804	0.0000	0.0456
73	1.0000	0.9698	0.0000	0.0462
74	1.0000	0.9813	0.0000	0.0468
75	1.0000	0.9830	0.0000	0.0474
76	1.0000	0.9666	0.0000	0.0480
77	1.0000	0.9830	0.0000	0.0486
78	1.0000	0.9735	0.0000	0.0492
79	1.0000	0.9701	0.0000	0.0499
80	1.0000	0.9795	0.0000	0.0505
81	1.0000	0.9725	0.0000	0.0511
82	1.0000	0.9744	0.0000	0.0517
83	1.0000	0.9709	0.0000	0.0523
84	1.0000	0.9811	0.0000	0.0529
85	1.0000	0.9888	0.0000	0.0535
86	1.0000	0.9733	0.0000	0.0542
87	1.0000	0.9645	0.0000	0.0548
88	1.0000	0.9788	0.0000	0.0554
89	1.0000	0.9658	0.0000	0.0560
90	1.0000	0.9697	0.0000	0.0566
91	1.0000	0.9679	0.0000	0.0572
92	1.0000	0.9712	0.0000	0.0578
93	1.0000	0.9662	0.0000	0.0584
94	1.0000	0.9784	0.0000	0.0590
95	1.0000	0.9682	0.0000	0.0596
96	1.0000	0.9775	0.0000	0.0602
97	1.0000	0.9708	0.0000	0.0608
98	1.0000	0.9722	0.0000	0.0615
99	1.0000	0.9830	0.0000	0.0621
100	1.0000	0.9738	0.0000	0.0627
101	1.0000	0.9769	0.0000	0.0633
102	1.0000	0.9738	0.0000	0.0639
103	1.0000	0.9749	0.0000	0.0645
104	1.0000	0.9833	0.0000	0.0651
105	1.0000	0.9724	0.0000	0.0657
106	1.0000	0.9796	0.0000	0.0663
107	1.0000	0.9831	0.0000	0.0669
108	1.0000	0.9750	0.0000	0.0675
109	1.0000	0.9639	0.0000	0.0682
110	1.0000	0.9830	0.0000	0.0688
111	1.0000	0.9742	0.0000	0.0694
112	1.0000	0.9795	0.0000	0.0700
113	1.0000	0.9737	0.0000	0.0706
114	1.0000	0.9805	0.0000	0.0712
115	1.0000	0.9617	0.0000	0.0718
116	1.0000	0.9637	0.0000	0.0724
117	1.0000	0.9382	0.0000	0.0730
118	1.0000	0.9535	0.0000	0.0736
119	1.0000	0.9803	0.0000	0.0742
120	1.0000	0.9710	0.0000	0.0748
121	1.0000	0.9536	0.0000	0.0754
122	1.0000	0.9522	0.0000	0.0761
123	1.0000	0.9435	0.0000	0.0767
124	1.0000	0.9467	0.0000	0.0773
125	1.0000	0.9328	0.0000	0.0779
126	1.0000	0.9537	0.0000	0.0785
127	1.0000	0.9435	0.0000	0.0791
128	1.0000	0.9423	0.0000	0.0797
129	1.0000	0.9365	0.0000	0.0804
130	1.0000	0.9620	0.0000	0.0810
131	1.0000	0.9464	0.0000	0.0816
132	1.0000	0.9488	0.0000	0.0822
133	1.0000	0.9515	0.0000	0.0828
134	1.0000	0.9816	0.0000	0.0834
135	1.0000	0.9612	0.0000	0.0840
136	1.0000	0.9502	0.0000	0.0846
137	1.0000	0.9630	0.0000	0.0852
138	1.0000	0.9681	0.0000	0.0858
139	1.0000	0.9766	0.0000	0.0864
140	1.0000	0.9640	0.0000	0.0870
141	1.0000	0.9633	0.0000	0.0877
142	1.0000	0.9562	0.0000	0.0883
143	1.0000	0.9454	0.0000	0.0889
144	1.0000	0.9529	0.0000	0.0895
145	1.0000	0.9699	0.0000	0.0901
146	1.0000	0.9564	0.0000	0.0907
147	1.0000	0.9746	0.0000	0.0913
148	1.0000	0.9835	0.0000	0.0919
149	1.0000	0.9568	0.0000	0.0925
150	1.0000	0.9695	0.0000	0.0931
151	1.0000	0.9830	0.0000	0.0938
152	1.0000	0.9857	0.0000	0.0944
153	1.0000	0.9638	0.0000	0.0950
154	1.0000	0.9731	0.0000	0.0956
155	1.0000	0.9820	0.0000	0.0962
156	1.0000	0.9816	0.0000	0.0968
157	1.0000	0.9754	0.0000	0.0974
158	1.0000	0.9791	0.0000	0.0980
159	1.0000	0.9684	0.0000	0.0986
160	1.0000	0.9709	0.0000	0.0992
161	1.0000	0.9772	0.0000	0.0999
162	1.0000	0.9728	0.0000	0.1005
163	1.0000	0.9760	0.0000	0.1011
164	1.0000	0.9835	0.0000	0.1017
165	1.0000	0.9632	0.0000	0.1023
166	1.0000	0.9864	0.0000	0.1029
167	1.0000	0.9800	0.0000	0.1035
168	1.0000	0.9739	0.0000	0.1041
169	1.0000	0.9758	0.0000	0.1047
170	1.0000	0.9691	0.0000	0.1053
171	1.0000	0.9690	0.0000	0.1059
172	1.0000	0.9687	0.0000	0.1065
173	1.0000	0.9774	0.0000	0.1071
174	1.0000	0.9831	0.0000	0.1077
175	1.0000	0.9744	0.0000	0.1083
176	1.0000	0.9715	0.0000	0.1090
177	1.0000	0.9799	0.0000	0.1096
178	1.0000	0.9306	0.0000	0.1102
179	1.0000	0.9440	0.0000	0.1108
180	1.0000	0.9245	0.0000	0.1114
181	1.0000	0.9548	0.0000	0.1120
182	1.0000	0.9200	0.0000	0.1126
183	1.0000	0.9172	0.0000	0.1133
184	1.0000	0.9216	0.0000	0.1139
185	1.0000	0.9267	0.0000	0.1145
186	1.0000	0.9487	0.0000	0.1151
187	1.0000	0.8911	0.0000	0.1157
188	1.0000	0.9233	0.0000	0.1164
189	1.0000	0.8802	0.0000	0.1170
190	1.0000	0.8700	0.0000	0.1176
191	1.0000	0.8855	0.0000	0.1182
192	1.0000	0.9137	0.0000	0.1188
193	1.0000	0.9159	0.0000	0.1194
194	1.0000	0.9163	0.0000	0.1200
195	1.0000	0.9329	0.0000	0.1207
196	1.0000	0.9267	0.0000	0.1213
197	1.0000	0.9244	0.0000	0.1219
198	1.0000	0.9323	0.0000	0.1225
199	1.0000	0.9394	0.0000	0.1231
200	1.0000	0.9573	0.0000	0.1237
201	1.0000	0.9516	0.0000	0.1243
202	1.0000	0.9580	0.0000	0.1249
203	1.0000	0.9298	0.0000	0.1255
204	1.0000	0.9491	0.0000	0.1262
205	1.0000	0.9591	0.0000	0.1268
206	1.0000	0.9481	0.0000	0.1274
207	1.0000	0.9471	0.0000	0.1280
208	1.0000	0.9648	0.0000	0.1286
209	1.0000	0.9559	0.0000	0.1292
210	1.0000	0.9615	0.0000	0.1299
211	1.0000	0.9529	0.0000	0.1305
212	1.0000	0.9451	0.0000	0.1311
213	1.0000	0.9262	0.0000	0.1317
214	1.0000	0.9422	0.0000	0.1323
215	1.0000	0.9568	0.0000	0.1330
216	1.0000	0.9514	0.0000	0.1336
217	1.0000	0.9493	0.0000	0.1342
218	1.0000	0.9293	0.0000	0.1348
219	1.0000	0.9433	0.0000	0.1355
220	1.0000	0.9367	0.0000	0.1361
221	1.0000	0.9476	0.0000	0.1367
222	1.0000	0.9535	0.0000	0.1373
223	1.0000	0.9497	0.0000	0.1380
224	1.0000	0.9568	0.0000	0.1386
225	1.0000	0.9575	0.0000	0.1393
226	1.0000	0.9523	0.0000	0.1399
227	1.0000	0.9554	0.0000	0.1405
228	1.0000	0.9562	0.0000	0.1411
229	1.0000	0.9551	0.0000	0.1418
230	1.0000	0.9571	0.0000	0.1424
231	1.0000	0.9732	0.0000	0.1430
232	1.0000	0.9682	0.0000	0.1436
233	1.0000	0.9684	0.0000	0.1443
234	1.0000	0.9737	0.0000	0.1449
235	1.0000	0.9579	0.0000	0.1455
236	1.0000	0.9653	0.0000	0.1461
237	1.0000	0.9670	0.0000	0.1468
238	1.0000	0.9725	0.0000	0.1474
239	1.0000	0.9621	0.0000	0.1480
240	1.0000	0.9654	0.0000	0.1486
241	1.0000	0.9731	0.0000	0.1492
242	1.0000	0.9551	0.0000	0.1498
243	1.0000	0.9522	0.0000	0.1505
244	1.0000	0.9666	0.0000	0.1511
245	1.0000	0.9699	0.0000	0.1517
246	1.0000	0.9677	0.0000	0.1523
247	1.0000	0.9724	0.0000	0.1529
248	1.0000	0.9771	0.0000	0.1535
249	1.0000	0.9728	0.0000	0.1542
250	1.0000	0.9660	0.0000	0.1548
251	1.0000	0.9638	0.0000	0.1554
252	1.0000	0.9741	0.0000	0.1560
253	1.0000	0.9724	0.0000	0.1566
254	1.0000	0.9549	0.0000	0.1573
255	1.0000	0.9557	0.0000	0.1579
256	1.0000	0.9559	0.0000	0.1585
257	1.0000	0.9536	0.0000	0.1591
258	1.0000	0.9663	0.0000	0.1598
259	1.0000	0.9690	0.0000	0.1604
260	1.0000	0.9576	0.0000	0.1610
261	1.0000	0.9563	0.0000	0.1616
262	1.0000	0.9621	0.0000	0.1623
263	1.0000	0.9686	0.0000	0.1629
264	1.0000	0.9435	0.0000	0.1635
265	1.0000	0.9376	0.0000	0.1641
266	1.0000	0.9406	0.0000	0.1648
267	1.0000	0.9402	0.0000	0.1654
268	1.0000	0.9358	0.0000	0.1660
269	1.0000	0.9385	0.0000	0.1667
270	1.0000	0.9494	0.0000	0.1673
271	1.0000	0.9344	0.0000	0.1679
272	1.0000	0.9537	0.0000	0.1685
273	1.0000	0.9577	0.0000	0.1692
274	1.0000	0.9681	0.0000	0.1698
275	1.0000	0.9482	0.0000	0.1704
276	1.0000	0.9314	0.0000	0.1710
277	1.0000	0.9651	0.0000	0.1716
278	1.0000	0.9428	0.0000	0.1723
279	1.0000	0.9724	0.0000	0.1729
280	1.0000	0.9539	0.0000	0.1735
281	1.0000	0.9444	0.0000	0.1742
282	1.0000	0.9566	0.0000	0.1748
283	1.0000	0.9698	0.0000	0.1754
284	1.0000	0.9427	0.0000	0.1761
285	1.0000	0.9264	0.0000	0.1767
286	1.0000	0.9535	0.0000	0.1773
287	1.0000	0.9360	0.0000	0.1780
288	1.0000	0.9518	0.0000	0.1786
289	1.0000	0.9200	0.0000	0.1792
290	1.0000	0.9354	0.0000	0.1798
291	1.0000	0.9343	0.0000	0.1804
292	1.0000	0.9472	0.0000	0.1811
293	1.0000	0.9386	0.0000	0.1817
294	1.0000	0.9310	0.0000	0.1823
295	1.0000	0.9589	0.0000	0.1829
296	1.0000	0.9509	0.0000	0.1835
297	1.0000	0.9515	0.0000	0.1842
298	1.0000	0.9555	0.0000	0.1848
299	1.0000	0.9548	0.0000	0.1854
300	1.0000	0.9223	0.0000	0.1860
301	1.0000	0.9268	0.0000	0.1867
302	1.0000	0.9297	0.0000	0.1873
303	1.0000	0.9241	0.0000	0.1879
304	1.0000	0.9425	0.0000	0.1885
305	1.0000	0.9379	0.0000	0.1892
306	1.0000	0.9406	0.0000	0.1898
307	1.0000	0.9499	0.0000	0.1904
308	1.0000	0.9463	0.0000	0.1910
309	1.0000	0.9578	0.0000	0.1916
310	1.0000	0.9391	0.0000	0.1922
311	1.0000	0.9566	0.0000	0.1929
312	1.0000	0.9388	0.0000	0.1935
313	1.0000	0.9599	0.0000	0.1941
314	1.0000	0.9646	0.0000	0.1947
315	1.0000	0.9574	0.0000	0.1953
316	1.0000	0.9553	0.0000	0.1959
317	1.0000	0.9649	0.0000	0.1966
318	1.0000	0.9580	0.0000	0.1972
319	1.0000	0.9456	0.0000	0.1978
320	1.0000	0.9780	0.0000	0.1984
321	1.0000	0.9545	0.0000	0.1991
322	1.0000	0.9711	0.0000	0.1997
323	1.0000	0.9519	0.0000	0.2003
324	1.0000	0.9456	0.0000	0.2009
325	1.0000	0.9627	0.0000	0.2015
326	1.0000	0.9797	0.0000	0.2022
327	1.0000	0.9667	0.0000	0.2028
328	1.0000	0.9562	0.0000	0.2034
329	1.0000	0.9599	0.0000	0.2040
330	1.0000	0.9632	0.0000	0.2046
331	1.0000	0.9658	0.0000	0.2053
332	1.0000	0.9640	0.0000	0.2059
333	1.0000	0.9723	0.0000	0.2065
334	1.0000	0.9586	0.0000	0.2071
335	1.0000	0.9572	0.0000	0.2077
336	1.0000	0.9486	0.0000	0.2084
337	1.0000	0.9658	0.0000	0.2090
338	1.0000	0.9543	0.0000	0.2096
339	1.0000	0.9619	0.0000	0.2103
340	1.0000	0.9464	0.0000	0.2109
341	1.0000	0.9619	0.0000	0.2115
342	1.0000	0.9700	0.0000	0.2121
343	1.0000	0.9652	0.0000	0.2128
344	1.0000	0.9745	0.0000	0.2134
345	1.0000	0.9634	0.0000	0.2140
346	1.0000	0.9567	0.0000	0.2146
347	1.0000	0.9687	0.0000	0.2152
348	1.0000	0.9622	0.0000	0.2159
349	1.0000	0.9689	0.0000	0.2165
350	1.0000	0.9765	0.0000	0.2171
351	1.0000	0.9625	0.0000	0.2177
352	1.0000	0.9697	0.0000	0.2183
353	1.0000	0.9710	0.0000	0.2190
354	1.0000	0.9729	0.0000	0.2196
355	1.0000	0.9748	0.0000	0.2202
356	1.0000	0.9758	0.0000	0.2208
357	1.0000	0.9771	0.0000	0.2214
358	1.0000	0.9818	0.0000	0.2221
359	1.0000	0.9838	0.0000	0.2227
360	1.0000	0.9765	0.0000	0.2233
361	1.0000	0.9886	0.0000	0.2239
362	1.0000	0.9783	0.0000	0.2245
363	1.0000	0.9878	0.0000	0.2252
364	1.0000	0.9723	0.0000	0.2258
365	1.0000	0.9734	0.0000	0.2264
366	1.0000	0.9867	0.0000	0.2270
367	1.0000	0.9825	0.0000	0.2276
368	1.0000	0.9799	0.0000	0.2282
369	1.0000	0.9722	0.0000	0.2288
370	1.0000	0.9633	0.0000	0.2294
371	1.0000	0.9600	0.0000	0.2300
372	1.0000	0.9667	0.0000	0.2306
373	1.0000	0.9656	0.0000	0.2312
374	1.0000	0.9640	0.0000	0.2318
375	1.0000	0.9697	0.0000	0.2325
376	1.0000	0.9723	0.0000	0.2331
377	1.0000	0.9650	0.0000	0.2337
378	1.0000	0.9635	0.0000	0.2343
379	1.0000	0.9761	0.0000	0.2349
380	1.0000	0.9699	0.0000	0.2355
381	1.0000	0.9711	0.0000	0.2361
382	1.0000	0.9790	0.0000	0.2367
383	1.0000	0.9653	0.0000	0.2373
384	1.0000	0.9697	0.0000	0.2379
385	1.0000	0.9803	0.0000	0.2385
386	1.0000	0.9798	0.0000	0.2391
387	1.0000	0.9801	0.0000	0.2397
388	1.0000	0.9743	0.0000	0.2403
389	1.0000	0.9818	0.0000	0.2409
390	1.0000	0.9801	0.0000	0.2415
391	1.0000	0.9773	0.0000	0.2421
392	1.0000	0.9789	0.0000	0.2428
393	1.0000	0.9870	0.0000	0.2434
394	1.0000	0.9740	0.0000	0.2440
395	1.0000	0.9786	0.0000	0.2446
396	1.0000	0.9844	0.0000	0.2452
397	1.0000	0.9726	0.0000	0.2458
398	1.0000	0.9726	0.0000	0.2464
399	1.0000	0.9752	0.0000	0.2470
400	1.0000	0.9728	0.0000	0.2476
401	1.0000	0.9651	0.0000	0.2482
402	1.0000	0.9696	0.0000	0.2488
403	1.0000	0.9437	0.0000	0.2494
404	1.0000	0.9590	0.0000	0.2500
405	1.0000	0.9488	0.0000	0.2506
406	1.0000	0.9679	0.0000	0.2512
407	1.0000	0.9580	0.0000	0.2519
408	1.0000	0.9613	0.0000	0.2525
409	1.0000	0.9680	0.0000	0.2531
410	1.0000	0.9697	0.0000	0.2537
411	1.0000	0.9590	0.0000	0.2543
412	1.0000	0.9553	0.0000	0.2549
413	1.0000	0.9749	0.0000	0.2555
414	1.0000	0.9598	0.0000	0.2561
415	1.0000	0.9694	0.0000	0.2568
416	1.0000	0.9755	0.0000	0.2574
417	1.0000	0.9560	0.0000	0.2580
418	1.0000	0.9630	0.0000	0.2586
419	1.0000	0.9441	0.0000	0.2592
420	1.0000	0.9854	0.0000	0.2598
421	1.0000	0.9503	0.0000	0.2604
422	1.0000	0.9370	0.0000	0.2611
423	1.0000	0.9520	0.0000	0.2617
424	1.0000	0.9699	0.0000	0.2623
425	1.0000	0.9683	0.0000	0.2629
426	1.0000	0.9647	0.0000	0.2636
427	1.0000	0.9704	0.0000	0.2642
428	1.0000	0.9680	0.0000	0.2648
429	1.0000	0.9527	0.0000	0.2654
430	1.0000	0.9508	0.0000	0.2660
431	1.0000	0.9708	0.0000	0.2666
432	1.0000	0.9598	0.0000	0.2672
433	1.0000	0.9645	0.0000	0.2679
434	1.0000	0.9626	0.0000	0.2685
435	1.0000	0.9788	0.0000	0.2691
436	1.0000	0.9710	0.0000	0.2697
437	1.0000	0.9820	0.0000	0.2703
438	1.0000	0.9686	0.0000	0.2709
439	1.0000	0.9798	0.0000	0.2715
440	1.0000	0.9735	0.0000	0.2721
441	1.0000	0.9802	0.0000	0.2728
442	1.0000	0.9912	0.0000	0.2734
443	1.0000	0.9654	0.0000	0.2740
444	1.0000	0.9753	0.0000	0.2746
445	1.0000	0.9639	0.0000	0.2753
446	1.0000	0.9693	0.0000	0.2759
447	1.0000	0.9662	0.0000	0.2765
448	1.0000	0.9752	0.0000	0.2771
449	1.0000	0.9899	0.0000	0.2777
450	1.0000	0.9735	0.0000	0.2783
451	1.0000	0.9756	0.0000	0.2789
452	1.0000	0.9763	0.0000	0.2795
453	1.0000	0.9745	0.0000	0.2802
454	1.0000	0.9780	0.0000	0.2808
455	1.0000	0.9753	0.0000	0.2814
456	1.0000	0.9677	0.0000	0.2820
457	1.0000	0.9750	0.0000	0.2826
458	1.0000	0.9795	0.0000	0.2832
459	1.0000	0.9747	0.0000	0.2838
460	1.0000	0.9852	0.0000	0.2844
461	1.0000	0.9865	0.0000	0.2850
462	1.0000	0.9746	0.0000	0.2857
463	1.0000	0.9750	0.0000	0.2863
464	1.0000	0.9578	0.0000	0.2869
465	1.0000	0.9643	0.0000	0.2875
466	1.0000	0.9635	0.0000	0.2881
467	1.0000	0.9622	0.0000	0.2887
468	1.0000	0.9686	0.0000	0.2894
469	1.0000	0.9655	0.0000	0.2900
470	1.0000	0.9496	0.0000	0.2906
471	1.0000	0.9280	0.0000	0.2912
472	1.0000	0.9453	0.0000	0.2918
473	1.0000	0.9288	0.0000	0.2924
474	1.0000	0.9535	0.0000	0.2931
475	1.0000	0.9434	0.0000	0.2937
476	1.0000	0.9342	0.0000	0.2943
477	1.0000	0.9578	0.0000	0.2949
478	1.0000	0.9297	0.0000	0.2955
479	1.0000	0.9399	0.0000	0.2961
480	1.0000	0.9598	0.0000	0.2967
481	1.0000	0.9384	0.0000	0.2974
482	1.0000	0.9549	0.0000	0.2980
483	1.0000	0.9544	0.0000	0.2986
484	1.0000	0.9599	0.0000	0.2992
485	1.0000	0.9682	0.0000	0.2998
486	1.0000	0.9431	0.0000	0.3004
487	1.0000	0.9472	0.0000	0.3010
488	1.0000	0.9625	0.0000	0.3016
489	1.0000	0.9444	0.0000	0.3023
490	1.0000	0.9470	0.0000	0.3029
491	1.0000	0.9540	0.0000	0.3035
492	1.0000	0.9565	0.0000	0.3041
493	1.0000	0.9544	0.0000	0.3047
494	1.0000	0.9233	0.0000	0.3053
495	1.0000	0.9204	0.0000	0.3059
496	1.0000	0.9439	0.0000	0.3065
497	1.0000	0.9414	0.0000	0.3071
498	1.0000	0.9287	0.0000	0.3078
499	1.0000	0.9594	0.0000	0.3084
500	1.0000	0.9660	0.0000	0.3090
501	1.0000	0.9522	0.0000	0.3096
502	1.0000	0.9346	0.0000	0.3102
503	1.0000	0.9408	0.0000	0.3108
504	1.0000	0.9389	0.0000	0.3114
505	1.0000	0.9453	0.0000	0.3120
506	1.0000	0.9569	0.0000	0.3126
507	1.0000	0.9589	0.0000	0.3133
508	1.0000	0.9533	0.0000	0.3139
509	1.0000	0.9503	0.0000	0.3145
510	1.0000	0.9611	0.0000	0.3151
511	1.0000	0.9608	0.0000	0.3157
512	1.0000	0.9766	0.0000	0.3163
513	1.0000	0.9561	0.0000	0.3169
514	1.0000	0.9668	0.0000	0.3176
515	1.0000	0.9578	0.0000	0.3182
516	1.0000	0.9597	0.0000	0.3188
517	1.0000	0.9435	0.0000	0.3194
518	1.0000	0.9417	0.0000	0.3200
519	1.0000	0.9551	0.0000	0.3206
520	1.0000	0.9553	0.0000	0.3212
521	1.0000	0.9630	0.0000	0.3219
522	1.0000	0.9276	0.0000	0.3225
523	1.0000	0.9404	0.0000	0.3231
524	1.0000	0.9178	0.0000	0.3237
525	1.0000	0.9027	0.0000	0.3243
526	1.0000	0.9543	0.0000	0.3249
527	1.0000	0.9278	0.0000	0.3256
528	1.0000	0.9421	0.0000	0.3262
529	1.0000	0.9253	0.0000	0.3268
530	1.0000	0.9415	0.0000	0.3274
531	1.0000	0.9371	0.0000	0.3280
532	1.0000	0.9494	0.0000	0.3286
533	1.0000	0.9451	0.0000	0.3293
534	1.0000	0.9439	0.0000	0.3299
535	1.0000	0.9530	0.0000	0.3305
536	1.0000	0.9440	0.0000	0.3311
537	1.0000	0.9580	0.0000	0.3317
538	1.0000	0.9585	0.0000	0.3323
539	1.0000	0.9651	0.0000	0.3329
540	1.0000	0.9638	0.0000	0.3336
541	1.0000	0.9603	0.0000	0.3342
542	1.0000	0.9587	0.0000	0.3348
543	1.0000	0.9631	0.0000	0.3354
544	1.0000	0.9672	0.0000	0.3360
545	1.0000	0.9337	0.0000	0.3366
546	1.0000	0.9437	0.0000	0.3372
547	1.0000	0.9595	0.0000	0.3378
548	1.0000	0.9487	0.0000	0.3385
549	1.0000	0.9633	0.0000	0.3391
550	1.0000	0.9585	0.0000	0.3397
551	1.0000	0.9668	0.0000	0.3403
552	1.0000	0.9710	0.0000	0.3409
553	1.0000	0.9651	0.0000	0.3415
554	1.0000	0.9724	0.0000	0.3421
555	1.0000	0.9622	0.0000	0.3427
556	1.0000	0.9577	0.0000	0.3433
557	1.0000	0.9646	0.0000	0.3439
558	1.0000	0.9631	0.0000	0.3445
559	1.0000	0.9642	0.0000	0.3451
560	1.0000	0.9655	0.0000	0.3457
561	1.0000	0.9718	0.0000	0.3464
562	1.0000	0.9537	0.0000	0.3470
563	1.0000	0.9627	0.0000	0.3476
564	1.0000	0.9599	0.0000	0.3482
565	1.0000	0.9686	0.0000	0.3489
566	1.0000	0.9531	0.0000	0.3495
567	1.0000	0.9750	0.0000	0.3501
568	1.0000	0.9654	0.0000	0.3507
569	1.0000	0.9582	0.0000	0.3514
570	1.0000	0.9452	0.0000	0.3520
571	1.0000	0.9497	0.0000	0.3526
572	1.0000	0.9585	0.0000	0.3532
573	1.0000	0.9696	0.0000	0.3538
574	1.0000	0.9604	0.0000	0.3544
575	1.0000	0.9651	0.0000	0.3550
576	1.0000	0.9632	0.0000	0.3556
577	1.0000	0.9712	0.0000	0.3563
578	1.0000	0.9716	0.0000	0.3569
579	1.0000	0.9844	0.0000	0.3575
580	1.0000	0.9537	0.0000	0.3581
581	1.0000	0.9502	0.0000	0.3587
582	1.0000	0.9656	0.0000	0.3593
583	1.0000	0.9491	0.0000	0.3599
584	1.0000	0.9520	0.0000	0.3605
585	1.0000	0.9552	0.0000	0.3611
586	1.0000	0.9458	0.0000	0.3617
587	1.0000	0.9530	0.0000	0.3624
588	1.0000	0.9661	0.0000	0.3630
589	1.0000	0.9443	0.0000	0.3636
590	1.0000	0.9567	0.0000	0.3642
591	1.0000	0.9423	0.0000	0.3648
592	1.0000	0.9649	0.0000	0.3654
593	1.0000	0.9577	0.0000	0.3660
594	1.0000	0.9455	0.0000	0.3666
595	1.0000	0.9498	0.0000	0.3672
596	1.0000	0.9647	0.0000	0.3679
597	1.0000	0.9647	0.0000	0.3685
598	1.0000	0.9688	0.0000	0.3691
599	1.0000	0.9581	0.0000	0.3697
600	1.0000	0.9688	0.0000	0.3703
601	1.0000	0.9584	0.0000	0.3709
602	1.0000	0.9686	0.0000	0.3715
603	1.0000	0.9824	0.0000	0.3721
604	1.0000	0.9510	0.0000	0.3727
605	1.0000	0.9665	0.0000	0.3733
606	1.0000	0.9672	0.0000	0.3739
607	1.0000	0.9694	0.0000	0.3745
608	1.0000	0.9757	0.0000	0.3752
609	1.0000	0.9822	0.0000	0.3758
610	1.0000	0.9682	0.0000	0.3764
611	1.0000	0.9645	0.0000	0.3770
612	1.0000	0.9755	0.0000	0.3776
613	1.0000	0.9825	0.0000	0.3782
614	1.0000	0.9720	0.0000	0.3788
615	1.0000	0.9737	0.0000	0.3794
616	1.0000	0.9505	0.0000	0.3801
617	1.0000	0.9560	0.0000	0.3807
618	1.0000	0.9650	0.0000	0.3813
619	1.0000	0.9664	0.0000	0.3819
620	1.0000	0.9541	0.0000	0.3825
621	1.0000	0.9677	0.0000	0.3832
622	1.0000	0.9646	0.0000	0.3838
623	1.0000	0.9791	0.0000	0.3844
624	1.0000	0.9734	0.0000	0.3851
625	1.0000	0.9704	0.0000	0.3857
626	1.0000	0.9595	0.0000	0.3863
627	1.0000	0.9768	0.0000	0.3869
628	1.0000	0.9854	0.0000	0.3876
629	1.0000	0.9759	0.0000	0.3882
630	1.0000	0.9658	0.0000	0.3888
631	1.0000	0.9709	0.0000	0.3894
632	1.0000	0.9776	0.0000	0.3900
633	1.0000	0.9782	0.0000	0.3906
634	1.0000	0.9710	0.0000	0.3913
635	1.0000	0.9799	0.0000	0.3919
636	1.0000	0.9770	0.0000	0.3925
637	1.0000	0.9742	0.0000	0.3931
638	1.0000	0.9903	0.0000	0.3937
639	1.0000	0.9820	0.0000	0.3943
640	1.0000	0.9790	0.0000	0.3950
641	1.0000	0.9766	0.0000	0.3956
642	1.0000	0.9586	0.0000	0.3962
643	1.0000	0.9816	0.0000	0.3968
644	1.0000	0.9564	0.0000	0.3974
645	1.0000	0.9732	0.0000	0.3980
646	1.0000	0.9766	0.0000	0.3986
647	1.0000	0.9789	0.0000	0.3992
648	1.0000	0.9686	0.0000	0.3998
649	1.0000	0.9785	0.0000	0.4005
650	1.0000	0.9593	0.0000	0.4010
651	1.0000	0.9604	0.0000	0.4017
652	1.0000	0.9749	0.0000	0.4022
653	1.0000	0.9669	0.0000	0.4029
654	1.0000	0.9723	0.0000	0.4035
655	1.0000	0.9723	0.0000	0.4041
656	1.0000	0.9651	0.0000	0.4047
657	1.0000	0.9730	0.0000	0.4053
658	1.0000	0.9817	0.0000	0.4059
659	1.0000	0.9516	0.0000	0.4065
660	1.0000	0.9736	0.0000	0.4071
661	1.0000	0.9837	0.0000	0.4077
662	1.0000	0.9635	0.0000	0.4083
663	1.0000	0.9732	0.0000	0.4089
664	1.0000	0.9786	0.0000	0.4095
665	1.0000	0.9857	0.0000	0.4101
666	1.0000	0.9739	0.0000	0.4107
667	1.0000	0.9721	0.0000	0.4114
668	1.0000	0.9833	0.0000	0.4120
669	1.0000	0.9760	0.0000	0.4126
670	1.0000	0.9852	0.0000	0.4132
671	1.0000	0.9721	0.0000	0.4138
672	1.0000	0.9721	0.0000	0.4144
673	1.0000	0.9669	0.0000	0.4150
674	1.0000	0.9872	0.0000	0.4156
675	1.0000	0.9766	0.0000	0.4163
676	1.0000	0.9899	0.0000	0.4169
677	1.0000	0.9929	0.0000	0.4175
678	1.0000	0.9791	0.0000	0.4181
679	1.0000	0.9843	0.0000	0.4187
680	1.0000	0.9806	0.0000	0.4193
681	1.0000	0.9840	0.0000	0.4200
682	1.0000	0.9895	0.0000	0.4206
683	1.0000	0.9742	0.0000	0.4212
684	1.0000	0.9760	0.0000	0.4218
685	1.0000	0.9677	0.0000	0.4224
686	1.0000	0.9759	0.0000	0.4231
687	1.0000	0.9808	0.0000	0.4237
688	1.0000	0.9770	0.0000	0.4243
689	1.0000	0.9672	0.0000	0.4249
690	1.0000	0.9477	0.0000	0.4256
691	1.0000	0.9670	0.0000	0.4262
692	1.0000	0.9682	0.0000	0.4268
693	1.0000	0.9731	0.0000	0.4274
694	1.0000	0.9467	0.0000	0.4281
695	1.0000	0.9661	0.0000	0.4287
696	1.0000	0.9659	0.0000	0.4293
697	1.0000	0.9805	0.0000	0.4299
698	1.0000	0.9844	0.0000	0.4305
699	1.0000	0.9790	0.0000	0.4311
700	1.0000	0.9775	0.0000	0.4317
701	1.0000	0.9722	0.0000	0.4323
702	1.0000	0.9534	0.0000	0.4329
703	1.0000	0.9587	0.0000	0.4335
704	1.0000	0.9634	0.0000	0.4342
705	1.0000	0.9512	0.0000	0.4348
706	1.0000	0.9648	0.0000	0.4354
707	1.0000	0.9668	0.0000	0.4360
708	1.0000	0.9828	0.0000	0.4366
709	1.0000	0.9796	0.0000	0.4372
710	1.0000	0.9813	0.0000	0.4378
711	1.0000	0.9746	0.0000	0.4385
712	1.0000	0.9724	0.0000	0.4391
713	1.0000	0.9847	0.0000	0.4397
714	1.0000	0.9733	0.0000	0.4403
715	1.0000	0.9783	0.0000	0.4409
716	1.0000	0.9793	0.0000	0.4415
717	1.0000	0.9813	0.0000	0.4421
718	1.0000	0.9816	0.0000	0.4428
719	1.0000	0.9691	0.0000	0.4434
720	1.0000	0.9714	0.0000	0.4440
721	1.0000	0.9705	0.0000	0.4446
722	1.0000	0.9667	0.0000	0.4452
723	1.0000	0.9837	0.0000	0.4459
724	1.0000	0.9811	0.0000	0.4465
725	1.0000	0.9823	0.0000	0.4471
726	1.0000	0.9849	0.0000	0.4477
727	1.0000	0.9664	0.0000	0.4483
728	1.0000	0.9874	0.0000	0.4489
729	1.0000	0.9864	0.0000	0.4496
730	1.0000	0.9823	0.0000	0.4502
731	1.0000	0.9824	0.0000	0.4508
732	1.0000	0.9727	0.0000	0.4514
733	1.0000	0.9820	0.0000	0.4520
734	1.0000	0.9857	0.0000	0.4526
735	1.0000	0.9715	0.0000	0.4532
736	1.0000	0.9605	0.0000	0.4538
737	1.0000	0.9711	0.0000	0.4544
738	1.0000	0.9752	0.0000	0.4551
739	1.0000	0.9714	0.0000	0.4557
740	1.0000	0.9674	0.0000	0.4563
741	1.0000	0.9697	0.0000	0.4569
742	1.0000	0.9693	0.0000	0.4575
743	1.0000	0.9502	0.0000	0.4581
744	1.0000	0.9380	0.0000	0.4587
745	1.0000	0.9585	0.0000	0.4594
746	1.0000	0.9561	0.0000	0.4600
747	1.0000	0.9450	0.0000	0.4606
748	1.0000	0.9083	0.0000	0.4612
749	1.0000	0.9207	0.0000	0.4618
750	1.0000	0.9225	0.0000	0.4625
751	1.0000	0.9376	0.0000	0.4631
752	1.0000	0.9360	0.0000	0.4637
753	1.0000	0.9351	0.0000	0.4643
754	1.0000	0.9620	0.0000	0.4649
755	1.0000	0.9542	0.0000	0.4655
756	1.0000	0.9498	0.0000	0.4662
757	1.0000	0.9334	0.0000	0.4668
758	1.0000	0.9527	0.0000	0.4674
759	1.0000	0.9637	0.0000	0.4680
760	1.0000	0.9493	0.0000	0.4686
761	1.0000	0.9484	0.0000	0.4692
762	1.0000	0.9810	0.0000	0.4699
763	1.0000	0.9539	0.0000	0.4705
764	1.0000	0.9596	0.0000	0.4711
765	1.0000	0.9565	0.0000	0.4717
766	1.0000	0.9660	0.0000	0.4723
767	1.0000	0.9606	0.0000	0.4729
768	1.0000	0.9708	0.0000	0.4735
769	1.0000	0.9706	0.0000	0.4742
770	1.0000	0.9676	0.0000	0.4748
771	1.0000	0.9646	0.0000	0.4754
772	1.0000	0.9743	0.0000	0.4760
773	1.0000	0.9723	0.0000	0.4766
774	1.0000	0.9715	0.0000	0.4772
775	1.0000	0.9690	0.0000	0.4778
776	1.0000	0.9769	0.0000	0.4784
777	1.0000	0.9606	0.0000	0.4790
778	1.0000	0.9654	0.0000	0.4796
779	1.0000	0.9643	0.0000	0.4802
780	1.0000	0.9486	0.0000	0.4808
781	1.0000	0.9538	0.0000	0.4814
782	1.0000	0.9517	0.0000	0.4821
783	1.0000	0.9793	0.0000	0.4827
784	1.0000	0.9616	0.0000	0.4833
785	1.0000	0.9424	0.0000	0.4839
786	1.0000	0.9145	0.0000	0.4845
787	1.0000	0.9602	0.0000	0.4852
788	1.0000	0.9532	0.0000	0.4858
789	1.0000	0.9481	0.0000	0.4864
790	1.0000	0.9447	0.0000	0.4870
791	1.0000	0.9299	0.0000	0.4876
792	1.0000	0.9523	0.0000	0.4882
793	1.0000	0.9605	0.0000	0.4888
794	1.0000	0.9491	0.0000	0.4895
795	1.0000	0.9624	0.0000	0.4901
796	1.0000	0.9136	0.0000	0.4907
797	1.0000	0.9436	0.0000	0.4913
798	1.0000	0.9480	0.0000	0.4920
799	1.0000	0.9527	0.0000	0.4926
800	1.0000	0.9358	0.0000	0.4932
801	1.0000	0.9602	0.0000	0.4938
802	1.0000	0.9613	0.0000	0.4944
803	1.0000	0.9482	0.0000	0.4951
804	1.0000	0.9518	0.0000	0.4957
805	1.0000	0.9405	0.0000	0.4963
806	1.0000	0.9669	0.0000	0.4969
807	1.0000	0.9303	0.0000	0.4975
808	1.0000	0.9512	0.0000	0.4981
809	1.0000	0.9433	0.0000	0.4987
810	1.0000	0.9654	0.0000	0.4993
811	1.0000	0.9414	0.0000	0.4999
812	1.0000	0.9546	0.0000	0.5005
813	1.0000	0.9625	0.0000	0.5012
814	1.0000	0.9154	0.0000	0.5018
815	1.0000	0.9253	0.0000	0.5024
816	1.0000	0.9481	0.0000	0.5030
817	1.0000	0.9470	0.0000	0.5036
818	1.0000	0.9306	0.0000	0.5042
819	1.0000	0.9304	0.0000	0.5048
820	1.0000	0.9406	0.0000	0.5054
821	1.0000	0.9435	0.0000	0.5060
822	1.0000	0.9555	0.0000	0.5067
823	1.0000	0.9530	0.0000	0.5073
824	1.0000	0.9397	0.0000	0.5079
825	1.0000	0.9588	0.0000	0.5085
826	1.0000	0.9636	0.0000	0.5091
827	1.0000	0.9456	0.0000	0.5097
828	1.0000	0.9604	0.0000	0.5104
829	1.0000	0.9678	0.0000	0.5110
830	1.0000	0.9640	0.0000	0.5116
831	1.0000	0.9511	0.0000	0.5122
832	1.0000	0.9497	0.0000	0.5128
833	1.0000	0.9685	0.0000	0.5134
834	1.0000	0.9541	0.0000	0.5140
835	1.0000	0.9620	0.0000	0.5146
836	1.0000	0.9719	0.0000	0.5153
837	1.0000	0.9628	0.0000	0.5159
838	1.0000	0.9703	0.0000	0.5165
839	1.0000	0.9718	0.0000	0.5171
840	1.0000	0.9624	0.0000	0.5177
841	1.0000	0.9707	0.0000	0.5183
842	1.0000	0.9552	0.0000	0.5189
843	1.0000	0.9657	0.0000	0.5196
844	1.0000	0.9745	0.0000	0.5202
845	1.0000	0.9767	0.0000	0.5208
846	1.0000	0.9753	0.0000	0.5214
847	1.0000	0.9670	0.0000	0.5220
848	1.0000	0.9630	0.0000	0.5226
849	1.0000	0.9765	0.0000	0.5232
850	1.0000	0.9576	0.0000	0.5238
851	1.0000	0.9675	0.0000	0.5244
852	1.0000	0.9799	0.0000	0.5250
853	1.0000	0.9679	0.0000	0.5257
854	1.0000	0.9720	0.0000	0.5263
855	1.0000	0.9761	0.0000	0.5269
856	1.0000	0.9553	0.0000	0.5275
857	1.0000	0.9664	0.0000	0.5281
858	1.0000	0.9634	0.0000	0.5287
859	1.0000	0.9670	0.0000	0.5293
860	1.0000	0.9697	0.0000	0.5299
861	1.0000	0.9676	0.0000	0.5306
862	1.0000	0.9746	0.0000	0.5312
863	1.0000	0.9652	0.0000	0.5318
864	1.0000	0.9783	0.0000	0.5324
865	1.0000	0.9641	0.0000	0.5330
866	1.0000	0.9511	0.0000	0.5336
867	1.0000	0.9552	0.0000	0.5342
868	1.0000	0.9443	0.0000	0.5348
869	1.0000	0.9616	0.0000	0.5354
870	1.0000	0.9589	0.0000	0.5360
871	1.0000	0.9632	0.0000	0.5366
872	1.0000	0.9781	0.0000	0.5372
873	1.0000	0.9773	0.0000	0.5378
874	1.0000	0.9691	0.0000	0.5384
875	1.0000	0.9544	0.0000	0.5390
876	1.0000	0.9572	0.0000	0.5397
877	1.0000	0.9601	0.0000	0.5403
878	1.0000	0.9754	0.0000	0.5409
879	1.0000	0.9729	0.0000	0.5415
880	1.0000	0.9611	0.0000	0.5421
881	1.0000	0.9560	0.0000	0.5427
882	1.0000	0.9644	0.0000	0.5433
883	1.0000	0.9660	0.0000	0.5440
884	1.0000	0.9711	0.0000	0.5446
885	1.0000	0.9720	0.0000	0.5452
886	1.0000	0.9277	0.0000	0.5458
887	1.0000	0.9419	0.0000	0.5464
888	1.0000	0.9345	0.0000	0.5470
889	1.0000	0.9325	0.0000	0.5476
890	1.0000	0.9516	0.0000	0.5482
891	1.0000	0.9368	0.0000	0.5488
892	1.0000	0.9482	0.0000	0.5495
893	1.0000	0.9497	0.0000	0.5501
894	1.0000	0.9355	0.0000	0.5507
895	1.0000	0.9690	0.0000	0.5513
896	1.0000	0.9369	0.0000	0.5519
897	1.0000	0.9314	0.0000	0.5526
898	1.0000	0.9475	0.0000	0.5532
899	1.0000	0.9366	0.0000	0.5538
900	1.0000	0.9429	0.0000	0.5544
901	1.0000	0.9486	0.0000	0.5550
902	1.0000	0.9531	0.0000	0.5556
903	1.0000	0.9424	0.0000	0.5562
904	1.0000	0.9445	0.0000	0.5568
905	1.0000	0.9580	0.0000	0.5574
906	1.0000	0.9484	0.0000	0.5580
907	1.0000	0.9619	0.0000	0.5586
908	1.0000	0.9625	0.0000	0.5593
909	1.0000	0.9436	0.0000	0.5599
910	1.0000	0.9470	0.0000	0.5605
911	1.0000	0.9526	0.0000	0.5611
912	1.0000	0.9515	0.0000	0.5617
913	1.0000	0.9452	0.0000	0.5624
914	1.0000	0.9623	0.0000	0.5630
915	1.0000	0.9482	0.0000	0.5636
916	1.0000	0.9412	0.0000	0.5642
917	1.0000	0.9500	0.0000	0.5648
918	1.0000	0.9542	0.0000	0.5654
919	1.0000	0.9352	0.0000	0.5660
920	1.0000	0.9576	0.0000	0.5666
921	1.0000	0.9422	0.0000	0.5673
922	1.0000	0.9664	0.0000	0.5679
923	1.0000	0.9651	0.0000	0.5685
924	1.0000	0.9604	0.0000	0.5691
925	1.0000	0.9527	0.0000	0.5697
926	1.0000	0.9641	0.0000	0.5703
927	1.0000	0.9621	0.0000	0.5709
928	1.0000	0.9547	0.0000	0.5716
929	1.0000	0.9602	0.0000	0.5722
930	1.0000	0.9553	0.0000	0.5728
931	1.0000	0.9754	0.0000	0.5734
932	1.0000	0.9561	0.0000	0.5740
933	1.0000	0.9809	0.0000	0.5746
934	1.0000	0.9648	0.0000	0.5752
935	1.0000	0.9626	0.0000	0.5758
936	1.0000	0.9636	0.0000	0.5764
937	1.0000	0.9712	0.0000	0.5770
938	1.0000	0.9649	0.0000	0.5776
939	1.0000	0.9797	0.0000	0.5783
940	1.0000	0.9791	0.0000	0.5789
941	1.0000	0.9820	0.0000	0.5795
942	1.0000	0.9704	0.0000	0.5801
943	1.0000	0.9608	0.0000	0.5807
944	1.0000	0.9421	0.0000	0.5813
945	1.0000	0.9510	0.0000	0.5819
946	1.0000	0.9753	0.0000	0.5825
947	1.0000	0.9647	0.0000	0.5832
948	1.0000	0.9850	0.0000	0.5838
949	1.0000	0.9836	0.0000	0.5844
950	1.0000	0.9789	0.0000	0.5850
951	1.0000	0.9812	0.0000	0.5856
952	1.0000	0.9537	0.0000	0.5862
953	1.0000	0.9522	0.0000	0.5869
954	1.0000	0.9686	0.0000	0.5875
955	1.0000	0.9747	0.0000	0.5881
956	1.0000	0.9531	0.0000	0.5887
957	1.0000	0.9784	0.0000	0.5893
958	1.0000	0.9098	0.0000	0.5899
959	1.0000	0.9384	0.0000	0.5905
960	1.0000	0.9488	0.0000	0.5912
961	1.0000	0.9579	0.0000	0.5918
962	1.0000	0.9599	0.0000	0.5924
963	1.0000	0.9376	0.0000	0.5930
964	1.0000	0.9479	0.0000	0.5936
965	1.0000	0.9531	0.0000	0.5942
966	1.0000	0.9419	0.0000	0.5949
967	1.0000	0.9431	0.0000	0.5955
968	1.0000	0.9603	0.0000	0.5961
969	1.0000	0.9466	0.0000	0.5967
970	1.0000	0.9434	0.0000	0.5973
971	1.0000	0.9468	0.0000	0.5979
972	1.0000	0.9681	0.0000	0.5985
973	1.0000	0.9695	0.0000	0.5991
974	1.0000	0.9712	0.0000	0.5997
975	1.0000	0.9698	0.0000	0.6003
976	1.0000	0.9517	0.0000	0.6010
977	1.0000	0.9593	0.0000	0.6016
978	1.0000	0.9770	0.0000	0.6022
979	1.0000	0.9806	0.0000	0.6028
980	1.0000	0.9590	0.0000	0.6034
981	1.0000	0.9794	0.0000	0.6040
982	1.0000	0.9788	0.0000	0.6047
983	1.0000	0.9726	0.0000	0.6053
984	1.0000	0.9824	0.0000	0.6059
985	1.0000	0.9733	0.0000	0.6065
986	1.0000	0.9797	0.0000	0.6071
987	1.0000	0.9724	0.0000	0.6077
988	1.0000	0.9840	0.0000	0.6083
989	1.0000	0.9843	0.0000	0.6089
990	1.0000	0.9538	0.0000	0.6095
991	1.0000	0.9774	0.0000	0.6102
992	1.0000	0.9544	0.0000	0.6108
993	1.0000	0.9693	0.0000	0.6114
994	1.0000	0.9652	0.0000	0.6120
995	1.0000	0.9737	0.0000	0.6126
996	1.0000	0.9595	0.0000	0.6132
997	1.0000	0.9712	0.0000	0.6139
998	1.0000	0.9709	0.0000	0.6145
999	1.0000	0.9699	0.0000	0.6151
1000	1.0000	0.9573	0.0000	0.6157
1001	1.0000	0.9705	0.0000	0.6163
1002	1.0000	0.9676	0.0000	0.6169
1003	1.0000	0.9643	0.0000	0.6176
1004	1.0000	0.9578	0.0000	0.6182
1005	1.0000	0.9687	0.0000	0.6188
1006	1.0000	0.9768	0.0000	0.6194
1007	1.0000	0.9722	0.0000	0.6201
1008	1.0000	0.9778	0.0000	0.6207
1009	1.0000	0.9741	0.0000	0.6213
1010	1.0000	0.9767	0.0000	0.6219
1011	1.0000	0.9761	0.0000	0.6225
1012	1.0000	0.9777	0.0000	0.6231
1013	1.0000	0.9644	0.0000	0.6237
1014	1.0000	0.9681	0.0000	0.6243
1015	1.0000	0.9753	0.0000	0.6249
1016	1.0000	0.9810	0.0000	0.6256
1017	1.0000	0.9800	0.0000	0.6262
1018	1.0000	0.9785	0.0000	0.6268
1019	1.0000	0.9631	0.0000	0.6274
1020	1.0000	0.9777	0.0000	0.6280
1021	1.0000	0.9717	0.0000	0.6286
1022	1.0000	0.9873	0.0000	0.6292
1023	1.0000	0.9683	0.0000	0.6298
1024	1.0000	0.9762	0.0000	0.6304
1025	1.0000	0.9661	0.0000	0.6311
1026	1.0000	0.9549	0.0000	0.6317
1027	1.0000	0.9684	0.0000	0.6323
1028	1.0000	0.9581	0.0000	0.6329
1029	1.0000	0.9450	0.0000	0.6335
1030	1.0000	0.9675	0.0000	0.6341
1031	1.0000	0.9655	0.0000	0.6350
1032	1.0000	0.9470	0.0000	0.6357
1033	1.0000	0.9509	0.0000	0.6363
1034	1.0000	0.9649	0.0000	0.6369
1035	1.0000	0.9581	0.0000	0.6375
1036	1.0000	0.9665	0.0000	0.6382
1037	1.0000	0.9502	0.0000	0.6388
1038	1.0000	0.9632	0.0000	0.6394
1039	1.0000	0.9616	0.0000	0.6400
1040	1.0000	0.9650	0.0000	0.6406
1041	1.0000	0.9627	0.0000	0.6412
1042	1.0000	0.9567	0.0000	0.6419
1043	1.0000	0.9654	0.0000	0.6425
1044	1.0000	0.9655	0.0000	0.6431
1045	1.0000	0.9693	0.0000	0.6437
1046	1.0000	0.9568	0.0000	0.6443
1047	1.0000	0.9598	0.0000	0.6450
1048	1.0000	0.9650	0.0000	0.6456
1049	1.0000	0.9621	0.0000	0.6462
1050	1.0000	0.9742	0.0000	0.6468
1051	1.0000	0.9703	0.0000	0.6474
1052	1.0000	0.9704	0.0000	0.6480
1053	1.0000	0.9715	0.0000	0.6486
1054	1.0000	0.9615	0.0000	0.6492
1055	1.0000	0.9610	0.0000	0.6498
1056	1.0000	0.9642	0.0000	0.6504
1057	1.0000	0.9810	0.0000	0.6511
1058	1.0000	0.9675	0.0000	0.6517
1059	1.0000	0.9749	0.0000	0.6523
1060	1.0000	0.9624	0.0000	0.6529
1061	1.0000	0.9806	0.0000	0.6535
1062	1.0000	0.9768	0.0000	0.6541
1063	1.0000	0.9778	0.0000	0.6547
1064	1.0000	0.9827	0.0000	0.6554
1065	1.0000	0.9768	0.0000	0.6560
1066	1.0000	0.9837	0.0000	0.6566
1067	1.0000	0.9809	0.0000	0.6572
1068	1.0000	0.9688	0.0000	0.6578
1069	1.0000	0.9596	0.0000	0.6584
1070	1.0000	0.9537	0.0000	0.6591
1071	1.0000	0.9824	0.0000	0.6597
1072	1.0000	0.9607	0.0000	0.6603
1073	1.0000	0.9626	0.0000	0.6609
1074	1.0000	0.9738	0.0000	0.6615
1075	1.0000	0.9727	0.0000	0.6621
1076	1.0000	0.9658	0.0000	0.6627
1077	1.0000	0.9641	0.0000	0.6633
1078	1.0000	0.9791	0.0000	0.6640
1079	1.0000	0.9641	0.0000	0.6646
1080	1.0000	0.9704	0.0000	0.6652
1081	1.0000	0.9796	0.0000	0.6658
1082	1.0000	0.9631	0.0000	0.6664
1083	1.0000	0.9734	0.0000	0.6670
1084	1.0000	0.9691	0.0000	0.6677
1085	1.0000	0.9635	0.0000	0.6683
1086	1.0000	0.9658	0.0000	0.6689
1087	1.0000	0.9748	0.0000	0.6695
1088	1.0000	0.9390	0.0000	0.6701
1089	1.0000	0.9413	0.0000	0.6707
1090	1.0000	0.9536	0.0000	0.6713
1091	1.0000	0.9547	0.0000	0.6720
1092	1.0000	0.9649	0.0000	0.6726
1093	1.0000	0.9710	0.0000	0.6732
1094	1.0000	0.9622	0.0000	0.6739
1095	1.0000	0.9818	0.0000	0.6745
1096	1.0000	0.9536	0.0000	0.6751
1097	1.0000	0.9580	0.0000	0.6757
1098	1.0000	0.9693	0.0000	0.6763
1099	1.0000	0.9757	0.0000	0.6770
1100	1.0000	0.9321	0.0000	0.6776
1101	1.0000	0.9457	0.0000	0.6782
1102	1.0000	0.9272	0.0000	0.6788
1103	1.0000	0.9417	0.0000	0.6795
1104	1.0000	0.9313	0.0000	0.6801
1105	1.0000	0.9330	0.0000	0.6807
1106	1.0000	0.9465	0.0000	0.6813
1107	1.0000	0.9364	0.0000	0.6820
1108	1.0000	0.9246	0.0000	0.6826
1109	1.0000	0.9181	0.0000	0.6832
1110	1.0000	0.9273	0.0000	0.6838
1111	1.0000	0.9302	0.0000	0.6844
1112	1.0000	0.9488	0.0000	0.6851
1113	1.0000	0.9299	0.0000	0.6857
1114	1.0000	0.9474	0.0000	0.6863
1115	1.0000	0.9513	0.0000	0.6869
1116	1.0000	0.9430	0.0000	0.6875
1117	1.0000	0.9430	0.0000	0.6881
1118	1.0000	0.9513	0.0000	0.6888
1119	1.0000	0.9363	0.0000	0.6894
1120	1.0000	0.9453	0.0000	0.6900
1121	1.0000	0.9517	0.0000	0.6906
1122	1.0000	0.9320	0.0000	0.6913
1123	1.0000	0.9384	0.0000	0.6919
1124	1.0000	0.9336	0.0000	0.6925
1125	1.0000	0.9545	0.0000	0.6931
1126	1.0000	0.9427	0.0000	0.6937
1127	1.0000	0.9596	0.0000	0.6944
1128	1.0000	0.9533	0.0000	0.6950
1129	1.0000	0.9577	0.0000	0.6956
1130	1.0000	0.9699	0.0000	0.6962
1131	1.0000	0.9540	0.0000	0.6969
1132	1.0000	0.9457	0.0000	0.6975
1133	1.0000	0.9500	0.0000	0.6981
1134	1.0000	0.9721	0.0000	0.6987
1135	1.0000	0.9351	0.0000	0.6993
1136	1.0000	0.9215	0.0000	0.7000
1137	1.0000	0.9464	0.0000	0.7006
1138	1.0000	0.9536	0.0000	0.7012
1139	1.0000	0.9671	0.0000	0.7019
1140	1.0000	0.9572	0.0000	0.7025
1141	1.0000	0.9760	0.0000	0.7031
1142	1.0000	0.9583	0.0000	0.7037
1143	1.0000	0.9632	0.0000	0.7044
1144	1.0000	0.9707	0.0000	0.7050
1145	1.0000	0.9435	0.0000	0.7056
1146	1.0000	0.9572	0.0000	0.7062
1147	1.0000	0.9608	0.0000	0.7069
1148	1.0000	0.9756	0.0000	0.7075
1149	1.0000	0.9609	0.0000	0.7081
1150	1.0000	0.9690	0.0000	0.7087
1151	1.0000	0.9657	0.0000	0.7093
1152	1.0000	0.9705	0.0000	0.7100
1153	1.0000	0.9556	0.0000	0.7106
1154	1.0000	0.9672	0.0000	0.7112
1155	1.0000	0.9303	0.0000	0.7118
1156	1.0000	0.9418	0.0000	0.7124
1157	1.0000	0.9243	0.0000	0.7131
1158	1.0000	0.9374	0.0000	0.7137
1159	1.0000	0.9555	0.0000	0.7143
1160	1.0000	0.9440	0.0000	0.7149
1161	1.0000	0.9466	0.0000	0.7156
1162	1.0000	0.9369	0.0000	0.7162
1163	1.0000	0.9354	0.0000	0.7168
1164	1.0000	0.9535	0.0000	0.7175
1165	1.0000	0.9510	0.0000	0.7181
1166	1.0000	0.9472	0.0000	0.7187
1167	1.0000	0.9499	0.0000	0.7193
1168	1.0000	0.9502	0.0000	0.7200
1169	1.0000	0.9530	0.0000	0.7206
1170	1.0000	0.9616	0.0000	0.7212
1171	1.0000	0.9537	0.0000	0.7219
1172	1.0000	0.9392	0.0000	0.7225
1173	1.0000	0.9304	0.0000	0.7231
1174	1.0000	0.9294	0.0000	0.7237
1175	1.0000	0.9496	0.0000	0.7243
1176	1.0000	0.9281	0.0000	0.7250
1177	1.0000	0.9401	0.0000	0.7256
1178	1.0000	0.9200	0.0000	0.7262
1179	1.0000	0.9453	0.0000	0.7269
1180	1.0000	0.9148	0.0000	0.7275
1181	1.0000	0.9195	0.0000	0.7281
1182	1.0000	0.9071	0.0000	0.7287
1183	1.0000	0.9160	0.0000	0.7293
1184	1.0000	0.9172	0.0000	0.7299
1185	1.0000	0.9273	0.0000	0.7306
1186	1.0000	0.9276	0.0000	0.7312
1187	1.0000	0.9210	0.0000	0.7318
1188	1.0000	0.9111	0.0000	0.7324
1189	1.0000	0.9428	0.0000	0.7330
1190	1.0000	0.9250	0.0000	0.7337
1191	1.0000	0.9254	0.0000	0.7343
1192	1.0000	0.9157	0.0000	0.7349
1193	1.0000	0.9302	0.0000	0.7355
1194	1.0000	0.9435	0.0000	0.7362
1195	1.0000	0.9273	0.0000	0.7368
1196	1.0000	0.8958	0.0000	0.7374
1197	1.0000	0.9180	0.0000	0.7380
1198	1.0000	0.8915	0.0000	0.7386
1199	1.0000	0.8948	0.0000	0.7393
1200	1.0000	0.9010	0.0000	0.7399
1201	1.0000	0.9061	0.0000	0.7405
1202	1.0000	0.9047	0.0000	0.7411
1203	1.0000	0.9509	0.0000	0.7418
1204	1.0000	0.9123	0.0000	0.7424
1205	1.0000	0.9137	0.0000	0.7431
1206	1.0000	0.9393	0.0000	0.7437
1207	1.0000	0.9416	0.0000	0.7443
1208	1.0000	0.9423	0.0000	0.7450
1209	1.0000	0.9446	0.0000	0.7456
1210	1.0000	0.9114	0.0000	0.7462
1211	1.0000	0.9278	0.0000	0.7469
1212	1.0000	0.9464	0.0000	0.7475
1213	1.0000	0.9537	0.0000	0.7482
1214	1.0000	0.9392	0.0000	0.7489
1215	1.0000	0.9343	0.0000	0.7495
1216	1.0000	0.9257	0.0000	0.7502
1217	1.0000	0.9336	0.0000	0.7508
1218	1.0000	0.9574	0.0000	0.7515
1219	1.0000	0.9484	0.0000	0.7521
1220	1.0000	0.9422	0.0000	0.7527
1221	1.0000	0.9388	0.0000	0.7533
1222	1.0000	0.9367	0.0000	0.7540
1223	1.0000	0.9546	0.0000	0.7546
1224	1.0000	0.9475	0.0000	0.7552
1225	1.0000	0.9597	0.0000	0.7559
1226	1.0000	0.9503	0.0000	0.7565
1227	1.0000	0.9496	0.0000	0.7571
1228	1.0000	0.9569	0.0000	0.7577
1229	1.0000	0.9595	0.0000	0.7584
1230	1.0000	0.9552	0.0000	0.7590
1231	1.0000	0.9729	0.0000	0.7596
1232	1.0000	0.9644	0.0000	0.7602
1233	1.0000	0.9635	0.0000	0.7608
1234	1.0000	0.9648	0.0000	0.7615
1235	1.0000	0.9501	0.0000	0.7621
1236	1.0000	0.9515	0.0000	0.7627
1237	1.0000	0.9735	0.0000	0.7634
1238	1.0000	0.9575	0.0000	0.7640
1239	1.0000	0.9672	0.0000	0.7646
1240	1.0000	0.9612	0.0000	0.7653
1241	1.0000	0.9631	0.0000	0.7659
1242	1.0000	0.9673	0.0000	0.7665
1243	1.0000	0.9704	0.0000	0.7671
1244	1.0000	0.9848	0.0000	0.7678
1245	1.0000	0.9776	0.0000	0.7684
1246	1.0000	0.9563	0.0000	0.7690
1247	1.0000	0.9739	0.0000	0.7697
1248	1.0000	0.9638	0.0000	0.7703
1249	1.0000	0.9785	0.0000	0.7709
1250	1.0000	0.9704	0.0000	0.7715
1251	1.0000	0.9807	0.0000	0.7721
1252	1.0000	0.9694	0.0000	0.7728
1253	1.0000	0.9591	0.0000	0.7734
1254	1.0000	0.9830	0.0000	0.7740
1255	1.0000	0.9890	0.0000	0.7747
1256	1.0000	0.9656	0.0000	0.7753
1257	1.0000	0.9777	0.0000	0.7759
1258	1.0000	0.9847	0.0000	0.7765
1259	1.0000	0.9636	0.0000	0.7772
1260	1.0000	0.9693	0.0000	0.7778
1261	1.0000	0.9667	0.0000	0.7784
1262	1.0000	0.9661	0.0000	0.7790
1263	1.0000	0.9761	0.0000	0.7797
1264	1.0000	0.9663	0.0000	0.7803
1265	1.0000	0.9727	0.0000	0.7809
1266	1.0000	0.9623	0.0000	0.7815
1267	1.0000	0.9826	0.0000	0.7821
1268	1.0000	0.9637	0.0000	0.7827
1269	1.0000	0.9861	0.0000	0.7833
1270	1.0000	0.9762	0.0000	0.7840
1271	1.0000	0.9187	0.0000	0.7846
1272	1.0000	0.9376	0.0000	0.7852
1273	1.0000	0.9602	0.0000	0.7858
1274	1.0000	0.9581	0.0000	0.7865
1275	1.0000	0.9690	0.0000	0.7871
1276	1.0000	0.9460	0.0000	0.7877
1277	1.0000	0.9480	0.0000	0.7883
1278	1.0000	0.9605	0.0000	0.7889
1279	1.0000	0.9282	0.0000	0.7896
1280	1.0000	0.9547	0.0000	0.7902
1281	1.0000	0.9576	0.0000	0.7909
1282	1.0000	0.9354	0.0000	0.7915
1283	1.0000	0.9449	0.0000	0.7921
1284	1.0000	0.9461	0.0000	0.7927
1285	1.0000	0.9527	0.0000	0.7934
1286	1.0000	0.9314	0.0000	0.7940
1287	1.0000	0.9526	0.0000	0.7946
1288	1.0000	0.9565	0.0000	0.7952
1289	1.0000	0.9388	0.0000	0.7958
1290	1.0000	0.9487	0.0000	0.7965
1291	1.0000	0.9470	0.0000	0.7971
1292	1.0000	0.9372	0.0000	0.7977
1293	1.0000	0.9472	0.0000	0.7983
1294	1.0000	0.9500	0.0000	0.7989
1295	1.0000	0.9514	0.0000	0.7996
1296	1.0000	0.9591	0.0000	0.8002
1297	1.0000	0.9665	0.0000	0.8009
1298	1.0000	0.9481	0.0000	0.8015
1299	1.0000	0.9597	0.0000	0.8021
1300	1.0000	0.9537	0.0000	0.8027
1301	1.0000	0.9652	0.0000	0.8034
1302	1.0000	0.9721	0.0000	0.8040
1303	1.0000	0.9676	0.0000	0.8046
1304	1.0000	0.9725	0.0000	0.8053
1305	1.0000	0.9657	0.0000	0.8059
1306	1.0000	0.9563	0.0000	0.8066
1307	1.0000	0.9586	0.0000	0.8072
1308	1.0000	0.9635	0.0000	0.8078
1309	1.0000	0.9603	0.0000	0.8085
1310	1.0000	0.9682	0.0000	0.8091
1311	1.0000	0.9640	0.0000	0.8097
1312	1.0000	0.9612	0.0000	0.8104
1313	1.0000	0.9728	0.0000	0.8110
1314	1.0000	0.9732	0.0000	0.8116
1315	1.0000	0.9616	0.0000	0.8123
1316	1.0000	0.9735	0.0000	0.8129
1317	1.0000	0.9831	0.0000	0.8136
1318	1.0000	0.9689	0.0000	0.8142
1319	1.0000	0.9754	0.0000	0.8148
1320	1.0000	0.9748	0.0000	0.8154
1321	1.0000	0.9776	0.0000	0.8161
1322	1.0000	0.9660	0.0000	0.8167
1323	1.0000	0.9611	0.0000	0.8174
1324	1.0000	0.9763	0.0000	0.8180
1325	1.0000	0.9776	0.0000	0.8186
1326	1.0000	0.9665	0.0000	0.8192
1327	1.0000	0.9734	0.0000	0.8199
1328	1.0000	0.9534	0.0000	0.8205
1329	1.0000	0.9435	0.0000	0.8212
1330	1.0000	0.9695	0.0000	0.8218
1331	1.0000	0.9547	0.0000	0.8224
1332	1.0000	0.9733	0.0000	0.8231
1333	1.0000	0.9725	0.0000	0.8237
1334	1.0000	0.9756	0.0000	0.8244
1335	1.0000	0.9275	0.0000	0.8250
1336	1.0000	0.9511	0.0000	0.8257
1337	1.0000	0.9271	0.0000	0.8263
1338	1.0000	0.9485	0.0000	0.8269
1339	1.0000	0.9415	0.0000	0.8275
1340	1.0000	0.9408	0.0000	0.8282
1341	1.0000	0.9322	0.0000	0.8288
1342	1.0000	0.9306	0.0000	0.8294
1343	1.0000	0.9576	0.0000	0.8300
1344	1.0000	0.9665	0.0000	0.8306
1345	1.0000	0.9521	0.0000	0.8314
1346	1.0000	0.9378	0.0000	0.8320
1347	1.0000	0.9571	0.0000	0.8326
1348	1.0000	0.9620	0.0000	0.8332
1349	1.0000	0.9604	0.0000	0.8338
1350	1.0000	0.9477	0.0000	0.8344
1351	1.0000	0.9660	0.0000	0.8351
1352	1.0000	0.9582	0.0000	0.8357
1353	1.0000	0.9662	0.0000	0.8363
1354	1.0000	0.9559	0.0000	0.8369
1355	1.0000	0.9644	0.0000	0.8375
1356	1.0000	0.9734	0.0000	0.8381
1357	1.0000	0.9734	0.0000	0.8388
1358	1.0000	0.9677	0.0000	0.8394
1359	1.0000	0.9668	0.0000	0.8400
1360	1.0000	0.9581	0.0000	0.8406
1361	1.0000	0.9681	0.0000	0.8412
1362	1.0000	0.9692	0.0000	0.8418
1363	1.0000	0.9691	0.0000	0.8425
1364	1.0000	0.9894	0.0000	0.8431
1365	1.0000	0.9756	0.0000	0.8438
1366	1.0000	0.9743	0.0000	0.8444
1367	1.0000	0.9845	0.0000	0.8449
1368	1.0000	0.9782	0.0000	0.8455
1369	1.0000	0.9787	0.0000	0.8462
1370	1.0000	0.9689	0.0000	0.8468
1371	1.0000	0.9737	0.0000	0.8474
1372	1.0000	0.9777	0.0000	0.8480
1373	1.0000	0.9851	0.0000	0.8486
1374	1.0000	0.9902	0.0000	0.8492
1375	1.0000	0.9792	0.0000	0.8499
1376	1.0000	0.9927	0.0000	0.8505
1377	1.0000	0.9812	0.0000	0.8511
1378	1.0000	0.9786	0.0000	0.8517
1379	1.0000	0.9798	0.0000	0.8523
1380	1.0000	0.9851	0.0000	0.8529
1381	1.0000	0.9895	0.0000	0.8536
1382	1.0000	0.9790	0.0000	0.8542
1383	1.0000	0.9851	0.0000	0.8548
1384	1.0000	0.9823	0.0000	0.8554
1385	1.0000	0.9791	0.0000	0.8560
1386	1.0000	0.9776	0.0000	0.8566
1387	1.0000	0.9769	0.0000	0.8573
1388	1.0000	0.9873	0.0000	0.8579
1389	1.0000	0.9615	0.0000	0.8586
1390	1.0000	0.9515	0.0000	0.8591
1391	1.0000	0.9654	0.0000	0.8597
1392	1.0000	0.9418	0.0000	0.8604
1393	1.0000	0.9449	0.0000	0.8610
1394	1.0000	0.9772	0.0000	0.8616
1395	1.0000	0.9674	0.0000	0.8622
1396	1.0000	0.9689	0.0000	0.8629
1397	1.0000	0.9454	0.0000	0.8634
1398	1.0000	0.9530	0.0000	0.8640
1399	1.0000	0.9549	0.0000	0.8647
1400	1.0000	0.9622	0.0000	0.8653
1401	1.0000	0.9515	0.0000	0.8659
1402	1.0000	0.9624	0.0000	0.8665
1403	1.0000	0.9448	0.0000	0.8671
1404	1.0000	0.9760	0.0000	0.8677
1405	1.0000	0.9751	0.0000	0.8684
1406	1.0000	0.9805	0.0000	0.8690
1407	1.0000	0.9591	0.0000	0.8696
1408	1.0000	0.9831	0.0000	0.8703
1409	1.0000	0.9678	0.0000	0.8709
1410	1.0000	0.9712	0.0000	0.8715
1411	1.0000	0.9655	0.0000	0.8721
1412	1.0000	0.9776	0.0000	0.8728
1413	1.0000	0.9428	0.0000	0.8734
1414	1.0000	0.9775	0.0000	0.8740
1415	1.0000	0.9660	0.0000	0.8746
1416	1.0000	0.9700	0.0000	0.8753
1417	1.0000	0.9779	0.0000	0.8759
1418	1.0000	0.9676	0.0000	0.8765
1419	1.0000	0.9657	0.0000	0.8771
1420	1.0000	0.9581	0.0000	0.8778
1421	1.0000	0.9721	0.0000	0.8784
1422	1.0000	0.9702	0.0000	0.8790
1423	1.0000	0.9776	0.0000	0.8796
1424	1.0000	0.9727	0.0000	0.8802
1425	1.0000	0.9787	0.0000	0.8809
1426	1.0000	0.9873	0.0000	0.8815
1427	1.0000	0.9682	0.0000	0.8822
1428	1.0000	0.9774	0.0000	0.8828
1429	1.0000	0.9663	0.0000	0.8834
1430	1.0000	0.9691	0.0000	0.8841
1431	1.0000	0.9562	0.0000	0.8847
1432	1.0000	0.9666	0.0000	0.8853
1433	1.0000	0.9667	0.0000	0.8859
1434	1.0000	0.9750	0.0000	0.8865
1435	1.0000	0.9716	0.0000	0.8871
1436	1.0000	0.9749	0.0000	0.8877
1437	1.0000	0.9635	0.0000	0.8883
1438	1.0000	0.9556	0.0000	0.8889
1439	1.0000	0.9642	0.0000	0.8895
1440	1.0000	0.9680	0.0000	0.8901
1441	1.0000	0.9531	0.0000	0.8907
1442	1.0000	0.9744	0.0000	0.8912
1443	1.0000	0.9698	0.0000	0.8918
1444	1.0000	0.9733	0.0000	0.8924
1445	1.0000	0.9698	0.0000	0.8930
1446	1.0000	0.9466	0.0000	0.8937
1447	1.0000	0.9450	0.0000	0.8943
1448	1.0000	0.9469	0.0000	0.8949
1449	1.0000	0.9599	0.0000	0.8955
1450	1.0000	0.9817	0.0000	0.8961
1451	1.0000	0.9677	0.0000	0.8967
1452	1.0000	0.9581	0.0000	0.8973
1453	1.0000	0.9809	0.0000	0.8979
1454	1.0000	0.9759	0.0000	0.8985
1455	1.0000	0.9490	0.0000	0.8991
1456	1.0000	0.9685	0.0000	0.8997
1457	1.0000	0.9785	0.0000	0.9004
1458	1.0000	0.9632	0.0000	0.9010
1459	1.0000	0.9649	0.0000	0.9016
1460	1.0000	0.9653	0.0000	0.9023
1461	1.0000	0.9425	0.0000	0.9029
1462	1.0000	0.9567	0.0000	0.9036
1463	1.0000	0.9487	0.0000	0.9042
1464	1.0000	0.9462	0.0000	0.9049
1465	1.0000	0.9629	0.0000	0.9055
1466	1.0000	0.9588	0.0000	0.9062
1467	1.0000	0.9610	0.0000	0.9068
1468	1.0000	0.9615	0.0000	0.9075
1469	1.0000	0.9732	0.0000	0.9082
1470	1.0000	0.9757	0.0000	0.9088
1471	1.0000	0.9783	0.0000	0.9094
1472	1.0000	0.9796	0.0000	0.9101
1473	1.0000	0.9737	0.0000	0.9107
1474	1.0000	0.9673	0.0000	0.9114
1475	1.0000	0.9644	0.0000	0.9120
1476	1.0000	0.9625	0.0000	0.9126
1477	1.0000	0.9698	0.0000	0.9132
1478	1.0000	0.9713	0.0000	0.9139
1479	1.0000	0.9435	0.0000	0.9145
1480	1.0000	0.9597	0.0000	0.9151
1481	1.0000	0.9443	0.0000	0.9158
1482	1.0000	0.9511	0.0000	0.9164
1483	1.0000	0.9429	0.0000	0.9170
1484	1.0000	0.9407	0.0000	0.9176
1485	1.0000	0.9233	0.0000	0.9183
1486	1.0000	0.9385	0.0000	0.9189
1487	1.0000	0.9437	0.0000	0.9195
1488	1.0000	0.9346	0.0000	0.9202
1489	1.0000	0.9485	0.0000	0.9208
1490	1.0000	0.9522	0.0000	0.9214
1491	1.0000	0.9506	0.0000	0.9221
1492	1.0000	0.9468	0.0000	0.9227
1493	1.0000	0.9485	0.0000	0.9234
1494	1.0000	0.9406	0.0000	0.9240
1495	1.0000	0.9485	0.0000	0.9246
1496	1.0000	0.9557	0.0000	0.9253
1497	1.0000	0.9570	0.0000	0.9259
1498	1.0000	0.9435	0.0000	0.9265
1499	1.0000	0.9584	0.0000	0.9271
1500	1.0000	0.9568	0.0000	0.9278
1501	1.0000	0.9656	0.0000	0.9284
1502	1.0000	0.9653	0.0000	0.9291
1503	1.0000	0.9792	0.0000	0.9297
1504	1.0000	0.9444	0.0000	0.9303
1505	1.0000	0.9587	0.0000	0.9309
1506	1.0000	0.9442	0.0000	0.9316
1507	1.0000	0.9530	0.0000	0.9322
1508	1.0000	0.9672	0.0000	0.9328
1509	1.0000	0.9730	0.0000	0.9334
1510	1.0000	0.9644	0.0000	0.9341
1511	1.0000	0.9721	0.0000	0.9347
1512	1.0000	0.9768	0.0000	0.9353
1513	1.0000	0.9604	0.0000	0.9359
1514	1.0000	0.9484	0.0000	0.9365
1515	1.0000	0.9370	0.0000	0.9372
1516	1.0000	0.9603	0.0000	0.9378
1517	1.0000	0.9649	0.0000	0.9384
1518	1.0000	0.9455	0.0000	0.9390
1519	1.0000	0.9711	0.0000	0.9396
1520	1.0000	0.9614	0.0000	0.9402
1521	1.0000	0.9709	0.0000	0.9409
1522	1.0000	0.9523	0.0000	0.9415
1523	1.0000	0.9460	0.0000	0.9421
1524	1.0000	0.9559	0.0000	0.9427
1525	1.0000	0.9635	0.0000	0.9433
1526	1.0000	0.9341	0.0000	0.9439
1527	1.0000	0.9237	0.0000	0.9445
1528	1.0000	0.9502	0.0000	0.9451
1529	1.0000	0.9191	0.0000	0.9458
1530	1.0000	0.9554	0.0000	0.9464
1531	1.0000	0.9581	0.0000	0.9470
1532	1.0000	0.9403	0.0000	0.9476
1533	1.0000	0.9538	0.0000	0.9483
1534	1.0000	0.9427	0.0000	0.9489
1535	1.0000	0.9590	0.0000	0.9496
1536	1.0000	0.9397	0.0000	0.9502
1537	1.0000	0.9350	0.0000	0.9508
1538	1.0000	0.9601	0.0000	0.9515
1539	1.0000	0.9349	0.0000	0.9521
1540	1.0000	0.9420	0.0000	0.9528
1541	1.0000	0.9682	0.0000	0.9534
1542	1.0000	0.9275	0.0000	0.9541
1543	1.0000	0.9586	0.0000	0.9547
1544	1.0000	0.9609	0.0000	0.9553
1545	1.0000	0.9612	0.0000	0.9560
1546	1.0000	0.9404	0.0000	0.9566
1547	1.0000	0.9467	0.0000	0.9572
1548	1.0000	0.9507	0.0000	0.9579
1549	1.0000	0.9210	0.0000	0.9585
1550	1.0000	0.9531	0.0000	0.9591
1551	1.0000	0.9330	0.0000	0.9598
1552	1.0000	0.9242	0.0000	0.9604
1553	1.0000	0.9259	0.0000	0.9610
1554	1.0000	0.9251	0.0000	0.9616
1555	1.0000	0.9509	0.0000	0.9622
1556	1.0000	0.9193	0.0000	0.9628
1557	1.0000	0.9459	0.0000	0.9635
1558	1.0000	0.9168	0.0000	0.9641
1559	1.0000	0.9402	0.0000	0.9647
1560	1.0000	0.9424	0.0000	0.9653
1561	1.0000	0.9587	0.0000	0.9659
1562	1.0000	0.9229	0.0000	0.9666
1563	1.0000	0.9540	0.0000	0.9672
1564	1.0000	0.9571	0.0000	0.9678
1565	1.0000	0.9351	0.0000	0.9684
1566	1.0000	0.9156	0.0000	0.9690
1567	1.0000	0.9172	0.0000	0.9697
1568	1.0000	0.9308	0.0000	0.9703
1569	1.0000	0.8832	0.0000	0.9709
1570	1.0000	0.8884	0.0000	0.9716
1571	1.0000	0.9107	0.0000	0.9722
1572	1.0000	0.9213	0.0000	0.9728
1573	1.0000	0.9139	0.0000	0.9734
1574	1.0000	0.9153	0.0000	0.9741
1575	1.0000	0.9200	0.0000	0.9747
1576	1.0000	0.9101	0.0000	0.9753
1577	1.0000	0.9356	0.0000	0.9759
1578	1.0000	0.9339	0.0000	0.9766
1579	1.0000	0.9337	0.0000	0.9772
1580	1.0000	0.9565	0.0000	0.9778
1581	1.0000	0.9698	0.0000	0.9784
1582	1.0000	0.9412	0.0000	0.9790
1583	1.0000	0.9427	0.0000	0.9796
1584	1.0000	0.9485	0.0000	0.9803
1585	1.0000	0.9538	0.0000	0.9809
1586	1.0000	0.9462	0.0000	0.9815
1587	1.0000	0.9639	0.0000	0.9821
1588	1.0000	0.9581	0.0000	0.9827
1589	1.0000	0.9621	0.0000	0.9833
1590	1.0000	0.9592	0.0000	0.9840
1591	1.0000	0.9407	0.0000	0.9846
1592	1.0000	0.9346	0.0000	0.9852
1593	1.0000	0.9474	0.0000	0.9858
1594	1.0000	0.9458	0.0000	0.9864
1595	1.0000	0.9573	0.0000	0.9870
1596	1.0000	0.9640	0.0000	0.9876
1597	1.0000	0.9452	0.0000	0.9882
1598	1.0000	0.9410	0.0000	0.9888
1599	1.0000	0.9402	0.0000	0.9894
1600	1.0000	0.9103	0.0000	0.9901
1601	1.0000	0.9407	0.0000	0.9907
1602	1.0000	0.9419	0.0000	0.9913
1603	1.0000	0.9425	0.0000	0.9919
1604	1.0000	0.9533	0.0000	0.9925
1605	1.0000	0.9626	0.0000	0.9931
1606	1.0000	0.9534	0.0000	0.9937
1607	1.0000	0.9569	0.0000	0.9943
1608	1.0000	0.9561	0.0000	0.9949
1609	1.0000	0.9537	0.0000	0.9956
1610	1.0000	0.9592	0.0000	0.9962
1611	1.0000	0.9622	0.0000	0.9968
1612	1.0000	0.9689	0.0000	0.9974
1613	1.0000	0.9634	0.0000	0.9980
1614	1.0000	0.9731	0.0000	0.9986
1615	1.0000	0.9702	0.0000	0.9992
1616	1.0000	0.9573	0.0000	0.9998
1617	1.0000	0.9593	0.0000	1.0004
1618	1.0000	0.9581	0.0000	1.0010
1619	1.0000	0.9679	0.0000	1.0017
1620	1.0000	0.9679	0.0000	1.0023
1621	1.0000	0.9738	0.0000	1.0029
1622	1.0000	0.9687	0.0000	1.0035
1623	1.0000	0.9641	0.0000	1.0042
1624	1.0000	0.9360	0.0000	1.0048
1625	1.0000	0.9493	0.0000	1.0054
1626	1.0000	0.9433	0.0000	1.0061
1627	1.0000	0.9469	0.0000	1.0067
1628	1.0000	0.9533	0.0000	1.0073
1629	1.0000	0.9709	0.0000	1.0080
1630	1.0000	0.9463	0.0000	1.0086
1631	1.0000	0.9668	0.0000	1.0093
1632	1.0000	0.9551	0.0000	1.0099
1633	1.0000	0.9211	0.0000	1.0106
1634	1.0000	0.9534	0.0000	1.0112
1635	1.0000	0.9404	0.0000	1.0118
1636	1.0000	0.9600	0.0000	1.0125
1637	1.0000	0.9573	0.0000	1.0131
1638	1.0000	0.9299	0.0000	1.0137
1639	1.0000	0.9438	0.0000	1.0143
1640	1.0000	0.9657	0.0000	1.0149
1641	1.0000	0.9588	0.0000	1.0156
1642	1.0000	0.9762	0.0000	1.0162
1643	1.0000	0.9587	0.0000	1.0168
1644	1.0000	0.9737	0.0000	1.0174
1645	1.0000	0.9496	0.0000	1.0181
1646	1.0000	0.9659	0.0000	1.0187
1647	1.0000	0.9556	0.0000	1.0193
1648	1.0000	0.9697	0.0000	1.0199
1649	1.0000	0.9662	0.0000	1.0206
1650	1.0000	0.9624	0.0000	1.0212
1651	1.0000	0.9724	0.0000	1.0218
1652	1.0000	0.9620	0.0000	1.0224
1653	1.0000	0.9641	0.0000	1.0231
1654	1.0000	0.9371	0.0000	1.0237
1655	1.0000	0.9640	0.0000	1.0243
1656	1.0000	0.9391	0.0000	1.0249
1657	1.0000	0.9496	0.0000	1.0255
1658	1.0000	0.9573	0.0000	1.0261
1659	1.0000	0.9654	0.0000	1.0268
1660	1.0000	0.9586	0.0000	1.0274
1661	1.0000	0.9616	0.0000	1.0280
1662	1.0000	0.9562	0.0000	1.0286
1663	1.0000	0.9766	0.0000	1.0292
1664	1.0000	0.9520	0.0000	1.0299
1665	1.0000	0.9708	0.0000	1.0305
1666	1.0000	0.9620	0.0000	1.0311
1667	1.0000	0.9458	0.0000	1.0317
1668	1.0000	0.9564	0.0000	1.0323
1669	1.0000	0.9464	0.0000	1.0330
1670	1.0000	0.9602	0.0000	1.0336
1671	1.0000	0.9622	0.0000	1.0342
1672	1.0000	0.9732	0.0000	1.0348
1673	1.0000	0.9525	0.0000	1.0354
1674	1.0000	0.9693	0.0000	1.0360
1675	1.0000	0.9418	0.0000	1.0367
1676	1.0000	0.9591	0.0000	1.0373
1677	1.0000	0.9770	0.0000	1.0379
1678	1.0000	0.9629	0.0000	1.0385
1679	1.0000	0.9709	0.0000	1.0391
1680	1.0000	0.9797	0.0000	1.0397
1681	1.0000	0.9780	0.0000	1.0403
1682	1.0000	0.9660	0.0000	1.0410
1683	1.0000	0.9641	0.0000	1.0416
1684	1.0000	0.9667	0.0000	1.0422
1685	1.0000	0.9811	0.0000	1.0428
1686	1.0000	0.9703	0.0000	1.0434
1687	1.0000	0.9735	0.0000	1.0441
1688	1.0000	0.9820	0.0000	1.0447
1689	1.0000	0.9744	0.0000	1.0453
1690	1.0000	0.9746	0.0000	1.0459
1691	1.0000	0.9722	0.0000	1.0465
1692	1.0000	0.9655	0.0000	1.0471
1693	1.0000	0.9725	0.0000	1.0477
1694	1.0000	0.9735	0.0000	1.0484
1695	1.0000	0.9764	0.0000	1.0490
1696	1.0000	0.9815	0.0000	1.0496
1697	1.0000	0.9522	0.0000	1.0502
1698	1.0000	0.9617	0.0000	1.0508
1699	1.0000	0.9733	0.0000	1.0515
1700	1.0000	0.9684	0.0000	1.0521
1701	1.0000	0.9759	0.0000	1.0527
1702	1.0000	0.9447	0.0000	1.0533
1703	1.0000	0.9688	0.0000	1.0539
1704	1.0000	0.9721	0.0000	1.0546
1705	1.0000	0.9614	0.0000	1.0552
1706	1.0000	0.9726	0.0000	1.0558
1707	1.0000	0.9757	0.0000	1.0564
1708	1.0000	0.9738	0.0000	1.0570
1709	1.0000	0.9793	0.0000	1.0576
1710	1.0000	0.9664	0.0000	1.0582
1711	1.0000	0.9841	0.0000	1.0589
1712	1.0000	0.9710	0.0000	1.0595
1713	1.0000	0.9766	0.0000	1.0601
1714	1.0000	0.9547	0.0000	1.0607
1715	1.0000	0.9657	0.0000	1.0613
1716	1.0000	0.9585	0.0000	1.0619
1717	1.0000	0.9603	0.0000	1.0625
1718	1.0000	0.9733	0.0000	1.0631
1719	1.0000	0.9614	0.0000	1.0638
1720	1.0000	0.9585	0.0000	1.0644
1721	1.0000	0.9693	0.0000	1.0650
1722	1.0000	0.9431	0.0000	1.0656
1723	1.0000	0.9579	0.0000	1.0662
1724	1.0000	0.9546	0.0000	1.0669
1725	1.0000	0.9633	0.0000	1.0675
1726	1.0000	0.9557	0.0000	1.0681
1727	1.0000	0.9646	0.0000	1.0687
1728	1.0000	0.9582	0.0000	1.0693
1729	1.0000	0.9836	0.0000	1.0700
1730	1.0000	0.9629	0.0000	1.0706
1731	1.0000	0.9623	0.0000	1.0712
1732	1.0000	0.9703	0.0000	1.0718
1733	1.0000	0.9623	0.0000	1.0724
1734	1.0000	0.9742	0.0000	1.0731
1735	1.0000	0.9318	0.0000	1.0737
1736	1.0000	0.9323	0.0000	1.0743
1737	1.0000	0.9716	0.0000	1.0749
1738	1.0000	0.9423	0.0000	1.0755
1739	1.0000	0.9703	0.0000	1.0761
1740	1.0000	0.9586	0.0000	1.0768
1741	1.0000	0.9644	0.0000	1.0774
1742	1.0000	0.9559	0.0000	1.0780
1743	1.0000	0.9592	0.0000	1.0787
1744	1.0000	0.9418	0.0000	1.0793
1745	1.0000	0.9452	0.0000	1.0799
1746	1.0000	0.9540	0.0000	1.0805
1747	1.0000	0.9566	0.0000	1.0812
1748	1.0000	0.9463	0.0000	1.0818
1749	1.0000	0.9473	0.0000	1.0824
1750	1.0000	0.9506	0.0000	1.0830
1751	1.0000	0.9666	0.0000	1.0837
1752	1.0000	0.9622	0.0000	1.0843
1753	1.0000	0.9571	0.0000	1.0849
1754	1.0000	0.9704	0.0000	1.0855
1755	1.0000	0.9584	0.0000	1.0861
1756	1.0000	0.9718	0.0000	1.0867
1757	1.0000	0.9710	0.0000	1.0873
1758	1.0000	0.9697	0.0000	1.0880
1759	1.0000	0.9597	0.0000	1.0886
1760	1.0000	0.9635	0.0000	1.0892
1761	1.0000	0.9690	0.0000	1.0899
1762	1.0000	0.9677	0.0000	1.0905
1763	1.0000	0.9728	0.0000	1.0911
1764	1.0000	0.9659	0.0000	1.0918
1765	1.0000	0.9691	0.0000	1.0924
1766	1.0000	0.9765	0.0000	1.0930
1767	1.0000	0.9693	0.0000	1.0937
1768	1.0000	0.9712	0.0000	1.0943
1769	1.0000	0.9519	0.0000	1.0950
1770	1.0000	0.9632	0.0000	1.0956
1771	1.0000	0.9795	0.0000	1.0962
1772	1.0000	0.9915	0.0000	1.0969
1773	1.0000	0.9788	0.0000	1.0975
1774	1.0000	0.9716	0.0000	1.0981
1775	1.0000	0.9925	0.0000	1.0987
1776	1.0000	0.9813	0.0000	1.0994
1777	1.0000	0.9882	0.0000	1.1000
1778	1.0000	0.9789	0.0000	1.1006
1779	1.0000	0.9681	0.0000	1.1012
1780	1.0000	0.9682	0.0000	1.1019
1781	1.0000	0.9753	0.0000	1.1025
1782	1.0000	0.9612	0.0000	1.1031
1783	1.0000	0.9578	0.0000	1.1037
1784	1.0000	0.9666	0.0000	1.1044
1785	1.0000	0.9603	0.0000	1.1050
1786	1.0000	0.9635	0.0000	1.1056
1787	1.0000	0.9572	0.0000	1.1062
1788	1.0000	0.9714	0.0000	1.1069
1789	1.0000	0.9670	0.0000	1.1075
1790	1.0000	0.9695	0.0000	1.1081
1791	1.0000	0.9811	0.0000	1.1087
1792	1.0000	0.9769	0.0000	1.1094
1793	1.0000	0.9550	0.0000	1.1100
1794	1.0000	0.9731	0.0000	1.1106
1795	1.0000	0.9625	0.0000	1.1112
1796	1.0000	0.9765	0.0000	1.1118
1797	1.0000	0.9778	0.0000	1.1124
1798	1.0000	0.9774	0.0000	1.1131
1799	1.0000	0.9645	0.0000	1.1137
1800	1.0000	0.9764	0.0000	1.1143
1801	1.0000	0.9436	0.0000	1.1149
1802	1.0000	0.9594	0.0000	1.1155
1803	1.0000	0.9358	0.0000	1.1162
1804	1.0000	0.9431	0.0000	1.1168
1805	1.0000	0.9430	0.0000	1.1174
1806	1.0000	0.9583	0.0000	1.1180
1807	1.0000	0.9424	0.0000	1.1186
1808	1.0000	0.9560	0.0000	1.1193
1809	1.0000	0.9303	0.0000	1.1199
1810	1.0000	0.9245	0.0000	1.1205
1811	1.0000	0.9135	0.0000	1.1212
1812	1.0000	0.9105	0.0000	1.1218
1813	1.0000	0.9533	0.0000	1.1224
1814	1.0000	0.9504	0.0000	1.1230
1815	1.0000	0.9194	0.0000	1.1236
1816	1.0000	0.9580	0.0000	1.1243
1817	1.0000	0.9284	0.0000	1.1249
1818	1.0000	0.9374	0.0000	1.1255
1819	1.0000	0.9487	0.0000	1.1261
1820	1.0000	0.9489	0.0000	1.1267
1821	1.0000	0.9667	0.0000	1.1274
1822	1.0000	0.9649	0.0000	1.1280
1823	1.0000	0.9499	0.0000	1.1286
1824	1.0000	0.9317	0.0000	1.1292
1825	1.0000	0.9643	0.0000	1.1298
1826	1.0000	0.9512	0.0000	1.1304
1827	1.0000	0.9694	0.0000	1.1311
1828	1.0000	0.9545	0.0000	1.1317
1829	1.0000	0.9622	0.0000	1.1323
1830	1.0000	0.9427	0.0000	1.1329
1831	1.0000	0.9436	0.0000	1.1335
1832	1.0000	0.9566	0.0000	1.1342
1833	1.0000	0.9427	0.0000	1.1348
1834	1.0000	0.9489	0.0000	1.1354
1835	1.0000	0.9584	0.0000	1.1360
1836	1.0000	0.9440	0.0000	1.1367
1837	1.0000	0.9595	0.0000	1.1373
1838	1.0000	0.9451	0.0000	1.1379
1839	1.0000	0.9443	0.0000	1.1385
1840	1.0000	0.9520	0.0000	1.1392
1841	1.0000	0.9375	0.0000	1.1398
1842	1.0000	0.9347	0.0000	1.1404
1843	1.0000	0.9249	0.0000	1.1410
1844	1.0000	0.9450	0.0000	1.1417
1845	1.0000	0.9091	0.0000	1.1423
1846	1.0000	0.9216	0.0000	1.1429
1847	1.0000	0.9314	0.0000	1.1436
1848	1.0000	0.9501	0.0000	1.1442
1849	1.0000	0.9424	0.0000	1.1448
1850	1.0000	0.9457	0.0000	1.1454
1851	1.0000	0.9382	0.0000	1.1460
1852	1.0000	0.9461	0.0000	1.1467
1853	1.0000	0.9385	0.0000	1.1473
1854	1.0000	0.9458	0.0000	1.1479
1855	1.0000	0.9549	0.0000	1.1485
1856	1.0000	0.9638	0.0000	1.1492
1857	1.0000	0.9515	0.0000	1.1498
1858	1.0000	0.9576	0.0000	1.1504
1859	1.0000	0.9511	0.0000	1.1510
1860	1.0000	0.9509	0.0000	1.1517
1861	1.0000	0.9631	0.0000	1.1523
1862	1.0000	0.9484	0.0000	1.1529
1863	1.0000	0.9661	0.0000	1.1535
1864	1.0000	0.9720	0.0000	1.1542
1865	1.0000	0.9467	0.0000	1.1548
1866	1.0000	0.9554	0.0000	1.1554
1867	1.0000	0.9560	0.0000	1.1560
1868	1.0000	0.9381	0.0000	1.1566
1869	1.0000	0.9589	0.0000	1.1573
1870	1.0000	0.9319	0.0000	1.1579
1871	1.0000	0.9006	0.0000	1.1586
1872	1.0000	0.9187	0.0000	1.1592
1873	1.0000	0.9311	0.0000	1.1598
1874	1.0000	0.9279	0.0000	1.1605
1875	1.0000	0.9303	0.0000	1.1611
1876	1.0000	0.9381	0.0000	1.1617
1877	1.0000	0.9336	0.0000	1.1624
1878	1.0000	0.9350	0.0000	1.1630
1879	1.0000	0.9396	0.0000	1.1636
1880	1.0000	0.9355	0.0000	1.1642
1881	1.0000	0.9607	0.0000	1.1649
1882	1.0000	0.9499	0.0000	1.1655
1883	1.0000	0.9548	0.0000	1.1661
1884	1.0000	0.9603	0.0000	1.1667
1885	1.0000	0.9364	0.0000	1.1674
1886	1.0000	0.9587	0.0000	1.1680
1887	1.0000	0.9560	0.0000	1.1686
1888	1.0000	0.9463	0.0000	1.1692
1889	1.0000	0.9483	0.0000	1.1699
1890	1.0000	0.9534	0.0000	1.1705
1891	1.0000	0.9585	0.0000	1.1711
1892	1.0000	0.9444	0.0000	1.1717
1893	1.0000	0.9402	0.0000	1.1723
1894	1.0000	0.9389	0.0000	1.1730
1895	1.0000	0.9425	0.0000	1.1736
1896	1.0000	0.9318	0.0000	1.1742
1897	1.0000	0.9247	0.0000	1.1748
1898	1.0000	0.9391	0.0000	1.1754
1899	1.0000	0.9420	0.0000	1.1760
1900	1.0000	0.9409	0.0000	1.1766
1901	1.0000	0.9476	0.0000	1.1772
1902	1.0000	0.9502	0.0000	1.1779
1903	1.0000	0.9497	0.0000	1.1785
1904	1.0000	0.9556	0.0000	1.1791
1905	1.0000	0.9467	0.0000	1.1797
1906	1.0000	0.9482	0.0000	1.1803
1907	1.0000	0.9518	0.0000	1.1809
1908	1.0000	0.9555	0.0000	1.1816
1909	1.0000	0.9690	0.0000	1.1822
1910	1.0000	0.9551	0.0000	1.1828
1911	1.0000	0.9514	0.0000	1.1834
1912	1.0000	0.9457	0.0000	1.1841
1913	1.0000	0.9336	0.0000	1.1847
1914	1.0000	0.9539	0.0000	1.1853
1915	1.0000	0.9523	0.0000	1.1859
1916	1.0000	0.9534	0.0000	1.1865
1917	1.0000	0.9620	0.0000	1.1872
1918	1.0000	0.9398	0.0000	1.1878
1919	1.0000	0.9390	0.0000	1.1884
1920	1.0000	0.9171	0.0000	1.1891
1921	1.0000	0.9307	0.0000	1.1897
1922	1.0000	0.9180	0.0000	1.1903
1923	1.0000	0.9419	0.0000	1.1909
1924	1.0000	0.9382	0.0000	1.1915
1925	1.0000	0.9297	0.0000	1.1921
1926	1.0000	0.9315	0.0000	1.1928
1927	1.0000	0.9441	0.0000	1.1934
1928	1.0000	0.9438	0.0000	1.1940
1929	1.0000	0.9370	0.0000	1.1946
1930	1.0000	0.9510	0.0000	1.1952
1931	1.0000	0.9448	0.0000	1.1959
1932	1.0000	0.9377	0.0000	1.1965
1933	1.0000	0.9424	0.0000	1.1971
1934	1.0000	0.9354	0.0000	1.1977
1935	1.0000	0.9467	0.0000	1.1983
1936	1.0000	0.9502	0.0000	1.1989
1937	1.0000	0.9415	0.0000	1.1995
1938	1.0000	0.9519	0.0000	1.2002
1939	1.0000	0.9537	0.0000	1.2008
1940	1.0000	0.9426	0.0000	1.2014
1941	1.0000	0.9549	0.0000	1.2020
1942	1.0000	0.9538	0.0000	1.2026
1943	1.0000	0.9615	0.0000	1.2032
1944	1.0000	0.9583	0.0000	1.2039
1945	1.0000	0.9591	0.0000	1.2045
1946	1.0000	0.9509	0.0000	1.2051
1947	1.0000	0.9700	0.0000	1.2057
1948	1.0000	0.9638	0.0000	1.2063
1949	1.0000	0.9681	0.0000	1.2069
1950	1.0000	0.9607	0.0000	1.2076
1951	1.0000	0.9671	0.0000	1.2082
1952	1.0000	0.9714	0.0000	1.2088
1953	1.0000	0.9619	0.0000	1.2094
1954	1.0000	0.9726	0.0000	1.2100
1955	1.0000	0.9599	0.0000	1.2106
1956	1.0000	0.9728	0.0000	1.2113
1957	1.0000	0.9685	0.0000	1.2119
1958	1.0000	0.9711	0.0000	1.2125
1959	1.0000	0.9747	0.0000	1.2131
1960	1.0000	0.9760	0.0000	1.2137
1961	1.0000	0.9820	0.0000	1.2144
1962	1.0000	0.9826	0.0000	1.2150
1963	1.0000	0.9516	0.0000	1.2156
1964	1.0000	0.9711	0.0000	1.2162
1965	1.0000	0.9684	0.0000	1.2169
1966	1.0000	0.9796	0.0000	1.2175
1967	1.0000	0.9764	0.0000	1.2181
1968	1.0000	0.9753	0.0000	1.2187
1969	1.0000	0.9688	0.0000	1.2193
1970	1.0000	0.9662	0.0000	1.2200
1971	1.0000	0.9680	0.0000	1.2206
1972	1.0000	0.9708	0.0000	1.2212
1973	1.0000	0.9735	0.0000	1.2219
1974	1.0000	0.9652	0.0000	1.2225
1975	1.0000	0.9771	0.0000	1.2231
1976	1.0000	0.9767	0.0000	1.2237
1977	1.0000	0.9779	0.0000	1.2243
1978	1.0000	0.9628	0.0000	1.2249
1979	1.0000	0.9646	0.0000	1.2255
1980	1.0000	0.9572	0.0000	1.2261
1981	1.0000	0.9844	0.0000	1.2267
1982	1.0000	0.9789	0.0000	1.2274
1983	1.0000	0.9641	0.0000	1.2280
1984	1.0000	0.9656	0.0000	1.2286
1985	1.0000	0.9619	0.0000	1.2292
1986	1.0000	0.9732	0.0000	1.2298
1987	1.0000	0.9703	0.0000	1.2304
1988	1.0000	0.9677	0.0000	1.2311
1989	1.0000	0.9759	0.0000	1.2317
1990	1.0000	0.9759	0.0000	1.2323
1991	1.0000	0.9692	0.0000	1.2329
1992	1.0000	0.9690	0.0000	1.2335
1993	1.0000	0.9754	0.0000	1.2341
1994	1.0000	0.9647	0.0000	1.2348
1995	1.0000	0.9728	0.0000	1.2354
1996	1.0000	0.9614	0.0000	1.2360
1997	1.0000	0.9804	0.0000	1.2366
1998	1.0000	0.9604	0.0000	1.2372
1999	1.0000	0.9806	0.0000	1.2379
2000	1.0000	0.9598	0.0000	1.2385
2001	1.0000	0.9757	0.0000	1.2391
2002	1.0000	0.9665	0.0000	1.2397
2003	1.0000	0.9549	0.0000	1.2403
2004	1.0000	0.9369	0.0000	1.2410
2005	1.0000	0.9086	0.0000	1.2416
2006	1.0000	0.9027	0.0000	1.2422
2007	1.0000	0.9275	0.0000	1.2428
2008	1.0000	0.9369	0.0000	1.2434
2009	1.0000	0.9080	0.0000	1.2441
2010	1.0000	0.9400	0.0000	1.2447
2011	1.0000	0.9471	0.0000	1.2453
2012	1.0000	0.9256	0.0000	1.2459
2013	1.0000	0.9407	0.0000	1.2466
2014	1.0000	0.9594	0.0000	1.2472
2015	1.0000	0.9482	0.0000	1.2478
2016	1.0000	0.9582	0.0000	1.2484
2017	1.0000	0.9307	0.0000	1.2491
2018	1.0000	0.9446	0.0000	1.2497
2019	1.0000	0.9334	0.0000	1.2503
2020	1.0000	0.9548	0.0000	1.2509
2021	1.0000	0.9293	0.0000	1.2515
2022	1.0000	0.9464	0.0000	1.2521
2023	1.0000	0.9507	0.0000	1.2528
2024	1.0000	0.9556	0.0000	1.2534
2025	1.0000	0.9631	0.0000	1.2540
2026	1.0000	0.9652	0.0000	1.2546
2027	1.0000	0.9635	0.0000	1.2552
2028	1.0000	0.9675	0.0000	1.2558
2029	1.0000	0.9584	0.0000	1.2565
2030	1.0000	0.9653	0.0000	1.2571
2031	1.0000	0.9607	0.0000	1.2577
2032	1.0000	0.9591	0.0000	1.2583
2033	1.0000	0.9559	0.0000	1.2589
2034	1.0000	0.9633	0.0000	1.2596
2035	1.0000	0.9683	0.0000	1.2602
2036	1.0000	0.9616	0.0000	1.2608
2037	1.0000	0.9756	0.0000	1.2614
2038	1.0000	0.9718	0.0000	1.2621
2039	1.0000	0.9674	0.0000	1.2627
2040	1.0000	0.9667	0.0000	1.2633
2041	1.0000	0.9561	0.0000	1.2639
2042	1.0000	0.9607	0.0000	1.2645
2043	1.0000	0.9650	0.0000	1.2651
2044	1.0000	0.9658	0.0000	1.2658
2045	1.0000	0.9601	0.0000	1.2664
2046	1.0000	0.9755	0.0000	1.2670
2047	1.0000	0.9715	0.0000	1.2676
2048	1.0000	0.9701	0.0000	1.2682
2049	1.0000	0.9650	0.0000	1.2688
2050	1.0000	0.9659	0.0000	1.2695
2051	1.0000	0.9502	0.0000	1.2701
2052	1.0000	0.9477	0.0000	1.2707
2053	1.0000	0.9508	0.0000	1.2713
2054	1.0000	0.9504	0.0000	1.2719
2055	1.0000	0.9601	0.0000	1.2725
2056	1.0000	0.9667	0.0000	1.2732
2057	1.0000	0.9761	0.0000	1.2738
2058	1.0000	0.9618	0.0000	1.2744
2059	1.0000	0.9848	0.0000	1.2750
2060	1.0000	0.9561	0.0000	1.2756
2061	1.0000	0.9619	0.0000	1.2763
2062	1.0000	0.9677	0.0000	1.2769
2063	1.0000	0.9561	0.0000	1.2775
2064	1.0000	0.9721	0.0000	1.2781
2065	1.0000	0.9463	0.0000	1.2787
2066	1.0000	0.9554	0.0000	1.2793
2067	1.0000	0.9585	0.0000	1.2800
2068	1.0000	0.9515	0.0000	1.2806
2069	1.0000	0.9429	0.0000	1.2812
2070	1.0000	0.9398	0.0000	1.2819
2071	1.0000	0.9612	0.0000	1.2825
2072	1.0000	0.9532	0.0000	1.2831
2073	1.0000	0.9360	0.0000	1.2838
2074	1.0000	0.9533	0.0000	1.2844
2075	1.0000	0.9385	0.0000	1.2850
2076	1.0000	0.9427	0.0000	1.2856
2077	1.0000	0.9479	0.0000	1.2863
2078	1.0000	0.9393	0.0000	1.2869
2079	1.0000	0.9610	0.0000	1.2875
2080	1.0000	0.9538	0.0000	1.2881
2081	1.0000	0.9529	0.0000	1.2887
2082	1.0000	0.9573	0.0000	1.2894
2083	1.0000	0.9689	0.0000	1.2900
2084	1.0000	0.9687	0.0000	1.2906
2085	1.0000	0.9694	0.0000	1.2912
2086	1.0000	0.9630	0.0000	1.2918
2087	1.0000	0.9688	0.0000	1.2925
2088	1.0000	0.9622	0.0000	1.2931
2089	1.0000	0.9743	0.0000	1.2937
2090	1.0000	0.9747	0.0000	1.2944
2091	1.0000	0.9719	0.0000	1.2950
2092	1.0000	0.9694	0.0000	1.2956
2093	1.0000	0.9647	0.0000	1.2962
2094	1.0000	0.9657	0.0000	1.2968
2095	1.0000	0.9601	0.0000	1.2974
2096	1.0000	0.9710	0.0000	1.2980
2097	1.0000	0.9654	0.0000	1.2986
2098	1.0000	0.9733	0.0000	1.2992
2099	1.0000	0.9687	0.0000	1.2999
2100	1.0000	0.9837	0.0000	1.3005
2101	1.0000	0.9801	0.0000	1.3011
2102	1.0000	0.9429	0.0000	1.3017
2103	1.0000	0.9593	0.0000	1.3023
2104	1.0000	0.9523	0.0000	1.3029
2105	1.0000	0.9585	0.0000	1.3035
2106	1.0000	0.9537	0.0000	1.3042
2107	1.0000	0.9575	0.0000	1.3048
2108	1.0000	0.9471	0.0000	1.3054
2109	1.0000	0.9196	0.0000	1.3060
2110	1.0000	0.9341	0.0000	1.3067
2111	1.0000	0.9276	0.0000	1.3073
2112	1.0000	0.9165	0.0000	1.3079
2113	1.0000	0.9555	0.0000	1.3085
2114	1.0000	0.9233	0.0000	1.3091
2115	1.0000	0.9444	0.0000	1.3097
2116	1.0000	0.9467	0.0000	1.3104
2117	1.0000	0.9555	0.0000	1.3110
2118	1.0000	0.9687	0.0000	1.3116
2119	1.0000	0.9559	0.0000	1.3122
2120	1.0000	0.9445	0.0000	1.3128
2121	1.0000	0.9539	0.0000	1.3134
2122	1.0000	0.9539	0.0000	1.3140
2123	1.0000	0.9417	0.0000	1.3147
2124	1.0000	0.9566	0.0000	1.3153
2125	1.0000	0.9465	0.0000	1.3159
2126	1.0000	0.9398	0.0000	1.3165
2127	1.0000	0.9385	0.0000	1.3171
2128	1.0000	0.9434	0.0000	1.3177
2129	1.0000	0.9523	0.0000	1.3184
2130	1.0000	0.9368	0.0000	1.3190
2131	1.0000	0.9331	0.0000	1.3196
Pos: [7.706288151477513, 4.111205511160559, 2.193287817885755]

=================================================================================================================