ID: shubert	Date: 2019-05-03 17:12:16	Runs: 1
=================================================================================================================
Run: 0
Iter	Gbest	AvrFit	Diver	ETime	
0	129.5475	12.3243	0.0000	0.0007
1	129.5475	15.5973	0.0000	0.0013
2	129.5475	24.4597	0.0000	0.0019
3	129.5475	20.9639	0.0000	0.0024
4	129.5475	25.6900	0.0000	0.0030
5	172.5474	28.0123	0.0000	0.0036
6	172.5474	36.3402	0.0000	0.0041
7	183.1434	34.3429	0.0000	0.0047
8	183.1434	32.5846	0.0000	0.0054
9	183.1434	36.1489	0.0000	0.0058
10	183.1434	37.3438	0.0000	0.0065
11	183.1434	46.0168	0.0000	0.0070
12	183.1434	51.5967	0.0000	0.0075
13	183.1434	54.2679	0.0000	0.0081
14	183.1434	51.0977	0.0000	0.0087
15	183.1434	52.9380	0.0000	0.0091
16	183.1434	52.7493	0.0000	0.0097
17	183.1434	55.6097	0.0000	0.0103
18	183.1434	54.4391	0.0000	0.0107
19	183.1434	51.7777	0.0000	0.0112
20	183.1434	51.5673	0.0000	0.0118
21	183.1434	62.3469	0.0000	0.0124
22	183.1434	47.0136	0.0000	0.0129
23	183.1434	60.0613	0.0000	0.0135
24	184.4695	57.9311	0.0000	0.0141
25	184.4695	59.0960	0.0000	0.0145
26	184.4695	63.3865	0.0000	0.0151
27	184.4695	65.9229	0.0000	0.0157
28	184.4695	66.7334	0.0000	0.0164
29	184.4695	64.7307	0.0000	0.0168
30	184.4695	64.7604	0.0000	0.0174
31	184.4695	68.6910	0.0000	0.0180
32	184.4695	60.5765	0.0000	0.0185
33	184.4695	59.9963	0.0000	0.0190
34	186.5202	64.1382	0.0000	0.0196
35	186.5202	58.8107	0.0000	0.0202
36	186.6687	66.8180	0.0000	0.0207
37	186.6687	73.9417	0.0000	0.0213
38	186.6687	80.1814	0.0000	0.0218
39	186.6687	73.7437	0.0000	0.0224
40	186.6687	71.1273	0.0000	0.0230
41	186.6687	61.1747	0.0000	0.0235
42	186.6687	75.2079	0.0000	0.0240
43	186.6687	80.5056	0.0000	0.0246
44	186.6687	77.3887	0.0000	0.0251
45	186.6687	73.8956	0.0000	0.0255
46	186.6687	73.9159	0.0000	0.0261
47	186.6687	72.4122	0.0000	0.0267
48	186.6687	80.6350	0.0000	0.0271
49	186.6687	75.3000	0.0000	0.0275
50	186.6687	78.3251	0.0000	0.0280
51	186.7263	76.2727	0.0000	0.0286
52	186.7263	79.1559	0.0000	0.0292
53	186.7263	85.6037	0.0000	0.0296
54	186.7263	72.0818	0.0000	0.0300
55	186.7263	89.3424	0.0000	0.0305
56	186.7263	83.8462	0.0000	0.0312
57	186.7263	83.8951	0.0000	0.0317
58	186.7263	83.7862	0.0000	0.0320
59	186.7263	82.2792	0.0000	0.0325
60	186.7263	84.8098	0.0000	0.0332
61	186.7263	75.0553	0.0000	0.0338
62	186.7263	81.6021	0.0000	0.0342
63	186.7263	81.6240	0.0000	0.0347
64	186.7263	77.6413	0.0000	0.0354
65	186.7263	84.3870	0.0000	0.0360
66	186.7263	86.6302	0.0000	0.0365
67	186.7263	82.2875	0.0000	0.0372
68	186.7263	73.1423	0.0000	0.0378
69	186.7263	80.9825	0.0000	0.0382
70	186.7263	80.6390	0.0000	0.0388
71	186.7263	80.8743	0.0000	0.0395
72	186.7263	76.0473	0.0000	0.0400
73	186.7263	78.0538	0.0000	0.0406
74	186.7263	87.5796	0.0000	0.0412
75	186.7263	85.0789	0.0000	0.0415
76	186.7263	85.5910	0.0000	0.0420
77	186.7263	77.2563	0.0000	0.0427
78	186.7263	82.6031	0.0000	0.0432
79	186.7263	84.2178	0.0000	0.0436
80	186.7263	96.5997	0.0000	0.0443
81	186.7263	85.9212	0.0000	0.0449
82	186.7263	80.4857	0.0000	0.0453
83	186.7263	81.9606	0.0000	0.0459
84	186.7263	90.5493	0.0000	0.0466
85	186.7263	93.6492	0.0000	0.0472
86	186.7263	87.2523	0.0000	0.0479
87	186.7263	89.9143	0.0000	0.0486
88	186.7263	92.4401	0.0000	0.0493
89	186.7263	87.7792	0.0000	0.0499
90	186.7263	85.6130	0.0000	0.0505
91	186.7263	85.5829	0.0000	0.0510
92	186.7263	88.0148	0.0000	0.0514
93	186.7263	89.1032	0.0000	0.0519
94	186.7263	87.8446	0.0000	0.0525
95	186.7263	94.3228	0.0000	0.0531
96	186.7263	82.5144	0.0000	0.0536
97	186.7263	93.1312	0.0000	0.0540
98	186.7263	88.1710	0.0000	0.0546
99	186.6687	84.1311	0.0000	0.0559
100	186.6687	21.9868	0.0000	0.0563
101	186.6687	27.1211	0.0000	0.0570
102	186.6687	22.9092	0.0000	0.0576
103	186.6687	28.8221	0.0000	0.0581
104	186.6687	30.2473	0.0000	0.0586
105	186.6687	37.5149	0.0000	0.0593
106	186.6687	27.7421	0.0000	0.0598
107	186.6687	26.5563	0.0000	0.0604
108	186.6687	37.4396	0.0000	0.0610
109	186.6687	37.8391	0.0000	0.0616
110	186.6687	42.3084	0.0000	0.0622
111	186.6687	44.2290	0.0000	0.0628
112	186.6687	49.5109	0.0000	0.0633
113	186.6687	51.6016	0.0000	0.0639
114	186.6687	56.0237	0.0000	0.0646
115	186.6687	47.8455	0.0000	0.0650
116	186.6687	46.6933	0.0000	0.0656
117	186.6687	47.3644	0.0000	0.0662
118	186.6687	54.2540	0.0000	0.0667
119	186.6687	56.9445	0.0000	0.0673
120	186.6687	51.7268	0.0000	0.0679
121	186.6687	52.9986	0.0000	0.0683
122	186.6687	56.3133	0.0000	0.0689
123	186.6687	61.0248	0.0000	0.0695
124	186.6687	57.6200	0.0000	0.0700
125	186.6687	54.6329	0.0000	0.0706
126	186.6687	51.5974	0.0000	0.0711
127	186.6687	57.4866	0.0000	0.0715
128	186.6687	60.0719	0.0000	0.0721
129	186.6687	60.4595	0.0000	0.0727
130	186.6687	62.5990	0.0000	0.0731
131	186.6687	58.5410	0.0000	0.0737
132	186.6687	61.9756	0.0000	0.0743
133	186.6687	59.8198	0.0000	0.0749
134	186.6687	59.0428	0.0000	0.0753
135	186.6687	73.4072	0.0000	0.0759
136	186.6687	66.4386	0.0000	0.0765
137	186.6687	69.0536	0.0000	0.0770
138	186.6687	64.2493	0.0000	0.0774
139	186.6687	62.0161	0.0000	0.0779
140	186.6687	70.6989	0.0000	0.0785
141	186.6687	67.5951	0.0000	0.0791
142	186.6687	68.9959	0.0000	0.0795
143	186.6687	72.9098	0.0000	0.0800
144	186.6687	67.4941	0.0000	0.0806
145	186.6687	69.6356	0.0000	0.0812
146	186.6687	69.9708	0.0000	0.0816
147	186.6687	68.8490	0.0000	0.0820
148	186.6687	70.2981	0.0000	0.0826
149	186.6687	69.0487	0.0000	0.0832
150	186.6687	72.1205	0.0000	0.0837
151	186.6687	76.4688	0.0000	0.0840
152	186.6687	74.6652	0.0000	0.0845
153	186.6687	79.7322	0.0000	0.0851
154	186.6687	70.6925	0.0000	0.0857
155	186.6687	73.7071	0.0000	0.0862
156	186.6687	81.5132	0.0000	0.0866
157	186.6687	82.0152	0.0000	0.0871
158	186.6687	79.0043	0.0000	0.0877
159	186.6687	73.0083	0.0000	0.0883
160	186.6687	84.0486	0.0000	0.0887
161	186.6687	85.8935	0.0000	0.0892
162	186.6687	84.4056	0.0000	0.0898
163	186.6687	75.8783	0.0000	0.0904
164	186.6687	79.2323	0.0000	0.0908
165	186.6687	93.1233	0.0000	0.0912
166	186.6687	88.8370	0.0000	0.0918
167	186.6687	70.3869	0.0000	0.0924
168	186.6687	81.0703	0.0000	0.0929
169	186.6687	89.4292	0.0000	0.0934
170	186.6687	78.4256	0.0000	0.0940
171	186.6687	92.6790	0.0000	0.0946
172	186.6687	87.8303	0.0000	0.0950
173	186.6687	83.1097	0.0000	0.0956
174	186.6687	75.3213	0.0000	0.0962
175	186.6687	78.6652	0.0000	0.0967
176	186.6687	86.6310	0.0000	0.0973
177	186.6687	71.1769	0.0000	0.0979
178	186.6687	93.4324	0.0000	0.0985
179	186.6687	78.1701	0.0000	0.0990
180	186.6687	81.0953	0.0000	0.0996
181	186.6687	78.4376	0.0000	0.1002
182	186.6687	80.2278	0.0000	0.1006
183	186.6687	86.9793	0.0000	0.1010
184	186.6687	90.7769	0.0000	0.1016
185	186.6687	83.7986	0.0000	0.1022
186	186.6687	87.1060	0.0000	0.1026
187	186.6687	81.6229	0.0000	0.1030
188	186.6687	75.4347	0.0000	0.1035
189	186.6687	76.8600	0.0000	0.1041
190	186.6687	83.4874	0.0000	0.1047
191	186.6687	84.0282	0.0000	0.1052
192	186.6687	81.9714	0.0000	0.1057
193	186.6687	82.9470	0.0000	0.1062
194	186.6687	92.9011	0.0000	0.1068
195	186.6687	86.9992	0.0000	0.1072
196	186.6687	77.7437	0.0000	0.1077
197	186.6687	88.0698	0.0000	0.1083
198	186.6687	89.2889	0.0000	0.1089
199	186.6687	80.6587	0.0000	0.1093
200	186.6687	86.3586	0.0000	0.1112
201	186.6687	30.4279	0.0000	0.1116
202	186.6687	31.3168	0.0000	0.1121
203	186.6687	35.7628	0.0000	0.1127
204	186.6687	40.3918	0.0000	0.1132
205	186.6687	46.5241	0.0000	0.1137
206	186.6687	37.6946	0.0000	0.1144
207	186.6687	42.2663	0.0000	0.1150
208	186.6687	45.1547	0.0000	0.1154
209	186.6687	46.4876	0.0000	0.1160
210	186.6687	50.1492	0.0000	0.1166
211	186.6687	45.7597	0.0000	0.1171
212	186.6687	47.6039	0.0000	0.1177
213	186.6687	53.0160	0.0000	0.1183
214	186.6687	48.2975	0.0000	0.1188
215	186.6687	48.6964	0.0000	0.1192
216	186.6687	46.9864	0.0000	0.1199
217	186.6687	45.0711	0.0000	0.1205
218	186.6687	58.4723	0.0000	0.1209
219	186.6687	45.9258	0.0000	0.1215
220	186.6687	46.9838	0.0000	0.1221
221	186.6687	45.6346	0.0000	0.1225
222	186.6687	51.2675	0.0000	0.1230
223	186.6687	50.2091	0.0000	0.1236
224	186.6687	50.1960	0.0000	0.1242
225	186.6687	53.3584	0.0000	0.1246
226	186.6687	57.2846	0.0000	0.1251
227	186.6687	55.6700	0.0000	0.1257
228	186.7254	54.9186	0.0000	0.1263
229	186.7254	61.3781	0.0000	0.1267
230	186.7254	62.7918	0.0000	0.1271
231	186.7254	64.8802	0.0000	0.1277
232	186.7254	61.7742	0.0000	0.1283
233	186.7254	52.4825	0.0000	0.1287
234	186.7254	58.8732	0.0000	0.1291
235	186.7254	55.8550	0.0000	0.1297
236	186.7254	60.7247	0.0000	0.1303
237	186.7254	62.0705	0.0000	0.1307
238	186.7254	64.9200	0.0000	0.1312
239	186.7254	73.3641	0.0000	0.1319
240	186.7254	73.2776	0.0000	0.1325
241	186.7254	65.1925	0.0000	0.1331
242	186.7254	66.4504	0.0000	0.1337
243	186.7254	66.8587	0.0000	0.1343
244	186.7254	75.5271	0.0000	0.1349
245	186.7254	64.5482	0.0000	0.1353
246	186.7254	65.0557	0.0000	0.1356
247	186.7254	64.2671	0.0000	0.1361
248	186.7254	74.5031	0.0000	0.1367
249	186.7254	67.8552	0.0000	0.1373
250	186.7254	54.7136	0.0000	0.1378
251	186.7254	68.5346	0.0000	0.1383
252	186.7254	65.1806	0.0000	0.1389
253	186.7254	86.2996	0.0000	0.1395
254	186.7254	73.8790	0.0000	0.1399
255	186.7254	75.0880	0.0000	0.1404
256	186.7254	70.4691	0.0000	0.1410
257	186.7254	73.6955	0.0000	0.1416
258	186.7254	83.5366	0.0000	0.1421
259	186.7254	72.7097	0.0000	0.1425
260	186.7254	76.3863	0.0000	0.1431
261	186.7254	77.0263	0.0000	0.1437
262	186.7254	72.1661	0.0000	0.1442
263	186.7254	75.3009	0.0000	0.1447
264	186.7254	64.6743	0.0000	0.1451
265	186.7254	77.9404	0.0000	0.1456
266	186.7254	74.7895	0.0000	0.1461
267	186.7254	80.5841	0.0000	0.1465
268	186.7254	69.4051	0.0000	0.1471
269	186.7254	73.9906	0.0000	0.1478
270	186.7254	76.3909	0.0000	0.1483
271	186.7254	77.6873	0.0000	0.1487
272	186.7254	71.9341	0.0000	0.1493
273	186.7254	86.7353	0.0000	0.1500
274	186.7254	78.8662	0.0000	0.1505
275	186.7254	72.3302	0.0000	0.1511
276	186.7254	85.1357	0.0000	0.1518
277	186.7254	69.5645	0.0000	0.1522
278	186.7254	69.8535	0.0000	0.1528
279	186.7254	68.4722	0.0000	0.1535
280	186.7254	76.5786	0.0000	0.1539
281	186.7254	76.6194	0.0000	0.1544
282	186.7254	82.4301	0.0000	0.1551
283	186.7254	81.9947	0.0000	0.1556
284	186.7254	84.5756	0.0000	0.1561
285	186.7254	75.3940	0.0000	0.1568
286	186.7254	76.7829	0.0000	0.1573
287	186.7254	73.9603	0.0000	0.1579
288	186.7254	72.3687	0.0000	0.1585
289	186.7254	83.0408	0.0000	0.1590
290	186.7254	80.3148	0.0000	0.1596
291	186.7254	78.6044	0.0000	0.1602
292	186.7254	80.4230	0.0000	0.1608
293	186.7254	78.0831	0.0000	0.1613
294	186.7254	79.7478	0.0000	0.1619
295	186.7254	98.0031	0.0000	0.1625
296	186.7254	86.0908	0.0000	0.1631
297	186.7254	78.9228	0.0000	0.1637
298	186.7254	90.8852	0.0000	0.1642
299	186.7254	89.8973	0.0000	0.1647
300	186.7254	84.2081	0.0000	0.1653
301	186.7254	88.9891	0.0000	0.1672
302	186.7254	50.7287	0.0000	0.1677
303	186.7254	55.6472	0.0000	0.1681
304	186.7254	50.9889	0.0000	0.1687
305	186.7254	58.0540	0.0000	0.1693
306	186.7254	46.6511	0.0000	0.1699
307	186.7254	41.4360	0.0000	0.1703
308	186.7254	42.6389	0.0000	0.1707
309	186.7254	48.6775	0.0000	0.1715
310	186.7254	52.3020	0.0000	0.1722
311	186.7254	51.2474	0.0000	0.1727
312	186.7254	51.3942	0.0000	0.1733
313	186.7254	53.0160	0.0000	0.1739
314	186.7254	68.8131	0.0000	0.1745
315	186.7254	49.4284	0.0000	0.1752
316	186.7254	48.7170	0.0000	0.1757
317	186.7254	55.0342	0.0000	0.1764
318	186.7254	59.0700	0.0000	0.1770
319	186.7254	43.9728	0.0000	0.1776
320	186.7254	55.7792	0.0000	0.1780
321	186.7254	53.9079	0.0000	0.1785
322	186.7254	59.2364	0.0000	0.1791
323	186.7254	61.1969	0.0000	0.1796
324	186.7254	57.7735	0.0000	0.1801
325	186.7254	55.4573	0.0000	0.1807
326	186.7254	63.9283	0.0000	0.1813
327	186.7254	65.7285	0.0000	0.1818
328	186.7254	64.9713	0.0000	0.1824
329	186.7254	63.3662	0.0000	0.1830
330	186.7254	66.6477	0.0000	0.1834
331	186.7254	69.8679	0.0000	0.1839
332	186.7254	67.7375	0.0000	0.1846
333	186.7254	68.3549	0.0000	0.1851
334	186.7254	70.1575	0.0000	0.1855
335	186.7254	72.8073	0.0000	0.1861
336	186.7254	62.7955	0.0000	0.1868
337	186.7254	68.4153	0.0000	0.1871
338	186.7254	67.5742	0.0000	0.1877
339	186.7254	68.1689	0.0000	0.1883
340	186.7254	63.1871	0.0000	0.1890
341	186.7254	77.4709	0.0000	0.1897
342	186.7254	63.8699	0.0000	0.1904
343	186.7254	76.0897	0.0000	0.1911
344	186.7254	77.2442	0.0000	0.1917
345	186.7254	75.2185	0.0000	0.1924
346	186.7254	65.3691	0.0000	0.1931
347	186.7254	77.3946	0.0000	0.1938
348	186.7254	68.5822	0.0000	0.1945
349	186.7254	81.4506	0.0000	0.1952
350	186.7254	85.1781	0.0000	0.1959
351	186.7254	69.5177	0.0000	0.1965
352	186.7254	81.6623	0.0000	0.1971
353	186.7254	80.7002	0.0000	0.1977
354	186.7254	80.6093	0.0000	0.1983
355	186.7254	76.7842	0.0000	0.1986
356	186.7254	74.9556	0.0000	0.1991
357	186.7254	79.6661	0.0000	0.1998
358	186.7254	76.7337	0.0000	0.2004
359	186.7254	79.3899	0.0000	0.2008
360	186.7254	69.1865	0.0000	0.2014
361	186.7261	66.7806	0.0000	0.2020
362	186.7261	85.3285	0.0000	0.2025
363	186.7261	74.5180	0.0000	0.2031
364	186.7261	81.5156	0.0000	0.2037
365	186.7261	71.9400	0.0000	0.2041
366	186.7261	80.4869	0.0000	0.2047
367	186.7261	67.0502	0.0000	0.2053
368	186.7261	75.2848	0.0000	0.2058
369	186.7261	75.3734	0.0000	0.2063
370	186.7261	71.9467	0.0000	0.2069
371	186.7261	72.8435	0.0000	0.2075
372	186.7261	73.5548	0.0000	0.2080
373	186.7261	81.0990	0.0000	0.2086
374	186.7261	76.6282	0.0000	0.2092
375	186.7261	81.1290	0.0000	0.2096
376	186.7261	86.6459	0.0000	0.2102
377	186.7261	77.7275	0.0000	0.2108
378	186.7261	81.2756	0.0000	0.2114
379	186.7261	75.0712	0.0000	0.2118
380	186.7261	80.7673	0.0000	0.2124
381	186.7261	82.9992	0.0000	0.2130
382	186.7261	82.2374	0.0000	0.2136
383	186.7261	84.5691	0.0000	0.2141
384	186.7261	82.4943	0.0000	0.2147
385	186.7261	80.9781	0.0000	0.2153
386	186.7261	84.3222	0.0000	0.2157
387	186.7261	87.2543	0.0000	0.2162
388	186.7261	84.2614	0.0000	0.2168
389	186.7261	83.1279	0.0000	0.2173
390	186.7261	97.4117	0.0000	0.2178
391	186.7261	74.1389	0.0000	0.2185
392	186.7261	87.3705	0.0000	0.2190
393	186.7261	91.4742	0.0000	0.2195
394	186.7261	94.5703	0.0000	0.2201
395	186.7261	92.1764	0.0000	0.2207
396	186.7261	86.0511	0.0000	0.2211
397	186.7261	92.0247	0.0000	0.2216
398	186.7261	89.2964	0.0000	0.2222
399	186.7261	87.1031	0.0000	0.2228
400	186.7261	84.9178	0.0000	0.2233
401	186.7261	84.3114	0.0000	0.2239
402	186.7261	85.1348	0.0000	0.2255
403	186.7261	65.9683	0.0000	0.2261
404	186.7261	71.2696	0.0000	0.2267
405	186.7261	70.8076	0.0000	0.2276
406	186.7261	63.4184	0.0000	0.2282
407	186.7261	55.3551	0.0000	0.2289
408	186.7261	61.2701	0.0000	0.2296
409	186.7261	64.1124	0.0000	0.2301
410	186.7261	53.6185	0.0000	0.2309
411	186.7261	53.7860	0.0000	0.2315
412	186.7261	66.5200	0.0000	0.2319
413	186.7261	58.7403	0.0000	0.2325
414	186.7261	52.4997	0.0000	0.2332
415	186.7261	61.6307	0.0000	0.2337
416	186.7261	67.4774	0.0000	0.2343
417	186.7261	69.0697	0.0000	0.2350
418	186.7261	72.8135	0.0000	0.2355
419	186.7261	66.9553	0.0000	0.2362
420	186.7261	69.7029	0.0000	0.2368
421	186.7261	63.3563	0.0000	0.2372
422	186.7261	63.0756	0.0000	0.2378
423	186.7261	60.1353	0.0000	0.2385
424	186.7261	65.5527	0.0000	0.2389
425	186.7261	67.5355	0.0000	0.2395
426	186.7261	86.8587	0.0000	0.2401
427	186.7261	68.5035	0.0000	0.2406
428	186.7261	80.5232	0.0000	0.2412
429	186.7261	72.4665	0.0000	0.2418
430	186.7261	81.3547	0.0000	0.2424
431	186.7261	86.5554	0.0000	0.2428
432	186.7261	72.2858	0.0000	0.2434
433	186.7261	78.4216	0.0000	0.2440
434	186.7261	72.4406	0.0000	0.2445
435	186.7261	70.9687	0.0000	0.2449
436	186.7261	81.3410	0.0000	0.2454
437	186.7261	77.3048	0.0000	0.2460
438	186.7261	81.0788	0.0000	0.2465
439	186.7261	80.5995	0.0000	0.2471
440	186.7261	80.0881	0.0000	0.2477
441	186.7261	81.6918	0.0000	0.2482
442	186.7261	75.2454	0.0000	0.2488
443	186.7261	85.0268	0.0000	0.2495
444	186.7261	81.6022	0.0000	0.2499
445	186.7261	76.0897	0.0000	0.2505
446	186.7261	81.9708	0.0000	0.2511
447	186.7261	82.2175	0.0000	0.2515
448	186.7261	75.0548	0.0000	0.2520
449	186.7261	79.3140	0.0000	0.2526
450	186.7261	80.9609	0.0000	0.2532
451	186.7261	75.3393	0.0000	0.2537
452	186.7261	77.6273	0.0000	0.2543
453	186.7261	76.8232	0.0000	0.2549
454	186.7261	81.5557	0.0000	0.2553
455	186.7261	77.2948	0.0000	0.2559
456	186.7261	89.3189	0.0000	0.2566
457	186.7261	84.2601	0.0000	0.2570
458	186.7261	86.6400	0.0000	0.2576
459	186.7261	89.6622	0.0000	0.2582
460	186.7261	96.7031	0.0000	0.2587
461	186.7261	87.1565	0.0000	0.2590
462	186.7261	80.4169	0.0000	0.2595
463	186.7261	86.0460	0.0000	0.2601
464	186.7261	77.4894	0.0000	0.2607
465	186.7261	87.5892	0.0000	0.2612
466	186.7261	84.8100	0.0000	0.2618
467	186.7261	87.9026	0.0000	0.2624
468	186.7261	87.4471	0.0000	0.2628
469	186.7261	82.1800	0.0000	0.2635
470	186.7261	80.0965	0.0000	0.2641
471	186.7261	86.8582	0.0000	0.2645
472	186.7261	91.4809	0.0000	0.2651
473	186.7261	82.9058	0.0000	0.2657
474	186.7261	90.7246	0.0000	0.2662
475	186.7261	84.4289	0.0000	0.2667
476	186.7261	82.6165	0.0000	0.2673
477	186.7261	84.0936	0.0000	0.2679
478	186.7261	90.6731	0.0000	0.2682
479	186.7261	80.6699	0.0000	0.2688
480	186.7261	77.0492	0.0000	0.2694
481	186.7261	85.0637	0.0000	0.2699
482	186.7261	84.4558	0.0000	0.2705
483	186.7261	86.0684	0.0000	0.2711
484	186.7261	88.3663	0.0000	0.2716
485	186.7261	82.2630	0.0000	0.2721
486	186.7261	86.1998	0.0000	0.2728
487	186.7261	80.4773	0.0000	0.2733
488	186.7261	85.8306	0.0000	0.2737
489	186.7261	88.0205	0.0000	0.2743
490	186.7261	91.0872	0.0000	0.2749
491	186.7261	88.1717	0.0000	0.2754
492	186.7261	71.9930	0.0000	0.2760
493	186.7261	87.1493	0.0000	0.2766
494	186.7261	87.1257	0.0000	0.2771
495	186.7261	89.3054	0.0000	0.2776
496	186.7261	90.9630	0.0000	0.2782
497	186.7261	78.5389	0.0000	0.2787
498	186.7261	85.9438	0.0000	0.2792
499	186.7261	89.5644	0.0000	0.2798
500	186.7261	90.9076	0.0000	0.2804
501	186.7261	83.6073	0.0000	0.2810
502	186.7261	82.1245	0.0000	0.2817
503	186.7261	81.7753	0.0000	0.2830
504	186.7261	80.4534	0.0000	0.2837
505	186.7261	70.7811	0.0000	0.2843
506	186.7261	62.8691	0.0000	0.2852
507	186.7261	65.9047	0.0000	0.2859
508	186.7261	61.9214	0.0000	0.2868
509	186.7261	62.8866	0.0000	0.2875
510	186.7261	58.5296	0.0000	0.2881
511	186.7261	67.7231	0.0000	0.2888
512	186.7261	62.8150	0.0000	0.2895
513	186.7261	67.9706	0.0000	0.2902
514	186.7261	51.1868	0.0000	0.2909
515	186.7261	62.9883	0.0000	0.2915
516	186.7261	58.6999	0.0000	0.2922
517	186.7261	57.1686	0.0000	0.2928
518	186.7261	63.7666	0.0000	0.2935
519	186.7261	66.3340	0.0000	0.2940
520	186.7261	68.4319	0.0000	0.2946
521	186.7261	63.0305	0.0000	0.2952
522	186.7261	53.5728	0.0000	0.2958
523	186.7261	63.9298	0.0000	0.2963
524	186.7261	67.5943	0.0000	0.2970
525	186.7261	69.3601	0.0000	0.2976
526	186.7261	70.4116	0.0000	0.2980
527	186.7261	75.6138	0.0000	0.2984
528	186.7261	72.8648	0.0000	0.2991
529	186.7261	70.3853	0.0000	0.2997
530	186.7261	69.0227	0.0000	0.3001
531	186.7261	73.5493	0.0000	0.3005
532	186.7261	62.5698	0.0000	0.3012
533	186.7261	66.0352	0.0000	0.3019
534	186.7261	74.4596	0.0000	0.3024
535	186.7261	79.9511	0.0000	0.3031
536	186.7261	63.2211	0.0000	0.3036
537	186.7261	78.5272	0.0000	0.3042
538	186.7261	73.4072	0.0000	0.3048
539	186.7261	69.6735	0.0000	0.3054
540	186.7261	69.4506	0.0000	0.3060
541	186.7261	77.4291	0.0000	0.3067
542	186.7261	84.6589	0.0000	0.3071
543	186.7261	79.7262	0.0000	0.3077
544	186.7261	78.9701	0.0000	0.3084
545	186.7261	72.0733	0.0000	0.3089
546	186.7261	77.4642	0.0000	0.3095
547	186.7261	63.1476	0.0000	0.3101
548	186.7261	72.1118	0.0000	0.3106
549	186.7261	83.7904	0.0000	0.3112
550	186.7261	69.0367	0.0000	0.3119
551	186.7261	79.5871	0.0000	0.3123
552	186.7261	73.4806	0.0000	0.3130
553	186.7261	78.0905	0.0000	0.3136
554	186.7261	77.7225	0.0000	0.3141
555	186.7261	73.9276	0.0000	0.3148
556	186.7261	82.7158	0.0000	0.3154
557	186.7261	72.9777	0.0000	0.3159
558	186.7261	77.5824	0.0000	0.3165
559	186.7261	77.5581	0.0000	0.3171
560	186.7261	72.1304	0.0000	0.3176
561	186.7261	78.7145	0.0000	0.3182
562	186.7261	79.6992	0.0000	0.3187
563	186.7261	85.5815	0.0000	0.3191
564	186.7261	81.1723	0.0000	0.3198
565	186.7261	75.6811	0.0000	0.3204
566	186.7261	77.3328	0.0000	0.3209
567	186.7261	70.4343	0.0000	0.3215
568	186.7261	76.6980	0.0000	0.3221
569	186.7261	65.6304	0.0000	0.3226
570	186.7261	71.0919	0.0000	0.3232
571	186.7261	73.2397	0.0000	0.3238
572	186.7261	74.4339	0.0000	0.3242
573	186.7261	81.5928	0.0000	0.3247
574	186.7261	71.1907	0.0000	0.3254
575	186.7261	69.1041	0.0000	0.3260
576	186.7261	78.9817	0.0000	0.3265
577	186.7261	67.4353	0.0000	0.3271
578	186.7261	79.9705	0.0000	0.3278
579	186.7261	70.9883	0.0000	0.3282
580	186.7261	72.9958	0.0000	0.3288
581	186.7261	87.6814	0.0000	0.3295
582	186.7261	79.6962	0.0000	0.3299
583	186.7261	84.1572	0.0000	0.3304
584	186.7261	78.8306	0.0000	0.3311
585	186.7261	81.4474	0.0000	0.3316
586	186.7261	93.2086	0.0000	0.3321
587	186.7261	89.5555	0.0000	0.3327
588	186.7261	83.1833	0.0000	0.3334
589	186.7261	72.8499	0.0000	0.3340
590	186.7235	92.5619	0.0000	0.3348
591	186.7235	80.4532	0.0000	0.3354
592	186.7235	87.8594	0.0000	0.3360
593	186.7235	85.7294	0.0000	0.3367
594	186.7235	66.0287	0.0000	0.3374
595	186.7235	78.3440	0.0000	0.3379
596	186.7235	76.3917	0.0000	0.3386
597	186.7235	81.0540	0.0000	0.3393
598	186.7235	85.5112	0.0000	0.3398
599	186.7235	81.7863	0.0000	0.3405
600	186.7235	88.6320	0.0000	0.3413
601	186.7235	78.3743	0.0000	0.3418
602	186.7235	82.5213	0.0000	0.3427
603	186.7235	80.7908	0.0000	0.3435
604	186.7235	72.7481	0.0000	0.3451
605	186.7235	63.2620	0.0000	0.3456
606	186.7235	69.7492	0.0000	0.3466
607	186.7235	74.8341	0.0000	0.3475
608	186.7269	72.9712	0.0000	0.3482
609	186.7269	75.9552	0.0000	0.3491
610	186.7269	74.6072	0.0000	0.3498
611	186.7269	72.3957	0.0000	0.3506
612	186.7269	64.9632	0.0000	0.3512
613	186.7269	66.1280	0.0000	0.3524
614	186.7269	67.0789	0.0000	0.3529
615	186.7303	69.8245	0.0000	0.3538
616	186.7303	65.6474	0.0000	0.3544
617	186.7303	69.8720	0.0000	0.3550
618	186.7303	65.6873	0.0000	0.3557
619	186.7303	70.0226	0.0000	0.3563
620	186.7303	70.0366	0.0000	0.3571
621	186.7303	62.8103	0.0000	0.3579
622	186.7303	70.9573	0.0000	0.3583
623	186.7303	67.2926	0.0000	0.3589
624	186.7303	74.7295	0.0000	0.3596
625	186.7303	75.1498	0.0000	0.3602
626	186.7303	75.3484	0.0000	0.3607
627	186.7303	68.3521	0.0000	0.3612
628	186.7180	74.1466	0.0000	0.3620
629	186.7180	77.3900	0.0000	0.3626
630	186.7180	74.6132	0.0000	0.3631
631	186.7180	68.2690	0.0000	0.3636
632	186.7180	76.1984	0.0000	0.3645
633	186.7180	72.3600	0.0000	0.3651
634	186.7180	69.2950	0.0000	0.3655
635	186.7180	70.4674	0.0000	0.3660
636	186.7180	77.4757	0.0000	0.3667
637	186.7180	72.2672	0.0000	0.3673
638	186.7180	85.6807	0.0000	0.3678
639	186.7180	78.5508	0.0000	0.3683
640	186.7180	78.3294	0.0000	0.3689
641	186.7180	80.4759	0.0000	0.3696
642	186.7180	81.6934	0.0000	0.3700
643	186.7180	79.9444	0.0000	0.3704
644	186.7180	82.3377	0.0000	0.3711
645	186.7180	93.7294	0.0000	0.3719
646	186.7180	88.5160	0.0000	0.3723
647	186.7180	79.1266	0.0000	0.3728
648	186.7180	90.2058	0.0000	0.3735
649	186.7180	81.3518	0.0000	0.3742
650	186.7180	89.0465	0.0000	0.3747
651	186.7180	86.7861	0.0000	0.3751
652	186.7180	90.5625	0.0000	0.3757
653	186.7180	75.7049	0.0000	0.3764
654	186.7180	84.8675	0.0000	0.3770
655	186.7180	75.1354	0.0000	0.3775
656	186.7180	82.8646	0.0000	0.3780
657	186.7270	89.7531	0.0000	0.3788
658	186.7270	85.3514	0.0000	0.3794
659	186.7270	81.4739	0.0000	0.3799
660	186.7270	85.8064	0.0000	0.3805
661	186.7270	89.2941	0.0000	0.3812
662	186.7270	86.2078	0.0000	0.3817
663	186.7270	84.7529	0.0000	0.3823
664	186.7270	72.6180	0.0000	0.3830
665	186.7270	74.7591	0.0000	0.3836
666	186.7270	96.9290	0.0000	0.3842
667	186.7270	93.3437	0.0000	0.3849
668	186.7270	91.0463	0.0000	0.3855
669	186.7270	78.7074	0.0000	0.3861
670	186.7286	91.7487	0.0000	0.3868
671	186.7286	91.4292	0.0000	0.3874
672	186.7286	93.0094	0.0000	0.3880
673	186.7286	95.4720	0.0000	0.3888
674	186.7286	84.3807	0.0000	0.3894
675	186.7286	86.3784	0.0000	0.3900
676	186.7286	88.4675	0.0000	0.3907
677	186.7286	94.8193	0.0000	0.3915
678	186.7286	100.2314	0.0000	0.3919
679	186.7286	101.6213	0.0000	0.3926
680	186.7286	79.8906	0.0000	0.3934
681	186.7286	86.5022	0.0000	0.3940
682	186.7286	87.0706	0.0000	0.3945
683	186.7286	88.6111	0.0000	0.3952
684	186.7286	89.9652	0.0000	0.3959
685	186.7286	80.3923	0.0000	0.3964
686	186.7286	98.1113	0.0000	0.3969
687	186.7286	86.6942	0.0000	0.3976
688	186.7286	73.8570	0.0000	0.3983
689	186.7286	85.9035	0.0000	0.3988
690	186.7286	86.0041	0.0000	0.3993
691	186.7286	85.9175	0.0000	0.4001
692	186.7286	96.1671	0.0000	0.4006
693	186.7286	94.5235	0.0000	0.4011
694	186.7286	95.6378	0.0000	0.4017
695	186.7286	98.3420	0.0000	0.4023
696	186.7286	93.7866	0.0000	0.4028
697	186.7286	93.0306	0.0000	0.4032
698	186.7286	88.0728	0.0000	0.4038
699	186.7286	89.3801	0.0000	0.4045
700	186.7286	92.6658	0.0000	0.4050
701	186.7286	96.4355	0.0000	0.4054
702	186.7286	108.1152	0.0000	0.4060
703	186.7286	101.0551	0.0000	0.4068
704	186.7286	91.6992	0.0000	0.4074
705	186.7286	94.8675	0.0000	0.4084
706	186.7286	87.6909	0.0000	0.4090
707	186.7286	92.4413	0.0000	0.4095
708	186.7286	86.7688	0.0000	0.4103
709	186.7286	94.1630	0.0000	0.4110
710	186.7286	85.4182	0.0000	0.4116
711	186.7286	86.6289	0.0000	0.4122
712	186.7286	80.3377	0.0000	0.4128
713	186.7286	87.3170	0.0000	0.4135
714	186.7286	92.3174	0.0000	0.4142
715	186.7286	83.7093	0.0000	0.4147
716	186.7305	78.7135	0.0000	0.4158
717	186.7305	70.5814	0.0000	0.4163
718	186.7305	74.1210	0.0000	0.4168
719	186.7305	63.4209	0.0000	0.4178
720	186.7305	65.7219	0.0000	0.4185
721	186.7305	71.3533	0.0000	0.4192
722	186.7305	73.0079	0.0000	0.4199
723	186.7305	75.4045	0.0000	0.4205
724	186.7305	75.6606	0.0000	0.4210
725	186.7305	62.2584	0.0000	0.4216
726	186.7305	65.3711	0.0000	0.4224
727	186.7305	71.0800	0.0000	0.4229
728	186.7305	69.5735	0.0000	0.4233
729	186.7305	69.1926	0.0000	0.4241
730	186.7305	72.6854	0.0000	0.4247
731	186.7305	70.3942	0.0000	0.4253
732	186.7305	72.6451	0.0000	0.4260
733	186.7305	68.0571	0.0000	0.4268
734	186.7305	75.4124	0.0000	0.4272
735	186.7305	75.5166	0.0000	0.4277
736	186.7305	71.6057	0.0000	0.4283
737	186.7305	67.4419	0.0000	0.4290
738	186.7305	79.0762	0.0000	0.4294
739	186.7305	71.9322	0.0000	0.4300
740	186.7305	71.9361	0.0000	0.4306
741	186.7305	68.9887	0.0000	0.4313
742	186.7305	65.0543	0.0000	0.4318
743	186.7305	73.4589	0.0000	0.4323
744	186.7305	70.0973	0.0000	0.4330
745	186.7305	75.6156	0.0000	0.4335
746	186.7305	76.6323	0.0000	0.4341
747	186.7305	65.8700	0.0000	0.4346
748	186.7305	74.3045	0.0000	0.4353
749	186.7305	66.4982	0.0000	0.4359
750	186.7305	78.0512	0.0000	0.4364
751	186.7305	69.1844	0.0000	0.4371
752	186.7305	75.3273	0.0000	0.4377
753	186.7305	74.2965	0.0000	0.4382
754	186.7305	72.8807	0.0000	0.4387
755	186.7305	79.9959	0.0000	0.4393
756	186.7305	75.5253	0.0000	0.4399
757	186.7305	79.2315	0.0000	0.4405
758	186.7305	76.5509	0.0000	0.4410
759	186.7305	76.8773	0.0000	0.4417
760	186.7305	86.5717	0.0000	0.4422
761	186.7305	73.0589	0.0000	0.4426
762	186.7305	73.2035	0.0000	0.4432
763	186.7305	76.7413	0.0000	0.4438
764	186.7305	78.7836	0.0000	0.4444
765	186.7305	84.5274	0.0000	0.4449
766	186.7305	81.2389	0.0000	0.4455
767	186.7305	77.2079	0.0000	0.4462
768	186.7305	79.5106	0.0000	0.4467
769	186.7305	74.1583	0.0000	0.4471
770	186.7305	78.8563	0.0000	0.4478
771	186.7305	79.7675	0.0000	0.4484
772	186.7305	75.2497	0.0000	0.4489
773	186.7305	80.9052	0.0000	0.4495
774	186.7305	69.0067	0.0000	0.4502
775	186.7305	85.3428	0.0000	0.4507
776	186.7305	83.7774	0.0000	0.4512
777	186.7305	79.5748	0.0000	0.4520
778	186.7305	75.2477	0.0000	0.4526
779	186.7305	77.7514	0.0000	0.4531
780	186.7305	71.8694	0.0000	0.4535
781	186.7305	80.8166	0.0000	0.4542
782	186.7305	87.0204	0.0000	0.4548
783	186.7305	79.8732	0.0000	0.4553
784	186.7305	80.0334	0.0000	0.4558
785	186.7305	75.7175	0.0000	0.4565
786	186.7305	86.4612	0.0000	0.4571
787	186.7305	78.7443	0.0000	0.4575
788	186.7305	81.7511	0.0000	0.4582
789	186.7305	79.3966	0.0000	0.4588
790	186.7305	77.5100	0.0000	0.4594
791	186.7305	89.0834	0.0000	0.4599
792	186.7305	83.5523	0.0000	0.4606
793	186.7305	65.8073	0.0000	0.4611
794	186.7305	79.8520	0.0000	0.4617
795	186.7305	80.2399	0.0000	0.4624
796	186.7305	70.9053	0.0000	0.4630
797	186.7305	69.4064	0.0000	0.4634
798	186.7305	80.4551	0.0000	0.4640
799	186.7305	83.5297	0.0000	0.4647
800	186.7305	76.6903	0.0000	0.4653
801	186.7305	79.4356	0.0000	0.4658
802	186.7305	74.9023	0.0000	0.4664
803	186.7305	86.4199	0.0000	0.4671
804	186.7305	76.1481	0.0000	0.4676
805	186.7305	87.5526	0.0000	0.4682
806	186.7305	73.6960	0.0000	0.4690
807	186.7305	76.7815	0.0000	0.4696
808	186.7305	83.0845	0.0000	0.4702
809	186.7305	73.2404	0.0000	0.4713
810	186.7305	73.4016	0.0000	0.4719
811	186.7305	81.6754	0.0000	0.4727
812	186.7305	68.5948	0.0000	0.4734
813	186.7305	72.7603	0.0000	0.4739
814	186.7305	71.3375	0.0000	0.4746
815	186.7305	82.7777	0.0000	0.4753
816	186.7305	66.4171	0.0000	0.4758
817	186.7305	77.1587	0.0000	0.4767
818	186.7305	65.8756	0.0000	0.4773
819	186.7305	76.8843	0.0000	0.4778
820	186.7305	72.1525	0.0000	0.4786
821	186.7305	78.2565	0.0000	0.4793
822	186.7305	60.3968	0.0000	0.4800
823	186.7305	64.0721	0.0000	0.4807
824	186.7305	64.2655	0.0000	0.4812
825	186.7305	64.1372	0.0000	0.4819
826	186.7305	65.2531	0.0000	0.4824
827	186.7305	62.5902	0.0000	0.4829
828	186.7305	61.2104	0.0000	0.4836
829	186.7305	57.9407	0.0000	0.4842
830	186.7305	70.3977	0.0000	0.4847
831	186.7305	64.9774	0.0000	0.4854
832	186.7305	78.8622	0.0000	0.4861
833	186.7305	66.3380	0.0000	0.4868
834	186.7305	62.1383	0.0000	0.4874
835	186.7305	74.4815	0.0000	0.4880
836	186.7305	64.1460	0.0000	0.4888
837	186.7305	71.6249	0.0000	0.4892
838	186.7305	73.3248	0.0000	0.4900
839	186.7305	59.5371	0.0000	0.4907
840	186.7305	66.1273	0.0000	0.4915
841	186.7305	60.1242	0.0000	0.4923
842	186.7305	56.9188	0.0000	0.4927
843	186.7305	68.3955	0.0000	0.4933
844	186.7305	64.7641	0.0000	0.4940
845	186.7305	67.1837	0.0000	0.4945
846	186.7305	68.0964	0.0000	0.4952
847	186.7305	61.2333	0.0000	0.4958
848	186.7305	63.2703	0.0000	0.4964
849	186.7305	57.6621	0.0000	0.4971
850	186.7305	65.0159	0.0000	0.4978
851	186.7305	70.1647	0.0000	0.4986
852	186.7309	73.6695	0.0000	0.4994
853	186.7309	69.6689	0.0000	0.5000
854	186.7309	72.4013	0.0000	0.5004
855	186.7309	69.7674	0.0000	0.5009
856	186.7309	70.9130	0.0000	0.5016
857	186.7309	64.3986	0.0000	0.5021
858	186.7309	71.4882	0.0000	0.5027
859	186.7309	71.5334	0.0000	0.5034
860	186.7309	72.2863	0.0000	0.5039
861	186.7309	78.6879	0.0000	0.5045
862	186.7309	68.7988	0.0000	0.5051
863	186.7309	67.5120	0.0000	0.5057
864	186.7309	73.4773	0.0000	0.5061
865	186.7309	69.8160	0.0000	0.5067
866	186.7309	79.2909	0.0000	0.5074
867	186.7309	59.3312	0.0000	0.5078
868	186.7309	74.2831	0.0000	0.5082
869	186.7309	76.2477	0.0000	0.5088
870	186.7309	75.7708	0.0000	0.5095
871	186.7309	72.6899	0.0000	0.5100
872	186.7309	83.2055	0.0000	0.5104
873	186.7309	66.1287	0.0000	0.5111
874	186.7309	80.8804	0.0000	0.5117
875	186.7309	73.8247	0.0000	0.5121
876	186.7309	66.4223	0.0000	0.5128
877	186.7309	73.0565	0.0000	0.5134
878	186.7309	72.2355	0.0000	0.5140
879	186.7309	81.3553	0.0000	0.5146
880	186.7309	76.7022	0.0000	0.5152
881	186.7309	81.6497	0.0000	0.5157
882	186.7309	80.5621	0.0000	0.5163
883	186.7309	77.8152	0.0000	0.5169
884	186.7309	89.0712	0.0000	0.5174
885	186.7309	75.8745	0.0000	0.5180
886	186.7309	80.2424	0.0000	0.5186
887	186.7309	87.0893	0.0000	0.5193
888	186.7309	75.3160	0.0000	0.5200
889	186.7309	84.2272	0.0000	0.5204
890	186.7309	79.1996	0.0000	0.5211
891	186.7309	77.8340	0.0000	0.5217
892	186.7309	80.8894	0.0000	0.5222
893	186.7309	87.3292	0.0000	0.5229
894	186.7309	84.4569	0.0000	0.5234
895	186.7309	74.7720	0.0000	0.5239
896	186.7309	84.0113	0.0000	0.5246
897	186.7309	87.4568	0.0000	0.5251
898	186.7309	73.2684	0.0000	0.5255
899	186.7309	79.1844	0.0000	0.5262
900	186.7309	82.8214	0.0000	0.5268
901	186.7309	86.3040	0.0000	0.5272
902	186.7309	84.0870	0.0000	0.5278
903	186.7309	77.1731	0.0000	0.5285
904	186.7309	81.4465	0.0000	0.5290
905	186.7309	81.4435	0.0000	0.5295
906	186.7309	81.6878	0.0000	0.5302
907	186.7309	71.9669	0.0000	0.5310
908	186.7309	77.2726	0.0000	0.5314
909	186.7309	79.6414	0.0000	0.5321
910	186.7309	76.0903	0.0000	0.5330
911	186.7309	77.7902	0.0000	0.5334
912	186.7309	72.9964	0.0000	0.5342
913	186.7309	68.4404	0.0000	0.5348
914	186.7309	79.8473	0.0000	0.5353
915	186.7309	75.5954	0.0000	0.5358
916	186.7309	71.5029	0.0000	0.5367
917	186.7309	77.2991	0.0000	0.5373
918	186.7309	67.8375	0.0000	0.5378
919	186.7309	70.3921	0.0000	0.5382
920	186.7309	65.3065	0.0000	0.5388
921	186.7309	73.4954	0.0000	0.5394
922	186.7309	72.4887	0.0000	0.5400
923	186.7309	71.5429	0.0000	0.5406
924	186.7309	74.9260	0.0000	0.5413
925	186.7309	79.1703	0.0000	0.5419
926	186.7309	73.9864	0.0000	0.5424
927	186.7309	67.2219	0.0000	0.5428
928	186.7309	77.1584	0.0000	0.5435
929	186.7309	81.8292	0.0000	0.5442
930	186.7309	78.4213	0.0000	0.5447
931	186.7309	83.8482	0.0000	0.5452
932	186.7309	75.5055	0.0000	0.5458
933	186.7309	66.1003	0.0000	0.5467
934	186.7309	77.5892	0.0000	0.5471
935	186.7309	79.7402	0.0000	0.5478
936	186.7309	79.8402	0.0000	0.5485
937	186.7309	67.9253	0.0000	0.5490
938	186.7309	81.2416	0.0000	0.5496
939	186.7309	75.3832	0.0000	0.5503
940	186.7309	69.3748	0.0000	0.5510
941	186.7309	77.4736	0.0000	0.5515
942	186.7309	79.7818	0.0000	0.5522
943	186.7309	70.8927	0.0000	0.5528
944	186.7309	83.7009	0.0000	0.5533
945	186.7309	84.4301	0.0000	0.5538
946	186.7309	75.2101	0.0000	0.5545
947	186.7309	76.5915	0.0000	0.5552
948	186.7309	66.7107	0.0000	0.5556
949	186.7309	65.3175	0.0000	0.5563
950	186.7309	80.8503	0.0000	0.5569
951	186.7309	79.0640	0.0000	0.5574
952	186.7309	72.1408	0.0000	0.5581
953	186.7309	84.1254	0.0000	0.5588
954	186.7309	73.0838	0.0000	0.5593
955	186.7309	82.4964	0.0000	0.5597
956	186.7309	77.9421	0.0000	0.5602
957	186.7309	79.9853	0.0000	0.5608
958	186.7309	80.0124	0.0000	0.5614
959	186.7309	62.4052	0.0000	0.5619
960	186.7309	78.3534	0.0000	0.5623
961	186.7309	73.8051	0.0000	0.5629
962	186.7309	77.3728	0.0000	0.5635
963	186.7309	77.2784	0.0000	0.5639
964	186.7309	88.2724	0.0000	0.5643
965	186.7309	71.2477	0.0000	0.5648
966	186.7309	83.2941	0.0000	0.5654
967	186.7309	80.8793	0.0000	0.5660
968	186.7309	78.9001	0.0000	0.5664
969	186.7309	79.9793	0.0000	0.5670
970	186.7304	88.6457	0.0000	0.5677
971	186.7304	91.8414	0.0000	0.5681
972	186.7304	79.2148	0.0000	0.5686
973	186.7304	88.7993	0.0000	0.5692
974	186.7304	84.7392	0.0000	0.5698
975	186.7304	70.3192	0.0000	0.5703
976	186.7304	83.1853	0.0000	0.5708
977	186.7304	80.7863	0.0000	0.5714
978	186.7304	80.2836	0.0000	0.5720
979	186.7304	79.0024	0.0000	0.5726
980	186.7304	71.6605	0.0000	0.5729
981	186.7304	77.1166	0.0000	0.5735
982	186.7304	82.7323	0.0000	0.5742
983	186.7304	81.1927	0.0000	0.5747
984	186.7304	68.6930	0.0000	0.5751
985	186.7304	71.2926	0.0000	0.5757
986	186.7304	83.9602	0.0000	0.5764
987	186.7304	85.0158	0.0000	0.5768
988	186.7304	85.9256	0.0000	0.5774
989	186.7304	85.9090	0.0000	0.5780
990	186.7304	82.7562	0.0000	0.5785
991	186.7304	75.3711	0.0000	0.5791
992	186.7304	79.8593	0.0000	0.5798
993	186.7304	78.7042	0.0000	0.5803
994	186.7304	76.3077	0.0000	0.5809
995	186.7304	82.9287	0.0000	0.5816
996	186.7304	78.5069	0.0000	0.5820
997	186.7304	81.2160	0.0000	0.5827
998	186.7304	89.0782	0.0000	0.5833
999	186.7304	84.6378	0.0000	0.5838
1000	186.7304	74.6754	0.0000	0.5843
1001	186.7304	76.7197	0.0000	0.5850
1002	186.7304	78.5716	0.0000	0.5855
1003	186.7304	82.8382	0.0000	0.5860
1004	186.7304	77.6749	0.0000	0.5867
1005	186.7304	84.5576	0.0000	0.5872
1006	186.7304	87.7906	0.0000	0.5876
1007	186.7304	87.1510	0.0000	0.5884
1008	186.7304	75.2014	0.0000	0.5891
1009	186.7304	85.3090	0.0000	0.5895
1010	186.7299	83.7787	0.0000	0.5902
1011	186.7299	80.5692	0.0000	0.5910
1012	186.7299	74.3028	0.0000	0.5916
1013	186.7299	84.1557	0.0000	0.5923
1014	186.7299	79.8477	0.0000	0.5928
1015	186.7299	81.2669	0.0000	0.5936
1016	186.7299	72.2243	0.0000	0.5943
1017	186.7299	83.4641	0.0000	0.5949
1018	186.7299	81.6174	0.0000	0.5957
1019	186.7299	81.5359	0.0000	0.5964
1020	186.7299	55.8083	0.0000	0.5970
1021	186.7299	68.0198	0.0000	0.5976
1022	186.7299	65.1995	0.0000	0.5982
1023	186.7299	64.6585	0.0000	0.5989
1024	186.7299	57.6051	0.0000	0.5996
1025	186.7299	67.7839	0.0000	0.6000
1026	186.7299	73.7717	0.0000	0.6007
1027	186.7299	77.3848	0.0000	0.6014
1028	186.7299	69.1834	0.0000	0.6019
1029	186.7299	80.9995	0.0000	0.6026
1030	186.7299	72.5063	0.0000	0.6032
1031	186.7299	71.3242	0.0000	0.6037
1032	186.7299	62.7804	0.0000	0.6044
1033	186.7299	86.5191	0.0000	0.6050
1034	186.7299	64.6451	0.0000	0.6055
1035	186.7299	83.4787	0.0000	0.6061
1036	186.7299	77.1159	0.0000	0.6068
1037	186.7299	70.9576	0.0000	0.6073
1038	186.7299	76.0754	0.0000	0.6079
1039	186.7299	85.8589	0.0000	0.6086
1040	186.7299	66.9412	0.0000	0.6092
1041	186.7299	77.1625	0.0000	0.6098
1042	186.7299	65.1922	0.0000	0.6105
1043	186.7299	74.2262	0.0000	0.6113
1044	186.7299	72.1581	0.0000	0.6119
1045	186.7299	72.1774	0.0000	0.6125
1046	186.7299	75.0355	0.0000	0.6130
1047	186.7299	70.6283	0.0000	0.6136
1048	186.7299	71.1418	0.0000	0.6143
1049	186.7299	79.0844	0.0000	0.6149
1050	186.7299	83.5708	0.0000	0.6156
1051	186.7299	81.5042	0.0000	0.6162
1052	186.7299	81.0874	0.0000	0.6166
1053	186.7299	76.6439	0.0000	0.6172
1054	186.7299	79.7737	0.0000	0.6179
1055	186.7299	77.3211	0.0000	0.6184
1056	186.7299	84.2669	0.0000	0.6190
1057	186.7299	88.6191	0.0000	0.6196
1058	186.7299	85.7178	0.0000	0.6201
1059	186.7299	84.8684	0.0000	0.6207
1060	186.7299	88.9209	0.0000	0.6214
1061	186.7299	88.7677	0.0000	0.6219
1062	186.7299	81.7783	0.0000	0.6225
1063	186.7299	81.0315	0.0000	0.6231
1064	186.7299	87.2827	0.0000	0.6236
1065	186.7299	93.6125	0.0000	0.6242
1066	186.7299	87.4008	0.0000	0.6248
1067	186.7299	87.5661	0.0000	0.6254
1068	186.7299	97.3355	0.0000	0.6259
1069	186.7299	77.9279	0.0000	0.6265
1070	186.7299	91.3244	0.0000	0.6271
1071	186.7299	88.6953	0.0000	0.6276
1072	186.7299	87.1956	0.0000	0.6282
1073	186.7299	83.6438	0.0000	0.6290
1074	186.7299	86.5737	0.0000	0.6294
1075	186.7299	93.6371	0.0000	0.6300
1076	186.7299	95.4613	0.0000	0.6307
1077	186.7299	87.2262	0.0000	0.6313
1078	186.7299	88.1795	0.0000	0.6318
1079	186.7299	94.8970	0.0000	0.6324
1080	186.7299	93.9362	0.0000	0.6330
1081	186.7299	80.2018	0.0000	0.6335
1082	186.7299	84.4495	0.0000	0.6341
1083	186.7299	84.9450	0.0000	0.6348
1084	186.7299	85.4605	0.0000	0.6353
1085	186.7299	87.4613	0.0000	0.6360
1086	186.7299	80.4649	0.0000	0.6366
1087	186.7299	88.5684	0.0000	0.6370
1088	186.7299	81.2825	0.0000	0.6376
1089	186.7299	75.2502	0.0000	0.6382
1090	186.7299	86.8335	0.0000	0.6388
1091	186.7299	80.4553	0.0000	0.6394
1092	186.7299	86.1355	0.0000	0.6401
1093	186.7299	76.2255	0.0000	0.6407
1094	186.7272	88.4846	0.0000	0.6414
1095	186.7272	81.1573	0.0000	0.6421
1096	186.7272	71.6693	0.0000	0.6426
1097	186.7272	78.2530	0.0000	0.6431
1098	186.7272	93.7521	0.0000	0.6438
1099	186.7272	73.8060	0.0000	0.6443
1100	186.7272	68.4789	0.0000	0.6448
1101	186.7272	90.7633	0.0000	0.6454
1102	186.7272	86.9284	0.0000	0.6461
1103	186.7272	86.6491	0.0000	0.6467
1104	186.7272	80.6596	0.0000	0.6475
1105	186.7272	76.0893	0.0000	0.6480
1106	186.7272	82.8589	0.0000	0.6487
1107	186.7272	76.0116	0.0000	0.6493
1108	186.7272	86.9261	0.0000	0.6499
1109	186.7272	79.3960	0.0000	0.6507
1110	186.7272	89.3557	0.0000	0.6513
1111	186.7272	77.2060	0.0000	0.6520
1112	186.7272	78.9820	0.0000	0.6528
1113	186.7272	78.0822	0.0000	0.6534
1114	186.7272	83.9663	0.0000	0.6540
1115	186.7272	77.9347	0.0000	0.6546
1116	186.7272	83.0218	0.0000	0.6552
1117	186.7272	82.4013	0.0000	0.6559
1118	186.7272	73.3300	0.0000	0.6567
1119	186.7272	71.6139	0.0000	0.6574
1120	186.7272	73.1047	0.0000	0.6582
1121	186.7272	59.0990	0.0000	0.6587
1122	186.7272	66.1679	0.0000	0.6593
1123	186.7272	74.5646	0.0000	0.6601
1124	186.7272	75.8051	0.0000	0.6605
1125	186.7272	75.2094	0.0000	0.6615
1126	186.7272	66.1630	0.0000	0.6621
1127	186.7272	60.7001	0.0000	0.6626
1128	186.7272	57.4932	0.0000	0.6632
1129	186.7272	71.1595	0.0000	0.6638
1130	186.7272	66.6659	0.0000	0.6644
1131	186.7272	64.6295	0.0000	0.6650
1132	186.7272	63.6130	0.0000	0.6657
1133	186.7272	79.3892	0.0000	0.6663
1134	186.7272	61.9493	0.0000	0.6667
1135	186.7272	60.6664	0.0000	0.6675
1136	186.7241	62.7722	0.0000	0.6682
1137	186.7241	60.7743	0.0000	0.6687
1138	186.7241	66.1000	0.0000	0.6694
1139	186.7241	57.3651	0.0000	0.6702
1140	186.7241	62.8896	0.0000	0.6707
1141	186.7241	68.4013	0.0000	0.6713
1142	186.7241	55.6825	0.0000	0.6722
1143	186.7241	58.7183	0.0000	0.6727
1144	186.7241	69.8873	0.0000	0.6735
1145	186.7241	61.0662	0.0000	0.6742
1146	186.7241	57.1888	0.0000	0.6747
1147	186.7241	59.2596	0.0000	0.6754
1148	186.7241	57.3277	0.0000	0.6762
1149	186.7241	61.3823	0.0000	0.6767
1150	186.7241	68.5395	0.0000	0.6775
1151	186.7241	71.0108	0.0000	0.6782
1152	186.7241	69.0465	0.0000	0.6787
1153	186.7241	68.0634	0.0000	0.6794
1154	186.7241	64.5511	0.0000	0.6801
1155	186.7241	66.9313	0.0000	0.6807
1156	186.7241	62.0859	0.0000	0.6813
1157	186.7241	70.9720	0.0000	0.6821
1158	186.7241	69.8066	0.0000	0.6826
1159	186.7241	64.2104	0.0000	0.6832
1160	186.7241	70.0667	0.0000	0.6839
1161	186.7241	67.6164	0.0000	0.6845
1162	186.7241	68.0246	0.0000	0.6852
1163	186.7241	72.6361	0.0000	0.6860
1164	186.7241	76.1960	0.0000	0.6865
1165	186.7241	75.4017	0.0000	0.6870
1166	186.7241	72.0078	0.0000	0.6877
1167	186.7241	68.3094	0.0000	0.6884
1168	186.7241	74.7783	0.0000	0.6890
1169	186.7241	76.5609	0.0000	0.6896
1170	186.7241	62.3103	0.0000	0.6901
1171	186.7241	74.9460	0.0000	0.6906
1172	186.7241	80.1178	0.0000	0.6912
1173	186.7241	83.2114	0.0000	0.6920
1174	186.7241	75.5472	0.0000	0.6926
1175	186.7241	74.5560	0.0000	0.6933
1176	186.7241	71.5063	0.0000	0.6940
1177	186.7241	68.6525	0.0000	0.6945
1178	186.7241	66.0925	0.0000	0.6952
1179	186.7241	67.5976	0.0000	0.6959
1180	186.7241	74.3726	0.0000	0.6964
1181	186.7241	72.5283	0.0000	0.6972
1182	186.7241	93.5359	0.0000	0.6979
1183	186.7241	81.2370	0.0000	0.6984
1184	186.7241	80.5041	0.0000	0.6991
1185	186.7241	81.4732	0.0000	0.6997
1186	186.7241	71.0075	0.0000	0.7002
1187	186.7241	78.7128	0.0000	0.7010
1188	186.7241	75.0409	0.0000	0.7017
1189	186.7241	79.8631	0.0000	0.7022
1190	186.7241	70.7908	0.0000	0.7029
1191	186.7241	79.0336	0.0000	0.7035
1192	186.7241	75.0625	0.0000	0.7040
1193	186.7241	73.5272	0.0000	0.7048
1194	186.7241	79.3688	0.0000	0.7054
1195	186.7241	74.8916	0.0000	0.7060
1196	186.7241	84.9814	0.0000	0.7068
1197	186.7241	78.4243	0.0000	0.7075
1198	186.7241	79.0675	0.0000	0.7082
1199	186.7241	80.6041	0.0000	0.7089
1200	186.7241	76.5405	0.0000	0.7095
1201	186.7241	73.5295	0.0000	0.7102
1202	186.7241	78.4135	0.0000	0.7108
1203	186.7241	75.7731	0.0000	0.7112
1204	186.7241	78.5173	0.0000	0.7119
1205	186.7241	78.0215	0.0000	0.7128
1206	186.7241	83.6574	0.0000	0.7133
1207	186.7241	69.8736	0.0000	0.7140
1208	186.7241	73.9424	0.0000	0.7147
1209	186.7241	81.2964	0.0000	0.7154
1210	186.7241	78.9763	0.0000	0.7160
1211	186.7241	72.9890	0.0000	0.7169
1212	186.7241	71.5482	0.0000	0.7175
1213	186.7241	63.5673	0.0000	0.7183
1214	186.7241	72.6297	0.0000	0.7191
1215	186.7241	71.5310	0.0000	0.7198
1216	186.7241	70.8099	0.0000	0.7203
1217	186.7241	72.6619	0.0000	0.7212
1218	186.7241	74.9909	0.0000	0.7219
1219	186.7241	67.4028	0.0000	0.7227
1220	186.7241	65.1500	0.0000	0.7236
1221	186.7241	65.6106	0.0000	0.7243
1222	186.7241	66.0113	0.0000	0.7250
1223	186.7241	68.2173	0.0000	0.7257
1224	186.7241	66.4560	0.0000	0.7264
1225	186.7241	72.0980	0.0000	0.7271
1226	186.7241	63.7581	0.0000	0.7282
1227	186.7241	66.4371	0.0000	0.7288
1228	186.7241	69.5954	0.0000	0.7294
1229	186.7241	65.8584	0.0000	0.7303
1230	186.7241	59.2963	0.0000	0.7309
1231	186.7241	57.1692	0.0000	0.7314
1232	186.7241	67.2548	0.0000	0.7323
1233	186.7241	67.2053	0.0000	0.7332
1234	186.7241	62.5056	0.0000	0.7337
1235	186.7241	56.5568	0.0000	0.7343
1236	186.7241	61.5464	0.0000	0.7351
1237	186.7241	73.2967	0.0000	0.7359
1238	186.7241	72.2298	0.0000	0.7364
1239	186.6462	77.9807	0.0000	0.7372
1240	186.6462	68.5748	0.0000	0.7379
1241	186.6462	71.1755	0.0000	0.7384
1242	186.6462	67.8480	0.0000	0.7392
1243	186.6462	70.5768	0.0000	0.7401
1244	186.6462	69.6749	0.0000	0.7408
1245	186.6462	72.9860	0.0000	0.7414
1246	186.6462	66.5153	0.0000	0.7421
1247	186.6462	70.6242	0.0000	0.7426
1248	186.6462	71.6880	0.0000	0.7431
1249	186.6462	70.2258	0.0000	0.7438
1250	186.6462	74.3935	0.0000	0.7446
1251	186.6462	74.4149	0.0000	0.7451
1252	186.6462	70.1592	0.0000	0.7455
1253	186.6462	64.7755	0.0000	0.7462
1254	186.6797	76.3573	0.0000	0.7468
1255	186.6797	73.7992	0.0000	0.7473
1256	186.6797	76.4348	0.0000	0.7478
1257	186.6797	74.5344	0.0000	0.7485
1258	186.6797	86.4190	0.0000	0.7491
1259	186.6797	82.2681	0.0000	0.7497
1260	186.6797	68.3086	0.0000	0.7501
1261	186.6797	70.2606	0.0000	0.7508
1262	186.6797	78.2583	0.0000	0.7514
1263	186.6909	73.4045	0.0000	0.7520
1264	186.6909	77.6514	0.0000	0.7526
1265	186.6909	81.0083	0.0000	0.7533
1266	186.6909	78.0957	0.0000	0.7538
1267	186.6909	83.2304	0.0000	0.7545
1268	186.6909	84.6858	0.0000	0.7551
1269	186.6909	75.5033	0.0000	0.7557
1270	186.6909	79.9429	0.0000	0.7563
1271	186.6909	91.5923	0.0000	0.7570
1272	186.6909	69.4320	0.0000	0.7575
1273	186.6909	86.0197	0.0000	0.7580
1274	186.6909	78.7684	0.0000	0.7592
1275	186.6909	91.1876	0.0000	0.7597
1276	186.6909	85.4205	0.0000	0.7604
1277	186.6909	78.6496	0.0000	0.7611
1278	186.6909	83.1548	0.0000	0.7616
1279	186.6909	82.8954	0.0000	0.7620
1280	186.6909	88.7292	0.0000	0.7626
1281	186.6909	84.6588	0.0000	0.7632
1282	186.6909	78.7753	0.0000	0.7638
1283	186.6909	90.4557	0.0000	0.7643
1284	186.6909	85.1866	0.0000	0.7646
1285	186.6909	86.3257	0.0000	0.7653
1286	186.6909	97.2113	0.0000	0.7661
1287	186.6909	89.8680	0.0000	0.7665
1288	186.6909	85.2425	0.0000	0.7673
1289	186.6909	80.5462	0.0000	0.7679
1290	186.6909	78.4330	0.0000	0.7683
1291	186.6909	92.4525	0.0000	0.7690
1292	186.6909	84.8348	0.0000	0.7698
1293	186.6909	89.4938	0.0000	0.7702
1294	186.6909	99.5936	0.0000	0.7709
1295	186.6909	88.9998	0.0000	0.7716
1296	186.6909	88.1619	0.0000	0.7721
1297	186.6909	85.3598	0.0000	0.7728
1298	186.7268	90.9808	0.0000	0.7736
1299	186.7268	88.6495	0.0000	0.7740
1300	186.7268	90.8617	0.0000	0.7747
1301	186.7268	85.0093	0.0000	0.7754
1302	186.7268	83.6239	0.0000	0.7761
1303	186.7268	100.9100	0.0000	0.7768
1304	186.7268	83.8445	0.0000	0.7776
1305	186.7268	89.3046	0.0000	0.7783
1306	186.7268	88.8494	0.0000	0.7791
1307	186.7268	80.5464	0.0000	0.7798
1308	186.7268	81.4237	0.0000	0.7807
1309	186.7268	82.9794	0.0000	0.7811
1310	186.7268	88.4583	0.0000	0.7817
1311	186.7268	80.5493	0.0000	0.7824
1312	186.7268	80.2628	0.0000	0.7831
1313	186.7268	85.1579	0.0000	0.7837
1314	186.7268	83.8177	0.0000	0.7845
1315	186.7268	74.0613	0.0000	0.7854
1316	186.7268	71.2901	0.0000	0.7858
1317	186.7268	73.6288	0.0000	0.7862
1318	186.7268	86.6373	0.0000	0.7870
1319	186.7268	78.6104	0.0000	0.7879
1320	186.7268	80.0271	0.0000	0.7884
1321	186.7268	73.9650	0.0000	0.7892
1322	186.7268	74.1508	0.0000	0.7900
1323	186.7268	68.9083	0.0000	0.7906
1324	186.7268	71.2575	0.0000	0.7910
1325	186.7268	67.3963	0.0000	0.7918
1326	186.7268	68.0616	0.0000	0.7926
1327	186.7268	70.5050	0.0000	0.7932
1328	186.7268	77.4246	0.0000	0.7937
1329	186.7274	62.7796	0.0000	0.7943
1330	186.7274	67.0860	0.0000	0.7949
1331	186.7274	71.5217	0.0000	0.7953
1332	186.7274	73.5915	0.0000	0.7958
1333	186.7274	77.5558	0.0000	0.7964
1334	186.7274	81.1472	0.0000	0.7972
1335	186.7274	75.0742	0.0000	0.7977
1336	186.7274	76.6426	0.0000	0.7984
1337	186.7274	79.4283	0.0000	0.7991
1338	186.7274	76.4734	0.0000	0.7997
1339	186.7274	70.3764	0.0000	0.8001
1340	186.7274	66.6538	0.0000	0.8009
1341	186.7274	68.6047	0.0000	0.8015
1342	186.7274	77.2541	0.0000	0.8020
1343	186.7274	78.6604	0.0000	0.8025
1344	186.7274	78.5743	0.0000	0.8035
1345	186.7274	76.0945	0.0000	0.8041
1346	186.7274	75.6402	0.0000	0.8046
1347	186.7274	79.0763	0.0000	0.8052
1348	186.7274	69.0917	0.0000	0.8058
1349	186.7274	74.5620	0.0000	0.8064
1350	186.7283	82.6754	0.0000	0.8071
1351	186.7306	74.1974	0.0000	0.8077
1352	186.7306	72.7428	0.0000	0.8084
1353	186.7306	83.8477	0.0000	0.8088
1354	186.7306	74.0327	0.0000	0.8092
1355	186.7306	67.4216	0.0000	0.8098
1356	186.7306	85.0619	0.0000	0.8105
1357	186.7306	76.6919	0.0000	0.8112
1358	186.7306	75.6066	0.0000	0.8118
1359	186.7306	77.4255	0.0000	0.8124
1360	186.7306	72.1306	0.0000	0.8129
1361	186.7306	79.6065	0.0000	0.8135
1362	186.7306	77.4576	0.0000	0.8141
1363	186.7306	80.9967	0.0000	0.8146
1364	186.7306	75.9882	0.0000	0.8151
1365	186.7306	88.3775	0.0000	0.8158
1366	186.7306	81.4858	0.0000	0.8164
1367	186.7306	81.2678	0.0000	0.8168
1368	186.7306	67.4186	0.0000	0.8175
1369	186.7306	87.8934	0.0000	0.8181
1370	186.7306	81.9738	0.0000	0.8186
1371	186.7306	74.5714	0.0000	0.8193
1372	186.7306	79.7077	0.0000	0.8199
1373	186.7306	79.8890	0.0000	0.8205
1374	186.7306	79.2368	0.0000	0.8210
1375	186.7306	73.2569	0.0000	0.8217
1376	186.7306	80.8004	0.0000	0.8224
1377	186.7306	78.9390	0.0000	0.8229
1378	186.7306	85.4925	0.0000	0.8235
1379	186.7306	84.7677	0.0000	0.8241
1380	186.7306	84.8849	0.0000	0.8245
1381	186.7306	72.6487	0.0000	0.8251
1382	186.7306	89.2753	0.0000	0.8257
1383	186.7306	86.6509	0.0000	0.8263
1384	186.7306	83.7338	0.0000	0.8267
1385	186.7306	91.9956	0.0000	0.8273
1386	186.7306	85.7876	0.0000	0.8279
1387	186.7306	87.6019	0.0000	0.8284
1388	186.7306	87.2907	0.0000	0.8289
1389	186.7306	76.2228	0.0000	0.8295
1390	186.7306	83.4026	0.0000	0.8301
1391	186.7306	94.6155	0.0000	0.8306
1392	186.7306	86.6374	0.0000	0.8312
1393	186.7306	61.7531	0.0000	0.8319
1394	186.7306	75.1420	0.0000	0.8324
1395	186.7306	88.3247	0.0000	0.8330
1396	186.7306	82.1659	0.0000	0.8337
1397	186.7306	81.5033	0.0000	0.8342
1398	186.7297	93.2576	0.0000	0.8347
1399	186.7297	82.8278	0.0000	0.8352
Pos: [-0.8002832902327994, -7.707604262134144]

=================================================================================================================