ID: vincent	Date: 2019-05-03 14:53:51	Runs: 5
=================================================================================================================
Run: 0
Iter	Gbest	AvrFit	Diver	ETime	
0	0.9807	0.1995	0.0000	0.0007
1	0.9969	0.2348	0.0000	0.0014
2	0.9969	0.3361	0.0000	0.0020
3	0.9969	0.3830	0.0000	0.0026
4	0.9996	0.4959	0.0000	0.0033
5	0.9996	0.4994	0.0000	0.0039
6	0.9996	0.6187	0.0000	0.0045
7	0.9996	0.6212	0.0000	0.0052
8	0.9996	0.6402	0.0000	0.0059
9	0.9996	0.6671	0.0000	0.0066
10	0.9996	0.7266	0.0000	0.0072
11	0.9996	0.7232	0.0000	0.0078
12	1.0000	0.7245	0.0000	0.0083
13	1.0000	0.7415	0.0000	0.0090
14	1.0000	0.7702	0.0000	0.0096
15	1.0000	0.7573	0.0000	0.0102
16	1.0000	0.7981	0.0000	0.0108
17	1.0000	0.7861	0.0000	0.0114
18	1.0000	0.7525	0.0000	0.0120
19	1.0000	0.7987	0.0000	0.0127
20	1.0000	0.8248	0.0000	0.0133
21	1.0000	0.7784	0.0000	0.0139
22	1.0000	0.7928	0.0000	0.0146
23	1.0000	0.8230	0.0000	0.0152
24	1.0000	0.8004	0.0000	0.0159
25	1.0000	0.8093	0.0000	0.0165
26	1.0000	0.8457	0.0000	0.0172
27	1.0000	0.7670	0.0000	0.0179
28	1.0000	0.8134	0.0000	0.0185
29	1.0000	0.8329	0.0000	0.0191
30	1.0000	0.8181	0.0000	0.0197
31	1.0000	0.8460	0.0000	0.0203
32	1.0000	0.8402	0.0000	0.0209
33	1.0000	0.8214	0.0000	0.0215
34	1.0000	0.8515	0.0000	0.0221
35	1.0000	0.8415	0.0000	0.0227
36	1.0000	0.8831	0.0000	0.0233
37	1.0000	0.8354	0.0000	0.0239
38	1.0000	0.8555	0.0000	0.0245
39	1.0000	0.8398	0.0000	0.0251
40	1.0000	0.8615	0.0000	0.0257
41	1.0000	0.8389	0.0000	0.0263
42	1.0000	0.8994	0.0000	0.0269
43	1.0000	0.8960	0.0000	0.0275
44	1.0000	0.8934	0.0000	0.0281
45	1.0000	0.8538	0.0000	0.0287
46	1.0000	0.8758	0.0000	0.0294
47	1.0000	0.8973	0.0000	0.0300
48	1.0000	0.9125	0.0000	0.0306
49	1.0000	0.9071	0.0000	0.0312
50	1.0000	0.8549	0.0000	0.0318
51	1.0000	0.8319	0.0000	0.0325
52	1.0000	0.8510	0.0000	0.0331
53	1.0000	0.8498	0.0000	0.0337
54	1.0000	0.8508	0.0000	0.0343
55	1.0000	0.8524	0.0000	0.0349
56	1.0000	0.8360	0.0000	0.0355
57	1.0000	0.8381	0.0000	0.0361
58	1.0000	0.8582	0.0000	0.0367
59	1.0000	0.8560	0.0000	0.0373
60	1.0000	0.8219	0.0000	0.0379
61	1.0000	0.8415	0.0000	0.0386
62	1.0000	0.8435	0.0000	0.0392
63	1.0000	0.8319	0.0000	0.0398
64	1.0000	0.8732	0.0000	0.0404
65	1.0000	0.8871	0.0000	0.0410
66	1.0000	0.8510	0.0000	0.0416
67	1.0000	0.8419	0.0000	0.0422
68	1.0000	0.8964	0.0000	0.0429
69	1.0000	0.8531	0.0000	0.0435
70	1.0000	0.8799	0.0000	0.0441
71	1.0000	0.8583	0.0000	0.0447
72	1.0000	0.8467	0.0000	0.0453
73	1.0000	0.8661	0.0000	0.0459
74	1.0000	0.8591	0.0000	0.0465
75	1.0000	0.8896	0.0000	0.0471
76	1.0000	0.8958	0.0000	0.0477
77	1.0000	0.8923	0.0000	0.0483
78	1.0000	0.9110	0.0000	0.0488
79	1.0000	0.9174	0.0000	0.0495
80	1.0000	0.9128	0.0000	0.0501
81	1.0000	0.9141	0.0000	0.0507
82	1.0000	0.9025	0.0000	0.0513
83	1.0000	0.9120	0.0000	0.0519
84	1.0000	0.9131	0.0000	0.0525
85	1.0000	0.9127	0.0000	0.0531
86	1.0000	0.9043	0.0000	0.0537
87	1.0000	0.9096	0.0000	0.0543
88	1.0000	0.8856	0.0000	0.0549
89	1.0000	0.9207	0.0000	0.0555
90	1.0000	0.8914	0.0000	0.0561
91	1.0000	0.9134	0.0000	0.0568
92	1.0000	0.9142	0.0000	0.0574
93	1.0000	0.8951	0.0000	0.0581
94	1.0000	0.9208	0.0000	0.0587
95	1.0000	0.9346	0.0000	0.0593
96	1.0000	0.9200	0.0000	0.0599
97	1.0000	0.9160	0.0000	0.0605
98	1.0000	0.9200	0.0000	0.0611
99	1.0000	0.9467	0.0000	0.0617
100	1.0000	0.9102	0.0000	0.0623
101	1.0000	0.8772	0.0000	0.0630
102	1.0000	0.8887	0.0000	0.0635
103	1.0000	0.9026	0.0000	0.0641
104	1.0000	0.8892	0.0000	0.0648
105	1.0000	0.9168	0.0000	0.0654
106	1.0000	0.8953	0.0000	0.0661
107	1.0000	0.9200	0.0000	0.0668
108	1.0000	0.9090	0.0000	0.0674
109	1.0000	0.8940	0.0000	0.0680
110	1.0000	0.8845	0.0000	0.0687
111	1.0000	0.8892	0.0000	0.0694
112	1.0000	0.8991	0.0000	0.0701
113	1.0000	0.8647	0.0000	0.0708
114	1.0000	0.8703	0.0000	0.0714
115	1.0000	0.8748	0.0000	0.0721
116	1.0000	0.9070	0.0000	0.0727
117	1.0000	0.8811	0.0000	0.0733
118	1.0000	0.8726	0.0000	0.0739
119	1.0000	0.8782	0.0000	0.0745
120	1.0000	0.8651	0.0000	0.0751
121	1.0000	0.8688	0.0000	0.0757
122	1.0000	0.8620	0.0000	0.0763
123	1.0000	0.8697	0.0000	0.0770
124	1.0000	0.8696	0.0000	0.0776
125	1.0000	0.8888	0.0000	0.0782
126	1.0000	0.8813	0.0000	0.0787
127	1.0000	0.8806	0.0000	0.0793
128	1.0000	0.8791	0.0000	0.0799
129	1.0000	0.8954	0.0000	0.0806
130	1.0000	0.8996	0.0000	0.0811
131	1.0000	0.9007	0.0000	0.0817
132	1.0000	0.9068	0.0000	0.0823
133	1.0000	0.8880	0.0000	0.0829
134	1.0000	0.8951	0.0000	0.0835
135	1.0000	0.9392	0.0000	0.0841
136	1.0000	0.9257	0.0000	0.0847
137	1.0000	0.9179	0.0000	0.0853
138	1.0000	0.9355	0.0000	0.0859
139	1.0000	0.9290	0.0000	0.0865
140	1.0000	0.9213	0.0000	0.0871
141	1.0000	0.9173	0.0000	0.0877
142	1.0000	0.9564	0.0000	0.0883
143	1.0000	0.9342	0.0000	0.0889
144	1.0000	0.9473	0.0000	0.0894
145	1.0000	0.9291	0.0000	0.0900
146	1.0000	0.9266	0.0000	0.0906
147	1.0000	0.9361	0.0000	0.0912
148	1.0000	0.9335	0.0000	0.0919
149	1.0000	0.8901	0.0000	0.0924
150	1.0000	0.8876	0.0000	0.0930
151	1.0000	0.8912	0.0000	0.0936
152	1.0000	0.9067	0.0000	0.0942
153	1.0000	0.8826	0.0000	0.0948
154	1.0000	0.9239	0.0000	0.0954
155	1.0000	0.9403	0.0000	0.0960
156	1.0000	0.8843	0.0000	0.0966
157	1.0000	0.8687	0.0000	0.0972
158	1.0000	0.8742	0.0000	0.0978
159	1.0000	0.8951	0.0000	0.0984
160	1.0000	0.8763	0.0000	0.0990
161	1.0000	0.8690	0.0000	0.0996
162	1.0000	0.8817	0.0000	0.1002
163	1.0000	0.8680	0.0000	0.1008
164	1.0000	0.8743	0.0000	0.1014
165	1.0000	0.8349	0.0000	0.1020
166	1.0000	0.8151	0.0000	0.1026
167	1.0000	0.8132	0.0000	0.1033
168	1.0000	0.8193	0.0000	0.1039
169	1.0000	0.8649	0.0000	0.1045
170	1.0000	0.8521	0.0000	0.1051
171	1.0000	0.8445	0.0000	0.1057
172	1.0000	0.8355	0.0000	0.1063
173	1.0000	0.8564	0.0000	0.1069
174	1.0000	0.8484	0.0000	0.1076
175	1.0000	0.8506	0.0000	0.1081
176	1.0000	0.8437	0.0000	0.1088
177	1.0000	0.8475	0.0000	0.1094
178	1.0000	0.8188	0.0000	0.1100
179	1.0000	0.8026	0.0000	0.1106
180	1.0000	0.8084	0.0000	0.1112
181	1.0000	0.8429	0.0000	0.1117
182	1.0000	0.8447	0.0000	0.1123
183	1.0000	0.8560	0.0000	0.1129
184	1.0000	0.8650	0.0000	0.1135
185	1.0000	0.8615	0.0000	0.1141
186	1.0000	0.8638	0.0000	0.1147
187	1.0000	0.8465	0.0000	0.1153
188	1.0000	0.8451	0.0000	0.1159
189	1.0000	0.8641	0.0000	0.1166
190	1.0000	0.8635	0.0000	0.1173
191	1.0000	0.8711	0.0000	0.1180
192	1.0000	0.8594	0.0000	0.1186
193	1.0000	0.8740	0.0000	0.1192
194	1.0000	0.8853	0.0000	0.1197
195	1.0000	0.9006	0.0000	0.1204
196	1.0000	0.8972	0.0000	0.1210
197	1.0000	0.8728	0.0000	0.1216
198	1.0000	0.8729	0.0000	0.1222
199	1.0000	0.9085	0.0000	0.1228
200	1.0000	0.8883	0.0000	0.1234
201	1.0000	0.9130	0.0000	0.1240
202	1.0000	0.8916	0.0000	0.1245
203	1.0000	0.9131	0.0000	0.1251
204	1.0000	0.9011	0.0000	0.1257
205	1.0000	0.9174	0.0000	0.1263
206	1.0000	0.8972	0.0000	0.1269
207	1.0000	0.8939	0.0000	0.1275
208	1.0000	0.8806	0.0000	0.1281
209	1.0000	0.9144	0.0000	0.1287
210	1.0000	0.8753	0.0000	0.1294
211	1.0000	0.9085	0.0000	0.1300
212	1.0000	0.9061	0.0000	0.1305
213	1.0000	0.8421	0.0000	0.1311
214	1.0000	0.8713	0.0000	0.1317
215	1.0000	0.8848	0.0000	0.1323
216	1.0000	0.9009	0.0000	0.1329
217	1.0000	0.8501	0.0000	0.1335
218	1.0000	0.8727	0.0000	0.1341
219	1.0000	0.8691	0.0000	0.1347
220	1.0000	0.8680	0.0000	0.1353
221	1.0000	0.8877	0.0000	0.1360
222	1.0000	0.9023	0.0000	0.1366
223	1.0000	0.8797	0.0000	0.1373
224	1.0000	0.8537	0.0000	0.1379
225	1.0000	0.8377	0.0000	0.1385
226	1.0000	0.8442	0.0000	0.1392
227	1.0000	0.8367	0.0000	0.1400
228	1.0000	0.8867	0.0000	0.1406
229	1.0000	0.8785	0.0000	0.1413
230	1.0000	0.8881	0.0000	0.1419
231	1.0000	0.8868	0.0000	0.1425
232	1.0000	0.8776	0.0000	0.1431
233	1.0000	0.8761	0.0000	0.1437
234	1.0000	0.8853	0.0000	0.1443
235	1.0000	0.9128	0.0000	0.1449
236	1.0000	0.8936	0.0000	0.1455
237	1.0000	0.8856	0.0000	0.1461
238	1.0000	0.9294	0.0000	0.1467
239	1.0000	0.8977	0.0000	0.1473
240	1.0000	0.8705	0.0000	0.1479
241	1.0000	0.8329	0.0000	0.1485
242	1.0000	0.8685	0.0000	0.1491
243	1.0000	0.8566	0.0000	0.1497
244	1.0000	0.8707	0.0000	0.1503
245	1.0000	0.8768	0.0000	0.1509
246	1.0000	0.8810	0.0000	0.1515
247	1.0000	0.8633	0.0000	0.1521
248	1.0000	0.8900	0.0000	0.1526
249	1.0000	0.8521	0.0000	0.1532
250	1.0000	0.8423	0.0000	0.1538
251	1.0000	0.8736	0.0000	0.1544
252	1.0000	0.9124	0.0000	0.1551
253	1.0000	0.8800	0.0000	0.1557
254	1.0000	0.8469	0.0000	0.1563
255	1.0000	0.8665	0.0000	0.1569
256	1.0000	0.8757	0.0000	0.1575
257	1.0000	0.8925	0.0000	0.1581
258	1.0000	0.8850	0.0000	0.1588
259	1.0000	0.8616	0.0000	0.1596
260	1.0000	0.8892	0.0000	0.1603
261	1.0000	0.8872	0.0000	0.1609
262	1.0000	0.8899	0.0000	0.1616
263	1.0000	0.8412	0.0000	0.1623
264	1.0000	0.8639	0.0000	0.1629
265	1.0000	0.8580	0.0000	0.1635
266	1.0000	0.8405	0.0000	0.1642
267	1.0000	0.8577	0.0000	0.1648
268	1.0000	0.8862	0.0000	0.1654
269	1.0000	0.8634	0.0000	0.1659
270	1.0000	0.8953	0.0000	0.1665
271	1.0000	0.8954	0.0000	0.1671
272	1.0000	0.8910	0.0000	0.1677
273	1.0000	0.8952	0.0000	0.1683
274	1.0000	0.8856	0.0000	0.1689
275	1.0000	0.9023	0.0000	0.1695
276	1.0000	0.8910	0.0000	0.1701
277	1.0000	0.8812	0.0000	0.1709
278	1.0000	0.8897	0.0000	0.1717
279	1.0000	0.9206	0.0000	0.1723
280	1.0000	0.9214	0.0000	0.1730
281	1.0000	0.8968	0.0000	0.1736
282	1.0000	0.9030	0.0000	0.1742
283	1.0000	0.9198	0.0000	0.1748
284	1.0000	0.9134	0.0000	0.1755
285	1.0000	0.9329	0.0000	0.1761
286	1.0000	0.9288	0.0000	0.1767
287	1.0000	0.9009	0.0000	0.1773
288	1.0000	0.8910	0.0000	0.1779
289	1.0000	0.8947	0.0000	0.1785
290	1.0000	0.8916	0.0000	0.1791
291	1.0000	0.8610	0.0000	0.1797
292	1.0000	0.9084	0.0000	0.1804
293	1.0000	0.9141	0.0000	0.1810
294	1.0000	0.9144	0.0000	0.1816
295	1.0000	0.8568	0.0000	0.1822
296	1.0000	0.8825	0.0000	0.1828
297	1.0000	0.8527	0.0000	0.1834
298	1.0000	0.8300	0.0000	0.1839
299	1.0000	0.8753	0.0000	0.1846
300	1.0000	0.8410	0.0000	0.1852
301	1.0000	0.8285	0.0000	0.1858
302	1.0000	0.8366	0.0000	0.1864
303	1.0000	0.8332	0.0000	0.1870
304	1.0000	0.8170	0.0000	0.1876
305	1.0000	0.7775	0.0000	0.1882
306	1.0000	0.8278	0.0000	0.1888
307	1.0000	0.8084	0.0000	0.1894
308	1.0000	0.8007	0.0000	0.1900
309	1.0000	0.7960	0.0000	0.1906
310	1.0000	0.8127	0.0000	0.1912
311	1.0000	0.8451	0.0000	0.1919
312	1.0000	0.8575	0.0000	0.1925
313	1.0000	0.8549	0.0000	0.1931
314	1.0000	0.8497	0.0000	0.1937
315	1.0000	0.8377	0.0000	0.1943
316	1.0000	0.8608	0.0000	0.1949
317	1.0000	0.8710	0.0000	0.1955
318	1.0000	0.8697	0.0000	0.1962
319	1.0000	0.8679	0.0000	0.1968
320	1.0000	0.8569	0.0000	0.1974
321	1.0000	0.8606	0.0000	0.1980
322	1.0000	0.8736	0.0000	0.1986
323	1.0000	0.8740	0.0000	0.1993
324	1.0000	0.8953	0.0000	0.1999
325	1.0000	0.8567	0.0000	0.2005
326	1.0000	0.8779	0.0000	0.2011
327	1.0000	0.8900	0.0000	0.2017
328	1.0000	0.8542	0.0000	0.2023
329	1.0000	0.8771	0.0000	0.2029
330	1.0000	0.8609	0.0000	0.2036
331	1.0000	0.8511	0.0000	0.2042
332	1.0000	0.8595	0.0000	0.2048
333	1.0000	0.7599	0.0000	0.2054
334	1.0000	0.8387	0.0000	0.2060
335	1.0000	0.8603	0.0000	0.2066
336	1.0000	0.8451	0.0000	0.2072
337	1.0000	0.8743	0.0000	0.2078
338	1.0000	0.8649	0.0000	0.2084
339	1.0000	0.8339	0.0000	0.2090
340	1.0000	0.8849	0.0000	0.2096
341	1.0000	0.8432	0.0000	0.2102
342	1.0000	0.8428	0.0000	0.2108
343	1.0000	0.8380	0.0000	0.2114
344	1.0000	0.8421	0.0000	0.2120
345	1.0000	0.8529	0.0000	0.2126
346	1.0000	0.8340	0.0000	0.2133
347	1.0000	0.8620	0.0000	0.2140
348	1.0000	0.8345	0.0000	0.2146
349	1.0000	0.8067	0.0000	0.2152
350	1.0000	0.8309	0.0000	0.2159
351	1.0000	0.8623	0.0000	0.2165
352	1.0000	0.8542	0.0000	0.2172
353	1.0000	0.8417	0.0000	0.2178
354	1.0000	0.8089	0.0000	0.2185
355	1.0000	0.7925	0.0000	0.2192
356	1.0000	0.7861	0.0000	0.2200
357	1.0000	0.8152	0.0000	0.2209
358	1.0000	0.8321	0.0000	0.2215
359	1.0000	0.8394	0.0000	0.2222
360	1.0000	0.8271	0.0000	0.2228
361	1.0000	0.8390	0.0000	0.2235
362	1.0000	0.8385	0.0000	0.2241
363	1.0000	0.7893	0.0000	0.2247
364	1.0000	0.8469	0.0000	0.2254
365	1.0000	0.8222	0.0000	0.2260
366	1.0000	0.8630	0.0000	0.2266
367	1.0000	0.8424	0.0000	0.2272
368	1.0000	0.8168	0.0000	0.2279
369	1.0000	0.8546	0.0000	0.2285
370	1.0000	0.8243	0.0000	0.2291
371	1.0000	0.8154	0.0000	0.2299
372	1.0000	0.8062	0.0000	0.2304
373	1.0000	0.8314	0.0000	0.2311
374	1.0000	0.8455	0.0000	0.2318
375	1.0000	0.8392	0.0000	0.2324
376	1.0000	0.8088	0.0000	0.2330
377	1.0000	0.8227	0.0000	0.2336
378	1.0000	0.8261	0.0000	0.2342
379	1.0000	0.8139	0.0000	0.2348
380	1.0000	0.8531	0.0000	0.2354
381	1.0000	0.8256	0.0000	0.2361
382	1.0000	0.8252	0.0000	0.2367
383	1.0000	0.8220	0.0000	0.2373
384	1.0000	0.8286	0.0000	0.2379
385	1.0000	0.8252	0.0000	0.2385
386	1.0000	0.8345	0.0000	0.2391
387	1.0000	0.8392	0.0000	0.2397
388	1.0000	0.8494	0.0000	0.2403
389	1.0000	0.8554	0.0000	0.2410
390	1.0000	0.8405	0.0000	0.2416
391	1.0000	0.8028	0.0000	0.2422
392	1.0000	0.8437	0.0000	0.2428
393	1.0000	0.8319	0.0000	0.2435
394	1.0000	0.8592	0.0000	0.2441
395	1.0000	0.8417	0.0000	0.2447
396	1.0000	0.8264	0.0000	0.2453
397	1.0000	0.8282	0.0000	0.2459
398	1.0000	0.8230	0.0000	0.2465
399	1.0000	0.8705	0.0000	0.2471
400	1.0000	0.8243	0.0000	0.2478
401	1.0000	0.8540	0.0000	0.2483
402	1.0000	0.8847	0.0000	0.2490
403	1.0000	0.8573	0.0000	0.2496
404	1.0000	0.8645	0.0000	0.2502
405	1.0000	0.8842	0.0000	0.2509
406	1.0000	0.8592	0.0000	0.2516
407	1.0000	0.8720	0.0000	0.2522
408	1.0000	0.8788	0.0000	0.2528
409	1.0000	0.8850	0.0000	0.2534
410	1.0000	0.8376	0.0000	0.2540
411	1.0000	0.8670	0.0000	0.2547
412	1.0000	0.8361	0.0000	0.2553
413	1.0000	0.8959	0.0000	0.2559
414	1.0000	0.8728	0.0000	0.2565
415	1.0000	0.8636	0.0000	0.2571
416	1.0000	0.8587	0.0000	0.2577
417	1.0000	0.8899	0.0000	0.2583
418	1.0000	0.8846	0.0000	0.2590
419	1.0000	0.9122	0.0000	0.2596
420	1.0000	0.8804	0.0000	0.2602
421	1.0000	0.8830	0.0000	0.2608
422	1.0000	0.9051	0.0000	0.2614
423	1.0000	0.9065	0.0000	0.2620
424	1.0000	0.8777	0.0000	0.2627
425	1.0000	0.8865	0.0000	0.2633
426	1.0000	0.9104	0.0000	0.2640
427	1.0000	0.8651	0.0000	0.2646
428	1.0000	0.8800	0.0000	0.2652
429	1.0000	0.8422	0.0000	0.2658
430	1.0000	0.9024	0.0000	0.2665
431	1.0000	0.8634	0.0000	0.2671
432	1.0000	0.8964	0.0000	0.2677
433	1.0000	0.8956	0.0000	0.2683
434	1.0000	0.8815	0.0000	0.2689
435	1.0000	0.8682	0.0000	0.2696
436	1.0000	0.8866	0.0000	0.2701
437	1.0000	0.8912	0.0000	0.2708
438	1.0000	0.8644	0.0000	0.2714
439	1.0000	0.8686	0.0000	0.2721
440	1.0000	0.9065	0.0000	0.2729
441	1.0000	0.9030	0.0000	0.2736
442	1.0000	0.8855	0.0000	0.2742
443	1.0000	0.9155	0.0000	0.2748
444	1.0000	0.8741	0.0000	0.2754
445	1.0000	0.9044	0.0000	0.2760
446	1.0000	0.8959	0.0000	0.2766
447	1.0000	0.9206	0.0000	0.2772
448	1.0000	0.9147	0.0000	0.2778
449	1.0000	0.8945	0.0000	0.2785
450	1.0000	0.9217	0.0000	0.2790
451	1.0000	0.9016	0.0000	0.2796
452	1.0000	0.9421	0.0000	0.2802
453	1.0000	0.8898	0.0000	0.2808
454	1.0000	0.9033	0.0000	0.2814
455	1.0000	0.9071	0.0000	0.2820
456	1.0000	0.9142	0.0000	0.2827
457	1.0000	0.9285	0.0000	0.2833
458	1.0000	0.9024	0.0000	0.2839
459	1.0000	0.9416	0.0000	0.2845
460	1.0000	0.8866	0.0000	0.2852
461	1.0000	0.8133	0.0000	0.2858
462	1.0000	0.8110	0.0000	0.2864
463	1.0000	0.8289	0.0000	0.2870
464	1.0000	0.8711	0.0000	0.2876
465	1.0000	0.8616	0.0000	0.2882
466	1.0000	0.8456	0.0000	0.2888
467	1.0000	0.8545	0.0000	0.2894
468	1.0000	0.8661	0.0000	0.2901
469	1.0000	0.8753	0.0000	0.2907
470	1.0000	0.8566	0.0000	0.2913
471	1.0000	0.8268	0.0000	0.2920
472	1.0000	0.8349	0.0000	0.2926
473	1.0000	0.8602	0.0000	0.2932
474	1.0000	0.8521	0.0000	0.2938
475	1.0000	0.8493	0.0000	0.2944
476	1.0000	0.8714	0.0000	0.2951
477	1.0000	0.8346	0.0000	0.2957
478	1.0000	0.8666	0.0000	0.2965
479	1.0000	0.8718	0.0000	0.2972
480	1.0000	0.8563	0.0000	0.2978
481	1.0000	0.8540	0.0000	0.2985
482	1.0000	0.8714	0.0000	0.2992
483	1.0000	0.8857	0.0000	0.3000
484	1.0000	0.8841	0.0000	0.3006
485	1.0000	0.8555	0.0000	0.3012
486	1.0000	0.8627	0.0000	0.3019
487	1.0000	0.8766	0.0000	0.3025
488	1.0000	0.8567	0.0000	0.3032
489	1.0000	0.8619	0.0000	0.3039
490	1.0000	0.8546	0.0000	0.3045
491	1.0000	0.8586	0.0000	0.3051
492	1.0000	0.8634	0.0000	0.3057
493	1.0000	0.8757	0.0000	0.3063
494	1.0000	0.8827	0.0000	0.3069
495	1.0000	0.8699	0.0000	0.3075
496	1.0000	0.9181	0.0000	0.3081
497	1.0000	0.9063	0.0000	0.3087
498	1.0000	0.8995	0.0000	0.3093
499	1.0000	0.9035	0.0000	0.3099
500	1.0000	0.9163	0.0000	0.3106
501	1.0000	0.9126	0.0000	0.3113
502	1.0000	0.8672	0.0000	0.3120
503	1.0000	0.9036	0.0000	0.3126
504	1.0000	0.9115	0.0000	0.3133
505	1.0000	0.9163	0.0000	0.3141
506	1.0000	0.9134	0.0000	0.3148
507	1.0000	0.9280	0.0000	0.3154
508	1.0000	0.9301	0.0000	0.3161
509	1.0000	0.9128	0.0000	0.3167
510	1.0000	0.8930	0.0000	0.3173
511	1.0000	0.8814	0.0000	0.3180
512	1.0000	0.9090	0.0000	0.3187
513	1.0000	0.8956	0.0000	0.3195
514	1.0000	0.9111	0.0000	0.3202
515	1.0000	0.8829	0.0000	0.3208
516	1.0000	0.9131	0.0000	0.3215
517	1.0000	0.8879	0.0000	0.3222
518	1.0000	0.8811	0.0000	0.3228
519	1.0000	0.8962	0.0000	0.3235
520	1.0000	0.8771	0.0000	0.3241
521	1.0000	0.8706	0.0000	0.3248
522	1.0000	0.8792	0.0000	0.3254
523	1.0000	0.8780	0.0000	0.3261
524	1.0000	0.8781	0.0000	0.3268
525	1.0000	0.8483	0.0000	0.3274
526	1.0000	0.8640	0.0000	0.3280
527	1.0000	0.8646	0.0000	0.3287
528	1.0000	0.8664	0.0000	0.3293
529	1.0000	0.8553	0.0000	0.3300
530	1.0000	0.8695	0.0000	0.3306
531	1.0000	0.8595	0.0000	0.3313
532	1.0000	0.8746	0.0000	0.3321
533	1.0000	0.8656	0.0000	0.3328
534	1.0000	0.9100	0.0000	0.3334
535	1.0000	0.9104	0.0000	0.3340
536	1.0000	0.8971	0.0000	0.3347
537	1.0000	0.8939	0.0000	0.3353
538	1.0000	0.8971	0.0000	0.3359
539	1.0000	0.9258	0.0000	0.3367
540	1.0000	0.8508	0.0000	0.3373
541	1.0000	0.8337	0.0000	0.3380
542	1.0000	0.8735	0.0000	0.3386
543	1.0000	0.8320	0.0000	0.3392
544	1.0000	0.8374	0.0000	0.3399
545	1.0000	0.8468	0.0000	0.3405
546	1.0000	0.8784	0.0000	0.3411
547	1.0000	0.8641	0.0000	0.3418
548	1.0000	0.8659	0.0000	0.3424
549	1.0000	0.8486	0.0000	0.3431
550	1.0000	0.8155	0.0000	0.3437
551	1.0000	0.8585	0.0000	0.3443
552	1.0000	0.8586	0.0000	0.3449
553	1.0000	0.8464	0.0000	0.3455
554	1.0000	0.8205	0.0000	0.3462
555	1.0000	0.8504	0.0000	0.3468
556	1.0000	0.8430	0.0000	0.3475
557	1.0000	0.8450	0.0000	0.3483
558	1.0000	0.8443	0.0000	0.3489
559	1.0000	0.8431	0.0000	0.3496
560	1.0000	0.8182	0.0000	0.3503
561	1.0000	0.8729	0.0000	0.3509
562	1.0000	0.8753	0.0000	0.3515
563	1.0000	0.8962	0.0000	0.3521
564	1.0000	0.8883	0.0000	0.3527
565	1.0000	0.8805	0.0000	0.3533
566	1.0000	0.8802	0.0000	0.3540
567	1.0000	0.8872	0.0000	0.3546
568	1.0000	0.8852	0.0000	0.3553
569	1.0000	0.8853	0.0000	0.3559
570	1.0000	0.8858	0.0000	0.3566
571	1.0000	0.8883	0.0000	0.3573
572	1.0000	0.8615	0.0000	0.3579
573	1.0000	0.8548	0.0000	0.3586
574	1.0000	0.8622	0.0000	0.3592
575	1.0000	0.8108	0.0000	0.3598
576	1.0000	0.8721	0.0000	0.3604
577	1.0000	0.8501	0.0000	0.3611
578	1.0000	0.8176	0.0000	0.3617
579	1.0000	0.8465	0.0000	0.3624
580	1.0000	0.8073	0.0000	0.3630
581	1.0000	0.8151	0.0000	0.3637
582	1.0000	0.8055	0.0000	0.3644
583	1.0000	0.8273	0.0000	0.3651
584	1.0000	0.8195	0.0000	0.3657
585	1.0000	0.8241	0.0000	0.3664
586	1.0000	0.8498	0.0000	0.3670
587	1.0000	0.8440	0.0000	0.3676
588	1.0000	0.8268	0.0000	0.3683
589	1.0000	0.8245	0.0000	0.3689
590	1.0000	0.8627	0.0000	0.3695
591	1.0000	0.8687	0.0000	0.3701
592	1.0000	0.8608	0.0000	0.3707
593	1.0000	0.8629	0.0000	0.3714
594	1.0000	0.8110	0.0000	0.3720
595	1.0000	0.8866	0.0000	0.3727
596	1.0000	0.8355	0.0000	0.3733
597	1.0000	0.8536	0.0000	0.3739
598	1.0000	0.8219	0.0000	0.3746
599	1.0000	0.8367	0.0000	0.3753
600	1.0000	0.8543	0.0000	0.3759
601	1.0000	0.8276	0.0000	0.3766
602	1.0000	0.8367	0.0000	0.3772
603	1.0000	0.8661	0.0000	0.3778
604	1.0000	0.8483	0.0000	0.3784
605	1.0000	0.8476	0.0000	0.3790
606	1.0000	0.8659	0.0000	0.3796
607	1.0000	0.8673	0.0000	0.3802
608	1.0000	0.8725	0.0000	0.3808
609	1.0000	0.8822	0.0000	0.3814
610	1.0000	0.8901	0.0000	0.3820
611	1.0000	0.8927	0.0000	0.3826
612	1.0000	0.8965	0.0000	0.3832
613	1.0000	0.8803	0.0000	0.3838
614	1.0000	0.8921	0.0000	0.3844
615	1.0000	0.8989	0.0000	0.3850
616	1.0000	0.9058	0.0000	0.3856
617	1.0000	0.8774	0.0000	0.3863
618	1.0000	0.9214	0.0000	0.3869
619	1.0000	0.9065	0.0000	0.3875
620	1.0000	0.8804	0.0000	0.3882
621	1.0000	0.8926	0.0000	0.3890
622	1.0000	0.8870	0.0000	0.3897
623	1.0000	0.9077	0.0000	0.3904
624	1.0000	0.9148	0.0000	0.3910
625	1.0000	0.9049	0.0000	0.3917
626	1.0000	0.9422	0.0000	0.3924
627	1.0000	0.9279	0.0000	0.3930
628	1.0000	0.9150	0.0000	0.3936
629	1.0000	0.9156	0.0000	0.3944
630	1.0000	0.9056	0.0000	0.3952
631	1.0000	0.9062	0.0000	0.3959
632	1.0000	0.9228	0.0000	0.3966
633	1.0000	0.8833	0.0000	0.3973
634	1.0000	0.8790	0.0000	0.3982
635	1.0000	0.9152	0.0000	0.3989
636	1.0000	0.9028	0.0000	0.3996
637	1.0000	0.9072	0.0000	0.4002
638	1.0000	0.8726	0.0000	0.4008
639	1.0000	0.8441	0.0000	0.4014
640	1.0000	0.8318	0.0000	0.4020
641	1.0000	0.8441	0.0000	0.4026
642	1.0000	0.8482	0.0000	0.4032
643	1.0000	0.8569	0.0000	0.4038
644	1.0000	0.8621	0.0000	0.4044
645	1.0000	0.8623	0.0000	0.4050
646	1.0000	0.8743	0.0000	0.4056
647	1.0000	0.8713	0.0000	0.4063
648	1.0000	0.8509	0.0000	0.4069
649	1.0000	0.8943	0.0000	0.4075
650	1.0000	0.8630	0.0000	0.4081
651	1.0000	0.8788	0.0000	0.4087
652	1.0000	0.8761	0.0000	0.4094
653	1.0000	0.8565	0.0000	0.4106
654	1.0000	0.9134	0.0000	0.4117
655	1.0000	0.8716	0.0000	0.4127
656	1.0000	0.9074	0.0000	0.4133
657	1.0000	0.9136	0.0000	0.4139
658	1.0000	0.8841	0.0000	0.4146
659	1.0000	0.8906	0.0000	0.4153
660	1.0000	0.8990	0.0000	0.4160
661	1.0000	0.8933	0.0000	0.4167
662	1.0000	0.8926	0.0000	0.4173
663	1.0000	0.8739	0.0000	0.4180
664	1.0000	0.8812	0.0000	0.4187
665	1.0000	0.8651	0.0000	0.4194
666	1.0000	0.8599	0.0000	0.4201
667	1.0000	0.8896	0.0000	0.4208
668	1.0000	0.9093	0.0000	0.4215
669	1.0000	0.9004	0.0000	0.4223
670	1.0000	0.9083	0.0000	0.4230
671	1.0000	0.8905	0.0000	0.4237
672	1.0000	0.8896	0.0000	0.4244
673	1.0000	0.8550	0.0000	0.4250
674	1.0000	0.8791	0.0000	0.4257
675	1.0000	0.8866	0.0000	0.4264
676	1.0000	0.8148	0.0000	0.4271
677	1.0000	0.8605	0.0000	0.4277
678	1.0000	0.8429	0.0000	0.4283
679	1.0000	0.8480	0.0000	0.4291
680	1.0000	0.8477	0.0000	0.4299
681	1.0000	0.8531	0.0000	0.4305
682	1.0000	0.8715	0.0000	0.4312
683	1.0000	0.8722	0.0000	0.4319
684	1.0000	0.8839	0.0000	0.4326
685	1.0000	0.8977	0.0000	0.4333
686	1.0000	0.8944	0.0000	0.4340
687	1.0000	0.8894	0.0000	0.4348
688	1.0000	0.8918	0.0000	0.4355
689	1.0000	0.8721	0.0000	0.4361
690	1.0000	0.8502	0.0000	0.4368
691	1.0000	0.8716	0.0000	0.4375
692	1.0000	0.8628	0.0000	0.4382
693	1.0000	0.8455	0.0000	0.4391
694	1.0000	0.8086	0.0000	0.4401
695	1.0000	0.7968	0.0000	0.4410
696	1.0000	0.7934	0.0000	0.4417
697	1.0000	0.8392	0.0000	0.4424
698	1.0000	0.8064	0.0000	0.4432
699	1.0000	0.8341	0.0000	0.4440
700	1.0000	0.8395	0.0000	0.4446
701	1.0000	0.8472	0.0000	0.4453
702	1.0000	0.8652	0.0000	0.4459
703	1.0000	0.8776	0.0000	0.4467
704	1.0000	0.8674	0.0000	0.4473
705	1.0000	0.8821	0.0000	0.4480
706	1.0000	0.8640	0.0000	0.4489
707	1.0000	0.8978	0.0000	0.4497
708	1.0000	0.8594	0.0000	0.4505
709	1.0000	0.8681	0.0000	0.4515
710	1.0000	0.8694	0.0000	0.4523
711	1.0000	0.8646	0.0000	0.4532
712	1.0000	0.8766	0.0000	0.4539
713	1.0000	0.8725	0.0000	0.4548
714	1.0000	0.8578	0.0000	0.4556
715	1.0000	0.8574	0.0000	0.4565
716	1.0000	0.8711	0.0000	0.4573
717	1.0000	0.8718	0.0000	0.4583
718	1.0000	0.8961	0.0000	0.4593
719	1.0000	0.8591	0.0000	0.4601
720	1.0000	0.9053	0.0000	0.4610
721	1.0000	0.9113	0.0000	0.4619
722	1.0000	0.8897	0.0000	0.4628
723	1.0000	0.8830	0.0000	0.4638
724	1.0000	0.8890	0.0000	0.4646
725	1.0000	0.8927	0.0000	0.4654
726	1.0000	0.8876	0.0000	0.4663
727	1.0000	0.8996	0.0000	0.4671
728	1.0000	0.8891	0.0000	0.4680
729	1.0000	0.9151	0.0000	0.4687
730	1.0000	0.8995	0.0000	0.4695
731	1.0000	0.8987	0.0000	0.4701
732	1.0000	0.9032	0.0000	0.4707
733	1.0000	0.9173	0.0000	0.4714
734	1.0000	0.9104	0.0000	0.4720
735	1.0000	0.9250	0.0000	0.4727
736	1.0000	0.9062	0.0000	0.4735
737	1.0000	0.9004	0.0000	0.4741
738	1.0000	0.9018	0.0000	0.4750
739	1.0000	0.9046	0.0000	0.4760
740	1.0000	0.9328	0.0000	0.4768
741	1.0000	0.9010	0.0000	0.4777
742	1.0000	0.8831	0.0000	0.4786
743	1.0000	0.8848	0.0000	0.4794
744	1.0000	0.8636	0.0000	0.4802
745	1.0000	0.8726	0.0000	0.4810
746	1.0000	0.8619	0.0000	0.4818
747	1.0000	0.8912	0.0000	0.4825
748	1.0000	0.8254	0.0000	0.4832
749	1.0000	0.8495	0.0000	0.4839
750	1.0000	0.8594	0.0000	0.4846
751	1.0000	0.8324	0.0000	0.4855
752	1.0000	0.8081	0.0000	0.4863
753	1.0000	0.8384	0.0000	0.4871
754	1.0000	0.8640	0.0000	0.4880
755	1.0000	0.8295	0.0000	0.4887
756	1.0000	0.8065	0.0000	0.4896
757	1.0000	0.8299	0.0000	0.4904
758	1.0000	0.8495	0.0000	0.4913
759	1.0000	0.8099	0.0000	0.4921
760	1.0000	0.8425	0.0000	0.4929
761	1.0000	0.8358	0.0000	0.4938
762	1.0000	0.8408	0.0000	0.4946
763	1.0000	0.8472	0.0000	0.4955
764	1.0000	0.8555	0.0000	0.4964
765	1.0000	0.8670	0.0000	0.4972
766	1.0000	0.8835	0.0000	0.4981
767	1.0000	0.8467	0.0000	0.4989
768	1.0000	0.8644	0.0000	0.4996
769	1.0000	0.8850	0.0000	0.5002
770	1.0000	0.8818	0.0000	0.5009
771	1.0000	0.8906	0.0000	0.5016
772	1.0000	0.9099	0.0000	0.5023
773	1.0000	0.9083	0.0000	0.5031
774	1.0000	0.8823	0.0000	0.5037
775	1.0000	0.8798	0.0000	0.5044
776	1.0000	0.8329	0.0000	0.5051
777	1.0000	0.8444	0.0000	0.5059
778	1.0000	0.8661	0.0000	0.5065
779	1.0000	0.8380	0.0000	0.5073
780	1.0000	0.8143	0.0000	0.5079
781	1.0000	0.8511	0.0000	0.5086
782	1.0000	0.8327	0.0000	0.5093
783	1.0000	0.8404	0.0000	0.5100
784	1.0000	0.8429	0.0000	0.5106
785	1.0000	0.8507	0.0000	0.5113
786	1.0000	0.8457	0.0000	0.5119
787	1.0000	0.8461	0.0000	0.5126
788	1.0000	0.8640	0.0000	0.5133
789	1.0000	0.8757	0.0000	0.5140
790	1.0000	0.8767	0.0000	0.5146
791	1.0000	0.8956	0.0000	0.5154
792	1.0000	0.8907	0.0000	0.5160
793	1.0000	0.8982	0.0000	0.5167
794	1.0000	0.8663	0.0000	0.5173
795	1.0000	0.8347	0.0000	0.5180
796	1.0000	0.8353	0.0000	0.5187
797	1.0000	0.8698	0.0000	0.5194
798	1.0000	0.8736	0.0000	0.5200
799	1.0000	0.9054	0.0000	0.5208
800	1.0000	0.8313	0.0000	0.5214
801	1.0000	0.8628	0.0000	0.5221
802	1.0000	0.8629	0.0000	0.5228
803	1.0000	0.8171	0.0000	0.5235
804	1.0000	0.8231	0.0000	0.5242
805	1.0000	0.8438	0.0000	0.5248
806	1.0000	0.8501	0.0000	0.5255
807	1.0000	0.8945	0.0000	0.5264
808	1.0000	0.8504	0.0000	0.5272
809	1.0000	0.8807	0.0000	0.5280
810	1.0000	0.8805	0.0000	0.5287
811	1.0000	0.8537	0.0000	0.5293
812	1.0000	0.9006	0.0000	0.5300
813	1.0000	0.8982	0.0000	0.5307
814	1.0000	0.8911	0.0000	0.5314
815	1.0000	0.8824	0.0000	0.5321
816	1.0000	0.9068	0.0000	0.5327
817	1.0000	0.8947	0.0000	0.5333
818	1.0000	0.9134	0.0000	0.5340
819	1.0000	0.8951	0.0000	0.5347
820	1.0000	0.9149	0.0000	0.5354
821	1.0000	0.9136	0.0000	0.5361
822	1.0000	0.9123	0.0000	0.5368
823	1.0000	0.8889	0.0000	0.5375
824	1.0000	0.8425	0.0000	0.5381
825	1.0000	0.8635	0.0000	0.5388
826	1.0000	0.8447	0.0000	0.5395
827	1.0000	0.8448	0.0000	0.5401
828	1.0000	0.9054	0.0000	0.5408
829	1.0000	0.8906	0.0000	0.5415
830	1.0000	0.8754	0.0000	0.5422
831	1.0000	0.8573	0.0000	0.5429
832	1.0000	0.8684	0.0000	0.5435
833	1.0000	0.8730	0.0000	0.5443
834	1.0000	0.8896	0.0000	0.5449
835	1.0000	0.8774	0.0000	0.5456
836	1.0000	0.8936	0.0000	0.5462
837	1.0000	0.9018	0.0000	0.5469
838	1.0000	0.8613	0.0000	0.5476
839	1.0000	0.8779	0.0000	0.5482
840	1.0000	0.8671	0.0000	0.5489
841	1.0000	0.9169	0.0000	0.5495
842	1.0000	0.9054	0.0000	0.5502
843	1.0000	0.8751	0.0000	0.5509
844	1.0000	0.9096	0.0000	0.5519
845	1.0000	0.9017	0.0000	0.5528
846	1.0000	0.8765	0.0000	0.5537
847	1.0000	0.9071	0.0000	0.5546
848	1.0000	0.9129	0.0000	0.5555
849	1.0000	0.8951	0.0000	0.5566
850	1.0000	0.9038	0.0000	0.5575
851	1.0000	0.9097	0.0000	0.5584
852	1.0000	0.9047	0.0000	0.5593
853	1.0000	0.9096	0.0000	0.5602
854	1.0000	0.9008	0.0000	0.5612
855	1.0000	0.9107	0.0000	0.5621
856	1.0000	0.9036	0.0000	0.5631
857	1.0000	0.8927	0.0000	0.5640
858	1.0000	0.8938	0.0000	0.5649
859	1.0000	0.9155	0.0000	0.5660
860	1.0000	0.8933	0.0000	0.5672
861	1.0000	0.8922	0.0000	0.5681
862	1.0000	0.8924	0.0000	0.5688
863	1.0000	0.9248	0.0000	0.5695
864	1.0000	0.8926	0.0000	0.5702
865	1.0000	0.9044	0.0000	0.5709
866	1.0000	0.9289	0.0000	0.5716
867	1.0000	0.9151	0.0000	0.5724
868	1.0000	0.9049	0.0000	0.5731
869	1.0000	0.8837	0.0000	0.5737
870	1.0000	0.8908	0.0000	0.5744
871	1.0000	0.8577	0.0000	0.5750
872	1.0000	0.8892	0.0000	0.5757
873	1.0000	0.8928	0.0000	0.5763
874	1.0000	0.8810	0.0000	0.5770
875	1.0000	0.9290	0.0000	0.5777
876	1.0000	0.8941	0.0000	0.5784
877	1.0000	0.8946	0.0000	0.5791
878	1.0000	0.9096	0.0000	0.5797
879	1.0000	0.9006	0.0000	0.5804
880	1.0000	0.8635	0.0000	0.5811
881	1.0000	0.8568	0.0000	0.5818
882	1.0000	0.8784	0.0000	0.5825
883	1.0000	0.8689	0.0000	0.5831
884	1.0000	0.9048	0.0000	0.5838
885	1.0000	0.8795	0.0000	0.5845
886	1.0000	0.8846	0.0000	0.5852
887	1.0000	0.8935	0.0000	0.5858
888	1.0000	0.8986	0.0000	0.5865
889	1.0000	0.9040	0.0000	0.5871
890	1.0000	0.8923	0.0000	0.5878
891	1.0000	0.9239	0.0000	0.5884
892	1.0000	0.9320	0.0000	0.5891
893	1.0000	0.9234	0.0000	0.5897
894	1.0000	0.9113	0.0000	0.5903
895	1.0000	0.8961	0.0000	0.5910
896	1.0000	0.9198	0.0000	0.5917
897	1.0000	0.9121	0.0000	0.5924
898	1.0000	0.9100	0.0000	0.5931
899	1.0000	0.8906	0.0000	0.5938
900	1.0000	0.8819	0.0000	0.5945
901	1.0000	0.8735	0.0000	0.5951
902	1.0000	0.8756	0.0000	0.5958
903	1.0000	0.8472	0.0000	0.5964
904	1.0000	0.8767	0.0000	0.5971
905	1.0000	0.8540	0.0000	0.5977
906	1.0000	0.8324	0.0000	0.5984
907	1.0000	0.8397	0.0000	0.5990
908	1.0000	0.8599	0.0000	0.5997
909	1.0000	0.8367	0.0000	0.6003
910	1.0000	0.8599	0.0000	0.6010
911	1.0000	0.8548	0.0000	0.6016
912	1.0000	0.9011	0.0000	0.6022
913	1.0000	0.8828	0.0000	0.6029
914	1.0000	0.8561	0.0000	0.6035
915	1.0000	0.8634	0.0000	0.6042
916	1.0000	0.9029	0.0000	0.6048
917	1.0000	0.8958	0.0000	0.6055
918	1.0000	0.8764	0.0000	0.6062
919	1.0000	0.8485	0.0000	0.6068
920	1.0000	0.8521	0.0000	0.6075
921	1.0000	0.8665	0.0000	0.6082
922	1.0000	0.8620	0.0000	0.6088
923	1.0000	0.8645	0.0000	0.6094
924	1.0000	0.8732	0.0000	0.6100
925	1.0000	0.8810	0.0000	0.6106
926	1.0000	0.8917	0.0000	0.6113
927	1.0000	0.8860	0.0000	0.6119
928	1.0000	0.8889	0.0000	0.6125
929	1.0000	0.8769	0.0000	0.6131
930	1.0000	0.9196	0.0000	0.6138
931	1.0000	0.9063	0.0000	0.6145
932	1.0000	0.9203	0.0000	0.6152
933	1.0000	0.8951	0.0000	0.6158
934	1.0000	0.9302	0.0000	0.6164
935	1.0000	0.9037	0.0000	0.6171
936	1.0000	0.9275	0.0000	0.6178
937	1.0000	0.9528	0.0000	0.6184
938	1.0000	0.9314	0.0000	0.6191
939	1.0000	0.9139	0.0000	0.6198
940	1.0000	0.8719	0.0000	0.6204
941	1.0000	0.9078	0.0000	0.6211
942	1.0000	0.8848	0.0000	0.6217
943	1.0000	0.9400	0.0000	0.6224
944	1.0000	0.8906	0.0000	0.6230
945	1.0000	0.8861	0.0000	0.6236
946	1.0000	0.9177	0.0000	0.6242
947	1.0000	0.9288	0.0000	0.6249
948	1.0000	0.9046	0.0000	0.6255
949	1.0000	0.9128	0.0000	0.6262
950	1.0000	0.8966	0.0000	0.6269
951	1.0000	0.8779	0.0000	0.6277
952	1.0000	0.9024	0.0000	0.6285
953	1.0000	0.8895	0.0000	0.6292
954	1.0000	0.8924	0.0000	0.6299
955	1.0000	0.8789	0.0000	0.6306
956	1.0000	0.8911	0.0000	0.6312
957	1.0000	0.8979	0.0000	0.6319
958	1.0000	0.8878	0.0000	0.6326
959	1.0000	0.9092	0.0000	0.6332
960	1.0000	0.8940	0.0000	0.6339
961	1.0000	0.9172	0.0000	0.6346
962	1.0000	0.9034	0.0000	0.6353
963	1.0000	0.8828	0.0000	0.6361
964	1.0000	0.8976	0.0000	0.6368
965	1.0000	0.8495	0.0000	0.6375
966	1.0000	0.8884	0.0000	0.6383
967	1.0000	0.8929	0.0000	0.6391
968	1.0000	0.8838	0.0000	0.6398
969	1.0000	0.9004	0.0000	0.6405
970	1.0000	0.9361	0.0000	0.6411
971	1.0000	0.9133	0.0000	0.6418
972	1.0000	0.9072	0.0000	0.6425
973	1.0000	0.9154	0.0000	0.6431
974	1.0000	0.9230	0.0000	0.6438
975	1.0000	0.9283	0.0000	0.6444
976	1.0000	0.9309	0.0000	0.6450
977	1.0000	0.9005	0.0000	0.6457
978	1.0000	0.8864	0.0000	0.6466
979	1.0000	0.8817	0.0000	0.6476
980	1.0000	0.9005	0.0000	0.6485
981	1.0000	0.9001	0.0000	0.6496
982	1.0000	0.8773	0.0000	0.6504
983	1.0000	0.8743	0.0000	0.6514
984	1.0000	0.9002	0.0000	0.6523
985	1.0000	0.9114	0.0000	0.6534
986	1.0000	0.8833	0.0000	0.6541
987	1.0000	0.8743	0.0000	0.6548
988	1.0000	0.9110	0.0000	0.6556
989	1.0000	0.9073	0.0000	0.6564
990	1.0000	0.9204	0.0000	0.6572
991	1.0000	0.9012	0.0000	0.6580
992	1.0000	0.8913	0.0000	0.6586
993	1.0000	0.9009	0.0000	0.6594
994	1.0000	0.9160	0.0000	0.6601
995	1.0000	0.9202	0.0000	0.6609
996	1.0000	0.8994	0.0000	0.6616
997	1.0000	0.8980	0.0000	0.6626
998	1.0000	0.9017	0.0000	0.6635
999	1.0000	0.8848	0.0000	0.6645
1000	1.0000	0.9019	0.0000	0.6654
1001	1.0000	0.8573	0.0000	0.6664
1002	1.0000	0.8804	0.0000	0.6673
1003	1.0000	0.8907	0.0000	0.6685
1004	1.0000	0.8835	0.0000	0.6694
1005	1.0000	0.8660	0.0000	0.6700
1006	1.0000	0.8848	0.0000	0.6707
1007	1.0000	0.8724	0.0000	0.6715
1008	1.0000	0.8366	0.0000	0.6721
1009	1.0000	0.8256	0.0000	0.6728
1010	1.0000	0.8670	0.0000	0.6734
1011	1.0000	0.8948	0.0000	0.6740
1012	1.0000	0.8775	0.0000	0.6747
1013	1.0000	0.8865	0.0000	0.6754
1014	1.0000	0.8338	0.0000	0.6760
1015	1.0000	0.8488	0.0000	0.6767
1016	1.0000	0.8337	0.0000	0.6773
1017	1.0000	0.8483	0.0000	0.6779
1018	1.0000	0.8637	0.0000	0.6786
1019	1.0000	0.8645	0.0000	0.6794
1020	1.0000	0.8515	0.0000	0.6800
1021	1.0000	0.8722	0.0000	0.6807
1022	1.0000	0.8636	0.0000	0.6813
1023	1.0000	0.8811	0.0000	0.6819
1024	1.0000	0.8882	0.0000	0.6826
1025	1.0000	0.8927	0.0000	0.6832
1026	1.0000	0.8912	0.0000	0.6838
1027	1.0000	0.9129	0.0000	0.6844
1028	1.0000	0.9114	0.0000	0.6851
1029	1.0000	0.8707	0.0000	0.6857
1030	1.0000	0.9372	0.0000	0.6865
1031	1.0000	0.9091	0.0000	0.6872
1032	1.0000	0.9005	0.0000	0.6880
1033	1.0000	0.8690	0.0000	0.6886
1034	1.0000	0.9077	0.0000	0.6892
1035	1.0000	0.9045	0.0000	0.6899
1036	1.0000	0.8503	0.0000	0.6909
1037	1.0000	0.8586	0.0000	0.6915
1038	1.0000	0.8766	0.0000	0.6922
1039	1.0000	0.9058	0.0000	0.6929
1040	1.0000	0.8944	0.0000	0.6936
1041	1.0000	0.8633	0.0000	0.6944
1042	1.0000	0.8558	0.0000	0.6951
1043	1.0000	0.8693	0.0000	0.6957
1044	1.0000	0.8928	0.0000	0.6965
1045	1.0000	0.8783	0.0000	0.6971
1046	1.0000	0.9029	0.0000	0.6979
1047	1.0000	0.9087	0.0000	0.6986
1048	1.0000	0.8816	0.0000	0.6993
1049	1.0000	0.8989	0.0000	0.7001
1050	1.0000	0.8813	0.0000	0.7008
1051	1.0000	0.8954	0.0000	0.7014
1052	1.0000	0.8951	0.0000	0.7021
1053	1.0000	0.8806	0.0000	0.7028
1054	1.0000	0.8806	0.0000	0.7034
1055	1.0000	0.8806	0.0000	0.7042
1056	1.0000	0.8548	0.0000	0.7048
1057	1.0000	0.8408	0.0000	0.7055
1058	1.0000	0.8596	0.0000	0.7062
1059	1.0000	0.8827	0.0000	0.7068
1060	1.0000	0.9109	0.0000	0.7075
1061	1.0000	0.8909	0.0000	0.7081
1062	1.0000	0.8913	0.0000	0.7088
1063	1.0000	0.9011	0.0000	0.7095
1064	1.0000	0.9350	0.0000	0.7103
1065	1.0000	0.9003	0.0000	0.7110
Pos: [7.706277246232021, 7.706277243180514]

Run: 1
Iter	Gbest	AvrFit	Diver	ETime	
0	0.9844	0.1976	0.0000	0.0009
1	0.9844	0.3033	0.0000	0.0016
2	0.9982	0.3752	0.0000	0.0022
3	0.9982	0.3740	0.0000	0.0029
4	0.9989	0.4422	0.0000	0.0036
5	0.9992	0.5190	0.0000	0.0043
6	0.9993	0.5476	0.0000	0.0050
7	0.9995	0.6270	0.0000	0.0057
8	0.9995	0.6225	0.0000	0.0064
9	1.0000	0.6678	0.0000	0.0070
10	1.0000	0.6576	0.0000	0.0077
11	1.0000	0.6855	0.0000	0.0084
12	1.0000	0.7294	0.0000	0.0091
13	1.0000	0.7083	0.0000	0.0097
14	1.0000	0.7698	0.0000	0.0105
15	1.0000	0.7977	0.0000	0.0112
16	1.0000	0.7907	0.0000	0.0119
17	1.0000	0.7977	0.0000	0.0125
18	1.0000	0.7830	0.0000	0.0132
19	1.0000	0.8020	0.0000	0.0139
20	1.0000	0.8192	0.0000	0.0145
21	1.0000	0.7934	0.0000	0.0153
22	1.0000	0.7981	0.0000	0.0160
23	1.0000	0.8376	0.0000	0.0166
24	1.0000	0.7928	0.0000	0.0175
25	1.0000	0.8253	0.0000	0.0181
26	1.0000	0.8397	0.0000	0.0189
27	1.0000	0.8538	0.0000	0.0195
28	1.0000	0.8371	0.0000	0.0202
29	1.0000	0.8126	0.0000	0.0208
30	1.0000	0.8070	0.0000	0.0215
31	1.0000	0.7988	0.0000	0.0222
32	1.0000	0.8243	0.0000	0.0229
33	1.0000	0.8579	0.0000	0.0235
34	1.0000	0.8511	0.0000	0.0242
35	1.0000	0.8229	0.0000	0.0248
36	1.0000	0.8102	0.0000	0.0255
37	1.0000	0.8197	0.0000	0.0263
38	1.0000	0.8428	0.0000	0.0269
39	1.0000	0.8256	0.0000	0.0275
40	1.0000	0.8537	0.0000	0.0282
41	1.0000	0.9098	0.0000	0.0288
42	1.0000	0.8694	0.0000	0.0294
43	1.0000	0.8593	0.0000	0.0301
44	1.0000	0.8759	0.0000	0.0307
45	1.0000	0.8689	0.0000	0.0314
46	1.0000	0.8875	0.0000	0.0320
47	1.0000	0.8750	0.0000	0.0326
48	1.0000	0.8927	0.0000	0.0333
49	1.0000	0.8524	0.0000	0.0339
50	1.0000	0.8471	0.0000	0.0346
51	1.0000	0.8679	0.0000	0.0353
52	1.0000	0.8365	0.0000	0.0359
53	1.0000	0.8394	0.0000	0.0366
54	1.0000	0.8595	0.0000	0.0373
55	1.0000	0.8725	0.0000	0.0379
56	1.0000	0.8697	0.0000	0.0386
57	1.0000	0.8356	0.0000	0.0392
58	1.0000	0.8618	0.0000	0.0399
59	1.0000	0.8633	0.0000	0.0405
60	1.0000	0.8552	0.0000	0.0411
61	1.0000	0.8811	0.0000	0.0418
62	1.0000	0.8936	0.0000	0.0424
63	1.0000	0.8790	0.0000	0.0431
64	1.0000	0.9042	0.0000	0.0438
65	1.0000	0.9002	0.0000	0.0444
66	1.0000	0.8953	0.0000	0.0450
67	1.0000	0.9354	0.0000	0.0457
68	1.0000	0.8814	0.0000	0.0463
69	1.0000	0.9125	0.0000	0.0469
70	1.0000	0.9142	0.0000	0.0476
71	1.0000	0.9144	0.0000	0.0482
72	1.0000	0.8905	0.0000	0.0489
73	1.0000	0.8685	0.0000	0.0495
74	1.0000	0.9185	0.0000	0.0501
75	1.0000	0.9020	0.0000	0.0507
76	1.0000	0.9226	0.0000	0.0514
77	1.0000	0.9183	0.0000	0.0520
78	1.0000	0.9024	0.0000	0.0526
79	1.0000	0.8945	0.0000	0.0533
80	1.0000	0.8948	0.0000	0.0539
81	1.0000	0.9104	0.0000	0.0546
82	1.0000	0.9179	0.0000	0.0552
83	1.0000	0.8726	0.0000	0.0558
84	1.0000	0.8719	0.0000	0.0564
85	1.0000	0.8843	0.0000	0.0571
86	1.0000	0.8734	0.0000	0.0577
87	1.0000	0.8973	0.0000	0.0583
88	1.0000	0.8845	0.0000	0.0589
89	1.0000	0.9016	0.0000	0.0596
90	1.0000	0.8845	0.0000	0.0602
91	1.0000	0.8751	0.0000	0.0608
92	1.0000	0.9058	0.0000	0.0615
93	1.0000	0.9163	0.0000	0.0621
94	1.0000	0.9060	0.0000	0.0627
95	1.0000	0.9202	0.0000	0.0633
96	1.0000	0.8842	0.0000	0.0639
97	1.0000	0.8919	0.0000	0.0646
98	1.0000	0.8989	0.0000	0.0652
99	1.0000	0.8837	0.0000	0.0659
100	1.0000	0.9050	0.0000	0.0665
101	1.0000	0.8849	0.0000	0.0672
102	1.0000	0.8747	0.0000	0.0678
103	1.0000	0.8736	0.0000	0.0685
104	1.0000	0.8551	0.0000	0.0691
105	1.0000	0.8791	0.0000	0.0698
106	1.0000	0.8909	0.0000	0.0704
107	1.0000	0.8652	0.0000	0.0711
108	1.0000	0.8614	0.0000	0.0718
109	1.0000	0.8887	0.0000	0.0725
110	1.0000	0.8903	0.0000	0.0732
111	1.0000	0.8482	0.0000	0.0740
112	1.0000	0.8789	0.0000	0.0747
113	1.0000	0.8809	0.0000	0.0754
114	1.0000	0.8765	0.0000	0.0760
115	1.0000	0.8319	0.0000	0.0766
116	1.0000	0.8828	0.0000	0.0773
117	1.0000	0.8693	0.0000	0.0779
118	1.0000	0.8668	0.0000	0.0785
119	1.0000	0.8569	0.0000	0.0791
120	1.0000	0.8769	0.0000	0.0798
121	1.0000	0.8791	0.0000	0.0805
122	1.0000	0.8709	0.0000	0.0813
123	1.0000	0.8861	0.0000	0.0819
124	1.0000	0.8755	0.0000	0.0826
125	1.0000	0.8612	0.0000	0.0832
126	1.0000	0.8548	0.0000	0.0839
127	1.0000	0.9161	0.0000	0.0845
128	1.0000	0.8993	0.0000	0.0851
129	1.0000	0.8793	0.0000	0.0858
130	1.0000	0.8781	0.0000	0.0865
131	1.0000	0.8743	0.0000	0.0874
132	1.0000	0.9220	0.0000	0.0882
133	1.0000	0.9005	0.0000	0.0889
134	1.0000	0.8922	0.0000	0.0896
135	1.0000	0.9122	0.0000	0.0902
136	1.0000	0.9226	0.0000	0.0908
137	1.0000	0.8798	0.0000	0.0915
138	1.0000	0.9072	0.0000	0.0921
139	1.0000	0.9166	0.0000	0.0928
140	1.0000	0.8963	0.0000	0.0935
141	1.0000	0.9359	0.0000	0.0941
142	1.0000	0.9186	0.0000	0.0948
143	1.0000	0.9481	0.0000	0.0955
144	1.0000	0.9397	0.0000	0.0962
145	1.0000	0.9216	0.0000	0.0970
146	1.0000	0.9363	0.0000	0.0976
147	1.0000	0.9075	0.0000	0.0982
148	1.0000	0.9093	0.0000	0.0989
149	1.0000	0.9157	0.0000	0.0996
150	1.0000	0.8910	0.0000	0.1002
151	1.0000	0.8909	0.0000	0.1008
152	1.0000	0.8911	0.0000	0.1014
153	1.0000	0.8930	0.0000	0.1021
154	1.0000	0.8695	0.0000	0.1027
155	1.0000	0.9032	0.0000	0.1034
156	1.0000	0.8661	0.0000	0.1040
157	1.0000	0.8776	0.0000	0.1047
158	1.0000	0.8648	0.0000	0.1054
159	1.0000	0.8509	0.0000	0.1060
160	1.0000	0.8320	0.0000	0.1067
161	1.0000	0.8377	0.0000	0.1074
162	1.0000	0.8210	0.0000	0.1080
163	1.0000	0.8204	0.0000	0.1086
164	1.0000	0.8354	0.0000	0.1093
165	1.0000	0.8253	0.0000	0.1099
166	1.0000	0.8261	0.0000	0.1106
167	1.0000	0.8427	0.0000	0.1112
168	1.0000	0.8494	0.0000	0.1118
169	1.0000	0.8239	0.0000	0.1125
170	1.0000	0.8490	0.0000	0.1132
171	1.0000	0.8263	0.0000	0.1139
172	1.0000	0.8315	0.0000	0.1145
173	1.0000	0.8715	0.0000	0.1151
174	1.0000	0.8708	0.0000	0.1158
175	1.0000	0.8905	0.0000	0.1164
176	1.0000	0.8635	0.0000	0.1170
177	1.0000	0.8371	0.0000	0.1177
178	1.0000	0.8256	0.0000	0.1183
179	1.0000	0.8021	0.0000	0.1190
180	1.0000	0.8423	0.0000	0.1196
181	1.0000	0.8279	0.0000	0.1203
182	1.0000	0.8510	0.0000	0.1209
183	1.0000	0.8570	0.0000	0.1215
184	1.0000	0.8856	0.0000	0.1221
185	1.0000	0.8708	0.0000	0.1227
186	1.0000	0.8815	0.0000	0.1234
187	1.0000	0.8444	0.0000	0.1240
188	1.0000	0.8687	0.0000	0.1246
189	1.0000	0.8757	0.0000	0.1253
190	1.0000	0.8577	0.0000	0.1259
191	1.0000	0.8871	0.0000	0.1265
192	1.0000	0.8639	0.0000	0.1273
193	1.0000	0.8744	0.0000	0.1282
194	1.0000	0.8769	0.0000	0.1288
195	1.0000	0.8912	0.0000	0.1294
196	1.0000	0.8911	0.0000	0.1300
197	1.0000	0.8971	0.0000	0.1306
198	1.0000	0.9032	0.0000	0.1313
199	1.0000	0.9064	0.0000	0.1319
200	1.0000	0.8902	0.0000	0.1325
201	1.0000	0.8828	0.0000	0.1331
202	1.0000	0.9084	0.0000	0.1337
203	1.0000	0.8803	0.0000	0.1343
204	1.0000	0.8822	0.0000	0.1350
205	1.0000	0.9007	0.0000	0.1356
206	1.0000	0.9050	0.0000	0.1362
207	1.0000	0.8519	0.0000	0.1368
208	1.0000	0.8621	0.0000	0.1374
209	1.0000	0.8473	0.0000	0.1381
210	1.0000	0.8655	0.0000	0.1387
211	1.0000	0.8628	0.0000	0.1394
212	1.0000	0.8617	0.0000	0.1400
213	1.0000	0.8668	0.0000	0.1406
214	1.0000	0.8607	0.0000	0.1412
215	1.0000	0.8644	0.0000	0.1419
216	1.0000	0.8543	0.0000	0.1425
217	1.0000	0.8671	0.0000	0.1432
218	1.0000	0.8393	0.0000	0.1438
219	1.0000	0.8674	0.0000	0.1444
220	1.0000	0.8819	0.0000	0.1450
221	1.0000	0.8536	0.0000	0.1458
222	1.0000	0.8680	0.0000	0.1464
223	1.0000	0.8913	0.0000	0.1470
224	1.0000	0.8574	0.0000	0.1477
225	1.0000	0.8560	0.0000	0.1484
226	1.0000	0.8677	0.0000	0.1490
227	1.0000	0.8851	0.0000	0.1496
228	1.0000	0.8696	0.0000	0.1503
229	1.0000	0.8738	0.0000	0.1509
230	1.0000	0.8792	0.0000	0.1515
231	1.0000	0.8809	0.0000	0.1521
232	1.0000	0.9097	0.0000	0.1527
233	1.0000	0.8698	0.0000	0.1534
234	1.0000	0.9093	0.0000	0.1540
235	1.0000	0.8620	0.0000	0.1546
236	1.0000	0.8654	0.0000	0.1552
237	1.0000	0.8887	0.0000	0.1559
238	1.0000	0.8767	0.0000	0.1566
239	1.0000	0.9005	0.0000	0.1573
240	1.0000	0.8889	0.0000	0.1581
241	1.0000	0.8601	0.0000	0.1588
242	1.0000	0.9092	0.0000	0.1594
243	1.0000	0.8524	0.0000	0.1601
244	1.0000	0.8900	0.0000	0.1608
245	1.0000	0.8835	0.0000	0.1614
246	1.0000	0.9199	0.0000	0.1620
247	1.0000	0.8709	0.0000	0.1627
248	1.0000	0.8909	0.0000	0.1633
249	1.0000	0.9088	0.0000	0.1640
250	1.0000	0.9046	0.0000	0.1647
251	1.0000	0.9172	0.0000	0.1654
252	1.0000	0.8998	0.0000	0.1661
253	1.0000	0.8758	0.0000	0.1667
254	1.0000	0.8653	0.0000	0.1674
255	1.0000	0.8902	0.0000	0.1681
256	1.0000	0.8681	0.0000	0.1689
257	1.0000	0.8678	0.0000	0.1698
258	1.0000	0.9050	0.0000	0.1705
259	1.0000	0.8581	0.0000	0.1712
260	1.0000	0.8835	0.0000	0.1719
261	1.0000	0.9143	0.0000	0.1726
262	1.0000	0.8724	0.0000	0.1733
263	1.0000	0.8492	0.0000	0.1739
264	1.0000	0.8416	0.0000	0.1746
265	1.0000	0.8687	0.0000	0.1752
266	1.0000	0.8640	0.0000	0.1759
267	1.0000	0.8564	0.0000	0.1766
268	1.0000	0.8624	0.0000	0.1772
269	1.0000	0.8846	0.0000	0.1779
270	1.0000	0.8534	0.0000	0.1785
271	1.0000	0.8811	0.0000	0.1793
272	1.0000	0.8372	0.0000	0.1800
273	1.0000	0.8567	0.0000	0.1807
274	1.0000	0.8481	0.0000	0.1813
275	1.0000	0.8786	0.0000	0.1820
276	1.0000	0.8940	0.0000	0.1826
277	1.0000	0.8652	0.0000	0.1832
278	1.0000	0.8624	0.0000	0.1839
279	1.0000	0.8423	0.0000	0.1845
280	1.0000	0.8850	0.0000	0.1852
281	1.0000	0.8690	0.0000	0.1858
282	1.0000	0.8833	0.0000	0.1864
283	1.0000	0.8785	0.0000	0.1871
284	1.0000	0.8756	0.0000	0.1878
285	1.0000	0.9025	0.0000	0.1886
286	1.0000	0.8945	0.0000	0.1893
287	1.0000	0.8491	0.0000	0.1900
288	1.0000	0.8320	0.0000	0.1906
289	1.0000	0.8779	0.0000	0.1913
290	1.0000	0.8752	0.0000	0.1920
291	1.0000	0.8539	0.0000	0.1926
292	1.0000	0.9014	0.0000	0.1932
293	1.0000	0.8781	0.0000	0.1939
294	1.0000	0.8948	0.0000	0.1946
295	1.0000	0.8847	0.0000	0.1953
296	1.0000	0.8900	0.0000	0.1959
297	1.0000	0.8731	0.0000	0.1966
298	1.0000	0.8826	0.0000	0.1973
299	1.0000	0.8844	0.0000	0.1980
300	1.0000	0.8767	0.0000	0.1987
301	1.0000	0.8839	0.0000	0.1993
302	1.0000	0.9026	0.0000	0.2000
303	1.0000	0.8762	0.0000	0.2006
304	1.0000	0.9078	0.0000	0.2013
305	1.0000	0.8880	0.0000	0.2020
306	1.0000	0.9152	0.0000	0.2026
307	1.0000	0.8648	0.0000	0.2034
308	1.0000	0.8847	0.0000	0.2041
309	1.0000	0.8643	0.0000	0.2048
310	1.0000	0.9054	0.0000	0.2055
311	1.0000	0.8821	0.0000	0.2062
312	1.0000	0.9098	0.0000	0.2071
313	1.0000	0.9141	0.0000	0.2080
314	1.0000	0.8918	0.0000	0.2087
315	1.0000	0.9120	0.0000	0.2094
316	1.0000	0.9178	0.0000	0.2101
317	1.0000	0.9227	0.0000	0.2108
318	1.0000	0.8611	0.0000	0.2114
319	1.0000	0.9027	0.0000	0.2121
320	1.0000	0.8872	0.0000	0.2128
321	1.0000	0.8659	0.0000	0.2134
322	1.0000	0.8987	0.0000	0.2140
323	1.0000	0.9165	0.0000	0.2147
324	1.0000	0.9012	0.0000	0.2153
325	1.0000	0.8992	0.0000	0.2160
326	1.0000	0.8586	0.0000	0.2166
327	1.0000	0.8889	0.0000	0.2172
328	1.0000	0.9043	0.0000	0.2179
329	1.0000	0.9063	0.0000	0.2185
330	1.0000	0.9055	0.0000	0.2191
331	1.0000	0.8814	0.0000	0.2198
332	1.0000	0.9162	0.0000	0.2208
333	1.0000	0.9084	0.0000	0.2214
334	1.0000	0.9194	0.0000	0.2221
335	1.0000	0.9057	0.0000	0.2229
336	1.0000	0.9198	0.0000	0.2237
337	1.0000	0.9387	0.0000	0.2244
338	1.0000	0.9186	0.0000	0.2252
339	1.0000	0.9220	0.0000	0.2260
340	1.0000	0.9160	0.0000	0.2266
341	1.0000	0.8736	0.0000	0.2273
342	1.0000	0.8866	0.0000	0.2281
343	1.0000	0.8883	0.0000	0.2289
344	1.0000	0.8948	0.0000	0.2298
345	1.0000	0.8966	0.0000	0.2306
346	1.0000	0.9037	0.0000	0.2314
347	1.0000	0.8957	0.0000	0.2323
348	1.0000	0.8954	0.0000	0.2330
349	1.0000	0.8582	0.0000	0.2339
350	1.0000	0.8812	0.0000	0.2347
351	1.0000	0.8614	0.0000	0.2354
352	1.0000	0.8667	0.0000	0.2361
353	1.0000	0.8637	0.0000	0.2369
354	1.0000	0.8248	0.0000	0.2378
355	1.0000	0.8585	0.0000	0.2386
356	1.0000	0.8873	0.0000	0.2393
357	1.0000	0.8440	0.0000	0.2401
358	1.0000	0.8561	0.0000	0.2409
359	1.0000	0.8352	0.0000	0.2417
360	1.0000	0.7846	0.0000	0.2424
361	1.0000	0.8203	0.0000	0.2431
362	1.0000	0.8429	0.0000	0.2437
363	1.0000	0.8643	0.0000	0.2444
364	1.0000	0.8546	0.0000	0.2450
365	1.0000	0.8460	0.0000	0.2456
366	1.0000	0.7875	0.0000	0.2463
367	1.0000	0.7980	0.0000	0.2469
368	1.0000	0.8379	0.0000	0.2475
369	1.0000	0.8162	0.0000	0.2481
370	1.0000	0.8320	0.0000	0.2488
371	1.0000	0.8515	0.0000	0.2494
372	1.0000	0.8362	0.0000	0.2501
373	1.0000	0.8639	0.0000	0.2507
374	1.0000	0.8414	0.0000	0.2514
375	1.0000	0.8534	0.0000	0.2520
376	1.0000	0.8618	0.0000	0.2526
377	1.0000	0.8779	0.0000	0.2532
378	1.0000	0.8708	0.0000	0.2538
379	1.0000	0.8731	0.0000	0.2545
380	1.0000	0.8853	0.0000	0.2551
381	1.0000	0.8559	0.0000	0.2557
382	1.0000	0.8575	0.0000	0.2564
383	1.0000	0.8492	0.0000	0.2570
384	1.0000	0.8453	0.0000	0.2577
385	1.0000	0.8482	0.0000	0.2586
386	1.0000	0.8462	0.0000	0.2592
387	1.0000	0.8640	0.0000	0.2599
388	1.0000	0.8670	0.0000	0.2606
389	1.0000	0.8472	0.0000	0.2613
390	1.0000	0.8567	0.0000	0.2620
391	1.0000	0.8655	0.0000	0.2626
392	1.0000	0.8597	0.0000	0.2633
393	1.0000	0.8443	0.0000	0.2640
394	1.0000	0.8646	0.0000	0.2646
395	1.0000	0.8771	0.0000	0.2653
396	1.0000	0.8520	0.0000	0.2659
397	1.0000	0.8875	0.0000	0.2666
398	1.0000	0.8702	0.0000	0.2673
399	1.0000	0.8747	0.0000	0.2680
400	1.0000	0.8476	0.0000	0.2688
401	1.0000	0.8589	0.0000	0.2696
402	1.0000	0.8375	0.0000	0.2702
403	1.0000	0.8573	0.0000	0.2709
404	1.0000	0.8424	0.0000	0.2716
405	1.0000	0.8606	0.0000	0.2722
406	1.0000	0.8704	0.0000	0.2729
407	1.0000	0.8735	0.0000	0.2737
408	1.0000	0.8667	0.0000	0.2743
409	1.0000	0.8847	0.0000	0.2752
410	1.0000	0.8525	0.0000	0.2759
411	1.0000	0.8704	0.0000	0.2765
412	1.0000	0.8330	0.0000	0.2773
413	1.0000	0.8444	0.0000	0.2781
414	1.0000	0.8218	0.0000	0.2788
415	1.0000	0.8246	0.0000	0.2796
416	1.0000	0.7841	0.0000	0.2802
417	1.0000	0.7917	0.0000	0.2809
418	1.0000	0.7878	0.0000	0.2816
419	1.0000	0.8251	0.0000	0.2824
420	1.0000	0.8173	0.0000	0.2833
421	1.0000	0.8345	0.0000	0.2841
422	1.0000	0.8464	0.0000	0.2849
423	1.0000	0.8378	0.0000	0.2856
424	1.0000	0.8440	0.0000	0.2863
425	1.0000	0.8553	0.0000	0.2870
426	1.0000	0.8450	0.0000	0.2879
427	1.0000	0.8451	0.0000	0.2887
428	1.0000	0.8485	0.0000	0.2896
429	1.0000	0.8607	0.0000	0.2905
430	1.0000	0.8692	0.0000	0.2911
431	1.0000	0.8616	0.0000	0.2917
432	1.0000	0.8482	0.0000	0.2924
433	1.0000	0.8637	0.0000	0.2931
434	1.0000	0.8611	0.0000	0.2937
435	1.0000	0.8574	0.0000	0.2943
436	1.0000	0.8422	0.0000	0.2949
437	1.0000	0.8520	0.0000	0.2955
438	1.0000	0.8176	0.0000	0.2961
439	1.0000	0.8246	0.0000	0.2968
440	1.0000	0.8322	0.0000	0.2974
441	1.0000	0.8285	0.0000	0.2980
442	1.0000	0.8257	0.0000	0.2986
443	1.0000	0.8726	0.0000	0.2992
444	1.0000	0.8498	0.0000	0.2998
445	1.0000	0.8487	0.0000	0.3005
446	1.0000	0.8774	0.0000	0.3011
447	1.0000	0.8361	0.0000	0.3017
448	1.0000	0.8612	0.0000	0.3024
449	1.0000	0.8826	0.0000	0.3031
450	1.0000	0.8846	0.0000	0.3038
451	1.0000	0.8689	0.0000	0.3045
452	1.0000	0.8719	0.0000	0.3052
453	1.0000	0.8571	0.0000	0.3058
454	1.0000	0.8362	0.0000	0.3064
455	1.0000	0.8743	0.0000	0.3070
456	1.0000	0.8737	0.0000	0.3077
457	1.0000	0.8670	0.0000	0.3083
458	1.0000	0.8774	0.0000	0.3089
459	1.0000	0.8703	0.0000	0.3096
460	1.0000	0.8819	0.0000	0.3102
461	1.0000	0.9034	0.0000	0.3108
462	1.0000	0.9163	0.0000	0.3114
463	1.0000	0.8936	0.0000	0.3121
464	1.0000	0.9209	0.0000	0.3127
465	1.0000	0.9209	0.0000	0.3133
466	1.0000	0.9105	0.0000	0.3139
467	1.0000	0.9078	0.0000	0.3145
468	1.0000	0.9329	0.0000	0.3151
469	1.0000	0.9202	0.0000	0.3157
470	1.0000	0.9185	0.0000	0.3163
471	1.0000	0.9170	0.0000	0.3170
472	1.0000	0.9020	0.0000	0.3176
473	1.0000	0.9121	0.0000	0.3183
474	1.0000	0.9234	0.0000	0.3190
475	1.0000	0.9172	0.0000	0.3197
476	1.0000	0.8991	0.0000	0.3204
477	1.0000	0.9054	0.0000	0.3210
478	1.0000	0.9234	0.0000	0.3218
479	1.0000	0.9056	0.0000	0.3225
480	1.0000	0.8783	0.0000	0.3231
481	1.0000	0.8802	0.0000	0.3238
482	1.0000	0.8904	0.0000	0.3244
483	1.0000	0.8973	0.0000	0.3251
484	1.0000	0.9039	0.0000	0.3257
485	1.0000	0.9129	0.0000	0.3263
486	1.0000	0.9155	0.0000	0.3269
487	1.0000	0.9243	0.0000	0.3276
488	1.0000	0.9030	0.0000	0.3282
489	1.0000	0.9308	0.0000	0.3289
490	1.0000	0.9172	0.0000	0.3296
491	1.0000	0.8983	0.0000	0.3303
492	1.0000	0.9205	0.0000	0.3309
493	1.0000	0.9101	0.0000	0.3316
494	1.0000	0.9033	0.0000	0.3322
495	1.0000	0.9257	0.0000	0.3328
496	1.0000	0.9116	0.0000	0.3336
497	1.0000	0.9011	0.0000	0.3342
498	1.0000	0.9141	0.0000	0.3348
499	1.0000	0.9305	0.0000	0.3355
500	1.0000	0.9059	0.0000	0.3361
501	1.0000	0.8789	0.0000	0.3367
502	1.0000	0.8925	0.0000	0.3374
503	1.0000	0.8713	0.0000	0.3379
504	1.0000	0.8607	0.0000	0.3385
505	1.0000	0.8776	0.0000	0.3392
506	1.0000	0.8773	0.0000	0.3398
507	1.0000	0.8885	0.0000	0.3405
508	1.0000	0.8672	0.0000	0.3411
509	1.0000	0.8854	0.0000	0.3417
510	1.0000	0.8936	0.0000	0.3424
511	1.0000	0.8808	0.0000	0.3431
512	1.0000	0.9000	0.0000	0.3437
513	1.0000	0.9034	0.0000	0.3443
514	1.0000	0.8867	0.0000	0.3450
515	1.0000	0.9001	0.0000	0.3456
516	1.0000	0.8899	0.0000	0.3463
517	1.0000	0.8580	0.0000	0.3469
518	1.0000	0.8438	0.0000	0.3475
519	1.0000	0.8413	0.0000	0.3481
520	1.0000	0.8566	0.0000	0.3488
521	1.0000	0.8322	0.0000	0.3494
522	1.0000	0.8854	0.0000	0.3500
523	1.0000	0.8590	0.0000	0.3506
524	1.0000	0.8622	0.0000	0.3513
525	1.0000	0.8483	0.0000	0.3519
526	1.0000	0.8678	0.0000	0.3526
527	1.0000	0.8235	0.0000	0.3533
528	1.0000	0.8706	0.0000	0.3539
529	1.0000	0.8663	0.0000	0.3546
530	1.0000	0.8423	0.0000	0.3552
531	1.0000	0.8833	0.0000	0.3558
532	1.0000	0.8834	0.0000	0.3564
533	1.0000	0.8806	0.0000	0.3570
534	1.0000	0.8839	0.0000	0.3577
535	1.0000	0.8868	0.0000	0.3583
536	1.0000	0.9024	0.0000	0.3589
537	1.0000	0.9032	0.0000	0.3595
538	1.0000	0.8737	0.0000	0.3602
539	1.0000	0.8950	0.0000	0.3608
540	1.0000	0.8920	0.0000	0.3615
541	1.0000	0.8862	0.0000	0.3621
542	1.0000	0.9002	0.0000	0.3627
543	1.0000	0.8876	0.0000	0.3633
544	1.0000	0.8865	0.0000	0.3640
545	1.0000	0.8678	0.0000	0.3647
546	1.0000	0.8807	0.0000	0.3652
547	1.0000	0.8638	0.0000	0.3659
548	1.0000	0.9001	0.0000	0.3665
549	1.0000	0.8774	0.0000	0.3672
550	1.0000	0.8663	0.0000	0.3679
551	1.0000	0.8961	0.0000	0.3685
552	1.0000	0.8908	0.0000	0.3692
553	1.0000	0.8928	0.0000	0.3698
554	1.0000	0.8910	0.0000	0.3704
555	1.0000	0.9013	0.0000	0.3710
556	1.0000	0.8549	0.0000	0.3717
557	1.0000	0.8618	0.0000	0.3723
558	1.0000	0.8841	0.0000	0.3730
559	1.0000	0.8415	0.0000	0.3736
560	1.0000	0.8461	0.0000	0.3742
561	1.0000	0.8589	0.0000	0.3749
562	1.0000	0.8651	0.0000	0.3755
563	1.0000	0.8537	0.0000	0.3761
564	1.0000	0.8627	0.0000	0.3769
565	1.0000	0.8340	0.0000	0.3775
566	1.0000	0.8348	0.0000	0.3782
567	1.0000	0.8741	0.0000	0.3788
568	1.0000	0.8301	0.0000	0.3795
569	1.0000	0.8241	0.0000	0.3801
570	1.0000	0.8636	0.0000	0.3807
571	1.0000	0.8400	0.0000	0.3814
572	1.0000	0.8406	0.0000	0.3820
573	1.0000	0.8423	0.0000	0.3826
574	1.0000	0.8536	0.0000	0.3832
575	1.0000	0.8795	0.0000	0.3838
576	1.0000	0.8915	0.0000	0.3845
577	1.0000	0.8973	0.0000	0.3851
578	1.0000	0.8711	0.0000	0.3858
579	1.0000	0.8715	0.0000	0.3864
580	1.0000	0.8778	0.0000	0.3870
581	1.0000	0.8913	0.0000	0.3877
582	1.0000	0.8698	0.0000	0.3883
583	1.0000	0.8488	0.0000	0.3890
584	1.0000	0.8511	0.0000	0.3896
585	1.0000	0.8685	0.0000	0.3902
586	1.0000	0.8553	0.0000	0.3908
587	1.0000	0.8940	0.0000	0.3915
588	1.0000	0.8700	0.0000	0.3921
589	1.0000	0.8744	0.0000	0.3928
590	1.0000	0.8751	0.0000	0.3934
591	1.0000	0.8666	0.0000	0.3940
592	1.0000	0.8875	0.0000	0.3947
593	1.0000	0.8431	0.0000	0.3953
594	1.0000	0.8740	0.0000	0.3959
595	1.0000	0.8611	0.0000	0.3966
596	1.0000	0.8534	0.0000	0.3974
597	1.0000	0.8447	0.0000	0.3981
598	1.0000	0.8446	0.0000	0.3988
599	1.0000	0.8345	0.0000	0.3995
600	1.0000	0.8474	0.0000	0.4002
601	1.0000	0.8826	0.0000	0.4013
602	1.0000	0.8939	0.0000	0.4025
603	1.0000	0.8945	0.0000	0.4036
604	1.0000	0.8906	0.0000	0.4045
605	1.0000	0.8520	0.0000	0.4051
606	1.0000	0.8899	0.0000	0.4058
607	1.0000	0.8866	0.0000	0.4064
608	1.0000	0.8958	0.0000	0.4071
609	1.0000	0.8498	0.0000	0.4079
610	1.0000	0.8638	0.0000	0.4088
611	1.0000	0.8591	0.0000	0.4096
612	1.0000	0.8494	0.0000	0.4102
613	1.0000	0.8511	0.0000	0.4109
614	1.0000	0.8489	0.0000	0.4115
615	1.0000	0.8432	0.0000	0.4122
616	1.0000	0.8748	0.0000	0.4129
617	1.0000	0.8617	0.0000	0.4135
618	1.0000	0.8476	0.0000	0.4141
619	1.0000	0.8543	0.0000	0.4148
620	1.0000	0.8589	0.0000	0.4155
621	1.0000	0.8638	0.0000	0.4161
622	1.0000	0.8964	0.0000	0.4168
623	1.0000	0.8647	0.0000	0.4174
624	1.0000	0.8442	0.0000	0.4180
625	1.0000	0.8488	0.0000	0.4187
626	1.0000	0.8613	0.0000	0.4193
627	1.0000	0.8785	0.0000	0.4199
628	1.0000	0.8863	0.0000	0.4206
629	1.0000	0.8853	0.0000	0.4213
630	1.0000	0.8673	0.0000	0.4220
631	1.0000	0.8698	0.0000	0.4227
632	1.0000	0.8664	0.0000	0.4235
633	1.0000	0.9037	0.0000	0.4242
634	1.0000	0.9006	0.0000	0.4249
635	1.0000	0.8886	0.0000	0.4257
636	1.0000	0.8898	0.0000	0.4266
637	1.0000	0.8954	0.0000	0.4274
638	1.0000	0.8938	0.0000	0.4282
639	1.0000	0.8621	0.0000	0.4290
640	1.0000	0.8883	0.0000	0.4297
641	1.0000	0.9085	0.0000	0.4304
642	1.0000	0.8728	0.0000	0.4310
643	1.0000	0.9067	0.0000	0.4318
644	1.0000	0.8860	0.0000	0.4326
645	1.0000	0.8950	0.0000	0.4332
646	1.0000	0.8979	0.0000	0.4340
647	1.0000	0.9206	0.0000	0.4348
648	1.0000	0.9010	0.0000	0.4357
649	1.0000	0.8973	0.0000	0.4364
650	1.0000	0.8900	0.0000	0.4372
651	1.0000	0.9083	0.0000	0.4380
652	1.0000	0.9170	0.0000	0.4387
653	1.0000	0.8784	0.0000	0.4396
654	1.0000	0.8654	0.0000	0.4403
655	1.0000	0.8935	0.0000	0.4411
656	1.0000	0.8383	0.0000	0.4418
657	1.0000	0.9031	0.0000	0.4424
658	1.0000	0.8706	0.0000	0.4431
659	1.0000	0.8986	0.0000	0.4438
660	1.0000	0.9127	0.0000	0.4445
661	1.0000	0.9058	0.0000	0.4451
662	1.0000	0.8800	0.0000	0.4459
663	1.0000	0.8996	0.0000	0.4466
664	1.0000	0.8934	0.0000	0.4472
665	1.0000	0.8882	0.0000	0.4479
666	1.0000	0.9112	0.0000	0.4486
667	1.0000	0.9270	0.0000	0.4493
668	1.0000	0.9026	0.0000	0.4499
669	1.0000	0.9022	0.0000	0.4506
670	1.0000	0.9042	0.0000	0.4512
671	1.0000	0.9057	0.0000	0.4519
672	1.0000	0.9123	0.0000	0.4525
673	1.0000	0.9337	0.0000	0.4531
674	1.0000	0.9039	0.0000	0.4537
675	1.0000	0.8903	0.0000	0.4544
676	1.0000	0.9270	0.0000	0.4550
677	1.0000	0.9031	0.0000	0.4556
678	1.0000	0.8854	0.0000	0.4563
679	1.0000	0.8544	0.0000	0.4569
680	1.0000	0.8778	0.0000	0.4575
681	1.0000	0.8889	0.0000	0.4581
682	1.0000	0.9151	0.0000	0.4588
683	1.0000	0.8819	0.0000	0.4595
684	1.0000	0.8636	0.0000	0.4601
685	1.0000	0.8696	0.0000	0.4607
686	1.0000	0.9139	0.0000	0.4614
687	1.0000	0.8877	0.0000	0.4620
688	1.0000	0.8680	0.0000	0.4628
689	1.0000	0.8630	0.0000	0.4634
690	1.0000	0.8665	0.0000	0.4641
691	1.0000	0.9049	0.0000	0.4648
692	1.0000	0.8548	0.0000	0.4655
693	1.0000	0.8635	0.0000	0.4661
694	1.0000	0.8656	0.0000	0.4667
695	1.0000	0.8799	0.0000	0.4674
696	1.0000	0.8799	0.0000	0.4680
697	1.0000	0.9201	0.0000	0.4687
698	1.0000	0.8736	0.0000	0.4693
699	1.0000	0.9282	0.0000	0.4699
700	1.0000	0.9071	0.0000	0.4705
701	1.0000	0.8822	0.0000	0.4712
702	1.0000	0.9055	0.0000	0.4718
703	1.0000	0.8992	0.0000	0.4724
704	1.0000	0.9117	0.0000	0.4730
705	1.0000	0.8884	0.0000	0.4736
706	1.0000	0.8852	0.0000	0.4743
707	1.0000	0.8776	0.0000	0.4749
708	1.0000	0.9058	0.0000	0.4756
709	1.0000	0.8725	0.0000	0.4762
710	1.0000	0.8913	0.0000	0.4769
711	1.0000	0.8750	0.0000	0.4776
712	1.0000	0.8709	0.0000	0.4783
713	1.0000	0.8771	0.0000	0.4790
714	1.0000	0.8644	0.0000	0.4796
715	1.0000	0.8730	0.0000	0.4802
716	1.0000	0.8431	0.0000	0.4809
717	1.0000	0.8587	0.0000	0.4815
718	1.0000	0.8269	0.0000	0.4822
719	1.0000	0.8603	0.0000	0.4828
720	1.0000	0.8724	0.0000	0.4835
721	1.0000	0.8777	0.0000	0.4841
722	1.0000	0.9201	0.0000	0.4847
723	1.0000	0.8770	0.0000	0.4853
724	1.0000	0.8743	0.0000	0.4859
725	1.0000	0.8943	0.0000	0.4866
726	1.0000	0.8613	0.0000	0.4872
727	1.0000	0.8807	0.0000	0.4878
728	1.0000	0.8986	0.0000	0.4885
729	1.0000	0.8975	0.0000	0.4891
730	1.0000	0.8943	0.0000	0.4897
731	1.0000	0.8822	0.0000	0.4903
732	1.0000	0.8840	0.0000	0.4910
733	1.0000	0.8885	0.0000	0.4916
734	1.0000	0.8687	0.0000	0.4922
735	1.0000	0.8802	0.0000	0.4929
736	1.0000	0.9093	0.0000	0.4935
737	1.0000	0.8734	0.0000	0.4941
738	1.0000	0.8547	0.0000	0.4947
739	1.0000	0.8627	0.0000	0.4953
740	1.0000	0.8816	0.0000	0.4959
741	1.0000	0.8821	0.0000	0.4966
742	1.0000	0.9027	0.0000	0.4972
743	1.0000	0.8550	0.0000	0.4978
744	1.0000	0.9072	0.0000	0.4985
745	1.0000	0.8913	0.0000	0.4991
746	1.0000	0.9103	0.0000	0.4997
747	1.0000	0.9204	0.0000	0.5004
748	1.0000	0.8878	0.0000	0.5010
749	1.0000	0.8767	0.0000	0.5016
750	1.0000	0.8865	0.0000	0.5024
751	1.0000	0.8903	0.0000	0.5036
752	1.0000	0.8596	0.0000	0.5043
753	1.0000	0.8832	0.0000	0.5049
754	1.0000	0.8819	0.0000	0.5056
755	1.0000	0.8848	0.0000	0.5063
756	1.0000	0.9111	0.0000	0.5069
757	1.0000	0.9063	0.0000	0.5080
758	1.0000	0.9207	0.0000	0.5087
759	1.0000	0.8652	0.0000	0.5094
760	1.0000	0.8552	0.0000	0.5101
761	1.0000	0.8860	0.0000	0.5107
762	1.0000	0.8373	0.0000	0.5114
763	1.0000	0.8731	0.0000	0.5121
764	1.0000	0.8294	0.0000	0.5127
765	1.0000	0.8694	0.0000	0.5134
766	1.0000	0.8731	0.0000	0.5141
767	1.0000	0.8421	0.0000	0.5148
768	1.0000	0.8989	0.0000	0.5154
769	1.0000	0.8983	0.0000	0.5161
770	1.0000	0.8694	0.0000	0.5168
771	1.0000	0.8852	0.0000	0.5175
772	1.0000	0.8862	0.0000	0.5182
773	1.0000	0.8993	0.0000	0.5188
774	1.0000	0.8902	0.0000	0.5195
775	1.0000	0.8575	0.0000	0.5202
776	1.0000	0.9057	0.0000	0.5209
777	1.0000	0.8591	0.0000	0.5216
778	1.0000	0.8488	0.0000	0.5223
779	1.0000	0.8290	0.0000	0.5230
780	1.0000	0.8250	0.0000	0.5237
781	1.0000	0.8368	0.0000	0.5244
782	1.0000	0.8440	0.0000	0.5252
783	1.0000	0.8532	0.0000	0.5258
784	1.0000	0.8837	0.0000	0.5265
785	1.0000	0.8536	0.0000	0.5271
786	1.0000	0.8489	0.0000	0.5278
787	1.0000	0.8660	0.0000	0.5285
788	1.0000	0.8669	0.0000	0.5292
789	1.0000	0.8762	0.0000	0.5298
790	1.0000	0.8713	0.0000	0.5305
791	1.0000	0.8736	0.0000	0.5312
792	1.0000	0.9040	0.0000	0.5319
793	1.0000	0.8868	0.0000	0.5326
794	1.0000	0.8914	0.0000	0.5334
795	1.0000	0.8671	0.0000	0.5341
796	1.0000	0.8719	0.0000	0.5348
797	1.0000	0.8693	0.0000	0.5355
798	1.0000	0.8921	0.0000	0.5362
799	1.0000	0.9013	0.0000	0.5370
800	1.0000	0.9083	0.0000	0.5377
801	1.0000	0.9153	0.0000	0.5384
802	1.0000	0.9083	0.0000	0.5391
803	1.0000	0.9000	0.0000	0.5399
804	1.0000	0.8935	0.0000	0.5407
805	1.0000	0.9054	0.0000	0.5414
806	1.0000	0.9317	0.0000	0.5422
807	1.0000	0.9199	0.0000	0.5430
808	1.0000	0.9181	0.0000	0.5437
809	1.0000	0.9051	0.0000	0.5444
810	1.0000	0.8987	0.0000	0.5451
811	1.0000	0.8892	0.0000	0.5457
812	1.0000	0.9396	0.0000	0.5464
813	1.0000	0.9258	0.0000	0.5471
814	1.0000	0.9287	0.0000	0.5478
815	1.0000	0.9344	0.0000	0.5486
816	1.0000	0.9124	0.0000	0.5493
817	1.0000	0.8738	0.0000	0.5500
818	1.0000	0.8594	0.0000	0.5507
819	1.0000	0.9058	0.0000	0.5513
820	1.0000	0.8710	0.0000	0.5520
821	1.0000	0.9073	0.0000	0.5529
822	1.0000	0.8348	0.0000	0.5537
823	1.0000	0.9088	0.0000	0.5545
824	1.0000	0.8729	0.0000	0.5553
825	1.0000	0.9103	0.0000	0.5561
826	1.0000	0.8791	0.0000	0.5570
827	1.0000	0.9098	0.0000	0.5579
828	1.0000	0.8797	0.0000	0.5588
829	1.0000	0.8691	0.0000	0.5595
830	1.0000	0.8751	0.0000	0.5602
831	1.0000	0.8799	0.0000	0.5611
832	1.0000	0.8940	0.0000	0.5619
833	1.0000	0.8848	0.0000	0.5626
834	1.0000	0.8722	0.0000	0.5632
835	1.0000	0.8917	0.0000	0.5640
836	1.0000	0.8762	0.0000	0.5649
837	1.0000	0.8764	0.0000	0.5657
838	1.0000	0.8684	0.0000	0.5664
839	1.0000	0.9059	0.0000	0.5670
840	1.0000	0.8962	0.0000	0.5678
841	1.0000	0.8893	0.0000	0.5688
842	1.0000	0.8830	0.0000	0.5698
843	1.0000	0.8839	0.0000	0.5708
844	1.0000	0.8916	0.0000	0.5716
845	1.0000	0.8562	0.0000	0.5724
846	1.0000	0.8562	0.0000	0.5733
847	1.0000	0.8719	0.0000	0.5739
848	1.0000	0.8698	0.0000	0.5746
849	1.0000	0.8974	0.0000	0.5754
850	1.0000	0.8858	0.0000	0.5760
851	1.0000	0.8797	0.0000	0.5766
852	1.0000	0.8723	0.0000	0.5773
853	1.0000	0.8688	0.0000	0.5780
854	1.0000	0.8939	0.0000	0.5787
855	1.0000	0.9026	0.0000	0.5794
856	1.0000	0.8968	0.0000	0.5801
857	1.0000	0.8814	0.0000	0.5809
858	1.0000	0.8834	0.0000	0.5815
859	1.0000	0.8773	0.0000	0.5822
860	1.0000	0.8658	0.0000	0.5829
861	1.0000	0.8958	0.0000	0.5835
862	1.0000	0.9187	0.0000	0.5842
863	1.0000	0.8740	0.0000	0.5848
864	1.0000	0.8760	0.0000	0.5856
865	1.0000	0.8838	0.0000	0.5863
866	1.0000	0.9007	0.0000	0.5870
867	1.0000	0.8827	0.0000	0.5877
868	1.0000	0.8910	0.0000	0.5884
869	1.0000	0.8667	0.0000	0.5890
870	1.0000	0.8693	0.0000	0.5897
871	1.0000	0.8767	0.0000	0.5903
872	1.0000	0.8779	0.0000	0.5910
873	1.0000	0.8726	0.0000	0.5916
874	1.0000	0.8937	0.0000	0.5923
875	1.0000	0.8860	0.0000	0.5929
876	1.0000	0.8697	0.0000	0.5935
877	1.0000	0.8734	0.0000	0.5942
878	1.0000	0.9025	0.0000	0.5949
879	1.0000	0.9085	0.0000	0.5955
880	1.0000	0.9081	0.0000	0.5961
881	1.0000	0.8891	0.0000	0.5968
882	1.0000	0.8990	0.0000	0.5974
883	1.0000	0.8923	0.0000	0.5981
884	1.0000	0.9032	0.0000	0.5987
885	1.0000	0.8808	0.0000	0.5993
886	1.0000	0.9049	0.0000	0.6001
887	1.0000	0.9136	0.0000	0.6007
888	1.0000	0.9290	0.0000	0.6013
889	1.0000	0.9112	0.0000	0.6020
890	1.0000	0.8973	0.0000	0.6028
891	1.0000	0.8923	0.0000	0.6035
892	1.0000	0.9016	0.0000	0.6043
893	1.0000	0.8794	0.0000	0.6050
894	1.0000	0.8807	0.0000	0.6056
895	1.0000	0.8689	0.0000	0.6063
896	1.0000	0.8884	0.0000	0.6071
897	1.0000	0.8713	0.0000	0.6077
898	1.0000	0.8586	0.0000	0.6085
899	1.0000	0.8790	0.0000	0.6093
900	1.0000	0.8949	0.0000	0.6100
901	1.0000	0.8673	0.0000	0.6107
902	1.0000	0.7959	0.0000	0.6114
903	1.0000	0.8277	0.0000	0.6122
904	1.0000	0.8480	0.0000	0.6128
905	1.0000	0.8112	0.0000	0.6135
906	1.0000	0.8508	0.0000	0.6142
907	1.0000	0.8591	0.0000	0.6149
908	1.0000	0.8034	0.0000	0.6156
909	1.0000	0.8425	0.0000	0.6163
910	1.0000	0.8559	0.0000	0.6169
911	1.0000	0.8503	0.0000	0.6176
912	1.0000	0.8790	0.0000	0.6182
913	1.0000	0.8853	0.0000	0.6189
914	1.0000	0.8392	0.0000	0.6197
915	1.0000	0.8919	0.0000	0.6205
916	1.0000	0.8819	0.0000	0.6212
917	1.0000	0.8695	0.0000	0.6219
918	1.0000	0.8401	0.0000	0.6227
919	1.0000	0.8208	0.0000	0.6234
920	1.0000	0.8569	0.0000	0.6241
921	1.0000	0.8166	0.0000	0.6248
922	1.0000	0.8599	0.0000	0.6255
923	1.0000	0.8512	0.0000	0.6261
924	1.0000	0.8486	0.0000	0.6269
925	1.0000	0.8322	0.0000	0.6276
926	1.0000	0.8386	0.0000	0.6284
927	1.0000	0.8299	0.0000	0.6291
928	1.0000	0.8506	0.0000	0.6298
929	1.0000	0.8108	0.0000	0.6305
930	1.0000	0.8464	0.0000	0.6312
931	1.0000	0.8564	0.0000	0.6319
932	1.0000	0.8618	0.0000	0.6326
933	1.0000	0.8457	0.0000	0.6333
934	1.0000	0.8905	0.0000	0.6339
935	1.0000	0.8795	0.0000	0.6348
936	1.0000	0.8935	0.0000	0.6356
937	1.0000	0.8811	0.0000	0.6362
938	1.0000	0.8696	0.0000	0.6369
939	1.0000	0.8937	0.0000	0.6376
940	1.0000	0.8778	0.0000	0.6384
941	1.0000	0.8784	0.0000	0.6391
942	1.0000	0.8711	0.0000	0.6397
943	1.0000	0.8742	0.0000	0.6405
944	1.0000	0.8690	0.0000	0.6413
945	1.0000	0.8985	0.0000	0.6420
946	1.0000	0.8603	0.0000	0.6427
947	1.0000	0.8651	0.0000	0.6435
948	1.0000	0.8465	0.0000	0.6444
949	1.0000	0.8553	0.0000	0.6450
950	1.0000	0.8591	0.0000	0.6458
951	1.0000	0.8543	0.0000	0.6465
952	1.0000	0.8647	0.0000	0.6474
953	1.0000	0.8889	0.0000	0.6482
954	1.0000	0.8653	0.0000	0.6489
955	1.0000	0.8558	0.0000	0.6496
956	1.0000	0.9052	0.0000	0.6503
957	1.0000	0.8977	0.0000	0.6510
958	1.0000	0.9031	0.0000	0.6517
959	1.0000	0.8803	0.0000	0.6525
960	1.0000	0.8176	0.0000	0.6533
961	1.0000	0.8406	0.0000	0.6539
962	1.0000	0.8478	0.0000	0.6546
963	1.0000	0.8492	0.0000	0.6553
964	1.0000	0.8373	0.0000	0.6560
965	1.0000	0.8390	0.0000	0.6568
966	1.0000	0.8203	0.0000	0.6574
967	1.0000	0.8342	0.0000	0.6582
968	1.0000	0.8310	0.0000	0.6589
969	1.0000	0.8469	0.0000	0.6598
970	1.0000	0.8989	0.0000	0.6606
971	1.0000	0.8854	0.0000	0.6614
972	1.0000	0.8785	0.0000	0.6622
973	1.0000	0.9086	0.0000	0.6629
974	1.0000	0.8790	0.0000	0.6636
975	1.0000	0.8831	0.0000	0.6644
976	1.0000	0.8609	0.0000	0.6651
977	1.0000	0.8784	0.0000	0.6658
978	1.0000	0.8966	0.0000	0.6665
979	1.0000	0.8563	0.0000	0.6673
980	1.0000	0.8868	0.0000	0.6679
981	1.0000	0.8911	0.0000	0.6688
982	1.0000	0.8695	0.0000	0.6696
983	1.0000	0.8865	0.0000	0.6705
984	1.0000	0.8601	0.0000	0.6714
985	1.0000	0.8385	0.0000	0.6722
986	1.0000	0.8267	0.0000	0.6730
987	1.0000	0.8626	0.0000	0.6736
988	1.0000	0.8567	0.0000	0.6744
989	1.0000	0.8687	0.0000	0.6751
990	1.0000	0.8810	0.0000	0.6758
991	1.0000	0.8875	0.0000	0.6765
992	1.0000	0.8538	0.0000	0.6772
993	1.0000	0.8970	0.0000	0.6780
994	1.0000	0.8616	0.0000	0.6787
995	1.0000	0.9082	0.0000	0.6795
996	1.0000	0.9138	0.0000	0.6802
997	1.0000	0.8928	0.0000	0.6809
998	1.0000	0.8764	0.0000	0.6816
999	1.0000	0.8901	0.0000	0.6822
1000	1.0000	0.9070	0.0000	0.6829
1001	1.0000	0.9060	0.0000	0.6836
1002	1.0000	0.8975	0.0000	0.6843
1003	1.0000	0.9136	0.0000	0.6850
1004	1.0000	0.8913	0.0000	0.6859
1005	1.0000	0.8987	0.0000	0.6866
1006	1.0000	0.8969	0.0000	0.6875
1007	1.0000	0.8648	0.0000	0.6882
1008	1.0000	0.8453	0.0000	0.6889
1009	1.0000	0.8838	0.0000	0.6897
1010	1.0000	0.8785	0.0000	0.6907
1011	1.0000	0.8362	0.0000	0.6914
1012	1.0000	0.8427	0.0000	0.6922
1013	1.0000	0.8824	0.0000	0.6929
1014	1.0000	0.8830	0.0000	0.6936
1015	1.0000	0.8551	0.0000	0.6943
1016	1.0000	0.8799	0.0000	0.6950
1017	1.0000	0.8813	0.0000	0.6956
1018	1.0000	0.9049	0.0000	0.6964
1019	1.0000	0.8666	0.0000	0.6973
1020	1.0000	0.8676	0.0000	0.6980
1021	1.0000	0.8287	0.0000	0.6987
1022	1.0000	0.8472	0.0000	0.6994
1023	1.0000	0.8639	0.0000	0.7002
1024	1.0000	0.8667	0.0000	0.7010
1025	1.0000	0.8779	0.0000	0.7018
1026	1.0000	0.9106	0.0000	0.7027
1027	1.0000	0.8986	0.0000	0.7036
1028	1.0000	0.8528	0.0000	0.7046
1029	1.0000	0.8687	0.0000	0.7055
1030	1.0000	0.9006	0.0000	0.7065
1031	1.0000	0.8614	0.0000	0.7073
1032	1.0000	0.8772	0.0000	0.7081
1033	1.0000	0.8768	0.0000	0.7089
1034	1.0000	0.8885	0.0000	0.7095
1035	1.0000	0.8821	0.0000	0.7102
1036	1.0000	0.8966	0.0000	0.7110
1037	1.0000	0.9093	0.0000	0.7118
1038	1.0000	0.8938	0.0000	0.7126
1039	1.0000	0.8992	0.0000	0.7134
1040	1.0000	0.8886	0.0000	0.7142
1041	1.0000	0.9130	0.0000	0.7150
1042	1.0000	0.8983	0.0000	0.7160
1043	1.0000	0.9159	0.0000	0.7167
1044	1.0000	0.8940	0.0000	0.7173
1045	1.0000	0.9066	0.0000	0.7180
1046	1.0000	0.9154	0.0000	0.7186
1047	1.0000	0.8847	0.0000	0.7193
1048	1.0000	0.8861	0.0000	0.7199
1049	1.0000	0.9040	0.0000	0.7206
1050	1.0000	0.8972	0.0000	0.7212
1051	1.0000	0.9024	0.0000	0.7219
1052	1.0000	0.8908	0.0000	0.7226
1053	1.0000	0.9064	0.0000	0.7232
1054	1.0000	0.9090	0.0000	0.7240
1055	1.0000	0.8942	0.0000	0.7248
1056	1.0000	0.9219	0.0000	0.7254
1057	1.0000	0.9194	0.0000	0.7262
1058	1.0000	0.9031	0.0000	0.7269
1059	1.0000	0.8756	0.0000	0.7276
1060	1.0000	0.8680	0.0000	0.7283
1061	1.0000	0.8783	0.0000	0.7290
1062	1.0000	0.8844	0.0000	0.7296
1063	1.0000	0.8609	0.0000	0.7303
1064	1.0000	0.8513	0.0000	0.7310
1065	1.0000	0.8794	0.0000	0.7316
Pos: [7.706277218081699, 7.706277241316634]

Run: 2
Iter	Gbest	AvrFit	Diver	ETime	
0	0.9787	0.2737	0.0000	0.0010
1	0.9787	0.2751	0.0000	0.0017
2	0.9899	0.3764	0.0000	0.0024
3	0.9899	0.4980	0.0000	0.0032
4	0.9958	0.4595	0.0000	0.0042
5	0.9963	0.5399	0.0000	0.0051
6	0.9980	0.5917	0.0000	0.0061
7	0.9980	0.5461	0.0000	0.0071
8	0.9980	0.6631	0.0000	0.0081
9	0.9980	0.6651	0.0000	0.0090
10	0.9995	0.6886	0.0000	0.0100
11	0.9995	0.6975	0.0000	0.0110
12	0.9995	0.7425	0.0000	0.0118
13	0.9995	0.7836	0.0000	0.0124
14	0.9995	0.7796	0.0000	0.0131
15	0.9995	0.7388	0.0000	0.0138
16	0.9995	0.7695	0.0000	0.0145
17	0.9999	0.7711	0.0000	0.0151
18	0.9999	0.7864	0.0000	0.0159
19	0.9999	0.7695	0.0000	0.0166
20	0.9999	0.7574	0.0000	0.0173
21	1.0000	0.7423	0.0000	0.0181
22	1.0000	0.7481	0.0000	0.0188
23	1.0000	0.8084	0.0000	0.0195
24	1.0000	0.7918	0.0000	0.0201
25	1.0000	0.7852	0.0000	0.0208
26	1.0000	0.8022	0.0000	0.0215
27	1.0000	0.8301	0.0000	0.0222
28	1.0000	0.8548	0.0000	0.0228
29	1.0000	0.8245	0.0000	0.0235
30	1.0000	0.8237	0.0000	0.0242
31	1.0000	0.8078	0.0000	0.0249
32	1.0000	0.8308	0.0000	0.0255
33	1.0000	0.7957	0.0000	0.0262
34	1.0000	0.8346	0.0000	0.0269
35	1.0000	0.8546	0.0000	0.0275
36	1.0000	0.8117	0.0000	0.0282
37	1.0000	0.8503	0.0000	0.0289
38	1.0000	0.8325	0.0000	0.0295
39	1.0000	0.8502	0.0000	0.0302
40	1.0000	0.8454	0.0000	0.0309
41	1.0000	0.8867	0.0000	0.0315
42	1.0000	0.8639	0.0000	0.0322
43	1.0000	0.8245	0.0000	0.0329
44	1.0000	0.8593	0.0000	0.0335
45	1.0000	0.8974	0.0000	0.0342
46	1.0000	0.8730	0.0000	0.0348
47	1.0000	0.8634	0.0000	0.0355
48	1.0000	0.8950	0.0000	0.0361
49	1.0000	0.8635	0.0000	0.0368
50	1.0000	0.9012	0.0000	0.0375
51	1.0000	0.8686	0.0000	0.0381
52	1.0000	0.8566	0.0000	0.0389
53	1.0000	0.8753	0.0000	0.0396
54	1.0000	0.9024	0.0000	0.0404
55	1.0000	0.8813	0.0000	0.0411
56	1.0000	0.8899	0.0000	0.0419
57	1.0000	0.8916	0.0000	0.0426
58	1.0000	0.8782	0.0000	0.0433
59	1.0000	0.8968	0.0000	0.0440
60	1.0000	0.8976	0.0000	0.0447
61	1.0000	0.9104	0.0000	0.0453
62	1.0000	0.8803	0.0000	0.0460
63	1.0000	0.8804	0.0000	0.0467
64	1.0000	0.8790	0.0000	0.0473
65	1.0000	0.8958	0.0000	0.0480
66	1.0000	0.9039	0.0000	0.0486
67	1.0000	0.8774	0.0000	0.0493
68	1.0000	0.8722	0.0000	0.0500
69	1.0000	0.8854	0.0000	0.0507
70	1.0000	0.8830	0.0000	0.0514
71	1.0000	0.8939	0.0000	0.0520
72	1.0000	0.8968	0.0000	0.0527
73	1.0000	0.8576	0.0000	0.0534
74	1.0000	0.8640	0.0000	0.0540
75	1.0000	0.8787	0.0000	0.0547
76	1.0000	0.8804	0.0000	0.0553
77	1.0000	0.8563	0.0000	0.0560
78	1.0000	0.8483	0.0000	0.0567
79	1.0000	0.8458	0.0000	0.0574
80	1.0000	0.8591	0.0000	0.0581
81	1.0000	0.8592	0.0000	0.0588
82	1.0000	0.8695	0.0000	0.0595
83	1.0000	0.8811	0.0000	0.0602
84	1.0000	0.8399	0.0000	0.0609
85	1.0000	0.8985	0.0000	0.0617
86	1.0000	0.8846	0.0000	0.0625
87	1.0000	0.8896	0.0000	0.0632
88	1.0000	0.8463	0.0000	0.0639
89	1.0000	0.8753	0.0000	0.0646
90	1.0000	0.9088	0.0000	0.0653
91	1.0000	0.8959	0.0000	0.0659
92	1.0000	0.9036	0.0000	0.0666
93	1.0000	0.8878	0.0000	0.0672
94	1.0000	0.8671	0.0000	0.0679
95	1.0000	0.8832	0.0000	0.0685
96	1.0000	0.8953	0.0000	0.0692
97	1.0000	0.9132	0.0000	0.0699
98	1.0000	0.8891	0.0000	0.0705
99	1.0000	0.8833	0.0000	0.0713
100	1.0000	0.8654	0.0000	0.0720
101	1.0000	0.9161	0.0000	0.0727
102	1.0000	0.8912	0.0000	0.0734
103	1.0000	0.9439	0.0000	0.0740
104	1.0000	0.9320	0.0000	0.0747
105	1.0000	0.9106	0.0000	0.0754
106	1.0000	0.8854	0.0000	0.0761
107	1.0000	0.9073	0.0000	0.0767
108	1.0000	0.9189	0.0000	0.0774
109	1.0000	0.9072	0.0000	0.0780
110	1.0000	0.8890	0.0000	0.0786
111	1.0000	0.9162	0.0000	0.0793
112	1.0000	0.9250	0.0000	0.0799
113	1.0000	0.9176	0.0000	0.0805
114	1.0000	0.9013	0.0000	0.0812
115	1.0000	0.9027	0.0000	0.0818
116	1.0000	0.9178	0.0000	0.0825
117	1.0000	0.9139	0.0000	0.0831
118	1.0000	0.9221	0.0000	0.0837
119	1.0000	0.9243	0.0000	0.0843
120	1.0000	0.9194	0.0000	0.0850
121	1.0000	0.9028	0.0000	0.0856
122	1.0000	0.9242	0.0000	0.0862
123	1.0000	0.9264	0.0000	0.0869
124	1.0000	0.8955	0.0000	0.0875
125	1.0000	0.9141	0.0000	0.0882
126	1.0000	0.9099	0.0000	0.0889
127	1.0000	0.9245	0.0000	0.0897
128	1.0000	0.9189	0.0000	0.0903
129	1.0000	0.8680	0.0000	0.0910
130	1.0000	0.8936	0.0000	0.0916
131	1.0000	0.8658	0.0000	0.0923
132	1.0000	0.8779	0.0000	0.0929
133	1.0000	0.8863	0.0000	0.0935
134	1.0000	0.8822	0.0000	0.0942
135	1.0000	0.9507	0.0000	0.0948
136	1.0000	0.9029	0.0000	0.0954
137	1.0000	0.9169	0.0000	0.0961
138	1.0000	0.9153	0.0000	0.0967
139	1.0000	0.9288	0.0000	0.0974
