ID: shubert	Date: 2018-07-02 15:16:40	Runs: 1
=================================================================================================================
Run: 0
Iter	Gbest	AvrFit	Diver	ETime	
0	1657.4264	74.0776	0.0000	5917.1374
1	2013.9718	101.3387	0.0000	9110.0426
2	2013.9718	128.9619	0.0000	12198.1025
3	2013.9718	127.4410	0.0000	15087.9910
4	2013.9718	168.4373	0.0000	17968.1392
5	2013.9718	156.8412	0.0000	20689.7838
6	2013.9718	182.6414	0.0000	23462.6560
7	2013.9718	191.7231	0.0000	26172.1671
8	2013.9718	243.4219	0.0000	28982.8293
9	2013.9718	238.6788	0.0000	31796.9453
10	2394.6260	272.9424	0.0000	34911.1090
11	2394.6260	289.8842	0.0000	37729.2655
12	2394.6260	298.1951	0.0000	40289.1769
13	2604.9717	299.0646	0.0000	42908.8817
14	2604.9717	316.8093	0.0000	45475.8003
15	2604.9717	327.4069	0.0000	48019.6261
16	2604.9717	350.5391	0.0000	50517.7028
17	2604.9717	390.8282	0.0000	53063.0584
18	2604.9717	410.7659	0.0000	55583.8432
19	2604.9717	367.9003	0.0000	58127.7885
20	2604.9717	404.0134	0.0000	60616.5750
21	2620.7538	398.7034	0.0000	63124.8333
22	2620.7538	434.4544	0.0000	65660.1408
23	2620.7538	479.5541	0.0000	68169.0817
24	2620.7538	474.4929	0.0000	70665.8406
25	2620.7538	497.3984	0.0000	73185.5912
26	2620.7538	500.9064	0.0000	75635.1776
27	2620.7538	515.8338	0.0000	78115.7961
28	2620.7538	497.2409	0.0000	80587.6684
29	2620.7538	534.7893	0.0000	83097.6861
30	2620.7538	538.6531	0.0000	85518.0225
31	2620.7538	531.1677	0.0000	87977.5600
32	2620.7538	559.6422	0.0000	90465.2729
33	2620.7538	597.1504	0.0000	92978.4806
34	2620.7538	562.6869	0.0000	95471.9486
35	2620.7538	589.8780	0.0000	97921.2804
36	2620.7538	653.1405	0.0000	100389.2980
37	2620.7538	667.4047	0.0000	102871.5274
38	2650.0533	616.5914	0.0000	105325.8650
39	2672.4559	628.6590	0.0000	107800.1447
40	2672.4559	591.7462	0.0000	110253.9768
41	2672.4559	698.0090	0.0000	112800.2470
42	2672.4559	702.8276	0.0000	115350.2910
43	2672.4559	721.9831	0.0000	117842.3669
44	2672.4559	720.3196	0.0000	120288.7709
45	2672.4559	760.6709	0.0000	122787.0889
46	2672.4559	757.6164	0.0000	125271.1904
47	2672.4559	719.8878	0.0000	127751.3146
48	2672.4559	762.0522	0.0000	130218.9722
49	2680.8347	713.6386	0.0000	132737.4957
50	2680.8347	759.2535	0.0000	135228.2844
51	2680.8347	741.2335	0.0000	137761.9052
52	2680.8347	827.1217	0.0000	140285.8999
53	2680.8347	823.3431	0.0000	142787.9627
54	2680.8347	818.9322	0.0000	145207.4499
55	2680.8347	837.5301	0.0000	147679.6672
56	2680.8347	844.0163	0.0000	150229.5198
57	2680.8347	775.7156	0.0000	152714.8540
58	2680.8347	866.9404	0.0000	155199.9760
59	2680.8347	895.3878	0.0000	157686.2655
60	2680.8347	859.6761	0.0000	160141.4323
61	2685.7430	912.2539	0.0000	162663.5349
62	2685.7430	904.5587	0.0000	165120.1124
63	2685.7430	872.4221	0.0000	167588.0325
64	2685.7430	880.4857	0.0000	170038.6350
65	2685.7430	986.2215	0.0000	172484.3192
66	2685.7430	942.8216	0.0000	174911.0401
67	2685.7430	957.9282	0.0000	177358.2609
68	2685.7430	995.7091	0.0000	179801.6353
69	2685.7430	918.4619	0.0000	182235.6765
70	2685.7430	959.4532	0.0000	184668.0062
71	2685.7430	999.5811	0.0000	187107.8303
72	2685.7430	1025.4164	0.0000	189590.9812
73	2685.7430	990.3726	0.0000	192039.1052
74	2685.7430	955.4577	0.0000	194453.3355
75	2685.7430	987.8450	0.0000	196860.7504
76	2685.7430	1046.8922	0.0000	199303.3462
77	2685.7430	1033.0195	0.0000	201736.5093
78	2685.7430	991.0140	0.0000	204181.5486
79	2685.7430	1075.5415	0.0000	206598.9778
80	2685.7430	1071.9240	0.0000	209091.5465
81	2685.7430	1023.0478	0.0000	211604.1687
82	2685.7430	1106.3560	0.0000	214066.6101
83	2685.7430	1111.0403	0.0000	216556.9530
84	2685.7430	1137.7204	0.0000	218959.8205
85	2697.3511	1083.4775	0.0000	221463.0818
86	2697.3511	1085.7216	0.0000	223903.2896
87	2697.3511	1072.1956	0.0000	226316.1335
88	2697.3511	1122.5946	0.0000	228823.4227
89	2697.3511	1141.5862	0.0000	231251.6100
90	2697.3511	1071.8246	0.0000	233760.3803
91	2697.3511	1153.0487	0.0000	236196.6233
92	2697.3511	1130.6688	0.0000	238654.9184
93	2697.3511	1225.2106	0.0000	240988.6625
94	2697.3511	1182.3549	0.0000	243307.7216
95	2697.3511	1199.9793	0.0000	245666.4677
96	2699.2810	1161.4651	0.0000	248002.6190
97	2699.2810	1182.9560	0.0000	250360.1589
98	2699.2810	1231.0159	0.0000	252691.0324
99	2699.2810	1225.5689	0.0000	255009.1422
100	2699.2810	1223.9636	0.0000	257375.8538
101	2699.2810	1190.3937	0.0000	259769.4316
102	2699.2810	1198.0154	0.0000	262137.9521
103	2699.2810	1184.3095	0.0000	264468.2298
104	2699.2810	1229.1744	0.0000	266789.1343
105	2699.2810	1263.5556	0.0000	269139.1721
106	2699.2810	1224.5666	0.0000	271608.1102
107	2699.2810	1244.1579	0.0000	273959.3499
108	2699.2810	1217.2932	0.0000	276295.9132
109	2699.2810	1261.2722	0.0000	278647.0230
110	2699.2810	1273.0975	0.0000	280963.7313
111	2699.2810	1265.0232	0.0000	283296.7014
112	2702.1620	1308.3012	0.0000	285606.4022
113	2702.1620	1271.1230	0.0000	287944.5975
114	2702.1620	1229.6602	0.0000	290324.5096
115	2702.1620	1218.1842	0.0000	292624.1975
116	2702.1620	1271.5858	0.0000	294955.3258
117	2702.1620	1282.3115	0.0000	297302.7518
118	2704.3729	1284.8763	0.0000	299652.2939
119	2704.3729	1262.9615	0.0000	301988.0137
120	2704.3729	1217.6073	0.0000	304326.5615
121	2704.3729	1277.1078	0.0000	306606.3585
122	2704.3729	1307.9153	0.0000	308910.6462
123	2705.3438	1235.3686	0.0000	311222.0747
124	2705.3438	1274.2612	0.0000	313563.1697
125	2705.3438	1258.6286	0.0000	315926.8174
126	2705.3438	1276.0371	0.0000	318290.4887
127	2705.3438	1310.2677	0.0000	320620.0235
128	2705.3438	1283.7765	0.0000	322956.9731
129	2705.3438	1259.7731	0.0000	325280.8921
130	2705.3438	1270.1796	0.0000	327590.6820
131	2705.3438	1311.8400	0.0000	329902.6089
132	2706.3873	1308.8453	0.0000	332241.7748
133	2706.3873	1349.9003	0.0000	334588.7074
134	2706.6003	1308.1136	0.0000	336887.9976
135	2706.6003	1281.6838	0.0000	339181.2654
136	2706.6003	1355.6404	0.0000	341503.4676
137	2706.6003	1311.1533	0.0000	343825.0368
138	2706.6003	1323.3915	0.0000	346147.3100
139	2706.6003	1335.8519	0.0000	348473.0227
140	2706.6003	1342.4619	0.0000	350794.5561
141	2706.6003	1298.3986	0.0000	353169.7714
142	2706.6003	1353.5648	0.0000	355488.6773
143	2706.6003	1333.8725	0.0000	357806.0994
144	2706.6003	1366.1091	0.0000	360104.9955
145	2706.6003	1386.0367	0.0000	362393.4162
146	2706.6003	1380.2194	0.0000	364786.3674
147	2706.6003	1392.2640	0.0000	367126.8389
148	2706.6003	1355.6160	0.0000	369471.0281
149	2706.6003	1341.0150	0.0000	371829.0775
150	2706.6003	1434.5023	0.0000	374224.3423
151	2706.6003	1380.0555	0.0000	376569.4716
152	2706.6003	1427.3406	0.0000	378882.6122
153	2706.6003	1402.5715	0.0000	381241.0986
154	2706.6003	1393.4259	0.0000	383553.2074
155	2706.6003	1412.5409	0.0000	385836.3397
156	2706.6003	1392.0971	0.0000	388131.6853
157	2706.6003	1400.0511	0.0000	390458.9951
158	2706.6003	1404.2250	0.0000	392780.6935
159	2706.6003	1416.7514	0.0000	395097.6553
160	2706.6003	1405.8813	0.0000	397402.7524
161	2707.7116	1505.6907	0.0000	399719.7165
162	2707.7116	1390.2839	0.0000	402046.2308
163	2707.7116	1453.9417	0.0000	404403.2633
164	2707.7116	1472.6401	0.0000	406716.0189
165	2707.7116	1471.7879	0.0000	409055.2142
166	2707.7116	1465.5163	0.0000	411346.3390
167	2707.7116	1512.2579	0.0000	413708.6024
168	2707.7116	1441.4305	0.0000	416060.4534
169	2707.7116	1455.4830	0.0000	418399.7178
170	2707.7116	1453.0042	0.0000	420716.4378
171	2707.7116	1467.4576	0.0000	422992.3630
172	2707.7116	1456.4420	0.0000	425333.6766
173	2707.7116	1454.0708	0.0000	427711.0374
174	2707.7116	1458.4230	0.0000	430061.3570
175	2707.7116	1520.4549	0.0000	432383.1096
176	2707.7116	1476.6796	0.0000	434704.5321
177	2707.7116	1487.8780	0.0000	437019.1913
178	2707.7116	1488.5351	0.0000	439360.0485
179	2708.7380	1492.3988	0.0000	441698.7314
180	2708.7380	1421.9562	0.0000	444013.4168
181	2708.7380	1454.0741	0.0000	446286.6962
182	2708.7380	1468.0996	0.0000	448622.0241
183	2708.7380	1474.2642	0.0000	450966.8205
184	2708.7380	1496.2357	0.0000	453243.0823
185	2708.7380	1516.5034	0.0000	455541.7342
186	2708.7621	1500.6012	0.0000	457868.6132
187	2708.7621	1432.8866	0.0000	460193.5022
188	2708.7621	1507.7846	0.0000	462539.8178
189	2708.7621	1508.4254	0.0000	464914.5873
190	2708.7621	1507.3579	0.0000	467223.3281
191	2708.7621	1428.7607	0.0000	469507.6876
192	2708.7621	1483.1904	0.0000	471837.9865
193	2708.7621	1508.2844	0.0000	474160.3339
194	2708.7621	1506.8538	0.0000	476520.7119
195	2708.7621	1456.6910	0.0000	478839.2432
196	2708.7621	1537.2513	0.0000	481141.3422
197	2708.7621	1499.1354	0.0000	483449.7602
198	2708.7621	1515.2231	0.0000	485806.9797
199	2708.7621	1487.8823	0.0000	488070.5819
200	2708.7621	1579.4339	0.0000	490371.9616
201	2708.7621	1564.6391	0.0000	492668.6277
202	2708.7621	1572.4866	0.0000	494965.4162
203	2708.7621	1521.9418	0.0000	497265.2738
204	2708.7621	1543.7555	0.0000	499581.7549
205	2708.7621	1543.3428	0.0000	501901.9589
206	2708.9893	1558.3403	0.0000	504230.6621
207	2708.9893	1523.4241	0.0000	506487.0243
208	2708.9893	1572.3180	0.0000	508774.2760
209	2708.9893	1573.1170	0.0000	511047.7605
210	2708.9893	1613.1069	0.0000	513368.9449
211	2708.9893	1551.3074	0.0000	515694.0334
212	2708.9893	1546.9272	0.0000	518023.2925
213	2708.9893	1638.7081	0.0000	520362.5417
214	2708.9893	1613.0776	0.0000	522768.5912
215	2708.9893	1581.5569	0.0000	525118.0506
216	2708.9893	1559.9606	0.0000	527461.2031
217	2708.9893	1603.3061	0.0000	529773.2239
218	2708.9893	1525.1613	0.0000	532053.5252
219	2708.9893	1539.6522	0.0000	534357.8374
220	2708.9893	1455.3697	0.0000	536729.5098
221	2708.9893	1580.7057	0.0000	539069.6647
222	2708.9893	1519.8024	0.0000	541378.7885
223	2708.9893	1556.4774	0.0000	543679.1079
224	2708.9893	1503.6289	0.0000	546022.1164
225	2708.9893	1608.4495	0.0000	548348.4952
226	2708.9893	1495.1983	0.0000	550657.4843
227	2708.9893	1606.8877	0.0000	552939.4252
228	2708.9893	1572.8287	0.0000	555262.2921
229	2708.9893	1567.0693	0.0000	557551.4781
230	2708.9893	1592.4858	0.0000	559935.7018
231	2708.9893	1506.2860	0.0000	562217.8261
232	2709.0381	1580.5606	0.0000	564536.1669
233	2709.0520	1562.1353	0.0000	566907.0747
234	2709.0520	1576.9177	0.0000	569293.2055
235	2709.0520	1549.5890	0.0000	571630.7957
236	2709.0520	1557.7500	0.0000	573938.9465
237	2709.0520	1581.2319	0.0000	576206.1577
238	2709.0520	1594.3996	0.0000	578527.4696
239	2709.0520	1574.4299	0.0000	580881.9585
240	2709.0520	1624.5556	0.0000	583200.8712
241	2709.0520	1613.3128	0.0000	585494.7052
242	2709.0520	1592.0083	0.0000	587826.2446
243	2709.0520	1591.2477	0.0000	590150.5218
244	2709.0520	1582.1716	0.0000	592473.6061
245	2709.0520	1607.4011	0.0000	594772.9917
246	2709.0520	1632.2521	0.0000	597113.7936
247	2709.0520	1646.2115	0.0000	599423.2855
248	2709.0520	1613.7752	0.0000	601742.5117
249	2709.0520	1588.5933	0.0000	604061.5270
250	2709.0520	1642.3971	0.0000	606378.4976
251	2709.0520	1594.0636	0.0000	608699.9767
252	2709.0520	1584.6550	0.0000	611006.3457
253	2709.0520	1617.7110	0.0000	613310.2903
254	2709.0520	1595.4124	0.0000	615600.0338
255	2709.0520	1638.7183	0.0000	617931.4520
256	2709.0520	1667.8117	0.0000	620271.7309
257	2709.0520	1626.0014	0.0000	622593.0965
258	2709.0520	1638.7767	0.0000	624882.5386
259	2709.0520	1606.4350	0.0000	627160.2545
260	2709.0520	1598.3938	0.0000	629476.0852
261	2709.0520	1678.5586	0.0000	631800.2827
262	2709.0520	1652.5337	0.0000	634097.6388
263	2709.0520	1668.8560	0.0000	636402.2775
264	2709.0520	1689.1540	0.0000	638688.1936
265	2709.0520	1704.8242	0.0000	640975.4438
266	2709.0520	1635.0083	0.0000	643268.5888
267	2709.0520	1643.5451	0.0000	645545.1944
268	2709.0520	1672.0869	0.0000	647864.9521
269	2709.0520	1658.2652	0.0000	650217.2663
270	2709.0520	1635.8755	0.0000	652537.3960
271	2709.0520	1686.8701	0.0000	654870.3690
272	2709.0520	1625.6569	0.0000	657193.3105
273	2709.0520	1679.1271	0.0000	659513.4225
274	2709.0520	1697.8248	0.0000	661848.6528
275	2709.0520	1636.4147	0.0000	664136.0517
276	2709.0520	1708.8434	0.0000	666469.3751
277	2709.0520	1607.7691	0.0000	668761.3325
278	2709.0520	1655.2327	0.0000	671073.7972
279	2709.0520	1680.0910	0.0000	673371.4213
280	2709.0520	1675.6471	0.0000	675622.7396
281	2709.0520	1725.5410	0.0000	677949.4605
282	2709.0520	1665.8008	0.0000	680301.5428
283	2709.0520	1664.6358	0.0000	682612.5426
284	2709.0520	1632.9810	0.0000	684943.0442
285	2709.0520	1666.0469	0.0000	687289.2504
286	2709.0520	1606.4197	0.0000	689669.2641
287	2709.0520	1677.5252	0.0000	691942.5230
288	2709.0520	1672.5221	0.0000	694201.6037
289	2709.0520	1634.6826	0.0000	696572.4857
290	2709.0520	1603.7150	0.0000	698875.1867
291	2709.0520	1705.8549	0.0000	701141.6633
292	2709.0520	1667.8910	0.0000	703431.3135
293	2709.0520	1678.6309	0.0000	705749.5649
294	2709.0520	1637.4757	0.0000	708063.3347
295	2709.0756	1687.9972	0.0000	710379.7164
296	2709.0843	1779.9605	0.0000	712713.9008
297	2709.0843	1689.3007	0.0000	715069.9005
298	2709.0843	1687.3113	0.0000	717365.1018
299	2709.0843	1679.2686	0.0000	719661.6740
300	2709.0843	1712.4589	0.0000	721948.7016
301	2709.0843	1723.5262	0.0000	724235.3251
302	2709.0843	1668.7313	0.0000	726523.3295
303	2709.0843	1625.4569	0.0000	728827.3790
304	2709.0843	1755.8025	0.0000	731171.7241
305	2709.0843	1658.4561	0.0000	733494.9636
306	2709.0843	1715.9307	0.0000	735798.1267
307	2709.0843	1703.5424	0.0000	738072.3221
308	2709.0843	1756.5055	0.0000	740371.4447
309	2709.0843	1693.7290	0.0000	742662.5803
310	2709.0843	1707.2685	0.0000	744970.7942
311	2709.0843	1711.4575	0.0000	747289.8552
312	2709.0843	1690.8797	0.0000	749551.8861
313	2709.0843	1674.0975	0.0000	751910.3446
314	2709.0843	1730.5643	0.0000	754181.0083
315	2709.0843	1686.8442	0.0000	756454.3612
316	2709.0843	1676.6073	0.0000	758716.7141
317	2709.0843	1693.5634	0.0000	760991.8208
318	2709.0843	1661.7487	0.0000	763289.9694
319	2709.0843	1747.4574	0.0000	765577.2951
320	2709.0843	1701.9517	0.0000	767889.6596
321	2709.0843	1710.2409	0.0000	770179.8515
322	2709.0843	1709.7621	0.0000	772461.6849
323	2709.0843	1692.5125	0.0000	774826.4084
324	2709.0843	1739.7610	0.0000	777087.0371
325	2709.0843	1767.0202	0.0000	779391.1088
326	2709.0843	1742.6945	0.0000	781689.3430
327	2709.0843	1734.9920	0.0000	783996.7904
328	2709.0843	1679.2016	0.0000	786309.8643
329	2709.0843	1742.6647	0.0000	788568.2359
330	2709.0843	1699.4945	0.0000	790849.7665
331	2709.0843	1770.8968	0.0000	793131.2521
332	2709.0843	1703.9628	0.0000	795402.6139
333	2709.0843	1779.1172	0.0000	797688.9668
334	2709.0843	1702.1021	0.0000	799990.9213
335	2709.0843	1771.6396	0.0000	802292.7630
336	2709.0843	1749.9182	0.0000	804560.0727
337	2709.0868	1674.3664	0.0000	806856.8761
338	2709.0868	1708.9553	0.0000	809156.8735
339	2709.0868	1711.0859	0.0000	811471.1769
340	2709.0868	1738.6823	0.0000	813763.0761
341	2709.0868	1733.4785	0.0000	816083.3249
342	2709.0868	1726.2551	0.0000	818399.6096
343	2709.0868	1692.6935	0.0000	820663.3947
344	2709.0868	1774.1523	0.0000	822916.2343
345	2709.0868	1711.9428	0.0000	825194.7625
346	2709.0868	1706.0202	0.0000	827456.2390
347	2709.0868	1719.6875	0.0000	829763.4375
348	2709.0868	1750.3118	0.0000	832018.2972
349	2709.0868	1736.7867	0.0000	834322.6595
350	2709.0868	1744.3089	0.0000	836584.0425
351	2709.0868	1711.2646	0.0000	838864.6579
352	2709.0868	1738.1802	0.0000	841136.6324
353	2709.0868	1783.1911	0.0000	843438.9734
354	2709.0868	1710.5020	0.0000	845719.8129
355	2709.0868	1767.2260	0.0000	847990.9608
356	2709.0915	1796.1998	0.0000	850272.1889
357	2709.0915	1700.0304	0.0000	852505.7666
358	2709.0915	1773.4212	0.0000	854789.0525
359	2709.0915	1763.3644	0.0000	857083.0967
360	2709.0915	1778.2106	0.0000	859350.5683
361	2709.0915	1753.1264	0.0000	861612.9136
362	2709.0915	1706.0744	0.0000	863873.7063
363	2709.0915	1726.8620	0.0000	866433.6629
364	2709.0915	1760.8143	0.0000	868677.5239
365	2709.0915	1748.2483	0.0000	870992.5544
366	2709.0915	1754.9423	0.0000	873238.2829
367	2709.0915	1727.8375	0.0000	875531.9314
368	2709.0920	1732.1782	0.0000	877811.9059
369	2709.0920	1729.1681	0.0000	880123.8680
370	2709.0920	1678.6880	0.0000	882387.0265
371	2709.0920	1738.5924	0.0000	884652.6561
372	2709.0920	1682.5293	0.0000	886938.7395
373	2709.0920	1735.8052	0.0000	889222.5232
374	2709.0920	1745.8453	0.0000	891458.6344
375	2709.0920	1720.6442	0.0000	893732.5277
376	2709.0920	1723.8576	0.0000	896022.0301
377	2709.0920	1763.0503	0.0000	898323.3058
378	2709.0920	1725.1376	0.0000	900570.3359
379	2709.0920	1784.1448	0.0000	902827.4732
380	2709.0920	1753.5041	0.0000	905084.9636
381	2709.0920	1781.3032	0.0000	907342.7870
382	2709.0920	1749.3495	0.0000	909591.6135
383	2709.0920	1762.2797	0.0000	911876.5190
384	2709.0920	1743.1165	0.0000	914139.8885
385	2709.0920	1746.0902	0.0000	916472.1522
386	2709.0920	1789.1121	0.0000	918751.9855
387	2709.0920	1696.5844	0.0000	921038.2555
388	2709.0920	1764.4415	0.0000	923294.6572
389	2709.0920	1749.0922	0.0000	925591.2855
390	2709.0920	1781.6368	0.0000	927833.3633
391	2709.0920	1720.4941	0.0000	930095.8652
392	2709.0920	1733.4933	0.0000	932362.4172
393	2709.0920	1778.1068	0.0000	934599.3841
394	2709.0920	1817.0607	0.0000	936859.9017
395	2709.0920	1788.2708	0.0000	939112.0751
396	2709.0920	1809.5719	0.0000	941380.2924
397	2709.0920	1729.4912	0.0000	943663.3346
398	2709.0920	1827.0763	0.0000	945907.4819
399	2709.0920	1782.0925	0.0000	948247.7171
400	2709.0920	1735.4862	0.0000	950496.0983
401	2709.0920	1776.7703	0.0000	952796.0472
402	2709.0920	1771.9582	0.0000	955072.8157
403	2709.0920	1693.2922	0.0000	957316.2405
404	2709.0920	1793.7233	0.0000	959580.8523
405	2709.0920	1755.0145	0.0000	961834.4221
406	2709.0920	1723.5674	0.0000	964100.5924
407	2709.0920	1729.7161	0.0000	966357.6167
408	2709.0920	1781.6292	0.0000	968564.4753
409	2709.0920	1785.1539	0.0000	970846.5717
410	2709.0920	1682.5855	0.0000	973168.9322
411	2709.0920	1773.5338	0.0000	975436.4228
412	2709.0920	1751.4225	0.0000	977663.4026
413	2709.0924	1779.2570	0.0000	979923.5175
414	2709.0924	1710.5501	0.0000	982145.3159
415	2709.0924	1726.6478	0.0000	984431.0615
416	2709.0924	1705.2098	0.0000	986684.8557
417	2709.0924	1790.4872	0.0000	988922.1573
418	2709.0924	1723.3555	0.0000	991176.1470
419	2709.0924	1745.4927	0.0000	993475.1768
420	2709.0924	1758.5343	0.0000	995784.4758
421	2709.0924	1723.0458	0.0000	998069.9337
422	2709.0924	1682.2604	0.0000	1000341.3036
423	2709.0924	1712.9740	0.0000	1002637.4364
424	2709.0924	1788.6257	0.0000	1004946.6727
425	2709.0924	1743.6125	0.0000	1007225.6911
426	2709.0924	1750.2077	0.0000	1009497.8037
427	2709.0924	1770.3500	0.0000	1011770.0922
428	2709.0924	1771.0191	0.0000	1014053.3497
429	2709.0924	1764.8944	0.0000	1016293.2031
430	2709.0924	1702.6175	0.0000	1018531.0616
431	2709.0931	1754.6561	0.0000	1020806.4420
432	2709.0931	1736.1430	0.0000	1023061.9037
433	2709.0931	1797.3641	0.0000	1025289.4917
434	2709.0931	1757.3136	0.0000	1027523.4480
435	2709.0931	1773.5235	0.0000	1029842.8452
436	2709.0931	1713.9800	0.0000	1032080.2503
437	2709.0931	1745.0738	0.0000	1034337.1444
438	2709.0931	1717.2277	0.0000	1036572.7472
439	2709.0931	1772.2393	0.0000	1038869.4191
440	2709.0931	1774.1161	0.0000	1041179.3587
441	2709.0931	1733.7866	0.0000	1043419.2228
442	2709.0931	1659.1424	0.0000	1045696.3181
443	2709.0931	1728.8174	0.0000	1047950.2921
444	2709.0931	1755.7043	0.0000	1050225.1964
445	2709.0931	1728.7390	0.0000	1052494.7236
446	2709.0931	1726.1747	0.0000	1054812.5775
447	2709.0931	1729.3540	0.0000	1057138.0336
448	2709.0931	1774.6712	0.0000	1059387.4903
449	2709.0931	1770.1051	0.0000	1061687.7236
450	2709.0931	1718.1590	0.0000	1063978.2159
451	2709.0932	1818.1477	0.0000	1066271.9631
452	2709.0932	1770.2561	0.0000	1068512.9085
453	2709.0932	1763.8533	0.0000	1070859.6392
454	2709.0932	1795.7088	0.0000	1073141.6969
455	2709.0932	1818.5643	0.0000	1075374.5487
456	2709.0932	1750.8678	0.0000	1077648.8161
457	2709.0932	1703.2453	0.0000	1079923.2779
458	2709.0934	1738.0425	0.0000	1082190.7604
459	2709.0934	1740.9226	0.0000	1084415.3099
460	2709.0934	1816.6330	0.0000	1086689.4245
461	2709.0934	1739.6576	0.0000	1089029.9547
462	2709.0934	1780.7162	0.0000	1091304.8654
463	2709.0934	1769.8397	0.0000	1093594.6994
464	2709.0934	1794.8957	0.0000	1095862.2506
465	2709.0934	1739.9826	0.0000	1098113.8713
466	2709.0934	1747.1647	0.0000	1100395.0129
467	2709.0934	1715.1668	0.0000	1102601.7361
468	2709.0934	1713.3934	0.0000	1104883.9381
469	2709.0934	1733.4705	0.0000	1107130.2266
470	2709.0934	1764.5458	0.0000	1109336.3841
471	2709.0934	1743.1181	0.0000	1111563.3698
472	2709.0934	1743.4322	0.0000	1113844.2965
473	2709.0934	1722.3182	0.0000	1116083.9133
474	2709.0934	1730.2430	0.0000	1118369.5850
475	2709.0934	1737.7241	0.0000	1120649.3819
476	2709.0934	1758.0275	0.0000	1122949.7571
477	2709.0934	1719.1195	0.0000	1125244.8049
478	2709.0934	1814.2724	0.0000	1127544.4133
479	2709.0934	1756.4684	0.0000	1129865.0653
480	2709.0934	1689.6146	0.0000	1132128.3989
481	2709.0934	1709.1006	0.0000	1134658.2577
482	2709.0934	1731.2726	0.0000	1136900.6763
483	2709.0934	1727.9334	0.0000	1139165.8106
484	2709.0934	1792.8643	0.0000	1141409.0967
485	2709.0934	1783.0153	0.0000	1143642.7402
486	2709.0934	1787.2696	0.0000	1145865.1776
487	2709.0934	1800.8413	0.0000	1148069.4084
488	2709.0934	1734.8821	0.0000	1150321.9466
489	2709.0934	1718.3787	0.0000	1152613.0040
490	2709.0934	1812.9964	0.0000	1154870.4860
491	2709.0934	1753.9752	0.0000	1157139.8375
492	2709.0934	1757.4105	0.0000	1159386.0757
493	2709.0934	1780.6446	0.0000	1161643.1441
494	2709.0934	1806.5594	0.0000	1163872.1144
495	2709.0934	1731.3716	0.0000	1166149.4486
496	2709.0934	1825.5880	0.0000	1168468.0080
497	2709.0934	1758.8268	0.0000	1170742.3301
498	2709.0934	1744.3561	0.0000	1172966.7513
499	2709.0934	1762.1484	0.0000	1175292.0439
500	2709.0934	1704.6637	0.0000	1177569.4129
501	2709.0934	1787.5592	0.0000	1179824.2390
502	2709.0934	1843.6042	0.0000	1182089.2291
503	2709.0934	1756.6217	0.0000	1184310.9653
504	2709.0934	1747.8344	0.0000	1186534.2958
505	2709.0934	1732.9508	0.0000	1188798.9655
506	2709.0934	1770.4929	0.0000	1191051.7175
507	2709.0934	1725.3076	0.0000	1193294.5316
508	2709.0934	1787.3950	0.0000	1195532.8441
509	2709.0934	1746.2135	0.0000	1197861.7549
510	2709.0934	1778.0274	0.0000	1200055.9194
511	2709.0934	1775.4990	0.0000	1202350.3411
512	2709.0934	1758.3259	0.0000	1204615.4764
513	2709.0934	1807.2749	0.0000	1206868.7050
514	2709.0934	1764.6704	0.0000	1209105.4499
515	2709.0934	1819.6116	0.0000	1211393.2514
516	2709.0934	1768.6620	0.0000	1213658.6642
517	2709.0934	1807.5774	0.0000	1215909.2524
518	2709.0934	1752.1566	0.0000	1218141.4464
519	2709.0934	1779.5008	0.0000	1220376.4637
520	2709.0934	1804.2002	0.0000	1222570.1342
521	2709.0934	1785.2448	0.0000	1224786.9070
522	2709.0934	1751.2843	0.0000	1227046.1135
523	2709.0934	1787.6365	0.0000	1229244.8745
524	2709.0934	1832.6382	0.0000	1231512.6991
525	2709.0934	1855.1132	0.0000	1233765.5218
526	2709.0934	1824.5324	0.0000	1236047.6456
527	2709.0934	1774.9767	0.0000	1238318.7151
528	2709.0934	1684.5394	0.0000	1240581.0163
529	2709.0934	1812.5925	0.0000	1242865.1659
530	2709.0934	1764.7253	0.0000	1245198.4925
531	2709.0934	1810.0058	0.0000	1247462.5983
532	2709.0934	1788.9604	0.0000	1249701.5646
533	2709.0934	1821.4004	0.0000	1252026.3875
534	2709.0934	1764.1980	0.0000	1254259.9792
535	2709.0934	1783.0987	0.0000	1256528.0190
536	2709.0934	1786.8475	0.0000	1258775.8558
537	2709.0934	1777.6033	0.0000	1261038.2528
538	2709.0934	1828.0194	0.0000	1263302.5701
539	2709.0934	1801.9050	0.0000	1265536.4249
540	2709.0934	1825.2502	0.0000	1267774.6718
541	2709.0934	1746.7761	0.0000	1269973.5949
542	2709.0934	1803.9789	0.0000	1272239.5804
543	2709.0934	1736.4387	0.0000	1274432.0376
544	2709.0934	1751.6653	0.0000	1276685.5962
545	2709.0934	1791.3888	0.0000	1278922.3926
546	2709.0934	1729.2044	0.0000	1281161.0446
547	2709.0934	1744.2463	0.0000	1283386.3358
548	2709.0934	1757.4414	0.0000	1285707.5987
549	2709.0934	1817.4831	0.0000	1287915.3590
550	2709.0934	1695.6604	0.0000	1290180.6643
551	2709.0934	1726.5935	0.0000	1292413.6031
552	2709.0934	1747.8338	0.0000	1294692.8036
553	2709.0934	1760.7562	0.0000	1296945.7669
554	2709.0934	1773.9239	0.0000	1299241.2851
555	2709.0934	1763.2246	0.0000	1301502.7039
556	2709.0934	1778.6738	0.0000	1303755.7640
557	2709.0934	1736.4706	0.0000	1306005.6891
558	2709.0934	1755.3852	0.0000	1308243.3488
559	2709.0934	1784.4221	0.0000	1310512.3672
560	2709.0934	1789.8244	0.0000	1312725.7357
561	2709.0934	1717.7416	0.0000	1314994.8523
562	2709.0934	1822.5442	0.0000	1317221.2455
563	2709.0934	1797.3339	0.0000	1319494.6883
564	2709.0934	1675.3457	0.0000	1321711.1688
565	2709.0934	1795.3251	0.0000	1323987.7541
566	2709.0934	1800.1726	0.0000	1326216.6357
567	2709.0934	1803.9081	0.0000	1328478.9033
568	2709.0934	1794.4390	0.0000	1330757.9720
569	2709.0934	1824.6378	0.0000	1333016.1898
570	2709.0935	1761.6292	0.0000	1335250.9100
571	2709.0935	1753.9184	0.0000	1337495.9455
572	2709.0935	1764.0031	0.0000	1339754.2841
573	2709.0935	1741.4699	0.0000	1341988.0414
574	2709.0935	1767.8162	0.0000	1344214.9277
575	2709.0935	1806.7647	0.0000	1346467.5376
576	2709.0935	1848.8752	0.0000	1348723.5479
577	2709.0935	1788.9582	0.0000	1350963.5317
578	2709.0935	1792.6090	0.0000	1353233.9208
579	2709.0935	1781.4413	0.0000	1355485.3282
580	2709.0935	1747.5412	0.0000	1357727.7753
581	2709.0935	1740.0724	0.0000	1360011.8709
582	2709.0935	1725.2076	0.0000	1362256.9790
583	2709.0935	1733.2077	0.0000	1364479.0380
584	2709.0935	1730.1363	0.0000	1366708.9729
585	2709.0935	1726.3400	0.0000	1368926.7607
586	2709.0935	1767.5104	0.0000	1371156.9762
587	2709.0935	1771.2000	0.0000	1373389.1830
588	2709.0935	1755.7634	0.0000	1375650.4738
589	2709.0935	1768.1982	0.0000	1377911.0482
590	2709.0935	1714.9193	0.0000	1380143.6603
591	2709.0935	1723.5815	0.0000	1382394.4833
592	2709.0935	1744.2450	0.0000	1384621.8064
593	2709.0935	1797.5282	0.0000	1386864.5263
594	2709.0935	1783.5104	0.0000	1389067.1000
595	2709.0935	1727.6091	0.0000	1391316.3843
596	2709.0935	1729.5800	0.0000	1393623.2777
597	2709.0935	1772.9982	0.0000	1395854.7490
598	2709.0935	1770.3520	0.0000	1398082.1707
599	2709.0935	1809.0892	0.0000	1400353.5218
600	2709.0935	1758.5160	0.0000	1402646.3168
601	2709.0935	1714.4207	0.0000	1404914.2516
602	2709.0935	1778.5924	0.0000	1407150.9624
603	2709.0935	1779.9845	0.0000	1409364.0292
604	2709.0935	1745.1089	0.0000	1411614.2213
605	2709.0935	1753.8120	0.0000	1413880.2216
606	2709.0935	1817.2368	0.0000	1416084.8975
607	2709.0935	1809.4675	0.0000	1418361.3710
608	2709.0935	1790.2237	0.0000	1420537.2028
609	2709.0935	1766.0967	0.0000	1422769.0816
610	2709.0935	1780.1262	0.0000	1424952.4446
611	2709.0935	1758.2308	0.0000	1427144.5413
612	2709.0935	1776.6486	0.0000	1429367.3820
613	2709.0935	1784.5705	0.0000	1431648.0730
614	2709.0935	1727.6410	0.0000	1433924.3810
615	2709.0935	1756.2178	0.0000	1436252.8510
616	2709.0935	1797.7144	0.0000	1438500.5836
617	2709.0935	1799.0016	0.0000	1440751.3587
618	2709.0935	1831.8213	0.0000	1443045.1839
619	2709.0935	1796.0721	0.0000	1445278.2235
620	2709.0935	1794.9939	0.0000	1447551.0640
621	2709.0935	1772.3257	0.0000	1449751.1749
622	2709.0935	1756.5280	0.0000	1452016.4595
623	2709.0935	1739.6008	0.0000	1454276.2260
624	2709.0935	1791.1991	0.0000	1456511.6241
625	2709.0935	1796.7037	0.0000	1458740.3026
626	2709.0935	1818.1291	0.0000	1461016.6447
627	2709.0935	1768.6680	0.0000	1463321.8839
628	2709.0935	1775.0553	0.0000	1465606.2946
629	2709.0935	1777.9186	0.0000	1467851.9051
630	2709.0935	1785.6717	0.0000	1470084.2607
631	2709.0935	1738.9502	0.0000	1472355.3305
632	2709.0935	1730.9354	0.0000	1474643.2424
633	2709.0935	1754.9284	0.0000	1476932.7059
634	2709.0935	1806.9472	0.0000	1479162.7328
635	2709.0935	1840.3411	0.0000	1481380.6262
636	2709.0935	1746.4871	0.0000	1483609.0577
637	2709.0935	1788.6692	0.0000	1485855.8102
638	2709.0935	1728.7512	0.0000	1488070.2372
639	2709.0935	1759.9439	0.0000	1490282.2146
640	2709.0935	1761.1681	0.0000	1492503.5405
641	2709.0935	1766.9770	0.0000	1494692.6498
642	2709.0935	1773.3356	0.0000	1496953.5737
643	2709.0935	1783.1550	0.0000	1499232.2562
644	2709.0935	1829.9115	0.0000	1501408.5569
645	2709.0935	1722.4459	0.0000	1503601.9409
646	2709.0935	1774.7389	0.0000	1505835.1703
647	2709.0935	1790.2694	0.0000	1508081.2166
648	2709.0935	1755.4451	0.0000	1510338.7110
649	2709.0935	1750.2544	0.0000	1512589.0801
650	2709.0935	1778.4598	0.0000	1514817.9436
651	2709.0935	1780.9079	0.0000	1517113.8735
652	2709.0935	1763.2311	0.0000	1519328.2359
653	2709.0935	1793.0404	0.0000	1521581.7149
654	2709.0935	1748.6277	0.0000	1523848.1467
655	2709.0935	1853.5109	0.0000	1526071.5530
656	2709.0935	1746.7102	0.0000	1528279.6094
657	2709.0935	1804.8587	0.0000	1530584.7061
658	2709.0935	1738.3256	0.0000	1532805.4268
659	2709.0935	1785.9206	0.0000	1535049.3307
660	2709.0935	1806.3881	0.0000	1537273.6237
661	2709.0935	1792.1816	0.0000	1539518.6374
662	2709.0935	1858.2516	0.0000	1541735.2903
663	2709.0935	1832.0240	0.0000	1543980.5479
664	2709.0935	1828.9002	0.0000	1546186.3077
665	2709.0935	1810.0636	0.0000	1548448.7975
666	2709.0935	1792.5276	0.0000	1550716.9952
667	2709.0935	1820.6544	0.0000	1552956.6917
668	2709.0935	1810.7164	0.0000	1555216.7654
669	2709.0935	1802.7816	0.0000	1557477.8633
670	2709.0935	1845.1556	0.0000	1559705.8501
671	2709.0935	1844.2317	0.0000	1561943.5623
672	2709.0935	1809.6603	0.0000	1564238.3306
673	2709.0935	1827.3338	0.0000	1566500.8216
674	2709.0935	1813.6865	0.0000	1568716.6224
675	2709.0935	1790.3224	0.0000	1570986.1639
676	2709.0935	1829.6271	0.0000	1573208.7481
677	2709.0935	1687.0959	0.0000	1575458.5555
678	2709.0935	1806.6096	0.0000	1577682.5454
679	2709.0935	1783.1969	0.0000	1579949.7311
680	2709.0935	1812.4675	0.0000	1582149.9915
681	2709.0935	1772.5080	0.0000	1584355.8555
682	2709.0935	1813.8011	0.0000	1586642.1654
683	2709.0935	1777.1460	0.0000	1588895.6246
684	2709.0935	1761.0304	0.0000	1591122.7415
685	2709.0935	1811.3077	0.0000	1593347.7235
686	2709.0935	1823.2099	0.0000	1595612.6168
687	2709.0935	1804.2134	0.0000	1597873.7364
688	2709.0935	1736.6138	0.0000	1600143.7509
689	2709.0935	1783.2233	0.0000	1602345.7983
690	2709.0935	1829.4462	0.0000	1604601.2657
691	2709.0935	1848.1520	0.0000	1606845.9945
692	2709.0935	1747.3518	0.0000	1609116.0038
693	2709.0935	1800.5396	0.0000	1611380.4116
694	2709.0935	1791.3772	0.0000	1613571.7905
695	2709.0935	1795.2467	0.0000	1615799.0124
696	2709.0935	1801.4425	0.0000	1617979.1107
697	2709.0935	1845.9969	0.0000	1620189.8034
698	2709.0935	1810.3039	0.0000	1622415.2334
699	2709.0935	1761.6260	0.0000	1624596.0639
700	2709.0935	1773.2258	0.0000	1626848.6331
701	2709.0935	1805.8139	0.0000	1629066.5824
702	2709.0935	1825.1205	0.0000	1631307.9624
703	2709.0935	1771.3937	0.0000	1633512.7661
704	2709.0935	1847.8184	0.0000	1635772.2077
705	2709.0935	1810.8522	0.0000	1637976.8960
706	2709.0935	1881.9865	0.0000	1640204.2274
707	2709.0935	1887.2394	0.0000	1642485.5425
708	2709.0935	1875.3281	0.0000	1644740.2105
709	2709.0935	1832.1440	0.0000	1646945.6549
710	2709.0935	1845.3095	0.0000	1649267.3995
711	2709.0935	1786.0935	0.0000	1651512.2902
712	2709.0935	1894.5109	0.0000	1653711.4298
713	2709.0935	1887.2299	0.0000	1655938.8390
714	2709.0935	1856.9973	0.0000	1658171.7849
715	2709.0935	1835.0544	0.0000	1660455.8129
716	2709.0935	1818.3500	0.0000	1662691.5467
717	2709.0935	1887.6529	0.0000	1664978.0366
718	2709.0935	1868.5661	0.0000	1667219.8436
719	2709.0935	1823.9220	0.0000	1669646.3580
720	2709.0935	1872.1749	0.0000	1671862.9074
721	2709.0935	1821.0893	0.0000	1674093.3225
722	2709.0935	1836.9807	0.0000	1676323.5099
723	2709.0935	1907.1252	0.0000	1678575.8622
724	2709.0935	1822.0612	0.0000	1680848.6409
725	2709.0935	1829.1979	0.0000	1683057.8701
726	2709.0935	1832.7606	0.0000	1685262.3265
727	2709.0935	1809.8262	0.0000	1687469.3096
728	2709.0935	1850.4481	0.0000	1689715.0898
729	2709.0935	1844.2543	0.0000	1691962.0640
730	2709.0935	1799.0025	0.0000	1694209.4164
731	2709.0935	1854.6178	0.0000	1696435.2615
732	2709.0935	1863.9325	0.0000	1698659.3108
733	2709.0935	1801.8187	0.0000	1700884.3939
734	2709.0935	1861.5481	0.0000	1703058.6576
735	2709.0935	1848.9485	0.0000	1705257.9672
736	2709.0935	1888.3352	0.0000	1707457.9709
737	2709.0935	1903.9781	0.0000	1709671.0064
738	2709.0935	1845.3221	0.0000	1711943.1777
739	2709.0935	1784.7444	0.0000	1714130.5912
740	2709.0935	1836.5876	0.0000	1716345.8011
741	2709.0935	1820.9792	0.0000	1718617.3618
742	2709.0935	1825.5881	0.0000	1720857.3954
743	2709.0935	1808.8983	0.0000	1723067.6522
744	2709.0935	1796.3232	0.0000	1725310.9012
745	2709.0935	1793.2004	0.0000	1727558.4071
746	2709.0935	1792.9020	0.0000	1729837.1956
747	2709.0935	1858.0649	0.0000	1732086.1640
748	2709.0935	1829.3150	0.0000	1734327.5526
749	2709.0935	1866.3013	0.0000	1736601.9375
750	2709.0935	1809.7480	0.0000	1738842.0360
751	2709.0935	1855.8137	0.0000	1741111.4423
752	2709.0935	1881.8745	0.0000	1743307.6689
753	2709.0935	1806.7865	0.0000	1745523.7865
754	2709.0935	1810.9542	0.0000	1747805.1560
755	2709.0935	1815.1849	0.0000	1750009.4469
756	2709.0935	1850.6244	0.0000	1752164.7444
757	2709.0935	1832.6882	0.0000	1754350.6732
758	2709.0935	1849.2514	0.0000	1756666.4858
759	2709.0935	1853.7589	0.0000	1758863.7984
760	2709.0935	1831.4194	0.0000	1761117.4736
761	2709.0935	1881.6239	0.0000	1763356.3108
762	2709.0935	1760.8512	0.0000	1765596.4725
763	2709.0935	1860.2807	0.0000	1767834.0075
764	2709.0935	1818.9116	0.0000	1770041.6987
765	2709.0935	1857.9730	0.0000	1772319.5322
766	2709.0935	1785.0405	0.0000	1774618.2718
767	2709.0935	1765.6190	0.0000	1776854.4800
768	2709.0935	1729.3112	0.0000	1779130.7752
769	2709.0935	1724.9772	0.0000	1781346.0109
770	2709.0935	1786.5968	0.0000	1783563.7193
771	2709.0935	1745.4800	0.0000	1785801.8675
772	2709.0935	1792.1125	0.0000	1788050.7498
773	2709.0935	1791.8493	0.0000	1790243.0871
774	2709.0935	1832.3718	0.0000	1792424.8259
775	2709.0935	1822.5961	0.0000	1794660.2991
776	2709.0935	1829.4591	0.0000	1796864.0850
777	2709.0935	1824.6267	0.0000	1799187.7680
778	2709.0935	1875.5269	0.0000	1801410.6135
779	2709.0935	1853.4867	0.0000	1803641.2129
780	2709.0935	1830.0441	0.0000	1805874.0010
781	2709.0935	1926.2600	0.0000	1808092.1686
782	2709.0935	1915.2263	0.0000	1810277.8673
783	2709.0935	1815.1992	0.0000	1812465.3554
784	2709.0935	1859.5533	0.0000	1814629.3375
785	2709.0935	1862.7575	0.0000	1816908.8631
786	2709.0935	1811.0902	0.0000	1819142.3719
787	2709.0935	1817.8865	0.0000	1821419.2572
788	2709.0935	1784.3855	0.0000	1823736.3777
789	2709.0935	1809.8018	0.0000	1825952.5192
790	2709.0935	1845.8121	0.0000	1828214.5483
791	2709.0935	1830.4618	0.0000	1830400.3787
792	2709.0935	1839.1743	0.0000	1832652.2515
793	2709.0935	1859.1863	0.0000	1834818.1653
794	2709.0935	1834.5383	0.0000	1837046.9844
795	2709.0935	1838.9945	0.0000	1839335.6981
796	2709.0935	1815.3169	0.0000	1841604.0118
797	2709.0935	1842.6334	0.0000	1843784.1232
798	2709.0935	1833.0983	0.0000	1846009.0468
799	2709.0935	1814.0730	0.0000	1848241.5996
800	2709.0935	1852.3522	0.0000	1850648.6075
801	2709.0935	1890.0037	0.0000	1852930.2058
802	2709.0935	1826.5728	0.0000	1855176.7108
803	2709.0935	1797.4813	0.0000	1857375.5713
804	2709.0935	1885.3097	0.0000	1859585.1548
805	2709.0935	1860.3091	0.0000	1861784.7300
806	2709.0935	1832.3815	0.0000	1863967.9310
807	2709.0935	1825.2799	0.0000	1866192.4138
808	2709.0935	1791.9223	0.0000	1868448.1950
809	2709.0935	1788.3763	0.0000	1870599.8440
810	2709.0935	1871.7436	0.0000	1872837.5897
811	2709.0935	1796.6043	0.0000	1875063.2160
812	2709.0935	1843.7756	0.0000	1877250.0095
813	2709.0935	1869.5766	0.0000	1879446.5928
814	2709.0935	1843.4430	0.0000	1881669.2536
815	2709.0935	1850.8691	0.0000	1883929.4271
816	2709.0935	1817.4385	0.0000	1886158.2696
817	2709.0935	1757.8143	0.0000	1888356.4804
818	2709.0935	1775.6179	0.0000	1890543.9706
819	2709.0935	1808.3860	0.0000	1892733.1924
820	2709.0935	1766.4377	0.0000	1894952.4281
821	2709.0935	1746.2558	0.0000	1897202.9335
822	2709.0935	1716.6723	0.0000	1899433.3606
823	2709.0935	1776.8255	0.0000	1901628.0446
824	2709.0935	1802.6762	0.0000	1903796.9918
825	2709.0935	1822.5063	0.0000	1906006.6271
826	2709.0935	1768.2006	0.0000	1908238.8010
827	2709.0935	1797.0133	0.0000	1910488.8213
828	2709.0935	1788.0081	0.0000	1912648.0565
829	2709.0935	1729.5894	0.0000	1914897.0292
830	2709.0935	1778.3290	0.0000	1917083.4539
831	2709.0935	1704.1777	0.0000	1919286.8454
832	2709.0935	1754.1158	0.0000	1921484.7775
833	2709.0935	1674.6152	0.0000	1923690.8114
834	2709.0935	1767.6912	0.0000	1925912.1749
835	2709.0935	1746.1324	0.0000	1928047.1270
836	2709.0935	1771.1650	0.0000	1930220.6011
837	2709.0935	1739.9780	0.0000	1932458.9937
838	2709.0935	1775.5845	0.0000	1934661.6056
839	2709.0935	1763.0431	0.0000	1936834.4069
840	2709.0935	1751.9333	0.0000	1939012.4557
841	2709.0935	1798.8035	0.0000	1941185.6620
842	2709.0935	1728.9336	0.0000	1943353.0524
843	2709.0935	1763.8862	0.0000	1945565.1703
844	2709.0935	1812.1548	0.0000	1947758.1949
845	2709.0935	1749.5389	0.0000	1949922.4572
846	2709.0935	1804.0036	0.0000	1952159.4267
847	2709.0935	1868.9290	0.0000	1954326.3016
848	2709.0935	1792.3001	0.0000	1956498.0948
849	2709.0935	1832.9270	0.0000	1958746.7763
850	2709.0935	1773.7870	0.0000	1960955.4846
851	2709.0935	1733.8610	0.0000	1963215.5807
852	2709.0935	1823.3932	0.0000	1965431.1428
853	2709.0935	1788.0102	0.0000	1967652.1723
854	2709.0935	1738.9072	0.0000	1969871.3961
855	2709.0935	1695.9462	0.0000	1972088.8412
856	2709.0935	1786.8951	0.0000	1974323.4322
857	2709.0935	1780.7071	0.0000	1976604.5909
858	2709.0935	1823.6319	0.0000	1978792.9068
859	2709.0935	1810.4451	0.0000	1981011.1263
860	2709.0935	1746.8747	0.0000	1983164.5744
861	2709.0935	1709.8896	0.0000	1985418.5615
862	2709.0935	1722.4303	0.0000	1987665.7748
863	2709.0935	1749.5233	0.0000	1989889.2214
864	2709.0935	1772.7302	0.0000	1992061.6930
865	2709.0935	1842.6500	0.0000	1994271.3943
866	2709.0935	1691.2292	0.0000	1996516.1152
867	2709.0935	1680.6198	0.0000	1998747.6692
868	2709.0935	1710.5980	0.0000	2000926.7626
869	2709.0935	1719.7169	0.0000	2003190.3474
870	2709.0935	1677.6356	0.0000	2005399.4892
871	2709.0935	1673.5502	0.0000	2007621.0985
872	2709.0935	1697.3309	0.0000	2009858.4311
873	2709.0935	1759.8904	0.0000	2012091.7392
874	2709.0935	1656.3071	0.0000	2014305.0611
875	2709.0935	1713.2603	0.0000	2016554.1637
876	2709.0935	1723.1411	0.0000	2018772.6777
877	2709.0935	1723.8493	0.0000	2020940.6292
878	2709.0935	1694.3794	0.0000	2023182.4205
879	2709.0935	1686.0454	0.0000	2025361.9018
880	2709.0935	1684.7917	0.0000	2027564.0180
881	2709.0935	1685.5570	0.0000	2029746.3665
882	2709.0935	1602.1748	0.0000	2031983.6111
883	2709.0935	1704.3391	0.0000	2034256.0668
884	2709.0935	1627.4498	0.0000	2036445.9422
885	2709.0935	1728.9902	0.0000	2038695.1480
886	2709.0935	1674.0284	0.0000	2040926.6887
887	2709.0935	1723.9823	0.0000	2043190.0506
888	2709.0935	1605.4234	0.0000	2045380.9645
889	2709.0935	1643.3531	0.0000	2047626.1003
890	2709.0935	1656.8009	0.0000	2049852.0014
891	2709.0935	1620.8824	0.0000	2052027.9551
892	2709.0935	1605.7547	0.0000	2054280.6141
893	2709.0935	1775.8896	0.0000	2056495.3637
894	2709.0935	1707.9249	0.0000	2058695.1666
895	2709.0935	1719.7473	0.0000	2060861.8977
896	2709.0935	1739.7053	0.0000	2063117.0111
897	2709.0935	1726.1016	0.0000	2065272.5537
898	2709.0935	1647.2549	0.0000	2067520.8762
899	2709.0935	1720.1551	0.0000	2071918.2465
900	2709.0935	1690.8706	0.0000	2077405.2358
901	2709.0935	1721.5843	0.0000	2079654.6414
902	2709.0935	1739.0168	0.0000	2081925.3309
903	2709.0935	1684.5985	0.0000	2084141.0587
904	2709.0935	1669.8153	0.0000	2086292.1207
905	2709.0935	1737.9504	0.0000	2088494.8502
906	2709.0935	1784.8977	0.0000	2090694.4864
907	2709.0935	1763.2623	0.0000	2092903.2378
908	2709.0935	1754.6994	0.0000	2095039.0742
909	2709.0935	1833.1846	0.0000	2097202.0373
910	2709.0935	1673.0432	0.0000	2099357.6169
911	2709.0935	1634.8433	0.0000	2101558.1615
912	2709.0935	1619.6654	0.0000	2103713.4430
913	2709.0935	1705.7010	0.0000	2105879.2272
914	2709.0935	1720.6025	0.0000	2108082.4234
915	2709.0935	1702.0073	0.0000	2110261.3196
916	2709.0935	1769.5295	0.0000	2112410.0335
917	2709.0935	1739.2945	0.0000	2114627.1632
918	2709.0935	1781.0062	0.0000	2116886.2069
919	2709.0935	1764.9867	0.0000	2119159.1001
920	2709.0935	1714.4064	0.0000	2121389.8423
921	2709.0935	1692.1722	0.0000	2123592.4335
922	2709.0935	1670.5543	0.0000	2125798.1110
923	2709.0935	1745.2427	0.0000	2128058.9659
924	2709.0935	1748.6197	0.0000	2130264.8787
925	2709.0935	1756.9086	0.0000	2132452.8184
926	2709.0935	1773.5725	0.0000	2134618.9685
927	2709.0935	1820.9674	0.0000	2136791.6417
928	2709.0935	1679.3482	0.0000	2138959.2924
929	2709.0935	1774.8929	0.0000	2141084.1570
930	2709.0935	1760.5954	0.0000	2143284.0307
931	2709.0935	1807.7966	0.0000	2145549.1793
932	2709.0935	1723.4717	0.0000	2147731.3707
933	2709.0935	1753.4559	0.0000	2149939.0814
934	2709.0935	1844.5145	0.0000	2152139.2288
935	2709.0935	1785.6192	0.0000	2154361.2604
936	2709.0935	1832.7880	0.0000	2156535.3751
937	2709.0935	1669.1441	0.0000	2158734.5703
938	2709.0935	1710.3476	0.0000	2160903.9471
939	2709.0935	1722.7468	0.0000	2163119.3345
940	2709.0935	1698.8668	0.0000	2165371.9919
941	2709.0935	1649.5165	0.0000	2167585.1831
942	2709.0935	1700.7584	0.0000	2169758.9371
943	2709.0935	1681.7405	0.0000	2171937.5165
944	2709.0935	1662.3646	0.0000	2174114.7752
945	2709.0935	1746.2050	0.0000	2176399.0538
946	2709.0935	1646.5804	0.0000	2178663.2769
947	2709.0935	1646.4512	0.0000	2180857.8272
948	2709.0935	1684.9326	0.0000	2183053.5042
949	2709.0935	1694.7052	0.0000	2185278.4841
950	2709.0935	1687.6899	0.0000	2187562.3560
951	2709.0935	1767.1949	0.0000	2189760.0698
952	2709.0935	1704.6791	0.0000	2191992.8963
953	2709.0935	1728.4714	0.0000	2194199.2943
954	2709.0935	1719.2957	0.0000	2196431.7493
955	2709.0935	1723.8647	0.0000	2198683.6712
956	2709.0935	1716.5383	0.0000	2200898.5777
957	2709.0935	1705.7840	0.0000	2203063.9844
958	2709.0935	1701.4244	0.0000	2205306.0391
959	2709.0935	1672.8749	0.0000	2207597.8258
960	2709.0935	1708.6560	0.0000	2209835.1283
961	2709.0935	1652.7227	0.0000	2212100.8971
962	2709.0935	1617.8810	0.0000	2214249.0122
963	2709.0935	1714.4907	0.0000	2216468.1592
964	2709.0935	1694.4555	0.0000	2218616.3251
965	2709.0935	1684.9082	0.0000	2220775.7347
966	2709.0935	1639.4023	0.0000	2222967.7386
967	2709.0935	1704.7401	0.0000	2225189.5554
968	2709.0935	1694.7382	0.0000	2227356.7641
969	2709.0935	1665.5826	0.0000	2229525.3439
970	2709.0935	1703.0000	0.0000	2231734.0989
971	2709.0935	1617.2036	0.0000	2233949.0254
972	2709.0935	1632.1971	0.0000	2236201.5891
973	2709.0935	1679.7873	0.0000	2238408.6208
974	2709.0935	1730.2889	0.0000	2240748.7092
975	2709.0935	1780.1094	0.0000	2242905.1809
976	2709.0935	1679.7715	0.0000	2245129.1528
977	2709.0935	1694.8135	0.0000	2247338.9101
978	2709.0935	1704.5709	0.0000	2249543.3600
979	2709.0935	1654.3885	0.0000	2251724.5977
980	2709.0935	1671.6975	0.0000	2253984.0326
981	2709.0935	1703.8607	0.0000	2256237.3979
982	2709.0935	1681.1356	0.0000	2258418.0975
983	2709.0935	1727.9427	0.0000	2260645.9463
984	2709.0935	1712.3105	0.0000	2262825.2306
985	2709.0935	1748.4949	0.0000	2265064.2326
986	2709.0935	1707.9976	0.0000	2267223.6433
987	2709.0935	1737.3523	0.0000	2269521.1582
988	2709.0935	1726.7207	0.0000	2271928.3645
989	2709.0935	1739.4366	0.0000	2274697.4366
990	2709.0935	1709.7746	0.0000	2277422.5941
991	2709.0935	1720.7649	0.0000	2280274.3461
992	2709.0935	1665.7635	0.0000	2283091.8405
993	2709.0935	1669.2116	0.0000	2285648.7920
994	2709.0935	1718.6219	0.0000	2288043.9837
995	2709.0935	1726.6258	0.0000	2290263.3996
996	2709.0935	1668.3958	0.0000	2292646.5764
997	2709.0935	1687.2686	0.0000	2295002.4586
998	2709.0935	1711.9968	0.0000	2297585.6259
999	2709.0935	1656.4216	0.0000	2300439.1699
Pos: [-7.083506398430337, -1.4251278698362104, -0.8003207530452189]

=================================================================================================================