ID: vincent	Date: 2019-05-03 13:54:55	Runs: 1
=================================================================================================================
Run: 0
Iter	Gbest	AvrFit	Diver	ETime	
0	0.9550	0.3205	0.0000	0.0008
1	0.9680	0.3476	0.0000	0.0014
2	0.9680	0.4097	0.0000	0.0022
3	0.9957	0.4816	0.0000	0.0030
4	0.9957	0.5589	0.0000	0.0037
5	0.9962	0.6177	0.0000	0.0043
6	0.9962	0.6412	0.0000	0.0051
7	0.9962	0.6855	0.0000	0.0058
8	0.9962	0.7269	0.0000	0.0065
9	0.9980	0.6975	0.0000	0.0071
10	0.9980	0.7276	0.0000	0.0078
11	0.9988	0.7525	0.0000	0.0085
12	0.9988	0.7899	0.0000	0.0092
13	0.9988	0.7925	0.0000	0.0098
14	0.9993	0.8215	0.0000	0.0104
15	0.9993	0.8667	0.0000	0.0110
16	0.9993	0.8325	0.0000	0.0117
17	0.9993	0.8296	0.0000	0.0123
18	0.9994	0.8382	0.0000	0.0129
19	0.9994	0.8656	0.0000	0.0136
20	0.9995	0.8606	0.0000	0.0143
21	0.9995	0.8647	0.0000	0.0150
22	0.9998	0.8827	0.0000	0.0156
23	1.0000	0.8879	0.0000	0.0162
24	1.0000	0.8995	0.0000	0.0168
25	1.0000	0.9113	0.0000	0.0177
26	1.0000	0.8953	0.0000	0.0184
27	1.0000	0.9113	0.0000	0.0191
28	1.0000	0.9118	0.0000	0.0197
29	1.0000	0.9132	0.0000	0.0204
30	1.0000	0.9288	0.0000	0.0210
31	1.0000	0.9066	0.0000	0.0216
32	1.0000	0.9066	0.0000	0.0222
33	1.0000	0.9298	0.0000	0.0230
34	1.0000	0.9365	0.0000	0.0237
35	1.0000	0.9127	0.0000	0.0244
36	1.0000	0.9269	0.0000	0.0250
37	1.0000	0.9283	0.0000	0.0256
38	1.0000	0.9262	0.0000	0.0263
39	1.0000	0.9250	0.0000	0.0269
40	1.0000	0.9214	0.0000	0.0275
41	1.0000	0.9249	0.0000	0.0281
42	1.0000	0.9311	0.0000	0.0287
43	1.0000	0.9400	0.0000	0.0293
44	1.0000	0.9471	0.0000	0.0299
45	1.0000	0.9562	0.0000	0.0305
46	1.0000	0.9512	0.0000	0.0311
47	1.0000	0.9346	0.0000	0.0319
48	1.0000	0.9218	0.0000	0.0326
49	1.0000	0.9158	0.0000	0.0335
50	1.0000	0.9214	0.0000	0.0342
51	1.0000	0.9223	0.0000	0.0350
52	1.0000	0.9253	0.0000	0.0357
53	1.0000	0.9286	0.0000	0.0363
54	1.0000	0.9246	0.0000	0.0371
55	1.0000	0.9343	0.0000	0.0377
56	1.0000	0.9239	0.0000	0.0384
57	1.0000	0.9306	0.0000	0.0391
58	1.0000	0.9365	0.0000	0.0401
59	1.0000	0.9379	0.0000	0.0410
60	1.0000	0.9382	0.0000	0.0417
61	1.0000	0.9194	0.0000	0.0424
62	1.0000	0.9098	0.0000	0.0432
63	1.0000	0.8938	0.0000	0.0439
64	1.0000	0.9073	0.0000	0.0446
65	1.0000	0.8719	0.0000	0.0454
66	1.0000	0.8940	0.0000	0.0462
67	1.0000	0.9217	0.0000	0.0469
68	1.0000	0.9196	0.0000	0.0476
69	1.0000	0.8916	0.0000	0.0488
70	1.0000	0.8958	0.0000	0.0495
71	1.0000	0.8631	0.0000	0.0502
72	1.0000	0.8879	0.0000	0.0509
73	1.0000	0.9085	0.0000	0.0517
74	1.0000	0.8877	0.0000	0.0524
75	1.0000	0.8839	0.0000	0.0532
76	1.0000	0.9222	0.0000	0.0539
77	1.0000	0.8806	0.0000	0.0546
78	1.0000	0.9212	0.0000	0.0553
79	1.0000	0.9036	0.0000	0.0561
80	1.0000	0.9195	0.0000	0.0568
81	1.0000	0.9153	0.0000	0.0575
82	1.0000	0.9247	0.0000	0.0582
83	1.0000	0.9277	0.0000	0.0590
84	1.0000	0.9288	0.0000	0.0597
85	1.0000	0.9340	0.0000	0.0605
86	1.0000	0.9286	0.0000	0.0611
87	1.0000	0.9149	0.0000	0.0618
88	1.0000	0.9195	0.0000	0.0625
89	1.0000	0.9287	0.0000	0.0632
90	1.0000	0.9440	0.0000	0.0640
91	1.0000	0.9245	0.0000	0.0649
92	1.0000	0.9387	0.0000	0.0656
93	1.0000	0.9343	0.0000	0.0663
94	1.0000	0.9557	0.0000	0.0670
95	1.0000	0.9162	0.0000	0.0676
96	1.0000	0.9470	0.0000	0.0683
97	1.0000	0.9212	0.0000	0.0689
98	1.0000	0.9288	0.0000	0.0696
99	1.0000	0.9095	0.0000	0.0702
100	1.0000	0.9105	0.0000	0.0710
101	1.0000	0.9301	0.0000	0.0719
102	1.0000	0.9278	0.0000	0.0727
103	1.0000	0.8962	0.0000	0.0734
104	1.0000	0.9401	0.0000	0.0741
105	1.0000	0.9232	0.0000	0.0748
106	1.0000	0.9382	0.0000	0.0755
107	1.0000	0.9446	0.0000	0.0761
108	1.0000	0.8680	0.0000	0.0768
109	1.0000	0.8678	0.0000	0.0776
110	1.0000	0.8876	0.0000	0.0783
111	1.0000	0.8893	0.0000	0.0790
112	1.0000	0.9095	0.0000	0.0796
113	1.0000	0.9076	0.0000	0.0803
114	1.0000	0.9086	0.0000	0.0812
115	1.0000	0.9085	0.0000	0.0821
116	1.0000	0.9229	0.0000	0.0830
117	1.0000	0.9149	0.0000	0.0837
118	1.0000	0.9026	0.0000	0.0844
119	1.0000	0.9108	0.0000	0.0850
120	1.0000	0.9286	0.0000	0.0857
121	1.0000	0.9361	0.0000	0.0865
122	1.0000	0.9199	0.0000	0.0873
123	1.0000	0.9495	0.0000	0.0882
124	1.0000	0.9436	0.0000	0.0889
125	1.0000	0.9185	0.0000	0.0895
126	1.0000	0.9312	0.0000	0.0902
127	1.0000	0.9404	0.0000	0.0909
128	1.0000	0.9243	0.0000	0.0916
129	1.0000	0.9350	0.0000	0.0922
130	1.0000	0.9384	0.0000	0.0930
131	1.0000	0.9399	0.0000	0.0937
132	1.0000	0.8874	0.0000	0.0943
133	1.0000	0.9324	0.0000	0.0949
134	1.0000	0.9266	0.0000	0.0956
135	1.0000	0.9193	0.0000	0.0963
136	1.0000	0.9213	0.0000	0.0970
137	1.0000	0.9314	0.0000	0.0976
138	1.0000	0.9237	0.0000	0.0982
139	1.0000	0.9226	0.0000	0.0989
140	1.0000	0.9214	0.0000	0.0996
141	1.0000	0.9457	0.0000	0.1003
142	1.0000	0.9303	0.0000	0.1009
143	1.0000	0.9265	0.0000	0.1016
144	1.0000	0.8969	0.0000	0.1022
145	1.0000	0.9219	0.0000	0.1029
146	1.0000	0.9196	0.0000	0.1035
147	1.0000	0.9324	0.0000	0.1041
148	1.0000	0.9296	0.0000	0.1048
149	1.0000	0.9197	0.0000	0.1054
150	1.0000	0.9200	0.0000	0.1060
151	1.0000	0.8906	0.0000	0.1067
152	1.0000	0.9338	0.0000	0.1074
153	1.0000	0.9117	0.0000	0.1080
154	1.0000	0.9131	0.0000	0.1087
155	1.0000	0.9165	0.0000	0.1094
156	1.0000	0.9366	0.0000	0.1100
157	1.0000	0.8945	0.0000	0.1107
158	1.0000	0.8971	0.0000	0.1113
159	1.0000	0.8962	0.0000	0.1120
160	1.0000	0.8888	0.0000	0.1126
161	1.0000	0.8282	0.0000	0.1133
162	1.0000	0.8604	0.0000	0.1139
163	1.0000	0.8538	0.0000	0.1146
164	1.0000	0.8903	0.0000	0.1153
165	1.0000	0.8855	0.0000	0.1159
166	1.0000	0.9076	0.0000	0.1166
167	1.0000	0.8999	0.0000	0.1172
168	1.0000	0.8892	0.0000	0.1180
169	1.0000	0.8868	0.0000	0.1187
170	1.0000	0.9146	0.0000	0.1193
171	1.0000	0.8942	0.0000	0.1200
172	1.0000	0.9037	0.0000	0.1207
173	1.0000	0.8926	0.0000	0.1213
174	1.0000	0.9031	0.0000	0.1219
175	1.0000	0.9017	0.0000	0.1226
176	1.0000	0.8924	0.0000	0.1232
177	1.0000	0.8799	0.0000	0.1238
178	1.0000	0.9030	0.0000	0.1245
179	1.0000	0.9290	0.0000	0.1251
180	1.0000	0.8999	0.0000	0.1257
181	1.0000	0.9280	0.0000	0.1264
182	1.0000	0.9319	0.0000	0.1270
183	1.0000	0.9299	0.0000	0.1277
184	1.0000	0.9254	0.0000	0.1283
185	1.0000	0.9510	0.0000	0.1289
186	1.0000	0.9388	0.0000	0.1296
187	1.0000	0.9263	0.0000	0.1302
188	1.0000	0.9593	0.0000	0.1310
189	1.0000	0.9458	0.0000	0.1316
190	1.0000	0.9184	0.0000	0.1324
191	1.0000	0.9387	0.0000	0.1332
192	1.0000	0.9380	0.0000	0.1340
193	1.0000	0.9171	0.0000	0.1347
194	1.0000	0.9382	0.0000	0.1353
195	1.0000	0.9539	0.0000	0.1360
196	1.0000	0.9294	0.0000	0.1366
197	1.0000	0.9206	0.0000	0.1374
198	1.0000	0.9020	0.0000	0.1381
199	1.0000	0.8835	0.0000	0.1388
200	1.0000	0.8938	0.0000	0.1397
201	1.0000	0.9069	0.0000	0.1409
202	1.0000	0.8574	0.0000	0.1420
203	1.0000	0.8988	0.0000	0.1427
204	1.0000	0.8697	0.0000	0.1434
205	1.0000	0.8758	0.0000	0.1442
206	1.0000	0.8866	0.0000	0.1449
207	1.0000	0.8594	0.0000	0.1457
208	1.0000	0.8544	0.0000	0.1466
209	1.0000	0.8567	0.0000	0.1474
210	1.0000	0.9064	0.0000	0.1481
211	1.0000	0.8688	0.0000	0.1488
212	1.0000	0.8589	0.0000	0.1494
213	1.0000	0.8975	0.0000	0.1501
214	1.0000	0.8857	0.0000	0.1507
215	1.0000	0.9101	0.0000	0.1513
216	1.0000	0.9207	0.0000	0.1520
217	1.0000	0.8624	0.0000	0.1526
218	1.0000	0.9093	0.0000	0.1532
219	1.0000	0.9285	0.0000	0.1539
220	1.0000	0.9205	0.0000	0.1545
221	1.0000	0.9111	0.0000	0.1551
222	1.0000	0.9198	0.0000	0.1557
223	1.0000	0.9203	0.0000	0.1563
224	1.0000	0.9330	0.0000	0.1570
225	1.0000	0.9349	0.0000	0.1577
226	1.0000	0.9339	0.0000	0.1584
227	1.0000	0.9388	0.0000	0.1591
228	1.0000	0.9411	0.0000	0.1597
229	1.0000	0.9285	0.0000	0.1603
230	1.0000	0.9454	0.0000	0.1610
231	1.0000	0.9305	0.0000	0.1616
232	1.0000	0.9337	0.0000	0.1622
233	1.0000	0.9337	0.0000	0.1629
234	1.0000	0.9542	0.0000	0.1636
235	1.0000	0.9568	0.0000	0.1643
236	1.0000	0.9548	0.0000	0.1649
237	1.0000	0.9499	0.0000	0.1656
238	1.0000	0.9630	0.0000	0.1662
239	1.0000	0.9471	0.0000	0.1668
240	1.0000	0.9543	0.0000	0.1674
241	1.0000	0.9535	0.0000	0.1681
242	1.0000	0.9426	0.0000	0.1687
243	1.0000	0.9237	0.0000	0.1693
244	1.0000	0.9140	0.0000	0.1699
245	1.0000	0.8991	0.0000	0.1705
246	1.0000	0.9197	0.0000	0.1711
247	1.0000	0.9311	0.0000	0.1718
248	1.0000	0.9134	0.0000	0.1724
249	1.0000	0.9149	0.0000	0.1730
250	1.0000	0.8936	0.0000	0.1736
251	1.0000	0.9292	0.0000	0.1742
252	1.0000	0.9072	0.0000	0.1748
253	1.0000	0.9254	0.0000	0.1754
254	1.0000	0.9284	0.0000	0.1761
255	1.0000	0.9343	0.0000	0.1767
256	1.0000	0.9055	0.0000	0.1773
257	1.0000	0.9280	0.0000	0.1779
258	1.0000	0.9371	0.0000	0.1786
259	1.0000	0.9567	0.0000	0.1792
260	1.0000	0.9410	0.0000	0.1798
261	1.0000	0.9262	0.0000	0.1804
262	1.0000	0.9265	0.0000	0.1810
263	1.0000	0.9332	0.0000	0.1817
264	1.0000	0.9534	0.0000	0.1823
265	1.0000	0.9493	0.0000	0.1829
266	1.0000	0.9599	0.0000	0.1835
267	1.0000	0.9550	0.0000	0.1841
268	1.0000	0.9519	0.0000	0.1848
269	1.0000	0.9377	0.0000	0.1854
270	1.0000	0.9387	0.0000	0.1860
271	1.0000	0.9177	0.0000	0.1866
272	1.0000	0.8764	0.0000	0.1872
273	1.0000	0.9162	0.0000	0.1879
274	1.0000	0.9161	0.0000	0.1885
275	1.0000	0.9176	0.0000	0.1891
276	1.0000	0.8669	0.0000	0.1897
277	1.0000	0.9061	0.0000	0.1904
278	1.0000	0.9016	0.0000	0.1911
279	1.0000	0.9288	0.0000	0.1917
280	1.0000	0.9201	0.0000	0.1924
281	1.0000	0.9078	0.0000	0.1930
282	1.0000	0.8919	0.0000	0.1936
283	1.0000	0.8653	0.0000	0.1943
284	1.0000	0.8399	0.0000	0.1949
285	1.0000	0.9091	0.0000	0.1956
286	1.0000	0.8577	0.0000	0.1962
287	1.0000	0.8687	0.0000	0.1968
288	1.0000	0.9050	0.0000	0.1975
289	1.0000	0.8884	0.0000	0.1981
290	1.0000	0.8936	0.0000	0.1987
291	1.0000	0.8951	0.0000	0.1994
292	1.0000	0.9150	0.0000	0.2000
293	1.0000	0.9126	0.0000	0.2006
294	1.0000	0.9076	0.0000	0.2012
295	1.0000	0.9238	0.0000	0.2019
296	1.0000	0.9258	0.0000	0.2025
297	1.0000	0.9347	0.0000	0.2031
298	1.0000	0.9251	0.0000	0.2037
299	1.0000	0.9135	0.0000	0.2043
300	1.0000	0.9288	0.0000	0.2049
301	1.0000	0.9246	0.0000	0.2055
302	1.0000	0.9359	0.0000	0.2062
303	1.0000	0.9189	0.0000	0.2068
304	1.0000	0.9222	0.0000	0.2075
305	1.0000	0.9317	0.0000	0.2081
306	1.0000	0.9232	0.0000	0.2087
307	1.0000	0.9148	0.0000	0.2093
308	1.0000	0.9094	0.0000	0.2099
309	1.0000	0.9265	0.0000	0.2106
310	1.0000	0.9499	0.0000	0.2112
311	1.0000	0.9373	0.0000	0.2118
312	1.0000	0.9394	0.0000	0.2124
313	1.0000	0.9501	0.0000	0.2130
314	1.0000	0.9673	0.0000	0.2136
315	1.0000	0.9582	0.0000	0.2143
316	1.0000	0.9513	0.0000	0.2149
317	1.0000	0.9449	0.0000	0.2155
318	1.0000	0.9532	0.0000	0.2162
319	1.0000	0.9043	0.0000	0.2168
320	1.0000	0.9133	0.0000	0.2174
321	1.0000	0.9095	0.0000	0.2180
322	1.0000	0.9222	0.0000	0.2186
323	1.0000	0.9127	0.0000	0.2193
324	1.0000	0.9268	0.0000	0.2199
325	1.0000	0.9281	0.0000	0.2205
326	1.0000	0.9455	0.0000	0.2211
327	1.0000	0.9218	0.0000	0.2217
328	1.0000	0.9177	0.0000	0.2223
329	1.0000	0.9416	0.0000	0.2230
330	1.0000	0.9181	0.0000	0.2236
331	1.0000	0.9227	0.0000	0.2243
332	1.0000	0.9325	0.0000	0.2249
333	1.0000	0.9251	0.0000	0.2255
334	1.0000	0.9414	0.0000	0.2261
335	1.0000	0.9393	0.0000	0.2268
336	1.0000	0.9220	0.0000	0.2274
337	1.0000	0.9029	0.0000	0.2281
338	1.0000	0.9013	0.0000	0.2289
339	1.0000	0.8749	0.0000	0.2296
340	1.0000	0.8910	0.0000	0.2302
341	1.0000	0.9126	0.0000	0.2309
342	1.0000	0.9219	0.0000	0.2315
343	1.0000	0.9163	0.0000	0.2321
344	1.0000	0.9150	0.0000	0.2327
345	1.0000	0.9126	0.0000	0.2333
346	1.0000	0.9443	0.0000	0.2340
347	1.0000	0.9450	0.0000	0.2346
348	1.0000	0.9380	0.0000	0.2352
349	1.0000	0.9430	0.0000	0.2358
350	1.0000	0.9267	0.0000	0.2365
351	1.0000	0.9519	0.0000	0.2371
352	1.0000	0.9240	0.0000	0.2377
353	1.0000	0.9567	0.0000	0.2383
354	1.0000	0.9503	0.0000	0.2389
355	1.0000	0.9424	0.0000	0.2395
356	1.0000	0.9564	0.0000	0.2402
357	1.0000	0.9318	0.0000	0.2408
358	1.0000	0.9283	0.0000	0.2414
359	1.0000	0.9284	0.0000	0.2420
360	1.0000	0.9345	0.0000	0.2427
361	1.0000	0.9417	0.0000	0.2433
362	1.0000	0.9447	0.0000	0.2439
363	1.0000	0.9483	0.0000	0.2445
364	1.0000	0.9232	0.0000	0.2452
365	1.0000	0.9277	0.0000	0.2458
366	1.0000	0.9334	0.0000	0.2464
367	1.0000	0.9461	0.0000	0.2470
368	1.0000	0.9305	0.0000	0.2476
369	1.0000	0.9098	0.0000	0.2482
370	1.0000	0.9244	0.0000	0.2488
371	1.0000	0.9319	0.0000	0.2495
372	1.0000	0.9188	0.0000	0.2501
373	1.0000	0.9289	0.0000	0.2506
374	1.0000	0.9423	0.0000	0.2513
375	1.0000	0.9253	0.0000	0.2519
376	1.0000	0.9689	0.0000	0.2525
377	1.0000	0.9182	0.0000	0.2531
378	1.0000	0.9368	0.0000	0.2537
379	1.0000	0.9148	0.0000	0.2543
380	1.0000	0.9342	0.0000	0.2550
381	1.0000	0.9101	0.0000	0.2556
382	1.0000	0.9086	0.0000	0.2562
383	1.0000	0.9356	0.0000	0.2568
384	1.0000	0.9584	0.0000	0.2574
385	1.0000	0.9191	0.0000	0.2581
386	1.0000	0.9178	0.0000	0.2587
387	1.0000	0.9427	0.0000	0.2593
388	1.0000	0.9442	0.0000	0.2599
389	1.0000	0.9307	0.0000	0.2605
390	1.0000	0.9343	0.0000	0.2611
391	1.0000	0.9332	0.0000	0.2618
392	1.0000	0.9551	0.0000	0.2624
393	1.0000	0.9248	0.0000	0.2630
394	1.0000	0.9317	0.0000	0.2636
395	1.0000	0.9563	0.0000	0.2642
396	1.0000	0.9385	0.0000	0.2649
397	1.0000	0.9441	0.0000	0.2655
398	1.0000	0.9267	0.0000	0.2661
399	1.0000	0.9375	0.0000	0.2667
400	1.0000	0.9444	0.0000	0.2673
401	1.0000	0.9230	0.0000	0.2679
402	1.0000	0.9424	0.0000	0.2686
403	1.0000	0.9383	0.0000	0.2692
404	1.0000	0.9348	0.0000	0.2698
405	1.0000	0.9278	0.0000	0.2704
406	1.0000	0.9110	0.0000	0.2710
407	1.0000	0.9224	0.0000	0.2717
408	1.0000	0.8775	0.0000	0.2723
409	1.0000	0.8979	0.0000	0.2729
410	1.0000	0.9024	0.0000	0.2735
411	1.0000	0.8960	0.0000	0.2742
412	1.0000	0.9220	0.0000	0.2748
413	1.0000	0.8931	0.0000	0.2754
414	1.0000	0.9134	0.0000	0.2760
415	1.0000	0.9225	0.0000	0.2767
416	1.0000	0.9171	0.0000	0.2773
417	1.0000	0.9184	0.0000	0.2779
418	1.0000	0.9288	0.0000	0.2785
419	1.0000	0.9354	0.0000	0.2791
420	1.0000	0.9253	0.0000	0.2798
421	1.0000	0.8941	0.0000	0.2804
422	1.0000	0.9116	0.0000	0.2810
423	1.0000	0.9116	0.0000	0.2816
424	1.0000	0.9178	0.0000	0.2822
425	1.0000	0.9159	0.0000	0.2828
426	1.0000	0.9190	0.0000	0.2835
427	1.0000	0.9209	0.0000	0.2841
428	1.0000	0.9036	0.0000	0.2847
429	1.0000	0.9328	0.0000	0.2853
430	1.0000	0.9317	0.0000	0.2860
431	1.0000	0.9265	0.0000	0.2866
432	1.0000	0.9351	0.0000	0.2872
433	1.0000	0.9398	0.0000	0.2878
434	1.0000	0.9163	0.0000	0.2884
435	1.0000	0.9145	0.0000	0.2890
436	1.0000	0.9131	0.0000	0.2896
437	1.0000	0.9086	0.0000	0.2903
438	1.0000	0.9589	0.0000	0.2909
439	1.0000	0.9238	0.0000	0.2915
440	1.0000	0.9181	0.0000	0.2922
441	1.0000	0.9198	0.0000	0.2928
442	1.0000	0.9314	0.0000	0.2934
443	1.0000	0.9299	0.0000	0.2940
444	1.0000	0.9397	0.0000	0.2946
445	1.0000	0.9468	0.0000	0.2953
446	1.0000	0.9453	0.0000	0.2959
447	1.0000	0.9548	0.0000	0.2965
448	1.0000	0.9393	0.0000	0.2972
449	1.0000	0.9420	0.0000	0.2978
450	1.0000	0.9333	0.0000	0.2984
451	1.0000	0.9547	0.0000	0.2990
452	1.0000	0.9362	0.0000	0.2996
453	1.0000	0.9639	0.0000	0.3002
454	1.0000	0.9496	0.0000	0.3009
455	1.0000	0.9433	0.0000	0.3015
456	1.0000	0.9562	0.0000	0.3021
457	1.0000	0.9587	0.0000	0.3027
458	1.0000	0.9508	0.0000	0.3033
459	1.0000	0.9639	0.0000	0.3039
460	1.0000	0.9440	0.0000	0.3045
461	1.0000	0.9544	0.0000	0.3052
462	1.0000	0.9478	0.0000	0.3058
463	1.0000	0.9738	0.0000	0.3064
464	1.0000	0.9563	0.0000	0.3070
465	1.0000	0.9496	0.0000	0.3076
466	1.0000	0.9429	0.0000	0.3082
467	1.0000	0.9321	0.0000	0.3089
468	1.0000	0.9396	0.0000	0.3095
469	1.0000	0.9547	0.0000	0.3101
470	1.0000	0.9329	0.0000	0.3107
471	1.0000	0.9220	0.0000	0.3113
472	1.0000	0.9018	0.0000	0.3119
473	1.0000	0.9094	0.0000	0.3125
474	1.0000	0.8968	0.0000	0.3132
475	1.0000	0.9307	0.0000	0.3138
476	1.0000	0.9423	0.0000	0.3144
477	1.0000	0.9285	0.0000	0.3150
478	1.0000	0.9349	0.0000	0.3157
479	1.0000	0.9226	0.0000	0.3163
480	1.0000	0.9331	0.0000	0.3169
481	1.0000	0.9519	0.0000	0.3175
482	1.0000	0.9462	0.0000	0.3181
483	1.0000	0.9416	0.0000	0.3188
484	1.0000	0.9302	0.0000	0.3194
485	1.0000	0.9241	0.0000	0.3200
486	1.0000	0.9520	0.0000	0.3206
487	1.0000	0.9287	0.0000	0.3212
488	1.0000	0.9439	0.0000	0.3218
489	1.0000	0.9417	0.0000	0.3225
490	1.0000	0.9405	0.0000	0.3232
491	1.0000	0.9431	0.0000	0.3239
492	1.0000	0.9416	0.0000	0.3246
493	1.0000	0.9383	0.0000	0.3253
494	1.0000	0.9084	0.0000	0.3259
495	1.0000	0.9248	0.0000	0.3266
496	1.0000	0.9187	0.0000	0.3273
497	1.0000	0.9231	0.0000	0.3280
498	1.0000	0.9251	0.0000	0.3287
499	1.0000	0.9005	0.0000	0.3293
500	1.0000	0.9014	0.0000	0.3299
501	1.0000	0.9254	0.0000	0.3305
502	1.0000	0.9218	0.0000	0.3312
503	1.0000	0.9199	0.0000	0.3318
504	1.0000	0.9192	0.0000	0.3324
505	1.0000	0.9196	0.0000	0.3330
506	1.0000	0.9202	0.0000	0.3336
507	1.0000	0.9415	0.0000	0.3342
508	1.0000	0.9428	0.0000	0.3349
509	1.0000	0.9414	0.0000	0.3355
510	1.0000	0.9416	0.0000	0.3361
511	1.0000	0.9480	0.0000	0.3367
512	1.0000	0.9583	0.0000	0.3375
513	1.0000	0.9581	0.0000	0.3382
514	1.0000	0.9515	0.0000	0.3388
515	1.0000	0.9485	0.0000	0.3394
516	1.0000	0.9437	0.0000	0.3400
517	1.0000	0.9483	0.0000	0.3406
518	1.0000	0.9673	0.0000	0.3412
519	1.0000	0.9481	0.0000	0.3418
520	1.0000	0.9534	0.0000	0.3425
521	1.0000	0.9580	0.0000	0.3431
522	1.0000	0.9358	0.0000	0.3437
523	1.0000	0.9514	0.0000	0.3443
524	1.0000	0.9553	0.0000	0.3449
525	1.0000	0.9606	0.0000	0.3455
526	1.0000	0.9652	0.0000	0.3461
527	1.0000	0.9714	0.0000	0.3467
528	1.0000	0.9626	0.0000	0.3474
529	1.0000	0.9605	0.0000	0.3482
530	1.0000	0.9609	0.0000	0.3490
531	1.0000	0.9603	0.0000	0.3496
532	1.0000	0.9346	0.0000	0.3502
533	1.0000	0.9141	0.0000	0.3508
534	1.0000	0.9126	0.0000	0.3514
535	1.0000	0.9266	0.0000	0.3521
536	1.0000	0.9107	0.0000	0.3527
537	1.0000	0.9218	0.0000	0.3533
538	1.0000	0.9326	0.0000	0.3539
539	1.0000	0.9222	0.0000	0.3545
540	1.0000	0.9202	0.0000	0.3551
541	1.0000	0.9284	0.0000	0.3558
542	1.0000	0.9401	0.0000	0.3564
543	1.0000	0.9293	0.0000	0.3570
544	1.0000	0.9421	0.0000	0.3577
545	1.0000	0.9338	0.0000	0.3583
546	1.0000	0.9376	0.0000	0.3589
547	1.0000	0.9149	0.0000	0.3595
548	1.0000	0.9065	0.0000	0.3601
549	1.0000	0.9147	0.0000	0.3607
550	1.0000	0.9236	0.0000	0.3613
551	1.0000	0.9197	0.0000	0.3619
552	1.0000	0.8949	0.0000	0.3625
553	1.0000	0.9340	0.0000	0.3631
554	1.0000	0.9269	0.0000	0.3637
555	1.0000	0.9042	0.0000	0.3644
556	1.0000	0.9310	0.0000	0.3650
557	1.0000	0.9571	0.0000	0.3656
558	1.0000	0.9362	0.0000	0.3662
559	1.0000	0.9411	0.0000	0.3668
560	1.0000	0.9212	0.0000	0.3674
561	1.0000	0.9456	0.0000	0.3680
562	1.0000	0.9469	0.0000	0.3686
563	1.0000	0.9479	0.0000	0.3692
564	1.0000	0.9434	0.0000	0.3699
565	1.0000	0.9318	0.0000	0.3705
566	1.0000	0.9436	0.0000	0.3711
567	1.0000	0.9263	0.0000	0.3717
568	1.0000	0.9363	0.0000	0.3724
569	1.0000	0.9316	0.0000	0.3730
570	1.0000	0.9060	0.0000	0.3736
571	1.0000	0.9164	0.0000	0.3743
572	1.0000	0.9377	0.0000	0.3749
573	1.0000	0.9332	0.0000	0.3755
574	1.0000	0.9200	0.0000	0.3761
575	1.0000	0.9346	0.0000	0.3767
576	1.0000	0.9306	0.0000	0.3774
577	1.0000	0.9510	0.0000	0.3780
578	1.0000	0.9343	0.0000	0.3786
579	1.0000	0.9383	0.0000	0.3792
580	1.0000	0.9245	0.0000	0.3798
581	1.0000	0.9285	0.0000	0.3804
582	1.0000	0.9279	0.0000	0.3811
583	1.0000	0.9267	0.0000	0.3817
584	1.0000	0.9224	0.0000	0.3823
585	1.0000	0.8762	0.0000	0.3829
586	1.0000	0.8911	0.0000	0.3835
587	1.0000	0.9034	0.0000	0.3841
588	1.0000	0.9056	0.0000	0.3848
589	1.0000	0.9110	0.0000	0.3854
590	1.0000	0.9341	0.0000	0.3860
591	1.0000	0.8868	0.0000	0.3866
592	1.0000	0.9081	0.0000	0.3872
593	1.0000	0.9206	0.0000	0.3878
594	1.0000	0.9159	0.0000	0.3885
595	1.0000	0.9295	0.0000	0.3892
596	1.0000	0.9201	0.0000	0.3900
597	1.0000	0.9103	0.0000	0.3907
598	1.0000	0.9357	0.0000	0.3913
599	1.0000	0.9467	0.0000	0.3920
600	1.0000	0.9370	0.0000	0.3926
601	1.0000	0.9348	0.0000	0.3932
602	1.0000	0.9612	0.0000	0.3939
603	1.0000	0.9033	0.0000	0.3945
604	1.0000	0.9376	0.0000	0.3951
605	1.0000	0.9236	0.0000	0.3957
606	1.0000	0.9337	0.0000	0.3964
607	1.0000	0.9361	0.0000	0.3970
608	1.0000	0.9532	0.0000	0.3976
609	1.0000	0.9266	0.0000	0.3983
610	1.0000	0.9353	0.0000	0.3989
611	1.0000	0.9037	0.0000	0.3995
612	1.0000	0.9381	0.0000	0.4002
613	1.0000	0.9461	0.0000	0.4009
614	1.0000	0.9293	0.0000	0.4016
615	1.0000	0.9241	0.0000	0.4024
616	1.0000	0.9450	0.0000	0.4031
617	1.0000	0.9412	0.0000	0.4037
618	1.0000	0.9196	0.0000	0.4043
619	1.0000	0.9388	0.0000	0.4050
620	1.0000	0.9301	0.0000	0.4056
621	1.0000	0.9378	0.0000	0.4062
622	1.0000	0.9483	0.0000	0.4068
623	1.0000	0.9501	0.0000	0.4074
624	1.0000	0.9301	0.0000	0.4081
625	1.0000	0.9214	0.0000	0.4087
626	1.0000	0.9507	0.0000	0.4093
627	1.0000	0.9308	0.0000	0.4099
628	1.0000	0.9171	0.0000	0.4106
629	1.0000	0.9416	0.0000	0.4112
630	1.0000	0.9289	0.0000	0.4118
631	1.0000	0.9293	0.0000	0.4124
632	1.0000	0.9103	0.0000	0.4131
633	1.0000	0.9019	0.0000	0.4137
634	1.0000	0.9007	0.0000	0.4143
635	1.0000	0.9313	0.0000	0.4149
636	1.0000	0.9175	0.0000	0.4156
637	1.0000	0.9165	0.0000	0.4162
638	1.0000	0.9344	0.0000	0.4168
639	1.0000	0.9264	0.0000	0.4174
640	1.0000	0.9370	0.0000	0.4181
641	1.0000	0.9470	0.0000	0.4187
642	1.0000	0.9259	0.0000	0.4193
643	1.0000	0.9400	0.0000	0.4199
644	1.0000	0.9352	0.0000	0.4205
645	1.0000	0.9461	0.0000	0.4211
646	1.0000	0.9380	0.0000	0.4217
647	1.0000	0.9436	0.0000	0.4223
648	1.0000	0.9668	0.0000	0.4229
649	1.0000	0.9422	0.0000	0.4236
650	1.0000	0.9444	0.0000	0.4242
651	1.0000	0.9471	0.0000	0.4248
652	1.0000	0.9440	0.0000	0.4254
653	1.0000	0.9619	0.0000	0.4260
654	1.0000	0.9390	0.0000	0.4267
655	1.0000	0.9517	0.0000	0.4273
656	1.0000	0.9461	0.0000	0.4279
657	1.0000	0.9480	0.0000	0.4286
658	1.0000	0.9226	0.0000	0.4292
659	1.0000	0.9391	0.0000	0.4298
660	1.0000	0.9355	0.0000	0.4304
661	1.0000	0.9473	0.0000	0.4311
662	1.0000	0.9319	0.0000	0.4317
663	1.0000	0.9243	0.0000	0.4323
664	1.0000	0.9368	0.0000	0.4330
665	1.0000	0.9325	0.0000	0.4336
666	1.0000	0.9291	0.0000	0.4342
667	1.0000	0.9081	0.0000	0.4348
668	1.0000	0.9062	0.0000	0.4354
669	1.0000	0.8987	0.0000	0.4361
670	1.0000	0.9104	0.0000	0.4367
671	1.0000	0.8793	0.0000	0.4374
672	1.0000	0.8910	0.0000	0.4380
673	1.0000	0.9147	0.0000	0.4386
674	1.0000	0.9147	0.0000	0.4392
675	1.0000	0.8992	0.0000	0.4399
676	1.0000	0.9149	0.0000	0.4405
677	1.0000	0.9240	0.0000	0.4411
678	1.0000	0.8979	0.0000	0.4417
679	1.0000	0.8982	0.0000	0.4424
680	1.0000	0.9179	0.0000	0.4430
681	1.0000	0.9040	0.0000	0.4436
682	1.0000	0.9138	0.0000	0.4443
683	1.0000	0.9191	0.0000	0.4449
684	1.0000	0.9300	0.0000	0.4455
685	1.0000	0.8999	0.0000	0.4462
686	1.0000	0.9040	0.0000	0.4468
687	1.0000	0.9042	0.0000	0.4474
688	1.0000	0.9188	0.0000	0.4480
689	1.0000	0.9133	0.0000	0.4486
690	1.0000	0.9171	0.0000	0.4493
691	1.0000	0.9320	0.0000	0.4499
692	1.0000	0.9226	0.0000	0.4505
693	1.0000	0.9077	0.0000	0.4511
694	1.0000	0.9254	0.0000	0.4518
695	1.0000	0.9350	0.0000	0.4524
696	1.0000	0.9180	0.0000	0.4530
697	1.0000	0.9157	0.0000	0.4536
698	1.0000	0.9198	0.0000	0.4543
699	1.0000	0.9297	0.0000	0.4549
700	1.0000	0.9092	0.0000	0.4556
701	1.0000	0.8789	0.0000	0.4562
702	1.0000	0.9085	0.0000	0.4568
703	1.0000	0.8985	0.0000	0.4574
704	1.0000	0.8894	0.0000	0.4580
705	1.0000	0.8965	0.0000	0.4586
706	1.0000	0.9513	0.0000	0.4592
707	1.0000	0.9237	0.0000	0.4599
708	1.0000	0.8927	0.0000	0.4605
709	1.0000	0.9131	0.0000	0.4612
710	1.0000	0.9327	0.0000	0.4618
711	1.0000	0.9259	0.0000	0.4624
712	1.0000	0.9265	0.0000	0.4630
713	1.0000	0.9271	0.0000	0.4637
714	1.0000	0.9237	0.0000	0.4643
715	1.0000	0.9348	0.0000	0.4649
716	1.0000	0.9399	0.0000	0.4656
717	1.0000	0.9510	0.0000	0.4662
718	1.0000	0.9352	0.0000	0.4668
719	1.0000	0.9333	0.0000	0.4674
720	1.0000	0.9488	0.0000	0.4681
721	1.0000	0.9222	0.0000	0.4688
722	1.0000	0.9396	0.0000	0.4694
723	1.0000	0.9285	0.0000	0.4700
724	1.0000	0.9150	0.0000	0.4706
725	1.0000	0.9087	0.0000	0.4712
726	1.0000	0.9094	0.0000	0.4719
727	1.0000	0.9320	0.0000	0.4725
728	1.0000	0.9431	0.0000	0.4731
729	1.0000	0.9460	0.0000	0.4738
730	1.0000	0.9391	0.0000	0.4744
731	1.0000	0.9395	0.0000	0.4750
732	1.0000	0.9386	0.0000	0.4756
733	1.0000	0.9523	0.0000	0.4763
734	1.0000	0.9272	0.0000	0.4769
735	1.0000	0.9384	0.0000	0.4775
736	1.0000	0.9339	0.0000	0.4781
737	1.0000	0.9695	0.0000	0.4788
738	1.0000	0.9479	0.0000	0.4794
739	1.0000	0.9337	0.0000	0.4800
740	1.0000	0.9293	0.0000	0.4807
741	1.0000	0.9399	0.0000	0.4813
742	1.0000	0.9549	0.0000	0.4819
743	1.0000	0.9430	0.0000	0.4825
744	1.0000	0.9433	0.0000	0.4831
745	1.0000	0.9385	0.0000	0.4837
746	1.0000	0.9471	0.0000	0.4843
747	1.0000	0.9529	0.0000	0.4850
748	1.0000	0.9255	0.0000	0.4856
749	1.0000	0.9499	0.0000	0.4862
750	1.0000	0.9618	0.0000	0.4868
751	1.0000	0.9636	0.0000	0.4874
752	1.0000	0.9623	0.0000	0.4880
753	1.0000	0.9554	0.0000	0.4886
754	1.0000	0.9371	0.0000	0.4892
755	1.0000	0.9430	0.0000	0.4899
756	1.0000	0.9489	0.0000	0.4905
757	1.0000	0.9587	0.0000	0.4912
758	1.0000	0.9479	0.0000	0.4918
759	1.0000	0.9606	0.0000	0.4925
760	1.0000	0.9464	0.0000	0.4931
761	1.0000	0.9624	0.0000	0.4937
762	1.0000	0.9508	0.0000	0.4943
763	1.0000	0.9391	0.0000	0.4949
764	1.0000	0.9428	0.0000	0.4956
765	1.0000	0.9537	0.0000	0.4962
766	1.0000	0.9701	0.0000	0.4968
767	1.0000	0.9612	0.0000	0.4974
768	1.0000	0.9616	0.0000	0.4980
769	1.0000	0.9534	0.0000	0.4987
770	1.0000	0.9333	0.0000	0.4993
771	1.0000	0.9332	0.0000	0.4999
772	1.0000	0.8978	0.0000	0.5006
773	1.0000	0.9433	0.0000	0.5013
774	1.0000	0.9245	0.0000	0.5021
775	1.0000	0.9606	0.0000	0.5029
776	1.0000	0.9317	0.0000	0.5036
777	1.0000	0.9225	0.0000	0.5042
778	1.0000	0.9152	0.0000	0.5048
779	1.0000	0.9046	0.0000	0.5055
780	1.0000	0.9307	0.0000	0.5061
781	1.0000	0.9039	0.0000	0.5067
782	1.0000	0.9373	0.0000	0.5073
783	1.0000	0.9342	0.0000	0.5079
784	1.0000	0.9294	0.0000	0.5085
785	1.0000	0.9616	0.0000	0.5091
786	1.0000	0.9561	0.0000	0.5097
787	1.0000	0.9239	0.0000	0.5103
788	1.0000	0.9326	0.0000	0.5109
789	1.0000	0.9223	0.0000	0.5116
790	1.0000	0.9480	0.0000	0.5122
791	1.0000	0.9523	0.0000	0.5128
792	1.0000	0.9266	0.0000	0.5134
793	1.0000	0.9257	0.0000	0.5140
794	1.0000	0.9532	0.0000	0.5146
795	1.0000	0.9497	0.0000	0.5152
796	1.0000	0.9555	0.0000	0.5158
797	1.0000	0.9418	0.0000	0.5165
798	1.0000	0.9398	0.0000	0.5171
799	1.0000	0.9588	0.0000	0.5177
800	1.0000	0.9737	0.0000	0.5183
801	1.0000	0.9591	0.0000	0.5189
802	1.0000	0.9619	0.0000	0.5197
803	1.0000	0.9465	0.0000	0.5204
804	1.0000	0.9544	0.0000	0.5210
805	1.0000	0.9215	0.0000	0.5217
806	1.0000	0.9165	0.0000	0.5223
807	1.0000	0.9285	0.0000	0.5229
808	1.0000	0.9356	0.0000	0.5235
809	1.0000	0.9258	0.0000	0.5241
810	1.0000	0.9241	0.0000	0.5247
811	1.0000	0.9332	0.0000	0.5253
812	1.0000	0.9447	0.0000	0.5259
813	1.0000	0.9485	0.0000	0.5266
814	1.0000	0.9305	0.0000	0.5272
815	1.0000	0.9532	0.0000	0.5278
816	1.0000	0.9428	0.0000	0.5284
817	1.0000	0.9383	0.0000	0.5290
818	1.0000	0.9633	0.0000	0.5296
819	1.0000	0.9565	0.0000	0.5303
820	1.0000	0.9308	0.0000	0.5309
821	1.0000	0.9374	0.0000	0.5315
822	1.0000	0.9177	0.0000	0.5321
823	1.0000	0.9341	0.0000	0.5327
824	1.0000	0.9513	0.0000	0.5333
825	1.0000	0.9305	0.0000	0.5339
826	1.0000	0.9483	0.0000	0.5346
827	1.0000	0.9386	0.0000	0.5352
828	1.0000	0.9388	0.0000	0.5358
829	1.0000	0.9454	0.0000	0.5364
830	1.0000	0.9445	0.0000	0.5370
831	1.0000	0.9410	0.0000	0.5376
832	1.0000	0.9521	0.0000	0.5383
833	1.0000	0.9516	0.0000	0.5389
834	1.0000	0.9494	0.0000	0.5395
835	1.0000	0.9499	0.0000	0.5401
836	1.0000	0.9415	0.0000	0.5407
837	1.0000	0.9238	0.0000	0.5413
838	1.0000	0.9183	0.0000	0.5419
839	1.0000	0.9004	0.0000	0.5426
840	1.0000	0.9067	0.0000	0.5432
841	1.0000	0.9112	0.0000	0.5438
842	1.0000	0.8911	0.0000	0.5444
843	1.0000	0.9245	0.0000	0.5451
844	1.0000	0.8982	0.0000	0.5457
845	1.0000	0.9320	0.0000	0.5463
846	1.0000	0.9029	0.0000	0.5469
847	1.0000	0.9103	0.0000	0.5475
848	1.0000	0.9250	0.0000	0.5481
849	1.0000	0.9415	0.0000	0.5488
850	1.0000	0.8895	0.0000	0.5494
851	1.0000	0.9222	0.0000	0.5500
852	1.0000	0.9167	0.0000	0.5506
853	1.0000	0.9322	0.0000	0.5513
854	1.0000	0.9103	0.0000	0.5519
855	1.0000	0.9247	0.0000	0.5525
856	1.0000	0.9208	0.0000	0.5531
857	1.0000	0.9554	0.0000	0.5537
858	1.0000	0.9448	0.0000	0.5544
859	1.0000	0.9392	0.0000	0.5550
860	1.0000	0.9549	0.0000	0.5556
861	1.0000	0.9347	0.0000	0.5562
862	1.0000	0.9686	0.0000	0.5568
863	1.0000	0.9533	0.0000	0.5574
864	1.0000	0.9512	0.0000	0.5581
865	1.0000	0.9632	0.0000	0.5587
866	1.0000	0.9561	0.0000	0.5593
867	1.0000	0.9579	0.0000	0.5599
868	1.0000	0.9523	0.0000	0.5605
869	1.0000	0.9565	0.0000	0.5612
870	1.0000	0.9589	0.0000	0.5618
871	1.0000	0.9566	0.0000	0.5624
872	1.0000	0.9375	0.0000	0.5631
873	1.0000	0.9332	0.0000	0.5637
874	1.0000	0.9621	0.0000	0.5644
875	1.0000	0.9299	0.0000	0.5650
876	1.0000	0.9490	0.0000	0.5656
877	1.0000	0.9184	0.0000	0.5663
878	1.0000	0.9382	0.0000	0.5669
879	1.0000	0.9344	0.0000	0.5675
880	1.0000	0.9030	0.0000	0.5681
881	1.0000	0.9086	0.0000	0.5687
882	1.0000	0.9298	0.0000	0.5694
883	1.0000	0.9448	0.0000	0.5700
884	1.0000	0.9363	0.0000	0.5706
885	1.0000	0.9388	0.0000	0.5712
886	1.0000	0.9455	0.0000	0.5718
887	1.0000	0.9303	0.0000	0.5724
888	1.0000	0.8952	0.0000	0.5730
889	1.0000	0.9097	0.0000	0.5737
890	1.0000	0.9161	0.0000	0.5743
891	1.0000	0.9408	0.0000	0.5749
892	1.0000	0.9427	0.0000	0.5755
893	1.0000	0.9449	0.0000	0.5761
894	1.0000	0.9376	0.0000	0.5767
895	1.0000	0.9353	0.0000	0.5773
896	1.0000	0.9387	0.0000	0.5779
897	1.0000	0.9272	0.0000	0.5787
898	1.0000	0.9048	0.0000	0.5794
899	1.0000	0.9014	0.0000	0.5801
900	1.0000	0.8922	0.0000	0.5809
901	1.0000	0.8946	0.0000	0.5816
902	1.0000	0.8957	0.0000	0.5823
903	1.0000	0.8612	0.0000	0.5829
904	1.0000	0.8784	0.0000	0.5835
905	1.0000	0.9071	0.0000	0.5841
906	1.0000	0.8987	0.0000	0.5847
907	1.0000	0.8947	0.0000	0.5854
908	1.0000	0.9204	0.0000	0.5860
909	1.0000	0.9126	0.0000	0.5866
910	1.0000	0.9252	0.0000	0.5872
911	1.0000	0.9275	0.0000	0.5878
912	1.0000	0.9220	0.0000	0.5884
913	1.0000	0.9413	0.0000	0.5891
914	1.0000	0.9295	0.0000	0.5897
915	1.0000	0.9261	0.0000	0.5903
916	1.0000	0.9171	0.0000	0.5909
917	1.0000	0.9009	0.0000	0.5915
918	1.0000	0.8912	0.0000	0.5921
919	1.0000	0.9146	0.0000	0.5928
920	1.0000	0.8906	0.0000	0.5934
921	1.0000	0.9118	0.0000	0.5940
922	1.0000	0.9183	0.0000	0.5946
923	1.0000	0.9189	0.0000	0.5953
924	1.0000	0.9268	0.0000	0.5959
925	1.0000	0.9256	0.0000	0.5965
926	1.0000	0.9265	0.0000	0.5972
927	1.0000	0.9358	0.0000	0.5978
928	1.0000	0.9372	0.0000	0.5984
929	1.0000	0.9334	0.0000	0.5990
930	1.0000	0.9384	0.0000	0.5996
931	1.0000	0.9456	0.0000	0.6003
932	1.0000	0.9403	0.0000	0.6010
933	1.0000	0.9248	0.0000	0.6016
934	1.0000	0.9218	0.0000	0.6022
935	1.0000	0.9246	0.0000	0.6028
936	1.0000	0.9119	0.0000	0.6034
937	1.0000	0.9375	0.0000	0.6040
938	1.0000	0.9432	0.0000	0.6046
939	1.0000	0.9394	0.0000	0.6052
940	1.0000	0.9451	0.0000	0.6058
941	1.0000	0.9386	0.0000	0.6065
942	1.0000	0.9336	0.0000	0.6071
943	1.0000	0.9209	0.0000	0.6077
944	1.0000	0.9443	0.0000	0.6083
945	1.0000	0.9538	0.0000	0.6090
946	1.0000	0.9534	0.0000	0.6096
947	1.0000	0.9547	0.0000	0.6102
948	1.0000	0.9389	0.0000	0.6108
949	1.0000	0.9439	0.0000	0.6115
950	1.0000	0.9364	0.0000	0.6121
951	1.0000	0.9269	0.0000	0.6127
952	1.0000	0.9485	0.0000	0.6133
953	1.0000	0.9462	0.0000	0.6139
954	1.0000	0.9504	0.0000	0.6145
955	1.0000	0.9596	0.0000	0.6151
956	1.0000	0.9257	0.0000	0.6157
957	1.0000	0.9539	0.0000	0.6163
958	1.0000	0.9516	0.0000	0.6169
959	1.0000	0.9435	0.0000	0.6175
960	1.0000	0.9626	0.0000	0.6181
961	1.0000	0.9520	0.0000	0.6188
962	1.0000	0.9642	0.0000	0.6194
963	1.0000	0.9679	0.0000	0.6200
964	1.0000	0.9554	0.0000	0.6207
965	1.0000	0.9529	0.0000	0.6213
966	1.0000	0.9318	0.0000	0.6219
967	1.0000	0.9577	0.0000	0.6225
968	1.0000	0.9392	0.0000	0.6231
969	1.0000	0.9265	0.0000	0.6237
970	1.0000	0.9338	0.0000	0.6243
971	1.0000	0.9275	0.0000	0.6249
972	1.0000	0.9434	0.0000	0.6255
973	1.0000	0.9340	0.0000	0.6262
974	1.0000	0.9303	0.0000	0.6268
975	1.0000	0.9486	0.0000	0.6274
976	1.0000	0.9421	0.0000	0.6280
977	1.0000	0.9365	0.0000	0.6286
978	1.0000	0.9346	0.0000	0.6292
979	1.0000	0.9471	0.0000	0.6298
980	1.0000	0.9405	0.0000	0.6304
981	1.0000	0.9437	0.0000	0.6311
982	1.0000	0.9221	0.0000	0.6317
983	1.0000	0.9257	0.0000	0.6323
984	1.0000	0.9069	0.0000	0.6329
985	1.0000	0.8857	0.0000	0.6335
986	1.0000	0.9185	0.0000	0.6341
987	1.0000	0.8966	0.0000	0.6347
988	1.0000	0.9160	0.0000	0.6353
989	1.0000	0.9136	0.0000	0.6360
990	1.0000	0.9156	0.0000	0.6366
991	1.0000	0.8994	0.0000	0.6372
992	1.0000	0.9257	0.0000	0.6378
993	1.0000	0.9204	0.0000	0.6384
994	1.0000	0.9205	0.0000	0.6390
995	1.0000	0.9392	0.0000	0.6396
996	1.0000	0.9380	0.0000	0.6402
997	1.0000	0.9289	0.0000	0.6408
998	1.0000	0.9303	0.0000	0.6414
999	1.0000	0.9200	0.0000	0.6421
1000	1.0000	0.9360	0.0000	0.6427
1001	1.0000	0.9323	0.0000	0.6433
1002	1.0000	0.9402	0.0000	0.6439
1003	1.0000	0.9385	0.0000	0.6445
1004	1.0000	0.9371	0.0000	0.6452
1005	1.0000	0.9232	0.0000	0.6458
1006	1.0000	0.9313	0.0000	0.6464
1007	1.0000	0.9211	0.0000	0.6470
1008	1.0000	0.9143	0.0000	0.6476
1009	1.0000	0.9026	0.0000	0.6483
1010	1.0000	0.9370	0.0000	0.6489
1011	1.0000	0.9530	0.0000	0.6495
1012	1.0000	0.9281	0.0000	0.6502
1013	1.0000	0.9279	0.0000	0.6508
1014	1.0000	0.9114	0.0000	0.6514
1015	1.0000	0.9298	0.0000	0.6520
1016	1.0000	0.9541	0.0000	0.6526
1017	1.0000	0.9207	0.0000	0.6532
1018	1.0000	0.9382	0.0000	0.6539
1019	1.0000	0.9324	0.0000	0.6545
1020	1.0000	0.9349	0.0000	0.6551
1021	1.0000	0.9427	0.0000	0.6557
1022	1.0000	0.9376	0.0000	0.6564
1023	1.0000	0.9562	0.0000	0.6570
1024	1.0000	0.9238	0.0000	0.6576
1025	1.0000	0.9518	0.0000	0.6582
1026	1.0000	0.9462	0.0000	0.6588
1027	1.0000	0.9536	0.0000	0.6594
1028	1.0000	0.9568	0.0000	0.6604
1029	1.0000	0.9558	0.0000	0.6610
1030	1.0000	0.9751	0.0000	0.6616
1031	1.0000	0.9448	0.0000	0.6622
1032	1.0000	0.9526	0.0000	0.6629
1033	1.0000	0.9159	0.0000	0.6635
1034	1.0000	0.8841	0.0000	0.6642
1035	1.0000	0.8823	0.0000	0.6649
1036	1.0000	0.9111	0.0000	0.6656
1037	1.0000	0.8916	0.0000	0.6663
1038	1.0000	0.9275	0.0000	0.6670
1039	1.0000	0.9071	0.0000	0.6677
1040	1.0000	0.9361	0.0000	0.6684
1041	1.0000	0.9199	0.0000	0.6690
1042	1.0000	0.9229	0.0000	0.6697
1043	1.0000	0.9208	0.0000	0.6703
1044	1.0000	0.9395	0.0000	0.6709
1045	1.0000	0.9355	0.0000	0.6715
1046	1.0000	0.9185	0.0000	0.6721
1047	1.0000	0.9375	0.0000	0.6727
1048	1.0000	0.9246	0.0000	0.6733
1049	1.0000	0.9254	0.0000	0.6739
1050	1.0000	0.9096	0.0000	0.6745
1051	1.0000	0.9323	0.0000	0.6752
1052	1.0000	0.9134	0.0000	0.6758
1053	1.0000	0.9268	0.0000	0.6764
1054	1.0000	0.9391	0.0000	0.6770
1055	1.0000	0.9302	0.0000	0.6777
1056	1.0000	0.9531	0.0000	0.6783
1057	1.0000	0.9483	0.0000	0.6789
1058	1.0000	0.9436	0.0000	0.6795
1059	1.0000	0.9511	0.0000	0.6801
1060	1.0000	0.8955	0.0000	0.6808
1061	1.0000	0.9566	0.0000	0.6814
1062	1.0000	0.9308	0.0000	0.6820
1063	1.0000	0.9269	0.0000	0.6827
1064	1.0000	0.9393	0.0000	0.6833
1065	1.0000	0.9311	0.0000	0.6839
1066	1.0000	0.9496	0.0000	0.6845
1067	1.0000	0.9507	0.0000	0.6852
1068	1.0000	0.9569	0.0000	0.6858
1069	1.0000	0.9539	0.0000	0.6864
1070	1.0000	0.9548	0.0000	0.6870
1071	1.0000	0.9409	0.0000	0.6876
1072	1.0000	0.9391	0.0000	0.6882
1073	1.0000	0.9139	0.0000	0.6889
1074	1.0000	0.9165	0.0000	0.6895
1075	1.0000	0.9245	0.0000	0.6901
1076	1.0000	0.9257	0.0000	0.6908
1077	1.0000	0.9147	0.0000	0.6914
1078	1.0000	0.9145	0.0000	0.6920
1079	1.0000	0.9112	0.0000	0.6927
1080	1.0000	0.9140	0.0000	0.6933
1081	1.0000	0.9326	0.0000	0.6939
1082	1.0000	0.9123	0.0000	0.6946
1083	1.0000	0.9040	0.0000	0.6952
1084	1.0000	0.8997	0.0000	0.6959
1085	1.0000	0.9024	0.0000	0.6965
1086	1.0000	0.9022	0.0000	0.6971
1087	1.0000	0.8933	0.0000	0.6978
1088	1.0000	0.8658	0.0000	0.6984
1089	1.0000	0.8973	0.0000	0.6990
1090	1.0000	0.9296	0.0000	0.6996
1091	1.0000	0.9126	0.0000	0.7002
1092	1.0000	0.9142	0.0000	0.7009
1093	1.0000	0.9179	0.0000	0.7015
1094	1.0000	0.8944	0.0000	0.7021
1095	1.0000	0.9173	0.0000	0.7027
1096	1.0000	0.9351	0.0000	0.7033
1097	1.0000	0.9442	0.0000	0.7039
1098	1.0000	0.9357	0.0000	0.7045
1099	1.0000	0.9466	0.0000	0.7052
1100	1.0000	0.9400	0.0000	0.7058
1101	1.0000	0.9589	0.0000	0.7064
1102	1.0000	0.9281	0.0000	0.7070
1103	1.0000	0.9227	0.0000	0.7076
1104	1.0000	0.9306	0.0000	0.7082
1105	1.0000	0.9397	0.0000	0.7089
1106	1.0000	0.9490	0.0000	0.7095
1107	1.0000	0.9419	0.0000	0.7102
1108	1.0000	0.9533	0.0000	0.7108
1109	1.0000	0.9464	0.0000	0.7114
1110	1.0000	0.9439	0.0000	0.7120
1111	1.0000	0.9517	0.0000	0.7126
1112	1.0000	0.9490	0.0000	0.7133
1113	1.0000	0.9510	0.0000	0.7139
1114	1.0000	0.9504	0.0000	0.7145
1115	1.0000	0.9505	0.0000	0.7152
1116	1.0000	0.9547	0.0000	0.7158
1117	1.0000	0.9599	0.0000	0.7164
1118	1.0000	0.9555	0.0000	0.7170
1119	1.0000	0.9425	0.0000	0.7176
1120	1.0000	0.9628	0.0000	0.7182
1121	1.0000	0.9637	0.0000	0.7188
1122	1.0000	0.9445	0.0000	0.7195
1123	1.0000	0.9681	0.0000	0.7202
1124	1.0000	0.9518	0.0000	0.7213
1125	1.0000	0.9821	0.0000	0.7219
1126	1.0000	0.9729	0.0000	0.7225
1127	1.0000	0.9728	0.0000	0.7232
1128	1.0000	0.9525	0.0000	0.7238
1129	1.0000	0.9112	0.0000	0.7244
1130	1.0000	0.9287	0.0000	0.7251
1131	1.0000	0.9254	0.0000	0.7257
1132	1.0000	0.9374	0.0000	0.7263
1133	1.0000	0.9376	0.0000	0.7269
1134	1.0000	0.9346	0.0000	0.7276
1135	1.0000	0.9456	0.0000	0.7282
1136	1.0000	0.9391	0.0000	0.7289
1137	1.0000	0.9412	0.0000	0.7295
1138	1.0000	0.9286	0.0000	0.7302
1139	1.0000	0.9358	0.0000	0.7308
1140	1.0000	0.9327	0.0000	0.7314
1141	1.0000	0.9146	0.0000	0.7320
1142	1.0000	0.8760	0.0000	0.7326
1143	1.0000	0.9173	0.0000	0.7333
1144	1.0000	0.8949	0.0000	0.7338
1145	1.0000	0.8860	0.0000	0.7344
1146	1.0000	0.9249	0.0000	0.7350
1147	1.0000	0.9249	0.0000	0.7357
1148	1.0000	0.9395	0.0000	0.7363
1149	1.0000	0.9298	0.0000	0.7369
1150	1.0000	0.9199	0.0000	0.7374
1151	1.0000	0.9190	0.0000	0.7381
1152	1.0000	0.9407	0.0000	0.7387
1153	1.0000	0.9269	0.0000	0.7393
1154	1.0000	0.9063	0.0000	0.7399
1155	1.0000	0.9087	0.0000	0.7405
1156	1.0000	0.9186	0.0000	0.7411
1157	1.0000	0.9320	0.0000	0.7417
1158	1.0000	0.9206	0.0000	0.7423
1159	1.0000	0.9408	0.0000	0.7429
1160	1.0000	0.9209	0.0000	0.7435
1161	1.0000	0.9414	0.0000	0.7441
1162	1.0000	0.9379	0.0000	0.7447
1163	1.0000	0.9199	0.0000	0.7453
1164	1.0000	0.9445	0.0000	0.7460
1165	1.0000	0.9548	0.0000	0.7467
1166	1.0000	0.9656	0.0000	0.7475
1167	1.0000	0.9564	0.0000	0.7481
1168	1.0000	0.9627	0.0000	0.7489
1169	1.0000	0.9699	0.0000	0.7495
1170	1.0000	0.9527	0.0000	0.7504
1171	1.0000	0.9529	0.0000	0.7511
1172	1.0000	0.9476	0.0000	0.7518
1173	1.0000	0.9688	0.0000	0.7524
1174	1.0000	0.9650	0.0000	0.7530
1175	1.0000	0.9692	0.0000	0.7536
1176	1.0000	0.9725	0.0000	0.7542
1177	1.0000	0.9498	0.0000	0.7549
1178	1.0000	0.9318	0.0000	0.7555
1179	1.0000	0.9077	0.0000	0.7561
1180	1.0000	0.9260	0.0000	0.7567
1181	1.0000	0.9405	0.0000	0.7574
1182	1.0000	0.9329	0.0000	0.7580
1183	1.0000	0.9439	0.0000	0.7586
1184	1.0000	0.9015	0.0000	0.7593
1185	1.0000	0.9508	0.0000	0.7599
1186	1.0000	0.9510	0.0000	0.7605
1187	1.0000	0.9517	0.0000	0.7612
1188	1.0000	0.9545	0.0000	0.7618
1189	1.0000	0.9560	0.0000	0.7624
1190	1.0000	0.9605	0.0000	0.7630
1191	1.0000	0.9634	0.0000	0.7636
1192	1.0000	0.9620	0.0000	0.7643
1193	1.0000	0.9610	0.0000	0.7649
1194	1.0000	0.9440	0.0000	0.7655
1195	1.0000	0.9406	0.0000	0.7661
1196	1.0000	0.9474	0.0000	0.7667
1197	1.0000	0.9581	0.0000	0.7673
1198	1.0000	0.9492	0.0000	0.7679
1199	1.0000	0.9600	0.0000	0.7685
1200	1.0000	0.9400	0.0000	0.7691
1201	1.0000	0.9463	0.0000	0.7697
1202	1.0000	0.9369	0.0000	0.7704
1203	1.0000	0.9529	0.0000	0.7710
1204	1.0000	0.9220	0.0000	0.7716
1205	1.0000	0.9314	0.0000	0.7722
1206	1.0000	0.9295	0.0000	0.7728
1207	1.0000	0.9294	0.0000	0.7734
1208	1.0000	0.9093	0.0000	0.7740
1209	1.0000	0.8865	0.0000	0.7747
1210	1.0000	0.9147	0.0000	0.7753
1211	1.0000	0.9286	0.0000	0.7759
1212	1.0000	0.9315	0.0000	0.7765
1213	1.0000	0.9350	0.0000	0.7771
1214	1.0000	0.9456	0.0000	0.7777
1215	1.0000	0.9418	0.0000	0.7786
1216	1.0000	0.9467	0.0000	0.7795
1217	1.0000	0.9488	0.0000	0.7802
1218	1.0000	0.9472	0.0000	0.7808
1219	1.0000	0.9420	0.0000	0.7815
1220	1.0000	0.9455	0.0000	0.7821
1221	1.0000	0.9550	0.0000	0.7828
1222	1.0000	0.9260	0.0000	0.7834
1223	1.0000	0.9261	0.0000	0.7840
1224	1.0000	0.9221	0.0000	0.7847
1225	1.0000	0.9305	0.0000	0.7853
1226	1.0000	0.9257	0.0000	0.7859
1227	1.0000	0.9553	0.0000	0.7865
1228	1.0000	0.9440	0.0000	0.7872
1229	1.0000	0.9439	0.0000	0.7879
1230	1.0000	0.9652	0.0000	0.7886
1231	1.0000	0.9511	0.0000	0.7892
1232	1.0000	0.9575	0.0000	0.7899
1233	1.0000	0.9691	0.0000	0.7905
1234	1.0000	0.9672	0.0000	0.7912
1235	1.0000	0.9625	0.0000	0.7918
1236	1.0000	0.9651	0.0000	0.7924
1237	1.0000	0.9664	0.0000	0.7930
1238	1.0000	0.9579	0.0000	0.7937
1239	1.0000	0.9496	0.0000	0.7943
1240	1.0000	0.9622	0.0000	0.7950
1241	1.0000	0.9312	0.0000	0.7957
1242	1.0000	0.9226	0.0000	0.7965
1243	1.0000	0.9026	0.0000	0.7971
1244	1.0000	0.9286	0.0000	0.7978
1245	1.0000	0.9319	0.0000	0.7985
1246	1.0000	0.9307	0.0000	0.7991
1247	1.0000	0.9317	0.0000	0.7998
1248	1.0000	0.9207	0.0000	0.8004
1249	1.0000	0.8965	0.0000	0.8010
1250	1.0000	0.9340	0.0000	0.8018
1251	1.0000	0.8659	0.0000	0.8024
1252	1.0000	0.9061	0.0000	0.8031
1253	1.0000	0.9070	0.0000	0.8037
1254	1.0000	0.9252	0.0000	0.8044
1255	1.0000	0.9451	0.0000	0.8050
1256	1.0000	0.9284	0.0000	0.8057
1257	1.0000	0.9381	0.0000	0.8063
1258	1.0000	0.9445	0.0000	0.8070
1259	1.0000	0.9439	0.0000	0.8077
1260	1.0000	0.9448	0.0000	0.8084
1261	1.0000	0.9485	0.0000	0.8090
1262	1.0000	0.9390	0.0000	0.8097
1263	1.0000	0.9250	0.0000	0.8104
1264	1.0000	0.9362	0.0000	0.8111
1265	1.0000	0.9351	0.0000	0.8118
1266	1.0000	0.9386	0.0000	0.8125
1267	1.0000	0.9441	0.0000	0.8133
1268	1.0000	0.9656	0.0000	0.8140
1269	1.0000	0.9448	0.0000	0.8149
1270	1.0000	0.9537	0.0000	0.8157
1271	1.0000	0.9683	0.0000	0.8165
1272	1.0000	0.9246	0.0000	0.8173
1273	1.0000	0.9592	0.0000	0.8179
1274	1.0000	0.9351	0.0000	0.8186
1275	1.0000	0.9351	0.0000	0.8192
1276	1.0000	0.9274	0.0000	0.8199
1277	1.0000	0.9535	0.0000	0.8206
1278	1.0000	0.9284	0.0000	0.8213
1279	1.0000	0.9437	0.0000	0.8220
1280	1.0000	0.9141	0.0000	0.8227
1281	1.0000	0.9341	0.0000	0.8233
1282	1.0000	0.9160	0.0000	0.8240
1283	1.0000	0.9392	0.0000	0.8246
1284	1.0000	0.9328	0.0000	0.8253
1285	1.0000	0.9362	0.0000	0.8259
1286	1.0000	0.9306	0.0000	0.8266
1287	1.0000	0.9280	0.0000	0.8272
1288	1.0000	0.9314	0.0000	0.8278
1289	1.0000	0.9389	0.0000	0.8285
1290	1.0000	0.9335	0.0000	0.8292
1291	1.0000	0.9353	0.0000	0.8298
1292	1.0000	0.9390	0.0000	0.8305
1293	1.0000	0.9306	0.0000	0.8311
1294	1.0000	0.9167	0.0000	0.8318
1295	1.0000	0.9439	0.0000	0.8324
1296	1.0000	0.9249	0.0000	0.8331
1297	1.0000	0.9309	0.0000	0.8337
1298	1.0000	0.8808	0.0000	0.8343
1299	1.0000	0.8944	0.0000	0.8350
1300	1.0000	0.9084	0.0000	0.8356
1301	1.0000	0.9090	0.0000	0.8363
1302	1.0000	0.9222	0.0000	0.8369
1303	1.0000	0.9429	0.0000	0.8376
1304	1.0000	0.9429	0.0000	0.8382
1305	1.0000	0.9390	0.0000	0.8388
1306	1.0000	0.9307	0.0000	0.8395
1307	1.0000	0.9436	0.0000	0.8401
1308	1.0000	0.9381	0.0000	0.8408
1309	1.0000	0.9373	0.0000	0.8414
1310	1.0000	0.9384	0.0000	0.8420
1311	1.0000	0.9396	0.0000	0.8427
1312	1.0000	0.9513	0.0000	0.8434
1313	1.0000	0.9538	0.0000	0.8441
1314	1.0000	0.9524	0.0000	0.8447
1315	1.0000	0.9428	0.0000	0.8454
1316	1.0000	0.9528	0.0000	0.8461
1317	1.0000	0.9478	0.0000	0.8467
1318	1.0000	0.9639	0.0000	0.8474
1319	1.0000	0.9525	0.0000	0.8480
1320	1.0000	0.9687	0.0000	0.8487
1321	1.0000	0.9692	0.0000	0.8493
1322	1.0000	0.9550	0.0000	0.8500
1323	1.0000	0.9519	0.0000	0.8507
1324	1.0000	0.9589	0.0000	0.8514
1325	1.0000	0.9480	0.0000	0.8520
1326	1.0000	0.9585	0.0000	0.8528
1327	1.0000	0.9618	0.0000	0.8535
1328	1.0000	0.9572	0.0000	0.8542
1329	1.0000	0.9620	0.0000	0.8548
1330	1.0000	0.9773	0.0000	0.8554
1331	1.0000	0.9588	0.0000	0.8561
1332	1.0000	0.9507	0.0000	0.8567
1333	1.0000	0.9602	0.0000	0.8574
1334	1.0000	0.9404	0.0000	0.8580
1335	1.0000	0.9394	0.0000	0.8586
1336	1.0000	0.9574	0.0000	0.8593
1337	1.0000	0.9430	0.0000	0.8599
1338	1.0000	0.9310	0.0000	0.8606
1339	1.0000	0.9212	0.0000	0.8613
1340	1.0000	0.9278	0.0000	0.8619
1341	1.0000	0.9508	0.0000	0.8625
1342	1.0000	0.9460	0.0000	0.8632
1343	1.0000	0.9538	0.0000	0.8638
1344	1.0000	0.9634	0.0000	0.8644
1345	1.0000	0.9648	0.0000	0.8651
1346	1.0000	0.9682	0.0000	0.8657
1347	1.0000	0.9648	0.0000	0.8664
1348	1.0000	0.9343	0.0000	0.8670
1349	1.0000	0.9322	0.0000	0.8676
1350	1.0000	0.9136	0.0000	0.8683
1351	1.0000	0.8963	0.0000	0.8689
1352	1.0000	0.8964	0.0000	0.8696
1353	1.0000	0.8975	0.0000	0.8702
1354	1.0000	0.9219	0.0000	0.8708
1355	1.0000	0.9096	0.0000	0.8714
1356	1.0000	0.9133	0.0000	0.8721
1357	1.0000	0.9340	0.0000	0.8727
1358	1.0000	0.9042	0.0000	0.8733
1359	1.0000	0.9491	0.0000	0.8740
1360	1.0000	0.9070	0.0000	0.8746
1361	1.0000	0.9246	0.0000	0.8752
1362	1.0000	0.9455	0.0000	0.8759
1363	1.0000	0.9175	0.0000	0.8765
1364	1.0000	0.9144	0.0000	0.8771
1365	1.0000	0.9538	0.0000	0.8778
1366	1.0000	0.9585	0.0000	0.8784
1367	1.0000	0.9364	0.0000	0.8790
1368	1.0000	0.9540	0.0000	0.8797
1369	1.0000	0.9365	0.0000	0.8803
1370	1.0000	0.9456	0.0000	0.8809
1371	1.0000	0.9593	0.0000	0.8816
1372	1.0000	0.9555	0.0000	0.8822
1373	1.0000	0.9310	0.0000	0.8828
1374	1.0000	0.9415	0.0000	0.8835
1375	1.0000	0.9262	0.0000	0.8842
1376	1.0000	0.9269	0.0000	0.8848
1377	1.0000	0.9124	0.0000	0.8854
1378	1.0000	0.9203	0.0000	0.8861
1379	1.0000	0.9102	0.0000	0.8868
1380	1.0000	0.9082	0.0000	0.8874
1381	1.0000	0.9206	0.0000	0.8881
1382	1.0000	0.9542	0.0000	0.8887
1383	1.0000	0.9222	0.0000	0.8894
1384	1.0000	0.9339	0.0000	0.8900
1385	1.0000	0.9480	0.0000	0.8906
1386	1.0000	0.8990	0.0000	0.8913
1387	1.0000	0.9140	0.0000	0.8919
1388	1.0000	0.9400	0.0000	0.8925
1389	1.0000	0.9417	0.0000	0.8932
1390	1.0000	0.9161	0.0000	0.8938
1391	1.0000	0.9308	0.0000	0.8945
1392	1.0000	0.9451	0.0000	0.8951
1393	1.0000	0.9323	0.0000	0.8958
1394	1.0000	0.9341	0.0000	0.8964
1395	1.0000	0.9395	0.0000	0.8971
1396	1.0000	0.9348	0.0000	0.8977
1397	1.0000	0.9403	0.0000	0.8983
1398	1.0000	0.9450	0.0000	0.8990
1399	1.0000	0.9369	0.0000	0.8996
1400	1.0000	0.9272	0.0000	0.9002
1401	1.0000	0.9394	0.0000	0.9009
1402	1.0000	0.9255	0.0000	0.9015
1403	1.0000	0.9346	0.0000	0.9021
1404	1.0000	0.9431	0.0000	0.9027
1405	1.0000	0.9437	0.0000	0.9034
1406	1.0000	0.9373	0.0000	0.9040
1407	1.0000	0.9409	0.0000	0.9046
1408	1.0000	0.9550	0.0000	0.9052
1409	1.0000	0.9663	0.0000	0.9059
1410	1.0000	0.9446	0.0000	0.9065
1411	1.0000	0.9452	0.0000	0.9071
1412	1.0000	0.9522	0.0000	0.9078
1413	1.0000	0.9476	0.0000	0.9085
1414	1.0000	0.8987	0.0000	0.9093
1415	1.0000	0.8781	0.0000	0.9100
1416	1.0000	0.8971	0.0000	0.9108
1417	1.0000	0.9073	0.0000	0.9115
1418	1.0000	0.9287	0.0000	0.9122
1419	1.0000	0.9138	0.0000	0.9129
1420	1.0000	0.9314	0.0000	0.9135
1421	1.0000	0.9210	0.0000	0.9141
1422	1.0000	0.9411	0.0000	0.9148
1423	1.0000	0.9260	0.0000	0.9154
1424	1.0000	0.9438	0.0000	0.9161
1425	1.0000	0.9419	0.0000	0.9167
1426	1.0000	0.9391	0.0000	0.9173
1427	1.0000	0.9433	0.0000	0.9180
1428	1.0000	0.9054	0.0000	0.9186
1429	1.0000	0.9403	0.0000	0.9192
1430	1.0000	0.9368	0.0000	0.9198
1431	1.0000	0.9376	0.0000	0.9205
1432	1.0000	0.9185	0.0000	0.9211
1433	1.0000	0.9252	0.0000	0.9217
1434	1.0000	0.9479	0.0000	0.9224
1435	1.0000	0.9400	0.0000	0.9230
1436	1.0000	0.9430	0.0000	0.9238
1437	1.0000	0.9559	0.0000	0.9245
1438	1.0000	0.9453	0.0000	0.9252
1439	1.0000	0.9479	0.0000	0.9258
1440	1.0000	0.9536	0.0000	0.9264
1441	1.0000	0.9392	0.0000	0.9271
1442	1.0000	0.9638	0.0000	0.9277
1443	1.0000	0.9579	0.0000	0.9283
1444	1.0000	0.9697	0.0000	0.9290
1445	1.0000	0.9613	0.0000	0.9296
1446	1.0000	0.9621	0.0000	0.9302
1447	1.0000	0.9542	0.0000	0.9308
1448	1.0000	0.9526	0.0000	0.9315
1449	1.0000	0.9619	0.0000	0.9321
1450	1.0000	0.9753	0.0000	0.9328
1451	1.0000	0.9712	0.0000	0.9334
1452	1.0000	0.9710	0.0000	0.9340
1453	1.0000	0.9675	0.0000	0.9347
1454	1.0000	0.9820	0.0000	0.9353
1455	1.0000	0.9606	0.0000	0.9360
1456	1.0000	0.9817	0.0000	0.9366
1457	1.0000	0.9794	0.0000	0.9372
1458	1.0000	0.9846	0.0000	0.9378
1459	1.0000	0.9792	0.0000	0.9384
1460	1.0000	0.9763	0.0000	0.9391
1461	1.0000	0.9472	0.0000	0.9397
1462	1.0000	0.9385	0.0000	0.9403
1463	1.0000	0.9355	0.0000	0.9409
1464	1.0000	0.9361	0.0000	0.9416
1465	1.0000	0.9490	0.0000	0.9422
1466	1.0000	0.9560	0.0000	0.9428
1467	1.0000	0.9504	0.0000	0.9434
1468	1.0000	0.9487	0.0000	0.9440
1469	1.0000	0.9464	0.0000	0.9447
1470	1.0000	0.9541	0.0000	0.9453
1471	1.0000	0.9525	0.0000	0.9459
1472	1.0000	0.9524	0.0000	0.9465
1473	1.0000	0.9517	0.0000	0.9472
1474	1.0000	0.9598	0.0000	0.9478
1475	1.0000	0.9457	0.0000	0.9485
1476	1.0000	0.9203	0.0000	0.9491
1477	1.0000	0.9294	0.0000	0.9497
1478	1.0000	0.9233	0.0000	0.9503
1479	1.0000	0.9387	0.0000	0.9510
1480	1.0000	0.9199	0.0000	0.9516
1481	1.0000	0.9363	0.0000	0.9522
1482	1.0000	0.9286	0.0000	0.9528
1483	1.0000	0.9241	0.0000	0.9535
1484	1.0000	0.9420	0.0000	0.9541
1485	1.0000	0.9430	0.0000	0.9548
1486	1.0000	0.9419	0.0000	0.9554
1487	1.0000	0.9356	0.0000	0.9560
1488	1.0000	0.9311	0.0000	0.9566
1489	1.0000	0.9415	0.0000	0.9573
1490	1.0000	0.9326	0.0000	0.9579
1491	1.0000	0.9244	0.0000	0.9585
1492	1.0000	0.9406	0.0000	0.9592
1493	1.0000	0.9350	0.0000	0.9598
1494	1.0000	0.9438	0.0000	0.9605
1495	1.0000	0.9375	0.0000	0.9612
1496	1.0000	0.9093	0.0000	0.9618
1497	1.0000	0.9254	0.0000	0.9624
1498	1.0000	0.9257	0.0000	0.9631
1499	1.0000	0.9030	0.0000	0.9637
1500	1.0000	0.9453	0.0000	0.9643
1501	1.0000	0.9288	0.0000	0.9649
1502	1.0000	0.9375	0.0000	0.9656
1503	1.0000	0.9139	0.0000	0.9662
1504	1.0000	0.9440	0.0000	0.9669
1505	1.0000	0.9401	0.0000	0.9675
1506	1.0000	0.9265	0.0000	0.9681
1507	1.0000	0.9325	0.0000	0.9687
1508	1.0000	0.9526	0.0000	0.9694
1509	1.0000	0.9544	0.0000	0.9700
1510	1.0000	0.9601	0.0000	0.9706
1511	1.0000	0.9613	0.0000	0.9712
1512	1.0000	0.9370	0.0000	0.9719
1513	1.0000	0.9475	0.0000	0.9725
1514	1.0000	0.9552	0.0000	0.9731
1515	1.0000	0.9494	0.0000	0.9738
1516	1.0000	0.9588	0.0000	0.9744
1517	1.0000	0.9522	0.0000	0.9751
1518	1.0000	0.9402	0.0000	0.9757
1519	1.0000	0.9421	0.0000	0.9764
1520	1.0000	0.9445	0.0000	0.9770
1521	1.0000	0.9416	0.0000	0.9776
1522	1.0000	0.9414	0.0000	0.9783
1523	1.0000	0.9299	0.0000	0.9789
1524	1.0000	0.9449	0.0000	0.9796
1525	1.0000	0.9278	0.0000	0.9802
1526	1.0000	0.9193	0.0000	0.9808
1527	1.0000	0.9403	0.0000	0.9814
1528	1.0000	0.9244	0.0000	0.9821
1529	1.0000	0.8931	0.0000	0.9827
1530	1.0000	0.9158	0.0000	0.9834
1531	1.0000	0.9150	0.0000	0.9841
1532	1.0000	0.9339	0.0000	0.9848
1533	1.0000	0.9248	0.0000	0.9854
1534	1.0000	0.9060	0.0000	0.9861
1535	1.0000	0.9215	0.0000	0.9867
1536	1.0000	0.9343	0.0000	0.9873
1537	1.0000	0.9220	0.0000	0.9880
1538	1.0000	0.9363	0.0000	0.9886
1539	1.0000	0.8991	0.0000	0.9892
1540	1.0000	0.9155	0.0000	0.9898
1541	1.0000	0.9410	0.0000	0.9905
1542	1.0000	0.9354	0.0000	0.9911
1543	1.0000	0.9409	0.0000	0.9917
1544	1.0000	0.9446	0.0000	0.9924
1545	1.0000	0.9579	0.0000	0.9930
1546	1.0000	0.9308	0.0000	0.9936
1547	1.0000	0.9467	0.0000	0.9943
1548	1.0000	0.9414	0.0000	0.9949
1549	1.0000	0.9549	0.0000	0.9955
1550	1.0000	0.9495	0.0000	0.9961
1551	1.0000	0.9443	0.0000	0.9968
1552	1.0000	0.9497	0.0000	0.9974
1553	1.0000	0.9428	0.0000	0.9980
1554	1.0000	0.9527	0.0000	0.9986
1555	1.0000	0.9599	0.0000	0.9992
1556	1.0000	0.9558	0.0000	0.9999
1557	1.0000	0.9688	0.0000	1.0005
1558	1.0000	0.9623	0.0000	1.0011
1559	1.0000	0.9433	0.0000	1.0018
1560	1.0000	0.9347	0.0000	1.0024
1561	1.0000	0.9605	0.0000	1.0030
1562	1.0000	0.9316	0.0000	1.0037
1563	1.0000	0.9310	0.0000	1.0043
1564	1.0000	0.9374	0.0000	1.0049
1565	1.0000	0.9344	0.0000	1.0056
1566	1.0000	0.9394	0.0000	1.0062
1567	1.0000	0.9569	0.0000	1.0068
1568	1.0000	0.9488	0.0000	1.0075
1569	1.0000	0.9457	0.0000	1.0081
1570	1.0000	0.9631	0.0000	1.0087
1571	1.0000	0.9613	0.0000	1.0094
1572	1.0000	0.9595	0.0000	1.0100
1573	1.0000	0.9689	0.0000	1.0106
1574	1.0000	0.9753	0.0000	1.0113
1575	1.0000	0.9566	0.0000	1.0119
1576	1.0000	0.9424	0.0000	1.0125
1577	1.0000	0.9400	0.0000	1.0132
1578	1.0000	0.9322	0.0000	1.0138
1579	1.0000	0.9092	0.0000	1.0145
1580	1.0000	0.9153	0.0000	1.0151
1581	1.0000	0.9465	0.0000	1.0157
1582	1.0000	0.9505	0.0000	1.0164
1583	1.0000	0.9495	0.0000	1.0170
1584	1.0000	0.9415	0.0000	1.0177
1585	1.0000	0.9389	0.0000	1.0183
1586	1.0000	0.9425	0.0000	1.0189
1587	1.0000	0.9468	0.0000	1.0196
1588	1.0000	0.9382	0.0000	1.0202
1589	1.0000	0.9649	0.0000	1.0209
1590	1.0000	0.9623	0.0000	1.0215
1591	1.0000	0.9382	0.0000	1.0221
1592	1.0000	0.9460	0.0000	1.0228
1593	1.0000	0.9467	0.0000	1.0235
1594	1.0000	0.9650	0.0000	1.0241
1595	1.0000	0.9767	0.0000	1.0247
1596	1.0000	0.9691	0.0000	1.0254
1597	1.0000	0.9582	0.0000	1.0260
1598	1.0000	0.9737	0.0000	1.0266
1599	1.0000	0.9566	0.0000	1.0273
1600	1.0000	0.9756	0.0000	1.0279
1601	1.0000	0.9745	0.0000	1.0285
1602	1.0000	0.9577	0.0000	1.0292
1603	1.0000	0.9432	0.0000	1.0298
1604	1.0000	0.9557	0.0000	1.0305
1605	1.0000	0.9557	0.0000	1.0311
1606	1.0000	0.9618	0.0000	1.0317
1607	1.0000	0.9601	0.0000	1.0324
1608	1.0000	0.9737	0.0000	1.0330
1609	1.0000	0.9774	0.0000	1.0336
1610	1.0000	0.9607	0.0000	1.0342
1611	1.0000	0.9661	0.0000	1.0349
1612	1.0000	0.9662	0.0000	1.0355
1613	1.0000	0.9822	0.0000	1.0362
1614	1.0000	0.9649	0.0000	1.0368
1615	1.0000	0.9501	0.0000	1.0374
1616	1.0000	0.9728	0.0000	1.0381
1617	1.0000	0.9426	0.0000	1.0387
1618	1.0000	0.9440	0.0000	1.0393
1619	1.0000	0.9390	0.0000	1.0400
1620	1.0000	0.9412	0.0000	1.0406
1621	1.0000	0.9375	0.0000	1.0413
1622	1.0000	0.9255	0.0000	1.0419
1623	1.0000	0.9614	0.0000	1.0425
1624	1.0000	0.9536	0.0000	1.0432
1625	1.0000	0.9481	0.0000	1.0438
1626	1.0000	0.9577	0.0000	1.0445
1627	1.0000	0.9709	0.0000	1.0451
1628	1.0000	0.9335	0.0000	1.0457
1629	1.0000	0.9382	0.0000	1.0464
1630	1.0000	0.9269	0.0000	1.0470
1631	1.0000	0.9351	0.0000	1.0476
1632	1.0000	0.9438	0.0000	1.0483
1633	1.0000	0.9359	0.0000	1.0489
1634	1.0000	0.9582	0.0000	1.0495
1635	1.0000	0.9453	0.0000	1.0502
1636	1.0000	0.9453	0.0000	1.0508
1637	1.0000	0.9562	0.0000	1.0514
1638	1.0000	0.9352	0.0000	1.0521
1639	1.0000	0.9529	0.0000	1.0527
1640	1.0000	0.9488	0.0000	1.0533
1641	1.0000	0.9525	0.0000	1.0539
1642	1.0000	0.9511	0.0000	1.0546
1643	1.0000	0.9559	0.0000	1.0552
1644	1.0000	0.9416	0.0000	1.0558
1645	1.0000	0.9294	0.0000	1.0565
1646	1.0000	0.9534	0.0000	1.0571
1647	1.0000	0.9187	0.0000	1.0578
1648	1.0000	0.9603	0.0000	1.0584
1649	1.0000	0.9692	0.0000	1.0590
1650	1.0000	0.9427	0.0000	1.0597
1651	1.0000	0.9182	0.0000	1.0604
1652	1.0000	0.9172	0.0000	1.0610
1653	1.0000	0.9421	0.0000	1.0617
1654	1.0000	0.9486	0.0000	1.0623
1655	1.0000	0.9346	0.0000	1.0629
1656	1.0000	0.9373	0.0000	1.0635
1657	1.0000	0.9432	0.0000	1.0642
1658	1.0000	0.9399	0.0000	1.0648
1659	1.0000	0.9407	0.0000	1.0654
1660	1.0000	0.9551	0.0000	1.0661
1661	1.0000	0.9385	0.0000	1.0667
1662	1.0000	0.9409	0.0000	1.0674
1663	1.0000	0.9257	0.0000	1.0680
1664	1.0000	0.9403	0.0000	1.0687
1665	1.0000	0.9394	0.0000	1.0693
1666	1.0000	0.9099	0.0000	1.0700
1667	1.0000	0.9304	0.0000	1.0706
1668	1.0000	0.9514	0.0000	1.0713
1669	1.0000	0.9405	0.0000	1.0719
1670	1.0000	0.9089	0.0000	1.0725
1671	1.0000	0.9003	0.0000	1.0732
1672	1.0000	0.9314	0.0000	1.0738
1673	1.0000	0.9100	0.0000	1.0744
1674	1.0000	0.9313	0.0000	1.0751
1675	1.0000	0.9307	0.0000	1.0757
1676	1.0000	0.9166	0.0000	1.0764
1677	1.0000	0.9180	0.0000	1.0770
1678	1.0000	0.9292	0.0000	1.0776
1679	1.0000	0.9507	0.0000	1.0783
1680	1.0000	0.9257	0.0000	1.0789
1681	1.0000	0.9315	0.0000	1.0796
1682	1.0000	0.9274	0.0000	1.0802
1683	1.0000	0.9543	0.0000	1.0809
1684	1.0000	0.8976	0.0000	1.0815
1685	1.0000	0.9118	0.0000	1.0822
1686	1.0000	0.9078	0.0000	1.0828
1687	1.0000	0.9124	0.0000	1.0834
1688	1.0000	0.9074	0.0000	1.0841
1689	1.0000	0.9152	0.0000	1.0847
1690	1.0000	0.9109	0.0000	1.0853
1691	1.0000	0.9223	0.0000	1.0860
1692	1.0000	0.9534	0.0000	1.0866
1693	1.0000	0.9132	0.0000	1.0872
1694	1.0000	0.9406	0.0000	1.0879
1695	1.0000	0.9478	0.0000	1.0885
1696	1.0000	0.9532	0.0000	1.0892
1697	1.0000	0.9183	0.0000	1.0898
1698	1.0000	0.9075	0.0000	1.0904
1699	1.0000	0.9292	0.0000	1.0910
1700	1.0000	0.9171	0.0000	1.0917
1701	1.0000	0.9341	0.0000	1.0923
1702	1.0000	0.9168	0.0000	1.0930
1703	1.0000	0.9395	0.0000	1.0936
1704	1.0000	0.9292	0.0000	1.0942
1705	1.0000	0.9354	0.0000	1.0948
1706	1.0000	0.9400	0.0000	1.0955
1707	1.0000	0.9365	0.0000	1.0961
1708	1.0000	0.9413	0.0000	1.0968
1709	1.0000	0.9429	0.0000	1.0974
1710	1.0000	0.9560	0.0000	1.0981
1711	1.0000	0.9663	0.0000	1.0987
1712	1.0000	0.9570	0.0000	1.0994
1713	1.0000	0.9422	0.0000	1.1001
1714	1.0000	0.9432	0.0000	1.1007
1715	1.0000	0.9551	0.0000	1.1013
1716	1.0000	0.9528	0.0000	1.1019
1717	1.0000	0.9403	0.0000	1.1026
1718	1.0000	0.9544	0.0000	1.1033
1719	1.0000	0.9353	0.0000	1.1039
1720	1.0000	0.9167	0.0000	1.1046
1721	1.0000	0.8835	0.0000	1.1052
1722	1.0000	0.9225	0.0000	1.1058
1723	1.0000	0.8969	0.0000	1.1065
1724	1.0000	0.8772	0.0000	1.1071
1725	1.0000	0.8922	0.0000	1.1078
1726	1.0000	0.8771	0.0000	1.1084
1727	1.0000	0.9197	0.0000	1.1090
1728	1.0000	0.9009	0.0000	1.1097
1729	1.0000	0.8956	0.0000	1.1103
1730	1.0000	0.8986	0.0000	1.1110
1731	1.0000	0.9130	0.0000	1.1116
1732	1.0000	0.9014	0.0000	1.1122
1733	1.0000	0.9050	0.0000	1.1129
1734	1.0000	0.9248	0.0000	1.1135
1735	1.0000	0.9226	0.0000	1.1142
1736	1.0000	0.9033	0.0000	1.1148
1737	1.0000	0.9123	0.0000	1.1155
1738	1.0000	0.9315	0.0000	1.1161
1739	1.0000	0.9249	0.0000	1.1168
1740	1.0000	0.9324	0.0000	1.1175
1741	1.0000	0.9465	0.0000	1.1181
1742	1.0000	0.9603	0.0000	1.1187
1743	1.0000	0.9576	0.0000	1.1194
1744	1.0000	0.9074	0.0000	1.1200
1745	1.0000	0.9591	0.0000	1.1206
1746	1.0000	0.9335	0.0000	1.1213
1747	1.0000	0.9294	0.0000	1.1219
1748	1.0000	0.9138	0.0000	1.1226
1749	1.0000	0.9321	0.0000	1.1232
1750	1.0000	0.9300	0.0000	1.1238
1751	1.0000	0.9192	0.0000	1.1245
1752	1.0000	0.9278	0.0000	1.1251
1753	1.0000	0.9215	0.0000	1.1258
1754	1.0000	0.9331	0.0000	1.1264
1755	1.0000	0.9494	0.0000	1.1271
1756	1.0000	0.9453	0.0000	1.1277
1757	1.0000	0.9298	0.0000	1.1284
1758	1.0000	0.9284	0.0000	1.1290
1759	1.0000	0.9463	0.0000	1.1297
1760	1.0000	0.9526	0.0000	1.1304
1761	1.0000	0.9375	0.0000	1.1310
1762	1.0000	0.9341	0.0000	1.1316
1763	1.0000	0.9513	0.0000	1.1323
1764	1.0000	0.9497	0.0000	1.1329
1765	1.0000	0.9602	0.0000	1.1335
1766	1.0000	0.9504	0.0000	1.1342
1767	1.0000	0.9512	0.0000	1.1348
1768	1.0000	0.9414	0.0000	1.1354
1769	1.0000	0.9595	0.0000	1.1360
1770	1.0000	0.9511	0.0000	1.1366
1771	1.0000	0.9346	0.0000	1.1373
1772	1.0000	0.9489	0.0000	1.1379
1773	1.0000	0.9444	0.0000	1.1385
1774	1.0000	0.9500	0.0000	1.1391
1775	1.0000	0.9608	0.0000	1.1398
1776	1.0000	0.9526	0.0000	1.1404
1777	1.0000	0.9444	0.0000	1.1411
1778	1.0000	0.9048	0.0000	1.1417
1779	1.0000	0.9285	0.0000	1.1423
1780	1.0000	0.9194	0.0000	1.1430
1781	1.0000	0.9433	0.0000	1.1436
1782	1.0000	0.9433	0.0000	1.1443
1783	1.0000	0.9410	0.0000	1.1449
1784	1.0000	0.9323	0.0000	1.1455
1785	1.0000	0.9373	0.0000	1.1462
1786	1.0000	0.9633	0.0000	1.1468
1787	1.0000	0.9209	0.0000	1.1475
1788	1.0000	0.9421	0.0000	1.1482
1789	1.0000	0.9182	0.0000	1.1488
1790	1.0000	0.9325	0.0000	1.1494
1791	1.0000	0.9148	0.0000	1.1500
1792	1.0000	0.9443	0.0000	1.1507
1793	1.0000	0.9272	0.0000	1.1513
1794	1.0000	0.9351	0.0000	1.1519
1795	1.0000	0.9281	0.0000	1.1526
1796	1.0000	0.9381	0.0000	1.1532
1797	1.0000	0.9483	0.0000	1.1539
1798	1.0000	0.9493	0.0000	1.1545
1799	1.0000	0.9321	0.0000	1.1552
1800	1.0000	0.9610	0.0000	1.1558
1801	1.0000	0.9514	0.0000	1.1565
1802	1.0000	0.9453	0.0000	1.1571
1803	1.0000	0.9400	0.0000	1.1578
1804	1.0000	0.9691	0.0000	1.1584
1805	1.0000	0.9513	0.0000	1.1590
1806	1.0000	0.9589	0.0000	1.1597
1807	1.0000	0.9357	0.0000	1.1603
1808	1.0000	0.9420	0.0000	1.1610
1809	1.0000	0.9495	0.0000	1.1616
1810	1.0000	0.9329	0.0000	1.1623
1811	1.0000	0.9371	0.0000	1.1629
1812	1.0000	0.9457	0.0000	1.1635
1813	1.0000	0.9391	0.0000	1.1642
1814	1.0000	0.9474	0.0000	1.1648
1815	1.0000	0.9603	0.0000	1.1654
1816	1.0000	0.9469	0.0000	1.1661
1817	1.0000	0.9234	0.0000	1.1667
1818	1.0000	0.9166	0.0000	1.1674
1819	1.0000	0.9199	0.0000	1.1680
1820	1.0000	0.9475	0.0000	1.1686
1821	1.0000	0.9409	0.0000	1.1693
1822	1.0000	0.9333	0.0000	1.1699
1823	1.0000	0.9443	0.0000	1.1705
1824	1.0000	0.9479	0.0000	1.1712
1825	1.0000	0.9364	0.0000	1.1718
1826	1.0000	0.9333	0.0000	1.1725
1827	1.0000	0.9201	0.0000	1.1731
1828	1.0000	0.9095	0.0000	1.1737
1829	1.0000	0.9340	0.0000	1.1743
1830	1.0000	0.9552	0.0000	1.1750
1831	1.0000	0.9328	0.0000	1.1756
1832	1.0000	0.9468	0.0000	1.1763
1833	1.0000	0.9487	0.0000	1.1769
1834	1.0000	0.9519	0.0000	1.1776
1835	1.0000	0.9416	0.0000	1.1782
1836	1.0000	0.9365	0.0000	1.1789
1837	1.0000	0.9425	0.0000	1.1795
1838	1.0000	0.9467	0.0000	1.1802
1839	1.0000	0.9353	0.0000	1.1808
1840	1.0000	0.9438	0.0000	1.1815
1841	1.0000	0.9167	0.0000	1.1821
1842	1.0000	0.9387	0.0000	1.1827
1843	1.0000	0.9329	0.0000	1.1834
1844	1.0000	0.9266	0.0000	1.1840
1845	1.0000	0.9337	0.0000	1.1847
1846	1.0000	0.9392	0.0000	1.1853
1847	1.0000	0.9591	0.0000	1.1859
1848	1.0000	0.9343	0.0000	1.1866
1849	1.0000	0.9471	0.0000	1.1873
1850	1.0000	0.9136	0.0000	1.1879
1851	1.0000	0.8995	0.0000	1.1885
1852	1.0000	0.8952	0.0000	1.1891
1853	1.0000	0.9262	0.0000	1.1898
1854	1.0000	0.9176	0.0000	1.1904
1855	1.0000	0.9184	0.0000	1.1910
1856	1.0000	0.9344	0.0000	1.1916
1857	1.0000	0.9086	0.0000	1.1923
1858	1.0000	0.9309	0.0000	1.1929
1859	1.0000	0.9064	0.0000	1.1936
1860	1.0000	0.9337	0.0000	1.1942
1861	1.0000	0.9151	0.0000	1.1949
1862	1.0000	0.9316	0.0000	1.1955
1863	1.0000	0.9199	0.0000	1.1961
1864	1.0000	0.9339	0.0000	1.1968
1865	1.0000	0.9607	0.0000	1.1974
1866	1.0000	0.9356	0.0000	1.1980
1867	1.0000	0.9402	0.0000	1.1987
1868	1.0000	0.9465	0.0000	1.1993
1869	1.0000	0.9593	0.0000	1.1999
1870	1.0000	0.9511	0.0000	1.2006
1871	1.0000	0.9543	0.0000	1.2012
1872	1.0000	0.9582	0.0000	1.2018
1873	1.0000	0.9591	0.0000	1.2025
1874	1.0000	0.9527	0.0000	1.2031
1875	1.0000	0.9423	0.0000	1.2038
1876	1.0000	0.9554	0.0000	1.2044
1877	1.0000	0.9482	0.0000	1.2050
1878	1.0000	0.9643	0.0000	1.2057
1879	1.0000	0.9559	0.0000	1.2063
1880	1.0000	0.9529	0.0000	1.2070
1881	1.0000	0.9581	0.0000	1.2076
1882	1.0000	0.9564	0.0000	1.2083
1883	1.0000	0.9189	0.0000	1.2089
1884	1.0000	0.9284	0.0000	1.2095
1885	1.0000	0.9396	0.0000	1.2102
1886	1.0000	0.9585	0.0000	1.2108
1887	1.0000	0.9492	0.0000	1.2114
1888	1.0000	0.9556	0.0000	1.2121
1889	1.0000	0.9585	0.0000	1.2127
1890	1.0000	0.9586	0.0000	1.2134
1891	1.0000	0.9471	0.0000	1.2140
1892	1.0000	0.9657	0.0000	1.2146
1893	1.0000	0.9570	0.0000	1.2153
1894	1.0000	0.9599	0.0000	1.2159
1895	1.0000	0.9546	0.0000	1.2166
1896	1.0000	0.9360	0.0000	1.2172
1897	1.0000	0.9514	0.0000	1.2178
1898	1.0000	0.9266	0.0000	1.2185
1899	1.0000	0.9446	0.0000	1.2191
1900	1.0000	0.9534	0.0000	1.2198
1901	1.0000	0.9470	0.0000	1.2204
1902	1.0000	0.9561	0.0000	1.2210
1903	1.0000	0.9438	0.0000	1.2216
1904	1.0000	0.9348	0.0000	1.2223
1905	1.0000	0.9419	0.0000	1.2229
1906	1.0000	0.9332	0.0000	1.2235
1907	1.0000	0.9321	0.0000	1.2242
1908	1.0000	0.9393	0.0000	1.2248
1909	1.0000	0.9509	0.0000	1.2254
1910	1.0000	0.9559	0.0000	1.2260
1911	1.0000	0.9549	0.0000	1.2267
1912	1.0000	0.9353	0.0000	1.2273
1913	1.0000	0.9272	0.0000	1.2279
1914	1.0000	0.9176	0.0000	1.2286
1915	1.0000	0.9458	0.0000	1.2292
1916	1.0000	0.9297	0.0000	1.2298
1917	1.0000	0.9568	0.0000	1.2305
1918	1.0000	0.9467	0.0000	1.2311
1919	1.0000	0.9522	0.0000	1.2317
1920	1.0000	0.9406	0.0000	1.2325
1921	1.0000	0.9231	0.0000	1.2331
1922	1.0000	0.9336	0.0000	1.2338
1923	1.0000	0.9492	0.0000	1.2345
1924	1.0000	0.9091	0.0000	1.2351
1925	1.0000	0.9386	0.0000	1.2357
1926	1.0000	0.9423	0.0000	1.2364
1927	1.0000	0.9304	0.0000	1.2370
1928	1.0000	0.9472	0.0000	1.2377
1929	1.0000	0.9441	0.0000	1.2383
1930	1.0000	0.9278	0.0000	1.2389
1931	1.0000	0.9403	0.0000	1.2395
1932	1.0000	0.9376	0.0000	1.2401
1933	1.0000	0.9397	0.0000	1.2408
1934	1.0000	0.9378	0.0000	1.2414
1935	1.0000	0.9387	0.0000	1.2421
1936	1.0000	0.9526	0.0000	1.2427
1937	1.0000	0.9542	0.0000	1.2433
1938	1.0000	0.9186	0.0000	1.2439
1939	1.0000	0.9016	0.0000	1.2446
1940	1.0000	0.9250	0.0000	1.2453
1941	1.0000	0.9345	0.0000	1.2459
1942	1.0000	0.9244	0.0000	1.2465
1943	1.0000	0.9494	0.0000	1.2472
1944	1.0000	0.9455	0.0000	1.2479
1945	1.0000	0.9140	0.0000	1.2485
1946	1.0000	0.9149	0.0000	1.2491
1947	1.0000	0.9223	0.0000	1.2498
1948	1.0000	0.9302	0.0000	1.2504
1949	1.0000	0.9052	0.0000	1.2510
1950	1.0000	0.9297	0.0000	1.2517
1951	1.0000	0.9207	0.0000	1.2523
1952	1.0000	0.8886	0.0000	1.2529
1953	1.0000	0.9369	0.0000	1.2536
1954	1.0000	0.9142	0.0000	1.2542
1955	1.0000	0.9110	0.0000	1.2548
1956	1.0000	0.9277	0.0000	1.2555
1957	1.0000	0.8719	0.0000	1.2561
1958	1.0000	0.9214	0.0000	1.2567
1959	1.0000	0.9122	0.0000	1.2574
1960	1.0000	0.9211	0.0000	1.2580
1961	1.0000	0.8958	0.0000	1.2586
1962	1.0000	0.9259	0.0000	1.2593
1963	1.0000	0.9316	0.0000	1.2600
1964	1.0000	0.9498	0.0000	1.2606
1965	1.0000	0.9420	0.0000	1.2612
1966	1.0000	0.9392	0.0000	1.2619
1967	1.0000	0.9364	0.0000	1.2625
1968	1.0000	0.9561	0.0000	1.2632
1969	1.0000	0.9551	0.0000	1.2638
1970	1.0000	0.9594	0.0000	1.2645
1971	1.0000	0.9545	0.0000	1.2651
1972	1.0000	0.9447	0.0000	1.2658
1973	1.0000	0.9615	0.0000	1.2665
1974	1.0000	0.9185	0.0000	1.2671
1975	1.0000	0.9337	0.0000	1.2678
1976	1.0000	0.9427	0.0000	1.2684
1977	1.0000	0.9460	0.0000	1.2690
1978	1.0000	0.9507	0.0000	1.2697
1979	1.0000	0.9388	0.0000	1.2703
1980	1.0000	0.9537	0.0000	1.2709
1981	1.0000	0.9549	0.0000	1.2716
1982	1.0000	0.9688	0.0000	1.2722
1983	1.0000	0.9518	0.0000	1.2729
1984	1.0000	0.9307	0.0000	1.2735
1985	1.0000	0.9336	0.0000	1.2741
1986	1.0000	0.9202	0.0000	1.2748
1987	1.0000	0.9333	0.0000	1.2754
1988	1.0000	0.9312	0.0000	1.2760
1989	1.0000	0.9315	0.0000	1.2767
1990	1.0000	0.9371	0.0000	1.2774
1991	1.0000	0.9191	0.0000	1.2780
1992	1.0000	0.9260	0.0000	1.2787
1993	1.0000	0.9407	0.0000	1.2793
1994	1.0000	0.9105	0.0000	1.2800
1995	1.0000	0.9431	0.0000	1.2807
1996	1.0000	0.9388	0.0000	1.2813
1997	1.0000	0.9299	0.0000	1.2819
1998	1.0000	0.9433	0.0000	1.2826
1999	1.0000	0.9474	0.0000	1.2832
2000	1.0000	0.9528	0.0000	1.2839
2001	1.0000	0.9592	0.0000	1.2845
2002	1.0000	0.9026	0.0000	1.2852
2003	1.0000	0.8937	0.0000	1.2858
2004	1.0000	0.8976	0.0000	1.2865
2005	1.0000	0.9075	0.0000	1.2871
2006	1.0000	0.9004	0.0000	1.2878
2007	1.0000	0.8969	0.0000	1.2884
2008	1.0000	0.9311	0.0000	1.2891
2009	1.0000	0.9270	0.0000	1.2897
2010	1.0000	0.9443	0.0000	1.2904
2011	1.0000	0.9347	0.0000	1.2910
2012	1.0000	0.8988	0.0000	1.2917
2013	1.0000	0.9417	0.0000	1.2923
2014	1.0000	0.9337	0.0000	1.2930
2015	1.0000	0.9299	0.0000	1.2936
2016	1.0000	0.9359	0.0000	1.2943
2017	1.0000	0.9481	0.0000	1.2949
2018	1.0000	0.9319	0.0000	1.2956
2019	1.0000	0.9354	0.0000	1.2962
2020	1.0000	0.9543	0.0000	1.2969
2021	1.0000	0.9456	0.0000	1.2975
2022	1.0000	0.9582	0.0000	1.2982
2023	1.0000	0.9373	0.0000	1.2988
2024	1.0000	0.9665	0.0000	1.2995
2025	1.0000	0.9405	0.0000	1.3001
2026	1.0000	0.9343	0.0000	1.3007
2027	1.0000	0.9423	0.0000	1.3014
2028	1.0000	0.9311	0.0000	1.3020
2029	1.0000	0.9544	0.0000	1.3026
2030	1.0000	0.9342	0.0000	1.3033
2031	1.0000	0.9152	0.0000	1.3039
2032	1.0000	0.9444	0.0000	1.3046
2033	1.0000	0.9407	0.0000	1.3052
2034	1.0000	0.9397	0.0000	1.3058
2035	1.0000	0.9514	0.0000	1.3065
2036	1.0000	0.9442	0.0000	1.3071
2037	1.0000	0.9300	0.0000	1.3078
2038	1.0000	0.9546	0.0000	1.3084
2039	1.0000	0.9344	0.0000	1.3090
2040	1.0000	0.9431	0.0000	1.3096
2041	1.0000	0.9471	0.0000	1.3103
2042	1.0000	0.9643	0.0000	1.3109
2043	1.0000	0.9504	0.0000	1.3115
2044	1.0000	0.9573	0.0000	1.3122
2045	1.0000	0.9342	0.0000	1.3128
2046	1.0000	0.9324	0.0000	1.3134
2047	1.0000	0.9416	0.0000	1.3140
2048	1.0000	0.9485	0.0000	1.3147
2049	1.0000	0.9319	0.0000	1.3154
2050	1.0000	0.9326	0.0000	1.3161
2051	1.0000	0.9413	0.0000	1.3167
2052	1.0000	0.9549	0.0000	1.3173
2053	1.0000	0.9421	0.0000	1.3179
2054	1.0000	0.9424	0.0000	1.3185
2055	1.0000	0.9530	0.0000	1.3191
2056	1.0000	0.9518	0.0000	1.3198
2057	1.0000	0.9703	0.0000	1.3204
2058	1.0000	0.9590	0.0000	1.3211
2059	1.0000	0.9499	0.0000	1.3217
2060	1.0000	0.9379	0.0000	1.3224
2061	1.0000	0.9507	0.0000	1.3230
2062	1.0000	0.9521	0.0000	1.3236
2063	1.0000	0.9464	0.0000	1.3242
2064	1.0000	0.9545	0.0000	1.3248
2065	1.0000	0.9439	0.0000	1.3254
2066	1.0000	0.9613	0.0000	1.3261
2067	1.0000	0.9593	0.0000	1.3267
2068	1.0000	0.9490	0.0000	1.3273
2069	1.0000	0.9627	0.0000	1.3279
2070	1.0000	0.9521	0.0000	1.3285
2071	1.0000	0.9535	0.0000	1.3292
2072	1.0000	0.9542	0.0000	1.3298
2073	1.0000	0.9470	0.0000	1.3304
2074	1.0000	0.9522	0.0000	1.3311
2075	1.0000	0.9575	0.0000	1.3317
2076	1.0000	0.9599	0.0000	1.3323
2077	1.0000	0.9545	0.0000	1.3329
2078	1.0000	0.9584	0.0000	1.3336
2079	1.0000	0.9651	0.0000	1.3342
2080	1.0000	0.9725	0.0000	1.3348
2081	1.0000	0.9601	0.0000	1.3354
2082	1.0000	0.9704	0.0000	1.3361
2083	1.0000	0.9597	0.0000	1.3367
2084	1.0000	0.9721	0.0000	1.3373
2085	1.0000	0.9703	0.0000	1.3380
2086	1.0000	0.9621	0.0000	1.3386
2087	1.0000	0.9585	0.0000	1.3392
2088	1.0000	0.9525	0.0000	1.3398
2089	1.0000	0.9441	0.0000	1.3405
2090	1.0000	0.9427	0.0000	1.3411
2091	1.0000	0.9316	0.0000	1.3417
2092	1.0000	0.9277	0.0000	1.3423
2093	1.0000	0.9622	0.0000	1.3430
2094	1.0000	0.9552	0.0000	1.3436
2095	1.0000	0.9622	0.0000	1.3442
2096	1.0000	0.9612	0.0000	1.3449
2097	1.0000	0.9427	0.0000	1.3455
2098	1.0000	0.9634	0.0000	1.3461
2099	1.0000	0.9538	0.0000	1.3467
2100	1.0000	0.9510	0.0000	1.3473
2101	1.0000	0.9535	0.0000	1.3480
2102	1.0000	0.9463	0.0000	1.3486
2103	1.0000	0.9456	0.0000	1.3493
2104	1.0000	0.9389	0.0000	1.3499
2105	1.0000	0.9402	0.0000	1.3506
2106	1.0000	0.9316	0.0000	1.3512
2107	1.0000	0.9437	0.0000	1.3519
2108	1.0000	0.9379	0.0000	1.3525
2109	1.0000	0.9463	0.0000	1.3531
2110	1.0000	0.9295	0.0000	1.3538
2111	1.0000	0.9303	0.0000	1.3544
2112	1.0000	0.9601	0.0000	1.3550
2113	1.0000	0.9584	0.0000	1.3556
2114	1.0000	0.9428	0.0000	1.3563
2115	1.0000	0.9500	0.0000	1.3569
2116	1.0000	0.9019	0.0000	1.3575
2117	1.0000	0.9061	0.0000	1.3582
2118	1.0000	0.9167	0.0000	1.3588
2119	1.0000	0.9290	0.0000	1.3594
2120	1.0000	0.9306	0.0000	1.3601
2121	1.0000	0.9098	0.0000	1.3607
2122	1.0000	0.9403	0.0000	1.3613
2123	1.0000	0.9349	0.0000	1.3620
2124	1.0000	0.9414	0.0000	1.3626
2125	1.0000	0.9206	0.0000	1.3632
2126	1.0000	0.9321	0.0000	1.3639
2127	1.0000	0.9240	0.0000	1.3645
2128	1.0000	0.9265	0.0000	1.3651
2129	1.0000	0.9341	0.0000	1.3657
2130	1.0000	0.9573	0.0000	1.3664
2131	1.0000	0.9356	0.0000	1.3670
Pos: [0.3330180168398282, 7.706268646237466, 0.6242289122175759]

=================================================================================================================