ID: himmelblau	Date: 2019-08-19 19:14:06	Runs: 1
=================================================================================================================
Run: 0
Iter	Gbest	AvrFit	Diver	ETime	
0	198.0000	25.8700	1.0000	0.0002
1	199.0722	75.5696	0.9930	0.0004
2	199.0722	91.0899	0.9969	0.0005
3	199.0722	127.4722	0.9939	0.0007
4	199.0722	67.0871	0.9825	0.0008
5	199.9358	135.6297	0.9726	0.0010
6	199.9358	125.3669	0.9664	0.0012
7	199.9358	136.5788	0.9667	0.0013
8	199.9358	137.5491	0.9609	0.0015
9	199.9358	157.4048	0.9632	0.0017
10	199.9358	168.5583	0.9621	0.0018
11	199.9358	175.0541	0.9608	0.0020
12	199.9358	169.7066	0.9588	0.0022
13	199.9585	171.4693	0.9606	0.0023
14	199.9585	177.5253	0.9527	0.0025
15	199.9658	178.9427	0.9455	0.0027
16	199.9658	162.5624	0.9409	0.0028
17	199.9658	167.5762	0.9422	0.0030
18	199.9658	168.2150	0.9422	0.0031
19	199.9658	180.1692	0.9576	0.0033
20	199.9658	178.3768	0.9579	0.0035
21	199.9658	152.0312	0.9392	0.0036
22	199.9658	174.7842	0.9429	0.0038
23	199.9658	173.3122	0.9401	0.0040
24	199.9658	170.7281	0.9314	0.0041
25	199.9945	152.9093	0.9278	0.0043
26	199.9945	137.1037	0.9267	0.0045
27	199.9945	143.0724	0.9176	0.0046
28	199.9963	122.8292	0.9118	0.0048
29	199.9963	162.9334	0.9104	0.0050
30	199.9972	165.6153	0.9070	0.0051
31	199.9972	154.1229	0.9021	0.0053
32	199.9972	165.6567	0.9012	0.0055
33	199.9972	162.1338	0.8873	0.0056
34	199.9972	147.8927	0.8808	0.0058
35	199.9977	168.0628	0.8793	0.0060
36	199.9977	172.6855	0.8730	0.0061
37	199.9987	142.5463	0.8640	0.0063
38	199.9987	169.7269	0.8612	0.0064
39	199.9987	149.6936	0.8484	0.0066
40	199.9987	154.9601	0.8582	0.0068
41	199.9987	167.5643	0.8527	0.0069
42	199.9987	168.6772	0.8503	0.0071
43	199.9987	170.6956	0.8493	0.0073
44	199.9992	149.8984	0.8483	0.0074
45	199.9992	171.4781	0.8463	0.0076
46	199.9999	176.3031	0.8599	0.0078
47	199.9999	169.1849	0.8581	0.0079
48	199.9999	178.3756	0.8519	0.0081
49	199.9999	161.8668	0.8575	0.0082
50	199.9999	169.1356	0.8632	0.0084
51	199.9999	94.5280	0.8711	0.0086
52	199.9999	118.7406	0.8894	0.0087
53	199.9999	101.0981	0.9011	0.0089
54	199.9999	121.3406	0.8944	0.0091
55	199.9999	95.1759	0.8957	0.0093
56	199.9999	94.3824	0.9023	0.0094
57	199.9999	115.2418	0.8943	0.0096
58	199.9999	154.0394	0.8939	0.0098
59	199.9999	138.9214	0.8871	0.0099
60	199.9999	121.0091	0.8809	0.0101
61	199.9999	141.7415	0.8783	0.0102
62	199.9999	128.9941	0.8693	0.0104
63	199.9999	137.6814	0.8719	0.0106
64	199.9999	170.8525	0.8584	0.0107
65	199.9999	145.7823	0.8524	0.0109
66	200.0000	155.8323	0.8573	0.0111
67	200.0000	168.3409	0.8466	0.0113
68	200.0000	167.2996	0.8531	0.0115
69	200.0000	130.3502	0.8528	0.0117
70	200.0000	166.2003	0.8432	0.0118
71	200.0000	151.1799	0.8407	0.0120
72	200.0000	162.4157	0.8404	0.0122
73	200.0000	141.1613	0.8405	0.0123
74	200.0000	149.4295	0.8397	0.0125
75	200.0000	163.8836	0.8386	0.0127
76	200.0000	133.6786	0.8432	0.0128
77	200.0000	156.6734	0.8522	0.0130
78	200.0000	153.7793	0.8517	0.0131
79	200.0000	133.1508	0.8503	0.0133
80	200.0000	143.6103	0.8507	0.0135
81	200.0000	154.2413	0.8468	0.0136
82	200.0000	140.2400	0.8429	0.0138
83	200.0000	183.1936	0.8455	0.0139
84	200.0000	148.6725	0.8437	0.0141
85	200.0000	178.9311	0.8479	0.0143
86	200.0000	161.4928	0.8469	0.0144
87	200.0000	158.8112	0.8844	0.0146
88	200.0000	172.2823	0.8828	0.0148
89	200.0000	142.7952	0.8812	0.0149
90	200.0000	159.1580	0.8589	0.0151
91	200.0000	151.5072	0.8579	0.0152
92	200.0000	142.9633	0.8585	0.0154
93	200.0000	148.9795	0.8528	0.0156
94	200.0000	158.9935	0.8501	0.0157
95	200.0000	144.6547	0.8408	0.0159
96	200.0000	191.3648	0.8299	0.0161
97	200.0000	150.1257	0.8260	0.0162
98	200.0000	159.5501	0.8348	0.0164
99	200.0000	154.7913	0.8326	0.0166
100	200.0000	124.9963	0.8325	0.0167
101	200.0000	150.0945	0.8548	0.0169
102	200.0000	150.2778	0.8726	0.0171
103	200.0000	152.7167	0.8576	0.0172
104	200.0000	147.5345	0.9006	0.0174
105	200.0000	163.8743	0.8862	0.0176
106	200.0000	168.2619	0.8910	0.0177
107	200.0000	170.3595	0.8710	0.0179
108	200.0000	155.4146	0.8689	0.0180
109	200.0000	172.5360	0.8652	0.0182
110	200.0000	173.8898	0.8643	0.0184
111	200.0000	170.5199	0.8833	0.0185
112	200.0000	171.9427	0.8727	0.0187
113	200.0000	170.5798	0.8714	0.0189
114	200.0000	181.6804	0.8758	0.0190
115	200.0000	145.8055	0.8699	0.0192
116	200.0000	168.7372	0.8768	0.0194
117	200.0000	170.5907	0.8848	0.0195
118	200.0000	162.7839	0.8938	0.0197
119	200.0000	162.4798	0.8754	0.0199
120	200.0000	159.5965	0.8629	0.0200
121	200.0000	155.9506	0.8691	0.0202
122	200.0000	142.6865	0.8707	0.0204
123	200.0000	145.0407	0.8569	0.0205
124	200.0000	156.0734	0.8531	0.0207
125	200.0000	153.1598	0.8506	0.0209
126	200.0000	122.2607	0.8727	0.0210
127	200.0000	142.4067	0.8666	0.0212
128	200.0000	155.1684	0.8661	0.0213
129	200.0000	164.3631	0.8575	0.0215
130	200.0000	154.9807	0.8516	0.0217
131	200.0000	145.5653	0.8511	0.0218
132	200.0000	142.6793	0.8570	0.0220
133	200.0000	155.0145	0.8943	0.0222
134	200.0000	154.7747	0.8764	0.0223
135	200.0000	176.1239	0.8973	0.0225
136	200.0000	144.3033	0.9003	0.0227
137	200.0000	141.0648	0.8976	0.0228
138	200.0000	166.4389	0.8949	0.0230
139	200.0000	133.8303	0.8916	0.0232
140	200.0000	143.5753	0.8882	0.0233
141	200.0000	179.3186	0.8971	0.0235
142	200.0000	171.5106	0.8838	0.0236
143	200.0000	153.1878	0.8652	0.0238
144	200.0000	154.2207	0.8815	0.0240
145	200.0000	171.3447	0.8825	0.0241
146	200.0000	166.9558	0.8844	0.0243
147	200.0000	161.3528	0.8772	0.0245
148	200.0000	143.3850	0.8633	0.0246
149	200.0000	129.7870	0.8726	0.0248
150	200.0000	153.9602	0.8761	0.0249
151	200.0000	152.3416	0.8828	0.0251
152	200.0000	122.7983	0.8499	0.0253
153	200.0000	151.6381	0.8470	0.0255
154	200.0000	147.3561	0.8429	0.0257
155	200.0000	143.1044	0.8471	0.0258
156	200.0000	156.5685	0.8676	0.0260
157	200.0000	182.0496	0.8803	0.0261
158	200.0000	137.6814	0.8624	0.0263
159	200.0000	162.8553	0.8584	0.0265
160	200.0000	162.4992	0.8411	0.0266
161	200.0000	138.4907	0.8371	0.0268
162	200.0000	155.5497	0.8408	0.0270
163	200.0000	178.2022	0.8453	0.0271
164	200.0000	158.8282	0.8528	0.0273
165	200.0000	162.9577	0.8777	0.0275
166	200.0000	176.7777	0.8736	0.0276
167	200.0000	158.5347	0.9061	0.0278
168	200.0000	143.5508	0.8990	0.0280
169	200.0000	142.6576	0.9111	0.0281
170	200.0000	161.5190	0.9196	0.0283
171	200.0000	170.5661	0.9057	0.0285
172	200.0000	148.0475	0.9206	0.0286
173	200.0000	119.9109	0.9424	0.0288
174	200.0000	102.2108	0.9436	0.0290
175	200.0000	140.9736	0.9431	0.0291
176	200.0000	126.2591	0.9087	0.0293
177	200.0000	123.2981	0.9116	0.0295
178	200.0000	144.0203	0.9071	0.0296
179	200.0000	146.4448	0.8844	0.0298
180	200.0000	164.4978	0.8928	0.0300
181	200.0000	129.1642	0.8829	0.0301
182	200.0000	134.4775	0.8690	0.0303
183	200.0000	149.0785	0.8933	0.0304
184	200.0000	149.5237	0.8914	0.0306
185	200.0000	149.6488	0.8981	0.0308
186	200.0000	147.1733	0.9067	0.0309
187	200.0000	147.2087	0.8998	0.0311
188	200.0000	120.6302	0.9080	0.0313
189	200.0000	133.3983	0.9057	0.0314
190	200.0000	155.4154	0.9170	0.0316
191	200.0000	180.8230	0.9111	0.0317
192	200.0000	149.3144	0.9104	0.0319
193	200.0000	166.4694	0.9099	0.0321
194	200.0000	154.0406	0.9202	0.0322
195	200.0000	169.9027	0.9361	0.0324
196	200.0000	184.2354	0.9446	0.0326
197	200.0000	180.8804	0.9423	0.0327
198	200.0000	165.4227	0.9455	0.0329
199	200.0000	155.2327	0.9470	0.0330
200	200.0000	157.7565	0.9443	0.0332
201	200.0000	163.7944	0.9441	0.0334
202	200.0000	164.8679	0.9324	0.0336
203	200.0000	152.0513	0.9254	0.0337
204	200.0000	155.2060	0.9148	0.0339
205	200.0000	151.8562	0.9151	0.0341
206	200.0000	138.4919	0.9069	0.0342
207	200.0000	155.6560	0.9226	0.0344
208	200.0000	148.9804	0.9239	0.0346
209	200.0000	140.9849	0.9383	0.0347
210	200.0000	125.5873	0.9354	0.0349
211	200.0000	166.3208	0.9306	0.0351
212	200.0000	162.1609	0.9562	0.0352
213	200.0000	148.1814	0.9426	0.0354
214	200.0000	171.4306	0.9279	0.0356
215	200.0000	170.9509	0.9283	0.0357
216	200.0000	172.2498	0.9320	0.0359
217	200.0000	177.5601	0.9326	0.0361
218	200.0000	158.1405	0.9112	0.0362
219	200.0000	145.0320	0.9097	0.0364
220	200.0000	154.6430	0.8965	0.0366
221	200.0000	162.8217	0.8641	0.0367
222	200.0000	151.2330	0.8595	0.0369
223	200.0000	174.9507	0.9080	0.0370
224	200.0000	138.1367	0.8873	0.0372
225	200.0000	158.8145	0.8790	0.0374
226	200.0000	173.4959	0.8701	0.0375
227	200.0000	139.4920	0.8678	0.0377
228	200.0000	165.7579	0.8611	0.0379
229	200.0000	167.2468	0.8529	0.0380
230	200.0000	169.2465	0.8412	0.0382
231	200.0000	170.4620	0.8631	0.0384
232	200.0000	156.3463	0.8625	0.0385
233	200.0000	172.7052	0.8594	0.0387
234	200.0000	181.0365	0.8554	0.0389
235	200.0000	156.3894	0.8930	0.0390
236	200.0000	148.5420	0.8843	0.0392
237	200.0000	146.8887	0.8798	0.0394
238	200.0000	163.0544	0.8958	0.0395
239	200.0000	136.8863	0.8822	0.0397
240	200.0000	137.0315	0.8780	0.0399
241	200.0000	156.7957	0.8916	0.0400
242	200.0000	128.9330	0.8902	0.0402
243	200.0000	127.6497	0.8902	0.0404
244	200.0000	152.4495	0.8695	0.0405
245	200.0000	142.5179	0.8581	0.0407
246	200.0000	172.7156	0.8566	0.0409
247	200.0000	167.6581	0.8565	0.0410
248	200.0000	164.5417	0.8528	0.0412
249	200.0000	168.1881	0.8537	0.0413
250	200.0000	184.8837	0.8481	0.0415
251	200.0000	171.8897	0.8572	0.0417
252	200.0000	164.3360	0.8518	0.0418
253	200.0000	170.4998	0.8669	0.0420
254	200.0000	140.0946	0.8758	0.0422
255	200.0000	117.2913	0.8610	0.0423
256	200.0000	151.2485	0.8489	0.0425
257	200.0000	165.5877	0.8739	0.0427
258	200.0000	154.9293	0.8616	0.0428
259	200.0000	143.3716	0.8727	0.0430
260	200.0000	127.2951	0.8703	0.0432
261	200.0000	149.1188	0.8677	0.0434
262	200.0000	129.8193	0.8587	0.0435
263	200.0000	150.8800	0.8423	0.0437
264	200.0000	120.7080	0.8558	0.0438
265	200.0000	151.0395	0.8744	0.0440
266	200.0000	140.9973	0.8787	0.0442
267	200.0000	149.9591	0.8833	0.0444
268	200.0000	166.5887	0.8821	0.0445
269	200.0000	130.7404	0.8759	0.0447
270	200.0000	152.8409	0.8814	0.0449
271	200.0000	160.7988	0.8759	0.0450
272	200.0000	123.6059	0.8888	0.0452
273	200.0000	161.8586	0.8694	0.0454
274	200.0000	110.9746	0.8547	0.0455
275	200.0000	147.0435	0.8867	0.0457
276	200.0000	146.7768	0.8935	0.0459
277	200.0000	119.8216	0.8938	0.0460
278	200.0000	155.1996	0.8996	0.0462
279	200.0000	120.6040	0.8949	0.0464
280	200.0000	145.4482	0.8965	0.0465
281	200.0000	139.8719	0.8951	0.0467
282	200.0000	157.6223	0.8887	0.0469
283	200.0000	127.1515	0.8640	0.0470
284	200.0000	159.7148	0.8982	0.0472
285	200.0000	147.4973	0.9109	0.0474
286	200.0000	146.1367	0.9014	0.0475
287	200.0000	160.9373	0.9076	0.0477
288	200.0000	153.8682	0.8957	0.0478
289	200.0000	171.6504	0.8924	0.0480
290	200.0000	150.2146	0.8972	0.0482
291	200.0000	151.5809	0.8961	0.0483
292	200.0000	165.5828	0.8931	0.0485
293	200.0000	161.8830	0.8915	0.0487
294	200.0000	158.1288	0.8885	0.0488
295	200.0000	157.1165	0.9103	0.0490
296	200.0000	147.2329	0.9149	0.0491
297	200.0000	152.6912	0.9107	0.0493
298	200.0000	172.3107	0.9082	0.0495
299	200.0000	180.3865	0.8972	0.0496
300	200.0000	173.7278	0.9342	0.0498
301	200.0000	160.8208	0.9325	0.0500
302	200.0000	165.2769	0.9331	0.0501
303	200.0000	160.2922	0.9241	0.0503
304	200.0000	163.7166	0.9192	0.0505
305	200.0000	138.4542	0.9083	0.0506
306	200.0000	142.1434	0.9169	0.0508
307	200.0000	158.0340	0.9026	0.0510
308	200.0000	148.3496	0.9061	0.0511
309	200.0000	149.5312	0.9071	0.0513
310	200.0000	161.2807	0.9197	0.0515
311	200.0000	168.5097	0.9153	0.0516
312	200.0000	162.8839	0.9158	0.0518
313	200.0000	162.0331	0.9220	0.0520
314	200.0000	156.3272	0.9108	0.0521
315	200.0000	164.7425	0.9111	0.0523
316	200.0000	148.7289	0.9007	0.0525
317	200.0000	164.9125	0.8911	0.0526
318	200.0000	173.4727	0.8975	0.0528
319	200.0000	153.1432	0.8892	0.0530
320	200.0000	170.0822	0.8892	0.0531
321	200.0000	167.5789	0.9015	0.0533
322	200.0000	168.4429	0.8939	0.0534
323	200.0000	185.2749	0.8899	0.0536
324	200.0000	183.3218	0.8722	0.0538
325	200.0000	175.3044	0.8465	0.0540
326	200.0000	172.9864	0.8442	0.0541
327	200.0000	184.1262	0.8385	0.0543
328	200.0000	183.3415	0.8575	0.0545
329	200.0000	182.8663	0.8565	0.0546
330	200.0000	166.5343	0.8689	0.0548
331	200.0000	126.8397	0.8860	0.0550
332	200.0000	152.4031	0.8896	0.0551
333	200.0000	163.0327	0.9103	0.0553
334	200.0000	118.1075	0.9088	0.0554
335	200.0000	157.7643	0.9199	0.0556
336	200.0000	166.5427	0.9182	0.0558
337	200.0000	170.2247	0.9190	0.0559
338	200.0000	184.5648	0.9462	0.0561
339	200.0000	149.2928	0.9496	0.0563
340	200.0000	144.5129	0.9456	0.0564
341	200.0000	147.1847	0.9365	0.0566
342	200.0000	157.1149	0.9376	0.0568
343	200.0000	138.4599	0.9365	0.0569
344	200.0000	146.1736	0.9124	0.0571
345	200.0000	142.3757	0.9030	0.0572
346	200.0000	120.7808	0.8946	0.0574
347	200.0000	136.8954	0.8965	0.0576
348	200.0000	146.7143	0.8952	0.0577
349	200.0000	168.1552	0.9214	0.0579
350	200.0000	172.6169	0.9202	0.0581
351	200.0000	171.6391	0.9198	0.0582
352	200.0000	164.0528	0.8939	0.0584
353	200.0000	151.5565	0.9115	0.0586
354	200.0000	159.6102	0.9035	0.0587
355	200.0000	161.9985	0.9209	0.0589
356	200.0000	160.5537	0.9467	0.0591
357	200.0000	127.7696	0.9464	0.0592
358	200.0000	144.4497	0.9398	0.0594
359	200.0000	161.8336	0.9438	0.0596
360	200.0000	130.5561	0.9417	0.0597
361	200.0000	152.3579	0.9109	0.0599
362	200.0000	149.3042	0.8991	0.0601
363	200.0000	154.9696	0.8737	0.0602
364	200.0000	166.9183	0.8867	0.0604
365	200.0000	151.0134	0.8848	0.0605
366	200.0000	158.6619	0.8794	0.0607
367	200.0000	142.0688	0.8842	0.0609
368	200.0000	160.0319	0.8845	0.0610
369	200.0000	160.7091	0.8717	0.0612
370	200.0000	157.3661	0.8729	0.0614
371	200.0000	157.6340	0.8547	0.0616
372	200.0000	126.1217	0.8556	0.0617
373	200.0000	135.9586	0.8631	0.0619
374	200.0000	144.0132	0.8469	0.0621
375	200.0000	150.3175	0.8528	0.0622
376	200.0000	154.3089	0.8463	0.0624
377	200.0000	156.7406	0.8450	0.0626
378	200.0000	154.0372	0.8575	0.0627
379	200.0000	102.5201	0.8623	0.0629
380	200.0000	146.8524	0.8530	0.0631
381	200.0000	150.2756	0.8482	0.0632
382	200.0000	159.1180	0.8918	0.0634
383	200.0000	144.4785	0.8969	0.0636
384	200.0000	137.8100	0.8983	0.0637
385	200.0000	145.3119	0.8892	0.0639
386	200.0000	163.5176	0.8838	0.0641
387	200.0000	156.0228	0.8819	0.0642
388	200.0000	161.5840	0.8835	0.0644
389	200.0000	164.6701	0.9240	0.0646
390	200.0000	145.2814	0.9175	0.0647
391	200.0000	125.8343	0.9340	0.0649
392	200.0000	116.2531	0.9321	0.0651
393	200.0000	153.8126	0.9083	0.0652
394	200.0000	121.3673	0.9142	0.0654
395	200.0000	120.5816	0.9162	0.0655
396	200.0000	148.3614	0.9153	0.0657
397	200.0000	108.5134	0.8938	0.0659
398	200.0000	162.4733	0.9146	0.0660
399	200.0000	159.1655	0.9049	0.0662
400	200.0000	147.6765	0.9000	0.0664
401	200.0000	148.9755	0.8988	0.0665
402	200.0000	157.3960	0.9274	0.0667
403	200.0000	157.6318	0.9282	0.0669
404	200.0000	123.9944	0.9213	0.0670
405	200.0000	170.7940	0.9274	0.0672
406	200.0000	150.4064	0.9158	0.0674
407	200.0000	162.1024	0.9019	0.0676
408	200.0000	164.6256	0.8874	0.0677
409	200.0000	116.6429	0.8864	0.0679
410	200.0000	141.5025	0.8899	0.0681
411	200.0000	161.6510	0.8615	0.0682
412	200.0000	131.8470	0.8517	0.0684
413	200.0000	162.3411	0.8452	0.0686
414	200.0000	169.5746	0.8463	0.0687
415	200.0000	170.7974	0.8333	0.0689
416	200.0000	179.4071	0.8329	0.0691
417	200.0000	169.5429	0.8299	0.0692
418	200.0000	177.0272	0.8117	0.0694
419	200.0000	139.6999	0.8122	0.0695
420	200.0000	176.6760	0.8135	0.0697
421	200.0000	178.0585	0.8215	0.0699
422	200.0000	159.8882	0.8171	0.0700
423	200.0000	157.1331	0.7876	0.0702
424	200.0000	152.7464	0.7791	0.0704
425	200.0000	161.9954	0.7946	0.0705
426	200.0000	142.6560	0.8040	0.0707
427	200.0000	165.3148	0.8072	0.0709
428	200.0000	170.4067	0.8390	0.0710
429	200.0000	171.3309	0.8628	0.0712
430	200.0000	170.9876	0.8919	0.0714
431	200.0000	135.6375	0.8923	0.0715
432	200.0000	159.1407	0.8832	0.0717
433	200.0000	168.1088	0.8658	0.0719
434	200.0000	156.6378	0.8443	0.0720
435	200.0000	156.3264	0.8574	0.0722
436	200.0000	161.4897	0.8511	0.0724
437	200.0000	175.4341	0.8409	0.0725
438	200.0000	170.8400	0.8422	0.0727
439	200.0000	158.9494	0.8538	0.0728
440	200.0000	165.3239	0.8977	0.0730
441	200.0000	167.9549	0.8756	0.0732
442	200.0000	146.2085	0.8739	0.0733
443	200.0000	165.5424	0.8927	0.0735
444	200.0000	178.9950	0.8869	0.0737
445	200.0000	182.8126	0.8889	0.0738
446	200.0000	170.8418	0.8879	0.0740
447	200.0000	151.4960	0.8931	0.0742
448	200.0000	165.7233	0.8905	0.0743
449	200.0000	154.8099	0.8865	0.0745
450	200.0000	137.9537	0.8827	0.0747
451	200.0000	169.3445	0.8816	0.0748
452	200.0000	173.6248	0.8746	0.0750
453	200.0000	175.0890	0.8584	0.0752
454	200.0000	178.2899	0.8596	0.0753
455	200.0000	139.2966	0.8613	0.0755
456	200.0000	156.8947	0.8572	0.0757
457	200.0000	157.2221	0.8480	0.0758
458	200.0000	157.2358	0.8759	0.0760
459	200.0000	137.2413	0.8811	0.0762
460	200.0000	162.9117	0.8968	0.0763
461	200.0000	112.2319	0.8938	0.0765
462	200.0000	133.7918	0.8903	0.0767
463	200.0000	115.9581	0.8746	0.0769
464	200.0000	144.7583	0.9013	0.0770
465	200.0000	132.7851	0.9235	0.0772
466	200.0000	109.0463	0.9369	0.0773
467	200.0000	158.4515	0.9540	0.0775
468	200.0000	154.8895	0.9544	0.0777
469	200.0000	159.8953	0.9550	0.0778
470	200.0000	156.4255	0.9397	0.0780
471	200.0000	170.3695	0.9457	0.0782
472	200.0000	136.0841	0.9759	0.0783
473	200.0000	162.9202	0.9445	0.0785
474	200.0000	162.6684	0.9319	0.0787
475	200.0000	141.9388	0.9375	0.0788
476	200.0000	148.4875	0.9343	0.0790
477	200.0000	154.8005	0.9483	0.0792
478	200.0000	152.3758	0.9454	0.0794
479	200.0000	161.6118	0.9453	0.0795
480	200.0000	161.8319	0.9441	0.0797
481	200.0000	179.4397	0.9417	0.0798
482	200.0000	174.1384	0.9406	0.0800
483	200.0000	162.5779	0.9236	0.0802
484	200.0000	161.6387	0.9164	0.0804
485	200.0000	152.0288	0.8826	0.0805
486	200.0000	158.1391	0.8857	0.0807
487	200.0000	152.4725	0.8795	0.0809
488	200.0000	119.2866	0.8738	0.0810
489	200.0000	155.8661	0.8602	0.0812
490	200.0000	141.4040	0.8538	0.0814
491	200.0000	160.4436	0.8433	0.0815
492	200.0000	146.7902	0.8463	0.0817
493	200.0000	165.0429	0.8518	0.0819
494	200.0000	167.3363	0.8497	0.0820
495	200.0000	158.4627	0.8462	0.0822
496	200.0000	181.4254	0.8443	0.0823
497	200.0000	182.0602	0.8216	0.0825
498	200.0000	180.7864	0.8213	0.0827
499	200.0000	187.1065	0.8420	0.0828
500	200.0000	167.2512	0.8418	0.0830
501	200.0000	175.7148	0.8585	0.0832
502	200.0000	169.9427	0.8674	0.0833
503	200.0000	174.3135	0.8802	0.0835
504	200.0000	179.3900	0.8784	0.0836
505	200.0000	169.6764	0.8768	0.0838
506	200.0000	172.8773	0.8773	0.0840
507	200.0000	171.1453	0.8744	0.0841
508	200.0000	171.1915	0.8756	0.0843
509	200.0000	174.6864	0.8651	0.0845
510	200.0000	182.7505	0.8706	0.0846
511	200.0000	173.0654	0.9058	0.0848
512	200.0000	182.8453	0.8839	0.0850
513	200.0000	186.0608	0.8823	0.0851
514	200.0000	182.3875	0.8776	0.0853
515	200.0000	183.7371	0.8874	0.0855
516	200.0000	161.9326	0.8970	0.0856
517	200.0000	172.2607	0.8667	0.0858
518	200.0000	178.0415	0.9000	0.0860
519	200.0000	174.9995	0.8950	0.0861
520	200.0000	190.3580	0.8968	0.0863
521	200.0000	163.3174	0.8914	0.0865
522	200.0000	162.7074	0.8958	0.0866
523	200.0000	167.3020	0.9289	0.0868
524	200.0000	133.6895	0.9362	0.0870
525	200.0000	172.8134	0.9335	0.0871
526	200.0000	169.0336	0.9288	0.0873
527	200.0000	146.4903	0.9313	0.0875
528	200.0000	161.8317	0.9318	0.0876
529	200.0000	156.6509	0.9276	0.0878
530	200.0000	158.4992	0.9136	0.0880
531	200.0000	165.2867	0.8863	0.0881
532	200.0000	164.1750	0.8935	0.0883
533	200.0000	147.4219	0.8893	0.0884
534	200.0000	170.3114	0.8878	0.0886
535	200.0000	169.1989	0.8832	0.0888
536	200.0000	166.6971	0.9033	0.0890
537	200.0000	160.4833	0.8931	0.0891
538	200.0000	162.8594	0.8765	0.0893
539	200.0000	161.1194	0.8705	0.0895
540	200.0000	160.6843	0.8701	0.0896
541	200.0000	169.2260	0.8692	0.0898
542	200.0000	182.0344	0.8845	0.0899
543	200.0000	178.7452	0.8803	0.0901
544	200.0000	179.4439	0.8663	0.0903
545	200.0000	176.6091	0.8565	0.0904
546	200.0000	170.8948	0.8509	0.0906
547	200.0000	170.5881	0.8510	0.0907
548	200.0000	178.4068	0.8542	0.0909
549	200.0000	171.1965	0.8495	0.0911
550	200.0000	181.4102	0.8486	0.0912
551	200.0000	176.4198	0.8479	0.0914
552	200.0000	185.5718	0.8518	0.0916
553	200.0000	179.6929	0.8512	0.0917
554	200.0000	181.0085	0.8750	0.0919
555	200.0000	175.1977	0.8646	0.0921
556	200.0000	170.3898	0.8530	0.0922
557	200.0000	173.3824	0.8480	0.0924
558	200.0000	164.2505	0.8533	0.0925
559	200.0000	177.0277	0.8776	0.0927
560	200.0000	172.0847	0.8080	0.0929
561	200.0000	175.2026	0.8005	0.0930
562	200.0000	176.7151	0.8105	0.0932
563	200.0000	175.6256	0.8123	0.0934
564	200.0000	178.9124	0.8217	0.0936
565	200.0000	174.3598	0.8201	0.0938
566	200.0000	181.2954	0.7911	0.0939
567	200.0000	175.2246	0.8194	0.0941
568	200.0000	179.5256	0.8598	0.0943
569	200.0000	171.7759	0.8724	0.0945
570	200.0000	155.4142	0.8668	0.0947
571	200.0000	142.8022	0.8885	0.0949
572	200.0000	149.0218	0.8793	0.0951
573	200.0000	161.3286	0.8792	0.0952
574	200.0000	163.9466	0.8718	0.0954
575	200.0000	145.6571	0.8799	0.0956
576	200.0000	134.2322	0.8930	0.0957
577	200.0000	148.8841	0.9004	0.0959
578	200.0000	126.0338	0.8978	0.0961
579	200.0000	163.4330	0.8836	0.0962
580	200.0000	135.1367	0.8881	0.0964
581	200.0000	157.2993	0.8808	0.0965
582	200.0000	162.0112	0.8771	0.0967
583	200.0000	166.0600	0.8511	0.0969
584	200.0000	162.3283	0.8534	0.0970
585	200.0000	150.9108	0.8632	0.0972
586	200.0000	136.1090	0.8579	0.0974
587	200.0000	170.6659	0.8742	0.0975
588	200.0000	166.5227	0.8695	0.0977
589	200.0000	165.8380	0.9120	0.0979
590	200.0000	112.8982	0.9278	0.0980
591	200.0000	156.1654	0.9202	0.0982
592	200.0000	52.8327	0.9143	0.0983
593	200.0000	95.1131	0.9126	0.0985
594	200.0000	131.8694	0.9066	0.0987
595	200.0000	87.9195	0.8955	0.0988
596	200.0000	156.4251	0.8825	0.0990
597	200.0000	164.6357	0.8676	0.0991
598	200.0000	121.9707	0.8765	0.0993
599	200.0000	151.9561	0.8789	0.0995
600	200.0000	140.1748	0.8856	0.0996
601	200.0000	158.4969	0.8852	0.0998
602	200.0000	174.5097	0.8753	0.1000
603	200.0000	158.0645	0.8739	0.1001
604	200.0000	171.1432	0.8963	0.1003
605	200.0000	139.0768	0.8919	0.1004
606	200.0000	137.5008	0.9009	0.1006
607	200.0000	167.0632	0.9080	0.1008
608	200.0000	129.8967	0.9188	0.1009
609	200.0000	141.4699	0.9287	0.1011
610	200.0000	121.6311	0.9052	0.1013
611	200.0000	153.8883	0.9154	0.1014
612	200.0000	137.9075	0.9126	0.1016
613	200.0000	144.4624	0.9117	0.1018
614	200.0000	177.1756	0.9007	0.1019
615	200.0000	158.8801	0.9115	0.1021
616	200.0000	140.6039	0.9125	0.1022
617	200.0000	170.0449	0.9146	0.1024
618	200.0000	161.7181	0.9260	0.1026
619	200.0000	152.5050	0.9337	0.1027
620	200.0000	165.1639	0.9380	0.1029
621	200.0000	133.1335	0.9387	0.1031
622	200.0000	171.3956	0.9627	0.1032
623	200.0000	149.4456	0.9625	0.1034
624	200.0000	140.5566	0.9565	0.1036
625	200.0000	144.6457	0.9499	0.1037
626	200.0000	149.7952	0.9562	0.1039
627	200.0000	152.1221	0.9622	0.1041
628	200.0000	120.4804	0.9504	0.1042
629	200.0000	119.7269	0.9411	0.1044
630	200.0000	140.7267	0.9204	0.1045
631	200.0000	137.0657	0.9356	0.1047
632	200.0000	152.5954	0.9325	0.1049
633	200.0000	169.9866	0.9261	0.1050
634	200.0000	151.3283	0.9264	0.1052
635	200.0000	94.8118	0.9231	0.1053
636	200.0000	107.4567	0.9250	0.1055
637	200.0000	115.7684	0.9106	0.1057
638	200.0000	131.2811	0.9131	0.1058
639	200.0000	143.3726	0.8996	0.1060
640	200.0000	151.8620	0.8912	0.1062
641	200.0000	158.3158	0.8859	0.1063
642	200.0000	149.7914	0.8647	0.1065
643	200.0000	152.3784	0.8781	0.1066
644	200.0000	149.0129	0.8714	0.1068
645	200.0000	151.2690	0.8639	0.1070
646	200.0000	152.4314	0.8566	0.1071
647	200.0000	134.2853	0.8456	0.1073
648	200.0000	166.7442	0.8533	0.1074
649	200.0000	170.6549	0.8536	0.1076
650	200.0000	133.2139	0.8564	0.1078
651	200.0000	131.2645	0.8521	0.1079
652	200.0000	143.2834	0.8524	0.1081
653	200.0000	162.7082	0.8526	0.1082
654	200.0000	147.1917	0.8366	0.1084
655	200.0000	150.6987	0.8239	0.1086
656	200.0000	169.0578	0.8200	0.1087
657	200.0000	174.3342	0.8219	0.1089
658	200.0000	165.6214	0.8255	0.1091
659	200.0000	160.5292	0.8577	0.1092
660	200.0000	167.8132	0.8680	0.1094
661	200.0000	165.7071	0.8656	0.1096
662	200.0000	164.4291	0.8745	0.1097
663	200.0000	158.3721	0.8846	0.1099
664	200.0000	96.3957	0.8853	0.1101
665	200.0000	155.3570	0.9065	0.1102
666	200.0000	144.2666	0.9055	0.1104
667	200.0000	135.4169	0.8997	0.1106
668	200.0000	152.4923	0.8995	0.1107
669	200.0000	144.3069	0.8957	0.1109
670	200.0000	172.6300	0.8826	0.1110
671	200.0000	171.3554	0.9001	0.1112
672	200.0000	159.7820	0.8958	0.1114
673	200.0000	172.7421	0.9021	0.1115
674	200.0000	152.7077	0.8996	0.1117
675	200.0000	157.4371	0.8922	0.1119
676	200.0000	151.2112	0.9048	0.1120
677	200.0000	160.7365	0.8789	0.1122
678	200.0000	159.9502	0.8753	0.1124
679	200.0000	154.9995	0.8964	0.1125
680	200.0000	171.7751	0.8892	0.1127
681	200.0000	158.9350	0.8949	0.1129
682	200.0000	140.5184	0.8931	0.1130
683	200.0000	161.1742	0.8864	0.1132
684	200.0000	143.9339	0.8844	0.1133
685	200.0000	160.3339	0.8787	0.1135
686	200.0000	157.1999	0.8789	0.1137
687	200.0000	153.5839	0.8865	0.1138
688	200.0000	139.3604	0.8898	0.1140
689	200.0000	160.6981	0.8857	0.1141
690	200.0000	148.6878	0.9163	0.1143
691	200.0000	139.0775	0.9058	0.1145
692	200.0000	144.8903	0.9051	0.1147
693	200.0000	164.1196	0.9053	0.1148
694	200.0000	157.3254	0.8835	0.1150
695	200.0000	144.7330	0.8866	0.1151
696	200.0000	174.7478	0.8854	0.1153
697	200.0000	163.5026	0.8821	0.1155
698	200.0000	130.9377	0.8783	0.1156
699	200.0000	156.4461	0.8774	0.1158
700	200.0000	125.1374	0.8939	0.1159
701	200.0000	115.8225	0.8858	0.1161
702	200.0000	141.1138	0.8614	0.1163
703	200.0000	149.3180	0.8459	0.1164
704	200.0000	141.9657	0.8396	0.1166
705	200.0000	147.1164	0.8519	0.1167
706	200.0000	134.1254	0.8447	0.1169
707	200.0000	148.1585	0.8448	0.1171
708	200.0000	162.0767	0.8515	0.1172
709	200.0000	168.6555	0.8421	0.1174
710	200.0000	146.9045	0.8443	0.1176
711	200.0000	150.3445	0.8526	0.1177
712	200.0000	133.6502	0.8574	0.1179
713	200.0000	132.8299	0.8460	0.1181
714	200.0000	137.6633	0.8626	0.1182
715	200.0000	132.9190	0.8657	0.1184
716	200.0000	112.4208	0.8529	0.1186
717	200.0000	124.2878	0.8496	0.1187
718	200.0000	148.7647	0.8455	0.1189
719	200.0000	153.8520	0.8411	0.1190
720	200.0000	147.7214	0.8301	0.1192
721	200.0000	169.5393	0.8559	0.1194
722	200.0000	163.2566	0.8729	0.1195
723	200.0000	172.6383	0.8799	0.1197
724	200.0000	139.6197	0.8865	0.1199
725	200.0000	149.6086	0.8836	0.1200
726	200.0000	161.3607	0.8793	0.1202
727	200.0000	123.5037	0.8723	0.1204
728	200.0000	143.5524	0.8460	0.1205
729	200.0000	151.2116	0.8375	0.1207
730	200.0000	172.0344	0.8448	0.1208
731	200.0000	117.4662	0.8473	0.1210
732	200.0000	148.1984	0.8517	0.1212
733	200.0000	157.8225	0.8526	0.1213
734	200.0000	155.4662	0.8512	0.1215
735	200.0000	155.5115	0.8505	0.1216
736	200.0000	169.1268	0.8489	0.1218
737	200.0000	150.3788	0.8465	0.1220
738	200.0000	156.0438	0.8414	0.1221
739	200.0000	159.0273	0.8435	0.1223
740	200.0000	176.7345	0.8475	0.1225
741	200.0000	173.7080	0.8420	0.1226
742	200.0000	166.9927	0.8543	0.1228
743	200.0000	173.9109	0.8412	0.1230
744	200.0000	171.6085	0.8368	0.1231
745	200.0000	150.2420	0.8330	0.1233
746	200.0000	181.5355	0.8275	0.1235
747	200.0000	173.5026	0.8516	0.1237
748	200.0000	170.3630	0.8526	0.1239
749	200.0000	178.6922	0.8353	0.1241
750	200.0000	169.1725	0.8304	0.1243
751	200.0000	180.3152	0.8310	0.1245
752	200.0000	166.4825	0.8288	0.1246
753	200.0000	182.4477	0.8271	0.1248
754	200.0000	160.8540	0.8198	0.1249
755	200.0000	167.8299	0.8183	0.1251
756	200.0000	181.1114	0.8164	0.1253
757	200.0000	161.8871	0.8132	0.1254
758	200.0000	179.3207	0.8173	0.1256
759	200.0000	182.2616	0.8167	0.1257
760	200.0000	176.2218	0.8143	0.1259
761	200.0000	183.1483	0.7934	0.1261
762	200.0000	186.4168	0.8074	0.1262
763	200.0000	107.6691	0.7998	0.1264
764	200.0000	142.4171	0.8682	0.1266
765	200.0000	163.8778	0.8650	0.1267
766	200.0000	147.4421	0.8604	0.1269
767	200.0000	175.3771	0.8830	0.1271
768	200.0000	162.7358	0.8846	0.1272
769	200.0000	165.9637	0.8817	0.1274
770	200.0000	171.4305	0.8714	0.1275
771	200.0000	181.0799	0.8738	0.1277
772	200.0000	164.6215	0.8858	0.1279
773	200.0000	179.1940	0.8895	0.1281
774	200.0000	169.1080	0.8874	0.1282
775	200.0000	167.5747	0.8968	0.1284
776	200.0000	180.7366	0.8860	0.1285
777	200.0000	177.6291	0.8904	0.1287
778	200.0000	173.7395	0.8938	0.1289
779	200.0000	147.2720	0.8983	0.1291
780	200.0000	159.3793	0.8819	0.1292
781	200.0000	152.4985	0.8810	0.1294
782	200.0000	137.7738	0.8643	0.1295
783	200.0000	150.0203	0.8631	0.1297
784	200.0000	163.1110	0.8589	0.1299
785	200.0000	159.4842	0.8580	0.1300
786	200.0000	130.0909	0.8582	0.1302
787	200.0000	158.5825	0.8566	0.1303
788	200.0000	171.9658	0.8376	0.1305
789	200.0000	149.1004	0.8358	0.1307
790	200.0000	156.5727	0.8681	0.1308
791	200.0000	152.0963	0.8730	0.1310
792	200.0000	155.6698	0.8721	0.1312
793	200.0000	157.9395	0.8720	0.1313
794	200.0000	143.0477	0.8695	0.1315
795	200.0000	162.8404	0.8710	0.1317
796	200.0000	136.0600	0.8714	0.1318
797	200.0000	156.6967	0.8822	0.1320
798	200.0000	152.4497	0.8578	0.1322
799	200.0000	134.9116	0.8784	0.1323
800	200.0000	156.0650	0.8720	0.1325
801	200.0000	149.8771	0.8626	0.1327
802	200.0000	159.6556	0.8643	0.1328
803	200.0000	167.8071	0.8872	0.1330
804	200.0000	170.1578	0.8840	0.1332
805	200.0000	173.1428	0.9130	0.1333
806	200.0000	138.2638	0.9191	0.1335
807	200.0000	162.3143	0.9240	0.1336
808	200.0000	159.2839	0.9244	0.1338
809	200.0000	174.8389	0.9191	0.1340
810	200.0000	163.0978	0.9171	0.1341
811	200.0000	144.6288	0.9117	0.1343
812	200.0000	147.6067	0.9148	0.1345
813	200.0000	155.2402	0.9101	0.1346
814	200.0000	143.4769	0.9059	0.1348
815	200.0000	168.7342	0.9236	0.1350
816	200.0000	163.8317	0.9050	0.1351
817	200.0000	169.8145	0.8986	0.1353
818	200.0000	149.9789	0.8836	0.1355
819	200.0000	137.6629	0.8794	0.1356
820	200.0000	158.0743	0.8791	0.1358
821	200.0000	176.2107	0.8798	0.1360
822	200.0000	160.0687	0.8799	0.1361
823	200.0000	176.2201	0.8797	0.1363
824	200.0000	172.3792	0.8895	0.1364
825	200.0000	180.3060	0.8913	0.1366
826	200.0000	171.7982	0.8953	0.1368
827	200.0000	167.7328	0.8983	0.1369
828	200.0000	171.4977	0.8975	0.1371
829	200.0000	181.2061	0.8953	0.1373
830	200.0000	144.5326	0.8765	0.1374
831	200.0000	145.2705	0.8647	0.1376
832	200.0000	166.0593	0.8646	0.1378
833	200.0000	165.5110	0.8608	0.1379
834	200.0000	169.6500	0.8701	0.1381
835	200.0000	162.7224	0.8903	0.1382
836	200.0000	169.8958	0.8887	0.1384
837	200.0000	167.7247	0.8868	0.1386
838	200.0000	167.6043	0.8907	0.1387
839	200.0000	155.6275	0.9023	0.1389
840	200.0000	134.4583	0.9186	0.1390
841	200.0000	140.9305	0.9104	0.1392
842	200.0000	144.0771	0.9185	0.1394
843	200.0000	121.0176	0.9244	0.1395
844	200.0000	134.4179	0.9184	0.1397
845	200.0000	136.3456	0.9001	0.1399
846	200.0000	141.5074	0.8972	0.1400
847	200.0000	146.6763	0.8945	0.1402
848	200.0000	140.3363	0.8983	0.1404
849	200.0000	148.5035	0.8957	0.1405
850	200.0000	152.6196	0.8862	0.1407
851	200.0000	138.3071	0.8863	0.1409
852	200.0000	137.6117	0.8832	0.1410
853	200.0000	147.5210	0.8558	0.1412
854	200.0000	130.1114	0.8540	0.1413
855	200.0000	149.6144	0.8551	0.1415
856	200.0000	141.2310	0.8550	0.1417
857	200.0000	145.3435	0.8614	0.1418
858	200.0000	152.9622	0.8542	0.1420
859	200.0000	133.7176	0.8871	0.1421
860	200.0000	159.3907	0.8854	0.1423
861	200.0000	167.7300	0.8713	0.1424
862	200.0000	159.0623	0.8617	0.1426
863	200.0000	170.3150	0.8565	0.1428
864	200.0000	174.8030	0.8673	0.1429
865	200.0000	142.0092	0.8792	0.1431
866	200.0000	165.5970	0.8485	0.1433
867	200.0000	145.8449	0.8504	0.1434
868	200.0000	136.9060	0.8788	0.1436
869	200.0000	140.5416	0.8755	0.1438
870	200.0000	171.3655	0.8739	0.1439
871	200.0000	157.4268	0.8703	0.1441
872	200.0000	153.7987	0.8612	0.1442
873	200.0000	152.3819	0.8614	0.1444
874	200.0000	163.6046	0.8499	0.1446
875	200.0000	169.6082	0.8437	0.1447
876	200.0000	162.6742	0.8394	0.1449
877	200.0000	163.4003	0.8290	0.1451
878	200.0000	165.2614	0.8263	0.1452
879	200.0000	164.1227	0.8234	0.1454
880	200.0000	170.7817	0.8089	0.1456
881	200.0000	148.3385	0.8022	0.1457
882	200.0000	180.5000	0.8089	0.1459
883	200.0000	173.8504	0.8375	0.1461
884	200.0000	171.7648	0.8402	0.1463
885	200.0000	185.6874	0.8543	0.1464
886	200.0000	175.3179	0.8265	0.1466
887	200.0000	158.4313	0.8288	0.1468
888	200.0000	156.4797	0.8274	0.1469
889	200.0000	149.2731	0.8262	0.1471
890	200.0000	188.3808	0.8367	0.1473
891	200.0000	180.2479	0.8272	0.1474
892	200.0000	105.5138	0.8223	0.1476
893	200.0000	162.8854	0.8156	0.1478
894	200.0000	157.5784	0.8284	0.1479
895	200.0000	160.9543	0.8303	0.1481
896	200.0000	157.6633	0.8278	0.1483
897	200.0000	151.3305	0.8249	0.1484
898	200.0000	164.7818	0.8200	0.1486
899	200.0000	163.5073	0.8276	0.1488
900	200.0000	159.0487	0.8235	0.1489
901	200.0000	169.3779	0.8327	0.1491
902	200.0000	177.1226	0.8214	0.1493
903	200.0000	165.1203	0.8582	0.1494
904	200.0000	123.8703	0.8619	0.1496
905	200.0000	144.3807	0.8549	0.1498
906	200.0000	121.8474	0.8536	0.1499
907	200.0000	134.5037	0.8524	0.1501
908	200.0000	141.4171	0.8495	0.1503
909	200.0000	171.8385	0.8471	0.1504
910	200.0000	140.5692	0.8400	0.1506
911	200.0000	119.4488	0.8197	0.1508
912	200.0000	156.8400	0.8238	0.1509
913	200.0000	142.6016	0.8203	0.1511
914	200.0000	148.3133	0.8169	0.1513
915	200.0000	136.7742	0.8131	0.1514
916	200.0000	126.8611	0.8157	0.1516
917	200.0000	137.5144	0.8228	0.1518
918	200.0000	157.4360	0.8216	0.1519
919	200.0000	130.8357	0.8311	0.1521
920	200.0000	175.3563	0.8262	0.1523
921	200.0000	170.8948	0.8262	0.1524
922	200.0000	150.7903	0.8237	0.1526
923	200.0000	133.8645	0.8310	0.1528
924	200.0000	141.3135	0.8278	0.1529
925	200.0000	138.7841	0.8258	0.1531
926	200.0000	143.9208	0.8135	0.1533
927	200.0000	139.6535	0.8122	0.1534
928	200.0000	134.3031	0.8103	0.1536
929	200.0000	157.6526	0.8079	0.1538
930	200.0000	147.1983	0.8058	0.1539
931	200.0000	154.7486	0.8018	0.1541
932	200.0000	154.7772	0.7888	0.1543
933	200.0000	167.5906	0.8069	0.1544
934	200.0000	152.9424	0.8126	0.1546
935	200.0000	171.1872	0.8514	0.1548
936	200.0000	172.9040	0.8492	0.1549
937	200.0000	170.8855	0.8441	0.1551
938	200.0000	161.1271	0.8461	0.1552
939	200.0000	159.4908	0.8398	0.1554
940	200.0000	161.5506	0.8327	0.1555
941	200.0000	171.3499	0.8366	0.1557
942	200.0000	164.4602	0.8298	0.1559
943	200.0000	165.3303	0.8619	0.1560
944	200.0000	173.2270	0.8694	0.1562
945	200.0000	175.4436	0.8935	0.1564
946	200.0000	168.5442	0.8948	0.1565
947	200.0000	141.0310	0.8934	0.1567
948	200.0000	145.4897	0.8944	0.1569
949	200.0000	151.6413	0.9369	0.1570
950	200.0000	132.0289	0.9305	0.1572
951	200.0000	135.6659	0.9205	0.1574
952	200.0000	178.9942	0.8909	0.1575
953	200.0000	168.9981	0.8797	0.1577
954	200.0000	164.2878	0.8907	0.1579
955	200.0000	126.7537	0.8867	0.1580
956	200.0000	151.4400	0.8866	0.1582
957	200.0000	159.8359	0.8835	0.1584
958	200.0000	177.0294	0.8749	0.1585
959	200.0000	171.4742	0.8693	0.1587
960	200.0000	180.1150	0.8597	0.1589
961	200.0000	174.8390	0.8567	0.1590
962	200.0000	178.1369	0.8580	0.1592
963	200.0000	187.4133	0.8572	0.1593
964	200.0000	181.1078	0.8554	0.1595
965	200.0000	183.6287	0.8543	0.1597
966	200.0000	187.7024	0.8527	0.1598
967	200.0000	175.9076	0.8508	0.1600
968	200.0000	185.4525	0.8566	0.1601
969	200.0000	178.0194	0.8745	0.1603
970	200.0000	182.1060	0.8802	0.1605
971	200.0000	183.3284	0.8711	0.1606
972	200.0000	175.0572	0.8765	0.1608
973	200.0000	179.1987	0.8713	0.1610
974	200.0000	160.5539	0.8687	0.1611
975	200.0000	159.7069	0.8659	0.1613
976	200.0000	177.4887	0.8672	0.1614
977	200.0000	147.9989	0.8931	0.1616
978	200.0000	144.9944	0.8867	0.1618
979	200.0000	161.1441	0.8845	0.1619
980	200.0000	163.2813	0.8821	0.1621
981	200.0000	187.2904	0.8774	0.1623
982	200.0000	187.1179	0.8863	0.1624
983	200.0000	170.9530	0.8856	0.1626
984	200.0000	175.3502	0.9054	0.1628
985	200.0000	177.9475	0.9057	0.1629
986	200.0000	178.3339	0.9162	0.1631
987	200.0000	165.0450	0.9081	0.1633
988	200.0000	150.8051	0.8853	0.1634
989	200.0000	137.3610	0.8816	0.1636
990	200.0000	143.3267	0.8619	0.1638
991	200.0000	160.8987	0.8716	0.1639
992	200.0000	158.8458	0.8744	0.1641
993	200.0000	159.8454	0.8748	0.1643
994	200.0000	173.7429	0.8778	0.1644
995	200.0000	174.0343	0.8537	0.1646
996	200.0000	141.7506	0.8514	0.1648
997	200.0000	163.0322	0.8517	0.1649
998	200.0000	152.1683	0.8400	0.1651
999	200.0000	169.4697	0.8613	0.1652
Pos: [-2.8051181863462276, 3.1313124947899595]

=================================================================================================================