ID: CF3	Date: 2019-05-03 17:55:45	Runs: 1
=================================================================================================================
Run: 0
Iter	Gbest	AvrFit	Diver	ETime	
0	-26.4804	-1157.6421	0.0000	0.0033
1	-16.2421	-1047.7610	0.0000	0.0061
2	-16.2421	-988.4154	0.0000	0.0089
3	-16.2421	-970.2815	0.0000	0.0112
4	-0.6949	-939.4941	0.0000	0.0139
5	-0.6949	-943.5394	0.0000	0.0165
6	-0.6949	-906.4362	0.0000	0.0195
7	-0.6949	-896.9832	0.0000	0.0225
8	-0.6949	-860.8962	0.0000	0.0251
9	-0.6949	-834.0350	0.0000	0.0281
10	-0.6949	-806.1653	0.0000	0.0308
11	-0.6949	-789.7539	0.0000	0.0339
12	-0.0412	-774.2072	0.0000	0.0363
13	-0.0412	-800.3887	0.0000	0.0394
14	-0.0412	-829.8338	0.0000	0.0423
15	-0.0307	-792.6317	0.0000	0.0452
16	-0.0307	-754.4440	0.0000	0.0488
17	-0.0307	-757.6807	0.0000	0.0517
18	-0.0307	-760.2082	0.0000	0.0546
19	-0.0307	-745.2157	0.0000	0.0576
20	-0.0307	-721.8018	0.0000	0.0602
21	-0.0307	-780.2546	0.0000	0.0632
22	-0.0307	-826.9029	0.0000	0.0662
23	-0.0307	-828.8443	0.0000	0.0690
24	-0.0307	-830.1958	0.0000	0.0716
25	-0.0307	-842.4548	0.0000	0.0747
26	-0.0307	-843.4276	0.0000	0.0774
27	-0.0307	-810.3648	0.0000	0.0806
28	-0.0307	-816.5141	0.0000	0.0835
29	-0.0307	-807.7711	0.0000	0.0859
30	-0.0285	-840.5886	0.0000	0.0888
31	-0.0073	-795.0068	0.0000	0.0913
32	-0.0073	-800.4332	0.0000	0.0943
33	-0.0073	-840.7556	0.0000	0.0967
34	-0.0018	-768.6840	0.0000	0.0996
35	-0.0018	-750.0321	0.0000	0.1026
36	-0.0018	-776.8875	0.0000	0.1049
37	-0.0018	-776.5286	0.0000	0.1078
38	-0.0018	-771.1613	0.0000	0.1102
39	-0.0018	-733.6404	0.0000	0.1130
40	-0.0018	-733.4216	0.0000	0.1159
41	-0.0018	-757.1004	0.0000	0.1181
42	-0.0018	-730.9090	0.0000	0.1209
43	-0.0018	-730.9646	0.0000	0.1237
44	-0.0018	-725.0105	0.0000	0.1265
45	-0.0018	-724.8691	0.0000	0.1292
46	-0.0018	-743.3728	0.0000	0.1318
47	-0.0018	-720.6527	0.0000	0.1347
48	-0.0018	-748.2548	0.0000	0.1373
49	-0.0018	-799.8025	0.0000	0.1401
50	-0.0018	-766.3465	0.0000	0.1429
51	-0.0012	-732.6399	0.0000	0.1454
52	-0.0012	-739.6564	0.0000	0.1483
53	-0.0008	-720.6763	0.0000	0.1506
54	-0.0008	-696.1112	0.0000	0.1535
55	-0.0008	-705.5526	0.0000	0.1558
56	-0.0006	-695.8024	0.0000	0.1585
57	-0.0006	-668.0436	0.0000	0.1614
58	-0.0006	-708.8149	0.0000	0.1639
59	-0.0006	-681.1359	0.0000	0.1665
60	-0.0002	-713.1376	0.0000	0.1693
61	-0.0002	-686.5885	0.0000	0.1716
62	-0.0002	-725.5332	0.0000	0.1744
63	-0.0002	-671.1447	0.0000	0.1770
64	-0.0002	-723.1482	0.0000	0.1794
65	-0.0001	-735.9313	0.0000	0.1822
66	-0.0001	-746.9707	0.0000	0.1850
67	-0.0001	-728.5136	0.0000	0.1872
68	-0.0001	-745.4951	0.0000	0.1901
69	-0.0001	-695.4738	0.0000	0.1928
70	-0.0001	-700.4444	0.0000	0.1953
71	-0.0001	-710.3029	0.0000	0.1983
72	-0.0001	-702.0998	0.0000	0.2010
73	-0.0001	-741.9783	0.0000	0.2035
74	-0.0001	-728.6862	0.0000	0.2064
75	-0.0001	-730.9092	0.0000	0.2087
76	-0.0001	-685.6183	0.0000	0.2117
77	-0.0001	-740.1722	0.0000	0.2141
78	-0.0001	-713.3413	0.0000	0.2169
79	-0.0000	-729.0132	0.0000	0.2193
80	-0.0000	-694.1847	0.0000	0.2217
81	-0.0000	-693.4453	0.0000	0.2241
82	-0.0000	-709.9182	0.0000	0.2267
83	-0.0000	-706.4582	0.0000	0.2295
84	-0.0000	-719.0161	0.0000	0.2320
85	-0.0000	-713.2483	0.0000	0.2348
86	-0.0000	-701.2846	0.0000	0.2371
87	-0.0000	-706.2322	0.0000	0.2397
88	-0.0000	-694.0072	0.0000	0.2423
89	-0.0000	-704.3814	0.0000	0.2447
90	-0.0000	-703.4479	0.0000	0.2473
91	-0.0000	-737.0035	0.0000	0.2495
92	-0.0000	-708.0586	0.0000	0.2522
93	-0.0000	-699.8107	0.0000	0.2544
94	-0.0000	-746.5195	0.0000	0.2569
95	-0.0000	-759.6236	0.0000	0.2593
96	-0.0000	-700.2279	0.0000	0.2615
97	-0.0000	-708.9774	0.0000	0.2639
98	-0.0000	-736.4681	0.0000	0.2661
99	-0.0000	-701.3704	0.0000	0.2686
100	-0.0000	-725.9539	0.0000	0.2712
101	-0.0000	-706.2965	0.0000	0.2736
102	-0.0000	-646.3243	0.0000	0.2760
103	-0.0000	-688.9043	0.0000	0.2787
104	-0.0000	-688.1753	0.0000	0.2809
105	-0.0000	-686.2586	0.0000	0.2836
106	-0.0000	-707.0836	0.0000	0.2858
107	-0.0000	-708.8045	0.0000	0.2887
108	-0.0000	-749.7413	0.0000	0.2911
109	-0.0000	-785.3861	0.0000	0.2937
110	-0.0000	-736.4265	0.0000	0.2958
111	-0.0000	-732.5217	0.0000	0.2985
112	-0.0000	-699.9733	0.0000	0.3010
113	-0.0000	-730.1863	0.0000	0.3033
114	-0.0000	-717.1445	0.0000	0.3058
115	-0.0000	-757.2964	0.0000	0.3082
116	-0.0000	-749.4538	0.0000	0.3113
117	-0.0000	-737.0466	0.0000	0.3136
118	-0.0000	-726.3582	0.0000	0.3164
119	-0.0000	-743.5813	0.0000	0.3192
120	-0.0000	-730.1892	0.0000	0.3219
121	-0.0000	-751.4236	0.0000	0.3247
122	-0.0000	-721.3960	0.0000	0.3271
123	-0.0000	-712.5640	0.0000	0.3299
124	-0.0000	-715.0863	0.0000	0.3327
125	-0.0000	-689.0987	0.0000	0.3349
126	-0.0000	-693.0311	0.0000	0.3377
127	-0.0000	-684.1533	0.0000	0.3402
128	-0.0000	-670.8371	0.0000	0.3428
129	-0.0000	-649.6505	0.0000	0.3453
130	-0.0000	-652.1894	0.0000	0.3476
131	-0.0000	-662.4312	0.0000	0.3504
132	-0.0000	-653.9476	0.0000	0.3524
133	-0.0000	-653.7867	0.0000	0.3550
134	-0.0000	-670.9034	0.0000	0.3578
135	-0.0000	-651.6785	0.0000	0.3598
136	-0.0000	-677.1456	0.0000	0.3624
137	-0.0000	-644.6445	0.0000	0.3649
138	-0.0000	-681.3502	0.0000	0.3673
139	-0.0000	-696.7093	0.0000	0.3700
140	-0.0000	-695.8748	0.0000	0.3721
141	-0.0000	-643.0925	0.0000	0.3748
142	-0.0000	-716.4953	0.0000	0.3768
143	-0.0000	-665.2395	0.0000	0.3794
144	-0.0000	-682.9244	0.0000	0.3821
145	-0.0000	-684.4405	0.0000	0.3842
146	-0.0000	-672.3621	0.0000	0.3870
147	-0.0000	-640.1084	0.0000	0.3898
148	-0.0000	-643.0762	0.0000	0.3922
149	-0.0000	-652.0018	0.0000	0.3949
150	-0.0000	-650.4181	0.0000	0.3971
151	-0.0000	-682.1326	0.0000	0.3997
152	-0.0000	-678.8627	0.0000	0.4023
153	-0.0000	-658.4690	0.0000	0.4046
154	-0.0000	-678.7610	0.0000	0.4072
155	-0.0000	-673.9562	0.0000	0.4094
156	-0.0000	-677.9862	0.0000	0.4119
157	-0.0000	-666.9575	0.0000	0.4145
158	-0.0000	-665.6943	0.0000	0.4167
159	-0.0000	-643.4733	0.0000	0.4193
160	-0.0000	-669.4744	0.0000	0.4219
161	-0.0000	-631.0126	0.0000	0.4246
162	-0.0000	-661.6894	0.0000	0.4273
163	-0.0000	-646.4582	0.0000	0.4295
164	-0.0000	-596.3773	0.0000	0.4324
165	-0.0000	-649.7667	0.0000	0.4350
166	-0.0000	-630.9078	0.0000	0.4374
167	-0.0000	-608.9646	0.0000	0.4401
168	-0.0000	-634.8775	0.0000	0.4423
169	-0.0000	-612.4712	0.0000	0.4451
170	-0.0000	-624.6147	0.0000	0.4478
171	-0.0000	-598.9878	0.0000	0.4502
172	-0.0000	-599.5463	0.0000	0.4530
173	-0.0000	-631.8130	0.0000	0.4552
174	-0.0000	-589.9511	0.0000	0.4580
175	-0.0000	-610.7268	0.0000	0.4607
176	-0.0000	-660.3289	0.0000	0.4630
177	-0.0000	-635.7727	0.0000	0.4661
178	-0.0000	-662.3542	0.0000	0.4688
179	-0.0000	-652.5837	0.0000	0.4713
180	-0.0000	-655.6589	0.0000	0.4741
181	-0.0000	-688.7467	0.0000	0.4764
182	-0.0000	-690.0672	0.0000	0.4791
183	-0.0000	-694.1788	0.0000	0.4820
184	-0.0000	-677.0178	0.0000	0.4845
185	-0.0000	-675.1904	0.0000	0.4876
186	-0.0000	-666.7382	0.0000	0.4904
187	-0.0000	-677.2199	0.0000	0.4934
188	-0.0000	-688.5183	0.0000	0.4960
189	-0.0000	-638.3441	0.0000	0.4989
190	-0.0000	-672.4453	0.0000	0.5020
191	-0.0000	-656.3100	0.0000	0.5045
192	-0.0000	-659.4649	0.0000	0.5076
193	-0.0000	-691.2330	0.0000	0.5107
194	-0.0000	-686.1874	0.0000	0.5132
195	-0.0000	-652.6162	0.0000	0.5162
196	-0.0000	-691.1503	0.0000	0.5187
197	-0.0000	-664.3931	0.0000	0.5218
198	-0.0000	-703.5370	0.0000	0.5245
199	-0.0000	-702.4700	0.0000	0.5273
200	-0.0000	-697.4647	0.0000	0.5303
201	-0.0000	-692.1291	0.0000	0.5327
202	-0.0000	-681.6245	0.0000	0.5356
203	-0.0000	-719.3104	0.0000	0.5383
204	-0.0000	-746.3183	0.0000	0.5411
205	-0.0000	-703.4018	0.0000	0.5441
206	-0.0000	-665.3711	0.0000	0.5468
207	-0.0000	-696.0386	0.0000	0.5497
208	-0.0000	-690.1672	0.0000	0.5520
209	-0.0000	-721.2488	0.0000	0.5550
210	-0.0000	-624.8719	0.0000	0.5577
211	-0.0000	-683.5336	0.0000	0.5605
212	-0.0000	-665.4974	0.0000	0.5635
213	-0.0000	-679.9845	0.0000	0.5662
214	-0.0000	-674.3190	0.0000	0.5691
215	-0.0000	-667.1208	0.0000	0.5718
216	-0.0000	-636.5609	0.0000	0.5755
217	-0.0000	-595.4719	0.0000	0.5786
218	-0.0000	-685.6858	0.0000	0.5815
219	-0.0000	-665.5612	0.0000	0.5840
220	-0.0000	-654.4753	0.0000	0.5869
221	-0.0000	-616.0824	0.0000	0.5897
222	-0.0000	-652.1481	0.0000	0.5922
223	-0.0000	-679.3933	0.0000	0.5950
224	-0.0000	-633.4855	0.0000	0.5976
225	-0.0000	-632.2344	0.0000	0.6004
226	-0.0000	-673.5397	0.0000	0.6030
227	-0.0000	-654.3089	0.0000	0.6057
228	-0.0000	-650.0877	0.0000	0.6085
229	-0.0000	-654.3072	0.0000	0.6108
230	-0.0000	-676.6794	0.0000	0.6138
231	-0.0000	-641.0049	0.0000	0.6163
232	-0.0000	-664.5766	0.0000	0.6190
233	-0.0000	-669.3960	0.0000	0.6219
234	-0.0000	-661.3929	0.0000	0.6243
235	-0.0000	-705.4602	0.0000	0.6272
236	-0.0000	-701.7148	0.0000	0.6295
237	-0.0000	-639.2288	0.0000	0.6323
238	-0.0000	-666.6870	0.0000	0.6347
239	-0.0000	-683.2023	0.0000	0.6374
240	-0.0000	-711.3978	0.0000	0.6403
241	-0.0000	-685.0540	0.0000	0.6427
242	-0.0000	-710.4803	0.0000	0.6457
243	-0.0000	-690.9464	0.0000	0.6487
244	-0.0000	-665.9361	0.0000	0.6514
245	-0.0000	-682.3271	0.0000	0.6541
246	-0.0000	-685.7514	0.0000	0.6563
247	-0.0000	-734.8703	0.0000	0.6590
248	-0.0000	-707.6239	0.0000	0.6617
249	-0.0000	-694.9086	0.0000	0.6641
250	-0.0000	-706.6995	0.0000	0.6668
251	-0.0000	-683.7383	0.0000	0.6696
252	-0.0000	-714.2997	0.0000	0.6720
253	-0.0000	-672.7764	0.0000	0.6745
254	-0.0000	-683.8923	0.0000	0.6772
255	-0.0000	-693.2345	0.0000	0.6794
256	-0.0000	-698.2929	0.0000	0.6816
257	-0.0000	-669.7530	0.0000	0.6838
258	-0.0000	-680.4081	0.0000	0.6860
259	-0.0000	-701.6451	0.0000	0.6882
260	-0.0000	-708.9673	0.0000	0.6903
261	-0.0000	-709.1492	0.0000	0.6926
262	-0.0000	-664.8500	0.0000	0.6947
263	-0.0000	-709.2673	0.0000	0.6969
264	-0.0000	-664.7360	0.0000	0.6990
265	-0.0000	-681.1867	0.0000	0.7010
266	-0.0000	-660.0658	0.0000	0.7031
267	-0.0000	-676.3194	0.0000	0.7052
268	-0.0000	-653.7935	0.0000	0.7073
269	-0.0000	-649.8346	0.0000	0.7094
270	-0.0000	-671.5773	0.0000	0.7115
271	-0.0000	-678.7366	0.0000	0.7136
272	-0.0000	-682.5958	0.0000	0.7156
273	-0.0000	-657.8659	0.0000	0.7177
274	-0.0000	-659.1302	0.0000	0.7198
275	-0.0000	-678.4383	0.0000	0.7219
276	-0.0000	-659.1971	0.0000	0.7241
277	-0.0000	-669.4657	0.0000	0.7262
278	-0.0000	-634.9663	0.0000	0.7283
279	-0.0000	-633.7806	0.0000	0.7305
280	-0.0000	-635.8393	0.0000	0.7329
281	-0.0000	-705.7678	0.0000	0.7352
282	-0.0000	-677.9684	0.0000	0.7376
283	-0.0000	-758.3138	0.0000	0.7399
284	-0.0000	-671.2493	0.0000	0.7420
285	-0.0000	-709.9432	0.0000	0.7443
286	-0.0000	-672.2173	0.0000	0.7466
287	-0.0000	-693.0407	0.0000	0.7488
288	-0.0000	-682.5030	0.0000	0.7510
289	-0.0000	-693.1750	0.0000	0.7532
290	-0.0000	-711.4793	0.0000	0.7553
291	-0.0000	-726.1945	0.0000	0.7575
292	-0.0000	-702.6735	0.0000	0.7597
293	-0.0000	-712.4632	0.0000	0.7619
294	-0.0000	-703.4501	0.0000	0.7642
295	-0.0000	-705.4264	0.0000	0.7664
296	-0.0000	-690.8709	0.0000	0.7686
297	-0.0000	-698.7977	0.0000	0.7708
298	-0.0000	-696.8130	0.0000	0.7731
299	-0.0000	-694.6615	0.0000	0.7753
300	-0.0000	-670.2439	0.0000	0.7775
301	-0.0000	-710.0409	0.0000	0.7797
302	-0.0000	-708.9316	0.0000	0.7819
303	-0.0000	-687.6973	0.0000	0.7840
304	-0.0000	-699.6458	0.0000	0.7861
305	-0.0000	-682.9189	0.0000	0.7883
306	-0.0000	-681.1048	0.0000	0.7904
307	-0.0000	-660.6240	0.0000	0.7928
308	-0.0000	-668.9810	0.0000	0.7949
309	-0.0000	-698.9755	0.0000	0.7976
310	-0.0000	-634.7343	0.0000	0.7998
311	-0.0000	-674.8137	0.0000	0.8020
312	-0.0000	-678.5703	0.0000	0.8043
313	-0.0000	-668.2098	0.0000	0.8075
314	-0.0000	-708.7130	0.0000	0.8104
315	-0.0000	-661.2173	0.0000	0.8130
316	-0.0000	-663.1680	0.0000	0.8151
317	-0.0000	-694.0979	0.0000	0.8174
318	-0.0000	-680.0053	0.0000	0.8195
319	-0.0000	-695.2968	0.0000	0.8217
320	-0.0000	-663.8689	0.0000	0.8239
321	-0.0000	-666.2800	0.0000	0.8261
322	-0.0000	-689.0923	0.0000	0.8285
323	-0.0000	-664.8132	0.0000	0.8306
324	-0.0000	-710.9620	0.0000	0.8328
325	-0.0000	-666.3235	0.0000	0.8350
326	-0.0000	-680.8447	0.0000	0.8371
327	-0.0000	-680.3152	0.0000	0.8393
328	-0.0000	-685.7736	0.0000	0.8415
329	-0.0000	-710.9702	0.0000	0.8436
330	-0.0000	-682.1170	0.0000	0.8459
331	-0.0000	-679.0679	0.0000	0.8481
332	-0.0000	-698.1677	0.0000	0.8502
333	-0.0000	-704.6517	0.0000	0.8524
334	-0.0000	-714.8437	0.0000	0.8546
335	-0.0000	-717.0924	0.0000	0.8567
336	-0.0000	-710.7868	0.0000	0.8589
337	-0.0000	-719.8327	0.0000	0.8609
338	-0.0000	-673.9269	0.0000	0.8631
339	-0.0000	-688.8106	0.0000	0.8653
340	-0.0000	-664.1456	0.0000	0.8675
341	-0.0000	-676.1447	0.0000	0.8696
342	-0.0000	-701.5983	0.0000	0.8719
343	-0.0000	-675.4267	0.0000	0.8741
344	-0.0000	-677.1262	0.0000	0.8762
345	-0.0000	-694.8324	0.0000	0.8784
346	-0.0000	-700.2337	0.0000	0.8805
347	-0.0000	-719.4049	0.0000	0.8826
348	-0.0000	-734.9811	0.0000	0.8846
349	-0.0000	-694.4905	0.0000	0.8868
350	-0.0000	-679.1764	0.0000	0.8893
351	-0.0000	-698.4385	0.0000	0.8915
352	-0.0000	-703.5058	0.0000	0.8939
353	-0.0000	-672.9194	0.0000	0.8962
354	-0.0000	-686.5281	0.0000	0.8983
355	-0.0000	-721.9447	0.0000	0.9005
356	-0.0000	-735.1780	0.0000	0.9026
357	-0.0000	-697.7070	0.0000	0.9046
358	-0.0000	-679.9981	0.0000	0.9067
359	-0.0000	-679.0339	0.0000	0.9089
360	-0.0000	-661.6289	0.0000	0.9111
361	-0.0000	-699.3547	0.0000	0.9131
362	-0.0000	-696.6656	0.0000	0.9153
363	-0.0000	-696.7540	0.0000	0.9173
364	-0.0000	-664.9964	0.0000	0.9195
365	-0.0000	-659.2246	0.0000	0.9216
366	-0.0000	-673.3740	0.0000	0.9238
367	-0.0000	-679.6045	0.0000	0.9260
368	-0.0000	-731.4388	0.0000	0.9280
369	-0.0000	-703.2627	0.0000	0.9301
370	-0.0000	-703.7605	0.0000	0.9322
371	-0.0000	-716.6121	0.0000	0.9342
372	-0.0000	-687.3209	0.0000	0.9364
373	-0.0000	-681.5250	0.0000	0.9385
374	-0.0000	-709.4389	0.0000	0.9405
375	-0.0000	-685.7125	0.0000	0.9426
376	-0.0000	-702.2994	0.0000	0.9447
377	-0.0000	-690.2621	0.0000	0.9469
378	-0.0000	-706.4298	0.0000	0.9492
379	-0.0000	-704.2287	0.0000	0.9511
380	-0.0000	-694.9414	0.0000	0.9534
381	-0.0000	-694.8820	0.0000	0.9557
382	-0.0000	-727.6163	0.0000	0.9580
383	-0.0000	-715.8752	0.0000	0.9603
384	-0.0000	-686.1679	0.0000	0.9623
385	-0.0000	-712.3940	0.0000	0.9644
386	-0.0000	-690.2119	0.0000	0.9670
387	-0.0000	-721.8887	0.0000	0.9693
388	-0.0000	-744.6911	0.0000	0.9717
389	-0.0000	-724.5638	0.0000	0.9742
390	-0.0000	-717.4223	0.0000	0.9763
391	-0.0000	-755.4294	0.0000	0.9787
392	-0.0000	-704.6034	0.0000	0.9809
393	-0.0000	-732.4283	0.0000	0.9830
394	-0.0000	-713.4492	0.0000	0.9854
395	-0.0000	-724.2747	0.0000	0.9878
396	-0.0000	-718.8371	0.0000	0.9903
397	-0.0000	-729.0848	0.0000	0.9926
398	-0.0000	-718.9163	0.0000	0.9951
399	-0.0000	-704.6780	0.0000	0.9973
400	-0.0000	-723.1602	0.0000	0.9997
401	-0.0000	-717.3607	0.0000	1.0021
402	-0.0000	-713.6394	0.0000	1.0045
403	-0.0000	-713.9217	0.0000	1.0068
404	-0.0000	-705.3297	0.0000	1.0093
405	-0.0000	-746.4009	0.0000	1.0118
406	-0.0000	-719.5269	0.0000	1.0141
407	-0.0000	-733.4317	0.0000	1.0163
408	-0.0000	-715.6434	0.0000	1.0185
409	-0.0000	-708.2662	0.0000	1.0205
410	-0.0000	-740.0188	0.0000	1.0228
411	-0.0000	-720.3838	0.0000	1.0249
412	-0.0000	-711.8829	0.0000	1.0270
413	-0.0000	-723.0446	0.0000	1.0294
414	-0.0000	-754.2986	0.0000	1.0316
415	-0.0000	-741.8730	0.0000	1.0339
416	-0.0000	-779.9452	0.0000	1.0362
417	-0.0000	-777.0514	0.0000	1.0385
418	-0.0000	-769.0022	0.0000	1.0410
419	-0.0000	-760.6423	0.0000	1.0431
420	-0.0000	-755.1788	0.0000	1.0453
421	-0.0000	-714.1236	0.0000	1.0478
422	-0.0000	-735.3407	0.0000	1.0502
423	-0.0000	-756.0601	0.0000	1.0527
424	-0.0000	-752.6257	0.0000	1.0548
425	-0.0000	-737.1359	0.0000	1.0569
426	-0.0000	-740.6882	0.0000	1.0590
427	-0.0000	-781.9623	0.0000	1.0612
428	-0.0000	-785.2420	0.0000	1.0633
429	-0.0000	-775.6276	0.0000	1.0657
430	-0.0000	-781.8380	0.0000	1.0679
431	-0.0000	-771.1422	0.0000	1.0701
432	-0.0000	-789.4539	0.0000	1.0725
433	-0.0000	-773.7268	0.0000	1.0748
434	-0.0000	-787.3288	0.0000	1.0771
435	-0.0000	-773.8506	0.0000	1.0793
436	-0.0000	-789.0770	0.0000	1.0814
437	-0.0000	-755.2164	0.0000	1.0836
438	-0.0000	-775.1729	0.0000	1.0857
439	-0.0000	-759.5399	0.0000	1.0880
440	-0.0000	-768.2520	0.0000	1.0903
441	-0.0000	-804.6115	0.0000	1.0925
442	-0.0000	-747.1791	0.0000	1.0950
443	-0.0000	-783.8175	0.0000	1.0972
444	-0.0000	-753.3671	0.0000	1.0993
445	-0.0000	-788.2020	0.0000	1.1017
446	-0.0000	-784.2018	0.0000	1.1046
447	-0.0000	-768.5254	0.0000	1.1072
448	-0.0000	-743.6437	0.0000	1.1096
449	-0.0000	-736.5205	0.0000	1.1120
450	-0.0000	-748.7641	0.0000	1.1142
451	-0.0000	-745.2840	0.0000	1.1165
452	-0.0000	-781.5621	0.0000	1.1188
453	-0.0000	-730.5245	0.0000	1.1213
454	-0.0000	-775.7934	0.0000	1.1237
455	-0.0000	-768.2893	0.0000	1.1259
456	-0.0000	-765.2338	0.0000	1.1281
457	-0.0000	-757.2309	0.0000	1.1305
458	-0.0000	-778.8975	0.0000	1.1329
459	-0.0000	-789.4876	0.0000	1.1353
460	-0.0000	-782.5860	0.0000	1.1377
461	-0.0000	-777.9415	0.0000	1.1400
462	-0.0000	-767.7309	0.0000	1.1422
463	-0.0000	-780.4736	0.0000	1.1444
464	-0.0000	-759.5739	0.0000	1.1466
465	-0.0000	-739.9936	0.0000	1.1488
466	-0.0000	-763.2279	0.0000	1.1516
467	-0.0000	-737.1827	0.0000	1.1542
468	-0.0000	-774.4697	0.0000	1.1567
469	-0.0000	-718.9416	0.0000	1.1594
470	-0.0000	-786.8381	0.0000	1.1618
471	-0.0000	-764.4799	0.0000	1.1642
472	-0.0000	-806.5992	0.0000	1.1667
473	-0.0000	-801.9030	0.0000	1.1693
474	-0.0000	-800.6757	0.0000	1.1718
475	-0.0000	-827.0904	0.0000	1.1743
476	-0.0000	-818.3300	0.0000	1.1768
477	-0.0000	-766.5465	0.0000	1.1792
478	-0.0000	-770.2272	0.0000	1.1817
479	-0.0000	-809.7290	0.0000	1.1842
480	-0.0000	-790.7590	0.0000	1.1868
481	-0.0000	-824.3222	0.0000	1.1893
482	-0.0000	-813.2222	0.0000	1.1918
483	-0.0000	-826.6088	0.0000	1.1944
484	-0.0000	-849.4331	0.0000	1.1969
485	-0.0000	-855.0033	0.0000	1.1995
486	-0.0000	-840.0109	0.0000	1.2020
487	-0.0000	-859.9803	0.0000	1.2045
488	-0.0000	-813.5458	0.0000	1.2069
489	-0.0000	-837.2341	0.0000	1.2093
490	-0.0000	-812.8218	0.0000	1.2118
491	-0.0000	-830.8516	0.0000	1.2143
492	-0.0000	-825.6163	0.0000	1.2167
493	-0.0000	-778.9405	0.0000	1.2194
494	-0.0000	-815.0746	0.0000	1.2221
495	-0.0000	-793.2718	0.0000	1.2248
496	-0.0000	-782.2376	0.0000	1.2272
497	-0.0000	-787.9906	0.0000	1.2296
498	-0.0000	-800.7022	0.0000	1.2323
499	-0.0000	-775.2675	0.0000	1.2349
500	-0.0000	-776.0275	0.0000	1.2374
501	-0.0000	-747.8707	0.0000	1.2396
502	-0.0000	-801.4721	0.0000	1.2418
503	-0.0000	-732.1945	0.0000	1.2442
504	-0.0000	-785.0603	0.0000	1.2468
505	-0.0000	-771.3838	0.0000	1.2494
506	-0.0000	-755.2222	0.0000	1.2523
507	-0.0000	-775.9219	0.0000	1.2552
508	-0.0000	-789.8901	0.0000	1.2577
509	-0.0000	-752.2889	0.0000	1.2602
510	-0.0000	-760.9354	0.0000	1.2632
511	-0.0000	-814.2890	0.0000	1.2659
512	-0.0000	-766.5699	0.0000	1.2685
513	-0.0000	-755.0934	0.0000	1.2709
514	-0.0000	-776.2403	0.0000	1.2732
515	-0.0000	-794.5518	0.0000	1.2756
516	-0.0000	-771.0416	0.0000	1.2779
517	-0.0000	-762.2080	0.0000	1.2802
518	-0.0000	-780.5288	0.0000	1.2827
519	-0.0000	-754.4033	0.0000	1.2852
520	-0.0000	-747.1174	0.0000	1.2874
521	-0.0000	-734.7933	0.0000	1.2896
522	-0.0000	-763.0798	0.0000	1.2917
523	-0.0000	-750.1068	0.0000	1.2939
524	-0.0000	-743.2555	0.0000	1.2961
525	-0.0000	-785.3315	0.0000	1.2984
526	-0.0000	-723.2512	0.0000	1.3009
527	-0.0000	-733.3627	0.0000	1.3031
528	-0.0000	-740.0027	0.0000	1.3054
529	-0.0000	-762.0018	0.0000	1.3080
530	-0.0000	-761.3976	0.0000	1.3106
531	-0.0000	-728.7581	0.0000	1.3132
532	-0.0000	-719.7779	0.0000	1.3161
533	-0.0000	-737.4592	0.0000	1.3184
534	-0.0000	-700.4265	0.0000	1.3206
535	-0.0000	-739.0596	0.0000	1.3228
536	-0.0000	-706.3926	0.0000	1.3250
537	-0.0000	-711.4233	0.0000	1.3271
538	-0.0000	-718.7740	0.0000	1.3295
539	-0.0000	-702.3667	0.0000	1.3317
540	-0.0000	-719.9816	0.0000	1.3341
541	-0.0000	-723.7049	0.0000	1.3365
542	-0.0000	-672.6713	0.0000	1.3388
543	-0.0000	-675.6636	0.0000	1.3412
544	-0.0000	-675.4073	0.0000	1.3434
545	-0.0000	-697.3092	0.0000	1.3456
546	-0.0000	-689.4849	0.0000	1.3480
547	-0.0000	-670.5821	0.0000	1.3506
548	-0.0000	-682.2813	0.0000	1.3529
549	-0.0000	-685.4531	0.0000	1.3553
550	-0.0000	-683.7586	0.0000	1.3577
551	-0.0000	-675.6165	0.0000	1.3599
552	-0.0000	-686.1985	0.0000	1.3622
553	-0.0000	-692.6767	0.0000	1.3645
554	-0.0000	-698.7048	0.0000	1.3668
555	-0.0000	-774.5549	0.0000	1.3691
556	-0.0000	-715.7319	0.0000	1.3713
557	-0.0000	-728.0314	0.0000	1.3736
558	-0.0000	-730.7788	0.0000	1.3760
559	-0.0000	-720.2772	0.0000	1.3782
560	-0.0000	-729.4752	0.0000	1.3805
561	-0.0000	-711.8581	0.0000	1.3827
562	-0.0000	-703.8849	0.0000	1.3848
563	-0.0000	-732.4608	0.0000	1.3873
564	-0.0000	-739.1112	0.0000	1.3896
565	-0.0000	-743.4657	0.0000	1.3917
566	-0.0000	-726.4354	0.0000	1.3941
567	-0.0000	-733.1422	0.0000	1.3964
568	-0.0000	-755.0463	0.0000	1.3987
569	-0.0000	-741.5483	0.0000	1.4011
570	-0.0000	-722.5831	0.0000	1.4038
571	-0.0000	-714.4857	0.0000	1.4061
572	-0.0000	-729.4762	0.0000	1.4082
573	-0.0000	-733.5929	0.0000	1.4104
574	-0.0000	-730.4084	0.0000	1.4126
575	-0.0000	-709.0785	0.0000	1.4148
576	-0.0000	-712.3367	0.0000	1.4171
577	-0.0000	-704.4145	0.0000	1.4193
578	-0.0000	-718.0067	0.0000	1.4215
579	-0.0000	-694.8818	0.0000	1.4237
580	-0.0000	-721.7469	0.0000	1.4261
581	-0.0000	-708.9748	0.0000	1.4284
582	-0.0000	-711.0274	0.0000	1.4308
583	-0.0000	-695.1952	0.0000	1.4331
584	-0.0000	-703.6490	0.0000	1.4356
585	-0.0000	-723.0842	0.0000	1.4389
586	-0.0000	-733.4749	0.0000	1.4412
587	-0.0000	-736.6139	0.0000	1.4439
588	-0.0000	-694.1976	0.0000	1.4462
589	-0.0000	-723.4471	0.0000	1.4488
590	-0.0000	-705.8993	0.0000	1.4513
591	-0.0000	-712.6889	0.0000	1.4538
592	-0.0000	-730.8246	0.0000	1.4561
593	-0.0000	-719.3843	0.0000	1.4585
594	-0.0000	-725.1766	0.0000	1.4610
595	-0.0000	-722.0418	0.0000	1.4638
596	-0.0000	-714.6539	0.0000	1.4664
597	-0.0000	-698.2262	0.0000	1.4686
598	-0.0000	-675.2749	0.0000	1.4711
599	-0.0000	-718.3455	0.0000	1.4737
600	-0.0000	-719.0349	0.0000	1.4761
601	-0.0000	-717.1701	0.0000	1.4784
602	-0.0000	-707.8251	0.0000	1.4810
603	-0.0000	-726.8392	0.0000	1.4833
604	-0.0000	-718.0995	0.0000	1.4856
605	-0.0000	-709.1322	0.0000	1.4877
606	-0.0000	-714.4500	0.0000	1.4899
607	-0.0000	-743.4020	0.0000	1.4922
608	-0.0000	-743.2903	0.0000	1.4945
609	-0.0000	-737.5837	0.0000	1.4969
610	-0.0000	-694.7988	0.0000	1.4992
611	-0.0000	-701.9432	0.0000	1.5015
612	-0.0000	-737.4508	0.0000	1.5037
613	-0.0000	-782.6835	0.0000	1.5062
614	-0.0000	-765.2098	0.0000	1.5086
615	-0.0000	-780.9915	0.0000	1.5111
616	-0.0000	-769.5214	0.0000	1.5136
617	-0.0000	-853.6277	0.0000	1.5158
618	-0.0000	-839.9698	0.0000	1.5181
619	-0.0000	-801.9727	0.0000	1.5203
620	-0.0000	-809.2559	0.0000	1.5223
621	-0.0000	-844.0644	0.0000	1.5246
622	-0.0000	-787.1702	0.0000	1.5268
623	-0.0000	-812.4451	0.0000	1.5288
624	-0.0000	-804.3018	0.0000	1.5312
625	-0.0000	-794.0689	0.0000	1.5335
626	-0.0000	-791.6365	0.0000	1.5359
627	-0.0000	-754.6284	0.0000	1.5387
628	-0.0000	-778.6099	0.0000	1.5409
629	-0.0000	-776.5813	0.0000	1.5431
630	-0.0000	-774.4202	0.0000	1.5454
631	-0.0000	-768.0840	0.0000	1.5475
632	-0.0000	-774.6050	0.0000	1.5498
633	-0.0000	-773.5713	0.0000	1.5521
634	-0.0000	-737.5219	0.0000	1.5547
635	-0.0000	-753.8667	0.0000	1.5571
636	-0.0000	-794.7590	0.0000	1.5593
637	-0.0000	-765.8830	0.0000	1.5615
638	-0.0000	-725.1948	0.0000	1.5638
639	-0.0000	-736.0810	0.0000	1.5661
640	-0.0000	-729.3733	0.0000	1.5685
641	-0.0000	-735.7015	0.0000	1.5710
642	-0.0000	-740.3889	0.0000	1.5733
643	-0.0000	-734.3519	0.0000	1.5755
644	-0.0000	-696.1047	0.0000	1.5778
645	-0.0000	-700.2573	0.0000	1.5800
646	-0.0000	-722.6596	0.0000	1.5823
647	-0.0000	-716.8144	0.0000	1.5847
648	-0.0000	-693.6830	0.0000	1.5873
649	-0.0000	-695.9267	0.0000	1.5897
650	-0.0000	-710.3606	0.0000	1.5921
651	-0.0000	-722.2854	0.0000	1.5945
652	-0.0000	-729.6415	0.0000	1.5969
653	-0.0000	-721.0295	0.0000	1.5991
654	-0.0000	-700.2210	0.0000	1.6014
655	-0.0000	-734.0232	0.0000	1.6037
656	-0.0000	-687.4192	0.0000	1.6062
657	-0.0000	-718.2490	0.0000	1.6088
658	-0.0000	-725.3493	0.0000	1.6110
659	-0.0000	-723.0927	0.0000	1.6133
660	-0.0000	-706.9576	0.0000	1.6157
661	-0.0000	-709.5006	0.0000	1.6182
662	-0.0000	-685.5993	0.0000	1.6202
663	-0.0000	-712.2812	0.0000	1.6226
664	-0.0000	-683.7315	0.0000	1.6249
665	-0.0000	-713.9390	0.0000	1.6273
666	-0.0000	-701.2576	0.0000	1.6297
667	-0.0000	-734.3154	0.0000	1.6321
668	-0.0000	-710.6912	0.0000	1.6345
669	-0.0000	-735.9159	0.0000	1.6367
670	-0.0000	-733.1450	0.0000	1.6390
671	-0.0000	-713.8836	0.0000	1.6416
672	-0.0000	-735.3217	0.0000	1.6439
673	-0.0000	-710.1667	0.0000	1.6463
674	-0.0000	-697.3382	0.0000	1.6485
675	-0.0000	-731.4206	0.0000	1.6511
676	-0.0000	-706.1658	0.0000	1.6536
677	-0.0000	-697.6644	0.0000	1.6559
678	-0.0000	-717.7061	0.0000	1.6583
679	-0.0000	-711.2513	0.0000	1.6605
680	-0.0000	-704.5500	0.0000	1.6625
681	-0.0000	-677.5104	0.0000	1.6646
682	-0.0000	-677.5079	0.0000	1.6668
683	-0.0000	-695.1968	0.0000	1.6688
684	-0.0000	-686.3575	0.0000	1.6709
685	-0.0000	-688.5384	0.0000	1.6731
686	-0.0000	-668.6365	0.0000	1.6752
687	-0.0000	-666.0471	0.0000	1.6773
688	-0.0000	-646.2092	0.0000	1.6793
689	-0.0000	-668.6436	0.0000	1.6821
690	-0.0000	-717.9665	0.0000	1.6844
691	-0.0000	-714.1873	0.0000	1.6866
692	-0.0000	-703.5376	0.0000	1.6890
693	-0.0000	-707.3319	0.0000	1.6916
694	-0.0000	-677.5862	0.0000	1.6940
695	-0.0000	-690.3290	0.0000	1.6965
696	-0.0000	-686.8667	0.0000	1.6992
697	-0.0000	-671.6132	0.0000	1.7017
698	-0.0000	-682.5153	0.0000	1.7041
699	-0.0000	-693.5611	0.0000	1.7064
700	-0.0000	-699.4220	0.0000	1.7087
701	-0.0000	-682.9324	0.0000	1.7110
702	-0.0000	-688.8846	0.0000	1.7133
703	-0.0000	-688.2180	0.0000	1.7155
704	-0.0000	-694.5267	0.0000	1.7182
705	-0.0000	-703.3432	0.0000	1.7210
706	-0.0000	-702.3668	0.0000	1.7233
707	-0.0000	-670.1111	0.0000	1.7258
708	-0.0000	-677.8422	0.0000	1.7282
709	-0.0000	-679.1700	0.0000	1.7306
710	-0.0000	-706.8986	0.0000	1.7329
711	-0.0000	-661.4411	0.0000	1.7350
712	-0.0000	-670.3530	0.0000	1.7374
713	-0.0000	-676.1013	0.0000	1.7397
714	-0.0000	-662.2214	0.0000	1.7420
715	-0.0000	-670.2045	0.0000	1.7444
716	-0.0000	-689.3251	0.0000	1.7469
717	-0.0000	-663.5186	0.0000	1.7492
718	-0.0000	-656.5357	0.0000	1.7518
719	-0.0000	-655.6161	0.0000	1.7549
720	-0.0000	-675.6713	0.0000	1.7580
721	-0.0000	-665.6824	0.0000	1.7606
722	-0.0000	-667.8786	0.0000	1.7631
723	-0.0000	-669.8285	0.0000	1.7659
724	-0.0000	-677.2181	0.0000	1.7691
725	-0.0000	-643.4418	0.0000	1.7721
726	-0.0000	-669.5526	0.0000	1.7750
727	-0.0000	-658.4155	0.0000	1.7777
728	-0.0000	-631.7312	0.0000	1.7802
729	-0.0000	-642.7032	0.0000	1.7827
730	-0.0000	-649.6751	0.0000	1.7853
731	-0.0000	-653.6092	0.0000	1.7879
732	-0.0000	-628.2785	0.0000	1.7907
733	-0.0000	-643.0959	0.0000	1.7934
734	-0.0000	-627.6961	0.0000	1.7960
735	-0.0000	-610.1708	0.0000	1.7988
736	-0.0000	-599.1756	0.0000	1.8014
737	-0.0000	-619.1960	0.0000	1.8042
738	-0.0000	-608.4461	0.0000	1.8070
739	-0.0000	-644.8054	0.0000	1.8098
740	-0.0000	-653.2556	0.0000	1.8124
741	-0.0000	-636.0014	0.0000	1.8152
742	-0.0000	-655.7482	0.0000	1.8177
743	-0.0000	-650.5913	0.0000	1.8201
744	-0.0000	-640.4490	0.0000	1.8225
745	-0.0000	-637.5368	0.0000	1.8250
746	-0.0000	-659.2038	0.0000	1.8276
747	-0.0000	-629.9835	0.0000	1.8302
748	-0.0000	-643.6791	0.0000	1.8327
749	-0.0000	-636.6882	0.0000	1.8352
750	-0.0000	-640.9800	0.0000	1.8377
751	-0.0000	-670.8365	0.0000	1.8403
752	-0.0000	-650.1920	0.0000	1.8429
753	-0.0000	-637.7156	0.0000	1.8452
754	-0.0000	-652.0254	0.0000	1.8475
755	-0.0000	-635.3935	0.0000	1.8499
756	-0.0000	-652.3812	0.0000	1.8523
757	-0.0000	-635.9974	0.0000	1.8549
758	-0.0000	-645.8652	0.0000	1.8574
759	-0.0000	-700.7983	0.0000	1.8601
760	-0.0000	-690.2972	0.0000	1.8625
761	-0.0000	-644.4752	0.0000	1.8651
762	-0.0000	-690.4474	0.0000	1.8673
763	-0.0000	-650.8151	0.0000	1.8701
764	-0.0000	-696.0221	0.0000	1.8726
765	-0.0000	-665.1968	0.0000	1.8752
766	-0.0000	-708.4677	0.0000	1.8780
767	-0.0000	-691.9403	0.0000	1.8808
768	-0.0000	-677.3527	0.0000	1.8831
769	-0.0000	-670.1722	0.0000	1.8854
770	-0.0000	-714.6116	0.0000	1.8880
771	-0.0000	-711.6708	0.0000	1.8904
772	-0.0000	-662.0350	0.0000	1.8930
773	-0.0000	-676.2950	0.0000	1.8954
774	-0.0000	-688.6731	0.0000	1.8976
775	-0.0000	-693.5816	0.0000	1.8998
776	-0.0000	-663.1797	0.0000	1.9020
777	-0.0000	-676.6878	0.0000	1.9050
778	-0.0000	-666.4312	0.0000	1.9074
779	-0.0000	-685.7466	0.0000	1.9098
780	-0.0000	-673.0236	0.0000	1.9121
781	-0.0000	-676.1756	0.0000	1.9146
782	-0.0000	-670.9380	0.0000	1.9172
783	-0.0000	-690.6282	0.0000	1.9196
784	-0.0000	-700.2681	0.0000	1.9220
785	-0.0000	-714.2987	0.0000	1.9245
786	-0.0000	-708.3660	0.0000	1.9267
787	-0.0000	-672.2491	0.0000	1.9290
788	-0.0000	-639.9357	0.0000	1.9316
789	-0.0000	-686.3489	0.0000	1.9341
790	-0.0000	-658.3548	0.0000	1.9363
791	-0.0000	-701.2449	0.0000	1.9387
792	-0.0000	-680.2469	0.0000	1.9412
793	-0.0000	-661.7694	0.0000	1.9434
794	-0.0000	-672.3053	0.0000	1.9456
795	-0.0000	-693.1806	0.0000	1.9479
796	-0.0000	-658.1218	0.0000	1.9502
797	-0.0000	-667.7512	0.0000	1.9526
798	-0.0000	-646.0165	0.0000	1.9550
799	-0.0000	-662.2117	0.0000	1.9576
800	-0.0000	-665.7856	0.0000	1.9604
801	-0.0000	-684.6026	0.0000	1.9626
802	-0.0000	-681.8257	0.0000	1.9649
803	-0.0000	-654.6091	0.0000	1.9670
804	-0.0000	-656.7249	0.0000	1.9695
805	-0.0000	-685.1156	0.0000	1.9720
806	-0.0000	-651.7782	0.0000	1.9746
807	-0.0000	-669.9191	0.0000	1.9772
808	-0.0000	-669.9343	0.0000	1.9796
809	-0.0000	-687.9093	0.0000	1.9819
810	-0.0000	-651.9534	0.0000	1.9840
811	-0.0000	-704.0459	0.0000	1.9868
812	-0.0000	-697.2658	0.0000	1.9896
813	-0.0000	-658.1637	0.0000	1.9924
814	-0.0000	-670.5030	0.0000	1.9953
815	-0.0000	-676.5327	0.0000	1.9981
816	-0.0000	-680.4426	0.0000	2.0001
817	-0.0000	-665.4716	0.0000	2.0027
818	-0.0000	-670.5119	0.0000	2.0053
819	-0.0000	-686.1264	0.0000	2.0075
820	-0.0000	-658.2569	0.0000	2.0098
821	-0.0000	-675.3817	0.0000	2.0122
822	-0.0000	-679.8044	0.0000	2.0142
823	-0.0000	-669.3804	0.0000	2.0165
824	-0.0000	-640.0060	0.0000	2.0187
825	-0.0000	-691.7488	0.0000	2.0210
826	-0.0000	-672.8332	0.0000	2.0233
827	-0.0000	-679.1892	0.0000	2.0259
828	-0.0000	-694.7588	0.0000	2.0289
829	-0.0000	-675.8603	0.0000	2.0316
830	-0.0000	-646.5648	0.0000	2.0343
831	-0.0000	-664.5360	0.0000	2.0367
832	-0.0000	-672.8036	0.0000	2.0391
833	-0.0000	-691.9740	0.0000	2.0416
834	-0.0000	-696.7181	0.0000	2.0440
835	-0.0000	-668.8456	0.0000	2.0469
836	-0.0000	-666.0481	0.0000	2.0496
837	-0.0000	-641.9769	0.0000	2.0526
838	-0.0000	-668.3295	0.0000	2.0553
839	-0.0000	-678.4780	0.0000	2.0578
840	-0.0000	-686.7238	0.0000	2.0603
841	-0.0000	-670.1030	0.0000	2.0630
842	-0.0000	-705.1890	0.0000	2.0657
843	-0.0000	-660.3332	0.0000	2.0685
844	-0.0000	-645.4709	0.0000	2.0715
845	-0.0000	-658.2272	0.0000	2.0739
846	-0.0000	-662.1504	0.0000	2.0763
847	-0.0000	-647.8000	0.0000	2.0787
848	-0.0000	-672.9378	0.0000	2.0809
849	-0.0000	-641.8190	0.0000	2.0834
850	-0.0000	-666.3589	0.0000	2.0860
851	-0.0000	-639.2585	0.0000	2.0886
852	-0.0000	-651.9902	0.0000	2.0913
853	-0.0000	-664.1282	0.0000	2.0937
854	-0.0000	-640.6194	0.0000	2.0961
855	-0.0000	-693.7567	0.0000	2.0985
856	-0.0000	-707.3079	0.0000	2.1009
857	-0.0000	-673.7291	0.0000	2.1035
858	-0.0000	-697.1615	0.0000	2.1061
859	-0.0000	-712.6019	0.0000	2.1086
860	-0.0000	-692.1883	0.0000	2.1111
861	-0.0000	-691.5285	0.0000	2.1137
862	-0.0000	-681.5971	0.0000	2.1161
863	-0.0000	-703.2682	0.0000	2.1186
864	-0.0000	-678.7792	0.0000	2.1211
865	-0.0000	-690.1849	0.0000	2.1236
866	-0.0000	-715.2340	0.0000	2.1260
867	-0.0000	-690.6529	0.0000	2.1285
868	-0.0000	-668.7925	0.0000	2.1310
869	-0.0000	-695.4261	0.0000	2.1337
870	-0.0000	-696.0094	0.0000	2.1361
871	-0.0000	-683.1482	0.0000	2.1386
872	-0.0000	-677.8453	0.0000	2.1414
873	-0.0000	-674.8505	0.0000	2.1444
874	-0.0000	-673.0327	0.0000	2.1471
875	-0.0000	-668.5662	0.0000	2.1504
876	-0.0000	-704.3356	0.0000	2.1530
877	-0.0000	-665.7340	0.0000	2.1555
878	-0.0000	-655.1503	0.0000	2.1580
879	-0.0000	-682.0374	0.0000	2.1606
880	-0.0000	-658.3879	0.0000	2.1633
881	-0.0000	-648.5977	0.0000	2.1659
882	-0.0000	-651.9782	0.0000	2.1682
883	-0.0000	-660.3472	0.0000	2.1707
884	-0.0000	-637.1167	0.0000	2.1732
885	-0.0000	-640.8193	0.0000	2.1757
886	-0.0000	-700.5156	0.0000	2.1780
887	-0.0000	-729.3453	0.0000	2.1805
888	-0.0000	-680.2676	0.0000	2.1830
889	-0.0000	-692.8334	0.0000	2.1853
890	-0.0000	-665.7584	0.0000	2.1878
891	-0.0000	-682.6727	0.0000	2.1904
892	-0.0000	-646.8976	0.0000	2.1931
893	-0.0000	-665.0717	0.0000	2.1956
894	-0.0000	-676.2029	0.0000	2.1983
895	-0.0000	-632.0578	0.0000	2.2006
896	-0.0000	-657.8355	0.0000	2.2033
897	-0.0000	-649.3564	0.0000	2.2060
898	-0.0000	-647.7975	0.0000	2.2088
899	-0.0000	-662.0898	0.0000	2.2119
900	-0.0000	-616.6458	0.0000	2.2146
901	-0.0000	-628.7172	0.0000	2.2170
902	-0.0000	-612.1647	0.0000	2.2193
903	-0.0000	-653.4904	0.0000	2.2220
904	-0.0000	-633.9100	0.0000	2.2245
905	-0.0000	-677.7734	0.0000	2.2269
906	-0.0000	-644.4929	0.0000	2.2297
907	-0.0000	-632.6688	0.0000	2.2322
908	-0.0000	-645.6926	0.0000	2.2346
909	-0.0000	-654.6981	0.0000	2.2374
910	-0.0000	-651.8634	0.0000	2.2399
911	-0.0000	-686.2990	0.0000	2.2423
912	-0.0000	-636.2238	0.0000	2.2446
913	-0.0000	-656.8570	0.0000	2.2470
914	-0.0000	-648.3567	0.0000	2.2495
915	-0.0000	-660.6147	0.0000	2.2519
916	-0.0000	-636.0919	0.0000	2.2545
917	-0.0000	-676.3812	0.0000	2.2571
918	-0.0000	-703.2923	0.0000	2.2595
919	-0.0000	-724.1471	0.0000	2.2619
920	-0.0000	-726.1187	0.0000	2.2644
921	-0.0000	-694.6715	0.0000	2.2670
922	-0.0000	-721.2647	0.0000	2.2692
923	-0.0000	-666.0774	0.0000	2.2716
924	-0.0000	-700.3510	0.0000	2.2741
925	-0.0000	-700.0184	0.0000	2.2763
926	-0.0000	-682.6430	0.0000	2.2788
927	-0.0000	-689.8754	0.0000	2.2813
928	-0.0000	-658.9057	0.0000	2.2835
929	-0.0000	-671.9467	0.0000	2.2856
930	-0.0000	-701.7540	0.0000	2.2877
931	-0.0000	-677.2333	0.0000	2.2898
932	-0.0000	-675.8112	0.0000	2.2919
Pos: [1.757743639929814, 1.5957372468930195]

=================================================================================================================