ID: vincent	Date: 2019-05-03 16:20:54	Runs: 1
=================================================================================================================
Run: 0
Iter	Gbest	AvrFit	Diver	ETime	
0	0.9847	0.2352	0.0000	0.0008
1	0.9847	0.2818	0.0000	0.0014
2	0.9885	0.3936	0.0000	0.0020
3	0.9954	0.4442	0.0000	0.0027
4	0.9978	0.4995	0.0000	0.0033
5	0.9978	0.5797	0.0000	0.0039
6	0.9978	0.6026	0.0000	0.0045
7	0.9983	0.6577	0.0000	0.0051
8	0.9997	0.6359	0.0000	0.0057
9	0.9997	0.7173	0.0000	0.0063
10	0.9997	0.7220	0.0000	0.0069
11	0.9999	0.7315	0.0000	0.0075
12	0.9999	0.7227	0.0000	0.0081
13	0.9999	0.7354	0.0000	0.0087
14	1.0000	0.7841	0.0000	0.0093
15	1.0000	0.7754	0.0000	0.0099
16	1.0000	0.7650	0.0000	0.0105
17	1.0000	0.7963	0.0000	0.0111
18	1.0000	0.7874	0.0000	0.0117
19	1.0000	0.8142	0.0000	0.0123
20	1.0000	0.8228	0.0000	0.0129
21	1.0000	0.8090	0.0000	0.0135
22	1.0000	0.8067	0.0000	0.0141
23	1.0000	0.8405	0.0000	0.0146
24	1.0000	0.8324	0.0000	0.0152
25	1.0000	0.8431	0.0000	0.0158
26	1.0000	0.8750	0.0000	0.0164
27	1.0000	0.8209	0.0000	0.0171
28	1.0000	0.8230	0.0000	0.0178
29	1.0000	0.8653	0.0000	0.0184
30	1.0000	0.8256	0.0000	0.0190
31	1.0000	0.8478	0.0000	0.0196
32	1.0000	0.8352	0.0000	0.0202
33	1.0000	0.8523	0.0000	0.0208
34	1.0000	0.8444	0.0000	0.0213
35	1.0000	0.8690	0.0000	0.0219
36	1.0000	0.8229	0.0000	0.0225
37	1.0000	0.8108	0.0000	0.0231
38	1.0000	0.8555	0.0000	0.0237
39	1.0000	0.8555	0.0000	0.0242
40	1.0000	0.8645	0.0000	0.0250
41	1.0000	0.8649	0.0000	0.0259
42	1.0000	0.8459	0.0000	0.0265
43	1.0000	0.8542	0.0000	0.0271
44	1.0000	0.8540	0.0000	0.0277
45	1.0000	0.8921	0.0000	0.0283
46	1.0000	0.8854	0.0000	0.0289
47	1.0000	0.9111	0.0000	0.0295
48	1.0000	0.9049	0.0000	0.0301
49	1.0000	0.8834	0.0000	0.0306
50	1.0000	0.9111	0.0000	0.0312
51	1.0000	0.8769	0.0000	0.0318
52	1.0000	0.8716	0.0000	0.0324
53	1.0000	0.8994	0.0000	0.0330
54	1.0000	0.8803	0.0000	0.0336
55	1.0000	0.8902	0.0000	0.0342
56	1.0000	0.8944	0.0000	0.0348
57	1.0000	0.9050	0.0000	0.0354
58	1.0000	0.8482	0.0000	0.0360
59	1.0000	0.8474	0.0000	0.0366
60	1.0000	0.8853	0.0000	0.0372
61	1.0000	0.8560	0.0000	0.0378
62	1.0000	0.8752	0.0000	0.0384
63	1.0000	0.9024	0.0000	0.0390
64	1.0000	0.8423	0.0000	0.0396
65	1.0000	0.8533	0.0000	0.0401
66	1.0000	0.8437	0.0000	0.0407
67	1.0000	0.8755	0.0000	0.0413
68	1.0000	0.8680	0.0000	0.0419
69	1.0000	0.8750	0.0000	0.0425
70	1.0000	0.8534	0.0000	0.0431
71	1.0000	0.8585	0.0000	0.0437
72	1.0000	0.8519	0.0000	0.0443
73	1.0000	0.8397	0.0000	0.0449
74	1.0000	0.8714	0.0000	0.0455
75	1.0000	0.8686	0.0000	0.0462
76	1.0000	0.8366	0.0000	0.0468
77	1.0000	0.8770	0.0000	0.0476
78	1.0000	0.8668	0.0000	0.0482
79	1.0000	0.8769	0.0000	0.0489
80	1.0000	0.8783	0.0000	0.0495
81	1.0000	0.8857	0.0000	0.0502
82	1.0000	0.8607	0.0000	0.0509
83	1.0000	0.8376	0.0000	0.0517
84	1.0000	0.8285	0.0000	0.0525
85	1.0000	0.8454	0.0000	0.0531
86	1.0000	0.8568	0.0000	0.0537
87	1.0000	0.8782	0.0000	0.0543
88	1.0000	0.8609	0.0000	0.0549
89	1.0000	0.8740	0.0000	0.0555
90	1.0000	0.8750	0.0000	0.0562
91	1.0000	0.8767	0.0000	0.0568
92	1.0000	0.8262	0.0000	0.0574
93	1.0000	0.8349	0.0000	0.0580
94	1.0000	0.8596	0.0000	0.0587
95	1.0000	0.8113	0.0000	0.0595
96	1.0000	0.7797	0.0000	0.0604
97	1.0000	0.8217	0.0000	0.0611
98	1.0000	0.8542	0.0000	0.0617
99	1.0000	0.8481	0.0000	0.0624
100	1.0000	0.8653	0.0000	0.0631
101	1.0000	0.8794	0.0000	0.0637
102	1.0000	0.8628	0.0000	0.0643
103	1.0000	0.8794	0.0000	0.0649
104	1.0000	0.8429	0.0000	0.0655
105	1.0000	0.8358	0.0000	0.0661
106	1.0000	0.8432	0.0000	0.0668
107	1.0000	0.8394	0.0000	0.0673
108	1.0000	0.8375	0.0000	0.0679
109	1.0000	0.9008	0.0000	0.0686
110	1.0000	0.8505	0.0000	0.0692
111	1.0000	0.8578	0.0000	0.0698
112	1.0000	0.8819	0.0000	0.0704
113	1.0000	0.8817	0.0000	0.0710
114	1.0000	0.8455	0.0000	0.0716
115	1.0000	0.8881	0.0000	0.0722
116	1.0000	0.8497	0.0000	0.0728
117	1.0000	0.8668	0.0000	0.0734
118	1.0000	0.8690	0.0000	0.0740
119	1.0000	0.9026	0.0000	0.0746
120	1.0000	0.9214	0.0000	0.0751
121	1.0000	0.8931	0.0000	0.0758
122	1.0000	0.8718	0.0000	0.0764
123	1.0000	0.8320	0.0000	0.0770
124	1.0000	0.8131	0.0000	0.0776
125	1.0000	0.8054	0.0000	0.0782
126	1.0000	0.8485	0.0000	0.0789
127	1.0000	0.8478	0.0000	0.0795
128	1.0000	0.8476	0.0000	0.0801
129	1.0000	0.8515	0.0000	0.0808
130	1.0000	0.8687	0.0000	0.0816
131	1.0000	0.8807	0.0000	0.0822
132	1.0000	0.8666	0.0000	0.0828
133	1.0000	0.8802	0.0000	0.0834
134	1.0000	0.8770	0.0000	0.0840
135	1.0000	0.8522	0.0000	0.0846
136	1.0000	0.8536	0.0000	0.0852
137	1.0000	0.8400	0.0000	0.0859
138	1.0000	0.8349	0.0000	0.0865
139	1.0000	0.8479	0.0000	0.0871
140	1.0000	0.8391	0.0000	0.0877
141	1.0000	0.8590	0.0000	0.0883
142	1.0000	0.8142	0.0000	0.0890
143	1.0000	0.8070	0.0000	0.0897
144	1.0000	0.8231	0.0000	0.0903
145	1.0000	0.8642	0.0000	0.0908
146	1.0000	0.8503	0.0000	0.0914
147	1.0000	0.8434	0.0000	0.0920
148	1.0000	0.8541	0.0000	0.0926
149	1.0000	0.8586	0.0000	0.0932
150	1.0000	0.8581	0.0000	0.0938
151	1.0000	0.8469	0.0000	0.0944
152	1.0000	0.8529	0.0000	0.0950
153	1.0000	0.8511	0.0000	0.0956
154	1.0000	0.8422	0.0000	0.0962
155	1.0000	0.8097	0.0000	0.0968
156	1.0000	0.8568	0.0000	0.0974
157	1.0000	0.8729	0.0000	0.0980
158	1.0000	0.8938	0.0000	0.0986
159	1.0000	0.8855	0.0000	0.0992
160	1.0000	0.8889	0.0000	0.0998
161	1.0000	0.8812	0.0000	0.1004
162	1.0000	0.8763	0.0000	0.1009
163	1.0000	0.8878	0.0000	0.1016
164	1.0000	0.9005	0.0000	0.1022
165	1.0000	0.9171	0.0000	0.1028
166	1.0000	0.9099	0.0000	0.1034
167	1.0000	0.9329	0.0000	0.1040
168	1.0000	0.9256	0.0000	0.1045
169	1.0000	0.9124	0.0000	0.1051
170	1.0000	0.9242	0.0000	0.1057
171	1.0000	0.8975	0.0000	0.1063
172	1.0000	0.8906	0.0000	0.1069
173	1.0000	0.8602	0.0000	0.1075
174	1.0000	0.8848	0.0000	0.1081
175	1.0000	0.8377	0.0000	0.1087
176	1.0000	0.8332	0.0000	0.1092
177	1.0000	0.8795	0.0000	0.1099
178	1.0000	0.8550	0.0000	0.1106
179	1.0000	0.8716	0.0000	0.1114
180	1.0000	0.8563	0.0000	0.1120
181	1.0000	0.9083	0.0000	0.1126
182	1.0000	0.8519	0.0000	0.1132
183	1.0000	0.8555	0.0000	0.1140
184	1.0000	0.8474	0.0000	0.1147
185	1.0000	0.8003	0.0000	0.1153
186	1.0000	0.7763	0.0000	0.1159
187	1.0000	0.7607	0.0000	0.1165
188	1.0000	0.8354	0.0000	0.1171
189	1.0000	0.8647	0.0000	0.1177
190	1.0000	0.8485	0.0000	0.1183
191	1.0000	0.8066	0.0000	0.1189
192	1.0000	0.8256	0.0000	0.1195
193	1.0000	0.8635	0.0000	0.1201
194	1.0000	0.8421	0.0000	0.1207
195	1.0000	0.8255	0.0000	0.1214
196	1.0000	0.8277	0.0000	0.1220
197	1.0000	0.8613	0.0000	0.1226
198	1.0000	0.8768	0.0000	0.1232
199	1.0000	0.8641	0.0000	0.1237
200	1.0000	0.8540	0.0000	0.1243
201	1.0000	0.9082	0.0000	0.1249
202	1.0000	0.8728	0.0000	0.1255
203	1.0000	0.8960	0.0000	0.1261
204	1.0000	0.8773	0.0000	0.1267
205	1.0000	0.8603	0.0000	0.1273
206	1.0000	0.8908	0.0000	0.1279
207	1.0000	0.8390	0.0000	0.1285
208	1.0000	0.8312	0.0000	0.1291
209	1.0000	0.8339	0.0000	0.1297
210	1.0000	0.8214	0.0000	0.1303
211	1.0000	0.8616	0.0000	0.1309
212	1.0000	0.8791	0.0000	0.1314
213	1.0000	0.8279	0.0000	0.1320
214	1.0000	0.8214	0.0000	0.1326
215	1.0000	0.8371	0.0000	0.1332
216	1.0000	0.8497	0.0000	0.1338
217	1.0000	0.8234	0.0000	0.1344
218	1.0000	0.8391	0.0000	0.1350
219	1.0000	0.8418	0.0000	0.1356
220	1.0000	0.8545	0.0000	0.1362
221	1.0000	0.8426	0.0000	0.1368
222	1.0000	0.8834	0.0000	0.1374
223	1.0000	0.8337	0.0000	0.1380
224	1.0000	0.8751	0.0000	0.1386
225	1.0000	0.8587	0.0000	0.1392
226	1.0000	0.8349	0.0000	0.1398
227	1.0000	0.8187	0.0000	0.1404
228	1.0000	0.8678	0.0000	0.1411
229	1.0000	0.8403	0.0000	0.1418
230	1.0000	0.8474	0.0000	0.1424
231	1.0000	0.8470	0.0000	0.1431
232	1.0000	0.8418	0.0000	0.1438
233	1.0000	0.8345	0.0000	0.1445
234	1.0000	0.8396	0.0000	0.1451
235	1.0000	0.8810	0.0000	0.1457
236	1.0000	0.8441	0.0000	0.1463
237	1.0000	0.8203	0.0000	0.1469
238	1.0000	0.7989	0.0000	0.1475
239	1.0000	0.8151	0.0000	0.1481
240	1.0000	0.8570	0.0000	0.1487
241	1.0000	0.8234	0.0000	0.1493
242	1.0000	0.8343	0.0000	0.1499
243	1.0000	0.8447	0.0000	0.1505
244	1.0000	0.7841	0.0000	0.1511
245	1.0000	0.8478	0.0000	0.1518
246	1.0000	0.7441	0.0000	0.1523
247	1.0000	0.7772	0.0000	0.1529
248	1.0000	0.8260	0.0000	0.1535
249	1.0000	0.8078	0.0000	0.1541
250	1.0000	0.8151	0.0000	0.1547
251	1.0000	0.8172	0.0000	0.1553
252	1.0000	0.8240	0.0000	0.1559
253	1.0000	0.7963	0.0000	0.1564
254	1.0000	0.8308	0.0000	0.1570
255	1.0000	0.8512	0.0000	0.1576
256	1.0000	0.8456	0.0000	0.1582
257	1.0000	0.8162	0.0000	0.1588
258	1.0000	0.8294	0.0000	0.1595
259	1.0000	0.8103	0.0000	0.1601
260	1.0000	0.8467	0.0000	0.1607
261	1.0000	0.8433	0.0000	0.1613
262	1.0000	0.8278	0.0000	0.1619
263	1.0000	0.8681	0.0000	0.1625
264	1.0000	0.8587	0.0000	0.1631
265	1.0000	0.8694	0.0000	0.1637
266	1.0000	0.8694	0.0000	0.1643
267	1.0000	0.8755	0.0000	0.1649
268	1.0000	0.8559	0.0000	0.1656
269	1.0000	0.8685	0.0000	0.1663
270	1.0000	0.8774	0.0000	0.1669
271	1.0000	0.8752	0.0000	0.1676
272	1.0000	0.8837	0.0000	0.1682
273	1.0000	0.9082	0.0000	0.1688
274	1.0000	0.9013	0.0000	0.1694
275	1.0000	0.9103	0.0000	0.1701
276	1.0000	0.8608	0.0000	0.1707
277	1.0000	0.8689	0.0000	0.1713
278	1.0000	0.9039	0.0000	0.1718
279	1.0000	0.8958	0.0000	0.1725
280	1.0000	0.8882	0.0000	0.1730
281	1.0000	0.9018	0.0000	0.1736
282	1.0000	0.8994	0.0000	0.1742
283	1.0000	0.8998	0.0000	0.1749
284	1.0000	0.8956	0.0000	0.1755
285	1.0000	0.8372	0.0000	0.1761
286	1.0000	0.8689	0.0000	0.1766
287	1.0000	0.8627	0.0000	0.1773
288	1.0000	0.8835	0.0000	0.1779
289	1.0000	0.8777	0.0000	0.1785
290	1.0000	0.8707	0.0000	0.1791
291	1.0000	0.8595	0.0000	0.1797
292	1.0000	0.8384	0.0000	0.1803
293	1.0000	0.8616	0.0000	0.1809
294	1.0000	0.8916	0.0000	0.1815
295	1.0000	0.8672	0.0000	0.1821
296	1.0000	0.8857	0.0000	0.1827
297	1.0000	0.8643	0.0000	0.1833
298	1.0000	0.8876	0.0000	0.1839
299	1.0000	0.8610	0.0000	0.1845
300	1.0000	0.8671	0.0000	0.1851
301	1.0000	0.8580	0.0000	0.1857
302	1.0000	0.8700	0.0000	0.1863
303	1.0000	0.8330	0.0000	0.1870
304	1.0000	0.8505	0.0000	0.1876
305	1.0000	0.8703	0.0000	0.1882
306	1.0000	0.8477	0.0000	0.1888
307	1.0000	0.8784	0.0000	0.1894
308	1.0000	0.8622	0.0000	0.1901
309	1.0000	0.8901	0.0000	0.1907
310	1.0000	0.8781	0.0000	0.1912
311	1.0000	0.8549	0.0000	0.1919
312	1.0000	0.8354	0.0000	0.1925
313	1.0000	0.8620	0.0000	0.1931
314	1.0000	0.8481	0.0000	0.1938
315	1.0000	0.8519	0.0000	0.1944
316	1.0000	0.8129	0.0000	0.1950
317	1.0000	0.7947	0.0000	0.1956
318	1.0000	0.8345	0.0000	0.1962
319	1.0000	0.8348	0.0000	0.1968
320	1.0000	0.8717	0.0000	0.1975
321	1.0000	0.8539	0.0000	0.1981
322	1.0000	0.8401	0.0000	0.1987
323	1.0000	0.7581	0.0000	0.1993
324	1.0000	0.7928	0.0000	0.2000
325	1.0000	0.7751	0.0000	0.2006
326	1.0000	0.7724	0.0000	0.2013
327	1.0000	0.7937	0.0000	0.2019
328	1.0000	0.8007	0.0000	0.2025
329	1.0000	0.7552	0.0000	0.2031
330	1.0000	0.8248	0.0000	0.2037
331	1.0000	0.8309	0.0000	0.2043
332	1.0000	0.7996	0.0000	0.2049
333	1.0000	0.8169	0.0000	0.2055
334	1.0000	0.8332	0.0000	0.2061
335	1.0000	0.8356	0.0000	0.2067
336	1.0000	0.8396	0.0000	0.2073
337	1.0000	0.8375	0.0000	0.2079
338	1.0000	0.8381	0.0000	0.2085
339	1.0000	0.8285	0.0000	0.2091
340	1.0000	0.8440	0.0000	0.2097
341	1.0000	0.8362	0.0000	0.2103
342	1.0000	0.8525	0.0000	0.2109
343	1.0000	0.8631	0.0000	0.2115
344	1.0000	0.8766	0.0000	0.2121
345	1.0000	0.8502	0.0000	0.2127
346	1.0000	0.8609	0.0000	0.2133
347	1.0000	0.8764	0.0000	0.2139
348	1.0000	0.8447	0.0000	0.2145
349	1.0000	0.8755	0.0000	0.2151
350	1.0000	0.8747	0.0000	0.2157
351	1.0000	0.8698	0.0000	0.2164
352	1.0000	0.8854	0.0000	0.2171
353	1.0000	0.8662	0.0000	0.2177
354	1.0000	0.8628	0.0000	0.2183
355	1.0000	0.8439	0.0000	0.2189
356	1.0000	0.8616	0.0000	0.2195
357	1.0000	0.8636	0.0000	0.2202
358	1.0000	0.8809	0.0000	0.2209
359	1.0000	0.8715	0.0000	0.2214
360	1.0000	0.8871	0.0000	0.2220
361	1.0000	0.8680	0.0000	0.2226
362	1.0000	0.8987	0.0000	0.2232
363	1.0000	0.8800	0.0000	0.2238
364	1.0000	0.8854	0.0000	0.2244
365	1.0000	0.8681	0.0000	0.2250
366	1.0000	0.8823	0.0000	0.2256
367	1.0000	0.8738	0.0000	0.2262
368	1.0000	0.8701	0.0000	0.2268
369	1.0000	0.8893	0.0000	0.2275
370	1.0000	0.8959	0.0000	0.2281
371	1.0000	0.8984	0.0000	0.2287
372	1.0000	0.9094	0.0000	0.2293
373	1.0000	0.8899	0.0000	0.2299
374	1.0000	0.8845	0.0000	0.2305
375	1.0000	0.8985	0.0000	0.2311
376	1.0000	0.9059	0.0000	0.2317
377	1.0000	0.8697	0.0000	0.2323
378	1.0000	0.9143	0.0000	0.2328
379	1.0000	0.9220	0.0000	0.2335
380	1.0000	0.8504	0.0000	0.2341
381	1.0000	0.8529	0.0000	0.2348
382	1.0000	0.8805	0.0000	0.2354
383	1.0000	0.7944	0.0000	0.2360
384	1.0000	0.8086	0.0000	0.2366
385	1.0000	0.8039	0.0000	0.2372
386	1.0000	0.8409	0.0000	0.2378
387	1.0000	0.8188	0.0000	0.2384
388	1.0000	0.8219	0.0000	0.2390
389	1.0000	0.7996	0.0000	0.2396
390	1.0000	0.8329	0.0000	0.2402
391	1.0000	0.8128	0.0000	0.2408
392	1.0000	0.8184	0.0000	0.2414
393	1.0000	0.8074	0.0000	0.2420
394	1.0000	0.8754	0.0000	0.2427
395	1.0000	0.7987	0.0000	0.2434
396	1.0000	0.8240	0.0000	0.2441
397	1.0000	0.8329	0.0000	0.2448
398	1.0000	0.8176	0.0000	0.2455
399	1.0000	0.8132	0.0000	0.2462
400	1.0000	0.8370	0.0000	0.2469
401	1.0000	0.8592	0.0000	0.2475
402	1.0000	0.8572	0.0000	0.2481
403	1.0000	0.8625	0.0000	0.2487
404	1.0000	0.8703	0.0000	0.2493
405	1.0000	0.8571	0.0000	0.2499
406	1.0000	0.8328	0.0000	0.2506
407	1.0000	0.8550	0.0000	0.2511
408	1.0000	0.8570	0.0000	0.2517
409	1.0000	0.8550	0.0000	0.2524
410	1.0000	0.8352	0.0000	0.2530
411	1.0000	0.8587	0.0000	0.2536
412	1.0000	0.8319	0.0000	0.2542
413	1.0000	0.8499	0.0000	0.2548
414	1.0000	0.8632	0.0000	0.2554
415	1.0000	0.8623	0.0000	0.2560
416	1.0000	0.8660	0.0000	0.2567
417	1.0000	0.8839	0.0000	0.2574
418	1.0000	0.8689	0.0000	0.2582
419	1.0000	0.8960	0.0000	0.2589
420	1.0000	0.8946	0.0000	0.2596
421	1.0000	0.8653	0.0000	0.2603
422	1.0000	0.8034	0.0000	0.2610
423	1.0000	0.8808	0.0000	0.2617
424	1.0000	0.8475	0.0000	0.2626
425	1.0000	0.8613	0.0000	0.2633
426	1.0000	0.8949	0.0000	0.2640
427	1.0000	0.8740	0.0000	0.2647
428	1.0000	0.8490	0.0000	0.2654
429	1.0000	0.8492	0.0000	0.2661
430	1.0000	0.8786	0.0000	0.2669
431	1.0000	0.8382	0.0000	0.2676
432	1.0000	0.8494	0.0000	0.2684
433	1.0000	0.8039	0.0000	0.2691
434	1.0000	0.7908	0.0000	0.2698
435	1.0000	0.8100	0.0000	0.2705
436	1.0000	0.8652	0.0000	0.2712
437	1.0000	0.8487	0.0000	0.2719
438	1.0000	0.7687	0.0000	0.2726
439	1.0000	0.8277	0.0000	0.2734
440	1.0000	0.8652	0.0000	0.2741
441	1.0000	0.8740	0.0000	0.2748
442	1.0000	0.8605	0.0000	0.2755
443	1.0000	0.8827	0.0000	0.2762
444	1.0000	0.8056	0.0000	0.2769
445	1.0000	0.8030	0.0000	0.2776
446	1.0000	0.8264	0.0000	0.2783
447	1.0000	0.8316	0.0000	0.2789
448	1.0000	0.8098	0.0000	0.2796
449	1.0000	0.8312	0.0000	0.2804
450	1.0000	0.8306	0.0000	0.2811
451	1.0000	0.8406	0.0000	0.2818
452	1.0000	0.7817	0.0000	0.2826
453	1.0000	0.8179	0.0000	0.2833
454	1.0000	0.8095	0.0000	0.2840
455	1.0000	0.8106	0.0000	0.2847
456	1.0000	0.8021	0.0000	0.2854
457	1.0000	0.7900	0.0000	0.2861
458	1.0000	0.8219	0.0000	0.2868
459	1.0000	0.8357	0.0000	0.2876
460	1.0000	0.7748	0.0000	0.2883
461	1.0000	0.7981	0.0000	0.2890
462	1.0000	0.8199	0.0000	0.2897
463	1.0000	0.8300	0.0000	0.2904
464	1.0000	0.7851	0.0000	0.2912
465	1.0000	0.7782	0.0000	0.2918
466	1.0000	0.8073	0.0000	0.2925
467	1.0000	0.7828	0.0000	0.2933
468	1.0000	0.7806	0.0000	0.2941
469	1.0000	0.7693	0.0000	0.2947
470	1.0000	0.7683	0.0000	0.2954
471	1.0000	0.7534	0.0000	0.2962
472	1.0000	0.7919	0.0000	0.2969
473	1.0000	0.7278	0.0000	0.2976
474	1.0000	0.7487	0.0000	0.2983
475	1.0000	0.7423	0.0000	0.2990
476	1.0000	0.8120	0.0000	0.2998
477	1.0000	0.7864	0.0000	0.3006
478	1.0000	0.7942	0.0000	0.3013
479	1.0000	0.7664	0.0000	0.3020
480	1.0000	0.8383	0.0000	0.3027
481	1.0000	0.7892	0.0000	0.3034
482	1.0000	0.7923	0.0000	0.3041
483	1.0000	0.7538	0.0000	0.3048
484	1.0000	0.8053	0.0000	0.3055
485	1.0000	0.7819	0.0000	0.3062
486	1.0000	0.8065	0.0000	0.3069
487	1.0000	0.7609	0.0000	0.3076
488	1.0000	0.8034	0.0000	0.3083
489	1.0000	0.7953	0.0000	0.3090
490	1.0000	0.8036	0.0000	0.3097
491	1.0000	0.7884	0.0000	0.3104
492	1.0000	0.8087	0.0000	0.3112
493	1.0000	0.8243	0.0000	0.3119
494	1.0000	0.8093	0.0000	0.3127
495	1.0000	0.8251	0.0000	0.3134
496	1.0000	0.8231	0.0000	0.3142
497	1.0000	0.8618	0.0000	0.3148
498	1.0000	0.8190	0.0000	0.3156
499	1.0000	0.8135	0.0000	0.3163
500	1.0000	0.8211	0.0000	0.3170
501	1.0000	0.8287	0.0000	0.3177
502	1.0000	0.8300	0.0000	0.3184
503	1.0000	0.8579	0.0000	0.3191
504	1.0000	0.7954	0.0000	0.3198
505	1.0000	0.8427	0.0000	0.3205
506	1.0000	0.8366	0.0000	0.3212
507	1.0000	0.8359	0.0000	0.3219
508	1.0000	0.8418	0.0000	0.3225
509	1.0000	0.8260	0.0000	0.3232
510	1.0000	0.8180	0.0000	0.3239
511	1.0000	0.7907	0.0000	0.3245
512	1.0000	0.7945	0.0000	0.3252
513	1.0000	0.8302	0.0000	0.3259
514	1.0000	0.7474	0.0000	0.3266
515	1.0000	0.8241	0.0000	0.3272
516	1.0000	0.7638	0.0000	0.3279
517	1.0000	0.7959	0.0000	0.3287
518	1.0000	0.7704	0.0000	0.3293
519	1.0000	0.8295	0.0000	0.3300
520	1.0000	0.7951	0.0000	0.3307
521	1.0000	0.8102	0.0000	0.3315
522	1.0000	0.7943	0.0000	0.3322
523	1.0000	0.8173	0.0000	0.3330
524	1.0000	0.8026	0.0000	0.3337
525	1.0000	0.8454	0.0000	0.3345
526	1.0000	0.8334	0.0000	0.3352
527	1.0000	0.8340	0.0000	0.3359
528	1.0000	0.8721	0.0000	0.3366
529	1.0000	0.8280	0.0000	0.3372
530	1.0000	0.8495	0.0000	0.3378
531	1.0000	0.8549	0.0000	0.3385
532	1.0000	0.8293	0.0000	0.3391
533	1.0000	0.8693	0.0000	0.3398
534	1.0000	0.8501	0.0000	0.3404
535	1.0000	0.8332	0.0000	0.3411
536	1.0000	0.8724	0.0000	0.3417
537	1.0000	0.8325	0.0000	0.3424
538	1.0000	0.8646	0.0000	0.3431
539	1.0000	0.8556	0.0000	0.3437
540	1.0000	0.8724	0.0000	0.3444
541	1.0000	0.8699	0.0000	0.3450
542	1.0000	0.8637	0.0000	0.3457
543	1.0000	0.8376	0.0000	0.3464
544	1.0000	0.8308	0.0000	0.3470
545	1.0000	0.8183	0.0000	0.3478
546	1.0000	0.8339	0.0000	0.3484
547	1.0000	0.8622	0.0000	0.3492
548	1.0000	0.8571	0.0000	0.3498
549	1.0000	0.8516	0.0000	0.3506
550	1.0000	0.8645	0.0000	0.3513
551	1.0000	0.8192	0.0000	0.3520
552	1.0000	0.8580	0.0000	0.3527
553	1.0000	0.8456	0.0000	0.3533
554	1.0000	0.8708	0.0000	0.3540
555	1.0000	0.8134	0.0000	0.3547
556	1.0000	0.8404	0.0000	0.3553
557	1.0000	0.8561	0.0000	0.3560
558	1.0000	0.8299	0.0000	0.3567
559	1.0000	0.7943	0.0000	0.3574
560	1.0000	0.7856	0.0000	0.3580
561	1.0000	0.7628	0.0000	0.3587
562	1.0000	0.7396	0.0000	0.3594
563	1.0000	0.7653	0.0000	0.3600
564	1.0000	0.7778	0.0000	0.3607
565	1.0000	0.7850	0.0000	0.3614
566	1.0000	0.8065	0.0000	0.3621
567	1.0000	0.8079	0.0000	0.3627
568	1.0000	0.7918	0.0000	0.3634
569	1.0000	0.8060	0.0000	0.3641
570	1.0000	0.8306	0.0000	0.3648
571	1.0000	0.7744	0.0000	0.3654
572	1.0000	0.7848	0.0000	0.3661
573	1.0000	0.8104	0.0000	0.3668
574	1.0000	0.8446	0.0000	0.3675
575	1.0000	0.8276	0.0000	0.3682
576	1.0000	0.7937	0.0000	0.3689
577	1.0000	0.7895	0.0000	0.3696
578	1.0000	0.7997	0.0000	0.3702
579	1.0000	0.8195	0.0000	0.3709
580	1.0000	0.8176	0.0000	0.3715
581	1.0000	0.8234	0.0000	0.3722
582	1.0000	0.8496	0.0000	0.3728
583	1.0000	0.8753	0.0000	0.3734
584	1.0000	0.8299	0.0000	0.3741
585	1.0000	0.8771	0.0000	0.3748
586	1.0000	0.8647	0.0000	0.3754
587	1.0000	0.8709	0.0000	0.3760
588	1.0000	0.8793	0.0000	0.3767
589	1.0000	0.8570	0.0000	0.3773
590	1.0000	0.8623	0.0000	0.3780
591	1.0000	0.8317	0.0000	0.3787
592	1.0000	0.8475	0.0000	0.3793
593	1.0000	0.8736	0.0000	0.3799
594	1.0000	0.8497	0.0000	0.3806
595	1.0000	0.8718	0.0000	0.3813
596	1.0000	0.8499	0.0000	0.3819
597	1.0000	0.8520	0.0000	0.3825
598	1.0000	0.8306	0.0000	0.3833
599	1.0000	0.8392	0.0000	0.3840
600	1.0000	0.8224	0.0000	0.3846
601	1.0000	0.7978	0.0000	0.3853
602	1.0000	0.8351	0.0000	0.3860
603	1.0000	0.8290	0.0000	0.3867
604	1.0000	0.8477	0.0000	0.3874
605	1.0000	0.8541	0.0000	0.3880
606	1.0000	0.8926	0.0000	0.3887
607	1.0000	0.8554	0.0000	0.3893
608	1.0000	0.8457	0.0000	0.3899
609	1.0000	0.8715	0.0000	0.3905
610	1.0000	0.8645	0.0000	0.3912
611	1.0000	0.8633	0.0000	0.3919
612	1.0000	0.8559	0.0000	0.3925
613	1.0000	0.8423	0.0000	0.3932
614	1.0000	0.8216	0.0000	0.3938
615	1.0000	0.8453	0.0000	0.3945
616	1.0000	0.8329	0.0000	0.3951
617	1.0000	0.8602	0.0000	0.3957
618	1.0000	0.8610	0.0000	0.3964
619	1.0000	0.8835	0.0000	0.3971
620	1.0000	0.8566	0.0000	0.3977
621	1.0000	0.8399	0.0000	0.3984
622	1.0000	0.8795	0.0000	0.3990
623	1.0000	0.8332	0.0000	0.3997
624	1.0000	0.8335	0.0000	0.4003
625	1.0000	0.8628	0.0000	0.4009
626	1.0000	0.8500	0.0000	0.4016
627	1.0000	0.8405	0.0000	0.4022
628	1.0000	0.8917	0.0000	0.4028
629	1.0000	0.9206	0.0000	0.4035
630	1.0000	0.8895	0.0000	0.4042
631	1.0000	0.8864	0.0000	0.4049
632	1.0000	0.8958	0.0000	0.4055
633	1.0000	0.8736	0.0000	0.4061
634	1.0000	0.8487	0.0000	0.4068
635	1.0000	0.8819	0.0000	0.4074
636	1.0000	0.8952	0.0000	0.4081
637	1.0000	0.8652	0.0000	0.4087
638	1.0000	0.8848	0.0000	0.4094
639	1.0000	0.8880	0.0000	0.4100
640	1.0000	0.8841	0.0000	0.4106
641	1.0000	0.8536	0.0000	0.4113
642	1.0000	0.8592	0.0000	0.4119
643	1.0000	0.8012	0.0000	0.4126
644	1.0000	0.8648	0.0000	0.4132
645	1.0000	0.8481	0.0000	0.4139
646	1.0000	0.8662	0.0000	0.4145
647	1.0000	0.8743	0.0000	0.4151
648	1.0000	0.8341	0.0000	0.4158
649	1.0000	0.8783	0.0000	0.4164
650	1.0000	0.8669	0.0000	0.4171
651	1.0000	0.8952	0.0000	0.4177
652	1.0000	0.8807	0.0000	0.4184
653	1.0000	0.8477	0.0000	0.4190
654	1.0000	0.8346	0.0000	0.4197
655	1.0000	0.8788	0.0000	0.4204
656	1.0000	0.8444	0.0000	0.4210
657	1.0000	0.8755	0.0000	0.4216
658	1.0000	0.8507	0.0000	0.4223
659	1.0000	0.9033	0.0000	0.4229
660	1.0000	0.8717	0.0000	0.4236
661	1.0000	0.7910	0.0000	0.4242
662	1.0000	0.8260	0.0000	0.4249
663	1.0000	0.8235	0.0000	0.4255
664	1.0000	0.7993	0.0000	0.4261
665	1.0000	0.7924	0.0000	0.4267
666	1.0000	0.8535	0.0000	0.4274
667	1.0000	0.8615	0.0000	0.4280
668	1.0000	0.8326	0.0000	0.4286
669	1.0000	0.8194	0.0000	0.4293
670	1.0000	0.8673	0.0000	0.4301
671	1.0000	0.8677	0.0000	0.4308
672	1.0000	0.8479	0.0000	0.4314
673	1.0000	0.8683	0.0000	0.4321
674	1.0000	0.8740	0.0000	0.4328
675	1.0000	0.8674	0.0000	0.4335
676	1.0000	0.8399	0.0000	0.4342
677	1.0000	0.8218	0.0000	0.4348
678	1.0000	0.8287	0.0000	0.4356
679	1.0000	0.8731	0.0000	0.4363
680	1.0000	0.8397	0.0000	0.4369
681	1.0000	0.8311	0.0000	0.4375
682	1.0000	0.8666	0.0000	0.4382
683	1.0000	0.8183	0.0000	0.4388
684	1.0000	0.8223	0.0000	0.4394
685	1.0000	0.8090	0.0000	0.4400
686	1.0000	0.8444	0.0000	0.4407
687	1.0000	0.8225	0.0000	0.4413
688	1.0000	0.8140	0.0000	0.4419
689	1.0000	0.8292	0.0000	0.4425
690	1.0000	0.8074	0.0000	0.4431
691	1.0000	0.8375	0.0000	0.4437
692	1.0000	0.8194	0.0000	0.4444
693	1.0000	0.7872	0.0000	0.4450
694	1.0000	0.7847	0.0000	0.4457
695	1.0000	0.8129	0.0000	0.4465
696	1.0000	0.8043	0.0000	0.4471
697	1.0000	0.8087	0.0000	0.4477
698	1.0000	0.8154	0.0000	0.4484
699	1.0000	0.7755	0.0000	0.4491
700	1.0000	0.8208	0.0000	0.4497
701	1.0000	0.7775	0.0000	0.4504
702	1.0000	0.7613	0.0000	0.4510
703	1.0000	0.7289	0.0000	0.4516
704	1.0000	0.7724	0.0000	0.4522
705	1.0000	0.7921	0.0000	0.4528
706	1.0000	0.7683	0.0000	0.4535
707	1.0000	0.7925	0.0000	0.4543
708	1.0000	0.7839	0.0000	0.4551
709	1.0000	0.8210	0.0000	0.4557
710	1.0000	0.7642	0.0000	0.4563
711	1.0000	0.7792	0.0000	0.4571
712	1.0000	0.7995	0.0000	0.4578
713	1.0000	0.7911	0.0000	0.4585
714	1.0000	0.8033	0.0000	0.4592
715	1.0000	0.7862	0.0000	0.4598
716	1.0000	0.7735	0.0000	0.4605
717	1.0000	0.7826	0.0000	0.4611
718	1.0000	0.7846	0.0000	0.4619
719	1.0000	0.7807	0.0000	0.4626
720	1.0000	0.8195	0.0000	0.4633
721	1.0000	0.7875	0.0000	0.4640
722	1.0000	0.7997	0.0000	0.4646
723	1.0000	0.8045	0.0000	0.4653
724	1.0000	0.8220	0.0000	0.4659
725	1.0000	0.8479	0.0000	0.4665
726	1.0000	0.8381	0.0000	0.4672
727	1.0000	0.8188	0.0000	0.4678
728	1.0000	0.7985	0.0000	0.4685
729	1.0000	0.8336	0.0000	0.4691
730	1.0000	0.8376	0.0000	0.4697
731	1.0000	0.8611	0.0000	0.4703
732	1.0000	0.8474	0.0000	0.4709
733	1.0000	0.8376	0.0000	0.4715
734	1.0000	0.8406	0.0000	0.4721
735	1.0000	0.8396	0.0000	0.4727
736	1.0000	0.8794	0.0000	0.4733
737	1.0000	0.8396	0.0000	0.4739
738	1.0000	0.8597	0.0000	0.4745
739	1.0000	0.8714	0.0000	0.4751
740	1.0000	0.8551	0.0000	0.4757
741	1.0000	0.8456	0.0000	0.4762
742	1.0000	0.8362	0.0000	0.4768
743	1.0000	0.8235	0.0000	0.4774
744	1.0000	0.8339	0.0000	0.4780
745	1.0000	0.8479	0.0000	0.4787
746	1.0000	0.8589	0.0000	0.4794
747	1.0000	0.8426	0.0000	0.4802
748	1.0000	0.7996	0.0000	0.4808
749	1.0000	0.8205	0.0000	0.4814
750	1.0000	0.8062	0.0000	0.4820
751	1.0000	0.8242	0.0000	0.4826
752	1.0000	0.8472	0.0000	0.4833
753	1.0000	0.8400	0.0000	0.4839
754	1.0000	0.8057	0.0000	0.4845
755	1.0000	0.8142	0.0000	0.4851
756	1.0000	0.8562	0.0000	0.4857
757	1.0000	0.8395	0.0000	0.4863
758	1.0000	0.8093	0.0000	0.4869
759	1.0000	0.8502	0.0000	0.4875
760	1.0000	0.8261	0.0000	0.4881
761	1.0000	0.8180	0.0000	0.4888
762	1.0000	0.7766	0.0000	0.4895
763	1.0000	0.8063	0.0000	0.4901
764	1.0000	0.7869	0.0000	0.4907
765	1.0000	0.8183	0.0000	0.4913
766	1.0000	0.8318	0.0000	0.4919
767	1.0000	0.8569	0.0000	0.4926
768	1.0000	0.8367	0.0000	0.4932
769	1.0000	0.8658	0.0000	0.4938
770	1.0000	0.7949	0.0000	0.4944
771	1.0000	0.8155	0.0000	0.4951
772	1.0000	0.8130	0.0000	0.4957
773	1.0000	0.7750	0.0000	0.4963
774	1.0000	0.8431	0.0000	0.4969
775	1.0000	0.8027	0.0000	0.4976
776	1.0000	0.8327	0.0000	0.4983
777	1.0000	0.8229	0.0000	0.4990
778	1.0000	0.8195	0.0000	0.4998
779	1.0000	0.8062	0.0000	0.5005
780	1.0000	0.8233	0.0000	0.5011
781	1.0000	0.8458	0.0000	0.5017
782	1.0000	0.8649	0.0000	0.5023
783	1.0000	0.8628	0.0000	0.5030
784	1.0000	0.8835	0.0000	0.5038
785	1.0000	0.8627	0.0000	0.5044
786	1.0000	0.8716	0.0000	0.5049
787	1.0000	0.8683	0.0000	0.5056
788	1.0000	0.8682	0.0000	0.5062
789	1.0000	0.8615	0.0000	0.5068
790	1.0000	0.8525	0.0000	0.5074
791	1.0000	0.8820	0.0000	0.5081
792	1.0000	0.8465	0.0000	0.5087
793	1.0000	0.8469	0.0000	0.5093
794	1.0000	0.8524	0.0000	0.5099
795	1.0000	0.8358	0.0000	0.5106
796	1.0000	0.8400	0.0000	0.5112
797	1.0000	0.8733	0.0000	0.5118
798	1.0000	0.8829	0.0000	0.5124
799	1.0000	0.8825	0.0000	0.5130
800	1.0000	0.8698	0.0000	0.5136
801	1.0000	0.8558	0.0000	0.5143
802	1.0000	0.8317	0.0000	0.5150
803	1.0000	0.8096	0.0000	0.5156
804	1.0000	0.8346	0.0000	0.5162
805	1.0000	0.8332	0.0000	0.5168
806	1.0000	0.8315	0.0000	0.5175
807	1.0000	0.8596	0.0000	0.5181
808	1.0000	0.8042	0.0000	0.5187
809	1.0000	0.8346	0.0000	0.5194
810	1.0000	0.7739	0.0000	0.5200
811	1.0000	0.7666	0.0000	0.5206
812	1.0000	0.8176	0.0000	0.5213
813	1.0000	0.7739	0.0000	0.5220
814	1.0000	0.8142	0.0000	0.5227
815	1.0000	0.7946	0.0000	0.5233
816	1.0000	0.7998	0.0000	0.5239
817	1.0000	0.7908	0.0000	0.5245
818	1.0000	0.7937	0.0000	0.5251
819	1.0000	0.8468	0.0000	0.5257
820	1.0000	0.8016	0.0000	0.5263
821	1.0000	0.8339	0.0000	0.5269
822	1.0000	0.8217	0.0000	0.5275
823	1.0000	0.8266	0.0000	0.5281
824	1.0000	0.7846	0.0000	0.5287
825	1.0000	0.8112	0.0000	0.5293
826	1.0000	0.8549	0.0000	0.5299
827	1.0000	0.8171	0.0000	0.5305
828	1.0000	0.8299	0.0000	0.5312
829	1.0000	0.8509	0.0000	0.5317
830	1.0000	0.8382	0.0000	0.5323
831	1.0000	0.8266	0.0000	0.5329
832	1.0000	0.8875	0.0000	0.5335
833	1.0000	0.8641	0.0000	0.5341
834	1.0000	0.8404	0.0000	0.5347
835	1.0000	0.8494	0.0000	0.5353
836	1.0000	0.8232	0.0000	0.5360
837	1.0000	0.8273	0.0000	0.5366
838	1.0000	0.8321	0.0000	0.5372
839	1.0000	0.8595	0.0000	0.5378
840	1.0000	0.8260	0.0000	0.5384
841	1.0000	0.8405	0.0000	0.5391
842	1.0000	0.8317	0.0000	0.5397
843	1.0000	0.8520	0.0000	0.5403
844	1.0000	0.8721	0.0000	0.5409
845	1.0000	0.8660	0.0000	0.5415
846	1.0000	0.8504	0.0000	0.5421
847	1.0000	0.8497	0.0000	0.5427
848	1.0000	0.8914	0.0000	0.5433
849	1.0000	0.8448	0.0000	0.5439
850	1.0000	0.8790	0.0000	0.5445
851	1.0000	0.8568	0.0000	0.5451
852	1.0000	0.8718	0.0000	0.5457
853	1.0000	0.8629	0.0000	0.5464
854	1.0000	0.8656	0.0000	0.5470
855	1.0000	0.8602	0.0000	0.5476
856	1.0000	0.8551	0.0000	0.5482
857	1.0000	0.8801	0.0000	0.5488
858	1.0000	0.8550	0.0000	0.5494
859	1.0000	0.8393	0.0000	0.5500
860	1.0000	0.8778	0.0000	0.5506
861	1.0000	0.8643	0.0000	0.5511
862	1.0000	0.8913	0.0000	0.5518
863	1.0000	0.8203	0.0000	0.5524
864	1.0000	0.8442	0.0000	0.5530
865	1.0000	0.8399	0.0000	0.5537
866	1.0000	0.8701	0.0000	0.5543
867	1.0000	0.8688	0.0000	0.5549
868	1.0000	0.8510	0.0000	0.5556
869	1.0000	0.8580	0.0000	0.5562
870	1.0000	0.8518	0.0000	0.5569
871	1.0000	0.8438	0.0000	0.5575
872	1.0000	0.8485	0.0000	0.5581
873	1.0000	0.8609	0.0000	0.5588
874	1.0000	0.8549	0.0000	0.5593
875	1.0000	0.8445	0.0000	0.5599
876	1.0000	0.8360	0.0000	0.5605
877	1.0000	0.8311	0.0000	0.5612
878	1.0000	0.8191	0.0000	0.5619
879	1.0000	0.8363	0.0000	0.5625
880	1.0000	0.8157	0.0000	0.5631
881	1.0000	0.8636	0.0000	0.5637
882	1.0000	0.8018	0.0000	0.5643
883	1.0000	0.8439	0.0000	0.5649
884	1.0000	0.8191	0.0000	0.5655
885	1.0000	0.8414	0.0000	0.5661
886	1.0000	0.8318	0.0000	0.5668
887	1.0000	0.8487	0.0000	0.5674
888	1.0000	0.8411	0.0000	0.5680
889	1.0000	0.8300	0.0000	0.5686
890	1.0000	0.8027	0.0000	0.5692
891	1.0000	0.8296	0.0000	0.5698
892	1.0000	0.8377	0.0000	0.5704
893	1.0000	0.8418	0.0000	0.5710
894	1.0000	0.8431	0.0000	0.5716
895	1.0000	0.8506	0.0000	0.5722
896	1.0000	0.8745	0.0000	0.5728
897	1.0000	0.8795	0.0000	0.5734
898	1.0000	0.8543	0.0000	0.5741
899	1.0000	0.8565	0.0000	0.5746
900	1.0000	0.8458	0.0000	0.5752
901	1.0000	0.8785	0.0000	0.5758
902	1.0000	0.8699	0.0000	0.5764
903	1.0000	0.8670	0.0000	0.5770
904	1.0000	0.8892	0.0000	0.5777
905	1.0000	0.8848	0.0000	0.5783
906	1.0000	0.8820	0.0000	0.5788
907	1.0000	0.8848	0.0000	0.5794
908	1.0000	0.8876	0.0000	0.5800
909	1.0000	0.8491	0.0000	0.5806
910	1.0000	0.8579	0.0000	0.5812
911	1.0000	0.8513	0.0000	0.5818
912	1.0000	0.8779	0.0000	0.5824
913	1.0000	0.8514	0.0000	0.5830
914	1.0000	0.8895	0.0000	0.5836
915	1.0000	0.8669	0.0000	0.5842
916	1.0000	0.8823	0.0000	0.5848
917	1.0000	0.8551	0.0000	0.5855
918	1.0000	0.8898	0.0000	0.5863
919	1.0000	0.8403	0.0000	0.5869
920	1.0000	0.8165	0.0000	0.5876
921	1.0000	0.8292	0.0000	0.5881
922	1.0000	0.8202	0.0000	0.5887
923	1.0000	0.8263	0.0000	0.5893
924	1.0000	0.8324	0.0000	0.5899
925	1.0000	0.8429	0.0000	0.5906
926	1.0000	0.8560	0.0000	0.5912
927	1.0000	0.8118	0.0000	0.5918
928	1.0000	0.8269	0.0000	0.5924
929	1.0000	0.8000	0.0000	0.5931
930	1.0000	0.8188	0.0000	0.5938
931	1.0000	0.7895	0.0000	0.5945
932	1.0000	0.7852	0.0000	0.5951
Pos: [7.706277626591818, 4.111207007257037]

=================================================================================================================