ID: uneven_decreasing_maxima	Date: 2019-05-03 20:48:50	Runs: 5
=================================================================================================================
Run: 0
Iter	Gbest	AvrFit	Diver	ETime	
0	0.9963	0.2252	0.0000	0.0030
1	0.9991	0.2685	0.0000	0.0051
2	0.9999	0.2584	0.0000	0.0069
3	1.0000	0.2742	0.0000	0.0090
4	1.0000	0.2628	0.0000	0.0117
5	1.0000	0.2468	0.0000	0.0142
6	1.0000	0.2825	0.0000	0.0161
7	1.0000	0.2662	0.0000	0.0184
8	1.0000	0.2391	0.0000	0.0206
9	1.0000	0.2538	0.0000	0.0227
10	1.0000	0.2773	0.0000	0.0258
11	1.0000	0.2604	0.0000	0.0272
12	1.0000	0.3034	0.0000	0.0290
13	1.0000	0.2861	0.0000	0.0315
14	1.0000	0.2204	0.0000	0.0340
15	1.0000	0.2315	0.0000	0.0362
16	1.0000	0.2483	0.0000	0.0375
17	1.0000	0.2345	0.0000	0.0389
18	1.0000	0.2644	0.0000	0.0405
19	1.0000	0.2328	0.0000	0.0435
20	1.0000	0.2678	0.0000	0.0454
21	1.0000	0.2641	0.0000	0.0474
22	1.0000	0.3105	0.0000	0.0498
23	1.0000	0.2572	0.0000	0.0529
24	1.0000	0.2966	0.0000	0.0551
25	1.0000	0.3170	0.0000	0.0569
26	1.0000	0.2901	0.0000	0.0585
27	1.0000	0.2832	0.0000	0.0595
28	1.0000	0.3214	0.0000	0.0615
29	1.0000	0.2896	0.0000	0.0641
30	1.0000	0.2627	0.0000	0.0658
31	1.0000	0.2539	0.0000	0.0696
32	1.0000	0.2730	0.0000	0.0715
33	1.0000	0.2407	0.0000	0.0737
34	1.0000	0.2808	0.0000	0.0756
35	1.0000	0.2835	0.0000	0.0776
36	1.0000	0.3121	0.0000	0.0795
37	1.0000	0.2768	0.0000	0.0815
38	1.0000	0.2716	0.0000	0.0842
39	1.0000	0.2755	0.0000	0.0873
40	1.0000	0.2896	0.0000	0.0899
41	1.0000	0.2862	0.0000	0.0925
42	1.0000	0.2511	0.0000	0.0955
43	1.0000	0.2325	0.0000	0.0980
44	1.0000	0.2793	0.0000	0.1002
45	1.0000	0.3012	0.0000	0.1036
46	1.0000	0.2117	0.0000	0.1064
47	1.0000	0.2919	0.0000	0.1086
48	1.0000	0.2894	0.0000	0.1106
49	1.0000	0.2547	0.0000	0.1127
50	1.0000	0.2803	0.0000	0.1147
51	1.0000	0.2859	0.0000	0.1175
52	1.0000	0.2121	0.0000	0.1193
53	1.0000	0.3130	0.0000	0.1216
54	1.0000	0.2768	0.0000	0.1243
55	1.0000	0.2847	0.0000	0.1278
56	1.0000	0.2987	0.0000	0.1296
57	1.0000	0.3273	0.0000	0.1313
58	1.0000	0.2573	0.0000	0.1334
59	1.0000	0.2591	0.0000	0.1361
60	1.0000	0.3001	0.0000	0.1381
61	1.0000	0.3111	0.0000	0.1402
62	1.0000	0.2724	0.0000	0.1425
63	1.0000	0.2581	0.0000	0.1446
64	1.0000	0.2608	0.0000	0.1477
65	1.0000	0.2642	0.0000	0.1503
66	1.0000	0.2610	0.0000	0.1524
67	1.0000	0.2478	0.0000	0.1550
68	1.0000	0.2459	0.0000	0.1581
69	1.0000	0.2583	0.0000	0.1600
70	1.0000	0.2531	0.0000	0.1627
71	1.0000	0.2481	0.0000	0.1649
72	1.0000	0.2627	0.0000	0.1672
73	1.0000	0.2294	0.0000	0.1691
74	1.0000	0.3376	0.0000	0.1726
75	1.0000	0.2280	0.0000	0.1748
76	1.0000	0.3230	0.0000	0.1776
77	1.0000	0.2551	0.0000	0.1806
78	1.0000	0.2401	0.0000	0.1826
79	1.0000	0.2974	0.0000	0.1845
80	1.0000	0.3063	0.0000	0.1878
81	1.0000	0.2147	0.0000	0.1900
82	1.0000	0.2574	0.0000	0.1926
83	1.0000	0.3086	0.0000	0.1944
84	1.0000	0.3091	0.0000	0.1966
85	1.0000	0.2513	0.0000	0.1994
86	1.0000	0.3469	0.0000	0.2014
87	1.0000	0.3493	0.0000	0.2051
88	1.0000	0.2583	0.0000	0.2074
89	1.0000	0.2487	0.0000	0.2097
90	1.0000	0.2463	0.0000	0.2119
91	1.0000	0.2925	0.0000	0.2142
92	1.0000	0.2803	0.0000	0.2164
93	1.0000	0.2613	0.0000	0.2188
94	1.0000	0.2532	0.0000	0.2212
95	1.0000	0.2648	0.0000	0.2232
96	1.0000	0.2491	0.0000	0.2253
97	1.0000	0.2434	0.0000	0.2274
98	1.0000	0.2945	0.0000	0.2293
99	1.0000	0.3028	0.0000	0.2321
100	1.0000	0.2464	0.0000	0.2350
101	1.0000	0.3055	0.0000	0.2387
102	1.0000	0.2619	0.0000	0.2424
103	1.0000	0.2515	0.0000	0.2448
104	1.0000	0.2579	0.0000	0.2466
105	1.0000	0.3093	0.0000	0.2488
106	1.0000	0.2848	0.0000	0.2512
107	1.0000	0.2912	0.0000	0.2532
108	1.0000	0.3128	0.0000	0.2552
109	1.0000	0.2389	0.0000	0.2578
110	1.0000	0.3284	0.0000	0.2602
111	1.0000	0.2960	0.0000	0.2624
112	1.0000	0.2891	0.0000	0.2660
113	1.0000	0.2435	0.0000	0.2679
114	1.0000	0.2736	0.0000	0.2705
115	1.0000	0.2512	0.0000	0.2742
116	1.0000	0.2275	0.0000	0.2763
117	1.0000	0.2941	0.0000	0.2785
118	1.0000	0.2348	0.0000	0.2806
119	1.0000	0.2710	0.0000	0.2830
120	1.0000	0.2777	0.0000	0.2865
121	1.0000	0.3033	0.0000	0.2884
122	1.0000	0.2857	0.0000	0.2905
123	1.0000	0.2938	0.0000	0.2925
124	1.0000	0.2791	0.0000	0.2951
125	1.0000	0.2578	0.0000	0.2970
126	1.0000	0.3010	0.0000	0.2998
127	1.0000	0.2867	0.0000	0.3023
128	1.0000	0.2553	0.0000	0.3047
129	1.0000	0.2542	0.0000	0.3071
130	1.0000	0.2979	0.0000	0.3093
131	1.0000	0.3204	0.0000	0.3112
132	1.0000	0.2843	0.0000	0.3136
133	1.0000	0.2801	0.0000	0.3170
134	1.0000	0.2565	0.0000	0.3191
135	1.0000	0.2893	0.0000	0.3228
136	1.0000	0.2663	0.0000	0.3259
137	1.0000	0.2657	0.0000	0.3285
138	1.0000	0.2380	0.0000	0.3306
139	1.0000	0.2529	0.0000	0.3329
140	1.0000	0.2564	0.0000	0.3361
141	1.0000	0.2401	0.0000	0.3387
142	1.0000	0.2712	0.0000	0.3425
143	1.0000	0.2356	0.0000	0.3454
144	1.0000	0.2901	0.0000	0.3489
145	1.0000	0.2448	0.0000	0.3520
146	1.0000	0.2460	0.0000	0.3545
147	1.0000	0.2594	0.0000	0.3583
148	1.0000	0.2916	0.0000	0.3612
149	1.0000	0.2970	0.0000	0.3636
150	1.0000	0.2765	0.0000	0.3674
151	1.0000	0.2193	0.0000	0.3699
152	1.0000	0.3082	0.0000	0.3722
153	1.0000	0.2236	0.0000	0.3751
154	1.0000	0.2767	0.0000	0.3780
155	1.0000	0.2565	0.0000	0.3801
156	1.0000	0.2384	0.0000	0.3825
157	1.0000	0.2425	0.0000	0.3850
158	1.0000	0.2478	0.0000	0.3876
159	1.0000	0.2736	0.0000	0.3908
160	1.0000	0.2667	0.0000	0.3940
161	1.0000	0.2147	0.0000	0.3971
162	1.0000	0.2647	0.0000	0.4003
163	1.0000	0.2429	0.0000	0.4045
164	1.0000	0.2540	0.0000	0.4073
165	1.0000	0.3112	0.0000	0.4101
166	1.0000	0.2180	0.0000	0.4133
167	1.0000	0.2758	0.0000	0.4160
168	1.0000	0.2331	0.0000	0.4181
169	1.0000	0.2772	0.0000	0.4212
170	1.0000	0.3303	0.0000	0.4245
171	1.0000	0.2835	0.0000	0.4269
172	1.0000	0.2524	0.0000	0.4304
173	1.0000	0.2977	0.0000	0.4345
174	1.0000	0.3018	0.0000	0.4372
175	1.0000	0.2305	0.0000	0.4396
176	1.0000	0.2789	0.0000	0.4430
177	1.0000	0.3163	0.0000	0.4471
178	1.0000	0.2237	0.0000	0.4497
179	1.0000	0.2485	0.0000	0.4525
180	1.0000	0.3275	0.0000	0.4554
181	1.0000	0.2633	0.0000	0.4581
182	1.0000	0.3163	0.0000	0.4607
183	1.0000	0.2322	0.0000	0.4627
184	1.0000	0.3062	0.0000	0.4649
185	1.0000	0.2273	0.0000	0.4682
186	1.0000	0.2089	0.0000	0.4708
187	1.0000	0.2765	0.0000	0.4733
188	1.0000	0.2489	0.0000	0.4759
189	1.0000	0.2882	0.0000	0.4783
190	1.0000	0.2517	0.0000	0.4806
191	1.0000	0.3055	0.0000	0.4826
192	1.0000	0.3161	0.0000	0.4866
193	1.0000	0.2308	0.0000	0.4895
194	1.0000	0.2346	0.0000	0.4915
195	1.0000	0.2830	0.0000	0.4935
196	1.0000	0.2888	0.0000	0.4975
197	1.0000	0.2250	0.0000	0.5000
198	1.0000	0.3280	0.0000	0.5025
199	1.0000	0.2199	0.0000	0.5062
200	1.0000	0.1782	0.0000	0.5102
201	1.0000	0.2600	0.0000	0.5141
202	1.0000	0.2447	0.0000	0.5164
203	1.0000	0.1827	0.0000	0.5192
204	1.0000	0.3030	0.0000	0.5218
205	1.0000	0.2437	0.0000	0.5255
206	1.0000	0.2569	0.0000	0.5283
207	1.0000	0.2401	0.0000	0.5320
208	1.0000	0.2301	0.0000	0.5342
209	1.0000	0.3113	0.0000	0.5374
210	1.0000	0.2842	0.0000	0.5405
211	1.0000	0.2878	0.0000	0.5433
212	1.0000	0.2656	0.0000	0.5453
213	1.0000	0.2855	0.0000	0.5470
214	1.0000	0.3523	0.0000	0.5492
215	1.0000	0.2902	0.0000	0.5513
216	1.0000	0.3215	0.0000	0.5534
217	1.0000	0.2628	0.0000	0.5554
218	1.0000	0.2667	0.0000	0.5578
219	1.0000	0.2793	0.0000	0.5602
220	1.0000	0.2869	0.0000	0.5632
221	1.0000	0.2331	0.0000	0.5669
222	1.0000	0.2812	0.0000	0.5697
223	1.0000	0.2318	0.0000	0.5716
224	1.0000	0.3545	0.0000	0.5737
225	1.0000	0.2687	0.0000	0.5763
226	1.0000	0.2433	0.0000	0.5782
227	1.0000	0.2932	0.0000	0.5801
228	1.0000	0.3071	0.0000	0.5833
229	1.0000	0.2909	0.0000	0.5858
230	1.0000	0.3100	0.0000	0.5882
231	1.0000	0.2352	0.0000	0.5919
232	1.0000	0.2752	0.0000	0.5943
233	1.0000	0.2626	0.0000	0.5968
234	1.0000	0.2564	0.0000	0.5993
235	1.0000	0.2733	0.0000	0.6015
236	1.0000	0.2752	0.0000	0.6037
237	1.0000	0.2580	0.0000	0.6066
238	1.0000	0.2946	0.0000	0.6085
239	1.0000	0.3076	0.0000	0.6108
240	1.0000	0.2809	0.0000	0.6146
241	1.0000	0.2676	0.0000	0.6178
242	1.0000	0.2707	0.0000	0.6204
243	1.0000	0.2620	0.0000	0.6242
244	1.0000	0.2662	0.0000	0.6266
245	1.0000	0.2609	0.0000	0.6286
246	1.0000	0.2713	0.0000	0.6307
247	1.0000	0.2922	0.0000	0.6345
248	1.0000	0.2857	0.0000	0.6363
249	1.0000	0.2769	0.0000	0.6387
250	1.0000	0.2497	0.0000	0.6414
251	1.0000	0.2342	0.0000	0.6437
252	1.0000	0.2684	0.0000	0.6460
253	1.0000	0.2711	0.0000	0.6498
254	1.0000	0.2217	0.0000	0.6536
255	1.0000	0.2027	0.0000	0.6556
256	1.0000	0.2837	0.0000	0.6584
257	1.0000	0.2416	0.0000	0.6613
258	1.0000	0.3150	0.0000	0.6638
259	1.0000	0.2512	0.0000	0.6678
260	1.0000	0.2654	0.0000	0.6717
261	1.0000	0.2925	0.0000	0.6736
262	1.0000	0.2857	0.0000	0.6759
263	1.0000	0.2920	0.0000	0.6782
264	1.0000	0.2601	0.0000	0.6813
265	1.0000	0.2776	0.0000	0.6852
Pos: [0.07969977254989441]

Run: 1
Iter	Gbest	AvrFit	Diver	ETime	
0	0.9978	0.2250	0.0000	0.0044
1	1.0000	0.2647	0.0000	0.0073
2	1.0000	0.2116	0.0000	0.0097
3	1.0000	0.2675	0.0000	0.0119
4	1.0000	0.2431	0.0000	0.0133
5	1.0000	0.2746	0.0000	0.0148
6	1.0000	0.3022	0.0000	0.0167
7	1.0000	0.2890	0.0000	0.0191
8	1.0000	0.2809	0.0000	0.0208
9	1.0000	0.3082	0.0000	0.0222
10	1.0000	0.2660	0.0000	0.0236
11	1.0000	0.2985	0.0000	0.0255
12	1.0000	0.2507	0.0000	0.0286
13	1.0000	0.2503	0.0000	0.0306
14	1.0000	0.2597	0.0000	0.0327
15	1.0000	0.2414	0.0000	0.0343
16	1.0000	0.2754	0.0000	0.0363
17	1.0000	0.3226	0.0000	0.0379
18	1.0000	0.2777	0.0000	0.0397
19	1.0000	0.2368	0.0000	0.0414
20	1.0000	0.2330	0.0000	0.0433
21	1.0000	0.3489	0.0000	0.0453
22	1.0000	0.3574	0.0000	0.0469
23	1.0000	0.2469	0.0000	0.0483
24	1.0000	0.3035	0.0000	0.0506
25	1.0000	0.2555	0.0000	0.0521
26	1.0000	0.2829	0.0000	0.0538
27	1.0000	0.2488	0.0000	0.0563
28	1.0000	0.2575	0.0000	0.0583
29	1.0000	0.2822	0.0000	0.0603
30	1.0000	0.2953	0.0000	0.0620
31	1.0000	0.2526	0.0000	0.0634
32	1.0000	0.2733	0.0000	0.0654
33	1.0000	0.2781	0.0000	0.0677
34	1.0000	0.2272	0.0000	0.0691
35	1.0000	0.2786	0.0000	0.0711
36	1.0000	0.2503	0.0000	0.0727
37	1.0000	0.2714	0.0000	0.0746
38	1.0000	0.2704	0.0000	0.0768
39	1.0000	0.2038	0.0000	0.0780
40	1.0000	0.2819	0.0000	0.0801
41	1.0000	0.2551	0.0000	0.0815
42	1.0000	0.2561	0.0000	0.0829
43	1.0000	0.2707	0.0000	0.0853
44	1.0000	0.3401	0.0000	0.0869
45	1.0000	0.2653	0.0000	0.0879
46	1.0000	0.3070	0.0000	0.0899
47	1.0000	0.2595	0.0000	0.0930
48	1.0000	0.2998	0.0000	0.0949
49	1.0000	0.3476	0.0000	0.0961
50	1.0000	0.3308	0.0000	0.0985
51	1.0000	0.2719	0.0000	0.1013
52	1.0000	0.2298	0.0000	0.1041
53	1.0000	0.2629	0.0000	0.1061
54	1.0000	0.2645	0.0000	0.1086
55	1.0000	0.2892	0.0000	0.1100
56	1.0000	0.3185	0.0000	0.1112
57	1.0000	0.2966	0.0000	0.1122
58	1.0000	0.2363	0.0000	0.1152
59	1.0000	0.2684	0.0000	0.1173
60	1.0000	0.2469	0.0000	0.1187
61	1.0000	0.2862	0.0000	0.1210
62	1.0000	0.2362	0.0000	0.1244
63	1.0000	0.3103	0.0000	0.1280
64	1.0000	0.2314	0.0000	0.1309
65	1.0000	0.2584	0.0000	0.1332
66	1.0000	0.2844	0.0000	0.1354
67	1.0000	0.2783	0.0000	0.1380
68	1.0000	0.2595	0.0000	0.1403
69	1.0000	0.3223	0.0000	0.1431
70	1.0000	0.2885	0.0000	0.1458
71	1.0000	0.2221	0.0000	0.1495
72	1.0000	0.2580	0.0000	0.1529
73	1.0000	0.2225	0.0000	0.1552
74	1.0000	0.2958	0.0000	0.1573
75	1.0000	0.3211	0.0000	0.1595
76	1.0000	0.3005	0.0000	0.1618
77	1.0000	0.3139	0.0000	0.1642
78	1.0000	0.2535	0.0000	0.1661
79	1.0000	0.2745	0.0000	0.1672
80	1.0000	0.3274	0.0000	0.1698
81	1.0000	0.2989	0.0000	0.1742
82	1.0000	0.3017	0.0000	0.1763
83	1.0000	0.3249	0.0000	0.1787
84	1.0000	0.2333	0.0000	0.1822
85	1.0000	0.2584	0.0000	0.1849
86	1.0000	0.2592	0.0000	0.1876
87	1.0000	0.2642	0.0000	0.1907
88	1.0000	0.2973	0.0000	0.1934
89	1.0000	0.3051	0.0000	0.1958
90	1.0000	0.3089	0.0000	0.1983
91	1.0000	0.2960	0.0000	0.2013
92	1.0000	0.3278	0.0000	0.2044
93	1.0000	0.2483	0.0000	0.2078
94	1.0000	0.2257	0.0000	0.2103
95	1.0000	0.2812	0.0000	0.2141
96	1.0000	0.3131	0.0000	0.2169
97	1.0000	0.2732	0.0000	0.2199
98	1.0000	0.2706	0.0000	0.2226
99	1.0000	0.2863	0.0000	0.2251
100	1.0000	0.2979	0.0000	0.2278
101	1.0000	0.2833	0.0000	0.2305
102	1.0000	0.2434	0.0000	0.2329
103	1.0000	0.2739	0.0000	0.2372
104	1.0000	0.2834	0.0000	0.2394
105	1.0000	0.2776	0.0000	0.2421
106	1.0000	0.2550	0.0000	0.2441
107	1.0000	0.2843	0.0000	0.2466
108	1.0000	0.2862	0.0000	0.2502
109	1.0000	0.2594	0.0000	0.2534
110	1.0000	0.2848	0.0000	0.2576
111	1.0000	0.2747	0.0000	0.2597
112	1.0000	0.3224	0.0000	0.2624
113	1.0000	0.3199	0.0000	0.2645
114	1.0000	0.3122	0.0000	0.2665
115	1.0000	0.3301	0.0000	0.2692
116	1.0000	0.2951	0.0000	0.2732
117	1.0000	0.2460	0.0000	0.2758
118	1.0000	0.2587	0.0000	0.2800
119	1.0000	0.3060	0.0000	0.2828
120	1.0000	0.2427	0.0000	0.2849
121	1.0000	0.3605	0.0000	0.2876
122	1.0000	0.2449	0.0000	0.2898
123	1.0000	0.2451	0.0000	0.2926
124	1.0000	0.2611	0.0000	0.2948
125	1.0000	0.2436	0.0000	0.2973
126	1.0000	0.2822	0.0000	0.2993
127	1.0000	0.2912	0.0000	0.3011
128	1.0000	0.2505	0.0000	0.3033
129	1.0000	0.2611	0.0000	0.3047
130	1.0000	0.3172	0.0000	0.3068
131	1.0000	0.3035	0.0000	0.3085
132	1.0000	0.2711	0.0000	0.3114
133	1.0000	0.3159	0.0000	0.3136
134	1.0000	0.2976	0.0000	0.3163
135	1.0000	0.3023	0.0000	0.3189
136	1.0000	0.2709	0.0000	0.3214
137	1.0000	0.2818	0.0000	0.3235
138	1.0000	0.3083	0.0000	0.3265
139	1.0000	0.2561	0.0000	0.3289
140	1.0000	0.2470	0.0000	0.3306
141	1.0000	0.3045	0.0000	0.3322
142	1.0000	0.2688	0.0000	0.3336
143	1.0000	0.3254	0.0000	0.3351
144	1.0000	0.3197	0.0000	0.3364
145	1.0000	0.2701	0.0000	0.3376
146	1.0000	0.3004	0.0000	0.3389
147	1.0000	0.2635	0.0000	0.3403
148	1.0000	0.2829	0.0000	0.3426
149	1.0000	0.2608	0.0000	0.3449
150	1.0000	0.3336	0.0000	0.3482
151	1.0000	0.3079	0.0000	0.3509
152	1.0000	0.2266	0.0000	0.3547
153	1.0000	0.2813	0.0000	0.3585
154	1.0000	0.2522	0.0000	0.3624
155	1.0000	0.2250	0.0000	0.3648
156	1.0000	0.2652	0.0000	0.3666
157	1.0000	0.2506	0.0000	0.3684
158	1.0000	0.2825	0.0000	0.3701
159	1.0000	0.2430	0.0000	0.3721
160	1.0000	0.2596	0.0000	0.3741
161	1.0000	0.2591	0.0000	0.3772
162	1.0000	0.2660	0.0000	0.3798
163	1.0000	0.2457	0.0000	0.3818
164	1.0000	0.2450	0.0000	0.3842
165	1.0000	0.2845	0.0000	0.3864
166	1.0000	0.2437	0.0000	0.3886
167	1.0000	0.3007	0.0000	0.3908
168	1.0000	0.3084	0.0000	0.3930
169	1.0000	0.2657	0.0000	0.3949
170	1.0000	0.2833	0.0000	0.3971
171	1.0000	0.3077	0.0000	0.3987
172	1.0000	0.2885	0.0000	0.4010
173	1.0000	0.2718	0.0000	0.4023
174	1.0000	0.2846	0.0000	0.4037
175	1.0000	0.2558	0.0000	0.4049
176	1.0000	0.3158	0.0000	0.4065
177	1.0000	0.2999	0.0000	0.4085
178	1.0000	0.2954	0.0000	0.4108
179	1.0000	0.2415	0.0000	0.4120
180	1.0000	0.2653	0.0000	0.4133
181	1.0000	0.1991	0.0000	0.4144
182	1.0000	0.2953	0.0000	0.4163
183	1.0000	0.3390	0.0000	0.4182
184	1.0000	0.2454	0.0000	0.4202
185	1.0000	0.2581	0.0000	0.4232
186	1.0000	0.2592	0.0000	0.4251
187	1.0000	0.3238	0.0000	0.4276
188	1.0000	0.2696	0.0000	0.4300
189	1.0000	0.2280	0.0000	0.4321
190	1.0000	0.2765	0.0000	0.4341
191	1.0000	0.3268	0.0000	0.4361
192	1.0000	0.2701	0.0000	0.4394
193	1.0000	0.2424	0.0000	0.4423
194	1.0000	0.3205	0.0000	0.4442
195	1.0000	0.2260	0.0000	0.4467
196	1.0000	0.2605	0.0000	0.4485
197	1.0000	0.2910	0.0000	0.4502
198	1.0000	0.2721	0.0000	0.4525
199	1.0000	0.2511	0.0000	0.4551
200	1.0000	0.3111	0.0000	0.4577
201	1.0000	0.2499	0.0000	0.4606
202	1.0000	0.3106	0.0000	0.4628
203	1.0000	0.3217	0.0000	0.4657
204	1.0000	0.2916	0.0000	0.4680
205	1.0000	0.2258	0.0000	0.4702
206	1.0000	0.2405	0.0000	0.4716
207	1.0000	0.2876	0.0000	0.4737
208	1.0000	0.2812	0.0000	0.4762
209	1.0000	0.2841	0.0000	0.4776
210	1.0000	0.3376	0.0000	0.4802
211	1.0000	0.2368	0.0000	0.4828
212	1.0000	0.2873	0.0000	0.4853
213	1.0000	0.2901	0.0000	0.4877
214	1.0000	0.2983	0.0000	0.4894
215	1.0000	0.2337	0.0000	0.4920
216	1.0000	0.2415	0.0000	0.4943
217	1.0000	0.2480	0.0000	0.4976
218	1.0000	0.2525	0.0000	0.4998
219	1.0000	0.2612	0.0000	0.5028
220	1.0000	0.2624	0.0000	0.5057
221	1.0000	0.2814	0.0000	0.5087
222	1.0000	0.2504	0.0000	0.5111
223	1.0000	0.2687	0.0000	0.5141
224	1.0000	0.2765	0.0000	0.5176
225	1.0000	0.2653	0.0000	0.5200
226	1.0000	0.2511	0.0000	0.5239
227	1.0000	0.2539	0.0000	0.5265
228	1.0000	0.2582	0.0000	0.5288
229	1.0000	0.3003	0.0000	0.5301
230	1.0000	0.2479	0.0000	0.5327
231	1.0000	0.3300	0.0000	0.5351
232	1.0000	0.3379	0.0000	0.5370
233	1.0000	0.2229	0.0000	0.5391
234	1.0000	0.2537	0.0000	0.5438
235	1.0000	0.2936	0.0000	0.5484
236	1.0000	0.2118	0.0000	0.5508
237	1.0000	0.2613	0.0000	0.5526
238	1.0000	0.2606	0.0000	0.5538
239	1.0000	0.2710	0.0000	0.5554
240	1.0000	0.2226	0.0000	0.5573
241	1.0000	0.2292	0.0000	0.5589
242	1.0000	0.2368	0.0000	0.5618
243	1.0000	0.2896	0.0000	0.5639
244	1.0000	0.2690	0.0000	0.5675
245	1.0000	0.2367	0.0000	0.5696
246	1.0000	0.2377	0.0000	0.5715
247	1.0000	0.2781	0.0000	0.5733
248	1.0000	0.2627	0.0000	0.5747
249	1.0000	0.2898	0.0000	0.5759
250	1.0000	0.3077	0.0000	0.5801
251	1.0000	0.2820	0.0000	0.5823
252	1.0000	0.2920	0.0000	0.5844
253	1.0000	0.3081	0.0000	0.5860
254	1.0000	0.2655	0.0000	0.5897
255	1.0000	0.2480	0.0000	0.5925
256	1.0000	0.2158	0.0000	0.5952
257	1.0000	0.2277	0.0000	0.5970
258	1.0000	0.3021	0.0000	0.5999
259	1.0000	0.2672	0.0000	0.6014
260	1.0000	0.3137	0.0000	0.6033
261	1.0000	0.2571	0.0000	0.6048
262	1.0000	0.2673	0.0000	0.6062
263	1.0000	0.2764	0.0000	0.6084
264	1.0000	0.2408	0.0000	0.6121
265	1.0000	0.2820	0.0000	0.6142
Pos: [0.07969977981051497]

Run: 2
Iter	Gbest	AvrFit	Diver	ETime	
0	0.9981	0.2326	0.0000	0.0031
1	1.0000	0.2840	0.0000	0.0057
2	1.0000	0.2775	0.0000	0.0075
3	1.0000	0.2415	0.0000	0.0099
4	1.0000	0.2805	0.0000	0.0131
5	1.0000	0.2958	0.0000	0.0154
6	1.0000	0.2614	0.0000	0.0172
7	1.0000	0.2611	0.0000	0.0189
8	1.0000	0.2664	0.0000	0.0230
9	1.0000	0.2840	0.0000	0.0258
10	1.0000	0.2414	0.0000	0.0297
11	1.0000	0.2468	0.0000	0.0320
12	1.0000	0.2641	0.0000	0.0352
13	1.0000	0.3116	0.0000	0.0375
14	1.0000	0.2561	0.0000	0.0405
15	1.0000	0.2505	0.0000	0.0429
16	1.0000	0.2853	0.0000	0.0450
17	1.0000	0.3106	0.0000	0.0486
18	1.0000	0.3284	0.0000	0.0519
19	1.0000	0.2763	0.0000	0.0558
20	1.0000	0.2824	0.0000	0.0595
21	1.0000	0.2370	0.0000	0.0613
22	1.0000	0.2968	0.0000	0.0633
23	1.0000	0.2997	0.0000	0.0653
24	1.0000	0.2655	0.0000	0.0674
25	1.0000	0.2609	0.0000	0.0693
26	1.0000	0.2848	0.0000	0.0708
27	1.0000	0.2390	0.0000	0.0730
28	1.0000	0.2426	0.0000	0.0750
29	1.0000	0.2464	0.0000	0.0773
30	1.0000	0.3357	0.0000	0.0791
31	1.0000	0.2958	0.0000	0.0813
32	1.0000	0.3296	0.0000	0.0840
33	1.0000	0.2771	0.0000	0.0865
34	1.0000	0.2921	0.0000	0.0889
35	1.0000	0.2763	0.0000	0.0911
36	1.0000	0.2927	0.0000	0.0930
37	1.0000	0.2901	0.0000	0.0954
38	1.0000	0.2200	0.0000	0.0979
39	1.0000	0.2896	0.0000	0.1009
40	1.0000	0.2828	0.0000	0.1030
41	1.0000	0.2656	0.0000	0.1050
42	1.0000	0.2766	0.0000	0.1070
43	1.0000	0.3049	0.0000	0.1091
44	1.0000	0.2942	0.0000	0.1115
45	1.0000	0.2479	0.0000	0.1151
46	1.0000	0.2338	0.0000	0.1186
47	1.0000	0.2651	0.0000	0.1203
48	1.0000	0.3631	0.0000	0.1222
49	1.0000	0.3088	0.0000	0.1245
50	1.0000	0.2784	0.0000	0.1268
51	1.0000	0.2495	0.0000	0.1293
52	1.0000	0.2247	0.0000	0.1317
53	1.0000	0.2468	0.0000	0.1336
54	1.0000	0.2737	0.0000	0.1358
55	1.0000	0.2529	0.0000	0.1380
56	1.0000	0.2524	0.0000	0.1406
57	1.0000	0.2751	0.0000	0.1437
58	1.0000	0.2535	0.0000	0.1463
59	1.0000	0.2595	0.0000	0.1484
60	1.0000	0.2971	0.0000	0.1508
61	1.0000	0.2910	0.0000	0.1531
62	1.0000	0.2872	0.0000	0.1552
63	1.0000	0.3213	0.0000	0.1571
64	1.0000	0.3126	0.0000	0.1592
65	1.0000	0.2805	0.0000	0.1630
66	1.0000	0.2464	0.0000	0.1651
67	1.0000	0.1976	0.0000	0.1676
68	1.0000	0.2664	0.0000	0.1698
69	1.0000	0.2716	0.0000	0.1719
70	1.0000	0.3223	0.0000	0.1756
71	1.0000	0.2645	0.0000	0.1788
72	1.0000	0.2786	0.0000	0.1813
73	1.0000	0.2503	0.0000	0.1844
74	1.0000	0.2742	0.0000	0.1877
75	1.0000	0.1887	0.0000	0.1898
76	1.0000	0.2753	0.0000	0.1928
77	1.0000	0.3180	0.0000	0.1953
78	1.0000	0.3292	0.0000	0.1997
79	1.0000	0.2621	0.0000	0.2028
80	1.0000	0.2749	0.0000	0.2070
81	1.0000	0.2706	0.0000	0.2089
82	1.0000	0.2961	0.0000	0.2132
83	1.0000	0.2065	0.0000	0.2163
84	1.0000	0.3166	0.0000	0.2183
85	1.0000	0.3293	0.0000	0.2206
86	1.0000	0.2885	0.0000	0.2236
87	1.0000	0.2337	0.0000	0.2264
88	1.0000	0.2683	0.0000	0.2291
89	1.0000	0.2837	0.0000	0.2328
90	1.0000	0.2960	0.0000	0.2371
91	1.0000	0.2221	0.0000	0.2395
92	1.0000	0.3397	0.0000	0.2416
93	1.0000	0.3193	0.0000	0.2443
94	1.0000	0.2789	0.0000	0.2485
95	1.0000	0.2727	0.0000	0.2526
96	1.0000	0.2534	0.0000	0.2549
97	1.0000	0.2580	0.0000	0.2574
98	1.0000	0.2997	0.0000	0.2597
99	1.0000	0.2581	0.0000	0.2637
100	1.0000	0.2808	0.0000	0.2663
101	1.0000	0.2579	0.0000	0.2693
102	1.0000	0.2537	0.0000	0.2731
103	1.0000	0.3102	0.0000	0.2753
104	1.0000	0.3174	0.0000	0.2792
105	1.0000	0.2785	0.0000	0.2815
106	1.0000	0.2752	0.0000	0.2841
107	1.0000	0.2740	0.0000	0.2880
108	1.0000	0.2498	0.0000	0.2907
109	1.0000	0.3030	0.0000	0.2941
110	1.0000	0.2088	0.0000	0.2974
111	1.0000	0.2928	0.0000	0.2999
112	1.0000	0.2580	0.0000	0.3029
113	1.0000	0.2607	0.0000	0.3063
114	1.0000	0.2768	0.0000	0.3102
115	1.0000	0.2207	0.0000	0.3128
116	1.0000	0.2753	0.0000	0.3158
117	1.0000	0.2628	0.0000	0.3182
118	1.0000	0.3094	0.0000	0.3205
119	1.0000	0.3084	0.0000	0.3230
120	1.0000	0.2599	0.0000	0.3269
121	1.0000	0.3133	0.0000	0.3289
122	1.0000	0.2593	0.0000	0.3312
123	1.0000	0.2681	0.0000	0.3349
124	1.0000	0.1924	0.0000	0.3371
125	1.0000	0.2778	0.0000	0.3399
126	1.0000	0.3238	0.0000	0.3437
127	1.0000	0.2481	0.0000	0.3474
128	1.0000	0.2578	0.0000	0.3495
129	1.0000	0.2616	0.0000	0.3521
130	1.0000	0.2390	0.0000	0.3541
131	1.0000	0.2934	0.0000	0.3560
132	1.0000	0.3059	0.0000	0.3580
133	1.0000	0.2510	0.0000	0.3618
134	1.0000	0.3061	0.0000	0.3641
135	1.0000	0.2530	0.0000	0.3662
136	1.0000	0.2500	0.0000	0.3681
137	1.0000	0.3329	0.0000	0.3710
138	1.0000	0.2579	0.0000	0.3735
139	1.0000	0.2441	0.0000	0.3761
140	1.0000	0.2533	0.0000	0.3789
141	1.0000	0.2195	0.0000	0.3813
142	1.0000	0.2414	0.0000	0.3833
143	1.0000	0.2901	0.0000	0.3852
144	1.0000	0.3189	0.0000	0.3877
145	1.0000	0.2662	0.0000	0.3897
146	1.0000	0.2359	0.0000	0.3921
147	1.0000	0.2811	0.0000	0.3938
148	1.0000	0.2987	0.0000	0.3974
149	1.0000	0.2843	0.0000	0.3997
150	1.0000	0.2532	0.0000	0.4019
151	1.0000	0.2884	0.0000	0.4043
152	1.0000	0.3309	0.0000	0.4061
153	1.0000	0.2622	0.0000	0.4081
154	1.0000	0.2952	0.0000	0.4110
155	1.0000	0.2558	0.0000	0.4132
156	1.0000	0.2804	0.0000	0.4157
157	1.0000	0.2250	0.0000	0.4193
158	1.0000	0.2839	0.0000	0.4223
159	1.0000	0.2230	0.0000	0.4244
160	1.0000	0.2677	0.0000	0.4271
161	1.0000	0.3237	0.0000	0.4293
162	1.0000	0.2602	0.0000	0.4329
163	1.0000	0.1898	0.0000	0.4354
164	1.0000	0.2391	0.0000	0.4375
165	1.0000	0.2609	0.0000	0.4408
166	1.0000	0.3141	0.0000	0.4428
167	1.0000	0.3067	0.0000	0.4450
168	1.0000	0.2891	0.0000	0.4471
169	1.0000	0.3020	0.0000	0.4489
170	1.0000	0.3006	0.0000	0.4525
171	1.0000	0.2733	0.0000	0.4542
172	1.0000	0.3048	0.0000	0.4563
173	1.0000	0.2886	0.0000	0.4583
174	1.0000	0.2691	0.0000	0.4608
175	1.0000	0.2618	0.0000	0.4632
176	1.0000	0.2552	0.0000	0.4660
177	1.0000	0.2561	0.0000	0.4685
178	1.0000	0.2173	0.0000	0.4712
179	1.0000	0.2605	0.0000	0.4737
180	1.0000	0.2971	0.0000	0.4767
181	1.0000	0.2972	0.0000	0.4791
182	1.0000	0.2525	0.0000	0.4816
183	1.0000	0.2571	0.0000	0.4837
184	1.0000	0.2550	0.0000	0.4864
185	1.0000	0.2523	0.0000	0.4889
186	1.0000	0.2022	0.0000	0.4914
187	1.0000	0.2912	0.0000	0.4951
188	1.0000	0.2754	0.0000	0.4972
189	1.0000	0.2942	0.0000	0.4994
190	1.0000	0.3147	0.0000	0.5012
191	1.0000	0.2476	0.0000	0.5038
192	1.0000	0.2522	0.0000	0.5063
193	1.0000	0.2770	0.0000	0.5100
194	1.0000	0.2715	0.0000	0.5125
195	1.0000	0.2368	0.0000	0.5156
196	1.0000	0.2936	0.0000	0.5176
197	1.0000	0.2878	0.0000	0.5200
198	1.0000	0.2970	0.0000	0.5219
199	1.0000	0.2685	0.0000	0.5249
200	1.0000	0.3017	0.0000	0.5277
201	1.0000	0.2548	0.0000	0.5318
202	1.0000	0.2368	0.0000	0.5342
203	1.0000	0.2552	0.0000	0.5372
204	1.0000	0.3291	0.0000	0.5394
205	1.0000	0.3419	0.0000	0.5417
206	1.0000	0.2721	0.0000	0.5459
207	1.0000	0.2747	0.0000	0.5490
208	1.0000	0.2568	0.0000	0.5527
209	1.0000	0.2522	0.0000	0.5548
210	1.0000	0.3274	0.0000	0.5569
211	1.0000	0.3482	0.0000	0.5590
212	1.0000	0.2979	0.0000	0.5615
213	1.0000	0.2766	0.0000	0.5637
214	1.0000	0.3149	0.0000	0.5661
215	1.0000	0.2729	0.0000	0.5695
216	1.0000	0.2637	0.0000	0.5719
217	1.0000	0.2538	0.0000	0.5747
218	1.0000	0.2789	0.0000	0.5768
219	1.0000	0.2646	0.0000	0.5791
220	1.0000	0.2638	0.0000	0.5826
221	1.0000	0.2683	0.0000	0.5868
222	1.0000	0.2707	0.0000	0.5896
223	1.0000	0.2360	0.0000	0.5921
224	1.0000	0.2456	0.0000	0.5954
225	1.0000	0.2641	0.0000	0.5974
226	1.0000	0.2931	0.0000	0.6013
227	1.0000	0.2762	0.0000	0.6037
228	1.0000	0.2669	0.0000	0.6062
229	1.0000	0.2956	0.0000	0.6093
230	1.0000	0.2038	0.0000	0.6119
231	1.0000	0.3125	0.0000	0.6144
232	1.0000	0.2764	0.0000	0.6166
233	1.0000	0.3288	0.0000	0.6187
234	1.0000	0.2662	0.0000	0.6213
235	1.0000	0.3093	0.0000	0.6237
236	1.0000	0.3028	0.0000	0.6262
237	1.0000	0.2942	0.0000	0.6288
238	1.0000	0.2600	0.0000	0.6327
239	1.0000	0.2908	0.0000	0.6355
240	1.0000	0.2374	0.0000	0.6377
241	1.0000	0.2413	0.0000	0.6416
242	1.0000	0.3131	0.0000	0.6436
243	1.0000	0.3008	0.0000	0.6468
244	1.0000	0.3275	0.0000	0.6508
245	1.0000	0.2461	0.0000	0.6535
246	1.0000	0.2224	0.0000	0.6563
247	1.0000	0.2416	0.0000	0.6594
248	1.0000	0.2696	0.0000	0.6632
249	1.0000	0.2452	0.0000	0.6669
250	1.0000	0.2129	0.0000	0.6707
251	1.0000	0.2183	0.0000	0.6728
252	1.0000	0.2718	0.0000	0.6758
253	1.0000	0.2415	0.0000	0.6796
254	1.0000	0.2566	0.0000	0.6827
255	1.0000	0.2203	0.0000	0.6851
256	1.0000	0.2823	0.0000	0.6870
257	1.0000	0.3238	0.0000	0.6893
258	1.0000	0.2596	0.0000	0.6914
259	1.0000	0.2926	0.0000	0.6935
260	1.0000	0.2630	0.0000	0.6959
261	1.0000	0.2077	0.0000	0.6986
262	1.0000	0.2824	0.0000	0.7016
263	1.0000	0.2805	0.0000	0.7037
264	1.0000	0.2423	0.0000	0.7062
265	1.0000	0.2318	0.0000	0.7092
Pos: [0.07969978746326489]

Run: 3
Iter	Gbest	AvrFit	Diver	ETime	
0	0.9977	0.2026	0.0000	0.0040
1	1.0000	0.2981	0.0000	0.0073
2	1.0000	0.2895	0.0000	0.0093
3	1.0000	0.2712	0.0000	0.0118
4	1.0000	0.2617	0.0000	0.0153
5	1.0000	0.2126	0.0000	0.0187
6	1.0000	0.2413	0.0000	0.0207
7	1.0000	0.3216	0.0000	0.0225
8	1.0000	0.2753	0.0000	0.0256
9	1.0000	0.3251	0.0000	0.0277
10	1.0000	0.3233	0.0000	0.0307
11	1.0000	0.2890	0.0000	0.0331
12	1.0000	0.2529	0.0000	0.0366
13	1.0000	0.2762	0.0000	0.0389
14	1.0000	0.2517	0.0000	0.0410
15	1.0000	0.2001	0.0000	0.0437
16	1.0000	0.3391	0.0000	0.0469
17	1.0000	0.2743	0.0000	0.0505
18	1.0000	0.2108	0.0000	0.0529
19	1.0000	0.3098	0.0000	0.0556
20	1.0000	0.2763	0.0000	0.0580
21	1.0000	0.3236	0.0000	0.0609
22	1.0000	0.2319	0.0000	0.0635
23	1.0000	0.3202	0.0000	0.0671
24	1.0000	0.2915	0.0000	0.0689
25	1.0000	0.2835	0.0000	0.0712
26	1.0000	0.2596	0.0000	0.0736
27	1.0000	0.2752	0.0000	0.0771
28	1.0000	0.2102	0.0000	0.0798
29	1.0000	0.2841	0.0000	0.0823
30	1.0000	0.2745	0.0000	0.0842
31	1.0000	0.3034	0.0000	0.0864
32	1.0000	0.2925	0.0000	0.0902
33	1.0000	0.2622	0.0000	0.0931
34	1.0000	0.2650	0.0000	0.0955
35	1.0000	0.2908	0.0000	0.0980
36	1.0000	0.2933	0.0000	0.1017
37	1.0000	0.2535	0.0000	0.1045
38	1.0000	0.2611	0.0000	0.1083
39	1.0000	0.2704	0.0000	0.1103
40	1.0000	0.3005	0.0000	0.1127
41	1.0000	0.3211	0.0000	0.1152
42	1.0000	0.2441	0.0000	0.1190
43	1.0000	0.3295	0.0000	0.1212
44	1.0000	0.2506	0.0000	0.1231
45	1.0000	0.2701	0.0000	0.1254
46	1.0000	0.3050	0.0000	0.1291
47	1.0000	0.2385	0.0000	0.1317
48	1.0000	0.2572	0.0000	0.1338
49	1.0000	0.3131	0.0000	0.1366
50	1.0000	0.2514	0.0000	0.1389
51	1.0000	0.2430	0.0000	0.1414
52	1.0000	0.2793	0.0000	0.1451
53	1.0000	0.2387	0.0000	0.1478
54	1.0000	0.3142	0.0000	0.1495
55	1.0000	0.2362	0.0000	0.1519
56	1.0000	0.2271	0.0000	0.1549
57	1.0000	0.2637	0.0000	0.1570
58	1.0000	0.2769	0.0000	0.1594
59	1.0000	0.2458	0.0000	0.1620
60	1.0000	0.2822	0.0000	0.1648
61	1.0000	0.2452	0.0000	0.1684
62	1.0000	0.2662	0.0000	0.1708
63	1.0000	0.2919	0.0000	0.1728
64	1.0000	0.2690	0.0000	0.1749
65	1.0000	0.2888	0.0000	0.1766
66	1.0000	0.2608	0.0000	0.1796
67	1.0000	0.2271	0.0000	0.1814
68	1.0000	0.2859	0.0000	0.1844
69	1.0000	0.2946	0.0000	0.1867
70	1.0000	0.2729	0.0000	0.1887
71	1.0000	0.3016	0.0000	0.1910
72	1.0000	0.2210	0.0000	0.1947
73	1.0000	0.2670	0.0000	0.1968
74	1.0000	0.3009	0.0000	0.1991
75	1.0000	0.2953	0.0000	0.2012
76	1.0000	0.2598	0.0000	0.2037
77	1.0000	0.2710	0.0000	0.2057
78	1.0000	0.2573	0.0000	0.2093
79	1.0000	0.2861	0.0000	0.2123
80	1.0000	0.2055	0.0000	0.2161
81	1.0000	0.2398	0.0000	0.2187
82	1.0000	0.2740	0.0000	0.2210
83	1.0000	0.2468	0.0000	0.2247
84	1.0000	0.2673	0.0000	0.2273
85	1.0000	0.3144	0.0000	0.2294
86	1.0000	0.3533	0.0000	0.2315
87	1.0000	0.2939	0.0000	0.2340
88	1.0000	0.2763	0.0000	0.2377
89	1.0000	0.3299	0.0000	0.2408
90	1.0000	0.2834	0.0000	0.2431
91	1.0000	0.2748	0.0000	0.2467
92	1.0000	0.2263	0.0000	0.2491
93	1.0000	0.2942	0.0000	0.2510
94	1.0000	0.3236	0.0000	0.2530
95	1.0000	0.3076	0.0000	0.2561
96	1.0000	0.3019	0.0000	0.2582
97	1.0000	0.2743	0.0000	0.2605
98	1.0000	0.2838	0.0000	0.2630
99	1.0000	0.2293	0.0000	0.2654
100	1.0000	0.2331	0.0000	0.2675
101	1.0000	0.2831	0.0000	0.2702
102	1.0000	0.2867	0.0000	0.2722
103	1.0000	0.2599	0.0000	0.2743
104	1.0000	0.2425	0.0000	0.2764
105	1.0000	0.2840	0.0000	0.2789
106	1.0000	0.2467	0.0000	0.2817
107	1.0000	0.2485	0.0000	0.2859
108	1.0000	0.2947	0.0000	0.2887
109	1.0000	0.2756	0.0000	0.2914
110	1.0000	0.2314	0.0000	0.2940
111	1.0000	0.2010	0.0000	0.2963
112	1.0000	0.2579	0.0000	0.2997
113	1.0000	0.2974	0.0000	0.3018
114	1.0000	0.2959	0.0000	0.3055
115	1.0000	0.2228	0.0000	0.3089
116	1.0000	0.2950	0.0000	0.3117
117	1.0000	0.2311	0.0000	0.3145
118	1.0000	0.2763	0.0000	0.3165
119	1.0000	0.2470	0.0000	0.3187
120	1.0000	0.3018	0.0000	0.3210
121	1.0000	0.3066	0.0000	0.3233
122	1.0000	0.2965	0.0000	0.3262
123	1.0000	0.3439	0.0000	0.3293
124	1.0000	0.2591	0.0000	0.3320
125	1.0000	0.2689	0.0000	0.3351
126	1.0000	0.2995	0.0000	0.3376
127	1.0000	0.2894	0.0000	0.3417
128	1.0000	0.2266	0.0000	0.3441
129	1.0000	0.2391	0.0000	0.3480
130	1.0000	0.2739	0.0000	0.3506
131	1.0000	0.2088	0.0000	0.3528
132	1.0000	0.2610	0.0000	0.3549
133	1.0000	0.2545	0.0000	0.3581
134	1.0000	0.2598	0.0000	0.3612
135	1.0000	0.2876	0.0000	0.3633
136	1.0000	0.2663	0.0000	0.3655
137	1.0000	0.2659	0.0000	0.3676
138	1.0000	0.2529	0.0000	0.3697
139	1.0000	0.3142	0.0000	0.3736
140	1.0000	0.2532	0.0000	0.3775
141	1.0000	0.2345	0.0000	0.3795
142	1.0000	0.2952	0.0000	0.3821
143	1.0000	0.2547	0.0000	0.3840
144	1.0000	0.2585	0.0000	0.3863
145	1.0000	0.2855	0.0000	0.3888
146	1.0000	0.2752	0.0000	0.3918
147	1.0000	0.2559	0.0000	0.3938
148	1.0000	0.2388	0.0000	0.3962
149	1.0000	0.2409	0.0000	0.3996
150	1.0000	0.2198	0.0000	0.4017
151	1.0000	0.2916	0.0000	0.4039
152	1.0000	0.2653	0.0000	0.4064
153	1.0000	0.2434	0.0000	0.4082
154	1.0000	0.3019	0.0000	0.4105
155	1.0000	0.2766	0.0000	0.4136
156	1.0000	0.2065	0.0000	0.4160
157	1.0000	0.2545	0.0000	0.4182
158	1.0000	0.2360	0.0000	0.4212
159	1.0000	0.2510	0.0000	0.4236
160	1.0000	0.2849	0.0000	0.4259
161	1.0000	0.2965	0.0000	0.4282
162	1.0000	0.2485	0.0000	0.4302
163	1.0000	0.3032	0.0000	0.4324
164	1.0000	0.2726	0.0000	0.4359
165	1.0000	0.2882	0.0000	0.4381
166	1.0000	0.3241	0.0000	0.4401
167	1.0000	0.3109	0.0000	0.4430
168	1.0000	0.3234	0.0000	0.4454
169	1.0000	0.2867	0.0000	0.4477
170	1.0000	0.3057	0.0000	0.4501
171	1.0000	0.2550	0.0000	0.4526
172	1.0000	0.2958	0.0000	0.4558
173	1.0000	0.2429	0.0000	0.4577
174	1.0000	0.3175	0.0000	0.4602
175	1.0000	0.2631	0.0000	0.4625
176	1.0000	0.2564	0.0000	0.4658
177	1.0000	0.2751	0.0000	0.4677
178	1.0000	0.2948	0.0000	0.4705
179	1.0000	0.2512	0.0000	0.4725
180	1.0000	0.2333	0.0000	0.4750
181	1.0000	0.2667	0.0000	0.4772
182	1.0000	0.2027	0.0000	0.4796
183	1.0000	0.2088	0.0000	0.4818
184	1.0000	0.2756	0.0000	0.4838
185	1.0000	0.2774	0.0000	0.4863
186	1.0000	0.2681	0.0000	0.4884
187	1.0000	0.2966	0.0000	0.4904
188	1.0000	0.2118	0.0000	0.4936
189	1.0000	0.2772	0.0000	0.4957
190	1.0000	0.2193	0.0000	0.4991
191	1.0000	0.2007	0.0000	0.5027
192	1.0000	0.2503	0.0000	0.5047
193	1.0000	0.2857	0.0000	0.5071
194	1.0000	0.2217	0.0000	0.5107
195	1.0000	0.2653	0.0000	0.5128
196	1.0000	0.3157	0.0000	0.5151
197	1.0000	0.2751	0.0000	0.5186
198	1.0000	0.2398	0.0000	0.5210
199	1.0000	0.2792	0.0000	0.5233
200	1.0000	0.2468	0.0000	0.5270
201	1.0000	0.2930	0.0000	0.5296
202	1.0000	0.2634	0.0000	0.5333
203	1.0000	0.2303	0.0000	0.5356
204	1.0000	0.2619	0.0000	0.5378
205	1.0000	0.3734	0.0000	0.5401
206	1.0000	0.2607	0.0000	0.5425
207	1.0000	0.2127	0.0000	0.5450
208	1.0000	0.2960	0.0000	0.5472
209	1.0000	0.3210	0.0000	0.5497
210	1.0000	0.2839	0.0000	0.5523
211	1.0000	0.2424	0.0000	0.5556
212	1.0000	0.2774	0.0000	0.5581
213	1.0000	0.2797	0.0000	0.5602
214	1.0000	0.3217	0.0000	0.5623
215	1.0000	0.3021	0.0000	0.5654
216	1.0000	0.2948	0.0000	0.5691
217	1.0000	0.2674	0.0000	0.5728
218	1.0000	0.2811	0.0000	0.5749
219	1.0000	0.2981	0.0000	0.5769
220	1.0000	0.3088	0.0000	0.5790
221	1.0000	0.2894	0.0000	0.5815
222	1.0000	0.2519	0.0000	0.5836
223	1.0000	0.2778	0.0000	0.5858
224	1.0000	0.2992	0.0000	0.5895
225	1.0000	0.2132	0.0000	0.5917
226	1.0000	0.3039	0.0000	0.5938
227	1.0000	0.2912	0.0000	0.5963
228	1.0000	0.2520	0.0000	0.5987
229	1.0000	0.2275	0.0000	0.6009
230	1.0000	0.2946	0.0000	0.6038
231	1.0000	0.2289	0.0000	0.6058
232	1.0000	0.2219	0.0000	0.6088
233	1.0000	0.2762	0.0000	0.6105
234	1.0000	0.2908	0.0000	0.6130
235	1.0000	0.2219	0.0000	0.6156
236	1.0000	0.2862	0.0000	0.6177
237	1.0000	0.2629	0.0000	0.6200
238	1.0000	0.2281	0.0000	0.6220
239	1.0000	0.2878	0.0000	0.6247
240	1.0000	0.2297	0.0000	0.6279
241	1.0000	0.2479	0.0000	0.6315
242	1.0000	0.2587	0.0000	0.6348
243	1.0000	0.2647	0.0000	0.6368
244	1.0000	0.3096	0.0000	0.6390
245	1.0000	0.2361	0.0000	0.6411
246	1.0000	0.2767	0.0000	0.6435
247	1.0000	0.2422	0.0000	0.6454
248	1.0000	0.2730	0.0000	0.6478
249	1.0000	0.2977	0.0000	0.6496
250	1.0000	0.2888	0.0000	0.6519
251	1.0000	0.3447	0.0000	0.6535
252	1.0000	0.2926	0.0000	0.6570
253	1.0000	0.3181	0.0000	0.6597
254	1.0000	0.2453	0.0000	0.6621
255	1.0000	0.2407	0.0000	0.6638
256	1.0000	0.2343	0.0000	0.6661
257	1.0000	0.2431	0.0000	0.6689
258	1.0000	0.2574	0.0000	0.6709
259	1.0000	0.2577	0.0000	0.6735
260	1.0000	0.2767	0.0000	0.6767
261	1.0000	0.2254	0.0000	0.6790
262	1.0000	0.2941	0.0000	0.6809
263	1.0000	0.2523	0.0000	0.6837
264	1.0000	0.2218	0.0000	0.6862
265	1.0000	0.2539	0.0000	0.6881
Pos: [0.07969977662336264]

Run: 4
Iter	Gbest	AvrFit	Diver	ETime	
0	0.9963	0.2291	0.0000	0.0041
1	0.9963	0.2041	0.0000	0.0063
2	0.9989	0.2534	0.0000	0.0100
3	1.0000	0.2275	0.0000	0.0123
4	1.0000	0.2557	0.0000	0.0144
5	1.0000	0.2515	0.0000	0.0169
6	1.0000	0.2601	0.0000	0.0187
7	1.0000	0.2416	0.0000	0.0216
8	1.0000	0.2099	0.0000	0.0240
9	1.0000	0.2511	0.0000	0.0267
10	1.0000	0.2494	0.0000	0.0287
11	1.0000	0.2577	0.0000	0.0305
12	1.0000	0.2972	0.0000	0.0326
13	1.0000	0.2686	0.0000	0.0354
14	1.0000	0.2252	0.0000	0.0380
15	1.0000	0.3176	0.0000	0.0405
16	1.0000	0.2660	0.0000	0.0432
17	1.0000	0.3145	0.0000	0.0457
18	1.0000	0.2598	0.0000	0.0482
19	1.0000	0.2445	0.0000	0.0504
20	1.0000	0.3046	0.0000	0.0528
21	1.0000	0.2393	0.0000	0.0571
22	1.0000	0.2388	0.0000	0.0598
23	1.0000	0.2527	0.0000	0.0622
24	1.0000	0.2845	0.0000	0.0648
25	1.0000	0.2437	0.0000	0.0679
26	1.0000	0.2732	0.0000	0.0722
27	1.0000	0.2293	0.0000	0.0752
28	1.0000	0.2825	0.0000	0.0782
29	1.0000	0.2561	0.0000	0.0825
30	1.0000	0.2577	0.0000	0.0844
31	1.0000	0.2768	0.0000	0.0870
32	1.0000	0.3130	0.0000	0.0899
33	1.0000	0.3328	0.0000	0.0928
34	1.0000	0.2547	0.0000	0.0950
35	1.0000	0.2470	0.0000	0.0979
36	1.0000	0.2544	0.0000	0.1002
37	1.0000	0.2991	0.0000	0.1026
38	1.0000	0.2526	0.0000	0.1059
39	1.0000	0.2158	0.0000	0.1091
40	1.0000	0.2484	0.0000	0.1131
41	1.0000	0.2055	0.0000	0.1150
42	1.0000	0.2650	0.0000	0.1176
43	1.0000	0.3231	0.0000	0.1206
44	1.0000	0.2409	0.0000	0.1246
45	1.0000	0.2354	0.0000	0.1284
46	1.0000	0.2338	0.0000	0.1311
47	1.0000	0.2382	0.0000	0.1342
48	1.0000	0.3184	0.0000	0.1368
49	1.0000	0.3072	0.0000	0.1399
50	1.0000	0.2843	0.0000	0.1419
51	1.0000	0.3190	0.0000	0.1446
52	1.0000	0.2057	0.0000	0.1479
53	1.0000	0.2620	0.0000	0.1508
54	1.0000	0.2609	0.0000	0.1532
55	1.0000	0.2561	0.0000	0.1557
56	1.0000	0.2789	0.0000	0.1595
57	1.0000	0.2245	0.0000	0.1635
58	1.0000	0.2079	0.0000	0.1667
59	1.0000	0.3088	0.0000	0.1694
60	1.0000	0.3052	0.0000	0.1734
61	1.0000	0.2187	0.0000	0.1771
62	1.0000	0.2006	0.0000	0.1795
63	1.0000	0.2611	0.0000	0.1816
64	1.0000	0.2739	0.0000	0.1850
65	1.0000	0.3335	0.0000	0.1871
66	1.0000	0.2833	0.0000	0.1908
67	1.0000	0.2659	0.0000	0.1946
68	1.0000	0.2873	0.0000	0.1969
69	1.0000	0.2608	0.0000	0.1987
70	1.0000	0.2863	0.0000	0.2007
71	1.0000	0.2568	0.0000	0.2040
72	1.0000	0.2471	0.0000	0.2077
73	1.0000	0.2008	0.0000	0.2102
74	1.0000	0.2358	0.0000	0.2127
75	1.0000	0.2710	0.0000	0.2144
76	1.0000	0.3450	0.0000	0.2169
77	1.0000	0.3121	0.0000	0.2190
78	1.0000	0.2581	0.0000	0.2214
79	1.0000	0.2541	0.0000	0.2240
80	1.0000	0.2678	0.0000	0.2258
81	1.0000	0.2761	0.0000	0.2281
82	1.0000	0.2790	0.0000	0.2309
83	1.0000	0.2967	0.0000	0.2335
84	1.0000	0.2986	0.0000	0.2356
85	1.0000	0.2457	0.0000	0.2376
86	1.0000	0.2340	0.0000	0.2399
87	1.0000	0.2776	0.0000	0.2420
88	1.0000	0.3307	0.0000	0.2442
89	1.0000	0.2078	0.0000	0.2477
90	1.0000	0.2291	0.0000	0.2513
91	1.0000	0.2559	0.0000	0.2538
92	1.0000	0.2862	0.0000	0.2559
93	1.0000	0.3043	0.0000	0.2579
94	1.0000	0.3136	0.0000	0.2599
95	1.0000	0.3008	0.0000	0.2621
96	1.0000	0.2681	0.0000	0.2642
97	1.0000	0.2964	0.0000	0.2668
98	1.0000	0.2993	0.0000	0.2692
99	1.0000	0.2462	0.0000	0.2714
100	1.0000	0.2886	0.0000	0.2737
101	1.0000	0.2642	0.0000	0.2762
102	1.0000	0.2600	0.0000	0.2781
103	1.0000	0.3325	0.0000	0.2804
104	1.0000	0.3176	0.0000	0.2827
105	1.0000	0.2652	0.0000	0.2851
106	1.0000	0.2564	0.0000	0.2874
107	1.0000	0.2732	0.0000	0.2910
108	1.0000	0.2547	0.0000	0.2936
109	1.0000	0.2996	0.0000	0.2959
110	1.0000	0.2180	0.0000	0.2995
111	1.0000	0.2380	0.0000	0.3012
112	1.0000	0.3095	0.0000	0.3028
113	1.0000	0.3831	0.0000	0.3051
114	1.0000	0.3023	0.0000	0.3076
115	1.0000	0.2486	0.0000	0.3096
116	1.0000	0.2858	0.0000	0.3117
117	1.0000	0.3007	0.0000	0.3147
118	1.0000	0.2664	0.0000	0.3172
119	1.0000	0.2738	0.0000	0.3202
120	1.0000	0.2725	0.0000	0.3237
121	1.0000	0.1749	0.0000	0.3262
122	1.0000	0.3033	0.0000	0.3281
123	1.0000	0.2701	0.0000	0.3304
124	1.0000	0.3113	0.0000	0.3341
125	1.0000	0.2716	0.0000	0.3379
126	1.0000	0.2311	0.0000	0.3403
127	1.0000	0.2694	0.0000	0.3429
128	1.0000	0.3125	0.0000	0.3466
129	1.0000	0.3025	0.0000	0.3495
130	1.0000	0.2563	0.0000	0.3517
131	1.0000	0.2855	0.0000	0.3546
132	1.0000	0.3138	0.0000	0.3572
133	1.0000	0.2580	0.0000	0.3594
134	1.0000	0.2567	0.0000	0.3615
135	1.0000	0.2729	0.0000	0.3636
136	1.0000	0.3095	0.0000	0.3664
137	1.0000	0.2267	0.0000	0.3689
138	1.0000	0.2706	0.0000	0.3727
139	1.0000	0.2508	0.0000	0.3766
140	1.0000	0.1905	0.0000	0.3787
141	1.0000	0.2997	0.0000	0.3808
142	1.0000	0.2821	0.0000	0.3841
143	1.0000	0.2836	0.0000	0.3869
144	1.0000	0.2867	0.0000	0.3906
145	1.0000	0.2790	0.0000	0.3927
146	1.0000	0.3378	0.0000	0.3943
147	1.0000	0.2654	0.0000	0.3964
148	1.0000	0.2893	0.0000	0.3981
149	1.0000	0.3172	0.0000	0.4001
150	1.0000	0.2677	0.0000	0.4025
151	1.0000	0.3348	0.0000	0.4053
152	1.0000	0.2746	0.0000	0.4076
153	1.0000	0.2815	0.0000	0.4118
154	1.0000	0.2191	0.0000	0.4142
155	1.0000	0.2668	0.0000	0.4160
156	1.0000	0.2783	0.0000	0.4190
157	1.0000	0.2742	0.0000	0.4224
158	1.0000	0.2141	0.0000	0.4241
159	1.0000	0.2295	0.0000	0.4261
160	1.0000	0.2403	0.0000	0.4276
161	1.0000	0.2836	0.0000	0.4310
162	1.0000	0.3020	0.0000	0.4331
163	1.0000	0.2553	0.0000	0.4359
164	1.0000	0.2721	0.0000	0.4385
165	1.0000	0.2696	0.0000	0.4401
166	1.0000	0.2793	0.0000	0.4423
167	1.0000	0.2442	0.0000	0.4447
168	1.0000	0.2612	0.0000	0.4469
169	1.0000	0.3054	0.0000	0.4481
170	1.0000	0.2436	0.0000	0.4500
171	1.0000	0.3502	0.0000	0.4524
172	1.0000	0.2535	0.0000	0.4549
173	1.0000	0.2858	0.0000	0.4568
174	1.0000	0.2622	0.0000	0.4589
175	1.0000	0.2290	0.0000	0.4607
176	1.0000	0.2612	0.0000	0.4633
177	1.0000	0.3210	0.0000	0.4654
178	1.0000	0.3277	0.0000	0.4668
179	1.0000	0.2223	0.0000	0.4685
180	1.0000	0.2846	0.0000	0.4700
181	1.0000	0.2904	0.0000	0.4717
182	1.0000	0.2431	0.0000	0.4731
183	1.0000	0.2915	0.0000	0.4758
184	1.0000	0.3101	0.0000	0.4772
185	1.0000	0.2292	0.0000	0.4802
186	1.0000	0.2277	0.0000	0.4832
187	1.0000	0.2992	0.0000	0.4872
188	1.0000	0.2853	0.0000	0.4898
189	1.0000	0.2978	0.0000	0.4926
190	1.0000	0.2703	0.0000	0.4946
191	1.0000	0.2598	0.0000	0.4957
192	1.0000	0.2325	0.0000	0.4972
193	1.0000	0.2979	0.0000	0.4992
194	1.0000	0.3068	0.0000	0.5018
195	1.0000	0.2593	0.0000	0.5034
196	1.0000	0.2673	0.0000	0.5057
197	1.0000	0.2436	0.0000	0.5094
198	1.0000	0.2551	0.0000	0.5117
199	1.0000	0.2280	0.0000	0.5144
200	1.0000	0.2659	0.0000	0.5158
201	1.0000	0.2640	0.0000	0.5173
202	1.0000	0.2544	0.0000	0.5198
203	1.0000	0.2760	0.0000	0.5215
204	1.0000	0.2713	0.0000	0.5253
205	1.0000	0.2887	0.0000	0.5273
206	1.0000	0.2767	0.0000	0.5304
207	1.0000	0.2134	0.0000	0.5325
208	1.0000	0.3052	0.0000	0.5351
209	1.0000	0.2487	0.0000	0.5362
210	1.0000	0.2866	0.0000	0.5376
211	1.0000	0.3173	0.0000	0.5390
212	1.0000	0.2802	0.0000	0.5401
213	1.0000	0.3112	0.0000	0.5429
214	1.0000	0.2575	0.0000	0.5450
215	1.0000	0.2314	0.0000	0.5478
216	1.0000	0.2520	0.0000	0.5504
217	1.0000	0.2442	0.0000	0.5527
218	1.0000	0.2589	0.0000	0.5554
219	1.0000	0.2722	0.0000	0.5583
220	1.0000	0.2880	0.0000	0.5610
221	1.0000	0.2617	0.0000	0.5650
222	1.0000	0.2197	0.0000	0.5682
223	1.0000	0.3362	0.0000	0.5708
224	1.0000	0.2264	0.0000	0.5736
225	1.0000	0.2932	0.0000	0.5772
226	1.0000	0.2392	0.0000	0.5810
227	1.0000	0.2941	0.0000	0.5835
228	1.0000	0.3038	0.0000	0.5865
229	1.0000	0.2339	0.0000	0.5887
230	1.0000	0.2607	0.0000	0.5906
231	1.0000	0.2177	0.0000	0.5922
232	1.0000	0.2542	0.0000	0.5940
233	1.0000	0.2847	0.0000	0.5955
234	1.0000	0.2731	0.0000	0.5972
235	1.0000	0.2300	0.0000	0.5986
236	1.0000	0.3417	0.0000	0.5999
237	1.0000	0.3425	0.0000	0.6015
238	1.0000	0.2562	0.0000	0.6027
239	1.0000	0.3244	0.0000	0.6049
240	1.0000	0.2957	0.0000	0.6069
241	1.0000	0.2698	0.0000	0.6107
242	1.0000	0.2580	0.0000	0.6128
243	1.0000	0.2702	0.0000	0.6166
244	1.0000	0.2493	0.0000	0.6192
245	1.0000	0.2748	0.0000	0.6214
246	1.0000	0.3395	0.0000	0.6234
247	1.0000	0.3353	0.0000	0.6254
248	1.0000	0.3216	0.0000	0.6275
249	1.0000	0.2514	0.0000	0.6292
250	1.0000	0.2779	0.0000	0.6309
251	1.0000	0.2381	0.0000	0.6325
252	1.0000	0.3353	0.0000	0.6338
253	1.0000	0.2659	0.0000	0.6363
254	1.0000	0.2424	0.0000	0.6385
255	1.0000	0.2937	0.0000	0.6406
256	1.0000	0.2704	0.0000	0.6422
257	1.0000	0.2506	0.0000	0.6434
258	1.0000	0.2943	0.0000	0.6461
259	1.0000	0.2708	0.0000	0.6482
260	1.0000	0.2108	0.0000	0.6499
261	1.0000	0.2942	0.0000	0.6519
262	1.0000	0.3115	0.0000	0.6540
263	1.0000	0.3090	0.0000	0.6558
264	1.0000	0.2847	0.0000	0.6574
265	1.0000	0.2931	0.0000	0.6586
Pos: [0.0796997656589659]

=================================================================================================================