ID: five_uneven_peak_trap	Date: 2019-04-08 21:56:01	Runs: 5
=================================================================================================================
Run: 0
Iter	Gbest	AvrFit	Diver	ETime	
0	200.0000	88.5058	0.0000	0.0001
1	200.0000	90.3547	0.0000	0.0002
2	200.0000	88.3113	0.0000	0.0003
3	200.0000	89.6970	0.0000	0.0004
4	200.0000	96.1465	0.0000	0.0005
5	200.0000	96.1504	0.0000	0.0007
6	200.0000	101.0343	0.0000	0.0008
7	200.0000	105.7353	0.0000	0.0009
8	200.0000	113.1819	0.0000	0.0010
9	200.0000	109.7737	0.0000	0.0012
10	200.0000	113.3537	0.0000	0.0014
11	200.0000	108.5776	0.0000	0.0015
12	200.0000	117.9629	0.0000	0.0016
13	200.0000	116.8670	0.0000	0.0017
14	200.0000	120.9265	0.0000	0.0018
15	200.0000	130.3399	0.0000	0.0019
16	200.0000	122.4398	0.0000	0.0021
17	200.0000	120.6917	0.0000	0.0022
18	200.0000	125.2448	0.0000	0.0024
19	200.0000	128.6917	0.0000	0.0026
20	200.0000	129.6755	0.0000	0.0027
21	200.0000	130.9306	0.0000	0.0029
22	200.0000	138.9614	0.0000	0.0030
23	200.0000	130.3544	0.0000	0.0032
24	200.0000	132.0251	0.0000	0.0033
25	200.0000	134.9282	0.0000	0.0034
26	200.0000	133.1965	0.0000	0.0035
27	200.0000	137.0922	0.0000	0.0036
28	200.0000	136.1951	0.0000	0.0038
29	200.0000	135.9781	0.0000	0.0039
30	200.0000	140.9353	0.0000	0.0040
31	200.0000	142.6383	0.0000	0.0041
32	200.0000	143.7982	0.0000	0.0043
33	200.0000	141.6075	0.0000	0.0044
34	200.0000	141.3413	0.0000	0.0045
35	200.0000	140.4885	0.0000	0.0046
36	200.0000	144.4015	0.0000	0.0048
37	200.0000	142.5609	0.0000	0.0049
38	200.0000	148.1816	0.0000	0.0050
39	200.0000	142.7286	0.0000	0.0051
40	200.0000	143.8271	0.0000	0.0052
41	200.0000	146.1347	0.0000	0.0054
42	200.0000	146.7482	0.0000	0.0055
43	200.0000	149.8739	0.0000	0.0056
44	200.0000	146.9380	0.0000	0.0057
45	200.0000	146.7480	0.0000	0.0058
46	200.0000	150.2636	0.0000	0.0059
47	200.0000	147.3376	0.0000	0.0060
48	200.0000	146.1393	0.0000	0.0061
49	200.0000	150.4152	0.0000	0.0062
50	200.0000	151.2826	0.0000	0.0063
51	200.0000	151.8996	0.0000	0.0064
52	200.0000	148.4367	0.0000	0.0065
53	200.0000	151.9156	0.0000	0.0066
54	200.0000	150.5942	0.0000	0.0067
55	200.0000	151.6569	0.0000	0.0068
56	200.0000	150.9144	0.0000	0.0069
57	200.0000	151.8242	0.0000	0.0070
58	200.0000	148.1188	0.0000	0.0071
59	200.0000	151.0740	0.0000	0.0072
60	200.0000	153.3871	0.0000	0.0073
61	200.0000	152.0447	0.0000	0.0074
62	200.0000	153.0177	0.0000	0.0075
63	200.0000	151.4238	0.0000	0.0076
64	200.0000	153.1951	0.0000	0.0077
65	200.0000	149.2115	0.0000	0.0078
66	200.0000	150.1487	0.0000	0.0079
67	200.0000	151.4191	0.0000	0.0080
68	200.0000	152.4006	0.0000	0.0081
69	200.0000	149.1554	0.0000	0.0082
70	200.0000	151.1673	0.0000	0.0083
71	200.0000	151.1218	0.0000	0.0085
72	200.0000	153.4456	0.0000	0.0086
73	200.0000	155.8780	0.0000	0.0087
74	200.0000	154.2568	0.0000	0.0088
75	200.0000	152.5408	0.0000	0.0089
76	200.0000	153.7419	0.0000	0.0090
77	200.0000	154.0072	0.0000	0.0091
78	200.0000	153.8313	0.0000	0.0092
79	200.0000	153.5162	0.0000	0.0093
80	200.0000	151.7768	0.0000	0.0094
81	200.0000	156.0734	0.0000	0.0095
82	200.0000	155.0484	0.0000	0.0096
83	200.0000	154.0555	0.0000	0.0097
84	200.0000	155.2676	0.0000	0.0098
85	200.0000	151.2631	0.0000	0.0099
86	200.0000	153.6130	0.0000	0.0100
87	200.0000	153.5691	0.0000	0.0101
88	200.0000	154.6197	0.0000	0.0102
89	200.0000	156.5526	0.0000	0.0103
90	200.0000	154.3709	0.0000	0.0104
91	200.0000	152.6532	0.0000	0.0105
92	200.0000	156.6398	0.0000	0.0106
93	200.0000	153.7095	0.0000	0.0107
94	200.0000	152.6924	0.0000	0.0108
95	200.0000	153.8780	0.0000	0.0109
96	200.0000	153.2185	0.0000	0.0110
97	200.0000	151.8674	0.0000	0.0111
98	200.0000	153.4682	0.0000	0.0113
99	200.0000	152.1442	0.0000	0.0114
100	200.0000	157.4515	0.0000	0.0115
101	200.0000	156.3201	0.0000	0.0116
102	200.0000	153.8981	0.0000	0.0117
103	200.0000	155.3251	0.0000	0.0118
104	200.0000	153.4997	0.0000	0.0119
105	200.0000	154.6854	0.0000	0.0120
106	200.0000	153.3942	0.0000	0.0121
107	200.0000	154.2581	0.0000	0.0122
108	200.0000	154.8503	0.0000	0.0123
109	200.0000	154.7738	0.0000	0.0124
110	200.0000	156.4406	0.0000	0.0125
111	200.0000	154.2753	0.0000	0.0127
112	200.0000	156.2057	0.0000	0.0128
113	200.0000	155.5397	0.0000	0.0129
114	200.0000	155.9987	0.0000	0.0130
115	200.0000	155.1878	0.0000	0.0131
116	200.0000	154.9311	0.0000	0.0132
117	200.0000	153.7601	0.0000	0.0133
118	200.0000	153.2142	0.0000	0.0134
119	200.0000	154.5322	0.0000	0.0135
120	200.0000	155.0210	0.0000	0.0136
121	200.0000	156.3753	0.0000	0.0137
122	200.0000	158.2886	0.0000	0.0138
123	200.0000	156.7329	0.0000	0.0140
124	200.0000	155.8416	0.0000	0.0141
125	200.0000	154.0327	0.0000	0.0142
126	200.0000	155.3542	0.0000	0.0143
127	200.0000	155.8661	0.0000	0.0144
128	200.0000	154.6455	0.0000	0.0145
129	200.0000	154.7190	0.0000	0.0146
130	200.0000	153.6006	0.0000	0.0147
131	200.0000	154.7065	0.0000	0.0148
132	200.0000	155.6287	0.0000	0.0149
133	200.0000	155.7293	0.0000	0.0150
134	200.0000	155.5513	0.0000	0.0151
135	200.0000	157.5125	0.0000	0.0152
136	200.0000	155.3389	0.0000	0.0153
137	200.0000	154.7385	0.0000	0.0154
138	200.0000	157.5852	0.0000	0.0155
139	200.0000	152.8581	0.0000	0.0157
140	200.0000	155.9859	0.0000	0.0158
141	200.0000	155.3573	0.0000	0.0159
142	200.0000	155.3419	0.0000	0.0160
143	200.0000	156.2518	0.0000	0.0161
144	200.0000	156.4563	0.0000	0.0163
145	200.0000	155.6353	0.0000	0.0164
146	200.0000	154.7169	0.0000	0.0165
147	200.0000	157.2299	0.0000	0.0166
148	200.0000	158.2087	0.0000	0.0167
149	200.0000	156.2257	0.0000	0.0168
150	200.0000	156.9522	0.0000	0.0169
151	200.0000	148.2363	0.0000	0.0171
152	200.0000	147.7430	0.0000	0.0172
153	200.0000	148.4556	0.0000	0.0173
154	200.0000	148.4438	0.0000	0.0174
155	200.0000	148.3576	0.0000	0.0175
156	200.0000	148.7942	0.0000	0.0176
157	200.0000	148.2245	0.0000	0.0177
158	200.0000	149.7841	0.0000	0.0178
159	200.0000	149.4296	0.0000	0.0179
160	200.0000	150.1437	0.0000	0.0180
161	200.0000	150.4587	0.0000	0.0181
162	200.0000	150.7655	0.0000	0.0182
163	200.0000	151.0093	0.0000	0.0183
164	200.0000	151.5164	0.0000	0.0184
165	200.0000	150.7084	0.0000	0.0185
166	200.0000	150.8650	0.0000	0.0186
167	200.0000	151.0102	0.0000	0.0187
168	200.0000	151.3108	0.0000	0.0188
169	200.0000	151.3493	0.0000	0.0189
170	200.0000	151.4645	0.0000	0.0190
171	200.0000	151.0291	0.0000	0.0191
172	200.0000	151.1740	0.0000	0.0192
173	200.0000	151.7783	0.0000	0.0193
174	200.0000	151.3044	0.0000	0.0194
175	200.0000	152.2066	0.0000	0.0195
176	200.0000	152.1935	0.0000	0.0196
177	200.0000	151.6368	0.0000	0.0197
178	200.0000	152.0927	0.0000	0.0199
179	200.0000	151.9884	0.0000	0.0200
180	200.0000	151.8705	0.0000	0.0201
181	200.0000	152.0373	0.0000	0.0202
182	200.0000	152.4892	0.0000	0.0203
183	200.0000	152.5189	0.0000	0.0205
184	200.0000	152.4750	0.0000	0.0206
185	200.0000	153.0671	0.0000	0.0207
186	200.0000	153.1295	0.0000	0.0208
187	200.0000	153.3144	0.0000	0.0209
188	200.0000	152.6249	0.0000	0.0210
189	200.0000	153.3853	0.0000	0.0211
190	200.0000	152.6883	0.0000	0.0212
191	200.0000	153.3931	0.0000	0.0214
192	200.0000	153.1958	0.0000	0.0214
193	200.0000	153.4523	0.0000	0.0215
194	200.0000	153.1632	0.0000	0.0216
195	200.0000	153.3786	0.0000	0.0217
196	200.0000	154.0750	0.0000	0.0219
197	200.0000	153.6391	0.0000	0.0220
198	200.0000	153.4553	0.0000	0.0221
199	200.0000	153.4820	0.0000	0.0222
200	200.0000	153.3881	0.0000	0.0223
201	200.0000	153.9603	0.0000	0.0224
202	200.0000	153.3940	0.0000	0.0225
203	200.0000	154.0316	0.0000	0.0226
204	200.0000	153.6349	0.0000	0.0227
205	200.0000	154.1144	0.0000	0.0228
206	200.0000	154.0804	0.0000	0.0229
207	200.0000	154.4961	0.0000	0.0230
208	200.0000	154.0479	0.0000	0.0231
209	200.0000	154.6060	0.0000	0.0232
210	200.0000	154.9087	0.0000	0.0233
211	200.0000	154.1551	0.0000	0.0235
212	200.0000	154.7213	0.0000	0.0236
213	200.0000	155.1687	0.0000	0.0237
214	200.0000	154.8369	0.0000	0.0238
215	200.0000	154.6659	0.0000	0.0239
216	200.0000	154.9064	0.0000	0.0240
217	200.0000	154.9595	0.0000	0.0241
218	200.0000	155.6698	0.0000	0.0242
219	200.0000	155.6820	0.0000	0.0243
220	200.0000	156.0195	0.0000	0.0244
221	200.0000	155.3724	0.0000	0.0245
222	200.0000	155.1654	0.0000	0.0246
223	200.0000	155.6275	0.0000	0.0247
224	200.0000	155.6346	0.0000	0.0248
225	200.0000	155.9571	0.0000	0.0249
226	200.0000	155.8997	0.0000	0.0250
227	200.0000	156.7814	0.0000	0.0251
228	200.0000	155.9941	0.0000	0.0252
229	200.0000	157.0484	0.0000	0.0254
230	200.0000	157.1650	0.0000	0.0255
231	200.0000	157.4635	0.0000	0.0256
232	200.0000	157.5263	0.0000	0.0257
233	200.0000	156.4919	0.0000	0.0258
234	200.0000	157.4141	0.0000	0.0259
235	200.0000	157.4769	0.0000	0.0260
236	200.0000	157.7261	0.0000	0.0261
237	200.0000	156.9125	0.0000	0.0262
238	200.0000	157.3093	0.0000	0.0263
239	200.0000	157.5154	0.0000	0.0264
240	200.0000	157.7608	0.0000	0.0266
241	200.0000	156.8545	0.0000	0.0267
242	200.0000	158.1126	0.0000	0.0268
243	200.0000	158.1827	0.0000	0.0269
244	200.0000	158.4468	0.0000	0.0270
245	200.0000	159.3564	0.0000	0.0271
246	200.0000	157.9508	0.0000	0.0272
247	200.0000	158.5195	0.0000	0.0273
248	200.0000	159.0221	0.0000	0.0274
249	200.0000	158.8089	0.0000	0.0275
250	200.0000	159.4857	0.0000	0.0276
251	200.0000	158.1689	0.0000	0.0277
252	200.0000	159.9714	0.0000	0.0278
253	200.0000	161.0163	0.0000	0.0279
254	200.0000	159.5746	0.0000	0.0280
255	200.0000	159.5009	0.0000	0.0281
256	200.0000	160.3571	0.0000	0.0282
257	200.0000	160.4416	0.0000	0.0283
258	200.0000	160.0873	0.0000	0.0285
259	200.0000	159.9316	0.0000	0.0286
260	200.0000	161.6924	0.0000	0.0287
261	200.0000	160.5307	0.0000	0.0288
262	200.0000	161.0244	0.0000	0.0289
263	200.0000	161.7699	0.0000	0.0290
264	200.0000	160.4445	0.0000	0.0291
265	200.0000	160.8838	0.0000	0.0292
266	200.0000	161.0017	0.0000	0.0293
267	200.0000	161.7638	0.0000	0.0294
268	200.0000	162.2819	0.0000	0.0295
269	200.0000	163.0279	0.0000	0.0296
270	200.0000	161.6063	0.0000	0.0297
271	200.0000	162.6390	0.0000	0.0298
272	200.0000	161.0210	0.0000	0.0299
273	200.0000	162.4822	0.0000	0.0300
274	200.0000	161.2929	0.0000	0.0301
275	200.0000	164.4776	0.0000	0.0302
276	200.0000	162.5944	0.0000	0.0303
277	200.0000	161.5105	0.0000	0.0304
278	200.0000	162.2946	0.0000	0.0305
279	200.0000	162.7660	0.0000	0.0306
280	200.0000	163.2175	0.0000	0.0307
281	200.0000	161.9410	0.0000	0.0308
282	200.0000	163.9260	0.0000	0.0309
283	200.0000	162.8389	0.0000	0.0311
284	200.0000	163.6981	0.0000	0.0312
285	200.0000	163.6552	0.0000	0.0313
286	200.0000	163.8992	0.0000	0.0314
287	200.0000	163.9455	0.0000	0.0315
288	200.0000	162.2394	0.0000	0.0316
289	200.0000	163.2477	0.0000	0.0317
290	200.0000	163.8775	0.0000	0.0318
291	200.0000	164.5070	0.0000	0.0319
292	200.0000	163.3624	0.0000	0.0320
293	200.0000	164.2674	0.0000	0.0321
294	200.0000	162.6437	0.0000	0.0322
295	200.0000	163.9578	0.0000	0.0323
296	200.0000	164.1162	0.0000	0.0324
297	200.0000	163.1925	0.0000	0.0325
298	200.0000	164.9815	0.0000	0.0326
299	200.0000	164.6847	0.0000	0.0327
300	200.0000	164.6796	0.0000	0.0328
301	200.0000	167.5552	0.0000	0.0329
302	200.0000	168.2538	0.0000	0.0330
303	200.0000	166.3289	0.0000	0.0331
304	200.0000	166.9855	0.0000	0.0332
305	200.0000	167.4309	0.0000	0.0333
306	200.0000	169.0272	0.0000	0.0334
307	200.0000	169.1109	0.0000	0.0335
308	200.0000	169.5284	0.0000	0.0337
309	200.0000	169.8520	0.0000	0.0338
310	200.0000	169.5119	0.0000	0.0339
311	200.0000	169.4808	0.0000	0.0340
312	200.0000	170.1482	0.0000	0.0341
313	200.0000	169.9279	0.0000	0.0342
314	200.0000	170.1961	0.0000	0.0343
315	200.0000	169.9112	0.0000	0.0344
316	200.0000	170.0766	0.0000	0.0345
317	200.0000	169.5624	0.0000	0.0346
318	200.0000	170.9207	0.0000	0.0347
319	200.0000	170.2871	0.0000	0.0348
320	200.0000	170.5737	0.0000	0.0349
321	200.0000	170.1468	0.0000	0.0350
322	200.0000	170.5567	0.0000	0.0351
323	200.0000	171.2020	0.0000	0.0352
324	200.0000	169.8595	0.0000	0.0353
325	200.0000	170.4517	0.0000	0.0354
326	200.0000	170.7788	0.0000	0.0355
327	200.0000	170.9345	0.0000	0.0356
328	200.0000	170.6367	0.0000	0.0357
329	200.0000	171.0780	0.0000	0.0358
330	200.0000	171.1229	0.0000	0.0359
331	200.0000	170.6283	0.0000	0.0360
332	200.0000	171.0584	0.0000	0.0361
333	200.0000	170.9233	0.0000	0.0362
334	200.0000	171.0443	0.0000	0.0363
335	200.0000	171.2984	0.0000	0.0364
336	200.0000	171.4054	0.0000	0.0365
337	200.0000	171.5127	0.0000	0.0366
338	200.0000	171.1284	0.0000	0.0367
339	200.0000	171.1650	0.0000	0.0368
340	200.0000	171.3406	0.0000	0.0369
341	200.0000	171.0354	0.0000	0.0370
342	200.0000	171.4434	0.0000	0.0371
343	200.0000	171.6335	0.0000	0.0372
344	200.0000	171.4895	0.0000	0.0373
345	200.0000	171.3958	0.0000	0.0374
346	200.0000	171.6478	0.0000	0.0375
347	200.0000	171.7370	0.0000	0.0376
348	200.0000	171.4122	0.0000	0.0377
349	200.0000	171.8596	0.0000	0.0378
350	200.0000	171.6319	0.0000	0.0379
351	200.0000	171.7049	0.0000	0.0380
352	200.0000	171.6547	0.0000	0.0381
353	200.0000	171.9334	0.0000	0.0382
354	200.0000	171.7913	0.0000	0.0383
355	200.0000	171.4782	0.0000	0.0384
356	200.0000	171.7091	0.0000	0.0386
357	200.0000	171.6298	0.0000	0.0387
358	200.0000	171.7561	0.0000	0.0388
359	200.0000	171.4960	0.0000	0.0389
360	200.0000	171.6409	0.0000	0.0390
361	200.0000	171.8562	0.0000	0.0391
362	200.0000	171.8809	0.0000	0.0392
363	200.0000	171.7357	0.0000	0.0393
364	200.0000	171.8284	0.0000	0.0394
365	200.0000	171.8346	0.0000	0.0395
366	200.0000	171.8392	0.0000	0.0396
367	200.0000	171.9021	0.0000	0.0397
368	200.0000	171.9155	0.0000	0.0398
369	200.0000	171.8859	0.0000	0.0399
370	200.0000	171.8843	0.0000	0.0400
371	200.0000	171.7447	0.0000	0.0401
372	200.0000	171.7893	0.0000	0.0402
373	200.0000	171.9150	0.0000	0.0403
374	200.0000	171.8747	0.0000	0.0404
375	200.0000	171.9330	0.0000	0.0405
376	200.0000	171.9645	0.0000	0.0406
377	200.0000	171.8986	0.0000	0.0407
378	200.0000	171.8816	0.0000	0.0408
379	200.0000	171.8547	0.0000	0.0409
380	200.0000	171.9345	0.0000	0.0410
381	200.0000	171.9525	0.0000	0.0411
382	200.0000	171.9645	0.0000	0.0412
383	200.0000	171.7647	0.0000	0.0413
384	200.0000	171.9824	0.0000	0.0414
385	200.0000	171.7914	0.0000	0.0415
386	200.0000	171.8161	0.0000	0.0416
387	200.0000	171.9650	0.0000	0.0417
388	200.0000	171.8073	0.0000	0.0418
389	200.0000	171.9829	0.0000	0.0419
390	200.0000	171.9908	0.0000	0.0420
391	200.0000	171.9735	0.0000	0.0421
392	200.0000	171.9541	0.0000	0.0422
393	200.0000	171.9398	0.0000	0.0423
394	200.0000	171.9752	0.0000	0.0424
395	200.0000	171.9710	0.0000	0.0425
396	200.0000	171.9843	0.0000	0.0426
397	200.0000	171.9759	0.0000	0.0427
398	200.0000	171.9924	0.0000	0.0428
399	200.0000	171.9883	0.0000	0.0429
400	200.0000	171.9481	0.0000	0.0430
401	200.0000	171.8363	0.0000	0.0432
402	200.0000	171.9887	0.0000	0.0433
403	200.0000	171.9575	0.0000	0.0434
404	200.0000	171.9206	0.0000	0.0435
405	200.0000	171.9959	0.0000	0.0437
406	200.0000	171.9223	0.0000	0.0438
407	200.0000	171.9305	0.0000	0.0439
408	200.0000	171.9173	0.0000	0.0440
409	200.0000	171.9391	0.0000	0.0441
410	200.0000	171.9778	0.0000	0.0442
411	200.0000	171.9333	0.0000	0.0443
412	200.0000	171.9854	0.0000	0.0444
413	200.0000	171.9917	0.0000	0.0446
414	200.0000	171.9365	0.0000	0.0447
415	200.0000	171.9394	0.0000	0.0448
416	200.0000	171.9346	0.0000	0.0449
417	200.0000	171.9911	0.0000	0.0450
418	200.0000	171.9921	0.0000	0.0451
419	200.0000	171.9805	0.0000	0.0452
420	200.0000	171.9572	0.0000	0.0453
421	200.0000	171.9941	0.0000	0.0454
422	200.0000	171.9563	0.0000	0.0455
423	200.0000	171.9585	0.0000	0.0456
424	200.0000	171.9488	0.0000	0.0457
425	200.0000	171.9830	0.0000	0.0458
426	200.0000	171.9961	0.0000	0.0460
427	200.0000	171.9565	0.0000	0.0461
428	200.0000	171.9963	0.0000	0.0462
429	200.0000	171.9480	0.0000	0.0463
430	200.0000	171.9875	0.0000	0.0464
431	200.0000	171.9991	0.0000	0.0465
432	200.0000	171.9581	0.0000	0.0466
433	200.0000	171.9920	0.0000	0.0468
434	200.0000	171.9529	0.0000	0.0469
435	200.0000	171.9629	0.0000	0.0470
436	200.0000	171.9567	0.0000	0.0471
437	200.0000	171.9940	0.0000	0.0472
438	200.0000	171.9648	0.0000	0.0473
439	200.0000	171.9975	0.0000	0.0474
440	200.0000	171.9948	0.0000	0.0475
441	200.0000	171.9987	0.0000	0.0476
442	200.0000	171.9675	0.0000	0.0477
443	200.0000	171.9964	0.0000	0.0478
444	200.0000	171.9975	0.0000	0.0479
445	200.0000	171.9979	0.0000	0.0480
446	200.0000	171.9683	0.0000	0.0481
447	200.0000	171.9914	0.0000	0.0482
448	200.0000	171.9983	0.0000	0.0483
449	200.0000	171.9671	0.0000	0.0484
450	200.0000	171.9680	0.0000	0.0485
451	200.0000	172.3869	0.0000	0.0487
452	200.0000	170.6177	0.0000	0.0488
453	200.0000	171.5091	0.0000	0.0489
454	200.0000	169.9459	0.0000	0.0490
455	200.0000	169.7404	0.0000	0.0491
456	200.0000	169.7785	0.0000	0.0492
457	200.0000	171.1557	0.0000	0.0493
458	200.0000	170.1192	0.0000	0.0494
459	200.0000	172.1497	0.0000	0.0495
460	200.0000	171.3249	0.0000	0.0496
461	200.0000	171.5184	0.0000	0.0497
462	200.0000	172.4968	0.0000	0.0498
463	200.0000	171.0085	0.0000	0.0499
464	200.0000	172.3392	0.0000	0.0500
465	200.0000	172.2535	0.0000	0.0501
466	200.0000	172.5142	0.0000	0.0502
467	200.0000	172.0987	0.0000	0.0503
468	200.0000	172.8029	0.0000	0.0504
469	200.0000	171.9956	0.0000	0.0505
470	200.0000	171.9260	0.0000	0.0506
471	200.0000	171.7835	0.0000	0.0507
472	200.0000	172.4581	0.0000	0.0508
473	200.0000	172.5653	0.0000	0.0509
474	200.0000	172.9463	0.0000	0.0510
475	200.0000	172.5240	0.0000	0.0511
476	200.0000	173.3235	0.0000	0.0512
477	200.0000	173.0813	0.0000	0.0513
478	200.0000	172.7401	0.0000	0.0514
479	200.0000	172.9084	0.0000	0.0515
480	200.0000	173.2484	0.0000	0.0516
481	200.0000	173.2806	0.0000	0.0517
482	200.0000	172.9012	0.0000	0.0518
483	200.0000	172.9810	0.0000	0.0519
484	200.0000	173.1862	0.0000	0.0520
485	200.0000	173.1743	0.0000	0.0521
486	200.0000	173.2734	0.0000	0.0522
487	200.0000	173.3294	0.0000	0.0523
488	200.0000	173.5102	0.0000	0.0524
489	200.0000	173.5571	0.0000	0.0525
490	200.0000	173.3560	0.0000	0.0526
491	200.0000	172.9737	0.0000	0.0527
492	200.0000	173.2783	0.0000	0.0528
493	200.0000	173.4749	0.0000	0.0529
494	200.0000	173.5911	0.0000	0.0530
495	200.0000	173.4514	0.0000	0.0531
496	200.0000	173.5989	0.0000	0.0532
497	200.0000	173.2649	0.0000	0.0533
498	200.0000	173.5630	0.0000	0.0534
499	200.0000	173.6341	0.0000	0.0536
500	200.0000	173.7172	0.0000	0.0537
501	200.0000	173.6349	0.0000	0.0537
502	200.0000	173.3776	0.0000	0.0539
503	200.0000	173.5785	0.0000	0.0540
504	200.0000	173.7005	0.0000	0.0541
505	200.0000	173.3246	0.0000	0.0542
506	200.0000	173.6382	0.0000	0.0543
507	200.0000	173.6639	0.0000	0.0544
508	200.0000	173.4357	0.0000	0.0545
509	200.0000	173.4002	0.0000	0.0546
510	200.0000	173.7485	0.0000	0.0547
511	200.0000	173.8391	0.0000	0.0548
512	200.0000	173.3838	0.0000	0.0549
513	200.0000	173.7994	0.0000	0.0550
514	200.0000	173.7325	0.0000	0.0552
515	200.0000	173.8575	0.0000	0.0553
516	200.0000	173.8589	0.0000	0.0554
517	200.0000	173.5338	0.0000	0.0555
518	200.0000	173.8119	0.0000	0.0556
519	200.0000	173.8029	0.0000	0.0557
520	200.0000	173.8332	0.0000	0.0558
521	200.0000	173.5326	0.0000	0.0559
522	200.0000	173.8981	0.0000	0.0560
523	200.0000	173.8557	0.0000	0.0561
524	200.0000	173.7134	0.0000	0.0562
525	200.0000	173.7493	0.0000	0.0563
526	200.0000	173.8645	0.0000	0.0564
527	200.0000	173.9220	0.0000	0.0565
528	200.0000	173.7179	0.0000	0.0566
529	200.0000	173.8873	0.0000	0.0567
530	200.0000	173.7900	0.0000	0.0568
531	200.0000	173.9112	0.0000	0.0570
532	200.0000	173.8418	0.0000	0.0571
533	200.0000	173.7534	0.0000	0.0572
534	200.0000	173.9261	0.0000	0.0573
535	200.0000	173.8415	0.0000	0.0574
536	200.0000	173.7664	0.0000	0.0575
537	200.0000	173.7744	0.0000	0.0576
538	200.0000	173.7980	0.0000	0.0577
539	200.0000	173.7934	0.0000	0.0578
540	200.0000	173.9447	0.0000	0.0579
541	200.0000	173.9597	0.0000	0.0580
542	200.0000	173.8126	0.0000	0.0581
543	200.0000	173.8203	0.0000	0.0582
544	200.0000	173.9497	0.0000	0.0583
545	200.0000	173.9340	0.0000	0.0584
546	200.0000	173.8360	0.0000	0.0585
547	200.0000	173.9469	0.0000	0.0586
548	200.0000	173.9699	0.0000	0.0587
549	200.0000	173.9670	0.0000	0.0588
550	200.0000	173.9472	0.0000	0.0589
551	200.0000	173.8488	0.0000	0.0590
552	200.0000	173.9695	0.0000	0.0591
553	200.0000	173.9671	0.0000	0.0592
554	200.0000	173.9679	0.0000	0.0593
555	200.0000	173.9476	0.0000	0.0594
556	200.0000	173.9622	0.0000	0.0595
557	200.0000	173.9410	0.0000	0.0596
558	200.0000	173.9707	0.0000	0.0597
559	200.0000	173.9743	0.0000	0.0598
560	200.0000	173.9682	0.0000	0.0599
561	200.0000	173.9497	0.0000	0.0600
562	200.0000	173.9685	0.0000	0.0601
563	200.0000	173.9660	0.0000	0.0602
564	200.0000	173.9770	0.0000	0.0603
565	200.0000	173.9343	0.0000	0.0604
566	200.0000	173.8430	0.0000	0.0605
567	200.0000	173.9520	0.0000	0.0607
568	200.0000	173.9873	0.0000	0.0608
569	200.0000	173.8383	0.0000	0.0609
570	200.0000	173.8588	0.0000	0.0610
571	200.0000	173.9607	0.0000	0.0611
572	200.0000	173.9601	0.0000	0.0612
573	200.0000	173.8377	0.0000	0.0613
574	200.0000	173.9811	0.0000	0.0614
575	200.0000	173.8431	0.0000	0.0615
576	200.0000	173.8525	0.0000	0.0616
577	200.0000	173.8735	0.0000	0.0617
578	200.0000	173.9735	0.0000	0.0618
579	200.0000	173.9939	0.0000	0.0619
580	200.0000	173.9026	0.0000	0.0620
581	200.0000	173.8894	0.0000	0.0621
582	200.0000	173.9263	0.0000	0.0622
583	200.0000	173.9364	0.0000	0.0623
584	200.0000	173.9883	0.0000	0.0624
585	200.0000	173.9235	0.0000	0.0625
586	200.0000	173.9219	0.0000	0.0626
587	200.0000	173.9948	0.0000	0.0627
588	200.0000	173.9971	0.0000	0.0628
589	200.0000	173.9335	0.0000	0.0630
590	200.0000	173.9404	0.0000	0.0631
591	200.0000	173.9876	0.0000	0.0632
592	200.0000	173.9414	0.0000	0.0633
593	200.0000	173.9888	0.0000	0.0634
594	200.0000	173.9966	0.0000	0.0635
595	200.0000	173.9931	0.0000	0.0636
596	200.0000	173.9567	0.0000	0.0637
597	200.0000	173.9962	0.0000	0.0638
598	200.0000	173.9984	0.0000	0.0639
599	200.0000	173.9616	0.0000	0.0640
600	200.0000	173.9970	0.0000	0.0641
601	200.0000	166.6251	0.0000	0.0642
602	200.0000	167.3833	0.0000	0.0644
603	200.0000	169.0367	0.0000	0.0645
604	200.0000	169.2026	0.0000	0.0646
605	200.0000	170.4488	0.0000	0.0647
606	200.0000	169.9226	0.0000	0.0648
607	200.0000	170.2897	0.0000	0.0649
608	200.0000	170.2253	0.0000	0.0650
609	200.0000	170.8758	0.0000	0.0651
610	200.0000	170.6501	0.0000	0.0652
611	200.0000	169.3748	0.0000	0.0653
612	200.0000	170.8925	0.0000	0.0654
613	200.0000	170.5441	0.0000	0.0655
614	200.0000	170.7633	0.0000	0.0656
615	200.0000	171.0992	0.0000	0.0657
616	200.0000	170.9684	0.0000	0.0658
617	200.0000	172.6616	0.0000	0.0659
618	200.0000	172.5694	0.0000	0.0660
619	200.0000	171.8285	0.0000	0.0661
620	200.0000	170.6594	0.0000	0.0662
621	200.0000	172.6118	0.0000	0.0663
622	200.0000	171.8740	0.0000	0.0665
623	200.0000	173.2216	0.0000	0.0666
624	200.0000	172.0280	0.0000	0.0667
625	200.0000	172.5135	0.0000	0.0668
626	200.0000	172.4349	0.0000	0.0669
627	200.0000	172.7667	0.0000	0.0670
628	200.0000	173.1115	0.0000	0.0671
629	200.0000	172.8476	0.0000	0.0672
630	200.0000	173.4621	0.0000	0.0673
631	200.0000	173.3172	0.0000	0.0674
632	200.0000	172.9795	0.0000	0.0675
633	200.0000	173.6821	0.0000	0.0676
634	200.0000	173.4847	0.0000	0.0677
635	200.0000	173.4769	0.0000	0.0678
636	200.0000	173.3599	0.0000	0.0679
637	200.0000	173.5864	0.0000	0.0680
638	200.0000	173.7734	0.0000	0.0681
639	200.0000	173.6693	0.0000	0.0682
640	200.0000	173.7806	0.0000	0.0683
641	200.0000	173.6069	0.0000	0.0684
642	200.0000	173.2651	0.0000	0.0685
643	200.0000	173.7753	0.0000	0.0686
644	200.0000	173.2736	0.0000	0.0687
645	200.0000	173.3908	0.0000	0.0688
646	200.0000	173.7084	0.0000	0.0689
647	200.0000	173.8576	0.0000	0.0690
648	200.0000	173.7678	0.0000	0.0691
649	200.0000	173.8694	0.0000	0.0692
650	200.0000	173.7178	0.0000	0.0693
651	200.0000	173.5922	0.0000	0.0694
652	200.0000	173.9118	0.0000	0.0695
653	200.0000	173.7403	0.0000	0.0696
654	200.0000	173.6857	0.0000	0.0697
655	200.0000	173.8138	0.0000	0.0699
656	200.0000	173.5778	0.0000	0.0700
657	200.0000	173.9299	0.0000	0.0701
658	200.0000	173.8294	0.0000	0.0702
659	200.0000	173.7417	0.0000	0.0703
660	200.0000	173.6855	0.0000	0.0704
661	200.0000	173.7858	0.0000	0.0705
662	200.0000	173.9270	0.0000	0.0706
663	200.0000	173.7579	0.0000	0.0707
664	200.0000	173.7373	0.0000	0.0708
665	200.0000	173.7367	0.0000	0.0709
666	200.0000	173.8414	0.0000	0.0710
667	200.0000	173.7417	0.0000	0.0711
668	200.0000	173.7884	0.0000	0.0712
669	200.0000	173.9076	0.0000	0.0713
670	200.0000	173.9195	0.0000	0.0714
671	200.0000	173.9216	0.0000	0.0715
672	200.0000	173.9156	0.0000	0.0716
673	200.0000	173.7907	0.0000	0.0717
674	200.0000	173.8522	0.0000	0.0718
675	200.0000	173.9245	0.0000	0.0719
676	200.0000	173.9619	0.0000	0.0720
677	200.0000	173.9115	0.0000	0.0721
678	200.0000	173.9782	0.0000	0.0722
679	200.0000	173.9571	0.0000	0.0723
680	200.0000	173.9267	0.0000	0.0724
681	200.0000	173.9520	0.0000	0.0725
682	200.0000	173.9580	0.0000	0.0727
683	200.0000	173.8330	0.0000	0.0728
684	200.0000	173.9831	0.0000	0.0729
685	200.0000	173.9832	0.0000	0.0730
686	200.0000	173.9820	0.0000	0.0731
687	200.0000	173.9750	0.0000	0.0732
688	200.0000	173.8408	0.0000	0.0733
689	200.0000	173.8501	0.0000	0.0734
690	200.0000	173.9790	0.0000	0.0735
691	200.0000	173.8661	0.0000	0.0736
692	200.0000	173.8659	0.0000	0.0737
693	200.0000	173.9688	0.0000	0.0738
694	200.0000	173.9859	0.0000	0.0739
695	200.0000	173.9845	0.0000	0.0740
696	200.0000	173.9227	0.0000	0.0741
697	200.0000	173.9421	0.0000	0.0742
698	200.0000	173.9267	0.0000	0.0743
699	200.0000	173.9788	0.0000	0.0744
Pos: [0.0]

Run: 1
Iter	Gbest	AvrFit	Diver	ETime	
0	162.5000	79.5908	0.0000	0.0001
1	162.5000	80.1559	0.0000	0.0002
2	186.4619	88.8695	0.0000	0.0003
3	186.4619	87.3741	0.0000	0.0004
4	200.0000	86.4300	0.0000	0.0005
5	200.0000	102.2111	0.0000	0.0006
6	200.0000	97.6146	0.0000	0.0007
7	200.0000	111.3172	0.0000	0.0008
8	200.0000	105.8373	0.0000	0.0009
9	200.0000	113.3223	0.0000	0.0010
10	200.0000	116.3056	0.0000	0.0011
11	200.0000	113.2486	0.0000	0.0012
12	200.0000	118.1397	0.0000	0.0013
13	200.0000	120.8395	0.0000	0.0014
14	200.0000	115.6960	0.0000	0.0016
15	200.0000	119.5547	0.0000	0.0017
16	200.0000	123.4398	0.0000	0.0018
17	200.0000	129.1208	0.0000	0.0019
18	200.0000	131.6370	0.0000	0.0020
19	200.0000	128.8826	0.0000	0.0021
20	200.0000	128.9777	0.0000	0.0022
21	200.0000	129.8885	0.0000	0.0023
22	200.0000	129.0431	0.0000	0.0024
23	200.0000	129.2977	0.0000	0.0025
24	200.0000	128.9884	0.0000	0.0026
25	200.0000	137.0290	0.0000	0.0027
26	200.0000	137.1267	0.0000	0.0028
27	200.0000	140.5009	0.0000	0.0029
28	200.0000	139.7889	0.0000	0.0030
29	200.0000	139.3439	0.0000	0.0031
30	200.0000	133.9817	0.0000	0.0033
31	200.0000	138.9659	0.0000	0.0034
32	200.0000	142.0933	0.0000	0.0035
33	200.0000	140.9279	0.0000	0.0036
34	200.0000	140.8241	0.0000	0.0037
35	200.0000	141.0832	0.0000	0.0039
36	200.0000	142.6590	0.0000	0.0040
37	200.0000	142.1433	0.0000	0.0041
38	200.0000	140.5531	0.0000	0.0042
39	200.0000	149.0299	0.0000	0.0044
40	200.0000	141.5893	0.0000	0.0045
41	200.0000	149.3002	0.0000	0.0046
42	200.0000	138.6531	0.0000	0.0047
43	200.0000	145.7780	0.0000	0.0048
44	200.0000	144.0455	0.0000	0.0049
45	200.0000	146.2773	0.0000	0.0050
46	200.0000	147.8528	0.0000	0.0051
47	200.0000	146.3831	0.0000	0.0052
48	200.0000	145.0174	0.0000	0.0053
49	200.0000	148.5595	0.0000	0.0054
50	200.0000	149.3004	0.0000	0.0055
51	200.0000	150.3111	0.0000	0.0056
52	200.0000	147.2474	0.0000	0.0057
53	200.0000	150.9594	0.0000	0.0058
54	200.0000	152.2903	0.0000	0.0059
55	200.0000	151.9292	0.0000	0.0060
56	200.0000	147.5594	0.0000	0.0061
57	200.0000	152.0912	0.0000	0.0062
58	200.0000	150.9572	0.0000	0.0063
59	200.0000	147.5900	0.0000	0.0064
60	200.0000	149.1872	0.0000	0.0065
61	200.0000	153.3159	0.0000	0.0066
62	200.0000	147.0626	0.0000	0.0067
63	200.0000	148.7391	0.0000	0.0068
64	200.0000	148.0230	0.0000	0.0069
65	200.0000	150.2231	0.0000	0.0070
66	200.0000	149.2114	0.0000	0.0071
67	200.0000	153.6288	0.0000	0.0072
68	200.0000	152.9607	0.0000	0.0073
69	200.0000	150.3547	0.0000	0.0074
70	200.0000	153.8544	0.0000	0.0075
71	200.0000	149.8599	0.0000	0.0076
72	200.0000	152.2533	0.0000	0.0077
73	200.0000	151.5796	0.0000	0.0078
74	200.0000	145.8278	0.0000	0.0079
75	200.0000	148.9854	0.0000	0.0080
76	200.0000	150.1898	0.0000	0.0081
77	200.0000	155.0121	0.0000	0.0082
78	200.0000	151.4303	0.0000	0.0084
79	200.0000	150.1147	0.0000	0.0084
80	200.0000	151.6231	0.0000	0.0085
81	200.0000	149.3637	0.0000	0.0086
82	200.0000	155.4956	0.0000	0.0088
83	200.0000	153.9382	0.0000	0.0089
84	200.0000	149.0065	0.0000	0.0090
85	200.0000	155.9065	0.0000	0.0091
86	200.0000	150.8140	0.0000	0.0092
87	200.0000	154.7879	0.0000	0.0093
88	200.0000	152.5185	0.0000	0.0094
89	200.0000	153.0409	0.0000	0.0095
90	200.0000	152.8223	0.0000	0.0096
91	200.0000	155.9123	0.0000	0.0097
92	200.0000	153.0062	0.0000	0.0098
93	200.0000	153.7042	0.0000	0.0099
94	200.0000	155.4782	0.0000	0.0100
95	200.0000	151.6414	0.0000	0.0101
96	200.0000	154.7622	0.0000	0.0102
97	200.0000	152.2011	0.0000	0.0103
98	200.0000	153.0959	0.0000	0.0104
99	200.0000	154.3066	0.0000	0.0105
100	200.0000	153.3153	0.0000	0.0106
101	200.0000	153.2384	0.0000	0.0107
102	200.0000	154.9248	0.0000	0.0108
103	200.0000	155.3910	0.0000	0.0109
104	200.0000	156.5589	0.0000	0.0110
105	200.0000	153.8965	0.0000	0.0111
106	200.0000	153.5469	0.0000	0.0112
107	200.0000	152.9769	0.0000	0.0113
108	200.0000	155.6321	0.0000	0.0114
109	200.0000	152.7904	0.0000	0.0115
110	200.0000	155.9785	0.0000	0.0116
111	200.0000	155.9981	0.0000	0.0117
112	200.0000	154.4206	0.0000	0.0118
113	200.0000	153.6516	0.0000	0.0119
114	200.0000	153.7585	0.0000	0.0120
115	200.0000	156.1579	0.0000	0.0121
116	200.0000	155.4531	0.0000	0.0122
117	200.0000	156.4924	0.0000	0.0124
118	200.0000	155.6684	0.0000	0.0125
119	200.0000	155.2717	0.0000	0.0126
120	200.0000	155.7029	0.0000	0.0127
121	200.0000	156.3436	0.0000	0.0128
122	200.0000	156.7501	0.0000	0.0129
123	200.0000	156.3802	0.0000	0.0130
124	200.0000	156.8394	0.0000	0.0131
125	200.0000	156.2410	0.0000	0.0132
126	200.0000	156.1349	0.0000	0.0133
127	200.0000	157.1586	0.0000	0.0134
128	200.0000	157.8420	0.0000	0.0135
129	200.0000	157.1699	0.0000	0.0136
130	200.0000	157.9705	0.0000	0.0137
131	200.0000	155.4288	0.0000	0.0138
132	200.0000	157.3358	0.0000	0.0139
133	200.0000	155.6843	0.0000	0.0141
134	200.0000	158.5387	0.0000	0.0142
135	200.0000	152.7708	0.0000	0.0143
136	200.0000	155.6923	0.0000	0.0144
137	200.0000	158.0025	0.0000	0.0145
138	200.0000	155.7089	0.0000	0.0146
139	200.0000	156.7473	0.0000	0.0147
140	200.0000	157.4618	0.0000	0.0148
141	200.0000	156.5309	0.0000	0.0149
142	200.0000	158.7741	0.0000	0.0150
143	200.0000	157.5951	0.0000	0.0152
144	200.0000	158.7045	0.0000	0.0153
145	200.0000	157.2083	0.0000	0.0154
146	200.0000	157.8904	0.0000	0.0155
147	200.0000	156.0929	0.0000	0.0156
148	200.0000	157.1205	0.0000	0.0157
149	200.0000	156.5894	0.0000	0.0158
150	200.0000	158.8470	0.0000	0.0159
151	200.0000	168.9521	0.0000	0.0160
152	200.0000	169.2256	0.0000	0.0161
153	200.0000	169.8039	0.0000	0.0162
154	200.0000	168.7419	0.0000	0.0163
155	200.0000	169.1628	0.0000	0.0164
156	200.0000	170.1596	0.0000	0.0165
157	200.0000	170.2748	0.0000	0.0166
158	200.0000	170.1019	0.0000	0.0167
159	200.0000	170.1423	0.0000	0.0168
160	200.0000	169.6514	0.0000	0.0169
161	200.0000	170.7781	0.0000	0.0170
162	200.0000	170.7967	0.0000	0.0171
163	200.0000	169.3052	0.0000	0.0172
164	200.0000	170.0320	0.0000	0.0173
165	200.0000	170.3496	0.0000	0.0174
166	200.0000	170.8695	0.0000	0.0175
167	200.0000	170.9170	0.0000	0.0176
168	200.0000	171.3980	0.0000	0.0177
169	200.0000	171.2994	0.0000	0.0178
170	200.0000	171.4281	0.0000	0.0179
171	200.0000	171.1227	0.0000	0.0180
172	200.0000	171.4870	0.0000	0.0181
173	200.0000	171.6368	0.0000	0.0182
174	200.0000	171.6110	0.0000	0.0184
175	200.0000	171.6211	0.0000	0.0185
176	200.0000	171.3152	0.0000	0.0186
177	200.0000	171.6525	0.0000	0.0187
178	200.0000	171.5635	0.0000	0.0188
179	200.0000	171.6039	0.0000	0.0189
180	200.0000	171.5268	0.0000	0.0190
181	200.0000	171.8618	0.0000	0.0191
182	200.0000	171.7797	0.0000	0.0192
183	200.0000	171.6891	0.0000	0.0193
184	200.0000	171.6819	0.0000	0.0194
185	200.0000	171.8685	0.0000	0.0195
186	200.0000	171.7499	0.0000	0.0196
187	200.0000	171.7147	0.0000	0.0197
188	200.0000	171.8945	0.0000	0.0198
189	200.0000	171.7172	0.0000	0.0199
190	200.0000	171.8854	0.0000	0.0200
191	200.0000	171.8140	0.0000	0.0201
192	200.0000	171.8093	0.0000	0.0203
193	200.0000	171.8589	0.0000	0.0204
194	200.0000	171.9063	0.0000	0.0205
195	200.0000	171.8797	0.0000	0.0206
196	200.0000	171.8786	0.0000	0.0207
197	200.0000	171.8798	0.0000	0.0208
198	200.0000	171.8977	0.0000	0.0210
199	200.0000	171.8219	0.0000	0.0211
200	200.0000	171.9153	0.0000	0.0212
201	200.0000	171.9371	0.0000	0.0213
202	200.0000	171.8887	0.0000	0.0214
203	200.0000	171.8992	0.0000	0.0215
204	200.0000	171.9182	0.0000	0.0216
205	200.0000	171.9436	0.0000	0.0218
206	200.0000	171.9615	0.0000	0.0220
207	200.0000	171.9716	0.0000	0.0221
208	200.0000	171.9281	0.0000	0.0222
209	200.0000	171.9510	0.0000	0.0223
210	200.0000	171.9636	0.0000	0.0225
211	200.0000	171.9568	0.0000	0.0226
212	200.0000	171.9390	0.0000	0.0227
213	200.0000	171.9859	0.0000	0.0228
214	200.0000	171.9406	0.0000	0.0230
215	200.0000	171.9385	0.0000	0.0231
216	200.0000	171.9624	0.0000	0.0232
217	200.0000	171.9673	0.0000	0.0233
218	200.0000	171.9639	0.0000	0.0234
219	200.0000	171.9577	0.0000	0.0235
220	200.0000	171.9696	0.0000	0.0236
221	200.0000	171.9814	0.0000	0.0237
222	200.0000	171.9506	0.0000	0.0238
223	200.0000	171.9737	0.0000	0.0239
224	200.0000	171.9693	0.0000	0.0240
225	200.0000	171.9653	0.0000	0.0241
226	200.0000	171.9883	0.0000	0.0242
227	200.0000	171.9508	0.0000	0.0243
228	200.0000	171.9889	0.0000	0.0244
229	200.0000	171.9776	0.0000	0.0245
230	200.0000	171.9844	0.0000	0.0246
231	200.0000	171.9940	0.0000	0.0247
232	200.0000	171.9772	0.0000	0.0248
233	200.0000	171.9602	0.0000	0.0249
234	200.0000	171.9768	0.0000	0.0250
235	200.0000	171.9933	0.0000	0.0251
236	200.0000	171.9550	0.0000	0.0252
237	200.0000	171.9951	0.0000	0.0253
238	200.0000	171.9883	0.0000	0.0255
239	200.0000	171.9947	0.0000	0.0256
240	200.0000	171.9819	0.0000	0.0257
241	200.0000	171.9996	0.0000	0.0258
242	200.0000	171.9581	0.0000	0.0259
243	200.0000	171.9762	0.0000	0.0261
244	200.0000	171.9718	0.0000	0.0262
245	200.0000	171.9649	0.0000	0.0263
246	200.0000	171.9827	0.0000	0.0264
247	200.0000	171.9916	0.0000	0.0265
248	200.0000	171.9994	0.0000	0.0266
249	200.0000	171.9864	0.0000	0.0267
250	200.0000	171.9970	0.0000	0.0268
251	200.0000	171.9745	0.0000	0.0269
252	200.0000	171.9850	0.0000	0.0270
253	200.0000	171.9922	0.0000	0.0271
254	200.0000	171.9987	0.0000	0.0272
255	200.0000	171.9760	0.0000	0.0273
256	200.0000	171.9985	0.0000	0.0275
257	200.0000	171.9721	0.0000	0.0276
258	200.0000	171.9665	0.0000	0.0277
259	200.0000	171.9733	0.0000	0.0278
260	200.0000	171.9992	0.0000	0.0279
261	200.0000	171.9940	0.0000	0.0280
262	200.0000	171.9921	0.0000	0.0281
263	200.0000	171.9941	0.0000	0.0282
264	200.0000	171.9955	0.0000	0.0283
265	200.0000	171.9962	0.0000	0.0284
266	200.0000	171.9852	0.0000	0.0285
267	200.0000	171.9881	0.0000	0.0286
268	200.0000	171.9864	0.0000	0.0287
269	200.0000	171.9846	0.0000	0.0288
270	200.0000	171.9929	0.0000	0.0289
271	200.0000	171.9980	0.0000	0.0290
272	200.0000	171.9905	0.0000	0.0291
273	200.0000	171.9924	0.0000	0.0293
274	200.0000	171.9955	0.0000	0.0294
275	200.0000	171.9987	0.0000	0.0295
276	200.0000	171.9971	0.0000	0.0296
277	200.0000	171.9987	0.0000	0.0297
278	200.0000	171.9988	0.0000	0.0298
279	200.0000	171.9990	0.0000	0.0299
280	200.0000	171.9999	0.0000	0.0300
281	200.0000	171.9945	0.0000	0.0301
282	200.0000	171.9977	0.0000	0.0302
283	200.0000	171.9954	0.0000	0.0303
284	200.0000	171.9979	0.0000	0.0304
285	200.0000	171.9972	0.0000	0.0306
286	200.0000	171.9951	0.0000	0.0307
287	200.0000	171.9977	0.0000	0.0308
288	200.0000	171.9999	0.0000	0.0309
289	200.0000	171.9981	0.0000	0.0310
290	200.0000	171.9986	0.0000	0.0311
291	200.0000	171.9979	0.0000	0.0312
292	200.0000	171.9996	0.0000	0.0313
293	200.0000	171.9986	0.0000	0.0313
294	200.0000	171.9993	0.0000	0.0314
295	200.0000	171.9991	0.0000	0.0315
296	200.0000	171.9994	0.0000	0.0317
297	200.0000	171.9988	0.0000	0.0317
298	200.0000	171.9998	0.0000	0.0319
299	200.0000	171.9983	0.0000	0.0319
300	200.0000	171.9988	0.0000	0.0320
301	200.0000	171.2799	0.0000	0.0322
302	200.0000	169.5187	0.0000	0.0323
303	200.0000	170.7370	0.0000	0.0324
304	200.0000	169.8622	0.0000	0.0325
305	200.0000	169.1451	0.0000	0.0326
306	200.0000	169.5595	0.0000	0.0328
307	200.0000	169.7170	0.0000	0.0328
308	200.0000	171.0653	0.0000	0.0329
309	200.0000	170.4571	0.0000	0.0330
310	200.0000	171.0862	0.0000	0.0332
311	200.0000	170.6037	0.0000	0.0337
312	200.0000	170.4621	0.0000	0.0338
313	200.0000	170.9640	0.0000	0.0339
314	200.0000	170.6669	0.0000	0.0340
315	200.0000	171.2955	0.0000	0.0341
316	200.0000	172.1404	0.0000	0.0343
317	200.0000	171.8758	0.0000	0.0344
318	200.0000	172.6015	0.0000	0.0345
319	200.0000	173.0396	0.0000	0.0347
320	200.0000	171.7051	0.0000	0.0348
321	200.0000	171.9624	0.0000	0.0349
322	200.0000	172.3165	0.0000	0.0350
323	200.0000	171.9461	0.0000	0.0351
324	200.0000	171.9981	0.0000	0.0352
325	200.0000	172.0493	0.0000	0.0353
326	200.0000	172.6138	0.0000	0.0354
327	200.0000	172.9435	0.0000	0.0355
328	200.0000	172.8197	0.0000	0.0356
329	200.0000	173.0676	0.0000	0.0357
330	200.0000	173.1296	0.0000	0.0359
331	200.0000	172.9672	0.0000	0.0360
332	200.0000	173.2718	0.0000	0.0361
333	200.0000	173.0940	0.0000	0.0362
334	200.0000	173.2412	0.0000	0.0363
335	200.0000	173.2349	0.0000	0.0364
336	200.0000	173.2051	0.0000	0.0365
337	200.0000	173.2406	0.0000	0.0366
338	200.0000	173.1521	0.0000	0.0367
339	200.0000	172.9079	0.0000	0.0369
340	200.0000	173.3500	0.0000	0.0370
341	200.0000	173.2819	0.0000	0.0372
342	200.0000	173.2749	0.0000	0.0374
343	200.0000	172.9468	0.0000	0.0375
344	200.0000	173.2122	0.0000	0.0376
345	200.0000	173.1313	0.0000	0.0377
346	200.0000	173.0526	0.0000	0.0378
347	200.0000	173.6596	0.0000	0.0379
348	200.0000	173.6425	0.0000	0.0380
349	200.0000	173.4506	0.0000	0.0381
350	200.0000	173.5320	0.0000	0.0383
351	200.0000	173.5156	0.0000	0.0384
352	200.0000	173.6794	0.0000	0.0386
353	200.0000	173.4332	0.0000	0.0387
354	200.0000	173.6010	0.0000	0.0388
355	200.0000	173.6967	0.0000	0.0389
356	200.0000	173.2920	0.0000	0.0390
357	200.0000	173.6337	0.0000	0.0391
358	200.0000	173.9403	0.0000	0.0392
359	200.0000	173.8829	0.0000	0.0393
360	200.0000	173.7858	0.0000	0.0395
361	200.0000	173.7398	0.0000	0.0396
362	200.0000	173.4182	0.0000	0.0397
363	200.0000	173.6539	0.0000	0.0398
364	200.0000	173.6249	0.0000	0.0399
365	200.0000	173.5685	0.0000	0.0400
366	200.0000	173.8913	0.0000	0.0401
367	200.0000	173.6089	0.0000	0.0402
368	200.0000	173.6278	0.0000	0.0403
369	200.0000	173.8667	0.0000	0.0404
370	200.0000	173.4499	0.0000	0.0405
371	200.0000	173.4528	0.0000	0.0406
372	200.0000	173.9769	0.0000	0.0407
373	200.0000	173.8773	0.0000	0.0408
374	200.0000	173.6416	0.0000	0.0409
375	200.0000	173.6227	0.0000	0.0410
376	200.0000	173.8792	0.0000	0.0411
377	200.0000	173.7315	0.0000	0.0412
378	200.0000	173.8949	0.0000	0.0413
379	200.0000	173.7602	0.0000	0.0414
380	200.0000	173.5579	0.0000	0.0415
381	200.0000	173.9709	0.0000	0.0416
382	200.0000	173.9751	0.0000	0.0417
383	200.0000	173.8509	0.0000	0.0418
384	200.0000	173.9418	0.0000	0.0419
385	200.0000	173.9264	0.0000	0.0420
386	200.0000	173.9724	0.0000	0.0421
387	200.0000	173.9159	0.0000	0.0422
388	200.0000	173.9173	0.0000	0.0423
389	200.0000	173.9085	0.0000	0.0424
390	200.0000	173.9603	0.0000	0.0425
391	200.0000	173.9489	0.0000	0.0427
392	200.0000	173.9495	0.0000	0.0428
393	200.0000	173.9481	0.0000	0.0429
394	200.0000	173.9742	0.0000	0.0430
395	200.0000	173.9848	0.0000	0.0431
396	200.0000	173.9613	0.0000	0.0432
397	200.0000	173.9546	0.0000	0.0433
398	200.0000	173.9860	0.0000	0.0434
399	200.0000	173.9655	0.0000	0.0435
400	200.0000	173.9784	0.0000	0.0436
401	200.0000	173.8623	0.0000	0.0437
402	200.0000	173.9733	0.0000	0.0438
403	200.0000	173.9544	0.0000	0.0439
404	200.0000	173.8693	0.0000	0.0440
405	200.0000	173.9664	0.0000	0.0441
406	200.0000	173.9641	0.0000	0.0442
407	200.0000	173.8769	0.0000	0.0443
408	200.0000	173.8846	0.0000	0.0444
409	200.0000	173.8519	0.0000	0.0445
410	200.0000	173.9535	0.0000	0.0446
411	200.0000	173.9734	0.0000	0.0447
412	200.0000	173.9842	0.0000	0.0448
413	200.0000	173.8793	0.0000	0.0449
414	200.0000	173.9774	0.0000	0.0450
415	200.0000	173.9652	0.0000	0.0451
416	200.0000	173.9749	0.0000	0.0452
417	200.0000	173.8804	0.0000	0.0454
418	200.0000	173.9031	0.0000	0.0455
419	200.0000	173.9082	0.0000	0.0456
420	200.0000	173.9747	0.0000	0.0457
421	200.0000	173.9723	0.0000	0.0458
422	200.0000	173.9067	0.0000	0.0459
423	200.0000	173.9038	0.0000	0.0460
424	200.0000	173.9863	0.0000	0.0461
425	200.0000	173.9198	0.0000	0.0462
426	200.0000	173.9283	0.0000	0.0463
427	200.0000	173.9883	0.0000	0.0464
428	200.0000	173.9471	0.0000	0.0465
429	200.0000	173.9868	0.0000	0.0466
430	200.0000	173.9839	0.0000	0.0467
431	200.0000	173.9876	0.0000	0.0468
432	200.0000	173.9936	0.0000	0.0469
433	200.0000	173.9827	0.0000	0.0470
434	200.0000	173.9959	0.0000	0.0471
435	200.0000	173.9890	0.0000	0.0472
436	200.0000	173.9874	0.0000	0.0473
437	200.0000	173.9583	0.0000	0.0474
438	200.0000	173.9907	0.0000	0.0475
439	200.0000	173.9560	0.0000	0.0476
440	200.0000	173.9909	0.0000	0.0477
441	200.0000	173.9961	0.0000	0.0478
442	200.0000	173.9997	0.0000	0.0479
443	200.0000	173.9948	0.0000	0.0481
444	200.0000	173.9535	0.0000	0.0482
445	200.0000	173.9946	0.0000	0.0483
446	200.0000	173.9621	0.0000	0.0484
447	200.0000	173.9705	0.0000	0.0485
448	200.0000	173.9964	0.0000	0.0486
449	200.0000	173.9743	0.0000	0.0487
450	200.0000	173.9964	0.0000	0.0489
451	200.0000	170.5655	0.0000	0.0490
452	200.0000	170.1677	0.0000	0.0491
453	200.0000	170.9404	0.0000	0.0492
454	200.0000	170.3428	0.0000	0.0494
455	200.0000	170.8846	0.0000	0.0495
456	200.0000	171.9581	0.0000	0.0496
457	200.0000	171.4698	0.0000	0.0497
458	200.0000	171.0662	0.0000	0.0498
459	200.0000	171.4994	0.0000	0.0499
460	200.0000	171.2579	0.0000	0.0500
461	200.0000	172.4611	0.0000	0.0501
462	200.0000	171.3434	0.0000	0.0502
463	200.0000	172.2050	0.0000	0.0503
464	200.0000	172.1031	0.0000	0.0504
465	200.0000	172.3231	0.0000	0.0505
466	200.0000	171.7453	0.0000	0.0506
467	200.0000	172.3588	0.0000	0.0507
468	200.0000	173.3470	0.0000	0.0508
469	200.0000	172.7561	0.0000	0.0509
470	200.0000	173.0356	0.0000	0.0510
471	200.0000	173.3326	0.0000	0.0511
472	200.0000	172.3453	0.0000	0.0512
473	200.0000	172.3144	0.0000	0.0514
474	200.0000	172.6323	0.0000	0.0515
475	200.0000	172.7239	0.0000	0.0516
476	200.0000	172.5696	0.0000	0.0517
477	200.0000	173.2368	0.0000	0.0518
478	200.0000	172.6588	0.0000	0.0519
479	200.0000	172.7108	0.0000	0.0520
480	200.0000	173.1832	0.0000	0.0521
481	200.0000	172.9895	0.0000	0.0522
482	200.0000	172.9642	0.0000	0.0523
483	200.0000	173.2628	0.0000	0.0524
484	200.0000	173.3344	0.0000	0.0525
485	200.0000	173.0271	0.0000	0.0526
486	200.0000	173.0391	0.0000	0.0527
487	200.0000	172.9942	0.0000	0.0528
488	200.0000	173.2674	0.0000	0.0529
489	200.0000	173.1057	0.0000	0.0530
490	200.0000	173.1950	0.0000	0.0531
491	200.0000	173.4051	0.0000	0.0532
492	200.0000	173.3927	0.0000	0.0533
493	200.0000	173.2382	0.0000	0.0534
494	200.0000	173.4922	0.0000	0.0535
495	200.0000	173.4014	0.0000	0.0536
496	200.0000	173.4032	0.0000	0.0537
497	200.0000	173.6942	0.0000	0.0538
498	200.0000	173.4676	0.0000	0.0539
499	200.0000	173.4455	0.0000	0.0540
500	200.0000	173.7509	0.0000	0.0541
501	200.0000	173.4574	0.0000	0.0542
502	200.0000	173.6159	0.0000	0.0543
503	200.0000	173.6908	0.0000	0.0545
504	200.0000	173.5518	0.0000	0.0546
505	200.0000	173.5480	0.0000	0.0547
506	200.0000	173.6044	0.0000	0.0548
507	200.0000	173.6002	0.0000	0.0549
508	200.0000	173.6588	0.0000	0.0550
509	200.0000	173.6359	0.0000	0.0551
510	200.0000	173.5996	0.0000	0.0552
511	200.0000	173.6133	0.0000	0.0553
512	200.0000	173.8651	0.0000	0.0554
513	200.0000	173.8066	0.0000	0.0555
514	200.0000	173.6287	0.0000	0.0556
515	200.0000	173.8423	0.0000	0.0557
516	200.0000	173.8933	0.0000	0.0558
517	200.0000	173.8785	0.0000	0.0559
518	200.0000	173.8612	0.0000	0.0560
519	200.0000	173.6958	0.0000	0.0561
520	200.0000	173.7940	0.0000	0.0562
521	200.0000	173.7933	0.0000	0.0563
522	200.0000	173.8363	0.0000	0.0564
523	200.0000	173.7089	0.0000	0.0565
524	200.0000	173.8744	0.0000	0.0566
525	200.0000	173.8985	0.0000	0.0567
526	200.0000	173.8076	0.0000	0.0568
527	200.0000	173.8545	0.0000	0.0569
528	200.0000	173.8977	0.0000	0.0570
529	200.0000	173.9318	0.0000	0.0572
530	200.0000	173.9119	0.0000	0.0573
531	200.0000	173.6565	0.0000	0.0574
532	200.0000	173.6498	0.0000	0.0575
533	200.0000	173.9665	0.0000	0.0576
534	200.0000	173.8852	0.0000	0.0577
535	200.0000	173.9041	0.0000	0.0578
536	200.0000	173.9317	0.0000	0.0579
537	200.0000	173.9232	0.0000	0.0580
538	200.0000	173.9156	0.0000	0.0581
539	200.0000	173.9403	0.0000	0.0582
540	200.0000	173.7533	0.0000	0.0583
541	200.0000	173.9731	0.0000	0.0584
542	200.0000	173.7629	0.0000	0.0585
543	200.0000	173.9068	0.0000	0.0586
544	200.0000	173.7559	0.0000	0.0587
545	200.0000	173.7867	0.0000	0.0588
546	200.0000	173.9405	0.0000	0.0589
547	200.0000	173.9486	0.0000	0.0590
548	200.0000	173.9650	0.0000	0.0591
549	200.0000	173.9545	0.0000	0.0592
550	200.0000	173.9719	0.0000	0.0593
551	200.0000	173.7999	0.0000	0.0595
552	200.0000	173.7847	0.0000	0.0596
553	200.0000	173.9627	0.0000	0.0597
554	200.0000	173.8221	0.0000	0.0598
555	200.0000	173.9643	0.0000	0.0600
556	200.0000	173.9610	0.0000	0.0601
557	200.0000	173.9781	0.0000	0.0602
558	200.0000	173.9826	0.0000	0.0603
559	200.0000	173.7874	0.0000	0.0604
560	200.0000	173.7928	0.0000	0.0605
561	200.0000	173.9778	0.0000	0.0606
562	200.0000	173.9818	0.0000	0.0607
563	200.0000	173.8120	0.0000	0.0608
564	200.0000	173.8122	0.0000	0.0609
565	200.0000	173.9888	0.0000	0.0610
566	200.0000	173.7890	0.0000	0.0611
567	200.0000	173.8160	0.0000	0.0612
568	200.0000	173.8601	0.0000	0.0613
569	200.0000	173.8283	0.0000	0.0614
570	200.0000	173.9871	0.0000	0.0615
571	200.0000	173.8543	0.0000	0.0616
572	200.0000	173.9966	0.0000	0.0618
573	200.0000	173.9645	0.0000	0.0619
574	200.0000	173.8626	0.0000	0.0620
575	200.0000	173.9888	0.0000	0.0621
576	200.0000	173.9861	0.0000	0.0622
577	200.0000	173.9690	0.0000	0.0624
578	200.0000	173.9872	0.0000	0.0625
579	200.0000	173.8617	0.0000	0.0626
580	200.0000	173.9614	0.0000	0.0627
581	200.0000	173.9934	0.0000	0.0628
582	200.0000	173.9988	0.0000	0.0629
583	200.0000	173.9649	0.0000	0.0630
584	200.0000	173.9888	0.0000	0.0631
585	200.0000	173.8608	0.0000	0.0633
586	200.0000	173.8416	0.0000	0.0634
587	200.0000	173.9905	0.0000	0.0635
588	200.0000	173.9677	0.0000	0.0636
589	200.0000	173.9875	0.0000	0.0637
590	200.0000	173.9928	0.0000	0.0638
591	200.0000	173.9914	0.0000	0.0639
592	200.0000	173.9901	0.0000	0.0640
593	200.0000	173.9875	0.0000	0.0641
594	200.0000	173.9669	0.0000	0.0642
595	200.0000	173.9850	0.0000	0.0643
596	200.0000	173.9917	0.0000	0.0645
597	200.0000	173.9911	0.0000	0.0646
598	200.0000	173.9935	0.0000	0.0647
599	200.0000	173.9922	0.0000	0.0648
600	200.0000	173.9674	0.0000	0.0649
601	200.0000	171.0801	0.0000	0.0650
602	200.0000	171.1538	0.0000	0.0651
603	200.0000	172.2560	0.0000	0.0652
604	200.0000	170.8904	0.0000	0.0653
605	200.0000	171.2588	0.0000	0.0654
606	200.0000	172.1129	0.0000	0.0655
607	200.0000	171.2589	0.0000	0.0656
608	200.0000	171.7007	0.0000	0.0657
609	200.0000	171.1807	0.0000	0.0658
610	200.0000	172.4571	0.0000	0.0659
611	200.0000	172.2111	0.0000	0.0661
612	200.0000	172.5447	0.0000	0.0662
613	200.0000	172.0134	0.0000	0.0663
614	200.0000	172.6580	0.0000	0.0664
615	200.0000	171.6046	0.0000	0.0666
616	200.0000	171.9606	0.0000	0.0667
617	200.0000	173.0883	0.0000	0.0668
618	200.0000	173.0651	0.0000	0.0669
619	200.0000	172.7243	0.0000	0.0670
620	200.0000	172.8761	0.0000	0.0671
621	200.0000	172.7751	0.0000	0.0672
622	200.0000	173.3120	0.0000	0.0673
623	200.0000	173.5284	0.0000	0.0674
624	200.0000	172.9426	0.0000	0.0675
625	200.0000	173.4219	0.0000	0.0676
626	200.0000	173.7282	0.0000	0.0677
627	200.0000	173.6306	0.0000	0.0678
628	200.0000	173.6587	0.0000	0.0679
629	200.0000	173.6474	0.0000	0.0680
630	200.0000	173.7659	0.0000	0.0681
631	200.0000	173.5533	0.0000	0.0682
632	200.0000	173.5308	0.0000	0.0683
633	200.0000	173.5463	0.0000	0.0684
634	200.0000	173.7072	0.0000	0.0685
635	200.0000	173.5755	0.0000	0.0686
636	200.0000	173.6977	0.0000	0.0687
637	200.0000	173.6134	0.0000	0.0688
638	200.0000	173.8251	0.0000	0.0690
639	200.0000	173.7632	0.0000	0.0691
640	200.0000	173.7014	0.0000	0.0692
641	200.0000	173.8563	0.0000	0.0693
642	200.0000	173.8164	0.0000	0.0694
643	200.0000	173.8363	0.0000	0.0695
644	200.0000	173.9325	0.0000	0.0696
645	200.0000	173.8699	0.0000	0.0697
646	200.0000	173.9649	0.0000	0.0698
647	200.0000	173.7406	0.0000	0.0699
648	200.0000	173.5839	0.0000	0.0700
649	200.0000	173.8815	0.0000	0.0701
650	200.0000	173.9068	0.0000	0.0702
651	200.0000	173.9673	0.0000	0.0703
652	200.0000	173.9210	0.0000	0.0704
653	200.0000	173.8945	0.0000	0.0705
654	200.0000	173.7644	0.0000	0.0706
655	200.0000	173.8468	0.0000	0.0707
656	200.0000	173.9078	0.0000	0.0708
657	200.0000	173.8563	0.0000	0.0709
658	200.0000	173.9203	0.0000	0.0710
659	200.0000	173.9412	0.0000	0.0711
660	200.0000	173.9305	0.0000	0.0712
661	200.0000	173.9608	0.0000	0.0713
662	200.0000	173.9621	0.0000	0.0714
663	200.0000	173.7775	0.0000	0.0715
664	200.0000	173.8034	0.0000	0.0716
665	200.0000	173.9643	0.0000	0.0717
666	200.0000	173.9392	0.0000	0.0718
667	200.0000	173.6269	0.0000	0.0719
668	200.0000	173.7696	0.0000	0.0720
669	200.0000	173.9397	0.0000	0.0721
670	200.0000	173.9523	0.0000	0.0722
671	200.0000	173.8874	0.0000	0.0723
672	200.0000	173.7423	0.0000	0.0724
673	200.0000	173.8483	0.0000	0.0725
674	200.0000	173.9501	0.0000	0.0726
675	200.0000	173.8468	0.0000	0.0727
676	200.0000	173.8048	0.0000	0.0728
677	200.0000	173.9750	0.0000	0.0729
678	200.0000	173.9548	0.0000	0.0730
679	200.0000	173.8446	0.0000	0.0731
680	200.0000	173.8475	0.0000	0.0732
681	200.0000	173.8900	0.0000	0.0733
682	200.0000	173.8926	0.0000	0.0734
683	200.0000	173.9786	0.0000	0.0735
684	200.0000	173.7710	0.0000	0.0737
685	200.0000	173.8803	0.0000	0.0738
686	200.0000	173.9208	0.0000	0.0739
687	200.0000	173.6519	0.0000	0.0740
688	200.0000	173.8926	0.0000	0.0741
689	200.0000	173.8902	0.0000	0.0742
690	200.0000	173.9013	0.0000	0.0743
691	200.0000	173.9539	0.0000	0.0744
692	200.0000	173.8901	0.0000	0.0745
693	200.0000	173.7078	0.0000	0.0746
694	200.0000	173.9466	0.0000	0.0747
695	200.0000	173.7528	0.0000	0.0748
696	200.0000	173.9032	0.0000	0.0749
697	200.0000	173.9628	0.0000	0.0750
698	200.0000	173.7249	0.0000	0.0751
699	200.0000	173.8596	0.0000	0.0752
Pos: [30.0]

Run: 2
Iter	Gbest	AvrFit	Diver	ETime	
0	162.5000	72.6605	0.0000	0.0001
1	162.5000	84.7038	0.0000	0.0002
2	200.0000	96.8050	0.0000	0.0004
3	200.0000	94.0240	0.0000	0.0005
4	200.0000	97.1035	0.0000	0.0006
5	200.0000	101.4551	0.0000	0.0007
6	200.0000	102.1444	0.0000	0.0008
7	200.0000	100.5650	0.0000	0.0009
8	200.0000	108.5501	0.0000	0.0010
9	200.0000	104.1912	0.0000	0.0011
10	200.0000	118.9662	0.0000	0.0012
11	200.0000	114.8016	0.0000	0.0013
12	200.0000	110.0268	0.0000	0.0014
13	200.0000	118.3363	0.0000	0.0015
14	200.0000	115.7530	0.0000	0.0016
15	200.0000	124.5077	0.0000	0.0017
16	200.0000	120.2242	0.0000	0.0018
17	200.0000	127.5433	0.0000	0.0019
18	200.0000	124.4182	0.0000	0.0020
19	200.0000	131.0106	0.0000	0.0021
20	200.0000	125.5321	0.0000	0.0022
21	200.0000	126.6177	0.0000	0.0023
22	200.0000	132.4130	0.0000	0.0024
23	200.0000	133.4168	0.0000	0.0025
24	200.0000	133.9959	0.0000	0.0027
25	200.0000	135.9796	0.0000	0.0028
26	200.0000	135.2314	0.0000	0.0029
27	200.0000	136.3042	0.0000	0.0030
28	200.0000	138.1570	0.0000	0.0031
29	200.0000	137.7338	0.0000	0.0032
30	200.0000	138.6129	0.0000	0.0033
31	200.0000	134.3438	0.0000	0.0034
32	200.0000	141.8776	0.0000	0.0035
33	200.0000	139.4652	0.0000	0.0036
34	200.0000	140.1530	0.0000	0.0037
35	200.0000	139.6065	0.0000	0.0038
36	200.0000	144.3005	0.0000	0.0039
37	200.0000	141.5833	0.0000	0.0040
38	200.0000	139.5638	0.0000	0.0041
39	200.0000	141.6653	0.0000	0.0042
40	200.0000	142.1010	0.0000	0.0043
41	200.0000	144.3800	0.0000	0.0044
42	200.0000	143.9306	0.0000	0.0045
43	200.0000	145.1493	0.0000	0.0046
44	200.0000	143.5098	0.0000	0.0047
45	200.0000	144.4054	0.0000	0.0048
46	200.0000	149.2130	0.0000	0.0050
47	200.0000	146.5275	0.0000	0.0051
48	200.0000	148.2315	0.0000	0.0052
49	200.0000	150.5441	0.0000	0.0053
50	200.0000	151.8293	0.0000	0.0054
51	200.0000	151.3722	0.0000	0.0055
52	200.0000	148.7207	0.0000	0.0056
53	200.0000	150.5120	0.0000	0.0057
54	200.0000	146.8510	0.0000	0.0058
55	200.0000	146.8003	0.0000	0.0059
56	200.0000	150.3825	0.0000	0.0060
57	200.0000	148.2318	0.0000	0.0061
58	200.0000	148.3892	0.0000	0.0062
59	200.0000	148.7429	0.0000	0.0063
60	200.0000	146.7202	0.0000	0.0064
61	200.0000	151.3892	0.0000	0.0065
62	200.0000	151.4356	0.0000	0.0066
63	200.0000	150.6365	0.0000	0.0067
64	200.0000	155.0886	0.0000	0.0068
65	200.0000	149.7706	0.0000	0.0069
66	200.0000	151.0782	0.0000	0.0070
67	200.0000	150.5443	0.0000	0.0071
68	200.0000	152.5362	0.0000	0.0072
69	200.0000	149.8748	0.0000	0.0073
70	200.0000	151.2135	0.0000	0.0074
71	200.0000	150.4413	0.0000	0.0075
72	200.0000	149.2618	0.0000	0.0076
73	200.0000	150.6422	0.0000	0.0077
74	200.0000	149.1460	0.0000	0.0078
75	200.0000	151.4167	0.0000	0.0079
76	200.0000	153.2342	0.0000	0.0080
77	200.0000	150.2096	0.0000	0.0081
78	200.0000	154.8333	0.0000	0.0083
79	200.0000	155.4322	0.0000	0.0084
80	200.0000	152.4800	0.0000	0.0085
81	200.0000	154.5067	0.0000	0.0086
82	200.0000	152.9823	0.0000	0.0087
83	200.0000	153.0655	0.0000	0.0088
84	200.0000	155.7283	0.0000	0.0089
85	200.0000	153.2151	0.0000	0.0090
86	200.0000	154.0043	0.0000	0.0091
87	200.0000	155.2455	0.0000	0.0092
88	200.0000	152.7427	0.0000	0.0093
89	200.0000	153.7995	0.0000	0.0094
90	200.0000	152.0813	0.0000	0.0095
91	200.0000	152.8622	0.0000	0.0096
92	200.0000	152.9470	0.0000	0.0097
93	200.0000	155.4530	0.0000	0.0098
94	200.0000	152.9087	0.0000	0.0099
95	200.0000	153.6037	0.0000	0.0100
96	200.0000	153.2537	0.0000	0.0101
97	200.0000	153.9155	0.0000	0.0102
98	200.0000	154.1682	0.0000	0.0103
99	200.0000	156.5300	0.0000	0.0104
100	200.0000	156.0090	0.0000	0.0105
101	200.0000	154.8219	0.0000	0.0106
102	200.0000	152.8909	0.0000	0.0107
103	200.0000	153.2948	0.0000	0.0108
104	200.0000	154.9120	0.0000	0.0109
105	200.0000	155.8377	0.0000	0.0110
106	200.0000	154.8133	0.0000	0.0112
107	200.0000	153.6464	0.0000	0.0113
108	200.0000	153.7869	0.0000	0.0114
109	200.0000	157.7947	0.0000	0.0115
110	200.0000	155.0041	0.0000	0.0116
111	200.0000	156.7259	0.0000	0.0117
112	200.0000	153.6824	0.0000	0.0118
113	200.0000	155.1207	0.0000	0.0120
114	200.0000	153.6509	0.0000	0.0121
115	200.0000	154.3361	0.0000	0.0123
116	200.0000	155.9568	0.0000	0.0124
117	200.0000	156.0329	0.0000	0.0125
118	200.0000	152.8916	0.0000	0.0126
119	200.0000	152.2248	0.0000	0.0127
120	200.0000	154.5876	0.0000	0.0128
121	200.0000	153.0928	0.0000	0.0129
122	200.0000	155.4440	0.0000	0.0130
123	200.0000	157.4228	0.0000	0.0131
124	200.0000	154.9546	0.0000	0.0132
125	200.0000	157.3895	0.0000	0.0133
126	200.0000	156.2147	0.0000	0.0134
127	200.0000	154.3243	0.0000	0.0135
128	200.0000	155.5884	0.0000	0.0136
129	200.0000	154.2423	0.0000	0.0137
130	200.0000	155.9379	0.0000	0.0138
131	200.0000	157.4966	0.0000	0.0139
132	200.0000	154.8684	0.0000	0.0140
133	200.0000	156.7568	0.0000	0.0141
134	200.0000	153.9370	0.0000	0.0142
135	200.0000	154.5901	0.0000	0.0143
136	200.0000	155.2617	0.0000	0.0145
137	200.0000	156.6314	0.0000	0.0146
138	200.0000	154.3971	0.0000	0.0147
139	200.0000	154.0498	0.0000	0.0148
140	200.0000	153.8887	0.0000	0.0149
141	200.0000	154.6848	0.0000	0.0150
142	200.0000	154.4265	0.0000	0.0151
143	200.0000	155.9456	0.0000	0.0152
144	200.0000	155.3570	0.0000	0.0153
145	200.0000	156.0221	0.0000	0.0155
146	200.0000	154.5626	0.0000	0.0156
147	200.0000	153.5857	0.0000	0.0157
148	200.0000	154.6889	0.0000	0.0158
149	200.0000	156.3289	0.0000	0.0159
150	200.0000	153.9847	0.0000	0.0160
151	200.0000	166.0976	0.0000	0.0161
152	200.0000	166.0799	0.0000	0.0162
153	200.0000	167.3780	0.0000	0.0163
154	200.0000	166.7611	0.0000	0.0164
155	200.0000	167.6209	0.0000	0.0166
156	200.0000	167.0330	0.0000	0.0167
157	200.0000	167.4809	0.0000	0.0168
158	200.0000	167.8254	0.0000	0.0169
159	200.0000	168.8607	0.0000	0.0170
160	200.0000	169.4295	0.0000	0.0171
161	200.0000	168.8966	0.0000	0.0172
162	200.0000	169.9753	0.0000	0.0173
163	200.0000	168.5347	0.0000	0.0174
164	200.0000	169.5135	0.0000	0.0175
165	200.0000	169.1284	0.0000	0.0176
166	200.0000	170.4409	0.0000	0.0177
167	200.0000	170.0922	0.0000	0.0178
168	200.0000	169.3701	0.0000	0.0179
169	200.0000	170.8644	0.0000	0.0180
170	200.0000	169.9723	0.0000	0.0181
171	200.0000	170.6736	0.0000	0.0182
172	200.0000	170.4306	0.0000	0.0183
173	200.0000	170.0740	0.0000	0.0184
174	200.0000	170.2890	0.0000	0.0185
175	200.0000	170.9754	0.0000	0.0186
176	200.0000	170.6554	0.0000	0.0187
177	200.0000	170.8611	0.0000	0.0188
178	200.0000	170.9041	0.0000	0.0189
179	200.0000	170.8831	0.0000	0.0190
180	200.0000	171.3236	0.0000	0.0191
181	200.0000	170.5298	0.0000	0.0193
182	200.0000	170.8393	0.0000	0.0194
183	200.0000	171.0224	0.0000	0.0195
184	200.0000	170.8389	0.0000	0.0196
185	200.0000	171.0810	0.0000	0.0197
186	200.0000	171.4513	0.0000	0.0198
187	200.0000	170.9079	0.0000	0.0199
188	200.0000	171.3244	0.0000	0.0200
189	200.0000	170.8561	0.0000	0.0201
190	200.0000	171.2953	0.0000	0.0202
191	200.0000	170.9095	0.0000	0.0203
192	200.0000	171.5966	0.0000	0.0204
193	200.0000	171.2448	0.0000	0.0205
194	200.0000	171.4041	0.0000	0.0206
195	200.0000	171.2189	0.0000	0.0207
196	200.0000	171.5546	0.0000	0.0208
197	200.0000	171.3277	0.0000	0.0209
198	200.0000	171.4070	0.0000	0.0211
199	200.0000	171.5442	0.0000	0.0212
200	200.0000	171.5575	0.0000	0.0213
201	200.0000	171.7103	0.0000	0.0214
202	200.0000	171.5156	0.0000	0.0215
203	200.0000	171.6356	0.0000	0.0216
204	200.0000	171.6468	0.0000	0.0217
205	200.0000	171.6496	0.0000	0.0218
206	200.0000	171.4628	0.0000	0.0219
207	200.0000	171.7686	0.0000	0.0220
208	200.0000	171.8365	0.0000	0.0221
209	200.0000	171.8153	0.0000	0.0222
210	200.0000	171.8022	0.0000	0.0223
211	200.0000	171.7689	0.0000	0.0224
212	200.0000	171.7536	0.0000	0.0225
213	200.0000	171.7928	0.0000	0.0226
214	200.0000	171.6855	0.0000	0.0227
215	200.0000	171.7952	0.0000	0.0229
216	200.0000	171.8561	0.0000	0.0230
217	200.0000	171.7442	0.0000	0.0231
218	200.0000	171.9115	0.0000	0.0232
219	200.0000	171.7453	0.0000	0.0233
220	200.0000	171.7779	0.0000	0.0234
221	200.0000	171.7933	0.0000	0.0235
222	200.0000	171.8371	0.0000	0.0236
223	200.0000	171.8600	0.0000	0.0237
224	200.0000	171.8432	0.0000	0.0239
225	200.0000	171.8801	0.0000	0.0240
226	200.0000	171.9022	0.0000	0.0242
227	200.0000	171.8927	0.0000	0.0242
228	200.0000	171.8760	0.0000	0.0243
229	200.0000	171.8484	0.0000	0.0245
230	200.0000	171.9158	0.0000	0.0246
231	200.0000	171.8424	0.0000	0.0247
232	200.0000	171.8636	0.0000	0.0248
233	200.0000	171.9168	0.0000	0.0249
234	200.0000	171.8765	0.0000	0.0250
235	200.0000	171.9474	0.0000	0.0251
236	200.0000	171.7549	0.0000	0.0252
237	200.0000	171.8226	0.0000	0.0253
238	200.0000	171.9252	0.0000	0.0254
239	200.0000	171.8422	0.0000	0.0255
240	200.0000	171.8817	0.0000	0.0256
241	200.0000	171.9149	0.0000	0.0257
242	200.0000	171.8971	0.0000	0.0258
243	200.0000	171.8993	0.0000	0.0259
244	200.0000	171.9339	0.0000	0.0260
245	200.0000	171.9751	0.0000	0.0261
246	200.0000	171.8641	0.0000	0.0262
247	200.0000	171.9207	0.0000	0.0263
248	200.0000	171.9145	0.0000	0.0264
249	200.0000	171.8545	0.0000	0.0265
250	200.0000	171.9443	0.0000	0.0266
251	200.0000	171.8978	0.0000	0.0267
252	200.0000	171.9515	0.0000	0.0268
253	200.0000	171.9154	0.0000	0.0269
254	200.0000	171.9298	0.0000	0.0270
255	200.0000	171.9672	0.0000	0.0271
256	200.0000	171.9162	0.0000	0.0272
257	200.0000	171.9421	0.0000	0.0273
258	200.0000	171.9501	0.0000	0.0275
259	200.0000	171.9681	0.0000	0.0276
260	200.0000	171.9668	0.0000	0.0277
261	200.0000	171.9676	0.0000	0.0278
262	200.0000	171.9607	0.0000	0.0279
263	200.0000	171.9799	0.0000	0.0280
264	200.0000	171.9493	0.0000	0.0281
265	200.0000	171.9517	0.0000	0.0282
266	200.0000	171.9919	0.0000	0.0283
267	200.0000	171.9529	0.0000	0.0284
268	200.0000	171.9555	0.0000	0.0285
269	200.0000	171.9910	0.0000	0.0287
270	200.0000	171.9802	0.0000	0.0288
271	200.0000	171.9763	0.0000	0.0289
272	200.0000	171.9849	0.0000	0.0290
273	200.0000	171.9825	0.0000	0.0291
274	200.0000	171.9848	0.0000	0.0292
275	200.0000	171.9974	0.0000	0.0293
276	200.0000	171.9771	0.0000	0.0294
277	200.0000	171.9750	0.0000	0.0295
278	200.0000	171.9774	0.0000	0.0296
279	200.0000	171.9848	0.0000	0.0297
280	200.0000	171.9796	0.0000	0.0299
281	200.0000	171.9971	0.0000	0.0300
282	200.0000	171.9864	0.0000	0.0301
283	200.0000	171.9806	0.0000	0.0302
284	200.0000	171.9918	0.0000	0.0303
285	200.0000	171.9823	0.0000	0.0304
286	200.0000	171.9945	0.0000	0.0305
287	200.0000	171.9942	0.0000	0.0306
288	200.0000	171.9859	0.0000	0.0307
289	200.0000	171.9950	0.0000	0.0308
290	200.0000	171.9954	0.0000	0.0309
291	200.0000	171.9902	0.0000	0.0310
292	200.0000	171.9973	0.0000	0.0311
293	200.0000	171.9987	0.0000	0.0312
294	200.0000	171.9899	0.0000	0.0313
295	200.0000	171.9951	0.0000	0.0314
296	200.0000	171.9964	0.0000	0.0315
297	200.0000	171.9973	0.0000	0.0316
298	200.0000	171.9975	0.0000	0.0317
299	200.0000	171.9922	0.0000	0.0318
300	200.0000	171.9896	0.0000	0.0319
301	200.0000	166.5393	0.0000	0.0321
302	200.0000	166.9137	0.0000	0.0322
303	200.0000	166.9262	0.0000	0.0323
304	200.0000	168.0232	0.0000	0.0324
305	200.0000	168.5536	0.0000	0.0325
306	200.0000	168.6570	0.0000	0.0326
307	200.0000	168.3657	0.0000	0.0327
308	200.0000	169.5542	0.0000	0.0328
309	200.0000	170.4872	0.0000	0.0329
310	200.0000	169.2541	0.0000	0.0330
311	200.0000	169.7225	0.0000	0.0331
312	200.0000	169.2843	0.0000	0.0332
313	200.0000	169.5486	0.0000	0.0333
314	200.0000	169.8960	0.0000	0.0334
315	200.0000	170.1627	0.0000	0.0335
316	200.0000	170.1172	0.0000	0.0336
317	200.0000	169.9570	0.0000	0.0338
318	200.0000	171.1006	0.0000	0.0339
319	200.0000	170.2582	0.0000	0.0340
320	200.0000	171.1499	0.0000	0.0341
321	200.0000	171.2259	0.0000	0.0342
322	200.0000	170.8360	0.0000	0.0343
323	200.0000	170.5796	0.0000	0.0344
324	200.0000	171.3910	0.0000	0.0345
325	200.0000	170.8265	0.0000	0.0346
326	200.0000	170.3677	0.0000	0.0347
327	200.0000	171.4505	0.0000	0.0348
328	200.0000	170.4878	0.0000	0.0349
329	200.0000	171.0734	0.0000	0.0350
330	200.0000	171.0597	0.0000	0.0351
331	200.0000	170.4822	0.0000	0.0352
332	200.0000	171.3545	0.0000	0.0353
333	200.0000	171.1957	0.0000	0.0354
334	200.0000	171.1711	0.0000	0.0355
335	200.0000	171.8252	0.0000	0.0356
336	200.0000	171.3416	0.0000	0.0357
337	200.0000	171.3454	0.0000	0.0358
338	200.0000	171.3390	0.0000	0.0360
339	200.0000	171.4963	0.0000	0.0361
340	200.0000	171.4336	0.0000	0.0363
341	200.0000	171.2243	0.0000	0.0364
342	200.0000	171.4794	0.0000	0.0366
343	200.0000	171.4924	0.0000	0.0367
344	200.0000	171.1358	0.0000	0.0368
345	200.0000	171.8365	0.0000	0.0369
346	200.0000	171.6879	0.0000	0.0370
347	200.0000	171.4862	0.0000	0.0371
348	200.0000	171.6022	0.0000	0.0372
349	200.0000	171.3956	0.0000	0.0374
350	200.0000	171.8059	0.0000	0.0375
351	200.0000	171.7235	0.0000	0.0376
352	200.0000	171.4132	0.0000	0.0377
353	200.0000	171.7409	0.0000	0.0378
354	200.0000	171.8016	0.0000	0.0379
355	200.0000	171.8511	0.0000	0.0380
356	200.0000	171.7890	0.0000	0.0381
357	200.0000	171.7040	0.0000	0.0382
358	200.0000	171.8759	0.0000	0.0384
359	200.0000	171.8406	0.0000	0.0385
360	200.0000	171.8930	0.0000	0.0386
361	200.0000	171.9239	0.0000	0.0387
362	200.0000	171.9005	0.0000	0.0389
363	200.0000	171.9524	0.0000	0.0391
364	200.0000	171.7360	0.0000	0.0391
365	200.0000	171.8229	0.0000	0.0393
366	200.0000	171.8866	0.0000	0.0394
367	200.0000	171.9452	0.0000	0.0396
368	200.0000	171.9462	0.0000	0.0397
369	200.0000	171.8857	0.0000	0.0398
370	200.0000	171.9181	0.0000	0.0399
371	200.0000	171.9039	0.0000	0.0400
372	200.0000	171.9517	0.0000	0.0401
373	200.0000	171.9436	0.0000	0.0402
374	200.0000	171.9062	0.0000	0.0403
375	200.0000	171.9687	0.0000	0.0404
376	200.0000	171.9786	0.0000	0.0405
377	200.0000	171.9450	0.0000	0.0406
378	200.0000	171.9795	0.0000	0.0407
379	200.0000	171.9407	0.0000	0.0409
380	200.0000	171.9512	0.0000	0.0410
381	200.0000	171.9436	0.0000	0.0411
382	200.0000	171.9537	0.0000	0.0412
383	200.0000	171.9697	0.0000	0.0413
384	200.0000	171.9786	0.0000	0.0414
385	200.0000	171.9894	0.0000	0.0415
386	200.0000	171.9896	0.0000	0.0416
387	200.0000	171.9876	0.0000	0.0417
388	200.0000	171.9895	0.0000	0.0418
389	200.0000	171.9905	0.0000	0.0419
390	200.0000	171.9847	0.0000	0.0420
391	200.0000	171.9795	0.0000	0.0421
392	200.0000	171.9787	0.0000	0.0422
393	200.0000	171.9873	0.0000	0.0423
394	200.0000	171.9903	0.0000	0.0424
395	200.0000	171.9944	0.0000	0.0425
396	200.0000	171.9846	0.0000	0.0426
397	200.0000	171.9799	0.0000	0.0427
398	200.0000	171.9934	0.0000	0.0429
399	200.0000	171.9792	0.0000	0.0430
400	200.0000	171.9929	0.0000	0.0431
401	200.0000	171.9941	0.0000	0.0432
402	200.0000	171.9852	0.0000	0.0433
403	200.0000	171.9888	0.0000	0.0434
404	200.0000	171.9847	0.0000	0.0435
405	200.0000	171.9936	0.0000	0.0436
406	200.0000	171.9973	0.0000	0.0437
407	200.0000	171.9844	0.0000	0.0438
408	200.0000	171.9800	0.0000	0.0439
409	200.0000	171.9970	0.0000	0.0440
410	200.0000	171.9918	0.0000	0.0442
411	200.0000	171.9974	0.0000	0.0443
412	200.0000	171.9947	0.0000	0.0445
413	200.0000	171.9942	0.0000	0.0446
414	200.0000	171.9955	0.0000	0.0447
415	200.0000	171.9955	0.0000	0.0448
416	200.0000	171.9969	0.0000	0.0449
417	200.0000	171.9967	0.0000	0.0450
418	200.0000	171.9981	0.0000	0.0451
419	200.0000	171.9867	0.0000	0.0452
420	200.0000	171.9991	0.0000	0.0453
421	200.0000	171.9929	0.0000	0.0455
422	200.0000	171.9817	0.0000	0.0456
423	200.0000	171.9967	0.0000	0.0457
424	200.0000	171.9902	0.0000	0.0458
425	200.0000	171.9990	0.0000	0.0459
426	200.0000	171.9818	0.0000	0.0460
427	200.0000	171.9959	0.0000	0.0461
428	200.0000	171.9974	0.0000	0.0462
429	200.0000	171.9971	0.0000	0.0463
430	200.0000	171.9883	0.0000	0.0464
431	200.0000	171.9999	0.0000	0.0466
432	200.0000	171.9870	0.0000	0.0467
433	200.0000	171.9939	0.0000	0.0469
434	200.0000	171.9977	0.0000	0.0471
435	200.0000	171.9933	0.0000	0.0472
436	200.0000	171.9975	0.0000	0.0474
437	200.0000	171.9974	0.0000	0.0475
438	200.0000	171.9813	0.0000	0.0476
439	200.0000	171.9998	0.0000	0.0477
440	200.0000	171.9994	0.0000	0.0478
441	200.0000	171.9979	0.0000	0.0479
442	200.0000	171.9916	0.0000	0.0480
443	200.0000	171.9982	0.0000	0.0481
444	200.0000	171.9978	0.0000	0.0483
445	200.0000	171.9979	0.0000	0.0484
446	200.0000	171.9904	0.0000	0.0485
447	200.0000	171.9968	0.0000	0.0486
448	200.0000	171.9996	0.0000	0.0488
449	200.0000	171.9992	0.0000	0.0489
450	200.0000	171.9879	0.0000	0.0491
451	200.0000	172.8074	0.0000	0.0493
452	200.0000	171.0157	0.0000	0.0494
453	200.0000	171.4267	0.0000	0.0496
454	200.0000	171.2496	0.0000	0.0497
455	200.0000	171.6087	0.0000	0.0499
456	200.0000	171.7478	0.0000	0.0500
457	200.0000	171.4737	0.0000	0.0502
458	200.0000	171.9807	0.0000	0.0503
459	200.0000	171.4526	0.0000	0.0505
460	200.0000	172.0063	0.0000	0.0506
461	200.0000	171.1161	0.0000	0.0507
462	200.0000	171.5112	0.0000	0.0508
463	200.0000	172.0940	0.0000	0.0509
464	200.0000	172.2560	0.0000	0.0510
465	200.0000	171.7075	0.0000	0.0511
466	200.0000	172.1671	0.0000	0.0513
467	200.0000	171.9701	0.0000	0.0514
468	200.0000	172.1522	0.0000	0.0515
469	200.0000	171.7135	0.0000	0.0516
470	200.0000	172.5708	0.0000	0.0517
471	200.0000	172.6942	0.0000	0.0519
472	200.0000	172.8939	0.0000	0.0520
473	200.0000	172.4785	0.0000	0.0521
474	200.0000	172.7117	0.0000	0.0522
475	200.0000	172.6030	0.0000	0.0524
476	200.0000	172.8424	0.0000	0.0525
477	200.0000	173.1221	0.0000	0.0526
478	200.0000	173.0873	0.0000	0.0527
479	200.0000	172.9556	0.0000	0.0528
480	200.0000	173.4361	0.0000	0.0529
481	200.0000	173.4207	0.0000	0.0530
482	200.0000	173.1877	0.0000	0.0531
483	200.0000	173.1083	0.0000	0.0532
484	200.0000	173.2940	0.0000	0.0534
485	200.0000	173.1589	0.0000	0.0535
486	200.0000	173.3162	0.0000	0.0536
487	200.0000	173.3758	0.0000	0.0538
488	200.0000	173.1627	0.0000	0.0539
489	200.0000	173.0425	0.0000	0.0541
490	200.0000	173.5610	0.0000	0.0542
491	200.0000	172.8749	0.0000	0.0543
492	200.0000	172.9882	0.0000	0.0544
493	200.0000	173.2496	0.0000	0.0546
494	200.0000	173.4488	0.0000	0.0547
495	200.0000	173.5844	0.0000	0.0548
496	200.0000	173.5385	0.0000	0.0549
497	200.0000	173.1589	0.0000	0.0550
498	200.0000	173.1978	0.0000	0.0551
499	200.0000	173.5606	0.0000	0.0552
500	200.0000	173.0993	0.0000	0.0553
501	200.0000	173.3062	0.0000	0.0555
502	200.0000	173.6462	0.0000	0.0556
503	200.0000	173.2061	0.0000	0.0557
504	200.0000	173.2008	0.0000	0.0557
505	200.0000	173.2014	0.0000	0.0559
506	200.0000	173.6266	0.0000	0.0560
507	200.0000	173.6289	0.0000	0.0561
508	200.0000	173.1819	0.0000	0.0562
509	200.0000	173.7110	0.0000	0.0563
510	200.0000	173.5103	0.0000	0.0565
511	200.0000	173.4173	0.0000	0.0566
512	200.0000	173.6705	0.0000	0.0567
513	200.0000	173.5367	0.0000	0.0568
514	200.0000	173.6690	0.0000	0.0569
515	200.0000	173.7225	0.0000	0.0571
516	200.0000	173.6392	0.0000	0.0572
517	200.0000	173.8099	0.0000	0.0573
518	200.0000	173.7468	0.0000	0.0574
519	200.0000	173.8285	0.0000	0.0575
520	200.0000	173.8874	0.0000	0.0577
521	200.0000	173.8776	0.0000	0.0578
522	200.0000	173.7845	0.0000	0.0579
523	200.0000	173.6219	0.0000	0.0580
524	200.0000	173.7373	0.0000	0.0582
525	200.0000	173.8763	0.0000	0.0583
526	200.0000	173.7804	0.0000	0.0584
527	200.0000	173.8055	0.0000	0.0585
528	200.0000	173.8589	0.0000	0.0586
529	200.0000	173.7216	0.0000	0.0587
530	200.0000	173.7358	0.0000	0.0588
531	200.0000	173.7835	0.0000	0.0589
532	200.0000	173.8331	0.0000	0.0590
533	200.0000	173.8681	0.0000	0.0591
534	200.0000	173.8685	0.0000	0.0592
535	200.0000	173.8294	0.0000	0.0593
536	200.0000	173.8416	0.0000	0.0594
537	200.0000	173.7835	0.0000	0.0595
538	200.0000	173.9616	0.0000	0.0596
539	200.0000	173.8331	0.0000	0.0597
540	200.0000	173.8158	0.0000	0.0598
541	200.0000	173.9024	0.0000	0.0599
542	200.0000	173.9557	0.0000	0.0600
543	200.0000	173.8852	0.0000	0.0601
544	200.0000	173.9088	0.0000	0.0602
545	200.0000	173.9320	0.0000	0.0603
546	200.0000	173.9101	0.0000	0.0604
547	200.0000	173.9284	0.0000	0.0605
548	200.0000	173.9650	0.0000	0.0606
549	200.0000	173.9721	0.0000	0.0607
550	200.0000	173.8962	0.0000	0.0608
551	200.0000	173.9490	0.0000	0.0609
552	200.0000	173.9394	0.0000	0.0611
553	200.0000	173.9536	0.0000	0.0612
554	200.0000	173.9079	0.0000	0.0613
555	200.0000	173.9797	0.0000	0.0614
556	200.0000	173.9792	0.0000	0.0615
557	200.0000	173.9786	0.0000	0.0616
558	200.0000	173.9404	0.0000	0.0617
559	200.0000	173.9744	0.0000	0.0618
560	200.0000	173.9607	0.0000	0.0619
561	200.0000	173.9775	0.0000	0.0620
562	200.0000	173.9924	0.0000	0.0621
563	200.0000	173.9435	0.0000	0.0622
564	200.0000	173.9574	0.0000	0.0623
565	200.0000	173.9886	0.0000	0.0624
566	200.0000	173.9909	0.0000	0.0625
567	200.0000	173.9688	0.0000	0.0626
568	200.0000	173.9686	0.0000	0.0627
569	200.0000	173.9915	0.0000	0.0628
570	200.0000	173.9795	0.0000	0.0629
571	200.0000	173.9570	0.0000	0.0631
572	200.0000	173.9933	0.0000	0.0632
573	200.0000	173.9954	0.0000	0.0633
574	200.0000	173.9834	0.0000	0.0634
575	200.0000	173.9823	0.0000	0.0635
576	200.0000	173.9737	0.0000	0.0636
577	200.0000	173.9878	0.0000	0.0637
578	200.0000	173.9678	0.0000	0.0638
579	200.0000	173.9817	0.0000	0.0639
580	200.0000	173.9644	0.0000	0.0640
581	200.0000	173.9815	0.0000	0.0641
582	200.0000	173.9801	0.0000	0.0642
583	200.0000	173.9826	0.0000	0.0643
584	200.0000	173.9905	0.0000	0.0644
585	200.0000	173.9921	0.0000	0.0645
586	200.0000	173.9800	0.0000	0.0646
587	200.0000	173.9914	0.0000	0.0647
588	200.0000	173.9962	0.0000	0.0648
589	200.0000	173.9948	0.0000	0.0650
590	200.0000	173.9969	0.0000	0.0651
591	200.0000	173.9976	0.0000	0.0652
592	200.0000	173.9822	0.0000	0.0653
593	200.0000	173.9845	0.0000	0.0654
594	200.0000	173.9992	0.0000	0.0655
595	200.0000	173.9879	0.0000	0.0656
596	200.0000	173.9923	0.0000	0.0657
597	200.0000	173.9894	0.0000	0.0658
598	200.0000	173.9946	0.0000	0.0659
599	200.0000	173.9914	0.0000	0.0660
600	200.0000	173.9930	0.0000	0.0661
601	200.0000	170.4270	0.0000	0.0663
602	200.0000	169.6049	0.0000	0.0664
603	200.0000	168.8943	0.0000	0.0665
604	200.0000	169.9193	0.0000	0.0666
605	200.0000	169.7621	0.0000	0.0667
606	200.0000	170.8186	0.0000	0.0668
607	200.0000	170.5552	0.0000	0.0669
608	200.0000	170.9948	0.0000	0.0670
609	200.0000	171.0993	0.0000	0.0672
610	200.0000	170.6761	0.0000	0.0673
611	200.0000	172.1871	0.0000	0.0674
612	200.0000	171.9690	0.0000	0.0675
613	200.0000	171.7489	0.0000	0.0676
614	200.0000	171.3200	0.0000	0.0677
615	200.0000	171.4028	0.0000	0.0678
616	200.0000	171.5968	0.0000	0.0679
617	200.0000	172.6179	0.0000	0.0680
618	200.0000	171.1616	0.0000	0.0681
619	200.0000	172.0862	0.0000	0.0682
620	200.0000	172.6058	0.0000	0.0683
621	200.0000	172.5571	0.0000	0.0684
622	200.0000	172.1325	0.0000	0.0685
623	200.0000	172.2899	0.0000	0.0686
624	200.0000	172.7760	0.0000	0.0687
625	200.0000	172.8641	0.0000	0.0688
626	200.0000	172.7504	0.0000	0.0689
627	200.0000	172.6077	0.0000	0.0690
628	200.0000	172.7871	0.0000	0.0691
629	200.0000	172.9594	0.0000	0.0692
630	200.0000	173.2448	0.0000	0.0693
631	200.0000	173.1029	0.0000	0.0694
632	200.0000	173.2919	0.0000	0.0695
633	200.0000	173.2959	0.0000	0.0696
634	200.0000	172.8158	0.0000	0.0697
635	200.0000	173.1326	0.0000	0.0698
636	200.0000	173.0337	0.0000	0.0699
637	200.0000	172.8520	0.0000	0.0700
638	200.0000	173.1590	0.0000	0.0701
639	200.0000	173.5159	0.0000	0.0702
640	200.0000	173.0032	0.0000	0.0703
641	200.0000	173.1695	0.0000	0.0704
642	200.0000	173.3926	0.0000	0.0705
643	200.0000	173.0214	0.0000	0.0706
644	200.0000	173.1386	0.0000	0.0707
645	200.0000	173.2395	0.0000	0.0708
646	200.0000	173.4014	0.0000	0.0709
647	200.0000	173.5621	0.0000	0.0710
648	200.0000	173.5035	0.0000	0.0711
649	200.0000	173.1128	0.0000	0.0712
650	200.0000	173.0676	0.0000	0.0713
651	200.0000	173.2749	0.0000	0.0714
652	200.0000	173.6456	0.0000	0.0715
653	200.0000	173.0607	0.0000	0.0716
654	200.0000	173.4445	0.0000	0.0717
655	200.0000	173.3641	0.0000	0.0718
656	200.0000	173.3848	0.0000	0.0720
657	200.0000	173.5120	0.0000	0.0721
658	200.0000	173.3837	0.0000	0.0722
659	200.0000	173.4729	0.0000	0.0723
660	200.0000	173.3770	0.0000	0.0724
661	200.0000	173.4976	0.0000	0.0725
662	200.0000	173.6583	0.0000	0.0726
663	200.0000	173.6883	0.0000	0.0727
664	200.0000	173.4237	0.0000	0.0728
665	200.0000	173.6359	0.0000	0.0729
666	200.0000	173.6267	0.0000	0.0730
667	200.0000	173.5292	0.0000	0.0731
668	200.0000	173.6410	0.0000	0.0732
669	200.0000	173.7339	0.0000	0.0733
670	200.0000	173.4721	0.0000	0.0734
671	200.0000	173.5352	0.0000	0.0735
672	200.0000	173.6550	0.0000	0.0736
673	200.0000	173.6063	0.0000	0.0737
674	200.0000	173.7205	0.0000	0.0738
675	200.0000	173.7494	0.0000	0.0739
676	200.0000	173.7939	0.0000	0.0740
677	200.0000	173.7704	0.0000	0.0741
678	200.0000	173.7942	0.0000	0.0742
679	200.0000	173.8412	0.0000	0.0743
680	200.0000	173.6507	0.0000	0.0744
681	200.0000	173.8456	0.0000	0.0745
682	200.0000	173.8017	0.0000	0.0746
683	200.0000	173.7800	0.0000	0.0747
684	200.0000	173.6840	0.0000	0.0748
685	200.0000	173.9328	0.0000	0.0749
686	200.0000	173.8884	0.0000	0.0750
687	200.0000	173.7200	0.0000	0.0751
688	200.0000	173.8288	0.0000	0.0753
689	200.0000	173.8419	0.0000	0.0754
690	200.0000	173.8946	0.0000	0.0755
691	200.0000	173.8507	0.0000	0.0756
692	200.0000	173.8433	0.0000	0.0757
693	200.0000	173.8715	0.0000	0.0758
694	200.0000	173.8372	0.0000	0.0759
695	200.0000	173.8918	0.0000	0.0760
696	200.0000	173.8410	0.0000	0.0761
697	200.0000	173.7917	0.0000	0.0762
698	200.0000	173.8869	0.0000	0.0763
699	200.0000	173.8980	0.0000	0.0764
Pos: [30.0]

Run: 3
Iter	Gbest	AvrFit	Diver	ETime	
0	162.5000	75.3412	0.0000	0.0001
1	162.5000	77.7696	0.0000	0.0002
2	200.0000	87.8722	0.0000	0.0003
3	200.0000	74.2529	0.0000	0.0004
4	200.0000	94.9728	0.0000	0.0006
5	200.0000	96.6176	0.0000	0.0007
6	200.0000	110.0669	0.0000	0.0008
7	200.0000	108.1132	0.0000	0.0009
8	200.0000	105.2271	0.0000	0.0010
9	200.0000	106.8500	0.0000	0.0011
10	200.0000	111.4667	0.0000	0.0012
11	200.0000	111.5404	0.0000	0.0013
12	200.0000	116.9849	0.0000	0.0014
13	200.0000	121.3427	0.0000	0.0015
14	200.0000	117.4868	0.0000	0.0016
15	200.0000	121.6918	0.0000	0.0017
16	200.0000	134.5754	0.0000	0.0018
17	200.0000	132.0389	0.0000	0.0019
18	200.0000	122.3305	0.0000	0.0020
19	200.0000	128.2762	0.0000	0.0021
20	200.0000	134.1746	0.0000	0.0022
21	200.0000	132.4821	0.0000	0.0023
22	200.0000	134.1935	0.0000	0.0024
23	200.0000	136.9879	0.0000	0.0026
24	200.0000	134.9371	0.0000	0.0027
25	200.0000	134.8373	0.0000	0.0028
26	200.0000	134.7993	0.0000	0.0029
27	200.0000	142.9622	0.0000	0.0030
28	200.0000	136.0307	0.0000	0.0031
29	200.0000	137.4527	0.0000	0.0032
30	200.0000	142.7192	0.0000	0.0033
31	200.0000	137.1234	0.0000	0.0035
32	200.0000	137.7283	0.0000	0.0036
33	200.0000	141.3732	0.0000	0.0037
34	200.0000	137.1010	0.0000	0.0038
35	200.0000	138.8152	0.0000	0.0039
36	200.0000	139.8478	0.0000	0.0040
37	200.0000	145.8153	0.0000	0.0041
38	200.0000	147.0449	0.0000	0.0043
39	200.0000	140.5443	0.0000	0.0044
40	200.0000	148.2640	0.0000	0.0045
41	200.0000	145.6322	0.0000	0.0046
42	200.0000	143.2926	0.0000	0.0047
43	200.0000	148.8323	0.0000	0.0048
44	200.0000	149.0643	0.0000	0.0049
45	200.0000	149.9238	0.0000	0.0050
46	200.0000	149.6605	0.0000	0.0051
47	200.0000	148.9594	0.0000	0.0052
48	200.0000	154.1226	0.0000	0.0053
49	200.0000	152.6896	0.0000	0.0054
50	200.0000	151.5007	0.0000	0.0055
51	200.0000	149.9104	0.0000	0.0056
52	200.0000	154.5566	0.0000	0.0057
53	200.0000	149.8074	0.0000	0.0058
54	200.0000	152.8484	0.0000	0.0059
55	200.0000	150.6045	0.0000	0.0060
56	200.0000	153.9064	0.0000	0.0061
57	200.0000	149.3273	0.0000	0.0062
58	200.0000	150.4448	0.0000	0.0063
59	200.0000	150.7515	0.0000	0.0064
60	200.0000	150.9586	0.0000	0.0065
61	200.0000	154.2568	0.0000	0.0066
62	200.0000	151.0311	0.0000	0.0067
63	200.0000	153.0444	0.0000	0.0068
64	200.0000	152.6927	0.0000	0.0069
65	200.0000	151.9659	0.0000	0.0070
66	200.0000	156.0038	0.0000	0.0071
67	200.0000	152.7047	0.0000	0.0072
68	200.0000	156.2042	0.0000	0.0073
69	200.0000	155.2113	0.0000	0.0074
70	200.0000	152.7914	0.0000	0.0075
71	200.0000	155.6309	0.0000	0.0076
72	200.0000	152.0214	0.0000	0.0077
73	200.0000	154.0700	0.0000	0.0078
74	200.0000	156.6766	0.0000	0.0079
75	200.0000	154.3982	0.0000	0.0080
76	200.0000	156.9978	0.0000	0.0081
77	200.0000	154.1296	0.0000	0.0082
78	200.0000	155.6839	0.0000	0.0083
79	200.0000	155.8238	0.0000	0.0084
80	200.0000	155.8566	0.0000	0.0085
81	200.0000	156.4293	0.0000	0.0086
82	200.0000	155.1992	0.0000	0.0087
83	200.0000	154.6009	0.0000	0.0088
84	200.0000	156.1009	0.0000	0.0089
85	200.0000	157.3815	0.0000	0.0090
86	200.0000	153.9861	0.0000	0.0092
87	200.0000	154.5392	0.0000	0.0093
88	200.0000	154.8801	0.0000	0.0094
89	200.0000	156.7437	0.0000	0.0095
90	200.0000	157.1295	0.0000	0.0096
91	200.0000	155.8885	0.0000	0.0097
92	200.0000	157.9197	0.0000	0.0098
93	200.0000	155.9391	0.0000	0.0099
94	200.0000	156.7079	0.0000	0.0100
95	200.0000	155.9289	0.0000	0.0101
96	200.0000	156.9048	0.0000	0.0102
97	200.0000	159.1402	0.0000	0.0103
98	200.0000	157.7208	0.0000	0.0104
99	200.0000	156.4646	0.0000	0.0105
100	200.0000	157.6909	0.0000	0.0106
101	200.0000	157.4170	0.0000	0.0107
102	200.0000	156.8548	0.0000	0.0108
103	200.0000	156.2358	0.0000	0.0109
104	200.0000	157.2232	0.0000	0.0110
105	200.0000	155.7214	0.0000	0.0111
106	200.0000	156.9897	0.0000	0.0112
107	200.0000	156.4970	0.0000	0.0113
108	200.0000	157.0689	0.0000	0.0114
109	200.0000	156.7580	0.0000	0.0115
110	200.0000	157.6072	0.0000	0.0116
111	200.0000	156.8402	0.0000	0.0118
112	200.0000	157.5256	0.0000	0.0119
113	200.0000	158.6089	0.0000	0.0120
114	200.0000	155.6548	0.0000	0.0121
115	200.0000	157.6300	0.0000	0.0122
116	200.0000	155.8910	0.0000	0.0123
117	200.0000	156.5729	0.0000	0.0124
118	200.0000	158.2005	0.0000	0.0125
119	200.0000	157.1222	0.0000	0.0126
120	200.0000	157.4275	0.0000	0.0127
121	200.0000	156.9315	0.0000	0.0128
122	200.0000	158.9154	0.0000	0.0129
123	200.0000	157.0078	0.0000	0.0130
124	200.0000	159.1202	0.0000	0.0131
125	200.0000	159.1846	0.0000	0.0132
126	200.0000	157.3378	0.0000	0.0133
127	200.0000	157.3637	0.0000	0.0134
128	200.0000	157.6094	0.0000	0.0135
129	200.0000	157.7810	0.0000	0.0136
130	200.0000	157.2929	0.0000	0.0137
131	200.0000	158.3704	0.0000	0.0138
132	200.0000	156.2467	0.0000	0.0139
133	200.0000	158.2513	0.0000	0.0140
134	200.0000	157.8444	0.0000	0.0141
135	200.0000	158.6454	0.0000	0.0142
136	200.0000	157.7476	0.0000	0.0143
137	200.0000	157.4189	0.0000	0.0144
138	200.0000	158.8624	0.0000	0.0145
139	200.0000	157.1994	0.0000	0.0146
140	200.0000	158.2028	0.0000	0.0147
141	200.0000	158.3915	0.0000	0.0148
142	200.0000	157.7857	0.0000	0.0150
143	200.0000	158.8430	0.0000	0.0151
144	200.0000	157.8816	0.0000	0.0152
145	200.0000	157.2788	0.0000	0.0153
146	200.0000	157.0181	0.0000	0.0154
147	200.0000	156.4814	0.0000	0.0155
148	200.0000	156.8569	0.0000	0.0156
149	200.0000	157.2410	0.0000	0.0157
150	200.0000	158.3595	0.0000	0.0158
151	200.0000	175.5439	0.0000	0.0159
152	200.0000	175.8866	0.0000	0.0160
153	200.0000	175.5185	0.0000	0.0161
154	200.0000	175.9918	0.0000	0.0162
155	200.0000	176.4956	0.0000	0.0163
156	200.0000	176.0333	0.0000	0.0165
157	200.0000	176.2143	0.0000	0.0166
158	200.0000	176.3149	0.0000	0.0167
159	200.0000	177.1739	0.0000	0.0168
160	200.0000	176.5627	0.0000	0.0169
161	200.0000	176.3824	0.0000	0.0170
162	200.0000	177.6436	0.0000	0.0171
163	200.0000	176.9046	0.0000	0.0172
164	200.0000	176.6295	0.0000	0.0173
165	200.0000	177.0062	0.0000	0.0174
166	200.0000	177.2129	0.0000	0.0175
167	200.0000	177.1460	0.0000	0.0176
168	200.0000	176.4998	0.0000	0.0177
169	200.0000	176.3765	0.0000	0.0178
170	200.0000	178.1118	0.0000	0.0179
171	200.0000	177.8650	0.0000	0.0180
172	200.0000	177.8289	0.0000	0.0181
173	200.0000	177.6507	0.0000	0.0182
174	200.0000	177.8007	0.0000	0.0183
175	200.0000	178.1623	0.0000	0.0184
176	200.0000	177.5565	0.0000	0.0185
177	200.0000	177.5122	0.0000	0.0186
178	200.0000	177.9367	0.0000	0.0187
179	200.0000	178.4600	0.0000	0.0188
180	200.0000	177.7721	0.0000	0.0189
181	200.0000	178.3394	0.0000	0.0190
182	200.0000	178.0930	0.0000	0.0191
183	200.0000	178.0076	0.0000	0.0192
184	200.0000	178.5341	0.0000	0.0193
185	200.0000	178.6857	0.0000	0.0194
186	200.0000	178.3859	0.0000	0.0195
187	200.0000	178.2172	0.0000	0.0196
188	200.0000	178.6945	0.0000	0.0197
189	200.0000	177.8290	0.0000	0.0198
190	200.0000	178.3742	0.0000	0.0199
191	200.0000	178.7021	0.0000	0.0200
192	200.0000	178.0889	0.0000	0.0202
193	200.0000	178.2389	0.0000	0.0203
194	200.0000	178.7362	0.0000	0.0204
195	200.0000	178.1875	0.0000	0.0205
196	200.0000	178.5118	0.0000	0.0206
197	200.0000	178.9677	0.0000	0.0207
198	200.0000	178.7403	0.0000	0.0208
199	200.0000	178.5571	0.0000	0.0209
200	200.0000	178.5979	0.0000	0.0210
201	200.0000	178.6184	0.0000	0.0211
202	200.0000	178.4706	0.0000	0.0212
203	200.0000	178.6900	0.0000	0.0213
204	200.0000	178.7459	0.0000	0.0214
205	200.0000	178.8261	0.0000	0.0215
206	200.0000	179.0073	0.0000	0.0216
207	200.0000	178.8072	0.0000	0.0217
208	200.0000	179.0263	0.0000	0.0218
209	200.0000	178.9151	0.0000	0.0219
210	200.0000	178.9676	0.0000	0.0220
211	200.0000	178.7523	0.0000	0.0221
212	200.0000	178.9144	0.0000	0.0222
213	200.0000	178.8129	0.0000	0.0223
214	200.0000	179.0690	0.0000	0.0224
215	200.0000	179.0576	0.0000	0.0225
216	200.0000	178.9726	0.0000	0.0226
217	200.0000	178.7887	0.0000	0.0227
218	200.0000	178.9074	0.0000	0.0228
219	200.0000	178.9429	0.0000	0.0229
220	200.0000	179.0752	0.0000	0.0230
221	200.0000	178.9854	0.0000	0.0231
222	200.0000	179.0121	0.0000	0.0232
223	200.0000	178.8636	0.0000	0.0233
224	200.0000	178.9107	0.0000	0.0234
225	200.0000	178.9210	0.0000	0.0235
226	200.0000	178.9339	0.0000	0.0236
227	200.0000	179.1262	0.0000	0.0237
228	200.0000	178.9684	0.0000	0.0238
229	200.0000	178.8536	0.0000	0.0240
230	200.0000	179.1430	0.0000	0.0241
231	200.0000	178.9439	0.0000	0.0242
232	200.0000	179.0187	0.0000	0.0243
233	200.0000	179.1728	0.0000	0.0244
234	200.0000	178.9955	0.0000	0.0245
235	200.0000	179.0158	0.0000	0.0246
236	200.0000	179.0094	0.0000	0.0247
237	200.0000	179.0317	0.0000	0.0248
238	200.0000	179.1472	0.0000	0.0249
239	200.0000	179.0333	0.0000	0.0250
240	200.0000	179.0494	0.0000	0.0251
241	200.0000	179.1589	0.0000	0.0252
242	200.0000	179.0370	0.0000	0.0253
243	200.0000	179.1630	0.0000	0.0254
244	200.0000	179.0073	0.0000	0.0255
245	200.0000	179.1631	0.0000	0.0256
246	200.0000	179.1678	0.0000	0.0257
247	200.0000	179.1528	0.0000	0.0258
248	200.0000	179.0605	0.0000	0.0259
249	200.0000	179.1615	0.0000	0.0260
250	200.0000	179.0608	0.0000	0.0261
251	200.0000	179.0586	0.0000	0.0262
252	200.0000	179.1702	0.0000	0.0263
253	200.0000	179.0610	0.0000	0.0264
254	200.0000	179.1921	0.0000	0.0265
255	200.0000	179.1002	0.0000	0.0266
256	200.0000	179.0394	0.0000	0.0267
257	200.0000	179.1731	0.0000	0.0268
258	200.0000	179.1025	0.0000	0.0269
259	200.0000	179.1933	0.0000	0.0271
260	200.0000	179.1381	0.0000	0.0272
261	200.0000	179.1919	0.0000	0.0273
262	200.0000	179.1765	0.0000	0.0274
263	200.0000	179.1758	0.0000	0.0275
264	200.0000	179.1739	0.0000	0.0276
265	200.0000	179.1771	0.0000	0.0277
266	200.0000	179.1951	0.0000	0.0278
267	200.0000	179.1441	0.0000	0.0279
268	200.0000	179.1974	0.0000	0.0280
269	200.0000	179.1569	0.0000	0.0281
270	200.0000	179.1850	0.0000	0.0282
271	200.0000	179.1859	0.0000	0.0283
272	200.0000	179.1450	0.0000	0.0284
273	200.0000	179.1720	0.0000	0.0286
274	200.0000	179.1858	0.0000	0.0287
275	200.0000	179.1845	0.0000	0.0289
276	200.0000	179.1774	0.0000	0.0290
277	200.0000	179.1795	0.0000	0.0291
278	200.0000	179.1990	0.0000	0.0292
279	200.0000	179.1980	0.0000	0.0293
280	200.0000	179.1891	0.0000	0.0294
281	200.0000	179.1802	0.0000	0.0295
282	200.0000	179.1983	0.0000	0.0296
283	200.0000	179.1384	0.0000	0.0297
284	200.0000	179.1477	0.0000	0.0299
285	200.0000	179.1574	0.0000	0.0300
286	200.0000	179.1834	0.0000	0.0301
287	200.0000	179.1981	0.0000	0.0302
288	200.0000	179.1989	0.0000	0.0303
289	200.0000	179.1533	0.0000	0.0304
290	200.0000	179.1948	0.0000	0.0305
291	200.0000	179.1589	0.0000	0.0306
292	200.0000	179.1904	0.0000	0.0307
293	200.0000	179.1982	0.0000	0.0308
294	200.0000	179.1980	0.0000	0.0309
295	200.0000	179.1549	0.0000	0.0310
296	200.0000	179.1554	0.0000	0.0312
297	200.0000	179.1913	0.0000	0.0313
298	200.0000	179.1912	0.0000	0.0314
299	200.0000	179.1948	0.0000	0.0315
300	200.0000	179.1941	0.0000	0.0316
301	200.0000	179.4981	0.0000	0.0317
302	200.0000	180.0324	0.0000	0.0318
303	200.0000	179.8552	0.0000	0.0319
304	200.0000	179.2866	0.0000	0.0321
305	200.0000	181.1455	0.0000	0.0322
306	200.0000	182.5145	0.0000	0.0323
307	200.0000	181.9400	0.0000	0.0324
308	200.0000	182.2360	0.0000	0.0325
309	200.0000	182.8236	0.0000	0.0327
310	200.0000	182.2639	0.0000	0.0328
311	200.0000	180.2273	0.0000	0.0329
312	200.0000	182.1565	0.0000	0.0331
313	200.0000	182.1890	0.0000	0.0332
314	200.0000	180.9421	0.0000	0.0334
315	200.0000	182.7310	0.0000	0.0335
316	200.0000	181.9516	0.0000	0.0336
317	200.0000	182.9485	0.0000	0.0337
318	200.0000	183.4353	0.0000	0.0338
319	200.0000	183.9953	0.0000	0.0339
320	200.0000	183.0260	0.0000	0.0340
321	200.0000	183.5621	0.0000	0.0341
322	200.0000	183.9279	0.0000	0.0342
323	200.0000	184.0642	0.0000	0.0343
324	200.0000	183.8124	0.0000	0.0344
325	200.0000	184.4123	0.0000	0.0345
326	200.0000	185.0579	0.0000	0.0347
327	200.0000	185.2255	0.0000	0.0348
328	200.0000	185.0153	0.0000	0.0350
329	200.0000	184.7023	0.0000	0.0351
330	200.0000	184.6789	0.0000	0.0352
331	200.0000	184.9858	0.0000	0.0354
332	200.0000	184.4265	0.0000	0.0354
333	200.0000	183.7590	0.0000	0.0355
334	200.0000	185.2723	0.0000	0.0356
335	200.0000	184.9801	0.0000	0.0358
336	200.0000	184.4741	0.0000	0.0360
337	200.0000	185.1196	0.0000	0.0361
338	200.0000	185.0663	0.0000	0.0362
339	200.0000	184.6747	0.0000	0.0363
340	200.0000	184.4624	0.0000	0.0364
341	200.0000	185.5908	0.0000	0.0365
342	200.0000	185.1577	0.0000	0.0366
343	200.0000	184.7004	0.0000	0.0367
344	200.0000	184.5341	0.0000	0.0368
345	200.0000	185.4527	0.0000	0.0369
346	200.0000	185.1913	0.0000	0.0370
347	200.0000	185.2910	0.0000	0.0371
348	200.0000	185.6430	0.0000	0.0373
349	200.0000	184.7015	0.0000	0.0374
350	200.0000	185.3952	0.0000	0.0375
351	200.0000	185.3980	0.0000	0.0376
352	200.0000	185.3821	0.0000	0.0377
353	200.0000	185.2854	0.0000	0.0378
354	200.0000	185.8553	0.0000	0.0379
355	200.0000	185.2256	0.0000	0.0380
356	200.0000	185.6694	0.0000	0.0381
357	200.0000	185.3760	0.0000	0.0382
358	200.0000	185.8260	0.0000	0.0383
359	200.0000	185.8207	0.0000	0.0384
360	200.0000	185.2717	0.0000	0.0385
361	200.0000	185.7784	0.0000	0.0386
362	200.0000	185.2056	0.0000	0.0387
363	200.0000	185.1523	0.0000	0.0388
364	200.0000	185.3906	0.0000	0.0389
365	200.0000	185.6192	0.0000	0.0390
366	200.0000	185.5047	0.0000	0.0391
367	200.0000	185.6500	0.0000	0.0392
368	200.0000	186.0940	0.0000	0.0393
369	200.0000	185.8560	0.0000	0.0394
370	200.0000	186.1271	0.0000	0.0395
371	200.0000	185.8309	0.0000	0.0396
372	200.0000	185.8584	0.0000	0.0397
373	200.0000	186.0098	0.0000	0.0398
374	200.0000	186.1264	0.0000	0.0399
375	200.0000	186.0808	0.0000	0.0400
376	200.0000	186.0681	0.0000	0.0401
377	200.0000	186.1243	0.0000	0.0402
378	200.0000	186.2012	0.0000	0.0403
379	200.0000	185.9364	0.0000	0.0405
380	200.0000	185.8572	0.0000	0.0406
381	200.0000	185.8965	0.0000	0.0407
382	200.0000	186.2088	0.0000	0.0408
383	200.0000	186.1042	0.0000	0.0409
384	200.0000	186.1374	0.0000	0.0410
385	200.0000	186.0636	0.0000	0.0411
386	200.0000	186.0107	0.0000	0.0412
387	200.0000	186.2586	0.0000	0.0413
388	200.0000	186.1418	0.0000	0.0414
389	200.0000	186.1960	0.0000	0.0415
390	200.0000	186.0786	0.0000	0.0416
391	200.0000	186.3026	0.0000	0.0417
392	200.0000	186.1386	0.0000	0.0418
393	200.0000	186.2188	0.0000	0.0419
394	200.0000	186.2545	0.0000	0.0420
395	200.0000	186.1877	0.0000	0.0421
396	200.0000	186.3120	0.0000	0.0422
397	200.0000	186.2043	0.0000	0.0423
398	200.0000	186.2607	0.0000	0.0424
399	200.0000	186.3103	0.0000	0.0425
400	200.0000	186.1944	0.0000	0.0426
401	200.0000	186.2811	0.0000	0.0427
402	200.0000	186.3566	0.0000	0.0428
403	200.0000	186.2882	0.0000	0.0430
404	200.0000	186.2857	0.0000	0.0431
405	200.0000	186.3050	0.0000	0.0432
406	200.0000	186.2288	0.0000	0.0433
407	200.0000	186.2121	0.0000	0.0434
408	200.0000	186.3118	0.0000	0.0435
409	200.0000	186.3395	0.0000	0.0436
410	200.0000	186.3600	0.0000	0.0437
411	200.0000	186.3102	0.0000	0.0438
412	200.0000	186.3567	0.0000	0.0439
413	200.0000	186.2960	0.0000	0.0440
414	200.0000	186.3535	0.0000	0.0441
415	200.0000	186.3356	0.0000	0.0442
416	200.0000	186.3726	0.0000	0.0443
417	200.0000	186.3306	0.0000	0.0444
418	200.0000	186.3483	0.0000	0.0445
419	200.0000	186.3628	0.0000	0.0446
420	200.0000	186.3307	0.0000	0.0447
421	200.0000	186.3513	0.0000	0.0448
422	200.0000	186.3502	0.0000	0.0449
423	200.0000	186.3210	0.0000	0.0450
424	200.0000	186.3811	0.0000	0.0451
425	200.0000	186.3828	0.0000	0.0452
426	200.0000	186.3639	0.0000	0.0453
427	200.0000	186.3797	0.0000	0.0454
428	200.0000	186.3462	0.0000	0.0455
429	200.0000	186.3404	0.0000	0.0456
430	200.0000	186.3592	0.0000	0.0457
431	200.0000	186.3699	0.0000	0.0458
432	200.0000	186.3592	0.0000	0.0459
433	200.0000	186.3860	0.0000	0.0461
434	200.0000	186.3697	0.0000	0.0462
435	200.0000	186.3828	0.0000	0.0463
436	200.0000	186.3857	0.0000	0.0464
437	200.0000	186.3773	0.0000	0.0465
438	200.0000	186.3854	0.0000	0.0466
439	200.0000	186.3642	0.0000	0.0467
440	200.0000	186.3787	0.0000	0.0468
441	200.0000	186.3836	0.0000	0.0469
442	200.0000	186.3681	0.0000	0.0470
443	200.0000	186.3837	0.0000	0.0471
444	200.0000	186.3785	0.0000	0.0472
445	200.0000	186.3795	0.0000	0.0473
446	200.0000	186.3740	0.0000	0.0474
447	200.0000	186.3883	0.0000	0.0475
448	200.0000	186.3828	0.0000	0.0476
449	200.0000	186.3697	0.0000	0.0477
450	200.0000	186.3740	0.0000	0.0478
451	200.0000	195.5578	0.0000	0.0479
452	200.0000	194.8091	0.0000	0.0481
453	200.0000	194.6288	0.0000	0.0482
454	200.0000	194.4935	0.0000	0.0483
455	200.0000	195.0610	0.0000	0.0484
456	200.0000	195.2210	0.0000	0.0485
457	200.0000	195.9736	0.0000	0.0486
458	200.0000	196.0489	0.0000	0.0487
459	200.0000	196.1527	0.0000	0.0488
460	200.0000	196.1232	0.0000	0.0489
461	200.0000	196.1690	0.0000	0.0490
462	200.0000	196.1010	0.0000	0.0491
463	200.0000	197.0060	0.0000	0.0492
464	200.0000	197.1865	0.0000	0.0493
465	200.0000	197.0046	0.0000	0.0494
466	200.0000	196.9650	0.0000	0.0495
467	200.0000	197.1477	0.0000	0.0496
468	200.0000	196.9867	0.0000	0.0497
469	200.0000	197.7341	0.0000	0.0499
470	200.0000	197.2409	0.0000	0.0500
471	200.0000	197.6037	0.0000	0.0501
472	200.0000	197.7622	0.0000	0.0502
473	200.0000	197.4457	0.0000	0.0503
474	200.0000	198.1077	0.0000	0.0504
475	200.0000	198.1869	0.0000	0.0505
476	200.0000	197.8508	0.0000	0.0506
477	200.0000	198.7844	0.0000	0.0507
478	200.0000	198.5320	0.0000	0.0508
479	200.0000	197.7464	0.0000	0.0509
480	200.0000	198.1303	0.0000	0.0510
481	200.0000	198.4045	0.0000	0.0511
482	200.0000	198.3521	0.0000	0.0512
483	200.0000	198.0147	0.0000	0.0513
484	200.0000	198.5018	0.0000	0.0514
485	200.0000	199.0889	0.0000	0.0515
486	200.0000	198.5259	0.0000	0.0516
487	200.0000	198.5848	0.0000	0.0517
488	200.0000	198.0505	0.0000	0.0519
489	200.0000	198.8237	0.0000	0.0520
490	200.0000	199.0481	0.0000	0.0521
491	200.0000	198.7405	0.0000	0.0522
492	200.0000	198.8631	0.0000	0.0523
493	200.0000	198.1276	0.0000	0.0524
494	200.0000	198.5365	0.0000	0.0525
495	200.0000	197.9661	0.0000	0.0526
496	200.0000	198.6537	0.0000	0.0527
497	200.0000	198.5800	0.0000	0.0528
498	200.0000	199.1646	0.0000	0.0529
499	200.0000	198.3861	0.0000	0.0530
500	200.0000	198.4770	0.0000	0.0531
501	200.0000	199.3077	0.0000	0.0532
502	200.0000	199.0650	0.0000	0.0533
503	200.0000	198.5394	0.0000	0.0535
504	200.0000	199.2874	0.0000	0.0536
505	200.0000	198.6964	0.0000	0.0537
506	200.0000	198.8850	0.0000	0.0538
507	200.0000	198.8223	0.0000	0.0539
508	200.0000	199.1187	0.0000	0.0540
509	200.0000	199.4091	0.0000	0.0541
510	200.0000	199.0253	0.0000	0.0542
511	200.0000	199.1785	0.0000	0.0543
512	200.0000	199.4025	0.0000	0.0544
513	200.0000	198.6266	0.0000	0.0545
514	200.0000	198.7793	0.0000	0.0546
515	200.0000	198.8325	0.0000	0.0547
516	200.0000	199.2894	0.0000	0.0548
517	200.0000	199.6737	0.0000	0.0549
518	200.0000	199.0989	0.0000	0.0550
519	200.0000	199.3488	0.0000	0.0551
520	200.0000	199.8051	0.0000	0.0552
521	200.0000	199.4827	0.0000	0.0554
522	200.0000	198.7888	0.0000	0.0555
523	200.0000	199.6186	0.0000	0.0556
524	200.0000	199.3022	0.0000	0.0557
525	200.0000	199.3981	0.0000	0.0558
526	200.0000	199.1928	0.0000	0.0559
527	200.0000	199.4489	0.0000	0.0560
528	200.0000	199.2221	0.0000	0.0562
529	200.0000	199.4128	0.0000	0.0563
530	200.0000	199.7058	0.0000	0.0564
531	200.0000	199.5390	0.0000	0.0565
532	200.0000	199.5510	0.0000	0.0566
533	200.0000	199.4673	0.0000	0.0567
534	200.0000	199.7975	0.0000	0.0568
535	200.0000	199.4407	0.0000	0.0570
536	200.0000	199.7407	0.0000	0.0571
537	200.0000	199.7692	0.0000	0.0572
538	200.0000	199.7170	0.0000	0.0573
539	200.0000	199.5612	0.0000	0.0575
540	200.0000	199.6762	0.0000	0.0576
541	200.0000	199.8209	0.0000	0.0578
542	200.0000	199.6923	0.0000	0.0579
543	200.0000	199.7677	0.0000	0.0581
544	200.0000	199.5610	0.0000	0.0582
545	200.0000	199.7259	0.0000	0.0583
546	200.0000	199.7323	0.0000	0.0584
547	200.0000	199.7217	0.0000	0.0585
548	200.0000	199.8041	0.0000	0.0587
549	200.0000	199.5882	0.0000	0.0588
550	200.0000	199.6971	0.0000	0.0589
551	200.0000	199.6611	0.0000	0.0590
552	200.0000	199.8258	0.0000	0.0591
553	200.0000	199.7717	0.0000	0.0592
554	200.0000	199.7966	0.0000	0.0593
555	200.0000	199.7941	0.0000	0.0594
556	200.0000	199.7893	0.0000	0.0595
557	200.0000	199.8364	0.0000	0.0597
558	200.0000	199.8298	0.0000	0.0598
559	200.0000	199.8487	0.0000	0.0599
560	200.0000	199.7794	0.0000	0.0600
561	200.0000	199.9366	0.0000	0.0601
562	200.0000	199.9010	0.0000	0.0602
563	200.0000	199.8567	0.0000	0.0603
564	200.0000	199.9257	0.0000	0.0604
565	200.0000	199.9153	0.0000	0.0605
566	200.0000	199.8761	0.0000	0.0606
567	200.0000	199.8666	0.0000	0.0608
568	200.0000	199.8837	0.0000	0.0609
569	200.0000	199.8685	0.0000	0.0610
570	200.0000	199.9103	0.0000	0.0611
571	200.0000	199.8955	0.0000	0.0612
572	200.0000	199.8687	0.0000	0.0613
573	200.0000	199.9128	0.0000	0.0614
574	200.0000	199.8970	0.0000	0.0615
575	200.0000	199.9690	0.0000	0.0616
576	200.0000	199.8933	0.0000	0.0617
577	200.0000	199.9100	0.0000	0.0618
578	200.0000	199.9232	0.0000	0.0619
579	200.0000	199.9114	0.0000	0.0620
