ID: CF4	Date: 2019-04-29 20:33:40	Runs: 1
=================================================================================================================
Run: 0
Iter	Gbest	AvrFit	Diver	ETime	
0	-689.0262	-1447.3514	0.0000	0.0135
1	-689.0262	-1403.2279	0.0000	0.0239
2	-689.0262	-1367.8443	0.0000	0.0344
3	-689.0262	-1323.3997	0.0000	0.0451
4	-637.2451	-1273.2737	0.0000	0.0558
5	-461.9976	-1230.8477	0.0000	0.0660
6	-453.8621	-1148.2486	0.0000	0.0766
7	-414.8066	-1107.9342	0.0000	0.0872
8	-401.6977	-1124.1583	0.0000	0.0929
9	-377.3384	-1048.2484	0.0000	0.0983
10	-321.7983	-1006.2766	0.0000	0.1033
11	-278.3033	-990.0438	0.0000	0.1083
12	-278.3033	-983.4600	0.0000	0.1138
13	-278.3033	-931.1078	0.0000	0.1200
14	-277.0021	-879.4842	0.0000	0.1256
15	-125.5057	-864.5296	0.0000	0.1319
16	-125.5057	-850.9671	0.0000	0.1374
17	-125.5057	-804.7743	0.0000	0.1431
18	-125.5057	-795.2434	0.0000	0.1485
19	-125.5057	-754.1246	0.0000	0.1555
20	-125.5057	-726.9051	0.0000	0.1618
21	-125.5057	-736.1480	0.0000	0.1681
22	-125.5057	-708.4342	0.0000	0.1740
23	-125.5057	-671.9272	0.0000	0.1798
24	-125.5057	-673.7733	0.0000	0.1866
25	-116.4969	-625.3560	0.0000	0.1931
26	-90.6092	-617.7051	0.0000	0.1988
27	-90.6092	-619.6715	0.0000	0.2047
28	-89.9474	-596.3922	0.0000	0.2111
29	-89.9474	-592.1647	0.0000	0.2177
30	-82.1231	-577.1978	0.0000	0.2270
31	-82.1231	-548.2509	0.0000	0.2371
32	-82.1231	-534.0703	0.0000	0.2473
33	-74.0823	-570.6243	0.0000	0.2577
34	-70.4724	-535.2982	0.0000	0.2682
35	-70.4724	-534.0024	0.0000	0.2783
36	-59.7152	-492.3758	0.0000	0.2881
37	-59.7152	-514.2499	0.0000	0.2948
38	-51.3706	-474.9396	0.0000	0.3040
39	-39.5182	-444.9038	0.0000	0.3135
40	-39.5182	-435.7007	0.0000	0.3200
41	-36.8335	-433.7725	0.0000	0.3267
42	-36.8335	-440.4655	0.0000	0.3356
43	-36.5119	-381.0846	0.0000	0.3454
44	-36.5119	-409.3044	0.0000	0.3544
45	-28.4276	-402.1140	0.0000	0.3637
46	-28.4276	-401.9503	0.0000	0.3728
47	-28.4276	-418.8378	0.0000	0.3821
48	-25.5690	-392.7564	0.0000	0.3914
49	-25.5690	-403.7018	0.0000	0.4014
50	-25.5690	-383.2415	0.0000	0.4112
51	-25.5690	-372.6524	0.0000	0.4210
52	-25.5690	-378.3359	0.0000	0.4291
53	-25.5690	-394.3771	0.0000	0.4357
54	-25.5690	-370.5024	0.0000	0.4420
55	-24.5703	-354.2302	0.0000	0.4501
56	-24.5703	-324.9656	0.0000	0.4569
57	-24.5703	-306.6578	0.0000	0.4624
58	-24.5703	-341.7402	0.0000	0.4685
59	-24.1194	-303.8186	0.0000	0.4749
60	-24.1194	-339.1568	0.0000	0.4836
61	-24.1194	-333.7345	0.0000	0.4932
62	-24.1194	-334.8836	0.0000	0.5037
63	-24.1194	-300.6487	0.0000	0.5135
64	-24.1194	-318.3099	0.0000	0.5238
65	-24.1194	-313.3611	0.0000	0.5332
66	-24.1194	-308.5128	0.0000	0.5429
67	-23.8605	-308.8278	0.0000	0.5525
68	-21.2188	-300.8006	0.0000	0.5622
69	-21.2188	-321.7454	0.0000	0.5721
70	-21.2188	-308.9403	0.0000	0.5811
71	-21.2188	-291.6771	0.0000	0.5903
72	-21.2188	-295.2625	0.0000	0.6000
73	-21.2188	-303.8109	0.0000	0.6077
74	-21.2188	-298.8785	0.0000	0.6136
75	-21.2188	-286.3131	0.0000	0.6214
76	-21.2188	-297.3703	0.0000	0.6297
77	-19.1992	-267.4753	0.0000	0.6381
78	-19.1992	-275.0225	0.0000	0.6471
79	-18.4168	-270.4047	0.0000	0.6558
80	-18.4168	-270.5705	0.0000	0.6651
81	-17.4663	-279.0605	0.0000	0.6746
82	-17.4663	-269.5117	0.0000	0.6841
83	-15.7594	-251.6297	0.0000	0.6938
84	-15.7594	-264.1859	0.0000	0.7041
85	-14.9685	-269.6693	0.0000	0.7137
86	-12.5301	-271.4361	0.0000	0.7231
87	-12.5301	-266.6108	0.0000	0.7336
88	-12.5301	-253.9368	0.0000	0.7440
89	-12.5301	-269.7467	0.0000	0.7546
90	-12.2776	-262.1253	0.0000	0.7652
91	-10.7848	-270.7623	0.0000	0.7762
92	-10.7848	-264.0888	0.0000	0.7861
93	-10.7848	-252.4077	0.0000	0.7960
94	-10.7848	-347.4973	0.0000	0.8061
95	-10.7848	-276.6554	0.0000	0.8161
96	-10.7848	-268.9741	0.0000	0.8263
97	-10.5123	-275.4239	0.0000	0.8357
98	-10.5123	-278.9614	0.0000	0.8449
99	-9.6238	-270.8520	0.0000	0.8535
100	-9.6238	-301.4995	0.0000	0.8622
101	-9.6238	-289.3330	0.0000	0.8708
102	-9.6238	-299.6969	0.0000	0.8791
103	-9.6238	-327.1063	0.0000	0.8874
104	-9.3102	-308.1575	0.0000	0.8939
105	-9.3102	-304.4119	0.0000	0.9002
106	-9.3102	-332.8635	0.0000	0.9051
107	-9.3102	-329.6272	0.0000	0.9110
108	-9.3102	-322.8348	0.0000	0.9170
109	-9.3102	-324.7818	0.0000	0.9220
110	-9.3102	-336.2341	0.0000	0.9279
111	-9.3102	-361.1161	0.0000	0.9329
112	-9.3102	-357.1303	0.0000	0.9405
113	-9.3102	-356.3551	0.0000	0.9505
114	-9.3102	-340.2540	0.0000	0.9599
115	-9.3102	-330.6448	0.0000	0.9688
116	-9.3102	-332.2288	0.0000	0.9781
117	-9.3102	-323.6977	0.0000	0.9876
118	-9.3102	-321.8889	0.0000	0.9972
119	-9.3102	-314.0828	0.0000	1.0062
120	-9.3102	-324.4022	0.0000	1.0156
121	-9.3102	-316.6811	0.0000	1.0256
122	-9.3102	-317.5128	0.0000	1.0352
123	-9.3102	-274.8755	0.0000	1.0450
124	-9.3102	-312.4132	0.0000	1.0550
125	-9.3102	-303.2829	0.0000	1.0648
126	-9.3102	-296.1421	0.0000	1.0736
127	-9.3102	-288.6816	0.0000	1.0822
128	-4.9234	-323.6998	0.0000	1.0908
129	-4.9234	-327.2171	0.0000	1.0995
130	-4.9234	-345.7618	0.0000	1.1083
131	-4.0731	-327.7694	0.0000	1.1175
132	-4.0731	-313.6594	0.0000	1.1270
133	-4.0731	-311.2643	0.0000	1.1329
134	-4.0731	-315.9831	0.0000	1.1391
135	-2.8740	-345.2497	0.0000	1.1472
136	-2.8740	-338.9844	0.0000	1.1565
137	-2.8740	-331.0983	0.0000	1.1654
138	-2.8740	-339.3672	0.0000	1.1743
139	-2.8740	-316.8729	0.0000	1.1840
140	-2.8740	-318.8974	0.0000	1.1944
141	-2.8740	-322.3386	0.0000	1.2040
142	-2.0887	-318.1719	0.0000	1.2100
143	-2.0887	-319.6540	0.0000	1.2190
144	-2.0887	-312.6092	0.0000	1.2279
145	-2.0887	-346.8061	0.0000	1.2343
146	-2.0887	-345.7872	0.0000	1.2406
147	-2.0887	-356.3065	0.0000	1.2466
148	-2.0887	-342.4594	0.0000	1.2532
149	-2.0887	-330.7345	0.0000	1.2600
150	-2.0887	-336.9518	0.0000	1.2665
151	-2.0887	-1065.8522	0.0000	1.2728
152	-2.0887	-1051.4324	0.0000	1.2795
153	-2.0887	-1042.9816	0.0000	1.2854
154	-2.0887	-1015.0323	0.0000	1.2916
155	-2.0887	-996.6750	0.0000	1.2981
156	-2.0887	-948.8704	0.0000	1.3039
157	-2.0887	-907.3345	0.0000	1.3101
158	-2.0887	-911.0106	0.0000	1.3168
159	-2.0887	-861.0333	0.0000	1.3232
160	-1.6173	-837.6210	0.0000	1.3329
161	-1.6173	-818.3312	0.0000	1.3424
162	-1.6173	-810.0786	0.0000	1.3520
163	-0.9011	-814.4416	0.0000	1.3616
164	-0.9011	-802.7970	0.0000	1.3713
165	-0.9011	-768.9864	0.0000	1.3810
166	-0.9011	-751.6685	0.0000	1.3914
167	-0.9011	-791.5174	0.0000	1.4018
168	-0.9011	-735.4135	0.0000	1.4095
169	-0.9011	-786.4792	0.0000	1.4143
170	-0.9011	-755.4231	0.0000	1.4215
171	-0.9011	-709.7953	0.0000	1.4304
172	-0.9011	-696.6096	0.0000	1.4387
173	-0.9011	-677.8788	0.0000	1.4472
174	-0.9011	-674.6741	0.0000	1.4564
175	-0.9011	-660.8193	0.0000	1.4656
176	-0.9011	-633.3117	0.0000	1.4749
177	-0.9011	-636.8497	0.0000	1.4845
178	-5.6102	-618.5924	0.0000	1.4937
179	-5.1363	-681.9283	0.0000	1.5013
180	-5.1363	-646.4239	0.0000	1.5062
181	-5.1363	-656.1335	0.0000	1.5143
182	-5.1363	-616.8037	0.0000	1.5248
183	-5.1363	-601.6516	0.0000	1.5342
184	-5.1363	-591.3412	0.0000	1.5439
185	-7.0680	-590.0662	0.0000	1.5537
186	-7.0680	-617.6534	0.0000	1.5636
187	-7.0680	-586.3922	0.0000	1.5734
188	-6.9157	-611.6618	0.0000	1.5832
189	-6.8768	-592.3791	0.0000	1.5933
190	-6.0611	-579.7995	0.0000	1.6034
191	-5.5917	-586.5177	0.0000	1.6123
192	-5.5917	-572.3431	0.0000	1.6188
193	-5.1310	-527.1539	0.0000	1.6244
194	-4.9161	-528.5209	0.0000	1.6331
195	-4.4448	-511.1263	0.0000	1.6436
196	-4.4448	-524.4981	0.0000	1.6532
197	-4.4448	-513.0864	0.0000	1.6629
198	-4.4448	-486.5234	0.0000	1.6722
199	-4.4448	-528.0927	0.0000	1.6812
200	-4.2429	-490.3466	0.0000	1.6901
201	-4.2429	-491.1624	0.0000	1.6991
202	-3.8945	-469.4161	0.0000	1.7080
203	-3.6711	-470.8521	0.0000	1.7174
204	-3.6711	-474.5094	0.0000	1.7267
205	-1.3856	-357.4462	0.0000	1.7362
206	-1.3107	-453.6112	0.0000	1.7443
207	-1.3107	-424.1695	0.0000	1.7505
208	-1.0957	-367.2153	0.0000	1.7561
209	-1.0957	-396.9667	0.0000	1.7638
210	-1.0184	-390.7745	0.0000	1.7704
211	-0.4682	-396.1495	0.0000	1.7804
212	-0.4682	-372.6524	0.0000	1.7896
213	-0.4682	-370.7730	0.0000	1.7988
214	-0.4624	-386.8314	0.0000	1.8056
215	-0.4624	-363.3882	0.0000	1.8106
216	-0.4200	-365.4088	0.0000	1.8164
217	-0.4200	-365.5436	0.0000	1.8229
218	-0.4200	-361.3973	0.0000	1.8277
219	-0.3061	-354.3403	0.0000	1.8336
220	-0.3061	-336.0019	0.0000	1.8395
221	-0.3061	-334.4689	0.0000	1.8444
222	-0.3061	-345.6322	0.0000	1.8499
223	-0.2687	-333.5433	0.0000	1.8556
224	-0.1731	-350.8053	0.0000	1.8643
225	-0.1731	-333.8751	0.0000	1.8734
226	-0.1731	-321.6483	0.0000	1.8830
227	-0.1731	-322.7217	0.0000	1.8933
228	-0.1731	-344.8898	0.0000	1.9024
229	-0.1651	-336.2436	0.0000	1.9115
230	-0.1651	-323.9836	0.0000	1.9206
231	-0.1651	-320.6289	0.0000	1.9297
232	-0.1651	-304.2450	0.0000	1.9383
233	-0.1651	-319.5071	0.0000	1.9467
234	-0.1651	-306.5605	0.0000	1.9558
235	-0.1651	-299.6810	0.0000	1.9659
236	-0.1651	-292.3745	0.0000	1.9763
237	-0.1651	-316.3630	0.0000	1.9866
238	-0.1651	-331.5585	0.0000	1.9967
239	-0.1651	-301.9618	0.0000	2.0058
240	-0.0804	-283.2683	0.0000	2.0115
241	-0.0804	-288.3119	0.0000	2.0178
242	-0.0804	-294.9048	0.0000	2.0245
243	-0.0804	-302.8175	0.0000	2.0312
244	-0.0804	-281.8300	0.0000	2.0363
245	-0.0804	-272.1621	0.0000	2.0422
246	-0.0804	-278.9231	0.0000	2.0476
247	-0.0804	-288.8965	0.0000	2.0537
248	-0.0804	-301.3605	0.0000	2.0593
249	-0.0804	-283.1171	0.0000	2.0649
250	-0.0734	-267.3169	0.0000	2.0717
251	-0.0734	-276.4054	0.0000	2.0776
252	-0.0734	-246.2925	0.0000	2.0867
253	-0.0734	-247.8455	0.0000	2.0964
254	-0.0734	-249.9320	0.0000	2.1063
255	-0.0734	-283.5479	0.0000	2.1158
256	-0.0734	-259.1921	0.0000	2.1250
257	-0.0636	-281.7689	0.0000	2.1349
258	-0.0636	-280.5535	0.0000	2.1445
259	-0.0636	-298.0156	0.0000	2.1538
260	-0.0636	-290.6273	0.0000	2.1636
261	-0.0636	-266.0456	0.0000	2.1732
262	-0.0636	-268.5292	0.0000	2.1825
263	-0.0636	-280.3606	0.0000	2.1928
264	-0.0636	-270.8416	0.0000	2.2029
265	-0.0636	-247.1771	0.0000	2.2107
266	-0.0636	-267.7150	0.0000	2.2199
267	-0.0636	-233.5155	0.0000	2.2293
268	-0.0636	-224.0674	0.0000	2.2384
269	-0.0472	-227.9704	0.0000	2.2472
270	-0.0453	-248.0814	0.0000	2.2563
271	-0.0453	-273.6066	0.0000	2.2658
272	-0.0432	-281.3259	0.0000	2.2748
273	-0.0432	-270.5875	0.0000	2.2844
274	-0.0432	-264.3177	0.0000	2.2937
275	-0.0432	-259.8365	0.0000	2.2995
276	-0.0329	-241.7380	0.0000	2.3057
277	-0.0329	-252.5746	0.0000	2.3113
278	-0.0329	-259.2363	0.0000	2.3173
279	-0.0278	-257.9160	0.0000	2.3238
280	-0.0110	-231.3823	0.0000	2.3302
281	-0.0110	-254.8421	0.0000	2.3361
282	-0.0086	-247.8857	0.0000	2.3423
283	-0.0086	-291.1557	0.0000	2.3507
284	-0.0086	-251.6294	0.0000	2.3595
285	-4.2217	-252.6264	0.0000	2.3689
286	-4.0443	-304.3041	0.0000	2.3781
287	-4.0443	-259.6074	0.0000	2.3869
288	-4.0443	-306.9032	0.0000	2.3957
289	-4.0443	-303.8403	0.0000	2.4045
290	-4.0443	-279.3089	0.0000	2.4141
291	-3.8620	-297.1184	0.0000	2.4245
292	-3.8620	-359.1709	0.0000	2.4340
293	-2.7734	-346.8790	0.0000	2.4435
294	-2.7734	-396.1203	0.0000	2.4531
295	-2.7734	-355.0724	0.0000	2.4627
296	-2.7591	-337.0145	0.0000	2.4720
297	-2.7591	-363.7451	0.0000	2.4811
298	-2.7154	-341.6096	0.0000	2.4899
299	-2.7154	-317.0557	0.0000	2.4986
300	-2.5075	-312.7222	0.0000	2.5074
301	-2.5075	-306.9250	0.0000	2.5162
302	-2.4212	-307.6009	0.0000	2.5291
303	-2.4212	-982.5212	0.0000	2.5393
304	-2.4212	-920.1739	0.0000	2.5501
305	-2.2609	-930.5550	0.0000	2.5605
306	-2.2609	-854.6689	0.0000	2.5705
307	-2.2609	-784.6195	0.0000	2.5809
308	-2.2609	-823.9931	0.0000	2.5912
309	-2.2609	-735.4997	0.0000	2.6013
310	-2.1391	-780.0619	0.0000	2.6110
311	-2.1391	-745.7471	0.0000	2.6176
312	-1.6575	-748.2823	0.0000	2.6249
313	-1.6575	-702.7832	0.0000	2.6308
314	-1.4936	-671.4078	0.0000	2.6371
315	-1.4936	-678.1443	0.0000	2.6434
316	-0.9537	-507.9241	0.0000	2.6500
317	-0.9537	-578.8947	0.0000	2.6564
318	-0.9537	-577.3120	0.0000	2.6622
319	-0.9537	-562.9724	0.0000	2.6683
320	-5.8953	-530.3338	0.0000	2.6745
321	-5.8953	-576.1648	0.0000	2.6806
322	-5.8953	-550.2923	0.0000	2.6861
323	-5.8953	-593.8081	0.0000	2.6926
324	-5.8953	-596.2796	0.0000	2.6988
325	-5.8953	-576.2612	0.0000	2.7047
326	-5.8953	-537.6680	0.0000	2.7103
327	-5.8953	-551.6914	0.0000	2.7169
328	-5.7333	-490.3618	0.0000	2.7233
329	-5.7333	-547.2809	0.0000	2.7290
330	-5.7333	-473.2355	0.0000	2.7350
331	-5.7333	-508.0814	0.0000	2.7417
332	-5.7333	-467.3811	0.0000	2.7479
333	-5.4595	-454.1087	0.0000	2.7536
334	-5.1681	-503.6972	0.0000	2.7597
335	-5.1219	-475.0988	0.0000	2.7661
336	-5.1219	-447.5011	0.0000	2.7722
337	-4.6321	-456.9817	0.0000	2.7792
338	-4.6321	-432.2581	0.0000	2.7894
339	-4.5014	-442.2946	0.0000	2.8001
340	-4.0047	-433.3545	0.0000	2.8093
341	-3.7295	-414.6567	0.0000	2.8185
342	-3.7295	-389.6196	0.0000	2.8277
343	-3.7295	-390.4584	0.0000	2.8369
344	-3.0480	-382.5996	0.0000	2.8464
345	-2.6400	-419.1207	0.0000	2.8553
346	-2.6400	-386.8635	0.0000	2.8652
347	-2.6400	-381.5782	0.0000	2.8751
348	-2.6400	-337.6578	0.0000	2.8848
349	-2.5645	-309.0408	0.0000	2.8942
350	-1.8270	-351.3525	0.0000	2.9035
351	-1.6067	-320.6022	0.0000	2.9094
352	-1.6067	-398.6611	0.0000	2.9149
353	-1.6067	-321.6634	0.0000	2.9211
354	-1.6067	-340.2742	0.0000	2.9273
355	-1.6067	-338.7330	0.0000	2.9328
356	-1.5620	-310.6386	0.0000	2.9391
357	-1.5620	-305.9445	0.0000	2.9461
358	-1.5539	-313.2897	0.0000	2.9528
359	-1.3558	-310.8041	0.0000	2.9588
360	-1.3558	-290.6383	0.0000	2.9655
361	-1.3558	-304.9541	0.0000	2.9720
362	-1.3558	-288.3762	0.0000	2.9777
363	-1.0342	-230.5905	0.0000	2.9855
364	-1.0342	-278.5512	0.0000	2.9961
365	-0.7900	-279.5903	0.0000	3.0052
366	-0.7839	-278.6568	0.0000	3.0119
367	-0.7839	-257.0307	0.0000	3.0186
368	-0.7610	-256.1582	0.0000	3.0250
369	-0.7522	-267.7230	0.0000	3.0317
370	-0.7106	-239.6953	0.0000	3.0388
371	-0.4878	-271.8979	0.0000	3.0452
372	-0.4878	-256.5400	0.0000	3.0548
373	-0.4273	-242.4897	0.0000	3.0607
374	-0.4273	-273.7578	0.0000	3.0670
375	-0.4273	-278.0908	0.0000	3.0723
376	-0.4273	-255.7348	0.0000	3.0787
377	-0.4273	-313.8269	0.0000	3.0852
378	-0.4273	-287.3036	0.0000	3.0909
379	-0.4273	-292.9432	0.0000	3.0972
380	-0.4273	-312.7643	0.0000	3.1036
381	-0.3842	-312.6505	0.0000	3.1093
382	-0.3654	-277.6802	0.0000	3.1156
383	-0.3654	-325.6479	0.0000	3.1219
384	-0.3654	-285.7824	0.0000	3.1278
385	-0.3654	-324.9569	0.0000	3.1338
386	-0.3654	-293.9103	0.0000	3.1407
387	-0.2886	-287.0706	0.0000	3.1473
388	-0.2886	-293.8947	0.0000	3.1534
389	-0.2886	-261.3015	0.0000	3.1590
390	-0.2886	-266.7910	0.0000	3.1650
391	-0.2886	-365.8316	0.0000	3.1710
392	-0.2886	-312.9726	0.0000	3.1766
393	-0.2229	-290.9988	0.0000	3.1829
394	-0.2229	-324.3557	0.0000	3.1894
395	-0.2229	-311.6925	0.0000	3.1950
396	-0.1205	-295.4603	0.0000	3.2024
397	-0.1205	-275.3570	0.0000	3.2127
398	-0.1205	-294.8960	0.0000	3.2228
399	-0.1205	-288.2670	0.0000	3.2330
400	-0.1205	-280.8343	0.0000	3.2428
401	-0.1205	-284.3399	0.0000	3.2494
402	-0.1205	-319.8425	0.0000	3.2570
403	-0.1205	-291.1770	0.0000	3.2646
404	-0.1205	-287.6788	0.0000	3.2715
405	-0.1205	-280.9254	0.0000	3.2783
406	-0.1205	-284.2167	0.0000	3.2850
407	-0.1003	-267.5383	0.0000	3.2910
408	-0.1003	-268.2450	0.0000	3.2968
409	-0.1003	-278.0389	0.0000	3.3031
410	-0.1003	-268.0082	0.0000	3.3093
411	-0.1003	-334.0914	0.0000	3.3178
412	-6.1445	-286.8394	0.0000	3.3267
413	-6.1445	-347.9824	0.0000	3.3361
414	-6.1445	-388.6395	0.0000	3.3453
415	-6.1445	-359.9597	0.0000	3.3548
416	-2.6528	-337.0585	0.0000	3.3658
417	-2.6528	-344.3862	0.0000	3.3757
418	-2.6528	-389.3734	0.0000	3.3869
419	-2.6528	-384.0015	0.0000	3.3977
420	-2.6528	-361.6356	0.0000	3.4081
421	-2.6528	-370.7953	0.0000	3.4148
422	-2.6528	-335.9237	0.0000	3.4245
423	-2.1132	-337.5220	0.0000	3.4337
424	-2.1132	-353.6116	0.0000	3.4390
425	-2.1132	-366.2044	0.0000	3.4475
426	-2.1132	-344.6215	0.0000	3.4568
427	-2.1132	-308.9697	0.0000	3.4664
428	-2.1132	-358.7013	0.0000	3.4759
429	-2.1132	-332.3344	0.0000	3.4857
430	-2.1132	-332.5078	0.0000	3.4954
431	-1.6138	-317.3164	0.0000	3.5051
432	-1.6138	-322.8915	0.0000	3.5152
433	-1.6138	-291.7720	0.0000	3.5245
434	-1.6138	-356.8610	0.0000	3.5345
435	-1.6138	-311.7585	0.0000	3.5448
436	-1.6138	-358.3156	0.0000	3.5542
437	-1.6138	-317.3165	0.0000	3.5643
438	-1.6138	-309.5228	0.0000	3.5743
439	-1.6138	-254.1627	0.0000	3.5850
440	-1.6138	-317.5587	0.0000	3.5956
441	-1.6138	-321.1935	0.0000	3.6064
442	-0.8086	-293.3013	0.0000	3.6168
443	-0.7708	-295.8747	0.0000	3.6267
444	-0.7708	-297.4104	0.0000	3.6367
445	-0.7708	-279.0060	0.0000	3.6467
446	-0.7219	-287.1784	0.0000	3.6567
447	-0.7219	-295.5244	0.0000	3.6669
448	-0.7219	-315.8230	0.0000	3.6768
449	-0.7045	-317.8511	0.0000	3.6868
450	-0.7045	-313.8564	0.0000	3.6981
451	-0.3485	-314.1043	0.0000	3.7085
452	-0.3485	-287.3787	0.0000	3.7186
453	-0.3485	-280.0575	0.0000	3.7290
454	-0.3485	-265.0547	0.0000	3.7442
455	-0.3485	-651.0306	0.0000	3.7544
456	-0.3033	-760.2898	0.0000	3.7643
457	-0.3033	-727.5873	0.0000	3.7742
458	-0.3033	-703.4403	0.0000	3.7840
459	-0.3033	-710.9749	0.0000	3.7939
460	-0.3033	-669.6234	0.0000	3.8041
461	-0.2903	-570.8958	0.0000	3.8147
462	-0.2903	-649.1903	0.0000	3.8252
463	-0.2903	-635.8264	0.0000	3.8357
464	-0.2903	-545.2800	0.0000	3.8462
465	-0.2903	-537.1389	0.0000	3.8562
466	-0.2903	-584.0276	0.0000	3.8661
467	-0.2575	-530.7885	0.0000	3.8756
468	-0.2575	-518.9040	0.0000	3.8861
469	-0.2575	-492.1131	0.0000	3.8963
470	-0.2575	-509.9700	0.0000	3.9069
471	-0.2575	-474.9020	0.0000	3.9174
472	-0.2575	-469.3479	0.0000	3.9279
473	-0.2575	-474.5214	0.0000	3.9384
474	-0.2575	-473.3597	0.0000	3.9488
475	-0.2575	-476.4840	0.0000	3.9567
476	-0.2575	-476.0018	0.0000	3.9664
477	-0.2575	-553.4755	0.0000	3.9764
478	-0.2514	-445.1431	0.0000	3.9862
479	-0.2514	-433.3858	0.0000	3.9964
480	-0.2514	-420.4275	0.0000	4.0066
481	-0.2514	-444.5386	0.0000	4.0166
482	-0.2514	-413.9048	0.0000	4.0272
483	-0.2514	-424.2787	0.0000	4.0374
484	-0.2514	-418.5653	0.0000	4.0472
485	-0.2514	-416.7092	0.0000	4.0572
486	-0.2427	-445.6856	0.0000	4.0666
487	-0.1862	-440.9083	0.0000	4.0766
488	-0.1862	-406.7532	0.0000	4.0866
489	-0.1376	-415.8812	0.0000	4.0976
490	-0.1376	-412.0796	0.0000	4.1078
491	-0.1376	-405.0643	0.0000	4.1177
492	-0.1376	-383.7080	0.0000	4.1277
493	-0.1376	-369.9957	0.0000	4.1369
494	-0.1376	-380.7257	0.0000	4.1458
495	-0.0549	-340.4524	0.0000	4.1550
496	-0.0549	-372.8917	0.0000	4.1645
497	-0.0549	-452.6426	0.0000	4.1734
498	-0.0549	-446.9474	0.0000	4.1822
499	-0.0549	-399.6253	0.0000	4.1911
500	-0.0549	-369.5637	0.0000	4.1999
501	-0.0490	-353.3658	0.0000	4.2092
502	-0.0490	-348.6798	0.0000	4.2195
503	-0.0490	-258.5094	0.0000	4.2296
504	-0.0490	-335.7063	0.0000	4.2400
505	-0.0490	-334.6118	0.0000	4.2506
506	-0.0490	-265.9327	0.0000	4.2613
507	-0.0465	-287.7339	0.0000	4.2718
508	-0.0465	-296.4481	0.0000	4.2815
509	-0.0465	-316.5802	0.0000	4.2924
510	-0.0465	-289.0254	0.0000	4.3037
511	-0.0465	-306.6646	0.0000	4.3148
512	-0.0465	-284.8668	0.0000	4.3250
513	-0.0332	-280.6959	0.0000	4.3355
514	-0.0332	-326.6950	0.0000	4.3450
515	-0.0332	-346.2782	0.0000	4.3550
516	-0.0283	-339.5631	0.0000	4.3648
517	-0.0219	-326.8152	0.0000	4.3747
518	-0.0219	-320.4376	0.0000	4.3846
519	-0.0219	-304.8318	0.0000	4.3944
520	-0.0219	-338.2075	0.0000	4.4045
521	-0.0219	-392.7126	0.0000	4.4134
522	-0.0175	-308.2871	0.0000	4.4199
523	-0.0175	-310.7896	0.0000	4.4259
524	-0.0175	-341.0210	0.0000	4.4315
525	-0.0175	-302.1591	0.0000	4.4382
526	-0.0175	-305.3477	0.0000	4.4443
527	-0.0164	-306.7755	0.0000	4.4531
528	-0.0164	-344.0197	0.0000	4.4627
529	-0.0138	-372.0780	0.0000	4.4738
530	-0.0114	-337.2328	0.0000	4.4843
531	-0.0114	-317.5965	0.0000	4.4940
532	-0.0114	-324.8110	0.0000	4.5044
533	-0.0114	-326.4625	0.0000	4.5150
534	-0.0103	-317.8457	0.0000	4.5247
535	-0.0103	-316.4417	0.0000	4.5346
536	-0.0103	-321.6730	0.0000	4.5442
537	-0.0103	-298.0742	0.0000	4.5540
538	-0.0103	-327.1849	0.0000	4.5633
539	-0.0103	-358.8182	0.0000	4.5723
540	-0.0228	-286.3363	0.0000	4.5811
541	-0.0210	-332.5570	0.0000	4.5899
542	-0.0210	-330.3712	0.0000	4.5986
543	-0.0130	-344.0390	0.0000	4.6072
544	-0.0130	-363.6637	0.0000	4.6135
545	-0.0130	-417.4533	0.0000	4.6194
546	-0.0130	-361.2279	0.0000	4.6245
547	-0.0130	-356.1835	0.0000	4.6299
548	-0.0130	-360.9435	0.0000	4.6354
549	-0.0130	-335.4312	0.0000	4.6404
550	-0.0130	-323.7200	0.0000	4.6459
551	-0.0130	-352.2101	0.0000	4.6510
552	-0.0130	-358.9896	0.0000	4.6560
553	-0.0130	-370.6461	0.0000	4.6615
554	-0.0130	-383.2368	0.0000	4.6664
555	-0.0130	-371.7378	0.0000	4.6720
556	-0.0130	-403.0717	0.0000	4.6782
557	-0.0130	-390.6802	0.0000	4.6840
558	-0.0130	-389.1248	0.0000	4.6895
559	-0.0130	-343.1295	0.0000	4.6960
560	-0.0130	-373.6762	0.0000	4.7013
561	-0.0130	-334.5694	0.0000	4.7073
562	-0.0130	-370.5630	0.0000	4.7136
563	-0.0130	-335.8290	0.0000	4.7199
564	-0.0130	-320.3022	0.0000	4.7255
565	-0.0130	-353.6308	0.0000	4.7342
566	-0.0130	-344.0035	0.0000	4.7445
567	-0.0130	-352.7274	0.0000	4.7537
568	-0.0130	-335.1536	0.0000	4.7629
569	-0.0081	-337.3943	0.0000	4.7728
570	-0.0081	-341.1981	0.0000	4.7824
571	-0.0081	-362.3463	0.0000	4.7917
572	-0.0081	-368.0869	0.0000	4.8014
573	-0.0081	-355.1718	0.0000	4.8117
574	-0.0081	-381.7677	0.0000	4.8221
575	-0.0081	-359.2280	0.0000	4.8325
576	-0.0081	-344.3770	0.0000	4.8427
577	-0.0081	-339.7715	0.0000	4.8530
578	-0.0081	-325.4075	0.0000	4.8632
579	-0.0058	-310.5335	0.0000	4.8733
580	-0.0058	-362.7886	0.0000	4.8829
581	-0.0058	-353.3962	0.0000	4.8929
582	-0.0058	-325.4843	0.0000	4.9023
583	-0.0058	-324.9651	0.0000	4.9117
584	-0.0058	-341.7948	0.0000	4.9212
585	-4.2834	-307.6723	0.0000	4.9311
586	-4.2834	-398.0435	0.0000	4.9414
587	-4.2834	-372.8478	0.0000	4.9518
588	-4.2834	-362.5457	0.0000	4.9613
589	-4.2834	-331.1617	0.0000	4.9668
590	-4.2834	-375.5039	0.0000	4.9730
591	-4.2834	-389.6717	0.0000	4.9795
592	-4.2834	-365.0009	0.0000	4.9898
593	-4.2834	-378.9442	0.0000	4.9991
594	-4.2834	-361.2227	0.0000	5.0080
595	-4.2834	-365.2983	0.0000	5.0167
596	-4.2834	-386.2927	0.0000	5.0255
597	-4.2834	-449.5677	0.0000	5.0342
598	-4.2834	-412.6220	0.0000	5.0427
599	-4.2834	-374.3122	0.0000	5.0514
600	-4.2834	-371.6068	0.0000	5.0603
601	-4.2834	-398.6782	0.0000	5.0687
602	-4.2834	-384.2339	0.0000	5.0779
603	-4.2834	-357.0069	0.0000	5.0870
604	-4.2834	-343.9240	0.0000	5.0953
605	-3.7739	-334.1937	0.0000	5.1039
606	-3.7739	-329.0853	0.0000	5.1177
607	-3.7739	-739.5460	0.0000	5.1236
608	-3.7739	-762.0422	0.0000	5.1287
609	-3.5536	-672.1611	0.0000	5.1347
610	-3.5536	-676.4316	0.0000	5.1403
611	-3.4736	-639.9669	0.0000	5.1466
612	-3.4736	-649.1161	0.0000	5.1539
613	-3.3629	-642.4545	0.0000	5.1627
614	-1.9874	-628.6800	0.0000	5.1685
615	-1.9874	-611.1308	0.0000	5.1749
616	-1.9874	-616.7524	0.0000	5.1817
617	-1.9874	-600.8358	0.0000	5.1878
618	-1.9874	-589.2102	0.0000	5.1936
619	-1.8926	-550.5112	0.0000	5.2000
620	-1.8926	-546.6544	0.0000	5.2055
621	-1.8926	-530.9191	0.0000	5.2142
622	-1.3352	-511.6670	0.0000	5.2230
623	-1.3352	-542.9046	0.0000	5.2301
624	-1.3352	-501.3493	0.0000	5.2359
625	-0.8168	-507.0358	0.0000	5.2418
626	-0.8168	-526.3761	0.0000	5.2484
627	-0.8168	-498.8370	0.0000	5.2548
628	-0.8168	-479.1752	0.0000	5.2605
629	-0.8168	-526.7198	0.0000	5.2689
630	-0.8168	-486.6733	0.0000	5.2794
631	-0.7671	-484.6965	0.0000	5.2893
632	-0.7671	-461.2172	0.0000	5.2984
633	-0.7671	-457.6746	0.0000	5.3072
634	-0.7671	-470.3094	0.0000	5.3163
635	-0.7113	-433.1273	0.0000	5.3246
636	-0.6910	-438.3939	0.0000	5.3329
637	-0.6910	-431.3180	0.0000	5.3420
638	-0.6330	-428.3772	0.0000	5.3514
639	-0.6330	-421.2688	0.0000	5.3621
640	-0.6221	-383.4644	0.0000	5.3716
641	-0.4471	-412.9108	0.0000	5.3815
642	-0.4471	-409.2980	0.0000	5.3909
643	-0.4272	-386.5255	0.0000	5.4005
644	-0.4272	-391.5449	0.0000	5.4094
645	-0.4272	-372.5208	0.0000	5.4184
646	-0.4272	-380.2839	0.0000	5.4274
647	-0.4272	-366.4733	0.0000	5.4367
648	-0.4272	-403.4875	0.0000	5.4460
649	-0.4272	-424.8491	0.0000	5.4554
650	-0.3831	-407.1270	0.0000	5.4651
651	-0.3831	-394.7434	0.0000	5.4747
652	-0.3831	-375.7813	0.0000	5.4847
653	-0.3831	-369.1831	0.0000	5.4944
654	-0.3831	-399.2700	0.0000	5.5049
655	-0.3831	-377.6886	0.0000	5.5151
656	-0.3831	-368.8847	0.0000	5.5246
657	-0.3831	-354.4144	0.0000	5.5342
658	-0.3028	-344.2592	0.0000	5.5434
659	-0.2324	-351.3512	0.0000	5.5527
660	-0.2324	-377.0149	0.0000	5.5631
661	-0.2324	-342.0754	0.0000	5.5735
662	-0.2324	-346.4581	0.0000	5.5840
663	-0.1695	-346.8080	0.0000	5.5938
664	-0.1695	-340.6008	0.0000	5.6038
665	-0.1695	-342.4828	0.0000	5.6144
666	-0.1695	-353.6628	0.0000	5.6249
667	-0.1695	-331.8519	0.0000	5.6354
668	-0.1695	-361.3919	0.0000	5.6458
669	-0.1695	-256.2518	0.0000	5.6556
670	-0.1695	-304.4248	0.0000	5.6655
671	-0.1643	-305.1836	0.0000	5.6748
672	-0.1643	-328.4387	0.0000	5.6837
673	-0.1643	-335.7649	0.0000	5.6928
674	-0.1643	-310.3756	0.0000	5.7025
675	-0.1643	-329.5614	0.0000	5.7125
676	-0.1643	-322.3529	0.0000	5.7223
677	-0.1643	-293.6374	0.0000	5.7322
678	-0.1643	-283.9452	0.0000	5.7430
679	-0.1643	-319.0117	0.0000	5.7533
680	-0.1643	-309.9494	0.0000	5.7618
681	-0.1414	-301.6578	0.0000	5.7683
682	-0.1171	-316.3167	0.0000	5.7741
683	-0.1171	-321.6686	0.0000	5.7801
684	-0.1171	-308.2011	0.0000	5.7867
685	-0.0986	-268.8811	0.0000	5.7925
686	-0.0786	-329.2192	0.0000	5.7990
687	-0.0786	-315.2854	0.0000	5.8058
688	-0.0786	-359.2982	0.0000	5.8115
689	-0.0786	-320.8311	0.0000	5.8174
690	-0.0786	-335.7450	0.0000	5.8238
691	-0.0786	-365.5832	0.0000	5.8302
692	-0.0786	-253.1943	0.0000	5.8360
693	-0.0534	-330.9565	0.0000	5.8428
694	-0.0534	-337.8845	0.0000	5.8486
695	-0.0534	-341.0007	0.0000	5.8548
696	-0.0479	-327.0012	0.0000	5.8616
697	-0.0479	-307.4681	0.0000	5.8718
698	-0.0417	-315.8053	0.0000	5.8797
699	-0.0299	-322.2382	0.0000	5.8856
700	-0.0299	-308.6941	0.0000	5.8913
701	-0.0299	-316.7560	0.0000	5.8976
702	-0.0299	-300.0578	0.0000	5.9033
703	-0.0299	-327.0819	0.0000	5.9124
704	-0.0275	-378.1972	0.0000	5.9217
705	-0.0275	-349.2897	0.0000	5.9274
706	-0.0275	-310.4782	0.0000	5.9344
707	-0.0275	-332.0455	0.0000	5.9439
708	-0.0275	-328.6253	0.0000	5.9534
709	-0.0271	-333.8949	0.0000	5.9630
710	-0.0271	-308.4572	0.0000	5.9725
711	-0.0271	-327.2099	0.0000	5.9781
712	-0.0271	-316.5205	0.0000	5.9842
713	-0.0237	-316.5247	0.0000	5.9896
714	-0.0237	-297.7259	0.0000	5.9955
715	-0.0237	-331.5051	0.0000	6.0013
716	-0.0237	-341.8100	0.0000	6.0090
717	-0.0204	-319.7992	0.0000	6.0191
718	-0.0204	-300.7969	0.0000	6.0297
719	-0.0204	-366.7860	0.0000	6.0408
720	-0.0191	-374.3130	0.0000	6.0519
721	-0.0154	-346.6714	0.0000	6.0630
722	-0.0142	-363.1510	0.0000	6.0730
723	-0.0142	-368.9713	0.0000	6.0832
724	-0.0142	-350.1033	0.0000	6.0931
725	-0.0142	-367.9104	0.0000	6.0992
726	-0.0142	-373.4078	0.0000	6.1061
727	-0.0142	-347.4041	0.0000	6.1131
728	-0.0142	-372.5969	0.0000	6.1190
729	-0.0142	-408.7686	0.0000	6.1253
730	-0.0142	-368.7949	0.0000	6.1316
731	-0.0133	-370.8042	0.0000	6.1402
732	-0.0133	-372.5794	0.0000	6.1465
733	-0.0133	-371.8526	0.0000	6.1532
734	-0.0111	-360.5264	0.0000	6.1592
735	-0.0111	-345.0712	0.0000	6.1677
736	-0.0095	-354.4456	0.0000	6.1776
737	-0.0095	-347.5606	0.0000	6.1872
738	-0.0095	-340.5226	0.0000	6.1964
739	-0.0095	-334.3635	0.0000	6.2053
740	-0.0059	-358.4401	0.0000	6.2142
741	-0.0059	-349.6596	0.0000	6.2230
742	-0.0059	-362.9328	0.0000	6.2322
743	-0.0059	-307.5413	0.0000	6.2421
744	-0.0059	-354.7008	0.0000	6.2509
745	-0.0059	-352.4051	0.0000	6.2596
746	-0.0059	-353.3161	0.0000	6.2689
747	-0.0059	-362.3951	0.0000	6.2788
748	-0.0059	-359.3499	0.0000	6.2882
749	-0.0059	-342.6379	0.0000	6.2976
750	-0.0057	-350.8227	0.0000	6.3071
751	-0.0057	-343.8535	0.0000	6.3165
752	-0.0057	-301.5131	0.0000	6.3254
753	-0.0052	-341.7840	0.0000	6.3354
754	-0.0052	-287.6257	0.0000	6.3463
755	-0.0052	-335.4947	0.0000	6.3571
756	-0.0052	-316.4845	0.0000	6.3680
757	-0.0052	-310.8565	0.0000	6.3791
758	-0.0052	-383.0584	0.0000	6.3984
759	-0.0049	-714.8967	0.0000	6.4081
760	-0.0049	-704.7132	0.0000	6.4183
761	-0.0035	-722.4342	0.0000	6.4289
762	-0.0035	-659.7059	0.0000	6.4391
763	-0.0035	-645.6924	0.0000	6.4490
764	-0.0035	-711.6972	0.0000	6.4589
765	-0.8157	-666.7145	0.0000	6.4694
766	-0.8157	-727.3318	0.0000	6.4792
767	-0.8157	-708.7817	0.0000	6.4883
768	-0.8157	-658.6975	0.0000	6.4974
769	-0.8157	-665.4086	0.0000	6.5064
770	-0.8112	-671.1823	0.0000	6.5155
771	-0.8112	-639.5408	0.0000	6.5245
772	-0.8112	-602.4288	0.0000	6.5336
773	-0.8112	-614.3482	0.0000	6.5430
774	-0.8112	-596.6402	0.0000	6.5530
775	-0.7804	-589.3518	0.0000	6.5639
776	-0.7582	-603.6738	0.0000	6.5750
777	-0.7582	-589.7116	0.0000	6.5844
778	-0.7582	-574.0283	0.0000	6.5901
779	-0.7582	-551.3125	0.0000	6.5959
780	-0.7102	-559.6928	0.0000	6.6017
781	-0.7102	-556.8822	0.0000	6.6071
782	-0.6692	-537.7342	0.0000	6.6130
783	-0.6692	-532.5219	0.0000	6.6188
784	-0.6692	-531.5088	0.0000	6.6239
785	-0.6692	-486.3268	0.0000	6.6296
786	-0.6692	-480.2761	0.0000	6.6352
787	-0.6692	-477.3469	0.0000	6.6403
788	-0.6692	-451.9879	0.0000	6.6462
789	-0.6692	-470.7038	0.0000	6.6515
790	-0.6692	-466.4231	0.0000	6.6594
791	-0.5316	-530.9408	0.0000	6.6690
792	-0.5316	-402.0999	0.0000	6.6790
793	-0.5316	-449.6341	0.0000	6.6885
794	-0.5316	-429.7439	0.0000	6.6982
795	-0.5316	-469.9524	0.0000	6.7081
796	-0.4954	-443.9188	0.0000	6.7181
797	-0.4954	-426.3443	0.0000	6.7285
798	-0.4814	-461.9400	0.0000	6.7395
799	-0.3477	-415.7313	0.0000	6.7498
800	-0.3477	-408.3034	0.0000	6.7600
801	-0.3477	-407.7573	0.0000	6.7699
802	-0.3227	-388.5548	0.0000	6.7794
803	-0.3227	-390.0625	0.0000	6.7897
804	-0.2973	-394.5537	0.0000	6.7998
805	-0.2946	-376.3697	0.0000	6.8101
806	-0.2896	-369.5626	0.0000	6.8207
807	-0.2357	-379.8490	0.0000	6.8316
808	-0.2357	-377.5352	0.0000	6.8403
809	-0.2357	-393.4529	0.0000	6.8466
810	-0.2357	-358.2545	0.0000	6.8569
811	-0.2115	-346.6507	0.0000	6.8670
812	-0.1384	-341.3882	0.0000	6.8772
813	-0.1384	-330.4403	0.0000	6.8870
814	-0.1384	-330.3524	0.0000	6.8960
815	-0.1384	-320.9911	0.0000	6.9017
816	-0.1384	-344.9930	0.0000	6.9083
817	-0.1384	-345.8866	0.0000	6.9154
818	-0.1384	-343.5563	0.0000	6.9248
819	-0.1383	-347.4436	0.0000	6.9349
820	-0.1383	-317.6449	0.0000	6.9447
821	-0.1383	-347.8565	0.0000	6.9552
822	-0.1383	-394.2309	0.0000	6.9656
823	-0.1383	-363.1716	0.0000	6.9763
824	-0.1091	-346.6578	0.0000	6.9868
825	-0.1091	-363.0210	0.0000	6.9971
826	-0.0855	-327.4514	0.0000	7.0074
827	-0.0855	-330.6257	0.0000	7.0174
828	-0.0855	-321.5032	0.0000	7.0253
829	-0.0855	-315.9668	0.0000	7.0319
830	-0.1438	-341.0677	0.0000	7.0414
831	-0.1438	-341.4347	0.0000	7.0505
832	-0.1438	-356.3299	0.0000	7.0600
833	-0.1438	-352.3867	0.0000	7.0702
834	-0.1438	-371.9015	0.0000	7.0805
835	-0.1438	-351.8626	0.0000	7.0906
836	-0.1438	-328.7077	0.0000	7.1006
837	-0.1438	-335.9244	0.0000	7.1105
838	-0.1438	-335.4580	0.0000	7.1201
839	-0.1438	-343.5653	0.0000	7.1297
840	-0.1433	-367.5141	0.0000	7.1389
841	-0.1191	-342.9237	0.0000	7.1481
842	-0.1191	-364.3639	0.0000	7.1573
843	-0.1191	-373.0187	0.0000	7.1663
844	-0.1191	-345.6114	0.0000	7.1753
845	-0.1191	-340.0533	0.0000	7.1842
846	-0.1191	-336.2483	0.0000	7.1938
847	-0.1191	-341.1627	0.0000	7.2030
848	-0.1191	-329.9596	0.0000	7.2128
849	-0.1191	-357.1040	0.0000	7.2214
850	-0.1191	-330.8563	0.0000	7.2276
851	-0.1043	-335.4551	0.0000	7.2331
852	-0.0764	-382.7347	0.0000	7.2391
853	-0.0764	-349.8210	0.0000	7.2453
854	-0.0764	-343.2842	0.0000	7.2509
855	-0.0764	-341.3957	0.0000	7.2571
856	-0.0724	-341.6761	0.0000	7.2627
857	-0.0724	-343.8046	0.0000	7.2684
858	-0.0724	-333.4016	0.0000	7.2739
859	-0.0689	-364.2867	0.0000	7.2792
860	-0.0675	-352.4870	0.0000	7.2852
861	-0.0675	-352.8024	0.0000	7.2910
862	-0.0675	-330.7974	0.0000	7.2986
863	-0.0675	-342.9943	0.0000	7.3052
864	-0.0547	-350.2220	0.0000	7.3120
865	-0.0547	-317.2364	0.0000	7.3179
866	-0.0547	-328.9025	0.0000	7.3272
867	-0.0547	-350.3687	0.0000	7.3376
868	-0.0547	-336.5533	0.0000	7.3486
869	-0.0547	-357.5911	0.0000	7.3591
870	-0.0547	-357.7324	0.0000	7.3699
871	-0.0547	-383.0849	0.0000	7.3800
872	-0.0547	-373.6280	0.0000	7.3858
873	-0.0547	-375.0921	0.0000	7.3921
874	-0.0547	-386.4003	0.0000	7.3987
875	-0.0547	-393.1602	0.0000	7.4046
876	-0.0547	-407.7682	0.0000	7.4143
877	-0.0507	-423.0461	0.0000	7.4234
878	-0.0507	-396.7780	0.0000	7.4332
879	-0.0507	-425.7978	0.0000	7.4432
880	-0.0507	-423.0198	0.0000	7.4529
881	-0.0507	-401.3353	0.0000	7.4623
882	-0.0507	-436.4467	0.0000	7.4721
883	-0.0507	-408.7678	0.0000	7.4819
884	-0.0507	-404.4606	0.0000	7.4914
885	-0.0507	-415.2449	0.0000	7.5007
886	-0.0507	-407.6272	0.0000	7.5105
887	-0.0507	-390.0146	0.0000	7.5200
888	-0.0507	-404.8275	0.0000	7.5297
889	-0.0507	-420.1981	0.0000	7.5356
890	-0.0507	-406.5931	0.0000	7.5422
891	-0.0507	-465.2245	0.0000	7.5475
892	-0.0381	-450.5036	0.0000	7.5536
893	-0.0379	-445.9213	0.0000	7.5605
894	-0.0379	-465.0796	0.0000	7.5667
895	-0.0379	-428.7103	0.0000	7.5722
896	-0.0379	-423.3926	0.0000	7.5786
897	-0.0379	-474.3615	0.0000	7.5844
898	-0.0379	-415.5974	0.0000	7.5901
899	-0.0379	-417.7613	0.0000	7.5961
900	-0.0379	-426.2747	0.0000	7.6060
901	-0.0379	-412.2301	0.0000	7.6152
902	-0.0379	-416.2534	0.0000	7.6241
903	-0.0379	-404.7685	0.0000	7.6338
904	-0.0367	-382.1738	0.0000	7.6422
905	-0.0215	-405.6895	0.0000	7.6474
906	-0.0215	-370.1941	0.0000	7.6538
907	-0.0215	-434.9270	0.0000	7.6594
908	-0.0215	-398.9162	0.0000	7.6645
909	-0.0215	-414.2193	0.0000	7.6705
910	-0.0215	-393.1066	0.0000	7.6797
911	-0.0215	-573.6572	0.0000	7.6861
912	-0.0215	-577.6527	0.0000	7.6925
913	-0.0215	-599.5266	0.0000	7.6982
914	-0.0215	-612.9306	0.0000	7.7040
915	-0.0215	-587.3792	0.0000	7.7104
916	-0.0215	-609.4952	0.0000	7.7167
917	-0.0215	-574.3237	0.0000	7.7224
918	-0.3274	-535.8761	0.0000	7.7286
919	-0.2413	-573.1939	0.0000	7.7349
920	-0.2012	-589.7619	0.0000	7.7411
921	-0.2012	-601.0681	0.0000	7.7474
922	-0.2012	-621.3180	0.0000	7.7578
923	-0.1385	-553.1889	0.0000	7.7687
924	-0.1385	-583.1593	0.0000	7.7797
925	-0.1385	-593.8934	0.0000	7.7904
926	-0.0867	-558.7692	0.0000	7.8020
927	-0.0867	-525.5047	0.0000	7.8111
928	-0.0741	-520.6144	0.0000	7.8180
929	-0.0741	-503.2105	0.0000	7.8270
930	-0.0741	-515.0779	0.0000	7.8368
931	-0.0741	-467.4243	0.0000	7.8467
932	-0.0741	-462.5382	0.0000	7.8575
933	-0.0741	-475.4433	0.0000	7.8680
934	-0.0741	-462.3103	0.0000	7.8784
935	-0.0741	-475.4506	0.0000	7.8880
936	-0.0741	-425.7992	0.0000	7.8974
937	-0.0741	-470.0592	0.0000	7.9070
938	-0.0741	-590.8833	0.0000	7.9156
939	-0.0324	-500.3902	0.0000	7.9216
940	-0.0324	-449.0267	0.0000	7.9279
941	-0.0324	-494.3781	0.0000	7.9344
942	-0.0324	-487.7460	0.0000	7.9407
943	-0.0324	-504.5465	0.0000	7.9489
944	-0.0324	-484.9732	0.0000	7.9589
945	-0.0324	-491.8091	0.0000	7.9682
946	-0.0324	-478.1109	0.0000	7.9770
947	-0.0324	-469.5743	0.0000	7.9854
948	-0.0324	-367.9749	0.0000	7.9903
949	-0.0324	-444.3070	0.0000	7.9969
950	-0.0324	-381.1399	0.0000	8.0038
951	-0.0324	-444.5284	0.0000	8.0096
952	-0.0324	-381.2974	0.0000	8.0175
953	-0.0324	-441.6103	0.0000	8.0238
954	-0.0324	-416.3176	0.0000	8.0308
955	-0.0324	-355.5535	0.0000	8.0409
956	-0.0324	-410.2215	0.0000	8.0502
957	-0.0324	-406.7964	0.0000	8.0596
958	-0.0324	-377.1003	0.0000	8.0686
959	-0.0324	-395.7541	0.0000	8.0791
960	-0.0324	-386.2213	0.0000	8.0893
961	-0.0324	-373.6966	0.0000	8.1000
962	-0.0324	-378.0388	0.0000	8.1112
963	-0.0324	-378.2729	0.0000	8.1211
964	-0.0324	-364.3082	0.0000	8.1320
965	-0.0324	-342.1544	0.0000	8.1426
966	-0.0250	-371.5939	0.0000	8.1493
967	-0.0250	-391.5964	0.0000	8.1557
968	-0.0232	-364.4327	0.0000	8.1615
969	-0.0231	-356.2032	0.0000	8.1679
970	-0.0231	-377.1135	0.0000	8.1773
971	-0.0231	-383.0510	0.0000	8.1867
972	-0.0212	-388.5205	0.0000	8.1948
973	-0.0212	-405.2067	0.0000	8.2046
974	-0.0189	-394.5267	0.0000	8.2144
975	-0.0180	-376.6408	0.0000	8.2237
976	-0.0180	-376.9537	0.0000	8.2326
977	-0.0165	-376.3336	0.0000	8.2427
978	-0.0165	-365.4462	0.0000	8.2527
979	-0.0165	-374.1808	0.0000	8.2620
980	-0.0165	-376.9392	0.0000	8.2681
981	-0.0165	-331.3662	0.0000	8.2770
982	-0.0137	-358.0114	0.0000	8.2877
983	-0.0137	-386.9100	0.0000	8.2970
984	-0.0137	-373.7981	0.0000	8.3062
985	-0.0137	-317.4496	0.0000	8.3157
986	-0.0123	-355.5842	0.0000	8.3273
987	-0.0123	-346.5589	0.0000	8.3380
988	-0.0123	-357.1256	0.0000	8.3490
989	-0.0123	-355.9334	0.0000	8.3593
990	-0.0123	-349.0963	0.0000	8.3687
991	-0.0076	-338.4311	0.0000	8.3780
992	-0.0076	-338.7565	0.0000	8.3873
993	-0.0076	-341.4172	0.0000	8.3967
994	-0.0038	-356.9900	0.0000	8.4065
995	-0.0038	-355.2141	0.0000	8.4159
996	-0.0038	-364.3710	0.0000	8.4256
997	-1.4408	-434.8487	0.0000	8.4352
998	-1.4408	-407.2504	0.0000	8.4438
999	-1.4408	-399.4325	0.0000	8.4531
1000	-0.7845	-384.8329	0.0000	8.4622
1001	-0.7845	-414.7378	0.0000	8.4713
1002	-0.7845	-446.6626	0.0000	8.4778
1003	-0.7845	-391.9286	0.0000	8.4836
1004	-0.7649	-403.7613	0.0000	8.4902
1005	-0.7649	-424.8827	0.0000	8.4971
1006	-0.7649	-416.8022	0.0000	8.5026
1007	-0.7649	-451.8280	0.0000	8.5080
1008	-0.7649	-445.3332	0.0000	8.5138
1009	-0.3829	-422.0717	0.0000	8.5190
1010	-0.3829	-416.2919	0.0000	8.5250
1011	-0.3829	-417.3319	0.0000	8.5310
1012	-0.3829	-408.9770	0.0000	8.5406
1013	-0.3757	-390.9885	0.0000	8.5509
1014	-0.3757	-416.4505	0.0000	8.5613
1015	-0.2336	-429.7047	0.0000	8.5711
1016	-0.2336	-433.6025	0.0000	8.5816
1017	-0.2336	-426.6483	0.0000	8.5913
1018	-0.2336	-420.3803	0.0000	8.6013
1019	-0.2336	-464.9052	0.0000	8.6105
1020	-0.2336	-414.4395	0.0000	8.6200
1021	-0.2336	-435.8586	0.0000	8.6306
1022	-0.2336	-450.2633	0.0000	8.6411
1023	-0.2336	-466.0920	0.0000	8.6507
1024	-0.2336	-465.4503	0.0000	8.6615
1025	-0.2336	-460.4892	0.0000	8.6733
1026	-0.2336	-461.1126	0.0000	8.6835
1027	-0.2336	-478.9050	0.0000	8.6932
1028	-0.1520	-464.1540	0.0000	8.7033
1029	-0.1520	-443.7040	0.0000	8.7094
1030	-0.1520	-450.9532	0.0000	8.7158
1031	-0.1520	-554.7216	0.0000	8.7212
1032	-0.1520	-469.3779	0.0000	8.7273
1033	-0.1520	-458.1114	0.0000	8.7328
1034	-0.1520	-468.5041	0.0000	8.7400
1035	-0.1520	-431.5055	0.0000	8.7452
1036	-0.1520	-497.3612	0.0000	8.7515
1037	-0.1520	-484.4629	0.0000	8.7566
1038	-0.1520	-465.7269	0.0000	8.7627
1039	-0.1052	-468.5958	0.0000	8.7682
1040	-0.1045	-501.0186	0.0000	8.7739
1041	-0.1045	-476.2362	0.0000	8.7815
1042	-0.1045	-456.5558	0.0000	8.7876
1043	-0.1045	-493.3835	0.0000	8.7942
1044	-0.0745	-449.2582	0.0000	8.8009
1045	-0.0745	-454.4819	0.0000	8.8076
1046	-0.0745	-437.0189	0.0000	8.8160
1047	-0.0745	-456.7061	0.0000	8.8224
1048	-0.0745	-437.9103	0.0000	8.8292
1049	-0.0745	-445.7358	0.0000	8.8358
1050	-0.0745	-439.6810	0.0000	8.8421
1051	-0.0745	-507.4632	0.0000	8.8480
1052	-0.0500	-499.1259	0.0000	8.8547
1053	-0.0500	-464.7329	0.0000	8.8612
1054	-0.0500	-443.8765	0.0000	8.8696
1055	-0.0500	-444.6350	0.0000	8.8781
1056	-0.0500	-432.7656	0.0000	8.8867
1057	-0.0347	-424.2669	0.0000	8.8953
1058	-0.0347	-353.7805	0.0000	8.9047
1059	-0.0316	-403.7429	0.0000	8.9132
1060	-0.0316	-381.5298	0.0000	8.9219
1061	-0.0316	-467.5870	0.0000	8.9313
1062	-0.0275	-397.2915	0.0000	8.9480
1063	-0.0275	-646.1275	0.0000	8.9572
1064	-2.3904	-647.5750	0.0000	8.9665
1065	-2.3904	-688.8748	0.0000	8.9755
1066	-2.3904	-620.2622	0.0000	8.9843
1067	-2.3904	-622.4486	0.0000	8.9934
1068	-2.3904	-629.7563	0.0000	9.0026
1069	-2.3904	-610.6872	0.0000	9.0113
1070	-2.3904	-582.4654	0.0000	9.0229
1071	-2.3904	-574.6977	0.0000	9.0334
1072	-2.3904	-596.6082	0.0000	9.0438
1073	-2.3904	-555.5838	0.0000	9.0545
1074	-2.3904	-541.9373	0.0000	9.0643
1075	-2.3904	-518.1570	0.0000	9.0721
1076	-2.1346	-504.5078	0.0000	9.0824
1077	-2.1346	-504.8127	0.0000	9.0926
1078	-2.1346	-579.2840	0.0000	9.1015
1079	-1.2177	-586.3081	0.0000	9.1079
1080	-1.2177	-529.9277	0.0000	9.1140
1081	-1.2177	-554.5310	0.0000	9.1205
1082	-1.2177	-540.7351	0.0000	9.1259
1083	-1.2177	-517.3046	0.0000	9.1328
1084	-1.2177	-522.3878	0.0000	9.1414
1085	-1.1757	-491.5673	0.0000	9.1464
1086	-1.1757	-486.1639	0.0000	9.1523
1087	-1.1757	-452.7155	0.0000	9.1593
1088	-1.1757	-480.3491	0.0000	9.1658
1089	-1.1757	-436.2150	0.0000	9.1712
1090	-1.1757	-419.5872	0.0000	9.1775
1091	-1.1757	-439.8536	0.0000	9.1831
1092	-1.1757	-414.7826	0.0000	9.1897
1093	-1.1757	-414.9697	0.0000	9.1976
1094	-1.1757	-445.1125	0.0000	9.2046
1095	-1.1757	-408.7261	0.0000	9.2105
1096	-1.1757	-403.2033	0.0000	9.2174
1097	-1.1757	-436.0200	0.0000	9.2237
1098	-1.1757	-398.0437	0.0000	9.2300
1099	-1.0561	-392.0345	0.0000	9.2363
1100	-1.0561	-314.8705	0.0000	9.2428
1101	-1.0561	-357.3531	0.0000	9.2485
1102	-1.0561	-357.0973	0.0000	9.2565
1103	-1.0561	-392.9817	0.0000	9.2636
1104	-1.0561	-377.3048	0.0000	9.2703
1105	-1.0561	-366.1854	0.0000	9.2794
1106	-1.0530	-348.8199	0.0000	9.2852
1107	-1.0530	-355.4019	0.0000	9.2919
1108	-1.0530	-346.2794	0.0000	9.3001
1109	-1.0530	-333.4441	0.0000	9.3103
1110	-1.0530	-319.3360	0.0000	9.3186
1111	-1.0069	-329.6646	0.0000	9.3257
1112	-0.9802	-308.6357	0.0000	9.3323
1113	-0.9802	-309.8201	0.0000	9.3383
1114	-0.9802	-320.5009	0.0000	9.3456
1115	-0.9802	-342.6328	0.0000	9.3520
1116	-0.9802	-312.1806	0.0000	9.3591
1117	-0.9802	-342.0220	0.0000	9.3655
1118	-0.9512	-337.2346	0.0000	9.3714
1119	-0.9512	-343.5497	0.0000	9.3783
1120	-0.9512	-343.8531	0.0000	9.3850
1121	-0.9512	-319.9288	0.0000	9.3940
1122	-0.9512	-320.1908	0.0000	9.4030
1123	-0.9384	-344.9950	0.0000	9.4132
1124	-0.9384	-350.2757	0.0000	9.4233
1125	-0.9384	-328.2324	0.0000	9.4323
1126	-0.9384	-257.7720	0.0000	9.4419
1127	-0.9384	-296.2325	0.0000	9.4514
1128	-0.9384	-303.2471	0.0000	9.4610
1129	-0.9384	-292.7734	0.0000	9.4703
1130	-0.8868	-283.1262	0.0000	9.4800
1131	-0.8868	-386.5000	0.0000	9.4901
1132	-0.8868	-310.3112	0.0000	9.5003
1133	-0.8868	-340.8574	0.0000	9.5108
1134	-0.8576	-316.6396	0.0000	9.5213
1135	-0.8576	-319.6153	0.0000	9.5321
1136	-0.8576	-303.2521	0.0000	9.5420
1137	-0.8576	-320.5692	0.0000	9.5520
1138	-0.8576	-283.9761	0.0000	9.5595
1139	-0.8576	-248.0553	0.0000	9.5658
1140	-0.8576	-320.0838	0.0000	9.5721
1141	-0.8101	-312.3378	0.0000	9.5788
1142	-0.8101	-324.5397	0.0000	9.5848
1143	-0.8101	-314.2512	0.0000	9.5904
1144	-0.8101	-305.7980	0.0000	9.5966
1145	-0.8101	-325.7724	0.0000	9.6029
1146	-0.8101	-299.2061	0.0000	9.6088
1147	-0.8101	-358.3080	0.0000	9.6148
1148	-0.8101	-325.9916	0.0000	9.6211
1149	-0.8101	-325.7063	0.0000	9.6271
1150	-0.8101	-320.3853	0.0000	9.6332
1151	-0.8101	-314.3680	0.0000	9.6396
1152	-0.8101	-325.7583	0.0000	9.6459
1153	-0.8101	-266.9433	0.0000	9.6519
1154	-0.8012	-359.3847	0.0000	9.6585
1155	-0.8006	-338.4957	0.0000	9.6649
1156	-0.8006	-331.2608	0.0000	9.6708
1157	-0.7614	-301.4970	0.0000	9.6771
1158	-0.7614	-328.4660	0.0000	9.6834
1159	-0.7614	-307.2316	0.0000	9.6896
1160	-0.7614	-319.4410	0.0000	9.6960
1161	-0.7612	-313.1997	0.0000	9.7022
1162	-0.7612	-317.2500	0.0000	9.7084
1163	-0.7612	-305.6150	0.0000	9.7143
1164	-0.7462	-319.7878	0.0000	9.7203
1165	-0.7462	-307.9270	0.0000	9.7260
1166	-0.7462	-298.1273	0.0000	9.7323
1167	-0.7462	-295.2434	0.0000	9.7384
1168	-0.7444	-310.4334	0.0000	9.7442
1169	-0.7444	-299.7801	0.0000	9.7507
1170	-0.7444	-215.5574	0.0000	9.7578
1171	-0.7444	-281.1809	0.0000	9.7647
1172	-2.0343	-259.2702	0.0000	9.7723
1173	-2.0343	-352.5518	0.0000	9.7788
1174	-1.4789	-351.0424	0.0000	9.7852
1175	-1.4789	-352.4744	0.0000	9.7918
1176	-1.4789	-326.1668	0.0000	9.7982
1177	-1.4789	-386.5536	0.0000	9.8046
1178	-1.4789	-362.2428	0.0000	9.8114
1179	-1.4789	-345.7064	0.0000	9.8181
1180	-1.4789	-378.3625	0.0000	9.8247
1181	-1.4789	-379.5373	0.0000	9.8313
1182	-1.4150	-558.5735	0.0000	9.8384
1183	-1.4150	-453.1500	0.0000	9.8451
1184	-1.1858	-425.2477	0.0000	9.8515
1185	-0.9913	-388.1190	0.0000	9.8582
1186	-0.9913	-430.5488	0.0000	9.8649
1187	-0.9913	-442.8944	0.0000	9.8716
1188	-0.9913	-407.7735	0.0000	9.8774
1189	-0.9913	-413.5625	0.0000	9.8838
1190	-0.7723	-381.8279	0.0000	9.8899
1191	-0.7723	-403.6563	0.0000	9.8960
1192	-0.7469	-377.8976	0.0000	9.9025
1193	-0.7469	-392.2939	0.0000	9.9090
1194	-0.7469	-349.4160	0.0000	9.9155
1195	-0.7064	-409.6175	0.0000	9.9218
1196	-0.7064	-398.1473	0.0000	9.9279
1197	-0.7064	-323.2866	0.0000	9.9340
1198	-0.7064	-369.1910	0.0000	9.9397
1199	-0.5993	-391.6468	0.0000	9.9459
1200	-0.5993	-350.9616	0.0000	9.9519
1201	-0.5993	-346.2860	0.0000	9.9579
1202	-0.5789	-375.8020	0.0000	9.9643
1203	-0.5523	-354.5740	0.0000	9.9701
1204	-0.5523	-349.9246	0.0000	9.9759
1205	-0.5523	-357.7481	0.0000	9.9815
1206	-0.5374	-362.3680	0.0000	9.9875
1207	-0.5374	-337.2395	0.0000	9.9935
1208	-0.5374	-294.8594	0.0000	9.9997
1209	-0.5062	-369.5915	0.0000	10.0068
1210	-0.4797	-365.6623	0.0000	10.0130
1211	-0.4797	-366.1860	0.0000	10.0192
1212	-0.4797	-352.1574	0.0000	10.0254
1213	-0.4797	-354.7593	0.0000	10.0314
1214	-0.4797	-366.7862	0.0000	10.0411
1215	-0.3233	-507.1216	0.0000	10.0472
1216	-0.3233	-469.4350	0.0000	10.0535
1217	-0.3233	-487.2147	0.0000	10.0595
1218	-0.2450	-506.6579	0.0000	10.0652
1219	-0.2450	-474.6515	0.0000	10.0739
1220	-0.2450	-489.9171	0.0000	10.0825
1221	-0.2450	-495.5255	0.0000	10.0921
1222	-0.2450	-473.3617	0.0000	10.1019
1223	-0.2213	-441.0616	0.0000	10.1123
1224	-0.1782	-465.2718	0.0000	10.1226
1225	-0.1782	-432.0094	0.0000	10.1323
1226	-0.1782	-428.0866	0.0000	10.1417
1227	-0.1782	-450.5978	0.0000	10.1479
1228	-0.1489	-450.6925	0.0000	10.1542
1229	-0.1204	-448.6517	0.0000	10.1607
1230	-0.1103	-466.1287	0.0000	10.1697
1231	-0.0948	-430.2859	0.0000	10.1786
1232	-0.0863	-390.0692	0.0000	10.1876
1233	-0.0863	-416.5451	0.0000	10.1970
1234	-0.0863	-393.5483	0.0000	10.2055
1235	-0.0863	-400.0159	0.0000	10.2147
1236	-0.0863	-423.9647	0.0000	10.2246
1237	-0.0863	-426.3515	0.0000	10.2344
1238	-0.0863	-400.9072	0.0000	10.2439
1239	-0.0863	-453.3521	0.0000	10.2543
1240	-0.0863	-398.9876	0.0000	10.2642
1241	-0.0792	-379.1017	0.0000	10.2742
1242	-0.0792	-450.0032	0.0000	10.2811
1243	-0.0616	-407.3587	0.0000	10.2877
1244	-0.0577	-417.9976	0.0000	10.2939
1245	-0.0534	-451.7759	0.0000	10.3000
1246	-0.0498	-417.7918	0.0000	10.3080
1247	-0.0498	-391.3782	0.0000	10.3164
1248	-0.0358	-411.1983	0.0000	10.3225
1249	-0.0358	-382.3111	0.0000	10.3286
1250	-0.0304	-356.7188	0.0000	10.3341
1251	-0.0304	-361.4382	0.0000	10.3404
1252	-0.0304	-367.1830	0.0000	10.3471
1253	-0.0304	-345.3927	0.0000	10.3530
1254	-0.0287	-337.4827	0.0000	10.3596
1255	-0.0287	-406.6416	0.0000	10.3655
1256	-0.0253	-374.8455	0.0000	10.3718
1257	-0.0220	-340.6109	0.0000	10.3783
1258	-0.0220	-354.2679	0.0000	10.3878
1259	-0.0188	-339.4159	0.0000	10.3985
1260	-0.0139	-314.5666	0.0000	10.4079
1261	-0.0139	-308.1958	0.0000	10.4143
1262	-0.0139	-311.8643	0.0000	10.4207
1263	-0.0139	-321.1486	0.0000	10.4292
1264	-0.0139	-319.8410	0.0000	10.4396
1265	-0.0139	-311.6639	0.0000	10.4481
1266	-0.0139	-305.6762	0.0000	10.4545
1267	-0.0125	-318.4174	0.0000	10.4601
1268	-0.0125	-336.7887	0.0000	10.4706
1269	-0.0125	-323.3087	0.0000	10.4809
1270	-0.0125	-388.0689	0.0000	10.4923
1271	-0.0125	-319.0429	0.0000	10.5026
1272	-0.0125	-313.2898	0.0000	10.5132
1273	-0.0125	-326.7008	0.0000	10.5236
1274	-0.0113	-294.8867	0.0000	10.5342
1275	-0.0113	-314.5842	0.0000	10.5447
1276	-0.0110	-343.1287	0.0000	10.5546
1277	-0.0110	-348.4778	0.0000	10.5638
1278	-0.0104	-357.5105	0.0000	10.5740
1279	-0.2112	-339.5925	0.0000	10.5856
1280	-0.2112	-418.5426	0.0000	10.5958
1281	-0.2112	-294.7600	0.0000	10.6059
1282	-0.2112	-355.2143	0.0000	10.6154
1283	-0.2112	-364.0351	0.0000	10.6246
1284	-0.1401	-284.5113	0.0000	10.6349
1285	-0.1401	-343.3172	0.0000	10.6456
1286	-0.1401	-346.0197	0.0000	10.6564
1287	-0.1401	-319.7706	0.0000	10.6674
1288	-0.1401	-303.3199	0.0000	10.6761
1289	-0.1401	-338.3692	0.0000	10.6819
1290	-0.1401	-348.7428	0.0000	10.6884
1291	-0.1401	-317.0031	0.0000	10.6944
1292	-0.1401	-351.3546	0.0000	10.6995
1293	-0.1401	-338.3160	0.0000	10.7053
1294	-0.1401	-348.1857	0.0000	10.7104
1295	-0.1401	-350.8332	0.0000	10.7181
1296	-0.1401	-364.7505	0.0000	10.7275
1297	-0.1401	-375.7391	0.0000	10.7377
1298	-0.1241	-387.6571	0.0000	10.7478
1299	-0.1241	-351.3338	0.0000	10.7575
1300	-0.1241	-357.8164	0.0000	10.7677
1301	-0.1241	-435.2433	0.0000	10.7775
1302	-0.1041	-397.7361	0.0000	10.7868
1303	-0.1041	-354.2526	0.0000	10.7965
1304	-0.1041	-367.2907	0.0000	10.8058
1305	-0.0963	-368.3567	0.0000	10.8149
1306	-0.0963	-430.5278	0.0000	10.8242
1307	-0.0963	-390.7853	0.0000	10.8331
1308	-0.0963	-410.4329	0.0000	10.8424
1309	-0.0963	-392.2039	0.0000	10.8515
1310	-0.0963	-369.1947	0.0000	10.8606
1311	-0.0963	-407.2560	0.0000	10.8689
1312	-0.0796	-375.3497	0.0000	10.8789
1313	-0.0796	-380.3432	0.0000	10.8874
1314	-0.0796	-390.3490	0.0000	10.8978
1315	-0.0500	-354.3188	0.0000	10.9077
1316	-0.0500	-356.4013	0.0000	10.9178
1317	-0.0500	-387.7613	0.0000	10.9277
1318	-0.0500	-358.2579	0.0000	10.9370
1319	-0.0500	-338.4051	0.0000	10.9473
1320	-0.0500	-359.7297	0.0000	10.9572
1321	-0.1103	-342.7170	0.0000	10.9671
1322	-0.1103	-415.7200	0.0000	10.9773
1323	-0.1103	-414.7670	0.0000	10.9849
1324	-0.1103	-453.7655	0.0000	10.9921
1325	-0.1103	-469.7164	0.0000	10.9985
1326	-0.1103	-508.4568	0.0000	11.0046
1327	-0.1103	-448.7595	0.0000	11.0104
1328	-0.1103	-457.4499	0.0000	11.0171
1329	-0.1103	-475.5124	0.0000	11.0238
1330	-0.1103	-502.8110	0.0000	11.0300
1331	-8.6156	-474.3000	0.0000	11.0365
1332	-8.6156	-576.4652	0.0000	11.0429
1333	-8.6156	-578.8944	0.0000	11.0495
1334	-8.6156	-564.6323	0.0000	11.0569
1335	-4.7379	-585.8177	0.0000	11.0632
1336	-4.7379	-570.1984	0.0000	11.0698
1337	-4.7379	-572.9024	0.0000	11.0765
1338	-4.7379	-568.6021	0.0000	11.0834
1339	-4.7379	-553.7507	0.0000	11.0899
1340	-1.8112	-529.0385	0.0000	11.0965
1341	-1.8112	-538.9331	0.0000	11.1028
1342	-1.8112	-525.2836	0.0000	11.1086
1343	-1.3530	-473.8685	0.0000	11.1147
1344	-1.3530	-436.7713	0.0000	11.1207
1345	-1.3530	-467.2626	0.0000	11.1276
1346	-1.3530	-459.2714	0.0000	11.1341
1347	-1.3530	-483.7191	0.0000	11.1409
1348	-1.3530	-451.1567	0.0000	11.1475
1349	-1.3530	-445.0165	0.0000	11.1543
1350	-1.3530	-457.6135	0.0000	11.1609
1351	-1.3530	-496.3578	0.0000	11.1674
1352	-1.3530	-436.1875	0.0000	11.1743
1353	-1.3530	-434.6372	0.0000	11.1807
1354	-1.3530	-433.3067	0.0000	11.1871
1355	-1.3530	-466.7811	0.0000	11.1934
1356	-1.3530	-476.5283	0.0000	11.2007
1357	-1.3530	-437.2105	0.0000	11.2081
1358	-1.3530	-481.6577	0.0000	11.2142
1359	-1.3530	-438.1688	0.0000	11.2207
1360	-0.4797	-478.7500	0.0000	11.2275
1361	-0.4797	-451.8983	0.0000	11.2345
1362	-0.4797	-441.9319	0.0000	11.2417
1363	-0.4797	-463.6170	0.0000	11.2483
1364	-0.4797	-439.7337	0.0000	11.2551
1365	-0.4797	-439.0886	0.0000	11.2613
1366	-0.4797	-428.9053	0.0000	11.2714
1367	-0.4797	-564.6625	0.0000	11.2780
1368	-0.4797	-567.1453	0.0000	11.2847
1369	-0.4797	-576.5366	0.0000	11.2911
1370	-0.4797	-542.8242	0.0000	11.2975
1371	-0.4797	-516.6652	0.0000	11.3037
1372	-0.4797	-523.3737	0.0000	11.3098
1373	-0.4797	-537.4993	0.0000	11.3160
1374	-0.4797	-489.3172	0.0000	11.3224
1375	-0.4797	-486.8162	0.0000	11.3285
1376	-0.4797	-520.5211	0.0000	11.3350
1377	-0.4797	-453.7787	0.0000	11.3408
1378	-0.4797	-444.8310	0.0000	11.3469
1379	-0.4797	-492.3789	0.0000	11.3545
1380	-0.4797	-498.8693	0.0000	11.3616
1381	-0.4797	-532.1651	0.0000	11.3672
1382	-0.4797	-515.9512	0.0000	11.3736
1383	-0.4797	-516.3684	0.0000	11.3802
1384	-0.4797	-490.8597	0.0000	11.3871
1385	-0.4797	-513.2669	0.0000	11.3946
1386	-0.4797	-485.0065	0.0000	11.4011
1387	-0.4797	-490.0783	0.0000	11.4077
1388	-0.4797	-501.5908	0.0000	11.4138
1389	-0.4797	-497.6227	0.0000	11.4229
1390	-5.9873	-466.1148	0.0000	11.4326
1391	-5.4709	-506.2190	0.0000	11.4427
1392	-5.4709	-492.1240	0.0000	11.4515
1393	-5.4709	-478.9874	0.0000	11.4596
1394	-5.4709	-496.1852	0.0000	11.4665
1395	-5.4709	-492.9213	0.0000	11.4733
1396	-4.5754	-498.8951	0.0000	11.4795
1397	-4.5754	-473.6266	0.0000	11.4857
1398	-4.5754	-469.9631	0.0000	11.4925
1399	-4.5754	-468.6863	0.0000	11.4999
1400	-4.5754	-477.7330	0.0000	11.5064
1401	-4.5754	-448.0290	0.0000	11.5127
1402	-4.3321	-469.1636	0.0000	11.5215
1403	-4.3321	-428.8319	0.0000	11.5319
1404	-4.3321	-454.5542	0.0000	11.5410
1405	-4.3321	-532.3946	0.0000	11.5496
1406	-4.2894	-464.4224	0.0000	11.5557
1407	-4.2894	-479.6396	0.0000	11.5626
1408	-4.2894	-518.3069	0.0000	11.5698
1409	-4.2894	-486.3867	0.0000	11.5770
1410	-3.5806	-442.9259	0.0000	11.5836
1411	-3.5806	-434.4891	0.0000	11.5909
1412	-3.5806	-450.8919	0.0000	11.5978
1413	-2.4956	-387.0092	0.0000	11.6049
1414	-2.4956	-465.9118	0.0000	11.6116
1415	-2.4956	-439.5787	0.0000	11.6182
1416	-2.4956	-445.2878	0.0000	11.6251
1417	-2.4956	-425.0608	0.0000	11.6321
1418	-2.4956	-420.7404	0.0000	11.6385
1419	-2.4956	-416.9331	0.0000	11.6453
1420	-2.4956	-430.5652	0.0000	11.6523
1421	-2.4956	-431.3743	0.0000	11.6621
1422	-2.4956	-447.6726	0.0000	11.6718
1423	-2.4956	-405.8277	0.0000	11.6797
1424	-2.4956	-454.7330	0.0000	11.6858
1425	-2.2732	-415.6481	0.0000	11.6912
1426	-2.2732	-418.0246	0.0000	11.6976
1427	-2.2732	-394.3503	0.0000	11.7039
1428	-2.2732	-403.1616	0.0000	11.7097
1429	-1.7859	-461.2298	0.0000	11.7156
1430	-1.7859	-431.6604	0.0000	11.7215
1431	-1.4942	-411.0224	0.0000	11.7278
1432	-1.4942	-501.4107	0.0000	11.7336
1433	-1.4942	-444.8202	0.0000	11.7398
1434	-1.1703	-419.5242	0.0000	11.7460
1435	-1.1703	-428.6676	0.0000	11.7536
1436	-1.1703	-411.4026	0.0000	11.7602
1437	-1.1703	-466.3280	0.0000	11.7667
1438	-1.1703	-404.2438	0.0000	11.7722
1439	-1.1703	-415.6063	0.0000	11.7787
1440	-1.1703	-417.3708	0.0000	11.7852
1441	-1.1703	-441.5343	0.0000	11.7917
1442	-1.1703	-444.4282	0.0000	11.7979
1443	-1.1703	-468.8024	0.0000	11.8054
1444	-0.9186	-445.2246	0.0000	11.8157
1445	-0.9186	-435.3149	0.0000	11.8265
1446	-0.9186	-441.4833	0.0000	11.8362
1447	-0.7597	-476.4809	0.0000	11.8455
1448	-0.6216	-430.6747	0.0000	11.8553
1449	-0.6216	-477.4054	0.0000	11.8644
1450	-0.6216	-458.9466	0.0000	11.8741
1451	-0.6216	-476.7484	0.0000	11.8840
1452	-0.6216	-452.7707	0.0000	11.8940
1453	-0.6195	-440.7905	0.0000	11.9042
1454	-0.6195	-450.1061	0.0000	11.9144
1455	-0.6195	-405.7348	0.0000	11.9239
1456	-0.6195	-438.9101	0.0000	11.9334
1457	-0.4446	-476.1507	0.0000	11.9433
1458	-0.4446	-443.0773	0.0000	11.9523
1459	-0.4446	-452.1102	0.0000	11.9589
1460	-0.4446	-445.0610	0.0000	11.9644
1461	-0.4446	-465.2821	0.0000	11.9701
1462	-0.4446	-461.2195	0.0000	11.9761
1463	-0.4446	-452.3360	0.0000	11.9813
1464	-0.4446	-455.0656	0.0000	11.9871
1465	-0.4446	-454.2067	0.0000	11.9928
1466	-0.4446	-455.9792	0.0000	11.9981
1467	-0.4446	-434.2533	0.0000	12.0044
1468	-0.4446	-432.3768	0.0000	12.0108
1469	-0.4446	-423.6773	0.0000	12.0197
1470	-0.4446	-425.0709	0.0000	12.0292
1471	-0.4446	-424.1862	0.0000	12.0382
1472	-5.0496	-444.7111	0.0000	12.0479
1473	-5.0496	-477.2144	0.0000	12.0584
1474	-5.0496	-486.1110	0.0000	12.0688
1475	-5.0496	-468.4856	0.0000	12.0788
1476	-5.0496	-468.3076	0.0000	12.0900
1477	-5.0496	-522.3599	0.0000	12.1011
1478	-5.0496	-503.2569	0.0000	12.1072
1479	-4.8498	-521.7320	0.0000	12.1136
1480	-4.8498	-516.3969	0.0000	12.1205
1481	-4.8498	-401.1455	0.0000	12.1275
1482	-4.8498	-501.6028	0.0000	12.1337
1483	-4.4664	-490.5356	0.0000	12.1415
1484	-4.4664	-487.7949	0.0000	12.1481
1485	-4.3920	-507.5426	0.0000	12.1540
1486	-4.3920	-519.3696	0.0000	12.1601
1487	-4.3920	-510.4700	0.0000	12.1669
1488	-4.3920	-495.4207	0.0000	12.1726
1489	-4.3920	-501.6165	0.0000	12.1796
1490	-4.0553	-456.4575	0.0000	12.1861
1491	-4.0553	-469.6879	0.0000	12.1924
1492	-4.0553	-464.3449	0.0000	12.1981
1493	-4.0553	-464.2714	0.0000	12.2049
1494	-4.0553	-436.8860	0.0000	12.2110
1495	-4.0553	-346.5936	0.0000	12.2166
1496	-4.0553	-400.2807	0.0000	12.2238
1497	-4.0553	-391.4465	0.0000	12.2298
1498	-4.0553	-458.3334	0.0000	12.2352
1499	-4.0032	-445.5957	0.0000	12.2416
1500	-4.0032	-394.7081	0.0000	12.2471
1501	-4.0032	-404.0865	0.0000	12.2534
1502	-3.7170	-407.2423	0.0000	12.2598
1503	-3.7170	-434.9471	0.0000	12.2651
1504	-3.6172	-393.2581	0.0000	12.2714
1505	-3.6172	-386.6500	0.0000	12.2776
1506	-3.6172	-368.5199	0.0000	12.2840
1507	-3.6172	-337.5162	0.0000	12.2904
1508	-3.6172	-388.7522	0.0000	12.2969
1509	-3.6172	-383.2602	0.0000	12.3028
1510	-3.6172	-368.2180	0.0000	12.3104
1511	-3.6172	-384.1056	0.0000	12.3201
1512	-3.3644	-403.7879	0.0000	12.3293
1513	-3.3644	-395.9155	0.0000	12.3389
1514	-3.0188	-384.7588	0.0000	12.3488
1515	-3.0188	-399.9008	0.0000	12.3567
1516	-2.9505	-379.5353	0.0000	12.3672
1517	-2.6546	-405.7801	0.0000	12.3760
1518	-2.6546	-390.1209	0.0000	12.3871
1519	-2.6546	-474.6022	0.0000	12.3945
1520	-2.6546	-527.5580	0.0000	12.4024
1521	-2.6546	-520.3541	0.0000	12.4092
1522	-2.6546	-494.3428	0.0000	12.4158
1523	-1.3881	-508.9060	0.0000	12.4220
1524	-1.3881	-475.4221	0.0000	12.4276
1525	-1.3881	-478.2327	0.0000	12.4339
1526	-1.3881	-458.4818	0.0000	12.4445
1527	-1.3881	-475.3174	0.0000	12.4545
1528	-1.3881	-495.2276	0.0000	12.4643
1529	-1.3881	-482.7144	0.0000	12.4736
1530	-1.3881	-449.2379	0.0000	12.4827
1531	-1.3881	-469.7057	0.0000	12.4927
1532	-1.3121	-466.1927	0.0000	12.5006
1533	-1.3121	-462.0967	0.0000	12.5094
1534	-1.3121	-461.7463	0.0000	12.5166
1535	-1.3121	-451.1451	0.0000	12.5232
1536	-1.3121	-419.3998	0.0000	12.5299
1537	-1.2228	-433.8573	0.0000	12.5359
1538	-1.2228	-509.0491	0.0000	12.5418
1539	-1.2228	-467.8451	0.0000	12.5478
1540	-1.2228	-413.7014	0.0000	12.5531
1541	-1.2228	-428.4314	0.0000	12.5598
1542	-1.1965	-427.4020	0.0000	12.5692
1543	-1.1965	-435.3790	0.0000	12.5790
1544	-1.1965	-427.2116	0.0000	12.5881
1545	-1.0152	-425.8719	0.0000	12.5976
1546	-1.0106	-430.1068	0.0000	12.6070
1547	-0.9386	-449.1875	0.0000	12.6125
1548	-0.5615	-452.7157	0.0000	12.6181
1549	-0.5615	-431.9826	0.0000	12.6241
1550	-0.5615	-488.2355	0.0000	12.6327
1551	-0.5615	-421.2480	0.0000	12.6418
1552	-0.5615	-423.7561	0.0000	12.6503
1553	-0.5615	-412.9457	0.0000	12.6598
1554	-0.5615	-439.7842	0.0000	12.6692
1555	-0.5615	-406.6274	0.0000	12.6785
1556	-0.5615	-394.0698	0.0000	12.6867
1557	-0.5615	-405.1555	0.0000	12.6928
1558	-0.5615	-407.0323	0.0000	12.6991
1559	-0.5615	-390.0874	0.0000	12.7050
1560	-0.5615	-378.9925	0.0000	12.7104
1561	-0.5615	-378.7300	0.0000	12.7165
1562	-0.4635	-406.9995	0.0000	12.7223
1563	-0.4635	-397.7261	0.0000	12.7271
1564	-0.4635	-361.4717	0.0000	12.7332
1565	-0.4635	-372.5559	0.0000	12.7437
1566	-0.4635	-351.5270	0.0000	12.7540
1567	-0.3739	-365.6709	0.0000	12.7640
1568	-0.3739	-369.1201	0.0000	12.7740
1569	-0.3624	-336.5416	0.0000	12.7836
1570	-0.3624	-345.1279	0.0000	12.7940
1571	-0.3624	-358.4850	0.0000	12.8033
1572	-0.3624	-347.6688	0.0000	12.8121
1573	-0.3136	-323.1475	0.0000	12.8194
1574	-0.3136	-334.2057	0.0000	12.8264
1575	-0.1880	-314.9327	0.0000	12.8329
1576	-0.1880	-321.0349	0.0000	12.8397
1577	-0.1880	-341.0005	0.0000	12.8469
1578	-0.1880	-341.6812	0.0000	12.8538
1579	-0.1880	-315.6968	0.0000	12.8604
1580	-0.1880	-320.4584	0.0000	12.8685
1581	-0.1206	-317.8012	0.0000	12.8760
1582	-0.0556	-346.1752	0.0000	12.8826
1583	-0.0556	-294.4532	0.0000	12.8920
1584	-0.0556	-345.0960	0.0000	12.9023
1585	-0.0556	-323.3473	0.0000	12.9123
1586	-0.0556	-329.2714	0.0000	12.9219
1587	-0.0556	-328.4168	0.0000	12.9321
1588	-0.0556	-314.8876	0.0000	12.9423
1589	-0.0556	-252.4318	0.0000	12.9533
1590	-0.0556	-341.7254	0.0000	12.9635
1591	-0.0556	-311.4713	0.0000	12.9734
1592	-0.0556	-337.7147	0.0000	12.9831
1593	-0.0556	-323.1713	0.0000	12.9932
1594	-0.0556	-372.0241	0.0000	13.0026
1595	-0.0556	-339.3784	0.0000	13.0125
1596	-0.0556	-367.2996	0.0000	13.0221
1597	-0.0556	-382.6764	0.0000	13.0321
1598	-0.0556	-368.9884	0.0000	13.0415
1599	-0.0556	-371.3110	0.0000	13.0489
1600	-0.0556	-375.2046	0.0000	13.0555
1601	-0.0556	-290.8032	0.0000	13.0610
1602	-0.0556	-375.8723	0.0000	13.0675
1603	-0.0556	-352.3095	0.0000	13.0732
1604	-0.0556	-331.1937	0.0000	13.0824
1605	-0.0556	-353.7600	0.0000	13.0916
1606	-0.0556	-344.5674	0.0000	13.1014
1607	-0.0556	-327.9983	0.0000	13.1117
1608	-0.0446	-338.1867	0.0000	13.1215
1609	-0.0446	-309.3576	0.0000	13.1314
1610	-0.0446	-309.1992	0.0000	13.1416
1611	-0.0446	-363.3008	0.0000	13.1511
1612	-0.0446	-339.5704	0.0000	13.1609
1613	-0.0446	-308.5605	0.0000	13.1705
1614	-0.0446	-342.8269	0.0000	13.1801
1615	-0.0394	-302.6910	0.0000	13.1889
1616	-0.0394	-310.7802	0.0000	13.1997
1617	-0.0394	-320.3604	0.0000	13.2108
1618	-0.0394	-365.7468	0.0000	13.2203
1619	-0.0394	-351.1108	0.0000	13.2296
1620	-0.0394	-340.7589	0.0000	13.2393
1621	-0.0394	-343.8981	0.0000	13.2470
1622	-0.0257	-318.0142	0.0000	13.2541
1623	-0.0257	-334.5322	0.0000	13.2597
1624	-0.0257	-313.1024	0.0000	13.2661
1625	-0.0257	-306.0936	0.0000	13.2731
1626	-0.0257	-322.3393	0.0000	13.2798
1627	-0.0257	-319.4505	0.0000	13.2859
1628	-0.0257	-321.5824	0.0000	13.2933
1629	-0.0257	-319.3387	0.0000	13.3002
1630	-0.0257	-337.5625	0.0000	13.3073
1631	-0.0257	-392.0680	0.0000	13.3142
1632	-0.0257	-376.9678	0.0000	13.3216
1633	-0.0257	-366.5622	0.0000	13.3295
1634	-0.0257	-401.6200	0.0000	13.3366
1635	-0.0257	-411.7897	0.0000	13.3439
1636	-0.0257	-372.7459	0.0000	13.3503
1637	-0.0257	-401.9073	0.0000	13.3570
1638	-0.0257	-398.4140	0.0000	13.3641
1639	-0.0786	-433.6537	0.0000	13.3704
1640	-0.0786	-454.2944	0.0000	13.3769
1641	-0.0786	-479.3611	0.0000	13.3831
1642	-0.0786	-478.9638	0.0000	13.3896
1643	-0.0786	-469.8623	0.0000	13.3964
1644	-0.0786	-440.4146	0.0000	13.4029
1645	-0.0769	-465.8135	0.0000	13.4094
1646	-0.0756	-438.8736	0.0000	13.4161
1647	-0.0756	-438.2140	0.0000	13.4229
1648	-0.0756	-430.1657	0.0000	13.4294
1649	-0.0735	-526.6359	0.0000	13.4363
1650	-0.0735	-438.0021	0.0000	13.4428
1651	-0.0735	-453.1165	0.0000	13.4489
1652	-0.0620	-423.3848	0.0000	13.4558
1653	-0.0565	-458.5258	0.0000	13.4627
1654	-0.0565	-447.2603	0.0000	13.4696
1655	-0.0448	-459.6818	0.0000	13.4766
1656	-0.0448	-454.4738	0.0000	13.4834
1657	-0.0448	-436.4937	0.0000	13.4899
1658	-0.0343	-450.9652	0.0000	13.4965
1659	-0.0343	-440.4239	0.0000	13.5033
1660	-0.0343	-428.1907	0.0000	13.5098
1661	-0.0343	-414.5312	0.0000	13.5163
1662	-0.0301	-423.5241	0.0000	13.5225
1663	-0.0207	-401.6928	0.0000	13.5285
1664	-0.0207	-424.3354	0.0000	13.5346
1665	-0.0207	-430.2341	0.0000	13.5417
1666	-0.0207	-418.3551	0.0000	13.5517
1667	-0.0207	-401.8509	0.0000	13.5626
1668	-0.0207	-411.5786	0.0000	13.5727
1669	-0.0207	-431.7526	0.0000	13.5824
1670	-0.0207	-368.9448	0.0000	13.6000
1671	-0.0207	-556.8681	0.0000	13.6091
1672	-0.0207	-558.6045	0.0000	13.6156
1673	-0.0207	-554.0229	0.0000	13.6210
1674	-0.0207	-634.6681	0.0000	13.6267
1675	-0.0207	-565.8061	0.0000	13.6332
1676	-0.0194	-572.6889	0.0000	13.6393
1677	-0.0119	-538.7182	0.0000	13.6465
1678	-0.0119	-530.6159	0.0000	13.6546
1679	-0.0119	-541.0158	0.0000	13.6618
1680	-0.0119	-512.0295	0.0000	13.6684
1681	-0.0119	-525.9616	0.0000	13.6743
1682	-0.0090	-521.3143	0.0000	13.6812
1683	-0.0090	-499.7691	0.0000	13.6888
1684	-0.0090	-516.6900	0.0000	13.6954
1685	-0.0090	-521.5467	0.0000	13.7014
1686	-0.0090	-506.2613	0.0000	13.7079
1687	-0.0090	-514.1805	0.0000	13.7141
1688	-0.0090	-502.8474	0.0000	13.7200
1689	-0.0090	-433.3124	0.0000	13.7268
1690	-0.0090	-514.8757	0.0000	13.7331
1691	-0.0090	-486.4691	0.0000	13.7390
1692	-0.0090	-515.3836	0.0000	13.7475
1693	-0.0090	-454.5299	0.0000	13.7561
1694	-0.0090	-462.5879	0.0000	13.7634
1695	-0.0090	-460.2554	0.0000	13.7703
1696	-0.0065	-493.8522	0.0000	13.7765
1697	-0.0065	-455.6017	0.0000	13.7827
1698	-0.0065	-456.4081	0.0000	13.7891
1699	-0.0065	-421.1198	0.0000	13.7956
1700	-0.0065	-547.3514	0.0000	13.8016
1701	-0.0065	-455.1711	0.0000	13.8080
1702	-0.0542	-455.9854	0.0000	13.8174
1703	-0.0542	-506.8976	0.0000	13.8251
1704	-0.0542	-515.8559	0.0000	13.8345
1705	-0.0542	-467.5179	0.0000	13.8430
1706	-0.0542	-522.0109	0.0000	13.8521
1707	-0.0542	-496.0123	0.0000	13.8633
1708	-0.0542	-497.5943	0.0000	13.8746
1709	-0.0542	-491.1945	0.0000	13.8840
1710	-0.0542	-452.4602	0.0000	13.8901
1711	-0.0542	-470.3841	0.0000	13.8953
1712	-0.0542	-449.8528	0.0000	13.9015
1713	-0.0542	-479.4189	0.0000	13.9076
1714	-0.0542	-460.4989	0.0000	13.9129
1715	-0.0542	-416.2317	0.0000	13.9197
1716	-0.0542	-429.7886	0.0000	13.9310
1717	-0.0542	-429.7794	0.0000	13.9405
1718	-0.0542	-449.6615	0.0000	13.9496
1719	-0.0542	-423.3336	0.0000	13.9593
1720	-0.0542	-442.4364	0.0000	13.9688
1721	-0.0542	-379.4976	0.0000	13.9783
1722	-0.0542	-391.0038	0.0000	13.9884
1723	-0.0542	-415.5316	0.0000	13.9969
1724	-0.0542	-402.5605	0.0000	14.0067
1725	-0.0542	-391.1016	0.0000	14.0175
1726	-0.0542	-386.4676	0.0000	14.0268
1727	-0.0542	-398.6186	0.0000	14.0371
1728	-0.0542	-402.7766	0.0000	14.0464
1729	-0.0542	-383.6270	0.0000	14.0558
1730	-0.0515	-370.4054	0.0000	14.0652
1731	-0.0515	-395.5770	0.0000	14.0747
1732	-0.0441	-339.4626	0.0000	14.0844
1733	-0.0441	-340.9523	0.0000	14.0944
1734	-0.0441	-372.4953	0.0000	14.1036
1735	-0.0441	-306.1298	0.0000	14.1141
1736	-0.0441	-358.7714	0.0000	14.1237
1737	-0.0441	-376.8585	0.0000	14.1334
1738	-0.0441	-364.8785	0.0000	14.1435
1739	-0.0441	-392.8282	0.0000	14.1533
1740	-0.0441	-396.2395	0.0000	14.1634
1741	-0.0441	-393.6675	0.0000	14.1743
1742	-0.0439	-394.0372	0.0000	14.1843
1743	-0.0439	-397.9267	0.0000	14.1935
1744	-0.0439	-370.1184	0.0000	14.2034
1745	-0.0439	-441.7587	0.0000	14.2130
1746	-0.0439	-410.2746	0.0000	14.2224
1747	-0.0439	-387.1750	0.0000	14.2319
1748	-0.0439	-399.0588	0.0000	14.2409
1749	-0.0439	-386.9788	0.0000	14.2504
1750	-0.0439	-418.6342	0.0000	14.2598
1751	-0.0439	-330.7945	0.0000	14.2685
1752	-0.0439	-397.0232	0.0000	14.2782
1753	-0.0439	-388.9677	0.0000	14.2886
1754	-0.0439	-367.6198	0.0000	14.3004
1755	-0.0439	-387.2177	0.0000	14.3115
1756	-0.0439	-408.5053	0.0000	14.3227
1757	-0.0439	-393.6493	0.0000	14.3334
1758	-0.0439	-366.5910	0.0000	14.3440
1759	-0.0439	-398.4402	0.0000	14.3507
1760	-0.0439	-355.9587	0.0000	14.3571
1761	-0.0439	-364.8950	0.0000	14.3639
1762	-0.0439	-367.6469	0.0000	14.3709
1763	-0.0439	-485.3294	0.0000	14.3769
1764	-0.0425	-413.5617	0.0000	14.3849
1765	-0.0425	-431.3692	0.0000	14.3944
1766	-0.0425	-441.4517	0.0000	14.4036
1767	-0.0425	-440.3272	0.0000	14.4136
1768	-0.0425	-401.7421	0.0000	14.4240
1769	-0.0411	-426.2407	0.0000	14.4345
1770	-0.0394	-388.2646	0.0000	14.4447
1771	-0.0366	-378.0614	0.0000	14.4545
1772	-0.0366	-409.7228	0.0000	14.4642
1773	-0.0366	-400.7607	0.0000	14.4739
1774	-0.0336	-406.1057	0.0000	14.4835
1775	-0.0336	-382.8695	0.0000	14.4937
1776	-0.0312	-363.0124	0.0000	14.5031
1777	-0.0226	-382.0564	0.0000	14.5101
1778	-0.0226	-420.8777	0.0000	14.5165
1779	-0.0226	-403.4194	0.0000	14.5218
1780	-0.0226	-417.0051	0.0000	14.5281
1781	-0.0226	-465.0500	0.0000	14.5346
1782	-0.0169	-430.6164	0.0000	14.5441
1783	-0.0157	-451.4599	0.0000	14.5513
1784	-0.0157	-456.6816	0.0000	14.5588
1785	-0.0101	-441.5905	0.0000	14.5660
1786	-0.0101	-428.2428	0.0000	14.5725
1787	-0.0054	-520.1606	0.0000	14.5796
1788	-0.0054	-476.3987	0.0000	14.5868
1789	-0.0054	-454.9734	0.0000	14.5929
1790	-0.0054	-454.1101	0.0000	14.6001
1791	-0.0157	-470.6941	0.0000	14.6076
1792	-0.0157	-524.2586	0.0000	14.6136
1793	-0.0157	-547.8775	0.0000	14.6206
1794	-0.0157	-508.9823	0.0000	14.6271
1795	-0.0157	-521.4420	0.0000	14.6330
1796	-0.0157	-569.5850	0.0000	14.6416
1797	-0.0157	-524.1768	0.0000	14.6524
1798	-0.0157	-508.2790	0.0000	14.6621
1799	-0.0157	-501.0033	0.0000	14.6718
1800	-0.0157	-486.3251	0.0000	14.6812
1801	-0.0124	-492.9698	0.0000	14.6920
1802	-0.0124	-471.5150	0.0000	14.7030
1803	-0.0124	-495.3864	0.0000	14.7134
1804	-0.0124	-481.3032	0.0000	14.7245
1805	-0.0124	-455.9992	0.0000	14.7361
1806	-0.0124	-455.6452	0.0000	14.7434
1807	-0.0124	-469.6164	0.0000	14.7502
1808	-0.0124	-463.7434	0.0000	14.7568
1809	-0.0124	-471.5427	0.0000	14.7636
1810	-0.0124	-503.5556	0.0000	14.7689
1811	-0.0124	-464.7789	0.0000	14.7754
1812	-0.0124	-463.3457	0.0000	14.7815
1813	-0.0124	-446.9722	0.0000	14.7871
1814	-0.0124	-486.9030	0.0000	14.7927
1815	-0.0124	-454.5938	0.0000	14.7993
1816	-0.0124	-443.6931	0.0000	14.8062
1817	-0.0124	-458.3829	0.0000	14.8118
1818	-0.0124	-472.7410	0.0000	14.8180
1819	-0.0124	-445.9646	0.0000	14.8250
1820	-0.0124	-443.3512	0.0000	14.8313
1821	-0.0124	-452.2170	0.0000	14.8379
1822	-0.0124	-466.6305	0.0000	14.8484
1823	-0.0124	-456.0668	0.0000	14.8555
1824	-0.0124	-643.5718	0.0000	14.8624
1825	-0.0124	-586.5293	0.0000	14.8686
1826	-0.0124	-564.2252	0.0000	14.8787
1827	-0.0124	-601.8923	0.0000	14.8884
1828	-0.0124	-585.8563	0.0000	14.8976
1829	-0.0124	-560.9735	0.0000	14.9072
1830	-0.0124	-572.5458	0.0000	14.9138
1831	-0.0124	-616.7223	0.0000	14.9199
1832	-0.0124	-542.7008	0.0000	14.9261
1833	-0.0124	-564.4433	0.0000	14.9325
1834	-0.0124	-550.0460	0.0000	14.9423
1835	-0.0124	-543.0736	0.0000	14.9528
1836	-0.0124	-572.7023	0.0000	14.9627
1837	-0.0103	-546.9815	0.0000	14.9731
1838	-0.0103	-543.9651	0.0000	14.9831
1839	-0.2188	-525.1400	0.0000	14.9935
1840	-0.2188	-581.1106	0.0000	15.0017
1841	-0.2188	-569.8134	0.0000	15.0083
1842	-0.2188	-556.8122	0.0000	15.0152
1843	-0.2154	-565.5617	0.0000	15.0220
1844	-0.2154	-566.7422	0.0000	15.0279
1845	-0.1660	-537.6065	0.0000	15.0374
1846	-0.1660	-559.4780	0.0000	15.0440
1847	-0.1619	-538.0322	0.0000	15.0509
1848	-0.1375	-517.3943	0.0000	15.0579
1849	-0.1375	-526.9273	0.0000	15.0639
1850	-0.1375	-509.5185	0.0000	15.0730
1851	-0.0868	-510.3558	0.0000	15.0837
1852	-0.0868	-505.4129	0.0000	15.0933
1853	-0.0868	-493.6241	0.0000	15.1035
1854	-0.0868	-505.6605	0.0000	15.1147
1855	-0.0868	-503.5905	0.0000	15.1242
1856	-0.0868	-512.1987	0.0000	15.1298
1857	-0.0868	-486.9265	0.0000	15.1367
1858	-0.0750	-470.4307	0.0000	15.1433
1859	-0.0750	-510.5602	0.0000	15.1524
1860	-0.0746	-488.6550	0.0000	15.1615
1861	-0.0746	-486.9829	0.0000	15.1711
1862	-0.0746	-541.9687	0.0000	15.1809
1863	-0.0597	-502.0774	0.0000	15.1910
1864	-0.0597	-496.9525	0.0000	15.1985
1865	-0.0573	-488.8679	0.0000	15.2076
1866	-0.0573	-478.7334	0.0000	15.2165
1867	-0.0573	-471.6263	0.0000	15.2253
1868	-0.0573	-447.2755	0.0000	15.2360
1869	-0.0573	-470.1036	0.0000	15.2421
1870	-0.0573	-490.5266	0.0000	15.2491
1871	-0.0502	-451.3199	0.0000	15.2556
1872	-0.0502	-469.0038	0.0000	15.2621
1873	-0.0502	-479.8634	0.0000	15.2687
1874	-0.0502	-457.8359	0.0000	15.2752
1875	-0.0388	-463.9233	0.0000	15.2838
1876	-0.0388	-465.8215	0.0000	15.2897
1877	-0.0388	-463.1979	0.0000	15.2961
1878	-0.0388	-454.3400	0.0000	15.3017
1879	-0.0349	-451.9930	0.0000	15.3077
1880	-0.0349	-443.4417	0.0000	15.3141
1881	-0.0349	-422.2831	0.0000	15.3197
1882	-0.0349	-425.4694	0.0000	15.3264
1883	-0.0349	-413.1260	0.0000	15.3326
1884	-0.2429	-437.9328	0.0000	15.3418
1885	-0.2429	-428.0840	0.0000	15.3521
1886	-0.2429	-460.7027	0.0000	15.3618
1887	-0.2429	-435.9615	0.0000	15.3729
1888	-0.2429	-487.1499	0.0000	15.3834
1889	-0.2429	-457.7977	0.0000	15.3910
1890	-0.2429	-463.0590	0.0000	15.3981
1891	-0.2429	-447.5341	0.0000	15.4049
1892	-0.2429	-474.1601	0.0000	15.4117
1893	-0.2429	-486.5194	0.0000	15.4179
1894	-0.2429	-482.9390	0.0000	15.4237
1895	-0.2429	-467.2209	0.0000	15.4297
1896	-0.2429	-490.2782	0.0000	15.4363
1897	-0.2429	-477.4579	0.0000	15.4427
1898	-0.2429	-482.7294	0.0000	15.4494
1899	-0.2429	-474.8170	0.0000	15.4560
1900	-0.2429	-476.4326	0.0000	15.4624
1901	-0.2429	-469.9642	0.0000	15.4688
1902	-0.2429	-460.4098	0.0000	15.4752
1903	-0.2429	-490.4250	0.0000	15.4813
1904	-0.2429	-356.9802	0.0000	15.4870
1905	-0.2429	-464.0428	0.0000	15.4930
1906	-0.2429	-432.1132	0.0000	15.4997
1907	-0.2429	-437.0218	0.0000	15.5054
1908	-0.2429	-442.0920	0.0000	15.5112
1909	-0.2429	-421.4538	0.0000	15.5175
1910	-0.2429	-440.5339	0.0000	15.5233
1911	-0.2429	-438.9668	0.0000	15.5288
1912	-0.2429	-412.4476	0.0000	15.5346
1913	-0.2429	-435.1672	0.0000	15.5403
1914	-0.2429	-436.8411	0.0000	15.5465
1915	-0.2429	-419.3304	0.0000	15.5520
1916	-0.2429	-434.2984	0.0000	15.5577
1917	-0.2429	-422.6561	0.0000	15.5641
1918	-0.2429	-417.8299	0.0000	15.5710
1919	-0.2429	-444.5061	0.0000	15.5770
1920	-0.2429	-451.7422	0.0000	15.5829
1921	-0.2429	-488.2132	0.0000	15.5888
1922	-0.2429	-500.9733	0.0000	15.5953
1923	-0.2429	-539.2928	0.0000	15.6017
1924	-0.2429	-515.5278	0.0000	15.6084
1925	-0.2429	-494.6954	0.0000	15.6151
1926	-0.2429	-471.2579	0.0000	15.6224
1927	-0.2429	-501.0538	0.0000	15.6292
1928	-0.2429	-460.9294	0.0000	15.6364
1929	-0.2429	-493.4770	0.0000	15.6437
1930	-0.2429	-478.5419	0.0000	15.6508
1931	-0.2429	-468.8222	0.0000	15.6572
1932	-0.2429	-485.8059	0.0000	15.6652
1933	-0.2429	-501.4841	0.0000	15.6723
1934	-0.2429	-512.5013	0.0000	15.6791
1935	-0.2429	-488.3850	0.0000	15.6858
1936	-0.2429	-476.8900	0.0000	15.6928
1937	-0.2429	-474.7284	0.0000	15.7003
1938	-0.2429	-483.9686	0.0000	15.7070
1939	-0.8297	-453.2491	0.0000	15.7134
1940	-0.8297	-520.5043	0.0000	15.7204
1941	-0.8297	-542.9968	0.0000	15.7259
1942	-0.8297	-529.6379	0.0000	15.7317
1943	-0.8297	-494.0744	0.0000	15.7381
1944	-0.8297	-534.1971	0.0000	15.7435
1945	-0.8297	-519.9904	0.0000	15.7494
1946	-0.8297	-523.6010	0.0000	15.7558
1947	-0.8297	-509.5449	0.0000	15.7620
1948	-0.8297	-549.5532	0.0000	15.7671
1949	-0.8297	-500.6983	0.0000	15.7729
1950	-0.8297	-507.9873	0.0000	15.7790
1951	-0.8297	-490.9332	0.0000	15.7852
1952	-0.8297	-439.6843	0.0000	15.7916
1953	-0.8297	-484.9537	0.0000	15.7982
1954	-0.8297	-487.8123	0.0000	15.8047
1955	-0.8297	-494.6569	0.0000	15.8108
1956	-0.8297	-510.5202	0.0000	15.8176
1957	-0.8297	-487.7676	0.0000	15.8244
1958	-0.8297	-514.2970	0.0000	15.8307
1959	-0.8297	-513.3844	0.0000	15.8374
1960	-0.8297	-468.7823	0.0000	15.8441
1961	-0.8297	-472.9326	0.0000	15.8508
1962	-0.8297	-504.2641	0.0000	15.8575
1963	-0.8297	-505.2556	0.0000	15.8644
1964	-0.8297	-509.2819	0.0000	15.8709
1965	-0.8297	-480.1550	0.0000	15.8774
1966	-0.8297	-474.7106	0.0000	15.8846
1967	-0.8297	-416.9375	0.0000	15.8919
1968	-0.8297	-473.1368	0.0000	15.8989
1969	-0.8297	-464.7886	0.0000	15.9067
1970	-0.8297	-474.3252	0.0000	15.9134
1971	-0.8297	-470.1128	0.0000	15.9207
1972	-0.8297	-477.9078	0.0000	15.9282
1973	-0.8297	-480.5934	0.0000	15.9354
1974	-0.8297	-450.2967	0.0000	15.9476
1975	-0.8297	-548.3094	0.0000	15.9545
1976	-0.8297	-537.1065	0.0000	15.9617
1977	-0.8297	-567.5590	0.0000	15.9682
1978	-0.8297	-547.4675	0.0000	15.9750
1979	-0.8297	-543.8927	0.0000	15.9824
1980	-0.8297	-543.2305	0.0000	15.9893
1981	-0.8297	-536.0186	0.0000	15.9966
1982	-0.8297	-532.0248	0.0000	16.0035
1983	-0.8297	-550.1824	0.0000	16.0101
1984	-0.8297	-558.2706	0.0000	16.0167
1985	-0.8297	-524.6371	0.0000	16.0232
1986	-0.8297	-519.2100	0.0000	16.0296
1987	-0.8297	-499.4330	0.0000	16.0362
1988	-0.8297	-476.8028	0.0000	16.0429
1989	-0.8297	-418.8357	0.0000	16.0492
1990	-0.8297	-453.3516	0.0000	16.0558
1991	-0.8297	-425.6946	0.0000	16.0627
1992	-0.8297	-443.2404	0.0000	16.0693
1993	-0.8297	-467.9671	0.0000	16.0751
1994	-0.8297	-446.0582	0.0000	16.0834
1995	-0.8297	-415.9663	0.0000	16.0934
1996	-0.8297	-382.1865	0.0000	16.1026
1997	-0.7153	-400.4420	0.0000	16.1124
1998	-0.7153	-407.1786	0.0000	16.1220
1999	-0.6146	-399.6293	0.0000	16.1281
2000	-0.6146	-439.9232	0.0000	16.1357
2001	-0.6146	-408.9593	0.0000	16.1430
2002	-0.6146	-407.5777	0.0000	16.1527
2003	-0.6146	-427.8994	0.0000	16.1608
2004	-0.6146	-397.6679	0.0000	16.1668
2005	-0.6146	-411.8411	0.0000	16.1730
2006	-0.6146	-413.1193	0.0000	16.1798
2007	-0.6146	-425.9589	0.0000	16.1886
2008	-0.6146	-413.1939	0.0000	16.1964
2009	-0.6146	-428.0429	0.0000	16.2028
2010	-0.6084	-441.6270	0.0000	16.2120
2011	-0.6084	-458.8643	0.0000	16.2208
2012	-0.6084	-450.9094	0.0000	16.2296
2013	-0.6084	-470.4115	0.0000	16.2387
2014	-0.6084	-462.8294	0.0000	16.2475
2015	-0.6084	-440.6837	0.0000	16.2563
2016	-0.6084	-433.0650	0.0000	16.2651
2017	-0.6084	-420.0901	0.0000	16.2740
2018	-0.6084	-397.9464	0.0000	16.2832
2019	-0.5899	-407.1024	0.0000	16.2932
2020	-0.5899	-403.4598	0.0000	16.3043
2021	-0.5899	-388.2796	0.0000	16.3151
2022	-0.5899	-370.4362	0.0000	16.3253
2023	-0.5804	-377.4878	0.0000	16.3357
2024	-0.5583	-383.9559	0.0000	16.3455
2025	-0.5583	-382.2477	0.0000	16.3552
2026	-0.5018	-411.8776	0.0000	16.3653
2027	-0.5018	-388.9224	0.0000	16.3746
2028	-0.4898	-400.0486	0.0000	16.3843
2029	-0.4898	-377.7426	0.0000	16.3934
2030	-0.4898	-405.7953	0.0000	16.4024
2031	-0.3642	-402.3180	0.0000	16.4121
2032	-0.3642	-402.9625	0.0000	16.4213
2033	-0.3642	-394.6736	0.0000	16.4314
2034	-0.3588	-380.8494	0.0000	16.4409
2035	-0.3588	-401.5435	0.0000	16.4499
2036	-0.3588	-383.4679	0.0000	16.4603
2037	-0.3561	-369.3985	0.0000	16.4698
2038	-0.3227	-380.5165	0.0000	16.4790
2039	-0.3227	-368.9954	0.0000	16.4902
2040	-0.3227	-385.8173	0.0000	16.5002
2041	-0.3227	-403.5467	0.0000	16.5112
2042	-0.3227	-361.3531	0.0000	16.5219
2043	-0.3227	-368.0986	0.0000	16.5337
2044	-0.3227	-370.2554	0.0000	16.5449
2045	-0.2986	-387.7057	0.0000	16.5549
2046	-0.2986	-360.7078	0.0000	16.5649
2047	-0.2906	-357.4521	0.0000	16.5746
2048	-0.2825	-355.7846	0.0000	16.5841
2049	-0.2825	-352.1869	0.0000	16.5936
2050	-0.2422	-379.0579	0.0000	16.6038
2051	-0.2422	-391.3703	0.0000	16.6141
2052	-0.2422	-361.1704	0.0000	16.6246
2053	-0.2422	-387.5744	0.0000	16.6354
2054	-0.2422	-414.7235	0.0000	16.6461
2055	-0.2300	-370.3423	0.0000	16.6565
2056	-0.2300	-387.2571	0.0000	16.6668
2057	-0.2300	-365.5151	0.0000	16.6773
2058	-0.2300	-378.1187	0.0000	16.6879
2059	-0.2300	-354.1068	0.0000	16.6979
2060	-0.2086	-333.3417	0.0000	16.7056
2061	-0.2075	-406.3194	0.0000	16.7118
2062	-0.2075	-379.9218	0.0000	16.7184
2063	-0.2075	-408.9671	0.0000	16.7251
2064	-0.2075	-374.3734	0.0000	16.7311
2065	-0.2075	-410.6406	0.0000	16.7379
2066	-0.2067	-482.3560	0.0000	16.7446
2067	-0.2067	-475.5641	0.0000	16.7509
2068	-0.1963	-433.5746	0.0000	16.7571
2069	-0.1963	-421.2457	0.0000	16.7635
2070	-0.1837	-450.4893	0.0000	16.7699
2071	-0.1837	-452.9654	0.0000	16.7761
2072	-0.1694	-469.7220	0.0000	16.7825
2073	-0.1694	-524.0873	0.0000	16.7888
2074	-0.1694	-466.7392	0.0000	16.7953
2075	-0.1694	-467.6036	0.0000	16.8016
2076	-0.1694	-451.4465	0.0000	16.8081
2077	-0.1679	-453.7680	0.0000	16.8148
2078	-0.1679	-492.6386	0.0000	16.8213
2079	-0.1679	-493.5932	0.0000	16.8277
2080	-0.1670	-488.1752	0.0000	16.8342
2081	-0.1670	-492.5119	0.0000	16.8410
2082	-0.1583	-494.3198	0.0000	16.8476
2083	-0.1583	-489.6582	0.0000	16.8540
2084	-0.1583	-492.7024	0.0000	16.8608
2085	-0.1498	-501.2625	0.0000	16.8666
2086	-0.1498	-503.8568	0.0000	16.8719
2087	-0.1498	-511.2679	0.0000	16.8775
2088	-0.1498	-496.3071	0.0000	16.8845
2089	-0.1498	-532.2469	0.0000	16.8914
2090	-0.1498	-535.9127	0.0000	16.8982
2091	-0.1498	-515.6968	0.0000	16.9049
2092	-0.1498	-526.9879	0.0000	16.9112
2093	-1.2394	-551.7065	0.0000	16.9183
2094	-1.2394	-555.0947	0.0000	16.9249
2095	-1.2394	-586.1056	0.0000	16.9317
2096	-1.2394	-530.4399	0.0000	16.9382
2097	-1.1288	-546.5977	0.0000	16.9450
2098	-1.1288	-546.7711	0.0000	16.9516
2099	-1.1288	-560.3307	0.0000	16.9580
2100	-1.1288	-559.4881	0.0000	16.9644
2101	-1.1288	-538.5071	0.0000	16.9705
2102	-1.1288	-537.4961	0.0000	16.9767
2103	-1.1288	-530.9011	0.0000	16.9832
2104	-1.1288	-537.3001	0.0000	16.9894
2105	-1.1288	-518.7080	0.0000	16.9957
2106	-1.1288	-542.3690	0.0000	17.0020
2107	-1.1288	-520.0704	0.0000	17.0079
2108	-1.1288	-496.0285	0.0000	17.0145
2109	-1.1288	-498.2769	0.0000	17.0210
2110	-1.1288	-492.6825	0.0000	17.0270
2111	-1.1288	-547.0896	0.0000	17.0327
2112	-1.1288	-513.8399	0.0000	17.0385
2113	-1.1288	-499.5917	0.0000	17.0450
2114	-1.1288	-510.9245	0.0000	17.0511
2115	-1.1288	-479.7882	0.0000	17.0571
2116	-1.1288	-496.4951	0.0000	17.0638
2117	-1.1288	-477.7213	0.0000	17.0697
2118	-1.1288	-451.0880	0.0000	17.0758
2119	-1.1288	-464.5456	0.0000	17.0822
2120	-1.1288	-428.5950	0.0000	17.0883
2121	-1.1288	-460.0152	0.0000	17.0944
2122	-1.1288	-435.8562	0.0000	17.1008
2123	-1.1288	-466.7330	0.0000	17.1068
2124	-1.1288	-456.9687	0.0000	17.1131
2125	-1.1288	-473.6980	0.0000	17.1192
2126	-1.1288	-442.1937	0.0000	17.1297
2127	-1.1288	-569.5098	0.0000	17.1360
2128	-1.1288	-558.5831	0.0000	17.1423
2129	-1.1288	-547.2674	0.0000	17.1482
2130	-1.1288	-500.5884	0.0000	17.1538
2131	-1.1288	-499.2771	0.0000	17.1595
2132	-1.1288	-492.3049	0.0000	17.1664
2133	-1.1288	-517.0361	0.0000	17.1739
2134	-1.1288	-440.9783	0.0000	17.1820
2135	-1.1288	-470.5219	0.0000	17.1888
2136	-1.1288	-474.6431	0.0000	17.1945
2137	-1.1288	-496.0525	0.0000	17.2002
2138	-1.1288	-452.2004	0.0000	17.2082
2139	-1.1288	-459.1873	0.0000	17.2141
2140	-1.1288	-425.9004	0.0000	17.2214
2141	-1.1288	-470.7093	0.0000	17.2294
2142	-1.1288	-487.2861	0.0000	17.2379
2143	-1.1288	-464.8684	0.0000	17.2465
2144	-1.1288	-494.7454	0.0000	17.2561
2145	-1.1060	-460.7803	0.0000	17.2639
2146	-1.1060	-377.5174	0.0000	17.2727
2147	-1.1060	-423.5172	0.0000	17.2836
2148	-1.1060	-416.0524	0.0000	17.2929
2149	-1.1060	-415.1468	0.0000	17.3025
2150	-1.1060	-440.5787	0.0000	17.3128
2151	-1.1060	-425.7528	0.0000	17.3225
2152	-1.1060	-418.1934	0.0000	17.3328
2153	-1.1060	-424.9803	0.0000	17.3408
2154	-1.1060	-379.0693	0.0000	17.3478
2155	-1.1060	-379.4333	0.0000	17.3550
2156	-1.1060	-375.9185	0.0000	17.3620
2157	-1.1060	-402.4733	0.0000	17.3681
2158	-1.1060	-380.5575	0.0000	17.3752
2159	-1.1060	-392.7562	0.0000	17.3848
2160	-1.1060	-390.3668	0.0000	17.3926
2161	-1.1060	-410.2765	0.0000	17.4010
2162	-1.1060	-486.6269	0.0000	17.4088
2163	-1.1060	-406.3555	0.0000	17.4158
2164	-1.1060	-395.6542	0.0000	17.4234
2165	-1.1060	-333.4722	0.0000	17.4313
2166	-1.1060	-405.1712	0.0000	17.4390
2167	-1.1060	-429.0660	0.0000	17.4467
2168	-1.1060	-353.9835	0.0000	17.4549
2169	-1.1060	-395.5376	0.0000	17.4641
2170	-1.1060	-383.2271	0.0000	17.4740
2171	-1.1060	-385.1889	0.0000	17.4810
2172	-1.1060	-345.6026	0.0000	17.4887
2173	-1.1060	-378.8466	0.0000	17.4949
2174	-1.1060	-395.0301	0.0000	17.5025
2175	-1.1060	-389.7144	0.0000	17.5103
2176	-1.1060	-371.2514	0.0000	17.5179
2177	-1.1060	-380.6857	0.0000	17.5254
2178	-1.1060	-377.1463	0.0000	17.5320
2179	-1.1060	-356.7372	0.0000	17.5411
2180	-1.1060	-376.0713	0.0000	17.5506
2181	-1.1060	-308.5783	0.0000	17.5610
2182	-1.1060	-354.8451	0.0000	17.5711
2183	-1.1060	-336.4215	0.0000	17.5814
2184	-1.1060	-297.3796	0.0000	17.5917
2185	-1.1060	-338.4975	0.0000	17.6026
2186	-1.1060	-335.8717	0.0000	17.6128
2187	-1.1060	-322.6099	0.0000	17.6225
2188	-1.1060	-319.2898	0.0000	17.6325
2189	-1.1060	-316.3769	0.0000	17.6406
2190	-1.1060	-329.3823	0.0000	17.6490
2191	-1.1060	-372.5776	0.0000	17.6570
2192	-1.1060	-314.6619	0.0000	17.6640
2193	-1.1060	-303.8223	0.0000	17.6712
2194	-1.1060	-317.5923	0.0000	17.6786
2195	-1.1060	-292.9561	0.0000	17.6878
2196	-1.1060	-315.4835	0.0000	17.6978
2197	-1.1060	-315.1786	0.0000	17.7040
2198	-1.1060	-437.9039	0.0000	17.7102
2199	-1.1060	-378.5732	0.0000	17.7153
2200	-1.1060	-306.0100	0.0000	17.7230
2201	-1.1060	-342.2576	0.0000	17.7328
2202	-1.0441	-357.7944	0.0000	17.7414
2203	-1.0441	-356.5589	0.0000	17.7476
2204	-1.0215	-370.4927	0.0000	17.7543
2205	-1.0215	-342.7568	0.0000	17.7605
2206	-0.8811	-357.9759	0.0000	17.7675
2207	-0.8407	-440.2531	0.0000	17.7736
2208	-0.8000	-382.3137	0.0000	17.7796
2209	-0.7897	-365.6591	0.0000	17.7856
2210	-0.7897	-378.2841	0.0000	17.7921
2211	-0.7897	-371.4344	0.0000	17.7984
2212	-0.7897	-368.8038	0.0000	17.8046
2213	-0.7897	-392.8573	0.0000	17.8112
2214	-0.7818	-395.8979	0.0000	17.8172
2215	-0.7818	-391.2153	0.0000	17.8238
2216	-0.7818	-403.0536	0.0000	17.8296
2217	-0.7818	-393.3812	0.0000	17.8365
2218	-0.7654	-408.6972	0.0000	17.8437
2219	-0.7328	-376.4575	0.0000	17.8499
2220	-0.7249	-394.7893	0.0000	17.8582
2221	-0.7155	-411.8108	0.0000	17.8675
2222	-0.7155	-400.4428	0.0000	17.8748
2223	-0.7006	-434.9943	0.0000	17.8818
2224	-0.6534	-365.4459	0.0000	17.8881
2225	-0.6534	-412.7637	0.0000	17.8942
2226	-0.6534	-410.7044	0.0000	17.9026
2227	-0.5945	-408.6581	0.0000	17.9108
2228	-0.5804	-355.8713	0.0000	17.9173
2229	-0.5804	-378.2056	0.0000	17.9238
2230	-0.5804	-395.4344	0.0000	17.9310
2231	-0.5804	-386.9362	0.0000	17.9370
2232	-0.5804	-399.1468	0.0000	17.9471
2233	-0.5804	-387.0133	0.0000	17.9574
2234	-0.5804	-401.1229	0.0000	17.9674
2235	-0.5387	-418.3928	0.0000	17.9771
2236	-0.5387	-404.5504	0.0000	17.9896
2237	-0.5387	-430.1942	0.0000	17.9996
2238	-0.5387	-420.1966	0.0000	18.0102
2239	-0.5387	-392.7000	0.0000	18.0202
2240	-0.4947	-386.4291	0.0000	18.0310
2241	-0.4947	-416.8309	0.0000	18.0418
2242	-0.4947	-420.4384	0.0000	18.0521
2243	-0.4947	-424.3512	0.0000	18.0627
2244	-0.4947	-468.9993	0.0000	18.0730
2245	-0.4947	-441.1894	0.0000	18.0838
2246	-0.4947	-431.6591	0.0000	18.0942
2247	-0.4769	-422.8039	0.0000	18.1036
2248	-0.4769	-438.7204	0.0000	18.1135
2249	-0.4769	-453.8240	0.0000	18.1238
2250	-0.4769	-443.8261	0.0000	18.1337
2251	-0.4769	-418.2655	0.0000	18.1437
2252	-0.4769	-422.3404	0.0000	18.1541
2253	-0.4769	-329.0111	0.0000	18.1597
2254	-0.4753	-417.9621	0.0000	18.1663
2255	-0.4753	-400.0510	0.0000	18.1725
2256	-0.4281	-405.3671	0.0000	18.1782
2257	-0.4239	-396.0017	0.0000	18.1850
2258	-0.4239	-399.5486	0.0000	18.1910
2259	-0.4239	-364.5715	0.0000	18.1966
2260	-0.4239	-399.7483	0.0000	18.2043
2261	-0.4239	-408.0102	0.0000	18.2117
2262	-0.4088	-423.5978	0.0000	18.2175
2263	-0.4088	-438.7167	0.0000	18.2253
2264	-0.4088	-395.1497	0.0000	18.2320
2265	-0.4088	-408.3027	0.0000	18.2380
2266	-0.4088	-412.0548	0.0000	18.2447
2267	-0.9859	-405.8062	0.0000	18.2512
2268	-0.9859	-422.4494	0.0000	18.2577
2269	-0.9859	-444.9269	0.0000	18.2669
2270	-0.9859	-415.4671	0.0000	18.2757
2271	-0.9859	-435.1673	0.0000	18.2843
2272	-0.9859	-421.9771	0.0000	18.2928
2273	-0.9859	-424.7179	0.0000	18.3017
2274	-0.9859	-455.3703	0.0000	18.3101
2275	-0.9859	-409.0689	0.0000	18.3170
2276	-0.8319	-420.0377	0.0000	18.3231
2277	-0.8319	-397.2708	0.0000	18.3289
2278	-0.8319	-456.7916	0.0000	18.3377
2279	-0.8319	-565.2812	0.0000	18.3442
2280	-0.8319	-501.8523	0.0000	18.3503
2281	-0.8319	-531.0909	0.0000	18.3567
2282	-0.8319	-470.3589	0.0000	18.3625
2283	-0.8319	-486.2644	0.0000	18.3679
2284	-0.8319	-448.6081	0.0000	18.3734
2285	-0.8319	-485.8879	0.0000	18.3793
2286	-0.8319	-485.1758	0.0000	18.3847
2287	-0.8319	-469.7943	0.0000	18.3901
2288	-0.8319	-453.9785	0.0000	18.3957
2289	-3.0570	-455.2324	0.0000	18.4015
2290	-3.0570	-486.2424	0.0000	18.4071
2291	-3.0570	-512.0805	0.0000	18.4127
2292	-3.0570	-512.3397	0.0000	18.4238
2293	-3.0570	-485.8102	0.0000	18.4355
2294	-3.0570	-516.5486	0.0000	18.4460
2295	-3.0570	-488.5678	0.0000	18.4574
2296	-3.0570	-491.4224	0.0000	18.4680
2297	-3.0570	-402.5524	0.0000	18.4750
2298	-3.0570	-455.2712	0.0000	18.4810
2299	-3.0570	-466.6123	0.0000	18.4872
2300	-3.0570	-487.6735	0.0000	18.4928
2301	-3.0570	-385.3467	0.0000	18.4987
2302	-3.0570	-461.5691	0.0000	18.5042
2303	-3.0570	-432.0783	0.0000	18.5101
2304	-3.0570	-424.9092	0.0000	18.5162
2305	-3.0570	-443.6207	0.0000	18.5217
2306	-3.0570	-415.4851	0.0000	18.5274
2307	-3.0570	-454.1746	0.0000	18.5329
2308	-3.0570	-459.7585	0.0000	18.5385
2309	-2.9539	-482.7321	0.0000	18.5440
2310	-2.9539	-469.7803	0.0000	18.5498
2311	-2.9539	-466.2019	0.0000	18.5557
2312	-2.9539	-467.1733	0.0000	18.5609
2313	-2.9539	-473.6497	0.0000	18.5662
2314	-2.9539	-466.3900	0.0000	18.5718
2315	-2.7090	-444.3427	0.0000	18.5771
2316	-1.9444	-466.0580	0.0000	18.5824
2317	-0.6789	-533.0939	0.0000	18.5877
2318	-0.6789	-485.3737	0.0000	18.5930
2319	-0.6789	-465.1670	0.0000	18.5988
2320	-0.6789	-472.3870	0.0000	18.6043
2321	-0.6789	-482.4934	0.0000	18.6099
2322	-0.6789	-440.7469	0.0000	18.6152
2323	-0.5303	-443.1897	0.0000	18.6207
2324	-0.5303	-390.4471	0.0000	18.6264
2325	-0.5303	-422.6588	0.0000	18.6321
2326	-0.5303	-427.7586	0.0000	18.6375
2327	-0.5303	-436.4908	0.0000	18.6434
2328	-0.5303	-430.3756	0.0000	18.6492
2329	-0.5303	-415.3146	0.0000	18.6548
2330	-0.5303	-405.8343	0.0000	18.6602
2331	-0.5303	-409.0866	0.0000	18.6659
2332	-0.5303	-402.8490	0.0000	18.6717
2333	-0.5303	-406.8942	0.0000	18.6776
2334	-0.5303	-361.4405	0.0000	18.6836
2335	-0.5303	-369.8537	0.0000	18.6896
2336	-0.5004	-362.8905	0.0000	18.6954
2337	-0.5004	-391.0971	0.0000	18.7008
2338	-0.5004	-375.7306	0.0000	18.7063
2339	-0.5004	-351.0295	0.0000	18.7116
2340	-0.5004	-354.5252	0.0000	18.7172
2341	-0.5004	-374.9364	0.0000	18.7227
2342	-0.5004	-364.3984	0.0000	18.7281
2343	-0.3608	-362.2422	0.0000	18.7339
2344	-0.3608	-372.1459	0.0000	18.7393
2345	-0.3608	-363.8726	0.0000	18.7446
2346	-0.3608	-369.1456	0.0000	18.7500
2347	-0.3608	-349.4765	0.0000	18.7561
2348	-0.3608	-384.7816	0.0000	18.7615
2349	-0.3608	-349.1969	0.0000	18.7673
2350	-0.3608	-345.2707	0.0000	18.7728
2351	-0.3608	-332.7045	0.0000	18.7783
2352	-0.3608	-339.2777	0.0000	18.7838
2353	-0.3608	-301.2923	0.0000	18.7894
2354	-0.2565	-307.3115	0.0000	18.7951
2355	-0.2565	-330.5664	0.0000	18.8013
2356	-0.2565	-353.7114	0.0000	18.8068
2357	-0.2565	-351.2067	0.0000	18.8124
2358	-0.2565	-374.8093	0.0000	18.8180
2359	-0.2019	-354.3908	0.0000	18.8237
2360	-0.2019	-362.8996	0.0000	18.8291
2361	-0.1713	-364.5890	0.0000	18.8346
2362	-0.1713	-350.5196	0.0000	18.8404
2363	-0.1713	-248.0321	0.0000	18.8468
2364	-0.1713	-346.3292	0.0000	18.8524
2365	-0.1600	-370.1859	0.0000	18.8578
2366	-0.1600	-339.0205	0.0000	18.8632
2367	-0.1600	-332.1591	0.0000	18.8685
2368	-0.1600	-252.9622	0.0000	18.8738
2369	-0.1466	-312.7209	0.0000	18.8794
2370	-0.1071	-319.7490	0.0000	18.8854
2371	-0.1055	-334.6200	0.0000	18.8913
2372	-0.1055	-355.1933	0.0000	18.8972
2373	-0.1055	-349.7772	0.0000	18.9032
2374	-0.1055	-329.0819	0.0000	18.9089
2375	-0.1055	-386.8117	0.0000	18.9144
2376	-0.1055	-378.2591	0.0000	18.9205
2377	-0.1055	-382.5479	0.0000	18.9262
2378	-0.1055	-390.5525	0.0000	18.9320
2379	-0.1055	-404.6072	0.0000	18.9377
2380	-0.0945	-387.8685	0.0000	18.9438
2381	-0.0898	-384.9228	0.0000	18.9497
2382	-0.0865	-395.0727	0.0000	18.9552
2383	-0.0596	-442.5486	0.0000	18.9609
2384	-0.0596	-402.2780	0.0000	18.9664
2385	-0.0596	-324.7447	0.0000	18.9718
2386	-0.0596	-390.8380	0.0000	18.9773
2387	-0.0596	-399.2328	0.0000	18.9828
2388	-0.0596	-377.4091	0.0000	18.9894
2389	-0.0596	-433.5612	0.0000	18.9948
2390	-0.0455	-417.0671	0.0000	19.0000
2391	-0.0455	-426.4891	0.0000	19.0054
2392	-0.0455	-432.9899	0.0000	19.0112
2393	-0.0455	-430.2553	0.0000	19.0171
2394	-0.0280	-444.0825	0.0000	19.0231
2395	-0.0280	-441.6632	0.0000	19.0289
2396	-0.0280	-431.6825	0.0000	19.0345
2397	-0.0280	-441.8622	0.0000	19.0402
2398	-0.0280	-448.5753	0.0000	19.0460
2399	-0.0280	-459.8816	0.0000	19.0516
2400	-0.0280	-395.6337	0.0000	19.0571
2401	-0.0280	-448.7796	0.0000	19.0629
2402	-0.0280	-448.3279	0.0000	19.0684
2403	-0.0280	-427.4999	0.0000	19.0744
2404	-0.0280	-436.1060	0.0000	19.0805
2405	-0.0177	-427.9042	0.0000	19.0860
2406	-0.0177	-415.5109	0.0000	19.0914
2407	-0.0177	-407.1638	0.0000	19.0969
2408	-0.0121	-429.3040	0.0000	19.1022
2409	-0.0121	-440.8733	0.0000	19.1079
2410	-0.0121	-409.9942	0.0000	19.1135
2411	-0.0121	-396.7365	0.0000	19.1186
2412	-0.0121	-392.1174	0.0000	19.1245
2413	-0.0121	-413.6139	0.0000	19.1309
2414	-0.0121	-413.5442	0.0000	19.1369
2415	-0.0121	-420.8550	0.0000	19.1421
2416	-0.0121	-437.6741	0.0000	19.1474
2417	-0.0121	-396.0867	0.0000	19.1533
2418	-0.0121	-436.7790	0.0000	19.1583
2419	-0.0076	-395.8135	0.0000	19.1635
2420	-0.0076	-397.1711	0.0000	19.1689
2421	-0.0076	-397.9191	0.0000	19.1740
2422	-0.0076	-460.5563	0.0000	19.1791
2423	-0.0051	-404.7267	0.0000	19.1842
2424	-0.0051	-367.6866	0.0000	19.1894
2425	-0.0217	-395.5796	0.0000	19.1953
2426	-0.0196	-490.8176	0.0000	19.2006
2427	-0.0196	-497.9026	0.0000	19.2057
2428	-0.0196	-495.8405	0.0000	19.2110
2429	-0.0196	-472.8835	0.0000	19.2162
2430	-0.0196	-421.2953	0.0000	19.2245
2431	-0.0181	-548.6462	0.0000	19.2304
2432	-0.0181	-516.7576	0.0000	19.2361
2433	-0.0181	-543.0803	0.0000	19.2418
2434	-0.0181	-515.8650	0.0000	19.2475
2435	-0.0181	-391.7749	0.0000	19.2530
2436	-0.0181	-475.3417	0.0000	19.2587
2437	-0.0181	-447.7742	0.0000	19.2645
2438	-0.0181	-488.1459	0.0000	19.2700
2439	-0.0180	-431.7504	0.0000	19.2755
2440	-0.0180	-445.3133	0.0000	19.2811
2441	-0.0180	-445.9065	0.0000	19.2870
2442	-0.0180	-419.6311	0.0000	19.2926
2443	-0.0180	-434.4462	0.0000	19.2983
2444	-0.0180	-440.2092	0.0000	19.3042
2445	-0.0180	-398.4619	0.0000	19.3098
2446	-0.0180	-396.7773	0.0000	19.3154
2447	-0.0180	-390.3031	0.0000	19.3211
2448	-0.0180	-416.6803	0.0000	19.3267
2449	-0.0180	-364.2069	0.0000	19.3319
2450	-0.0163	-367.9300	0.0000	19.3377
2451	-0.0163	-383.4596	0.0000	19.3440
2452	-0.0163	-396.1790	0.0000	19.3496
2453	-0.0068	-358.9687	0.0000	19.3555
2454	-0.0068	-390.4332	0.0000	19.3610
2455	-0.0053	-393.0653	0.0000	19.3662
2456	-0.0053	-372.4489	0.0000	19.3715
2457	-0.0053	-395.2559	0.0000	19.3764
2458	-0.0029	-398.6791	0.0000	19.3817
2459	-0.0029	-403.0259	0.0000	19.3866
2460	-0.0029	-401.3821	0.0000	19.3916
2461	-0.0029	-384.2345	0.0000	19.3971
2462	-0.0029	-361.6059	0.0000	19.4028
2463	-0.0029	-386.2764	0.0000	19.4087
2464	-0.0029	-465.0457	0.0000	19.4143
2465	-0.0029	-398.7174	0.0000	19.4196
2466	-0.0029	-415.7559	0.0000	19.4252
2467	-0.0029	-409.0968	0.0000	19.4306
2468	-0.0029	-409.2282	0.0000	19.4358
2469	-0.2933	-410.0337	0.0000	19.4415
2470	-0.2933	-433.0962	0.0000	19.4474
2471	-0.2933	-454.7888	0.0000	19.4530
2472	-0.2933	-445.6220	0.0000	19.4586
2473	-0.2933	-453.0879	0.0000	19.4642
2474	-0.2933	-450.5805	0.0000	19.4696
2475	-0.2331	-460.9822	0.0000	19.4751
2476	-0.2331	-437.7360	0.0000	19.4807
2477	-0.2331	-423.8584	0.0000	19.4862
2478	-0.2331	-316.0424	0.0000	19.4921
2479	-0.1839	-427.5574	0.0000	19.4977
2480	-0.1839	-442.2416	0.0000	19.5035
2481	-0.1839	-413.6875	0.0000	19.5090
2482	-0.1839	-406.3886	0.0000	19.5144
2483	-0.1839	-433.8161	0.0000	19.5199
2484	-0.1839	-417.9492	0.0000	19.5254
2485	-0.1839	-456.4801	0.0000	19.5309
2486	-0.1839	-402.9623	0.0000	19.5365
2487	-0.1839	-408.5874	0.0000	19.5423
2488	-0.1839	-398.5709	0.0000	19.5481
2489	-0.1839	-396.4001	0.0000	19.5542
2490	-0.1839	-423.9954	0.0000	19.5605
2491	-0.1839	-420.4428	0.0000	19.5667
2492	-0.1839	-304.3720	0.0000	19.5729
2493	-0.1839	-405.2738	0.0000	19.5789
2494	-0.1839	-407.8409	0.0000	19.5848
2495	-0.1839	-415.0277	0.0000	19.5915
2496	-0.1839	-423.0620	0.0000	19.5974
2497	-0.1839	-392.1283	0.0000	19.6033
2498	-0.1839	-412.7792	0.0000	19.6094
2499	-0.1839	-402.0822	0.0000	19.6154
2500	-0.1839	-394.5553	0.0000	19.6211
2501	-0.1802	-368.9204	0.0000	19.6276
2502	-0.1802	-375.1160	0.0000	19.6334
2503	-0.1802	-367.5721	0.0000	19.6392
2504	-0.1802	-386.1411	0.0000	19.6452
2505	-0.1802	-398.3757	0.0000	19.6511
2506	-0.1802	-389.3204	0.0000	19.6571
2507	-0.1802	-374.2871	0.0000	19.6636
2508	-0.1802	-405.2604	0.0000	19.6694
2509	-0.1449	-373.0534	0.0000	19.6751
2510	-0.1322	-387.6362	0.0000	19.6811
2511	-0.1224	-387.5516	0.0000	19.6871
2512	-0.1224	-394.4164	0.0000	19.6927
2513	-0.1224	-394.5872	0.0000	19.6982
2514	-0.1224	-380.6457	0.0000	19.7042
2515	-0.0997	-397.7175	0.0000	19.7097
2516	-0.0997	-380.2943	0.0000	19.7154
2517	-0.0997	-392.9761	0.0000	19.7209
2518	-0.0912	-397.0335	0.0000	19.7262
2519	-0.0742	-368.0321	0.0000	19.7312
2520	-0.0705	-395.2016	0.0000	19.7366
2521	-0.0705	-384.5807	0.0000	19.7425
2522	-0.0705	-377.0371	0.0000	19.7483
2523	-0.0675	-378.0050	0.0000	19.7541
2524	-0.0675	-375.8143	0.0000	19.7598
2525	-0.0675	-391.0042	0.0000	19.7656
2526	-0.0675	-370.7882	0.0000	19.7711
2527	-0.0675	-424.4225	0.0000	19.7764
2528	-0.0675	-395.1858	0.0000	19.7823
2529	-0.0494	-410.4335	0.0000	19.7882
2530	-0.0494	-412.0007	0.0000	19.7936
2531	-0.0494	-386.4248	0.0000	19.7993
2532	-0.0494	-390.6869	0.0000	19.8051
2533	-0.0494	-322.2441	0.0000	19.8107
2534	-0.0494	-391.5577	0.0000	19.8163
2535	-0.0470	-407.6298	0.0000	19.8225
2536	-0.0424	-396.8507	0.0000	19.8281
2537	-0.0424	-426.5786	0.0000	19.8336
2538	-0.0424	-392.4179	0.0000	19.8394
2539	-0.0424	-393.6600	0.0000	19.8450
2540	-0.0424	-390.3887	0.0000	19.8515
2541	-0.0377	-449.4195	0.0000	19.8571
2542	-2.5488	-420.5502	0.0000	19.8628
2543	-2.5488	-496.9891	0.0000	19.8688
2544	-2.5488	-502.8373	0.0000	19.8749
2545	-2.5488	-520.2929	0.0000	19.8814
2546	-2.5488	-505.4823	0.0000	19.8879
2547	-2.5488	-525.2069	0.0000	19.8941
2548	-2.5488	-525.9436	0.0000	19.9007
2549	-2.5488	-524.6116	0.0000	19.9075
2550	-2.5488	-520.8338	0.0000	19.9136
2551	-2.5488	-492.4962	0.0000	19.9203
2552	-2.5488	-468.6128	0.0000	19.9264
2553	-2.5488	-518.2120	0.0000	19.9326
2554	-2.5488	-494.1330	0.0000	19.9388
2555	-2.5488	-448.3471	0.0000	19.9454
2556	-2.5488	-478.5660	0.0000	19.9522
2557	-2.5488	-498.9272	0.0000	19.9580
2558	-2.5488	-502.6838	0.0000	19.9639
2559	-2.5488	-455.8233	0.0000	19.9702
2560	-2.5488	-473.8550	0.0000	19.9760
2561	-2.5488	-471.5828	0.0000	19.9827
2562	-2.5488	-419.2013	0.0000	19.9894
2563	-2.0001	-447.6659	0.0000	19.9955
2564	-2.0001	-443.7821	0.0000	20.0018
2565	-2.0001	-365.1162	0.0000	20.0084
2566	-2.0001	-483.5716	0.0000	20.0144
2567	-2.0001	-475.8704	0.0000	20.0199
2568	-2.0001	-446.3358	0.0000	20.0256
2569	-2.0001	-483.9349	0.0000	20.0313
2570	-2.0001	-459.2880	0.0000	20.0371
2571	-2.0001	-516.0923	0.0000	20.0429
2572	-2.0001	-489.0634	0.0000	20.0485
2573	-2.0001	-524.7016	0.0000	20.0581
2574	-2.0001	-484.2214	0.0000	20.0681
2575	-2.1515	-495.3307	0.0000	20.0787
2576	-2.1515	-485.7065	0.0000	20.0891
2577	-2.1515	-470.3136	0.0000	20.1020
2578	-2.1515	-477.2912	0.0000	20.1134
2579	-2.1515	-491.2661	0.0000	20.1242
2580	-2.1515	-464.9904	0.0000	20.1344
2581	-2.1515	-565.6959	0.0000	20.1446
2582	-1.8391	-492.0862	0.0000	20.1608
2583	-1.8391	-568.0875	0.0000	20.1713
2584	-1.8391	-565.4195	0.0000	20.1813
2585	-1.8391	-561.6730	0.0000	20.1907
2586	-1.8391	-543.5025	0.0000	20.2006
2587	-1.8391	-512.5918	0.0000	20.2102
2588	-1.8391	-550.7195	0.0000	20.2199
2589	-1.8391	-529.5082	0.0000	20.2294
2590	-1.8391	-518.6447	0.0000	20.2393
2591	-1.8391	-515.8102	0.0000	20.2488
2592	-1.8391	-512.9114	0.0000	20.2582
2593	-1.8391	-472.8525	0.0000	20.2681
2594	-1.8391	-493.6496	0.0000	20.2777
2595	-1.8391	-479.4632	0.0000	20.2872
2596	-1.3747	-473.0501	0.0000	20.2971
2597	-1.3747	-469.3859	0.0000	20.3068
2598	-1.3747	-450.7286	0.0000	20.3161
2599	-0.9779	-446.1266	0.0000	20.3260
2600	-0.9779	-442.9523	0.0000	20.3353
2601	-0.9779	-429.1861	0.0000	20.3454
2602	-0.9779	-442.2594	0.0000	20.3565
2603	-0.9779	-446.0948	0.0000	20.3688
2604	-0.9779	-425.3730	0.0000	20.3796
2605	-0.9779	-424.7582	0.0000	20.3913
2606	-0.9779	-416.1719	0.0000	20.4024
2607	-0.9779	-388.4762	0.0000	20.4133
2608	-0.9779	-425.7962	0.0000	20.4251
2609	-0.9779	-421.5177	0.0000	20.4353
2610	-0.9779	-454.6652	0.0000	20.4456
2611	-0.9779	-482.9420	0.0000	20.4554
2612	-0.9779	-429.7874	0.0000	20.4659
2613	-0.9779	-430.4213	0.0000	20.4763
2614	-0.9779	-398.2706	0.0000	20.4870
2615	-0.9779	-430.6721	0.0000	20.4980
2616	-0.9779	-414.9015	0.0000	20.5078
2617	-0.9779	-415.0147	0.0000	20.5178
2618	-0.9779	-395.6339	0.0000	20.5280
2619	-0.8192	-407.5385	0.0000	20.5377
2620	-0.7988	-397.0748	0.0000	20.5475
2621	-0.7988	-379.8245	0.0000	20.5581
2622	-0.7385	-356.1343	0.0000	20.5693
2623	-0.7385	-385.8704	0.0000	20.5791
2624	-0.7385	-381.5621	0.0000	20.5901
2625	-0.6441	-401.6936	0.0000	20.6013
2626	-0.6101	-367.5359	0.0000	20.6121
2627	-0.6101	-368.9224	0.0000	20.6222
2628	-0.6101	-379.7295	0.0000	20.6327
2629	-0.6101	-415.6499	0.0000	20.6425
2630	-0.6101	-377.6621	0.0000	20.6534
2631	-0.5955	-386.3988	0.0000	20.6641
2632	-0.5955	-463.5165	0.0000	20.6746
2633	-0.5955	-406.0996	0.0000	20.6846
2634	-0.5747	-382.5712	0.0000	20.6949
2635	-0.4338	-396.6322	0.0000	20.7052
2636	-0.4071	-417.0169	0.0000	20.7153
2637	-0.4071	-383.3177	0.0000	20.7252
2638	-0.4071	-381.6796	0.0000	20.7351
2639	-0.3475	-383.4731	0.0000	20.7460
2640	-0.3475	-395.7964	0.0000	20.7562
2641	-0.3444	-380.1382	0.0000	20.7659
2642	-0.3442	-371.2829	0.0000	20.7762
2643	-0.3100	-397.9679	0.0000	20.7850
2644	-0.3100	-381.3348	0.0000	20.7961
2645	-0.3100	-383.9272	0.0000	20.8067
2646	-0.2603	-372.3592	0.0000	20.8167
2647	-0.2603	-390.2882	0.0000	20.8275
2648	-0.2603	-339.9521	0.0000	20.8373
2649	-0.2603	-363.9076	0.0000	20.8471
2650	-0.2603	-369.4042	0.0000	20.8575
2651	-0.2603	-435.7851	0.0000	20.8675
2652	-0.2603	-423.4961	0.0000	20.8773
2653	-0.2523	-418.5759	0.0000	20.8871
2654	-0.2486	-421.4170	0.0000	20.8970
2655	-0.2111	-431.8656	0.0000	20.9065
2656	-0.2111	-412.9060	0.0000	20.9156
2657	-0.2111	-416.3051	0.0000	20.9260
2658	-0.2111	-385.3131	0.0000	20.9368
2659	-0.2111	-407.3647	0.0000	20.9486
2660	-0.2111	-441.7159	0.0000	20.9595
2661	-0.2111	-423.9122	0.0000	20.9702
2662	-0.1991	-399.7165	0.0000	20.9804
2663	-0.1991	-431.5557	0.0000	20.9915
2664	-0.1991	-359.1442	0.0000	21.0019
2665	-0.1991	-416.8354	0.0000	21.0120
Pos: [-0.4980831582612986, -4.01588705133874, -4.8584919290818975, -1.0102101668575616, -3.0326053096717196, 1.7555350421655862, 3.1935742319266316, -2.005323503177334, -3.887651816812028, -3.242588572401877]

=================================================================================================================