ID: himmelblau	Date: 2018-06-14 13:55:33	Runs: 1
=================================================================================================================
Run: 0
Iter	Gbest	AvrFit	Diver	ETime	
0	196.7582	-1.1853	1.0000	108.8183
1	199.4632	43.8762	0.9748	169.0328
2	199.4632	-18.6184	0.9711	230.9284
3	199.4632	-26.8951	0.9609	294.0938
4	199.4632	-0.5204	0.9422	356.1828
5	199.4632	72.2201	0.9379	417.9401
6	199.4632	54.1438	0.9328	480.6483
7	199.4632	74.1881	0.9286	540.3156
8	199.6744	123.6545	0.9149	600.7602
9	199.6744	97.3475	0.9105	661.8559
10	199.6744	121.9312	0.9087	721.9732
11	199.6744	133.5011	0.8942	782.0573
12	199.7713	146.7915	0.8880	842.3700
13	199.7713	125.9762	0.8910	901.8905
14	199.7713	120.9563	0.8867	961.5221
15	199.7713	160.2887	0.8793	1020.7026
16	199.7713	160.9478	0.8788	1079.7756
17	199.7713	159.6030	0.8810	1132.8423
18	199.7713	158.2652	0.8822	1186.6288
19	199.7713	166.2486	0.8811	1240.4754
20	199.9014	161.6309	0.8812	1305.4130
21	199.9014	177.1378	0.8758	1360.0967
22	199.9014	156.6172	0.8720	1415.9501
23	199.9014	156.5017	0.8716	1473.4442
24	199.9014	163.0756	0.8699	1527.8306
25	199.9014	160.9465	0.8706	1582.0754
26	199.9014	158.4664	0.8702	1636.5659
27	199.9014	174.4136	0.8669	1689.5156
28	199.9014	173.8817	0.8646	1742.9640
29	199.9014	173.2322	0.8642	1795.7273
30	199.9014	174.3723	0.8632	1848.9232
31	199.9014	177.3776	0.8625	1901.5198
32	199.9014	176.2733	0.8620	1955.1511
33	199.9014	170.4638	0.8613	2008.3499
34	199.9611	176.1525	0.8581	2061.5456
35	199.9611	179.3168	0.8565	2114.0397
36	199.9611	178.4102	0.8527	2168.1614
37	199.9611	175.3334	0.8516	2221.7851
38	199.9611	183.8990	0.8513	2274.8561
39	199.9611	185.2140	0.8502	2328.3432
40	199.9611	176.8015	0.8499	2381.2902
41	199.9611	179.0741	0.8464	2434.0594
42	199.9890	180.8022	0.8459	2487.3977
43	199.9890	182.9314	0.8435	2540.1311
44	199.9890	180.2006	0.8431	2592.9532
45	199.9890	186.2358	0.8413	2645.6871
46	199.9890	186.2307	0.8420	2698.9491
47	199.9890	188.8326	0.8402	2751.3080
48	199.9890	185.3380	0.8384	2804.3554
49	199.9890	186.9539	0.8393	2856.9989
50	199.9890	190.2845	0.8373	2909.8070
51	199.9890	186.6577	0.8369	2962.7147
52	199.9890	183.7446	0.8345	3015.5339
53	199.9890	189.6351	0.8350	3068.4533
54	199.9890	190.1278	0.8350	3120.9552
55	199.9890	189.1795	0.8352	3174.1455
56	199.9890	190.5226	0.8364	3227.6351
57	199.9894	192.2921	0.8354	3281.2614
58	199.9894	192.2477	0.8357	3335.2451
59	199.9894	191.1251	0.8343	3388.9375
60	199.9894	192.2615	0.8341	3442.6956
61	199.9894	191.9963	0.8335	3496.8188
62	199.9898	192.1316	0.8331	3549.6848
63	199.9898	192.5541	0.8322	3603.6444
64	199.9898	193.3749	0.8322	3655.4265
65	199.9898	193.7175	0.8320	3709.0156
66	199.9898	192.8016	0.8312	3762.5372
67	199.9898	191.3409	0.8305	3814.9722
68	199.9898	192.4701	0.8296	3867.0630
69	199.9898	192.4758	0.8297	3919.0252
70	199.9898	191.6861	0.8297	3970.5818
71	199.9898	192.1379	0.8297	4023.0951
72	199.9898	192.1198	0.8297	4076.1008
73	199.9898	193.8536	0.8290	4128.4950
74	199.9898	192.8040	0.8287	4180.5062
75	199.9898	192.5697	0.8293	4232.2695
76	199.9898	191.3151	0.8294	4284.0161
77	199.9898	191.2661	0.8282	4337.0187
78	199.9898	195.1120	0.8283	4388.6309
79	199.9898	191.6685	0.8273	4440.7961
80	199.9898	194.6012	0.8274	4492.5644
81	199.9991	191.6159	0.8273	4545.4893
82	199.9991	192.6229	0.8271	4597.5699
83	199.9991	194.4022	0.8271	4649.5979
84	199.9991	193.8260	0.8271	4701.8156
85	199.9991	193.0458	0.8271	4754.8709
86	199.9991	190.7987	0.8269	4807.5790
87	199.9991	193.9834	0.8269	4859.3829
88	199.9991	194.0666	0.8267	4911.6309
89	199.9991	193.2405	0.8261	4964.0558
90	199.9991	192.9189	0.8261	5016.6595
91	199.9991	194.1282	0.8261	5070.5492
92	199.9991	195.3070	0.8254	5127.9986
93	199.9991	193.2543	0.8249	5186.4567
94	199.9991	192.3782	0.8249	5247.3581
95	199.9991	191.4579	0.8247	5308.1429
96	199.9991	194.7769	0.8241	5369.8275
97	199.9991	192.8547	0.8242	5429.8277
98	199.9991	193.0462	0.8242	5488.4446
99	199.9991	191.9989	0.8242	5547.8618
100	199.9991	193.6417	0.8242	5606.1420
101	199.9991	190.4759	0.8242	5666.4779
102	199.9991	194.0631	0.8242	5727.3285
103	199.9991	193.0432	0.8242	5786.0522
104	199.9991	193.6349	0.8242	5844.6326
105	199.9991	193.3142	0.8240	5903.7442
106	199.9991	194.0846	0.8239	5963.9339
107	199.9991	195.5557	0.8233	6022.1374
108	199.9991	193.8103	0.8233	6081.3053
109	199.9991	190.9323	0.8231	6141.8555
110	199.9991	194.4212	0.8232	6201.1127
111	199.9991	192.4228	0.8232	6260.7272
112	199.9991	192.5592	0.8231	6319.7680
113	199.9991	188.4830	0.8239	6379.9314
114	199.9991	191.8761	0.8239	6439.1181
115	199.9991	193.8289	0.8238	6499.5553
116	199.9991	192.4733	0.8238	6559.4931
117	199.9991	193.8333	0.8238	6618.8257
118	199.9991	193.1669	0.8237	6678.8859
119	199.9991	194.4011	0.8238	6737.4868
120	199.9991	194.5027	0.8237	6798.1939
121	199.9991	195.1100	0.8234	6858.7928
122	199.9991	193.4445	0.8232	6917.8965
123	199.9991	194.3285	0.8232	6978.3764
124	199.9991	190.9989	0.8248	7037.7579
125	199.9992	192.7671	0.8243	7097.7256
126	199.9992	192.4095	0.8242	7156.2357
127	199.9992	192.7142	0.8242	7216.7170
128	199.9992	195.0658	0.8238	7278.5816
129	199.9992	191.9890	0.8238	7337.5220
130	199.9992	189.0156	0.8238	7398.3576
131	199.9992	192.2930	0.8238	7459.9090
132	199.9992	193.1839	0.8232	7519.4154
133	199.9992	193.0113	0.8232	7580.3974
134	199.9992	189.7960	0.8229	7639.5512
135	199.9992	190.0488	0.8229	7699.8501
136	199.9992	188.8485	0.8222	7761.7536
137	199.9992	187.8293	0.8222	7820.8427
138	199.9992	189.2459	0.8223	7880.3091
139	199.9992	190.3958	0.8221	7940.4266
140	199.9992	191.7094	0.8249	7999.7663
141	199.9992	188.7737	0.8249	8061.6455
142	199.9992	189.6088	0.8250	8120.9791
143	199.9992	191.5558	0.8220	8181.8771
144	199.9992	192.7418	0.8233	8241.1747
145	199.9992	191.3789	0.8232	8299.8021
146	199.9992	191.5337	0.8212	8360.5037
147	199.9992	192.1005	0.8212	8420.0761
148	199.9992	191.6616	0.8211	8479.8632
149	199.9995	190.8259	0.8207	8539.3226
150	199.9995	190.2007	0.8207	8599.1008
151	199.9999	191.1982	0.8204	8658.6528
152	199.9999	191.7081	0.8205	8718.8067
153	199.9999	193.2066	0.8204	8779.9816
154	199.9999	189.7605	0.8204	8840.8861
155	199.9999	192.6778	0.8204	8902.0545
156	199.9999	192.1149	0.8204	8963.4047
157	199.9999	192.0806	0.8190	9025.5535
158	199.9999	191.3957	0.8189	9083.1456
159	199.9999	190.9749	0.8190	9136.9972
160	199.9999	188.9662	0.8189	9189.2257
161	199.9999	191.7063	0.8189	9242.8291
162	199.9999	192.3545	0.8189	9295.9559
163	199.9999	194.0981	0.8188	9347.9598
164	199.9999	193.7183	0.8188	9399.8847
165	199.9999	191.9179	0.8187	9453.2878
166	199.9999	193.7019	0.8187	9506.8679
167	199.9999	192.4894	0.8187	9559.3495
168	199.9999	193.2277	0.8187	9611.1028
169	199.9999	192.8272	0.8187	9664.0425
170	199.9999	191.1353	0.8187	9716.7029
171	199.9999	192.9288	0.8190	9769.3963
172	199.9999	188.2183	0.8191	9821.6171
173	199.9999	192.0599	0.8191	9875.6773
174	199.9999	191.6811	0.8191	9928.3814
175	199.9999	188.9368	0.8191	9981.9901
176	199.9999	193.7892	0.8190	10034.5016
177	199.9999	194.0057	0.8190	10087.5797
178	199.9999	192.5234	0.8190	10139.4551
179	199.9999	193.8617	0.8190	10193.1598
180	199.9999	191.9131	0.8209	10246.2208
181	199.9999	193.9222	0.8213	10298.3584
182	199.9999	193.1811	0.8210	10350.7934
183	199.9999	190.3283	0.8210	10404.2048
184	199.9999	193.8724	0.8207	10456.5499
185	199.9999	192.7394	0.8209	10509.2878
186	199.9999	194.3446	0.8205	10562.0167
187	199.9999	191.7871	0.8209	10614.8386
188	199.9999	190.6529	0.8201	10667.8891
189	199.9999	193.9432	0.8201	10723.1426
190	199.9999	193.4927	0.8194	10775.0385
191	199.9999	196.1384	0.8197	10827.2924
192	199.9999	192.2181	0.8196	10879.7362
193	199.9999	194.1204	0.8197	10932.1527
194	199.9999	192.3224	0.8197	10984.4170
195	199.9999	193.0511	0.8197	11036.7310
196	199.9999	192.5303	0.8191	11088.5651
197	199.9999	190.4072	0.8198	11141.5823
198	199.9999	193.0229	0.8198	11194.7179
199	199.9999	194.3706	0.8198	11247.4837
200	199.9999	193.6793	0.8198	11299.5417
201	199.9999	191.0157	0.8198	11354.2602
202	199.9999	193.1788	0.8198	11405.6973
203	199.9999	192.3759	0.8199	11458.2438
204	199.9999	194.9626	0.8199	11510.1893
205	199.9999	191.2805	0.8199	11561.8920
206	199.9999	193.2029	0.8198	11613.0126
207	199.9999	194.0526	0.8198	11664.3322
208	200.0000	195.4680	0.8198	11716.2359
209	200.0000	195.8785	0.8198	11770.4782
210	200.0000	194.0408	0.8197	11822.1776
211	200.0000	194.8263	0.8197	11873.4624
212	200.0000	191.9998	0.8195	11926.2609
213	200.0000	194.5800	0.8195	11978.4801
214	200.0000	194.6749	0.8195	12030.6172
215	200.0000	195.4752	0.8195	12084.1179
216	200.0000	194.4194	0.8194	12139.1308
217	200.0000	195.7956	0.8194	12190.9695
218	200.0000	193.2084	0.8194	12244.0763
219	200.0000	192.9297	0.8193	12296.0198
220	200.0000	194.6272	0.8193	12348.1162
221	200.0000	192.3787	0.8193	12400.3022
222	200.0000	195.2043	0.8193	12452.8878
223	200.0000	194.4036	0.8193	12504.4594
224	200.0000	194.0465	0.8193	12557.4718
225	200.0000	193.4283	0.8193	12610.4331
226	200.0000	196.9319	0.8193	12662.1840
227	200.0000	192.6685	0.8192	12714.5407
228	200.0000	192.5948	0.8192	12765.9159
229	200.0000	193.9161	0.8192	12817.2736
230	200.0000	191.3232	0.8191	12870.7097
231	200.0000	190.9615	0.8189	12922.3650
232	200.0000	192.9277	0.8189	12975.3048
233	200.0000	190.7391	0.8189	13027.8623
234	200.0000	194.5469	0.8179	13080.4398
235	200.0000	195.4585	0.8179	13139.1599
236	200.0000	191.7723	0.8180	13199.4359
237	200.0000	195.4597	0.8179	13260.5376
238	200.0000	193.3178	0.8179	13319.5057
239	200.0000	193.9723	0.8180	13378.7353
240	200.0000	193.5559	0.8180	13436.8737
241	200.0000	193.6927	0.8180	13494.6535
242	200.0000	192.1714	0.8179	13552.1691
243	200.0000	194.4011	0.8179	13610.7490
244	200.0000	194.0535	0.8179	13669.3945
245	200.0000	192.0057	0.8179	13728.6057
246	200.0000	192.1306	0.8179	13786.5880
247	200.0000	193.3480	0.8179	13845.8481
248	200.0000	195.0413	0.8179	13904.1831
249	200.0000	193.3840	0.8186	13963.0060
250	200.0000	192.6855	0.8186	14021.0648
251	200.0000	188.4822	0.8186	14081.5635
252	200.0000	191.9675	0.8191	14142.9613
253	200.0000	196.9241	0.8205	14201.8416
254	200.0000	191.6909	0.8205	14262.7831
255	200.0000	191.7788	0.8199	14321.3673
256	200.0000	192.1508	0.8202	14381.1641
257	200.0000	191.1334	0.8202	14438.8781
258	200.0000	195.5156	0.8202	14498.7857
259	200.0000	192.8212	0.8202	14559.1457
260	200.0000	191.3006	0.8200	14618.6306
261	200.0000	193.0036	0.8200	14677.4786
262	200.0000	192.9309	0.8200	14732.1334
263	200.0000	190.3808	0.8200	14791.2016
264	200.0000	189.9691	0.8200	14846.8134
265	200.0000	190.7643	0.8200	14906.6985
266	200.0000	190.9402	0.8200	14966.1498
267	200.0000	190.3965	0.8200	15026.3524
268	200.0000	189.4560	0.8200	15084.6772
269	200.0000	191.6273	0.8200	15144.6056
270	200.0000	190.2487	0.8200	15202.9440
271	200.0000	192.1518	0.8200	15266.3395
272	200.0000	190.1399	0.8200	15327.2166
273	200.0000	189.3144	0.8200	15384.8772
274	200.0000	194.0078	0.8200	15442.8823
275	200.0000	189.4930	0.8200	15501.4431
276	200.0000	191.1737	0.8200	15558.8696
277	200.0000	191.3556	0.8200	15617.3584
278	200.0000	190.2588	0.8200	15677.3007
279	200.0000	188.2371	0.8200	15735.1906
280	200.0000	189.0719	0.8200	15794.6274
281	200.0000	190.2720	0.8200	15852.5589
282	200.0000	190.2099	0.8200	15912.6656
283	200.0000	192.0085	0.8199	15970.0737
284	200.0000	192.2865	0.8199	16029.8245
285	200.0000	191.7271	0.8199	16087.4519
286	200.0000	191.4759	0.8199	16146.7884
287	200.0000	189.8125	0.8199	16204.3660
288	200.0000	186.9474	0.8199	16264.0884
289	200.0000	187.4218	0.8199	16321.6670
290	200.0000	190.9095	0.8199	16381.1603
291	200.0000	189.6306	0.8199	16437.9621
292	200.0000	192.9207	0.8199	16496.8631
293	200.0000	191.2236	0.8199	16553.7834
294	200.0000	191.3621	0.8199	16612.4516
295	200.0000	194.3155	0.8198	16670.1424
296	200.0000	191.6213	0.8198	16729.6107
297	200.0000	190.1142	0.8198	16787.2539
298	200.0000	190.6983	0.8198	16846.3213
299	200.0000	188.1545	0.8198	16903.8658
300	200.0000	189.7493	0.8201	16963.3369
301	200.0000	191.5428	0.8199	17021.0104
302	200.0000	192.2352	0.8205	17080.3363
303	200.0000	192.4375	0.8205	17131.6953
304	200.0000	190.5494	0.8205	17183.3918
305	200.0000	190.1805	0.8205	17236.9874
306	200.0000	190.6880	0.8205	17288.4812
307	200.0000	189.7268	0.8211	17340.9057
308	200.0000	192.0289	0.8189	17393.5764
309	200.0000	194.1126	0.8189	17445.3492
310	200.0000	192.9506	0.8189	17496.4080
311	200.0000	193.3657	0.8189	17547.3125
312	200.0000	196.1369	0.8189	17598.5739
313	200.0000	195.1509	0.8189	17651.5288
314	200.0000	192.1400	0.8189	17702.3017
315	200.0000	193.0274	0.8189	17755.8217
316	200.0000	191.8122	0.8189	17807.8377
317	200.0000	191.9923	0.8189	17859.8008
318	200.0000	194.7065	0.8189	17912.4837
319	200.0000	194.1697	0.8189	17963.7203
320	200.0000	195.2909	0.8189	18014.9372
321	200.0000	191.4168	0.8189	18067.0938
322	200.0000	193.7377	0.8189	18117.8796
323	200.0000	193.6982	0.8189	18169.8244
324	200.0000	193.6465	0.8189	18220.6216
325	200.0000	193.6737	0.8189	18273.7219
326	200.0000	191.9739	0.8189	18326.5703
327	200.0000	193.7011	0.8189	18378.2201
328	200.0000	194.4264	0.8186	18429.7550
329	200.0000	191.9048	0.8185	18485.1582
330	200.0000	191.7377	0.8173	18536.1538
331	200.0000	192.6038	0.8173	18588.2101
332	200.0000	195.0586	0.8173	18640.7390
333	200.0000	193.0267	0.8173	18692.6572
334	200.0000	195.2503	0.8173	18744.4310
335	200.0000	192.4220	0.8173	18795.9414
336	200.0000	192.5640	0.8173	18847.6694
337	200.0000	192.8907	0.8173	18898.7584
338	200.0000	195.0900	0.8173	18949.7080
339	200.0000	192.4597	0.8173	19001.3518
340	200.0000	195.3380	0.8173	19052.1212
341	200.0000	194.7371	0.8173	19103.8945
342	200.0000	193.9160	0.8173	19156.3797
343	200.0000	195.7080	0.8173	19208.6308
344	200.0000	194.0682	0.8172	19260.0267
345	200.0000	192.7292	0.8172	19313.2682
346	200.0000	195.3888	0.8172	19363.7388
347	200.0000	195.3185	0.8172	19414.5637
348	200.0000	193.6954	0.8172	19465.4479
349	200.0000	192.6116	0.8174	19516.3715
350	200.0000	195.0183	0.8175	19568.9917
351	200.0000	194.4460	0.8175	19619.6208
352	200.0000	191.2203	0.8175	19672.8539
353	200.0000	193.7467	0.8175	19724.5295
354	200.0000	193.9717	0.8175	19776.6788
355	200.0000	194.8950	0.8170	19828.4340
356	200.0000	194.7705	0.8170	19879.4429
357	200.0000	194.7658	0.8170	19930.5975
358	200.0000	193.1550	0.8170	19981.5052
359	200.0000	194.0759	0.8170	20032.8300
360	200.0000	192.4140	0.8170	20085.7446
361	200.0000	193.1658	0.8170	20136.7097
362	200.0000	192.9048	0.8170	20190.5756
363	200.0000	194.6225	0.8170	20242.7568
364	200.0000	194.2917	0.8170	20294.8611
365	200.0000	195.2701	0.8170	20346.1585
366	200.0000	194.1670	0.8170	20397.3258
367	200.0000	194.2790	0.8170	20447.9599
368	200.0000	192.6629	0.8169	20498.7803
369	200.0000	192.6424	0.8169	20549.6569
370	200.0000	192.2302	0.8169	20602.7761
371	200.0000	193.9531	0.8169	20654.0139
372	200.0000	194.0091	0.8169	20706.9759
373	200.0000	191.6652	0.8169	20758.7190
374	200.0000	191.5676	0.8168	20810.6153
375	200.0000	194.5515	0.8168	20861.9764
376	200.0000	191.7184	0.8168	20914.0275
377	200.0000	195.2777	0.8165	20965.9455
378	200.0000	195.1197	0.8164	21019.1276
379	200.0000	196.3038	0.8164	21069.9306
380	200.0000	195.2460	0.8165	21125.3574
381	200.0000	193.6680	0.8165	21183.9194
382	200.0000	193.6203	0.8165	21244.3602
383	200.0000	193.7024	0.8165	21302.1662
384	200.0000	193.5084	0.8165	21361.3687
385	200.0000	196.4282	0.8165	21419.2774
386	200.0000	194.3428	0.8165	21479.0895
387	200.0000	192.3592	0.8165	21536.5491
388	200.0000	193.6841	0.8165	21568.4695
389	200.0000	194.5333	0.8165	21596.7751
390	200.0000	193.6628	0.8165	21632.7233
391	200.0000	194.2768	0.8165	21669.2815
392	200.0000	192.5497	0.8165	21696.8641
393	200.0000	194.3077	0.8165	21724.2360
394	200.0000	193.7095	0.8165	21751.7352
395	200.0000	195.1587	0.8165	21779.5284
396	200.0000	195.6848	0.8165	21807.6932
397	200.0000	191.7494	0.8165	21836.1058
398	200.0000	195.4951	0.8165	21864.4814
399	200.0000	191.0076	0.8165	21900.9814
400	200.0000	193.4999	0.8165	21928.8521
401	200.0000	193.9973	0.8161	21958.0088
402	200.0000	192.8635	0.8161	21988.4996
403	200.0000	192.3309	0.8161	22019.8107
404	200.0000	193.1147	0.8161	22049.4015
405	200.0000	192.6434	0.8161	22077.5759
406	200.0000	192.7002	0.8161	22107.3675
407	200.0000	192.7408	0.8161	22137.8829
408	200.0000	195.8604	0.8161	22170.8136
409	200.0000	196.3081	0.8161	22198.3125
410	200.0000	194.3498	0.8161	22225.5385
411	200.0000	193.3177	0.8161	22254.7035
412	200.0000	194.6838	0.8161	22285.4846
413	200.0000	194.4692	0.8161	22317.8144
414	200.0000	193.3091	0.8161	22351.1343
415	200.0000	194.3079	0.8161	22378.5560
416	200.0000	191.8319	0.8161	22414.8412
417	200.0000	195.6123	0.8161	22442.1182
418	200.0000	195.4294	0.8161	22470.5474
419	200.0000	193.1230	0.8161	22500.1268
420	200.0000	191.0309	0.8161	22531.4021
421	200.0000	193.6964	0.8161	22563.6721
422	200.0000	194.3340	0.8160	22591.5713
423	200.0000	195.1025	0.8160	22619.6442
424	200.0000	193.2118	0.8160	22649.6091
425	200.0000	195.6105	0.8161	22689.1499
426	200.0000	193.6178	0.8160	22722.8827
427	200.0000	192.9608	0.8160	22759.6207
428	200.0000	191.2241	0.8160	22796.8309
429	200.0000	193.7985	0.8160	22834.0240
430	200.0000	194.7002	0.8160	22862.0565
431	200.0000	194.4558	0.8160	22891.6805
432	200.0000	194.2273	0.8160	22922.1721
433	200.0000	193.0857	0.8160	22953.9685
434	200.0000	194.1575	0.8160	22986.3803
435	200.0000	194.3872	0.8161	23014.4827
436	200.0000	193.5540	0.8161	23049.2172
437	200.0000	192.2101	0.8161	23085.2871
438	200.0000	192.5403	0.8161	23122.3259
439	200.0000	193.7492	0.8161	23156.2102
440	200.0000	195.3448	0.8161	23187.0668
441	200.0000	195.7983	0.8160	23219.9740
442	200.0000	195.3817	0.8156	23247.5581
443	200.0000	191.9366	0.8156	23274.9486
444	200.0000	193.0486	0.8159	23302.5465
445	200.0000	189.0336	0.8161	23331.6226
446	200.0000	193.2680	0.8155	23359.5870
447	200.0000	193.7142	0.8155	23387.4300
448	200.0000	193.3120	0.8148	23415.3011
449	200.0000	194.3109	0.8148	23450.0046
450	200.0000	192.4451	0.8148	23478.3649
451	200.0000	192.2911	0.8148	23514.4970
452	200.0000	193.9238	0.8148	23542.6769
453	200.0000	195.0731	0.8148	23572.1581
454	200.0000	193.4326	0.8148	23602.1388
455	200.0000	193.6081	0.8148	23630.0488
456	200.0000	194.3152	0.8148	23662.1671
457	200.0000	191.7459	0.8148	23696.2705
458	200.0000	194.5750	0.8148	23732.0096
459	200.0000	192.6098	0.8148	23773.6833
460	200.0000	194.6733	0.8143	23809.2813
461	200.0000	194.8510	0.8143	23844.8267
462	200.0000	192.3515	0.8143	23873.2369
463	200.0000	193.4892	0.8143	23904.7940
464	200.0000	192.4250	0.8143	23936.8637
465	200.0000	192.2001	0.8143	23969.4846
466	200.0000	193.4982	0.8143	23997.0427
467	200.0000	193.3056	0.8143	24024.5056
468	200.0000	193.3152	0.8143	24051.9485
469	200.0000	194.8658	0.8143	24082.8052
470	200.0000	193.0602	0.8143	24115.8128
471	200.0000	196.1196	0.8143	24151.7403
472	200.0000	192.4693	0.8140	24193.8491
473	200.0000	193.5440	0.8140	24223.9413
474	200.0000	192.4244	0.8140	24252.6472
475	200.0000	193.7807	0.8140	24284.2288
476	200.0000	194.3561	0.8140	24315.7098
477	200.0000	195.9661	0.8140	24348.6645
478	200.0000	197.6365	0.8140	24382.7357
479	200.0000	193.2134	0.8139	24418.2525
480	200.0000	192.0612	0.8139	24455.1148
481	200.0000	191.6211	0.8133	24482.5540
482	200.0000	194.1554	0.8135	24512.4614
483	200.0000	192.4036	0.8135	24540.0729
484	200.0000	193.9056	0.8135	24567.9731
485	200.0000	192.9931	0.8135	24595.7394
486	200.0000	193.7719	0.8135	24623.6508
487	200.0000	192.3641	0.8135	24651.2036
488	200.0000	195.3759	0.8135	24679.8680
489	200.0000	195.4513	0.8135	24707.7672
490	200.0000	194.3741	0.8135	24735.0228
491	200.0000	192.7469	0.8135	24763.7982
492	200.0000	194.3578	0.8135	24797.5299
493	200.0000	195.6497	0.8135	24827.4066
494	200.0000	194.7380	0.8135	24854.8193
495	200.0000	193.6272	0.8135	24881.9299
496	200.0000	193.4075	0.8135	24915.8387
497	200.0000	192.4322	0.8135	24951.2823
498	200.0000	195.1167	0.8135	24986.7051
499	200.0000	195.2672	0.8135	25014.8666
500	200.0000	193.9056	0.8135	25044.4067
501	200.0000	195.1386	0.8135	25074.9605
502	200.0000	194.2217	0.8135	25104.4419
503	200.0000	191.8583	0.8135	25134.5599
504	200.0000	196.2773	0.8135	25165.9286
505	200.0000	191.9345	0.8135	25190.0415
506	200.0000	194.7290	0.8135	25214.6273
507	200.0000	194.6740	0.8135	25240.3126
508	200.0000	193.1536	0.8135	25264.6856
509	200.0000	194.6886	0.8135	25289.0406
510	200.0000	191.0848	0.8135	25316.4845
511	200.0000	193.7853	0.8135	25341.7566
512	200.0000	193.7529	0.8135	25366.0777
513	200.0000	194.8903	0.8135	25391.2470
514	200.0000	192.9445	0.8135	25416.6002
515	200.0000	193.2996	0.8135	25442.6334
516	200.0000	192.9624	0.8137	25472.3134
517	200.0000	194.0699	0.8137	25501.1528
518	200.0000	192.9531	0.8137	25531.6861
519	200.0000	191.7702	0.8137	25556.0358
520	200.0000	192.2153	0.8137	25580.8740
521	200.0000	189.9041	0.8137	25608.6502
522	200.0000	193.2311	0.8137	25637.6698
523	200.0000	193.8440	0.8137	25667.5413
524	200.0000	194.3030	0.8137	25698.8244
525	200.0000	194.9724	0.8137	25732.7247
526	200.0000	193.4874	0.8137	25757.5371
527	200.0000	194.8177	0.8137	25784.0118
528	200.0000	195.7672	0.8138	25808.9972
529	200.0000	192.4364	0.8141	25835.1753
530	200.0000	193.3854	0.8141	25867.1470
531	200.0000	193.0054	0.8141	25891.9549
532	200.0000	194.6791	0.8141	25917.3644
533	200.0000	194.5076	0.8141	25942.1027
534	200.0000	193.2192	0.8141	25968.6995
535	200.0000	192.4847	0.8141	25994.2851
536	200.0000	194.1718	0.8142	26019.8867
537	200.0000	192.4665	0.8135	26044.4653
538	200.0000	191.9740	0.8136	26069.3538
539	200.0000	192.9171	0.8122	26093.9491
540	200.0000	196.3672	0.8122	26119.6406
541	200.0000	195.2615	0.8122	26148.0603
542	200.0000	195.0792	0.8122	26177.9511
543	200.0000	196.3284	0.8122	26208.9601
544	200.0000	194.0686	0.8122	26235.0464
545	200.0000	191.1977	0.8122	26259.7647
546	200.0000	194.5152	0.8122	26285.2805
547	200.0000	194.5493	0.8122	26310.0684
548	200.0000	195.4054	0.8126	26335.6431
549	200.0000	195.3372	0.8127	26363.1823
550	200.0000	192.3448	0.8127	26392.3380
551	200.0000	194.8527	0.8127	26421.5615
552	200.0000	196.2899	0.8127	26446.5470
553	200.0000	191.8411	0.8127	26471.6907
554	200.0000	193.4470	0.8132	26497.3626
555	200.0000	192.3104	0.8132	26521.3547
556	200.0000	194.3740	0.8132	26546.7901
557	200.0000	194.1093	0.8132	26571.5599
558	200.0000	194.5444	0.8131	26596.0603
559	200.0000	194.6471	0.8131	26620.5626
560	200.0000	190.1676	0.8131	26645.6304
561	200.0000	192.6918	0.8131	26670.9616
562	200.0000	192.6046	0.8131	26695.5912
563	200.0000	193.2443	0.8131	26719.9786
564	200.0000	193.7244	0.8131	26744.4551
565	200.0000	191.9553	0.8126	26770.4437
566	200.0000	193.4188	0.8126	26794.9660
567	200.0000	193.7503	0.8126	26820.8363
568	200.0000	194.8980	0.8126	26847.5616
569	200.0000	195.1407	0.8126	26871.8934
570	200.0000	192.7742	0.8126	26897.0582
571	200.0000	195.0810	0.8126	26922.7035
572	200.0000	191.8336	0.8126	26947.2451
573	200.0000	190.3351	0.8126	26971.6883
574	200.0000	193.0755	0.8126	26995.7793
575	200.0000	193.8831	0.8120	27020.9019
576	200.0000	193.3617	0.8120	27053.5574
577	200.0000	193.7379	0.8120	27078.2955
578	200.0000	193.2427	0.8121	27103.7853
579	200.0000	193.0915	0.8117	27128.4263
580	200.0000	193.1956	0.8117	27152.5488
581	200.0000	193.6807	0.8110	27177.7680
582	200.0000	195.0922	0.8110	27206.6348
583	200.0000	195.8293	0.8110	27236.2406
584	200.0000	195.1924	0.8110	27267.6871
585	200.0000	191.6400	0.8110	27300.2837
586	200.0000	193.5979	0.8110	27333.3263
587	200.0000	191.8239	0.8110	27357.9288
588	200.0000	193.2611	0.8110	27383.6453
589	200.0000	196.0001	0.8110	27407.6631
590	200.0000	192.8361	0.8110	27438.0121
591	200.0000	193.7523	0.8110	27470.7685
592	200.0000	194.9988	0.8110	27499.2728
593	200.0000	194.1000	0.8110	27530.2732
594	200.0000	194.4718	0.8107	27561.9125
595	200.0000	192.4066	0.8107	27595.4740
596	200.0000	191.9903	0.8107	27629.8909
597	200.0000	192.8292	0.8107	27653.7712
598	200.0000	195.3123	0.8107	27680.0120
599	200.0000	192.2609	0.8107	27706.7921
600	200.0000	193.6387	0.8107	27731.7286
601	200.0000	194.0421	0.8107	27755.9097
602	200.0000	194.5521	0.8107	27780.6821
603	200.0000	192.2010	0.8106	27805.0003
604	200.0000	191.6793	0.8108	27836.7987
605	200.0000	192.1593	0.8111	27869.7526
606	200.0000	191.2770	0.8116	27894.6171
607	200.0000	192.3849	0.8116	27921.1218
608	200.0000	193.1541	0.8116	27945.2283
609	200.0000	193.7633	0.8117	27970.6061
610	200.0000	193.7243	0.8117	27994.7598
611	200.0000	195.4122	0.8114	28019.8655
612	200.0000	193.0236	0.8114	28044.8928
613	200.0000	193.4076	0.8112	28069.6828
614	200.0000	194.4876	0.8107	28102.8202
615	200.0000	192.1579	0.8107	28129.0212
616	200.0000	191.4730	0.8107	28153.5237
617	200.0000	192.9472	0.8103	28178.0398
618	200.0000	192.8067	0.8107	28202.7066
619	200.0000	196.2471	0.8107	28226.8007
620	200.0000	192.7158	0.8107	28251.0340
621	200.0000	193.7906	0.8107	28279.8574
622	200.0000	193.6256	0.8107	28311.4111
623	200.0000	193.8686	0.8107	28337.7104
624	200.0000	192.7052	0.8107	28364.0566
625	200.0000	195.1942	0.8107	28392.3018
626	200.0000	193.4449	0.8107	28421.9532
627	200.0000	195.8660	0.8107	28447.6995
628	200.0000	192.8078	0.8107	28472.1639
629	200.0000	195.1014	0.8107	28498.2505
630	200.0000	194.8079	0.8107	28542.0389
631	200.0000	194.7630	0.8107	28569.0854
632	200.0000	194.8899	0.8107	28592.9689
633	200.0000	195.1548	0.8107	28618.6743
634	200.0000	195.8586	0.8101	28643.0342
635	200.0000	194.5730	0.8101	28668.1178
636	200.0000	195.1163	0.8101	28693.0940
637	200.0000	193.1473	0.8101	28717.7961
638	200.0000	195.0164	0.8101	28743.2947
639	200.0000	191.5298	0.8103	28769.3048
640	200.0000	190.7542	0.8103	28793.4740
641	200.0000	193.3503	0.8103	28817.6918
642	200.0000	193.7924	0.8109	28841.8546
643	200.0000	192.4557	0.8108	28866.2815
644	200.0000	194.0232	0.8106	28894.2037
645	200.0000	194.0519	0.8094	28923.1966
646	200.0000	193.9959	0.8091	28954.3595
647	200.0000	195.5902	0.8085	28987.2103
648	200.0000	195.8815	0.8088	29023.3653
649	200.0000	195.9658	0.8083	29049.4671
650	200.0000	195.2089	0.8084	29092.2475
651	200.0000	196.5040	0.8076	29121.7773
652	200.0000	194.8210	0.8074	29151.9186
653	200.0000	195.0615	0.8075	29185.7295
654	200.0000	194.5387	0.8075	29214.9389
655	200.0000	194.5287	0.8075	29242.2078
656	200.0000	194.5443	0.8075	29269.3226
657	200.0000	194.1408	0.8070	29297.0037
658	200.0000	196.7251	0.8070	29330.2820
659	200.0000	194.3144	0.8070	29358.4301
660	200.0000	194.7367	0.8070	29386.0056
661	200.0000	195.0843	0.8070	29415.5753
662	200.0000	192.9033	0.8070	29446.0087
663	200.0000	192.4820	0.8070	29477.8903
664	200.0000	192.6728	0.8070	29511.1632
665	200.0000	194.4387	0.8070	29545.1756
666	200.0000	196.2938	0.8070	29576.5295
667	200.0000	195.9982	0.8070	29609.6931
668	200.0000	193.1180	0.8069	29638.6442
669	200.0000	194.5619	0.8069	29669.7581
670	200.0000	193.6941	0.8069	29697.4010
671	200.0000	194.3866	0.8069	29731.7052
672	200.0000	195.2534	0.8069	29768.0821
673	200.0000	194.1426	0.8068	29795.3455
674	200.0000	193.7865	0.8068	29822.6001
675	200.0000	195.4143	0.8068	29851.2704
676	200.0000	194.2848	0.8068	29878.5794
677	200.0000	194.2576	0.8068	29910.5983
678	200.0000	194.6225	0.8068	29943.6853
679	200.0000	194.5356	0.8068	29978.2124
680	200.0000	193.5249	0.8068	30007.4289
681	200.0000	193.8188	0.8068	30036.7794
682	200.0000	193.5925	0.8068	30063.7035
683	200.0000	195.3212	0.8068	30101.0671
684	200.0000	194.5646	0.8068	30139.5042
685	200.0000	196.1467	0.8068	30170.3849
686	200.0000	193.2852	0.8068	30197.4833
687	200.0000	195.2783	0.8068	30224.4117
688	200.0000	193.6445	0.8068	30251.6122
689	200.0000	192.3831	0.8068	30282.6042
690	200.0000	192.8425	0.8068	30313.6847
691	200.0000	192.9751	0.8064	30341.6171
692	200.0000	193.5651	0.8064	30374.7077
693	200.0000	193.2056	0.8064	30402.6670
694	200.0000	194.4594	0.8064	30430.7780
695	200.0000	193.8445	0.8064	30457.9632
696	200.0000	194.6044	0.8064	30487.7152
697	200.0000	195.0237	0.8064	30516.9189
698	200.0000	193.2602	0.8064	30549.1536
699	200.0000	195.0992	0.8064	30583.2925
700	200.0000	191.9282	0.8064	30618.2320
701	200.0000	192.5449	0.8064	30649.9755
702	200.0000	195.8042	0.8064	30677.0756
703	200.0000	192.6475	0.8064	30704.0744
704	200.0000	193.2821	0.8064	30733.8305
705	200.0000	193.3807	0.8064	30764.5419
706	200.0000	193.1467	0.8064	30791.6708
707	200.0000	192.7009	0.8064	30818.9583
708	200.0000	193.4062	0.8064	30846.5548
709	200.0000	194.9042	0.8064	30881.2792
710	200.0000	195.1927	0.8064	30922.0860
711	200.0000	194.8696	0.8064	30955.4183
712	200.0000	194.7615	0.8064	30984.8723
713	200.0000	192.1342	0.8075	31015.5685
714	200.0000	194.0955	0.8075	31047.4436
715	200.0000	193.0122	0.8075	31080.8086
716	200.0000	194.4831	0.8075	31114.0404
717	200.0000	193.3702	0.8075	31141.8414
718	200.0000	195.1262	0.8075	31184.1555
719	200.0000	195.4441	0.8075	31212.1973
720	200.0000	195.8309	0.8075	31239.3496
721	200.0000	194.0164	0.8075	31266.8285
722	200.0000	194.0420	0.8075	31294.1816
723	200.0000	191.9544	0.8075	31323.7314
724	200.0000	191.4188	0.8075	31357.8312
725	200.0000	192.6567	0.8084	31396.7092
726	200.0000	194.8535	0.8073	31424.0544
727	200.0000	193.4470	0.8076	31453.4569
728	200.0000	195.0911	0.8076	31483.1619
729	200.0000	196.2290	0.8076	31513.5937
730	200.0000	197.1022	0.8076	31540.8642
731	200.0000	193.9875	0.8076	31568.2139
732	200.0000	195.7704	0.8079	31595.7906
733	200.0000	195.5789	0.8075	31629.9086
734	200.0000	194.0994	0.8075	31662.0052
735	200.0000	195.3177	0.8075	31712.0852
736	200.0000	193.1438	0.8075	31740.0258
737	200.0000	193.2709	0.8075	31770.2255
738	200.0000	193.8035	0.8076	31801.4612
739	200.0000	193.1941	0.8076	31834.7356
740	200.0000	193.1807	0.8076	31868.4568
741	200.0000	194.6604	0.8076	31903.4126
742	200.0000	194.8745	0.8076	31940.5704
743	200.0000	192.8089	0.8076	31974.2734
744	200.0000	196.2261	0.8076	32004.5409
745	200.0000	196.6888	0.8076	32032.2866
746	200.0000	194.9273	0.8076	32059.7029
747	200.0000	194.1675	0.8078	32087.8739
748	200.0000	193.1708	0.8078	32115.0591
749	200.0000	195.1178	0.8078	32143.3568
750	200.0000	195.7608	0.8078	32170.4109
751	200.0000	196.5151	0.8078	32202.2552
752	200.0000	196.3876	0.8078	32232.6295
753	200.0000	194.4155	0.8078	32265.1277
754	200.0000	196.1995	0.8078	32299.5007
755	200.0000	194.7002	0.8078	32327.1291
756	200.0000	191.8296	0.8078	32354.4881
757	200.0000	193.2185	0.8078	32382.1769
758	200.0000	193.5206	0.8078	32408.9699
759	200.0000	197.7898	0.8078	32436.1198
760	200.0000	194.7388	0.8078	32466.3041
761	200.0000	193.6991	0.8078	32497.8037
762	200.0000	194.9274	0.8078	32530.0491
763	200.0000	195.0502	0.8078	32563.9269
764	200.0000	193.1547	0.8078	32590.5473
765	200.0000	194.5415	0.8078	32620.3744
766	200.0000	190.7987	0.8079	32651.3839
767	200.0000	193.3304	0.8079	32684.2556
768	200.0000	194.6891	0.8079	32723.4230
769	200.0000	192.6543	0.8079	32755.4610
770	200.0000	196.6484	0.8079	32782.8703
771	200.0000	193.8007	0.8079	32809.9136
772	200.0000	194.2636	0.8079	32837.4982
773	200.0000	194.8128	0.8075	32867.9087
774	200.0000	193.9464	0.8075	32899.3986
775	200.0000	194.7976	0.8075	32928.2393
776	200.0000	195.5022	0.8075	32955.8349
777	200.0000	195.5196	0.8074	32984.0124
778	200.0000	193.1514	0.8074	33012.0964
779	200.0000	192.9062	0.8074	33039.4647
780	200.0000	193.3745	0.8074	33066.8693
781	200.0000	192.9675	0.8074	33093.6108
782	200.0000	195.0001	0.8074	33117.4564
783	200.0000	194.9039	0.8074	33145.1490
784	200.0000	194.3783	0.8074	33174.5389
785	200.0000	194.9234	0.8074	33204.8802
786	200.0000	195.8903	0.8074	33236.9866
787	200.0000	194.5947	0.8074	33271.5018
788	200.0000	195.0625	0.8074	33305.7272
789	200.0000	195.0237	0.8074	33335.6335
790	200.0000	193.9507	0.8074	33365.7088
791	200.0000	194.4899	0.8074	33390.3232
792	200.0000	193.9111	0.8074	33415.7026
793	200.0000	194.7015	0.8074	33451.0186
794	200.0000	194.2060	0.8074	33475.9395
795	200.0000	193.3488	0.8074	33503.5655
796	200.0000	193.8632	0.8074	33531.5294
797	200.0000	193.3951	0.8074	33556.4361
798	200.0000	194.9124	0.8074	33584.5418
799	200.0000	195.4633	0.8074	33608.1676
800	200.0000	196.4204	0.8074	33639.5950
801	200.0000	194.1333	0.8074	33669.6069
802	200.0000	194.4016	0.8074	33693.2793
803	200.0000	193.1220	0.8074	33718.0068
804	200.0000	194.4617	0.8074	33741.5493
805	200.0000	194.5000	0.8074	33765.1155
806	200.0000	193.6157	0.8074	33793.2172
807	200.0000	192.8735	0.8074	33833.2891
808	200.0000	195.5151	0.8074	33865.5355
809	200.0000	195.5496	0.8074	33896.4338
810	200.0000	194.1046	0.8074	33919.7979
811	200.0000	194.0119	0.8074	33944.2244
812	200.0000	192.4208	0.8074	33968.7884
813	200.0000	194.8574	0.8074	33992.6856
814	200.0000	194.2510	0.8074	34018.2185
815	200.0000	194.4034	0.8074	34045.5785
816	200.0000	196.3323	0.8074	34075.7549
817	200.0000	192.0865	0.8074	34107.5377
818	200.0000	192.0793	0.8074	34141.0375
819	200.0000	194.3844	0.8074	34165.2300
820	200.0000	195.9658	0.8074	34189.4829
821	200.0000	192.3274	0.8070	34214.3602
822	200.0000	192.9720	0.8081	34238.8830
823	200.0000	195.1936	0.8075	34263.6206
824	200.0000	196.8483	0.8075	34296.3591
825	200.0000	196.2871	0.8075	34331.2371
826	200.0000	196.6804	0.8075	34355.5317
827	200.0000	196.9545	0.8075	34379.4715
828	200.0000	196.2483	0.8075	34403.8541
829	200.0000	195.2227	0.8075	34428.4904
830	200.0000	197.0639	0.8075	34453.4318
831	200.0000	195.1847	0.8075	34482.7454
832	200.0000	196.0456	0.8075	34512.7282
833	200.0000	197.3134	0.8075	34544.5962
834	200.0000	197.2100	0.8075	34578.2320
835	200.0000	197.9024	0.8075	34602.5925
836	200.0000	196.3740	0.8075	34626.8015
837	200.0000	194.3303	0.8075	34651.3536
838	200.0000	194.7369	0.8075	34675.5619
839	200.0000	194.4546	0.8075	34699.8353
840	200.0000	195.3526	0.8075	34729.1160
841	200.0000	196.6278	0.8075	34759.1627
842	200.0000	195.0202	0.8075	34790.4983
843	200.0000	196.0320	0.8075	34815.7630
844	200.0000	196.7056	0.8075	34840.7242
845	200.0000	196.3252	0.8075	34865.6092
846	200.0000	197.2552	0.8075	34897.4290
847	200.0000	195.3060	0.8075	34921.9692
848	200.0000	195.9901	0.8075	34950.2232
849	200.0000	196.1420	0.8075	34981.0278
850	200.0000	195.0600	0.8075	35011.8489
851	200.0000	195.7385	0.8075	35046.6783
852	200.0000	196.3343	0.8075	35070.2105
853	200.0000	196.6628	0.8075	35096.2892
854	200.0000	196.2299	0.8075	35123.5249
855	200.0000	195.8520	0.8075	35152.0510
856	200.0000	195.1727	0.8075	35181.6723
857	200.0000	194.0981	0.8075	35210.6872
858	200.0000	195.7286	0.8075	35240.5350
859	200.0000	195.1782	0.8075	35273.6826
860	200.0000	197.5589	0.8075	35300.9846
861	200.0000	195.2719	0.8074	35324.7755
862	200.0000	196.7795	0.8074	35348.5730
863	200.0000	195.8139	0.8070	35379.1344
864	200.0000	195.0114	0.8070	35404.8669
865	200.0000	195.3620	0.8070	35434.4647
866	200.0000	195.8903	0.8070	35464.9074
867	200.0000	194.9199	0.8070	35496.4566
868	200.0000	195.8023	0.8070	35527.5109
869	200.0000	197.4338	0.8067	35562.5670
870	200.0000	195.4225	0.8069	35588.2246
871	200.0000	193.0661	0.8069	35612.1519
872	200.0000	195.2250	0.8069	35636.2484
873	200.0000	194.3018	0.8069	35663.3267
874	200.0000	195.8125	0.8069	35691.7446
875	200.0000	196.9866	0.8069	35721.6170
876	200.0000	195.5621	0.8069	35753.3858
877	200.0000	196.4901	0.8069	35786.6423
878	200.0000	198.2520	0.8069	35810.8640
879	200.0000	197.1700	0.8069	35836.3295
880	200.0000	197.2084	0.8069	35862.7388
881	200.0000	194.9099	0.8069	35886.3454
882	200.0000	196.4857	0.8069	35914.0923
883	200.0000	194.2316	0.8069	35940.9804
884	200.0000	196.3504	0.8069	35972.5089
885	200.0000	195.8008	0.8069	36003.5012
886	200.0000	194.4196	0.8069	36027.8065
887	200.0000	195.2827	0.8069	36051.8003
888	200.0000	194.6924	0.8069	36076.1650
889	200.0000	197.5141	0.8073	36100.8086
890	200.0000	195.4647	0.8073	36126.9112
891	200.0000	195.8966	0.8073	36154.4087
892	200.0000	196.7159	0.8073	36183.3351
893	200.0000	196.1249	0.8073	36213.7027
894	200.0000	195.5991	0.8073	36242.6817
895	200.0000	196.9482	0.8073	36268.8799
896	200.0000	197.6050	0.8073	36295.2526
897	200.0000	194.5245	0.8073	36318.8272
898	200.0000	196.1863	0.8073	36344.1901
899	200.0000	194.7594	0.8073	36370.9450
900	200.0000	195.7690	0.8073	36398.2146
901	200.0000	196.6720	0.8073	36422.5159
902	200.0000	195.6487	0.8073	36451.4997
903	200.0000	196.0152	0.8073	36495.6901
904	200.0000	195.1505	0.8079	36527.9231
905	200.0000	196.2162	0.8079	36553.1287
906	200.0000	195.1812	0.8079	36576.9320
907	200.0000	196.7728	0.8079	36601.9628
908	200.0000	195.8076	0.8084	36628.2637
909	200.0000	195.8419	0.8082	36653.3544
910	200.0000	197.0670	0.8082	36677.5134
911	200.0000	196.0982	0.8082	36701.5784
912	200.0000	195.8058	0.8082	36726.1534
913	200.0000	195.9343	0.8081	36757.7517
914	200.0000	195.2587	0.8081	36790.4942
915	200.0000	195.6730	0.8081	36814.1515
916	200.0000	195.4329	0.8081	36838.8100
917	200.0000	197.1073	0.8081	36864.4252
918	200.0000	196.7290	0.8081	36887.8984
919	200.0000	194.4406	0.8081	36914.1586
920	200.0000	194.3096	0.8081	36942.0581
921	200.0000	193.6949	0.8081	36971.6768
922	200.0000	193.1116	0.8081	37012.1589
923	200.0000	196.3873	0.8081	37037.1091
924	200.0000	196.3581	0.8081	37069.4189
925	200.0000	195.9266	0.8081	37093.7922
926	200.0000	196.6353	0.8080	37120.1322
927	200.0000	195.6889	0.8080	37149.6775
928	200.0000	194.5918	0.8080	37180.7628
929	200.0000	194.4318	0.8080	37213.0022
930	200.0000	194.8725	0.8080	37246.7763
931	200.0000	194.4150	0.8080	37281.3985
932	200.0000	196.3362	0.8082	37317.2710
933	200.0000	197.4913	0.8082	37344.3458
934	200.0000	196.0828	0.8082	37372.5209
935	200.0000	195.3796	0.8082	37401.7327
936	200.0000	194.9793	0.8082	37432.5740
937	200.0000	195.3031	0.8078	37459.3234
938	200.0000	195.8898	0.8078	37486.2969
939	200.0000	195.5118	0.8078	37515.2593
940	200.0000	196.6937	0.8078	37542.1691
941	200.0000	194.9836	0.8078	37577.1563
942	200.0000	196.2340	0.8078	37606.7410
943	200.0000	195.2773	0.8078	37636.1217
944	200.0000	195.5229	0.8078	37667.5010
945	200.0000	195.0725	0.8078	37700.0639
946	200.0000	195.7045	0.8078	37734.5233
947	200.0000	193.9456	0.8078	37772.4812
948	200.0000	195.7358	0.8078	37799.8207
949	200.0000	195.2788	0.8078	37826.2458
950	200.0000	196.3622	0.8078	37854.2569
951	200.0000	194.4897	0.8078	37882.4031
952	200.0000	194.6035	0.8078	37912.9312
953	200.0000	193.5795	0.8078	37945.0266
954	200.0000	195.3872	0.8078	37978.2624
955	200.0000	196.7918	0.8079	38006.7081
956	200.0000	195.9231	0.8079	38036.4034
957	200.0000	196.3971	0.8079	38070.6489
958	200.0000	195.8161	0.8079	38097.6932
959	200.0000	194.9758	0.8078	38125.4005
960	200.0000	195.9497	0.8079	38159.1430
961	200.0000	195.9057	0.8079	38194.7415
962	200.0000	196.7631	0.8079	38223.8255
963	200.0000	194.1171	0.8079	38252.4838
964	200.0000	195.2313	0.8079	38283.2084
965	200.0000	194.4378	0.8079	38314.6887
966	200.0000	194.4138	0.8079	38348.7148
967	200.0000	195.0373	0.8080	38375.3517
968	200.0000	195.0439	0.8080	38403.3864
969	200.0000	197.1235	0.8080	38430.3019
970	200.0000	194.4927	0.8080	38458.5741
971	200.0000	194.6505	0.8080	38487.8726
972	200.0000	194.5594	0.8080	38518.8274
973	200.0000	195.8912	0.8072	38551.4579
974	200.0000	196.3597	0.8071	38583.5795
975	200.0000	195.7061	0.8071	38618.1982
976	200.0000	194.9033	0.8071	38653.1765
977	200.0000	194.1532	0.8071	38680.1984
978	200.0000	195.5970	0.8071	38707.3388
979	200.0000	192.8634	0.8071	38736.8820
980	200.0000	195.8700	0.8071	38767.9601
981	200.0000	195.6379	0.8071	38799.9141
982	200.0000	193.7501	0.8071	38833.3919
983	200.0000	194.9470	0.8071	38868.6414
984	200.0000	196.7389	0.8071	38895.3440
985	200.0000	195.4021	0.8071	38922.9856
986	200.0000	194.9315	0.8071	38949.7082
987	200.0000	195.3866	0.8071	38977.0160
988	200.0000	196.3592	0.8071	39005.1188
989	200.0000	197.7287	0.8071	39035.3556
990	200.0000	195.0335	0.8071	39061.9600
991	200.0000	194.6424	0.8071	39089.2634
992	200.0000	195.9085	0.8071	39131.9580
993	200.0000	194.0718	0.8071	39169.4808
994	200.0000	195.9291	0.8071	39204.3822
995	200.0000	194.6077	0.8071	39235.1165
996	200.0000	194.1874	0.8071	39265.6744
997	200.0000	195.5501	0.8071	39296.5677
998	200.0000	195.4024	0.8071	39327.4670
999	200.0000	195.4373	0.8071	39361.9604
Pos: [3.5844283368152294, -1.8481264968977134]

=================================================================================================================