ID: five_uneven_peak_trap	Date: 2019-08-19 15:26:47	Runs: 1
=================================================================================================================
Run: 0
Iter	Gbest	AvrFit	Diver	ETime	
0	162.5000	82.5356	1.0000	0.0002
1	179.2134	91.9699	1.0000	0.0004
2	179.2134	93.8454	0.9516	0.0005
3	196.3029	101.7092	0.9975	0.0006
4	200.0000	104.1886	0.9948	0.0008
5	200.0000	111.0574	0.9790	0.0009
6	200.0000	102.5717	1.0000	0.0011
7	200.0000	119.5977	0.9126	0.0012
8	200.0000	119.0541	1.0000	0.0014
9	200.0000	128.3447	0.9880	0.0015
10	200.0000	130.0715	0.9906	0.0017
11	200.0000	116.8306	0.9389	0.0019
12	200.0000	116.6667	0.9508	0.0020
13	200.0000	107.8097	0.9705	0.0022
14	200.0000	117.9700	0.9410	0.0024
15	200.0000	129.4912	0.9483	0.0025
16	200.0000	113.3387	0.9574	0.0027
17	200.0000	132.2684	0.9372	0.0028
18	200.0000	124.5307	0.9436	0.0030
19	200.0000	127.7148	0.9149	0.0031
20	200.0000	132.6490	0.9624	0.0033
21	200.0000	119.9719	0.9020	0.0034
22	200.0000	128.0404	0.9438	0.0036
23	200.0000	103.8294	0.9349	0.0037
24	200.0000	124.3738	0.9642	0.0038
25	200.0000	120.4410	0.9035	0.0040
26	200.0000	120.3202	0.8758	0.0042
27	200.0000	119.9875	0.8739	0.0043
28	200.0000	128.4610	0.8727	0.0044
29	200.0000	112.0553	0.8547	0.0046
30	200.0000	126.6946	0.9289	0.0047
31	200.0000	125.5146	0.8891	0.0049
32	200.0000	127.8093	0.9543	0.0050
33	200.0000	128.3191	0.9345	0.0052
34	200.0000	125.6564	0.9145	0.0053
35	200.0000	129.9176	0.9583	0.0055
36	200.0000	116.2439	0.9564	0.0056
37	200.0000	109.4006	0.9583	0.0058
38	200.0000	115.6416	0.9701	0.0059
39	200.0000	117.9499	0.9145	0.0061
40	200.0000	108.9481	0.9385	0.0062
41	200.0000	110.0358	0.9000	0.0064
42	200.0000	123.7986	0.8915	0.0065
43	200.0000	125.9219	0.9608	0.0066
44	200.0000	117.0021	0.9234	0.0068
45	200.0000	125.7714	0.8887	0.0069
46	200.0000	132.5514	0.9168	0.0071
47	200.0000	126.8808	0.9416	0.0072
48	200.0000	124.2807	0.9451	0.0074
49	200.0000	122.9819	0.9300	0.0075
50	200.0000	124.8794	0.8939	0.0077
51	200.0000	101.8380	0.9309	0.0078
52	200.0000	111.0360	0.9395	0.0080
53	200.0000	120.7882	0.9930	0.0081
54	200.0000	118.5774	0.9775	0.0083
55	200.0000	121.7027	0.9812	0.0084
56	200.0000	120.6078	0.9654	0.0085
57	200.0000	124.9946	0.9332	0.0087
58	200.0000	111.1000	0.9599	0.0088
59	200.0000	113.5651	0.9319	0.0090
60	200.0000	115.7580	0.9328	0.0091
61	200.0000	126.0116	0.9284	0.0093
62	200.0000	123.7358	0.9301	0.0094
63	200.0000	124.2259	0.9142	0.0096
64	200.0000	124.8172	0.9240	0.0097
65	200.0000	111.0940	0.9265	0.0098
66	200.0000	137.7094	0.9423	0.0100
67	200.0000	132.5099	0.9412	0.0101
68	200.0000	132.4800	0.9599	0.0103
69	200.0000	127.7070	0.9537	0.0104
70	200.0000	119.8179	0.9734	0.0105
71	200.0000	125.7753	0.9213	0.0107
72	200.0000	123.1720	0.9251	0.0108
73	200.0000	110.5112	0.9239	0.0110
74	200.0000	117.4988	0.9111	0.0111
75	200.0000	133.5669	0.8851	0.0113
76	200.0000	128.2516	0.9530	0.0114
77	200.0000	125.8943	0.9060	0.0115
78	200.0000	121.7276	0.9537	0.0117
79	200.0000	132.4808	0.9173	0.0118
80	200.0000	123.3206	0.9723	0.0120
81	200.0000	134.8765	0.9102	0.0122
82	200.0000	128.2071	0.9116	0.0123
83	200.0000	135.3798	0.8705	0.0125
84	200.0000	114.5052	0.9342	0.0126
85	200.0000	114.2456	0.9351	0.0127
86	200.0000	121.5989	0.9495	0.0129
87	200.0000	129.9788	0.9114	0.0130
88	200.0000	130.3897	0.9548	0.0132
89	200.0000	104.7177	0.9401	0.0133
90	200.0000	127.9092	0.9509	0.0135
91	200.0000	125.5466	0.9272	0.0136
92	200.0000	126.7780	0.9274	0.0138
93	200.0000	128.4379	0.9249	0.0139
94	200.0000	119.1368	0.9615	0.0141
95	200.0000	125.6590	0.9112	0.0142
96	200.0000	107.7202	0.9110	0.0143
97	200.0000	120.1432	0.9295	0.0145
98	200.0000	121.6520	0.9299	0.0146
99	200.0000	115.5405	0.9157	0.0148
100	200.0000	118.0246	0.9424	0.0149
101	200.0000	112.5385	0.9594	0.0151
102	200.0000	134.8775	0.8674	0.0152
103	200.0000	125.7460	0.8573	0.0154
104	200.0000	116.6101	0.8806	0.0155
105	200.0000	123.1411	0.8724	0.0157
106	200.0000	115.7929	0.8579	0.0158
107	200.0000	127.3238	0.9069	0.0160
108	200.0000	121.2533	0.9204	0.0161
109	200.0000	120.0111	0.9073	0.0163
110	200.0000	120.4451	0.8792	0.0164
111	200.0000	130.6236	0.9114	0.0165
112	200.0000	124.3884	0.9104	0.0167
113	200.0000	128.5373	0.9384	0.0169
114	200.0000	136.7632	0.9025	0.0170
115	200.0000	132.3015	0.8661	0.0171
116	200.0000	119.5069	0.9258	0.0173
117	200.0000	130.5487	0.9322	0.0174
118	200.0000	120.7262	0.9614	0.0176
119	200.0000	123.6937	0.9406	0.0177
120	200.0000	133.7879	0.9509	0.0179
121	200.0000	111.2406	0.9370	0.0180
122	200.0000	115.0766	0.9337	0.0182
123	200.0000	132.6681	0.9116	0.0183
124	200.0000	111.2216	0.9021	0.0184
125	200.0000	123.4700	0.8681	0.0186
126	200.0000	128.6441	0.8852	0.0187
127	200.0000	118.7570	0.9341	0.0189
128	200.0000	124.9010	0.9137	0.0190
129	200.0000	121.7118	0.9316	0.0192
130	200.0000	124.8174	0.9183	0.0193
131	200.0000	132.1831	0.9075	0.0194
132	200.0000	126.9404	0.8366	0.0196
133	200.0000	125.6867	0.9150	0.0197
134	200.0000	134.1566	0.9170	0.0199
135	200.0000	104.4612	0.9383	0.0200
136	200.0000	114.9032	0.9372	0.0202
137	200.0000	118.5918	0.9409	0.0203
138	200.0000	118.1289	0.9282	0.0205
139	200.0000	107.0320	0.9330	0.0206
140	200.0000	117.1082	0.9616	0.0207
141	200.0000	118.3790	0.9382	0.0209
142	200.0000	122.7013	0.9847	0.0210
143	200.0000	108.3428	0.9530	0.0212
144	200.0000	116.2729	0.9538	0.0213
145	200.0000	124.9796	0.9582	0.0215
146	200.0000	124.3268	0.9322	0.0216
147	200.0000	120.7652	0.9337	0.0218
148	200.0000	126.6165	0.9849	0.0219
149	200.0000	133.3085	0.9836	0.0220
150	200.0000	110.0952	0.9742	0.0222
151	200.0000	140.5250	0.9436	0.0223
152	200.0000	129.0892	0.9456	0.0225
153	200.0000	133.9152	0.9333	0.0226
154	200.0000	129.8177	0.9513	0.0228
155	200.0000	131.4402	0.9545	0.0229
156	200.0000	111.7917	0.9379	0.0230
157	200.0000	122.4893	0.9213	0.0232
158	200.0000	128.3446	0.9948	0.0233
159	200.0000	119.7791	1.0000	0.0235
160	200.0000	132.8328	0.9789	0.0236
161	200.0000	122.1743	0.9533	0.0238
162	200.0000	116.5647	0.9095	0.0239
163	200.0000	122.7783	0.9476	0.0241
164	200.0000	135.8132	0.9270	0.0242
165	200.0000	116.4647	0.8687	0.0243
166	200.0000	136.9074	0.8665	0.0245
167	200.0000	135.7973	0.9396	0.0246
168	200.0000	132.9872	0.9188	0.0248
169	200.0000	117.8694	0.9819	0.0249
170	200.0000	124.7800	0.9525	0.0251
171	200.0000	127.0692	0.9057	0.0252
172	200.0000	135.5557	0.9454	0.0254
173	200.0000	115.9101	0.9765	0.0255
174	200.0000	130.0892	0.9308	0.0257
175	200.0000	121.0719	0.9381	0.0258
176	200.0000	120.5332	0.9488	0.0259
177	200.0000	125.3782	0.9280	0.0261
178	200.0000	123.2059	0.9163	0.0262
179	200.0000	127.2532	0.9337	0.0264
180	200.0000	118.0009	0.9442	0.0265
181	200.0000	115.0647	0.9435	0.0266
182	200.0000	126.3664	0.9777	0.0268
183	200.0000	123.8578	0.8967	0.0269
184	200.0000	121.6747	0.9199	0.0271
185	200.0000	122.4728	0.9283	0.0272
186	200.0000	145.0957	0.9311	0.0274
187	200.0000	124.6078	0.9731	0.0275
188	200.0000	118.6393	0.9430	0.0277
189	200.0000	129.6071	0.9593	0.0278
190	200.0000	131.0188	0.9169	0.0280
191	200.0000	129.4341	0.8852	0.0281
192	200.0000	119.4622	0.9348	0.0282
193	200.0000	118.6199	0.9298	0.0284
194	200.0000	113.7851	0.9324	0.0285
195	200.0000	125.9761	1.0000	0.0287
196	200.0000	126.1784	0.9213	0.0288
197	200.0000	129.5793	0.9327	0.0290
198	200.0000	112.7468	0.9100	0.0291
199	200.0000	121.5237	0.8947	0.0293
200	200.0000	122.8767	0.8549	0.0295
201	200.0000	105.0425	0.8881	0.0296
202	200.0000	113.7974	0.9155	0.0298
203	200.0000	113.5357	0.9044	0.0299
204	200.0000	114.1596	0.8707	0.0301
205	200.0000	124.2410	0.8826	0.0302
206	200.0000	121.3001	0.8667	0.0303
207	200.0000	118.8162	0.8689	0.0305
208	200.0000	121.7608	0.8850	0.0307
209	200.0000	126.7144	0.8692	0.0308
210	200.0000	125.1165	0.8691	0.0310
211	200.0000	128.6029	0.9135	0.0311
212	200.0000	126.5389	0.8867	0.0313
213	200.0000	119.9329	0.9048	0.0314
214	200.0000	119.6681	0.9183	0.0316
215	200.0000	138.9262	0.9211	0.0317
216	200.0000	134.3888	0.8832	0.0319
217	200.0000	122.7348	0.8176	0.0320
218	200.0000	109.3849	0.8355	0.0322
219	200.0000	133.0840	0.9157	0.0323
220	200.0000	121.9729	0.9486	0.0325
221	200.0000	136.0582	0.8990	0.0326
222	200.0000	131.0277	0.9129	0.0327
223	200.0000	104.4922	0.9103	0.0329
224	200.0000	109.3428	0.9602	0.0330
225	200.0000	115.2794	0.9152	0.0332
226	200.0000	108.5884	0.9807	0.0333
227	200.0000	117.1450	0.9798	0.0335
228	200.0000	109.7165	0.9507	0.0337
229	200.0000	127.3057	0.9417	0.0338
230	200.0000	128.5009	0.9120	0.0340
231	200.0000	132.6750	0.8968	0.0341
232	200.0000	124.0632	0.8601	0.0343
233	200.0000	130.2443	0.9024	0.0344
234	200.0000	123.2405	0.9357	0.0346
235	200.0000	133.2414	0.9280	0.0347
236	200.0000	141.6450	0.9414	0.0349
237	200.0000	135.0735	0.9392	0.0350
238	200.0000	124.9966	0.9500	0.0352
239	200.0000	127.4103	0.9568	0.0353
240	200.0000	143.0737	0.9661	0.0355
241	200.0000	124.6958	0.9830	0.0356
242	200.0000	120.7574	0.9867	0.0358
243	200.0000	126.1653	0.9377	0.0359
244	200.0000	120.0091	0.9125	0.0360
245	200.0000	123.9753	0.9465	0.0362
246	200.0000	130.7532	0.9200	0.0363
247	200.0000	121.4587	0.9620	0.0365
248	200.0000	122.7813	0.9760	0.0366
249	200.0000	120.6181	0.8816	0.0368
250	200.0000	120.6264	0.9271	0.0369
251	200.0000	119.3936	0.9500	0.0371
252	200.0000	123.3723	0.9452	0.0372
253	200.0000	123.8271	0.9410	0.0374
254	200.0000	130.8845	0.9182	0.0375
255	200.0000	133.7160	0.9258	0.0377
256	200.0000	136.3284	0.8934	0.0378
257	200.0000	127.9229	0.9719	0.0380
258	200.0000	133.0662	0.9307	0.0382
259	200.0000	111.1711	0.9065	0.0385
260	200.0000	127.7767	0.9085	0.0386
261	200.0000	121.6343	0.9256	0.0388
262	200.0000	120.1877	0.9216	0.0389
263	200.0000	120.5881	0.8761	0.0390
264	200.0000	117.5367	0.9325	0.0392
265	200.0000	128.5371	0.9264	0.0393
266	200.0000	132.2811	0.8747	0.0395
267	200.0000	120.6478	0.8734	0.0396
268	200.0000	124.3983	0.9076	0.0398
269	200.0000	123.2628	0.9006	0.0399
270	200.0000	119.4837	0.9014	0.0401
271	200.0000	118.7372	0.9376	0.0402
272	200.0000	125.1160	0.9650	0.0403
273	200.0000	137.2446	0.9444	0.0405
274	200.0000	114.1896	0.9839	0.0406
275	200.0000	115.3382	0.9358	0.0408
276	200.0000	119.4659	0.9027	0.0409
277	200.0000	120.9534	0.9202	0.0411
278	200.0000	130.3284	0.8359	0.0412
279	200.0000	115.4667	0.8949	0.0414
280	200.0000	108.6299	0.8757	0.0416
281	200.0000	121.4986	0.8982	0.0418
282	200.0000	121.6577	0.8914	0.0419
283	200.0000	106.7773	0.8840	0.0421
284	200.0000	121.2711	0.8758	0.0422
285	200.0000	129.0168	0.8930	0.0424
286	200.0000	122.1648	0.9275	0.0425
287	200.0000	115.5836	0.9252	0.0427
288	200.0000	127.5668	0.9172	0.0428
289	200.0000	126.5661	0.9860	0.0430
290	200.0000	131.3885	0.9454	0.0432
291	200.0000	144.9002	1.0000	0.0433
292	200.0000	122.4433	0.9637	0.0434
293	200.0000	136.2145	0.9157	0.0436
294	200.0000	124.7412	0.9292	0.0438
295	200.0000	102.6951	0.9356	0.0439
296	200.0000	137.8982	0.9550	0.0441
297	200.0000	119.4990	0.9287	0.0442
298	200.0000	124.4680	0.8858	0.0444
299	200.0000	133.7712	0.9173	0.0445
300	200.0000	115.8685	0.9085	0.0447
301	200.0000	123.8019	0.8674	0.0448
302	200.0000	121.3687	0.8869	0.0450
303	200.0000	132.6202	0.9223	0.0451
304	200.0000	124.8161	0.9366	0.0453
305	200.0000	118.5178	0.8807	0.0454
306	200.0000	133.2798	0.9130	0.0456
307	200.0000	126.0270	0.9191	0.0457
308	200.0000	131.0564	0.9721	0.0459
309	200.0000	124.2017	0.9650	0.0460
310	200.0000	126.7668	0.9482	0.0462
311	200.0000	117.4046	0.9634	0.0463
312	200.0000	117.0738	0.9316	0.0464
313	200.0000	124.3537	0.9106	0.0466
314	200.0000	120.3417	0.9358	0.0467
315	200.0000	130.6073	0.9240	0.0469
316	200.0000	124.6907	0.9195	0.0470
317	200.0000	124.6168	0.9193	0.0472
318	200.0000	121.7469	0.9534	0.0473
319	200.0000	126.3992	0.8944	0.0474
320	200.0000	115.2008	0.9378	0.0476
321	200.0000	110.6977	0.9391	0.0477
322	200.0000	126.2087	0.9165	0.0479
323	200.0000	123.7115	0.9422	0.0480
324	200.0000	116.6441	0.9267	0.0482
325	200.0000	112.8443	0.8934	0.0483
326	200.0000	115.8336	0.9291	0.0485
327	200.0000	129.7169	0.9577	0.0486
328	200.0000	122.3139	0.9407	0.0487
329	200.0000	120.3517	0.9370	0.0489
330	200.0000	126.3337	0.8984	0.0490
331	200.0000	119.7070	0.9435	0.0492
332	200.0000	124.3659	0.9654	0.0493
333	200.0000	133.3962	0.9063	0.0495
334	200.0000	139.1765	0.8745	0.0496
335	200.0000	127.4461	0.9174	0.0498
336	200.0000	107.8004	0.9274	0.0499
337	200.0000	117.0573	0.9387	0.0500
338	200.0000	123.4967	0.9181	0.0502
339	200.0000	122.6830	0.9464	0.0503
340	200.0000	121.4955	0.9821	0.0505
341	200.0000	127.0003	0.9155	0.0506
342	200.0000	117.2526	0.9674	0.0508
343	200.0000	111.9449	0.9331	0.0509
344	200.0000	122.5616	0.9582	0.0511
345	200.0000	121.8437	0.9548	0.0512
346	200.0000	137.4580	0.9513	0.0514
347	200.0000	127.1834	0.9729	0.0515
348	200.0000	129.9194	0.9210	0.0516
349	200.0000	111.0551	0.9020	0.0518
350	200.0000	103.8127	0.9070	0.0519
351	200.0000	110.2528	0.8992	0.0521
352	200.0000	115.3306	0.9167	0.0522
353	200.0000	119.8767	0.9089	0.0524
354	200.0000	106.1650	0.9103	0.0525
355	200.0000	121.8833	0.9314	0.0526
356	200.0000	133.8382	0.9180	0.0528
357	200.0000	128.1408	0.8853	0.0529
358	200.0000	121.4277	0.8588	0.0531
359	200.0000	102.6281	0.8699	0.0532
360	200.0000	121.3150	0.8752	0.0533
361	200.0000	111.9838	0.8850	0.0535
362	200.0000	111.6739	0.9175	0.0536
363	200.0000	124.9613	0.9079	0.0538
364	200.0000	103.3528	0.9040	0.0539
365	200.0000	114.1035	0.9199	0.0541
366	200.0000	118.1710	0.9338	0.0542
367	200.0000	126.5011	0.9164	0.0544
368	200.0000	136.3047	0.9502	0.0545
369	200.0000	130.5334	0.8996	0.0547
370	200.0000	118.7359	0.8937	0.0549
371	200.0000	116.5668	0.9302	0.0550
372	200.0000	130.7018	0.9190	0.0552
373	200.0000	113.4237	0.9156	0.0553
374	200.0000	115.3798	0.9050	0.0554
375	200.0000	119.8550	0.9205	0.0556
376	200.0000	121.4920	0.9491	0.0557
377	200.0000	120.8606	0.9113	0.0559
378	200.0000	131.4015	0.8882	0.0560
379	200.0000	138.6114	0.9103	0.0562
380	200.0000	128.3028	0.9065	0.0563
381	200.0000	121.1430	0.9162	0.0565
382	200.0000	128.7417	0.8849	0.0566
383	200.0000	121.0242	0.9128	0.0568
384	200.0000	139.3680	0.9612	0.0569
385	200.0000	138.6253	0.9258	0.0571
386	200.0000	131.2128	0.9154	0.0572
387	200.0000	134.2167	0.9294	0.0573
388	200.0000	126.9145	0.9214	0.0575
389	200.0000	118.3169	0.8906	0.0576
390	200.0000	138.4306	0.8860	0.0578
391	200.0000	129.0826	0.9095	0.0579
392	200.0000	137.1812	0.9595	0.0581
393	200.0000	128.7820	0.9503	0.0582
394	200.0000	126.2388	0.9391	0.0584
395	200.0000	112.5560	0.8884	0.0585
396	200.0000	122.0147	0.9610	0.0587
397	200.0000	133.2051	0.9102	0.0588
398	200.0000	115.8832	0.8990	0.0590
399	200.0000	124.7541	0.8681	0.0591
400	200.0000	130.9315	0.8677	0.0592
401	200.0000	115.7045	0.9157	0.0594
402	200.0000	127.8273	0.9485	0.0595
403	200.0000	115.7619	0.9182	0.0597
404	200.0000	127.7397	0.9516	0.0598
405	200.0000	130.9321	0.9618	0.0600
406	200.0000	114.3737	0.9519	0.0601
407	200.0000	122.4750	0.8634	0.0603
408	200.0000	116.5046	0.8851	0.0604
409	200.0000	106.6668	0.9626	0.0605
410	200.0000	113.3579	0.9587	0.0607
411	200.0000	121.9275	0.9261	0.0608
412	200.0000	120.4607	0.8737	0.0610
413	200.0000	116.0765	0.8798	0.0611
414	200.0000	119.5067	0.8817	0.0613
415	200.0000	110.1541	0.8413	0.0614
416	200.0000	132.8155	0.8309	0.0616
417	200.0000	120.3525	0.8249	0.0617
418	200.0000	119.3865	0.8597	0.0618
419	200.0000	116.9314	0.8595	0.0620
420	200.0000	121.4541	0.8768	0.0621
421	200.0000	128.8646	0.8892	0.0623
422	200.0000	142.4644	0.9156	0.0624
423	200.0000	139.2246	0.9091	0.0626
424	200.0000	128.0077	0.9233	0.0627
425	200.0000	121.9166	0.9464	0.0629
426	200.0000	125.8797	0.9133	0.0630
427	200.0000	127.4844	0.8996	0.0632
428	200.0000	125.8012	0.9309	0.0633
429	200.0000	122.7226	0.8818	0.0634
430	200.0000	116.6183	0.9654	0.0636
431	200.0000	136.8838	0.9502	0.0637
432	200.0000	124.5099	0.8617	0.0639
433	200.0000	111.2765	0.8818	0.0640
434	200.0000	130.8826	0.8583	0.0642
435	200.0000	121.7014	0.8892	0.0643
436	200.0000	127.1518	0.8893	0.0645
437	200.0000	112.2407	0.8718	0.0646
438	200.0000	133.3748	0.8818	0.0647
439	200.0000	127.1224	0.9083	0.0649
440	200.0000	129.1305	0.9408	0.0650
441	200.0000	145.4741	0.9524	0.0652
442	200.0000	132.6015	0.9706	0.0653
443	200.0000	135.8048	0.8987	0.0655
444	200.0000	118.0637	0.8617	0.0656
445	200.0000	132.3280	0.8673	0.0658
446	200.0000	133.8038	0.9320	0.0659
447	200.0000	133.5077	0.9116	0.0661
448	200.0000	119.7646	0.9219	0.0662
449	200.0000	138.7389	0.9314	0.0664
450	200.0000	117.4973	0.9302	0.0665
451	200.0000	125.1325	0.9348	0.0667
452	200.0000	119.4307	0.9497	0.0668
453	200.0000	130.0233	0.9439	0.0670
454	200.0000	133.6527	0.9630	0.0672
455	200.0000	117.2728	0.9739	0.0674
456	200.0000	132.3134	0.9861	0.0675
457	200.0000	134.0699	0.9446	0.0677
458	200.0000	143.2255	0.9206	0.0679
459	200.0000	128.8653	0.9501	0.0681
460	200.0000	134.8962	0.8874	0.0682
461	200.0000	131.1232	0.9015	0.0684
462	200.0000	127.1474	0.9505	0.0686
463	200.0000	124.7741	0.9348	0.0688
464	200.0000	127.4822	0.9221	0.0689
465	200.0000	123.7280	0.9246	0.0691
466	200.0000	118.6408	0.9022	0.0692
467	200.0000	135.1294	0.8814	0.0694
468	200.0000	119.8188	0.8800	0.0695
469	200.0000	133.2361	0.9108	0.0697
470	200.0000	136.2410	0.8988	0.0698
471	200.0000	129.2589	0.8966	0.0700
472	200.0000	126.3252	0.9366	0.0701
473	200.0000	122.0153	0.9109	0.0703
474	200.0000	124.3019	0.9307	0.0704
475	200.0000	118.8902	0.8844	0.0706
476	200.0000	120.4031	0.9014	0.0707
477	200.0000	124.6466	0.8993	0.0709
478	200.0000	143.3205	0.9517	0.0711
479	200.0000	128.8409	0.8971	0.0712
480	200.0000	125.2866	0.9200	0.0714
481	200.0000	121.1792	0.9521	0.0716
482	200.0000	135.3194	0.8762	0.0717
483	200.0000	122.9508	0.9195	0.0720
484	200.0000	131.0729	0.9313	0.0723
485	200.0000	122.4135	0.9318	0.0726
486	200.0000	127.7002	0.9328	0.0729
487	200.0000	122.6556	0.9343	0.0732
488	200.0000	132.5349	0.9019	0.0735
489	200.0000	129.6477	0.9283	0.0738
490	200.0000	118.0994	0.8994	0.0741
491	200.0000	132.0031	0.8856	0.0743
492	200.0000	116.0207	0.8951	0.0744
493	200.0000	111.2256	0.8879	0.0746
494	200.0000	112.7964	0.8915	0.0748
495	200.0000	119.8451	0.8881	0.0749
496	200.0000	118.1364	0.8979	0.0751
497	200.0000	115.0780	0.9059	0.0752
498	200.0000	130.4432	0.8747	0.0754
499	200.0000	126.5154	0.9473	0.0755
500	200.0000	142.7723	0.9412	0.0757
501	200.0000	117.1378	0.9063	0.0758
502	200.0000	129.0162	0.8896	0.0760
503	200.0000	115.3747	0.9269	0.0761
504	200.0000	120.9286	0.9021	0.0762
505	200.0000	127.1330	0.8988	0.0764
506	200.0000	129.7854	0.9039	0.0765
507	200.0000	116.0805	0.9065	0.0767
508	200.0000	116.0320	0.8553	0.0769
509	200.0000	111.7878	0.8478	0.0770
510	200.0000	120.2588	0.8675	0.0772
511	200.0000	125.1757	0.9321	0.0773
512	200.0000	124.5935	0.9072	0.0775
513	200.0000	132.5822	0.9042	0.0776
514	200.0000	123.0881	0.8990	0.0778
515	200.0000	130.1250	0.8890	0.0779
516	200.0000	123.8650	0.8981	0.0781
517	200.0000	120.5402	0.8862	0.0782
518	200.0000	113.9792	0.8774	0.0783
519	200.0000	127.3384	0.8915	0.0785
520	200.0000	137.3702	0.9035	0.0786
521	200.0000	113.6646	0.8550	0.0788
522	200.0000	115.4492	0.8522	0.0789
523	200.0000	129.2920	0.8350	0.0791
524	200.0000	116.0845	0.8380	0.0792
525	200.0000	119.0274	0.8509	0.0794
526	200.0000	119.9362	0.8866	0.0795
527	200.0000	123.1305	0.8843	0.0797
528	200.0000	127.9189	0.8889	0.0798
529	200.0000	114.1029	0.9183	0.0800
530	200.0000	112.5831	0.9133	0.0801
531	200.0000	126.4853	0.8994	0.0802
532	200.0000	127.7679	0.9135	0.0804
533	200.0000	117.5775	0.9158	0.0805
534	200.0000	102.9150	0.9235	0.0807
535	200.0000	117.8674	0.9296	0.0808
536	200.0000	125.2813	0.9081	0.0810
537	200.0000	113.2996	0.9161	0.0811
538	200.0000	134.2347	0.9006	0.0813
539	200.0000	124.8900	0.8868	0.0814
540	200.0000	121.9982	0.9164	0.0816
541	200.0000	129.3630	0.9472	0.0817
542	200.0000	133.7219	0.9914	0.0819
543	200.0000	119.9762	0.9650	0.0820
544	200.0000	135.5301	0.9273	0.0822
545	200.0000	121.8071	0.9250	0.0824
546	200.0000	108.7161	0.8765	0.0825
547	200.0000	116.1052	0.8821	0.0827
548	200.0000	117.5710	0.8694	0.0828
549	200.0000	131.4677	0.8757	0.0830
550	200.0000	120.5948	0.8893	0.0831
551	200.0000	126.7563	0.8840	0.0833
552	200.0000	112.1165	0.8918	0.0834
553	200.0000	140.2806	0.8717	0.0836
554	200.0000	120.2796	0.9035	0.0837
555	200.0000	127.6061	0.8666	0.0839
556	200.0000	122.5897	0.9132	0.0840
557	200.0000	126.3432	0.9566	0.0842
558	200.0000	129.2033	0.9323	0.0843
559	200.0000	131.0395	0.9446	0.0845
560	200.0000	134.0322	0.9538	0.0846
561	200.0000	131.3216	0.8736	0.0848
562	200.0000	133.2187	0.9063	0.0849
563	200.0000	123.4822	0.9204	0.0851
564	200.0000	117.2653	0.9346	0.0852
565	200.0000	127.4485	0.8937	0.0854
566	200.0000	133.6773	0.9528	0.0855
567	200.0000	132.9210	0.9715	0.0856
568	200.0000	137.0604	0.9801	0.0858
569	200.0000	112.7325	0.9918	0.0859
570	200.0000	126.1584	0.9753	0.0861
571	200.0000	119.4414	0.9569	0.0862
572	200.0000	130.1956	0.9762	0.0864
573	200.0000	138.3548	0.9650	0.0865
574	200.0000	123.8031	0.9695	0.0867
575	200.0000	122.4035	0.9802	0.0868
576	200.0000	119.0722	0.9818	0.0870
577	200.0000	108.6040	0.9675	0.0872
578	200.0000	113.8391	0.9631	0.0873
579	200.0000	123.9744	0.9710	0.0875
580	200.0000	121.5633	0.9470	0.0876
581	200.0000	122.2798	0.8960	0.0878
582	200.0000	127.2471	0.9264	0.0879
583	200.0000	118.9190	0.9778	0.0881
584	200.0000	127.5405	0.9879	0.0882
585	200.0000	115.2647	0.9300	0.0884
586	200.0000	127.0270	0.9951	0.0885
587	200.0000	126.5530	0.9538	0.0887
588	200.0000	128.3313	0.9922	0.0888
589	200.0000	122.4915	0.9938	0.0889
590	200.0000	110.2514	0.9546	0.0891
591	200.0000	126.6382	0.9452	0.0892
592	200.0000	106.0260	0.9367	0.0894
593	200.0000	134.1430	0.9617	0.0895
594	200.0000	128.3856	0.9617	0.0897
595	200.0000	121.3897	0.9071	0.0898
596	200.0000	126.6258	0.9383	0.0900
597	200.0000	120.5806	0.8940	0.0901
598	200.0000	136.9276	0.9191	0.0903
599	200.0000	121.2899	0.9403	0.0904
600	200.0000	116.1056	0.9493	0.0905
601	200.0000	113.4408	0.9563	0.0907
602	200.0000	119.3262	0.9726	0.0908
603	200.0000	114.3558	0.9540	0.0910
604	200.0000	111.8893	0.9534	0.0911
605	200.0000	126.6945	0.9537	0.0913
606	200.0000	110.8139	0.9541	0.0914
607	200.0000	127.3211	0.9375	0.0916
608	200.0000	126.3437	0.9339	0.0917
609	200.0000	122.2600	0.9337	0.0919
610	200.0000	125.9836	0.9497	0.0920
611	200.0000	128.3712	0.9576	0.0921
612	200.0000	115.9917	1.0000	0.0923
613	200.0000	111.2218	0.9737	0.0924
614	200.0000	126.6043	0.9642	0.0926
615	200.0000	121.9462	0.9590	0.0927
616	200.0000	123.3224	0.9104	0.0929
617	200.0000	119.4281	0.9185	0.0930
618	200.0000	115.6434	0.9175	0.0932
619	200.0000	118.8602	0.9387	0.0933
620	200.0000	132.9058	0.9188	0.0934
621	200.0000	130.6964	0.9760	0.0936
622	200.0000	128.6117	0.9869	0.0938
623	200.0000	118.2585	1.0000	0.0939
624	200.0000	113.2110	0.9872	0.0941
625	200.0000	115.6512	0.9581	0.0942
626	200.0000	122.3298	0.9800	0.0944
627	200.0000	124.1099	0.9547	0.0945
628	200.0000	133.4522	0.9112	0.0947
629	200.0000	116.8769	0.8913	0.0948
630	200.0000	116.9473	0.9282	0.0949
631	200.0000	117.2987	0.9128	0.0951
632	200.0000	119.9365	0.8965	0.0952
633	200.0000	122.0948	0.9083	0.0954
634	200.0000	111.0008	0.9522	0.0955
635	200.0000	114.1103	0.8720	0.0957
636	200.0000	132.6845	0.8852	0.0958
637	200.0000	125.4999	0.8976	0.0960
638	200.0000	133.7108	0.9043	0.0961
639	200.0000	119.8520	0.8856	0.0963
640	200.0000	129.7361	0.8985	0.0964
641	200.0000	126.8089	0.9230	0.0966
642	200.0000	125.5022	0.8970	0.0967
643	200.0000	125.9743	0.9514	0.0969
644	200.0000	118.5762	0.9748	0.0970
645	200.0000	124.5787	0.9674	0.0972
646	200.0000	129.3159	0.9386	0.0973
647	200.0000	128.5184	0.9204	0.0975
648	200.0000	132.7709	0.9645	0.0976
649	200.0000	122.9263	0.9837	0.0978
650	200.0000	127.1497	0.9292	0.0979
651	200.0000	132.4330	0.9111	0.0981
652	200.0000	122.7778	0.9377	0.0982
653	200.0000	111.0767	0.9568	0.0984
654	200.0000	113.4308	0.9753	0.0985
655	200.0000	123.7005	0.9307	0.0986
656	200.0000	127.4868	0.9410	0.0988
657	200.0000	114.5147	0.8777	0.0989
658	200.0000	116.9064	0.9100	0.0991
659	200.0000	130.2710	0.8958	0.0992
660	200.0000	124.3429	0.9117	0.0994
661	200.0000	134.1316	0.9380	0.0995
662	200.0000	125.3295	0.8845	0.0997
663	200.0000	130.9351	0.9080	0.0998
664	200.0000	134.9032	0.9161	0.1000
665	200.0000	126.7970	0.9161	0.1001
666	200.0000	118.2678	0.8973	0.1003
667	200.0000	132.6568	0.9067	0.1004
668	200.0000	129.1950	0.8572	0.1005
669	200.0000	119.4245	0.8615	0.1007
670	200.0000	137.0273	0.8199	0.1008
671	200.0000	122.8343	0.8685	0.1010
672	200.0000	120.2511	0.8813	0.1011
673	200.0000	120.6183	0.8684	0.1013
674	200.0000	128.9448	0.9054	0.1014
675	200.0000	140.1013	0.9731	0.1016
676	200.0000	134.7867	0.8906	0.1017
677	200.0000	117.7540	0.8836	0.1018
678	200.0000	124.7037	0.8575	0.1020
679	200.0000	123.6986	0.9068	0.1021
680	200.0000	123.3600	0.8685	0.1023
681	200.0000	119.3996	0.8734	0.1024
682	200.0000	125.1166	0.9051	0.1026
683	200.0000	137.9241	0.9025	0.1027
684	200.0000	126.8436	0.8791	0.1029
685	200.0000	114.9889	0.8971	0.1030
686	200.0000	116.6884	0.9005	0.1032
687	200.0000	121.1802	0.8906	0.1033
688	200.0000	128.1748	0.9270	0.1034
689	200.0000	128.2335	0.9421	0.1036
690	200.0000	127.1840	0.9258	0.1037
691	200.0000	129.0729	0.9353	0.1039
692	200.0000	125.8746	0.8989	0.1040
693	200.0000	138.9039	0.8802	0.1042
694	200.0000	129.8011	0.9155	0.1043
695	200.0000	134.2363	0.8936	0.1045
696	200.0000	122.1939	0.9174	0.1046
697	200.0000	135.3304	0.9380	0.1048
698	200.0000	119.9186	0.9261	0.1049
699	200.0000	125.4087	0.8803	0.1050
700	200.0000	107.6181	0.8684	0.1052
701	200.0000	123.2598	0.8972	0.1053
702	200.0000	131.8342	0.8982	0.1055
703	200.0000	126.5798	0.8945	0.1056
704	200.0000	121.3085	0.9305	0.1058
705	200.0000	135.3144	0.9017	0.1059
706	200.0000	126.2713	0.8779	0.1061
707	200.0000	136.2038	0.9015	0.1062
708	200.0000	128.9068	0.8812	0.1064
709	200.0000	125.5958	0.8921	0.1065
710	200.0000	120.5535	0.8850	0.1066
711	200.0000	122.1361	0.8620	0.1068
712	200.0000	132.7958	0.8512	0.1069
713	200.0000	118.9937	0.8824	0.1071
714	200.0000	121.8364	0.8741	0.1072
715	200.0000	125.0118	0.9354	0.1074
716	200.0000	127.1064	0.9440	0.1075
717	200.0000	135.4100	0.8653	0.1077
718	200.0000	127.2353	0.8605	0.1078
719	200.0000	126.4880	0.8884	0.1080
720	200.0000	107.3603	0.8697	0.1082
721	200.0000	115.3266	0.8661	0.1083
722	200.0000	124.1653	0.9045	0.1085
723	200.0000	141.2512	0.9526	0.1086
724	200.0000	112.1983	0.9487	0.1088
725	200.0000	121.8439	0.9686	0.1089
726	200.0000	130.2333	0.9697	0.1091
727	200.0000	132.1606	0.8754	0.1093
728	200.0000	134.3630	0.8850	0.1094
729	200.0000	140.1707	0.8985	0.1095
730	200.0000	129.8166	0.8744	0.1097
731	200.0000	121.1164	0.9265	0.1098
732	200.0000	135.5620	0.9062	0.1100
733	200.0000	120.9113	0.8812	0.1101
734	200.0000	128.4200	0.8870	0.1103
735	200.0000	129.2612	0.8921	0.1104
736	200.0000	116.7020	0.8947	0.1106
737	200.0000	122.1640	0.8724	0.1107
738	200.0000	116.8438	0.8865	0.1109
739	200.0000	116.7017	0.8806	0.1110
740	200.0000	112.1394	0.8775	0.1111
741	200.0000	116.4595	0.8861	0.1113
742	200.0000	122.2016	0.8348	0.1114
743	200.0000	128.1724	0.7997	0.1116
744	200.0000	118.9276	0.8647	0.1117
745	200.0000	128.4471	0.8982	0.1119
746	200.0000	139.4191	0.9015	0.1120
747	200.0000	139.4545	0.9206	0.1122
748	200.0000	119.0634	0.9131	0.1123
749	200.0000	110.2211	0.8834	0.1125
750	200.0000	123.4475	0.9072	0.1126
751	200.0000	122.2488	0.9055	0.1128
752	200.0000	126.2751	0.9055	0.1129
753	200.0000	122.9294	0.8839	0.1131
754	200.0000	128.1352	0.9194	0.1132
755	200.0000	134.9051	0.8981	0.1134
756	200.0000	120.0338	0.8868	0.1135
757	200.0000	116.2856	0.9147	0.1136
758	200.0000	121.5441	0.9186	0.1138
759	200.0000	116.7309	0.9116	0.1140
760	200.0000	104.6014	0.9313	0.1141
761	200.0000	120.3677	0.9462	0.1142
762	200.0000	120.5657	0.9463	0.1144
763	200.0000	107.7250	0.9423	0.1145
764	200.0000	127.3096	0.9306	0.1147
765	200.0000	107.7802	0.9426	0.1148
766	200.0000	124.1419	0.9303	0.1150
767	200.0000	114.0295	0.9009	0.1151
768	200.0000	138.2587	0.8903	0.1153
769	200.0000	131.6865	0.8804	0.1154
770	200.0000	125.3913	0.8838	0.1155
771	200.0000	123.0128	0.9004	0.1157
772	200.0000	139.7777	0.8803	0.1158
773	200.0000	127.6427	0.9042	0.1160
774	200.0000	127.9867	0.8861	0.1161
775	200.0000	129.1003	0.8833	0.1163
776	200.0000	125.1051	0.9171	0.1165
777	200.0000	142.7455	0.8618	0.1166
778	200.0000	140.1570	0.9071	0.1168
779	200.0000	134.3941	0.8678	0.1169
780	200.0000	131.7224	0.8656	0.1171
781	200.0000	128.5344	0.8976	0.1172
782	200.0000	120.9466	0.8911	0.1174
783	200.0000	111.4631	0.8906	0.1175
784	200.0000	126.4255	0.8791	0.1177
785	200.0000	129.0458	0.8622	0.1178
786	200.0000	120.6980	0.8949	0.1180
787	200.0000	133.9692	0.8976	0.1181
788	200.0000	131.5780	0.8658	0.1183
789	200.0000	114.3929	0.9001	0.1184
790	200.0000	111.5920	0.8598	0.1185
791	200.0000	125.4892	0.8755	0.1187
792	200.0000	127.0172	0.8537	0.1188
793	200.0000	121.7972	0.8749	0.1190
794	200.0000	130.3849	0.9191	0.1191
795	200.0000	139.5925	0.8857	0.1193
796	200.0000	120.3387	0.9177	0.1194
797	200.0000	130.4968	0.9143	0.1196
798	200.0000	135.6958	0.9745	0.1197
799	200.0000	121.4803	0.9379	0.1199
800	200.0000	138.0760	0.9621	0.1200
801	200.0000	112.4696	0.9472	0.1202
802	200.0000	112.3528	0.9054	0.1203
803	200.0000	102.0596	0.8751	0.1204
804	200.0000	118.3242	0.8597	0.1206
805	200.0000	106.8790	0.9411	0.1208
806	200.0000	127.1118	0.9106	0.1210
807	200.0000	123.1098	0.9186	0.1211
808	200.0000	119.1787	0.8864	0.1213
809	200.0000	122.4226	0.9145	0.1215
810	200.0000	122.7455	0.8316	0.1216
811	200.0000	110.3604	0.8999	0.1218
812	200.0000	121.6179	0.9207	0.1219
813	200.0000	139.8145	0.9157	0.1221
814	200.0000	136.4841	0.8937	0.1223
815	200.0000	138.8371	0.9997	0.1224
816	200.0000	127.2241	0.9639	0.1226
817	200.0000	128.9824	0.9878	0.1229
818	200.0000	124.7629	0.9815	0.1231
819	200.0000	137.5164	0.9291	0.1233
820	200.0000	118.1251	0.9661	0.1234
821	200.0000	127.7075	0.9452	0.1236
822	200.0000	130.6671	0.9788	0.1237
823	200.0000	118.9375	0.9510	0.1239
824	200.0000	129.6598	0.9490	0.1241
825	200.0000	116.4514	0.9327	0.1243
826	200.0000	120.7081	0.8866	0.1244
827	200.0000	120.1008	0.9490	0.1246
828	200.0000	133.5854	0.9641	0.1248
829	200.0000	130.5410	0.9692	0.1250
830	200.0000	129.9818	0.9497	0.1252
831	200.0000	119.6110	0.9710	0.1254
832	200.0000	123.4637	0.9425	0.1255
833	200.0000	122.8138	0.9274	0.1257
834	200.0000	106.4729	0.9459	0.1258
835	200.0000	103.7847	0.9263	0.1260
836	200.0000	129.0949	0.9789	0.1262
837	200.0000	134.1574	0.9017	0.1264
838	200.0000	109.6733	0.9130	0.1266
839	200.0000	112.2028	0.9058	0.1268
840	200.0000	113.9216	0.9097	0.1269
841	200.0000	125.7108	0.9695	0.1271
842	200.0000	116.3782	0.8962	0.1272
843	200.0000	134.8597	0.9167	0.1274
844	200.0000	131.3728	0.9197	0.1276
845	200.0000	130.9861	0.9081	0.1277
846	200.0000	117.3783	0.9844	0.1279
847	200.0000	127.8425	0.9028	0.1281
848	200.0000	121.6165	0.8833	0.1282
849	200.0000	123.8378	0.9216	0.1285
850	200.0000	116.8806	0.9371	0.1286
851	200.0000	126.5988	0.8763	0.1288
852	200.0000	134.6099	0.9436	0.1290
853	200.0000	128.6272	0.8938	0.1292
854	200.0000	122.8682	0.9483	0.1294
855	200.0000	134.2829	0.9023	0.1295
856	200.0000	124.5710	0.9114	0.1296
857	200.0000	116.0549	0.9304	0.1298
858	200.0000	132.9130	0.9265	0.1299
859	200.0000	123.9541	0.9200	0.1301
860	200.0000	117.0836	0.8553	0.1302
861	200.0000	126.0128	0.8328	0.1304
862	200.0000	134.2553	0.9291	0.1306
863	200.0000	144.5893	0.9297	0.1307
864	200.0000	130.8792	0.9251	0.1308
865	200.0000	122.7190	0.8784	0.1310
866	200.0000	129.6160	0.8679	0.1312
867	200.0000	122.4173	0.8656	0.1313
868	200.0000	133.0308	0.8442	0.1315
869	200.0000	112.9130	0.8968	0.1317
870	200.0000	126.8453	0.9329	0.1318
871	200.0000	122.2504	0.9352	0.1320
872	200.0000	120.1171	0.9442	0.1322
873	200.0000	127.0705	0.8877	0.1323
874	200.0000	123.7551	0.8568	0.1325
875	200.0000	118.3535	0.8978	0.1327
876	200.0000	123.0293	0.8813	0.1329
877	200.0000	118.4396	0.9036	0.1330
878	200.0000	130.3363	0.8741	0.1332
879	200.0000	124.1950	0.8421	0.1333
880	200.0000	112.7959	0.8771	0.1335
881	200.0000	122.2604	0.9221	0.1336
882	200.0000	137.8346	0.9632	0.1338
883	200.0000	128.2959	0.9078	0.1339
884	200.0000	130.2427	0.9299	0.1341
885	200.0000	123.8717	0.9853	0.1342
886	200.0000	130.2692	0.8807	0.1344
887	200.0000	128.5383	0.8946	0.1346
888	200.0000	143.6401	0.8855	0.1347
889	200.0000	148.6050	0.9210	0.1349
890	200.0000	134.2172	0.8898	0.1351
891	200.0000	127.1970	0.8604	0.1353
892	200.0000	120.6746	0.9358	0.1354
893	200.0000	127.8025	0.9101	0.1356
894	200.0000	131.0887	0.9454	0.1358
895	200.0000	129.8510	0.9541	0.1359
896	200.0000	118.4260	0.9430	0.1361
897	200.0000	117.0094	0.9135	0.1363
898	200.0000	127.9753	0.9176	0.1365
899	200.0000	134.4885	0.9235	0.1366
900	200.0000	126.5549	0.9205	0.1368
901	200.0000	132.1424	0.9683	0.1369
902	200.0000	128.3698	0.9459	0.1371
903	200.0000	139.1499	0.9370	0.1372
904	200.0000	133.1399	0.8867	0.1374
905	200.0000	122.8973	0.8932	0.1375
906	200.0000	111.4756	0.8827	0.1377
907	200.0000	127.4749	0.8801	0.1379
908	200.0000	125.2468	0.9310	0.1380
909	200.0000	128.7419	0.9115	0.1382
910	200.0000	122.1146	0.9245	0.1383
911	200.0000	122.0555	0.9219	0.1385
912	200.0000	114.0960	0.8896	0.1387
913	200.0000	127.9731	0.9029	0.1388
914	200.0000	127.6814	0.9118	0.1390
915	200.0000	124.6442	0.8457	0.1391
916	200.0000	120.9333	0.8864	0.1393
917	200.0000	136.0836	0.8683	0.1395
918	200.0000	122.4547	0.9262	0.1396
919	200.0000	124.6153	0.9004	0.1398
920	200.0000	122.5919	0.8988	0.1400
921	200.0000	128.5889	0.8877	0.1401
922	200.0000	125.0033	0.8891	0.1403
923	200.0000	112.0609	0.8849	0.1404
924	200.0000	125.6941	0.9172	0.1405
925	200.0000	114.5740	0.8938	0.1407
926	200.0000	124.4572	0.9149	0.1408
927	200.0000	128.5409	0.9028	0.1410
928	200.0000	118.2023	0.9439	0.1411
929	200.0000	131.6638	0.9189	0.1413
930	200.0000	120.9974	0.9371	0.1414
931	200.0000	125.5499	0.8955	0.1416
932	200.0000	139.9189	0.9299	0.1418
933	200.0000	122.7663	0.9065	0.1419
934	200.0000	96.1691	0.8958	0.1421
935	200.0000	120.1908	0.8892	0.1422
936	200.0000	133.5229	0.8812	0.1424
937	200.0000	132.5362	0.9180	0.1426
938	200.0000	123.9761	0.9276	0.1427
939	200.0000	121.5169	0.8933	0.1429
940	200.0000	127.0833	0.8512	0.1431
941	200.0000	112.3763	0.8908	0.1432
942	200.0000	122.8708	0.8389	0.1435
943	200.0000	123.7762	0.8492	0.1436
944	200.0000	119.2164	0.8712	0.1438
945	200.0000	129.3759	0.8629	0.1439
946	200.0000	140.3571	0.8414	0.1441
947	200.0000	129.9164	0.8730	0.1442
948	200.0000	124.0697	0.8645	0.1444
949	200.0000	132.6186	0.8741	0.1445
950	200.0000	133.7735	0.9218	0.1446
951	200.0000	136.9429	0.9039	0.1448
952	200.0000	144.9976	0.9240	0.1450
953	200.0000	116.6492	0.9325	0.1451
954	200.0000	116.9536	0.9284	0.1452
955	200.0000	121.9244	0.9102	0.1454
956	200.0000	126.4521	0.8975	0.1456
957	200.0000	125.2730	0.9167	0.1457
958	200.0000	136.1973	0.9107	0.1459
959	200.0000	130.9243	0.9331	0.1461
960	200.0000	129.0603	0.9082	0.1462
961	200.0000	113.1464	0.8992	0.1464
962	200.0000	138.3905	0.8704	0.1466
963	200.0000	115.3683	0.9331	0.1468
964	200.0000	116.6068	0.9311	0.1470
965	200.0000	127.9047	0.9231	0.1472
966	200.0000	125.4822	0.9169	0.1473
967	200.0000	119.9773	0.9246	0.1475
968	200.0000	117.8747	0.9326	0.1477
969	200.0000	107.4027	0.8976	0.1478
970	200.0000	117.8825	0.8806	0.1480
971	200.0000	119.2710	0.8763	0.1481
972	200.0000	121.8830	0.8751	0.1482
973	200.0000	126.8479	0.8612	0.1484
974	200.0000	127.8349	0.9201	0.1486
975	200.0000	127.8877	0.8958	0.1487
976	200.0000	119.4561	0.9089	0.1489
977	200.0000	131.1677	0.8611	0.1491
978	200.0000	126.3284	0.8974	0.1492
979	200.0000	120.3225	0.8874	0.1494
980	200.0000	117.3721	0.8815	0.1495
981	200.0000	117.3232	0.8922	0.1497
982	200.0000	116.1056	0.9407	0.1499
983	200.0000	125.8291	0.9398	0.1501
984	200.0000	119.2166	0.9380	0.1503
985	200.0000	110.0209	0.9314	0.1504
986	200.0000	130.3930	0.9213	0.1506
987	200.0000	123.8349	0.9532	0.1508
988	200.0000	127.2164	0.9179	0.1509
989	200.0000	106.7945	0.9229	0.1511
990	200.0000	116.0163	0.9018	0.1512
991	200.0000	118.8382	0.9124	0.1514
992	200.0000	117.5720	0.9096	0.1515
993	200.0000	114.0989	0.9044	0.1517
994	200.0000	124.4476	0.8590	0.1518
995	200.0000	133.0390	0.8918	0.1520
996	200.0000	126.1214	0.8886	0.1521
997	200.0000	106.7692	0.9128	0.1523
998	200.0000	117.3057	0.9318	0.1524
999	200.0000	133.3203	0.8824	0.1526
