ID: vincent	Date: 2019-05-03 16:29:27	Runs: 1
=================================================================================================================
Run: 0
Iter	Gbest	AvrFit	Diver	ETime	
0	0.9943	0.2674	0.0000	0.0004
1	0.9943	0.3258	0.0000	0.0008
2	0.9943	0.4812	0.0000	0.0011
3	0.9986	0.5373	0.0000	0.0015
4	0.9992	0.5599	0.0000	0.0019
5	0.9992	0.5561	0.0000	0.0022
6	0.9992	0.5838	0.0000	0.0026
7	0.9992	0.6542	0.0000	0.0030
8	0.9997	0.6728	0.0000	0.0033
9	0.9997	0.7287	0.0000	0.0037
10	0.9997	0.7135	0.0000	0.0041
11	0.9997	0.7139	0.0000	0.0045
12	0.9997	0.6733	0.0000	0.0049
13	0.9997	0.5821	0.0000	0.0053
14	0.9997	0.5834	0.0000	0.0056
15	0.9997	0.6148	0.0000	0.0060
16	0.9997	0.6454	0.0000	0.0063
17	0.9998	0.6850	0.0000	0.0067
18	0.9998	0.6585	0.0000	0.0070
19	1.0000	0.7028	0.0000	0.0074
20	1.0000	0.7459	0.0000	0.0078
21	1.0000	0.7233	0.0000	0.0082
22	1.0000	0.7346	0.0000	0.0085
23	1.0000	0.7870	0.0000	0.0089
24	1.0000	0.7700	0.0000	0.0092
25	1.0000	0.7870	0.0000	0.0096
26	1.0000	0.8174	0.0000	0.0102
27	1.0000	0.7434	0.0000	0.0105
28	1.0000	0.7434	0.0000	0.0109
29	1.0000	0.7594	0.0000	0.0113
30	1.0000	0.8030	0.0000	0.0116
31	1.0000	0.7909	0.0000	0.0120
32	1.0000	0.8187	0.0000	0.0125
33	1.0000	0.8051	0.0000	0.0130
34	1.0000	0.8125	0.0000	0.0134
35	1.0000	0.8239	0.0000	0.0138
36	1.0000	0.7731	0.0000	0.0142
37	1.0000	0.7920	0.0000	0.0145
38	1.0000	0.7433	0.0000	0.0149
39	1.0000	0.7903	0.0000	0.0153
40	1.0000	0.7880	0.0000	0.0159
41	1.0000	0.7411	0.0000	0.0163
42	1.0000	0.7794	0.0000	0.0167
43	1.0000	0.6906	0.0000	0.0171
44	1.0000	0.7682	0.0000	0.0175
45	1.0000	0.7854	0.0000	0.0179
46	1.0000	0.7799	0.0000	0.0184
47	1.0000	0.8329	0.0000	0.0189
48	1.0000	0.8220	0.0000	0.0192
49	1.0000	0.7924	0.0000	0.0196
50	1.0000	0.8554	0.0000	0.0200
51	1.0000	0.8196	0.0000	0.0203
52	1.0000	0.8633	0.0000	0.0207
53	1.0000	0.8651	0.0000	0.0210
54	1.0000	0.8789	0.0000	0.0217
55	1.0000	0.8136	0.0000	0.0221
56	1.0000	0.8101	0.0000	0.0224
57	1.0000	0.8002	0.0000	0.0229
58	1.0000	0.8075	0.0000	0.0232
59	1.0000	0.8081	0.0000	0.0236
60	1.0000	0.8364	0.0000	0.0241
61	1.0000	0.8193	0.0000	0.0245
62	1.0000	0.8896	0.0000	0.0249
63	1.0000	0.8241	0.0000	0.0253
64	1.0000	0.8612	0.0000	0.0258
65	1.0000	0.8568	0.0000	0.0262
66	1.0000	0.8211	0.0000	0.0267
67	1.0000	0.8472	0.0000	0.0271
68	1.0000	0.8312	0.0000	0.0281
69	1.0000	0.7844	0.0000	0.0285
70	1.0000	0.7626	0.0000	0.0290
71	1.0000	0.7295	0.0000	0.0295
72	1.0000	0.7837	0.0000	0.0299
73	1.0000	0.8053	0.0000	0.0303
74	1.0000	0.8022	0.0000	0.0309
75	1.0000	0.7724	0.0000	0.0314
76	1.0000	0.7707	0.0000	0.0318
77	1.0000	0.7968	0.0000	0.0321
78	1.0000	0.7886	0.0000	0.0325
79	1.0000	0.7829	0.0000	0.0329
80	1.0000	0.7827	0.0000	0.0333
81	1.0000	0.7477	0.0000	0.0337
82	1.0000	0.7893	0.0000	0.0344
83	1.0000	0.7400	0.0000	0.0348
84	1.0000	0.7748	0.0000	0.0353
85	1.0000	0.7655	0.0000	0.0357
86	1.0000	0.8118	0.0000	0.0361
87	1.0000	0.6704	0.0000	0.0365
88	1.0000	0.7364	0.0000	0.0369
89	1.0000	0.7160	0.0000	0.0373
90	1.0000	0.7183	0.0000	0.0378
91	1.0000	0.7111	0.0000	0.0383
92	1.0000	0.8188	0.0000	0.0386
93	1.0000	0.8215	0.0000	0.0391
94	1.0000	0.8000	0.0000	0.0395
95	1.0000	0.7557	0.0000	0.0399
96	1.0000	0.7443	0.0000	0.0404
97	1.0000	0.7123	0.0000	0.0408
98	1.0000	0.7476	0.0000	0.0413
99	1.0000	0.6993	0.0000	0.0417
100	1.0000	0.6887	0.0000	0.0422
101	1.0000	0.7197	0.0000	0.0426
102	1.0000	0.7376	0.0000	0.0431
103	1.0000	0.7754	0.0000	0.0434
104	1.0000	0.7465	0.0000	0.0439
105	1.0000	0.7455	0.0000	0.0443
106	1.0000	0.7536	0.0000	0.0447
107	1.0000	0.7559	0.0000	0.0453
108	1.0000	0.7499	0.0000	0.0458
109	1.0000	0.7607	0.0000	0.0462
110	1.0000	0.7769	0.0000	0.0469
111	1.0000	0.7171	0.0000	0.0474
112	1.0000	0.7599	0.0000	0.0479
113	1.0000	0.7191	0.0000	0.0484
114	1.0000	0.7416	0.0000	0.0489
115	1.0000	0.7083	0.0000	0.0493
116	1.0000	0.7473	0.0000	0.0498
117	1.0000	0.7621	0.0000	0.0502
118	1.0000	0.7594	0.0000	0.0507
119	1.0000	0.7512	0.0000	0.0514
120	1.0000	0.7411	0.0000	0.0520
121	1.0000	0.8051	0.0000	0.0526
122	1.0000	0.7826	0.0000	0.0530
123	1.0000	0.8283	0.0000	0.0535
124	1.0000	0.7489	0.0000	0.0542
125	1.0000	0.7772	0.0000	0.0546
126	1.0000	0.7400	0.0000	0.0551
127	1.0000	0.7634	0.0000	0.0557
128	1.0000	0.7027	0.0000	0.0562
129	1.0000	0.7251	0.0000	0.0566
130	1.0000	0.7223	0.0000	0.0572
131	1.0000	0.7492	0.0000	0.0576
132	1.0000	0.8101	0.0000	0.0580
133	1.0000	0.7473	0.0000	0.0586
134	1.0000	0.7413	0.0000	0.0591
135	1.0000	0.8004	0.0000	0.0596
136	1.0000	0.8022	0.0000	0.0601
137	1.0000	0.8187	0.0000	0.0606
138	1.0000	0.8033	0.0000	0.0612
139	1.0000	0.8087	0.0000	0.0616
140	1.0000	0.7833	0.0000	0.0622
141	1.0000	0.8252	0.0000	0.0628
142	1.0000	0.7792	0.0000	0.0633
143	1.0000	0.7669	0.0000	0.0639
144	1.0000	0.7607	0.0000	0.0643
145	1.0000	0.8019	0.0000	0.0648
146	1.0000	0.8005	0.0000	0.0652
147	1.0000	0.8241	0.0000	0.0657
148	1.0000	0.8090	0.0000	0.0662
149	1.0000	0.8195	0.0000	0.0667
150	1.0000	0.8129	0.0000	0.0671
151	1.0000	0.8445	0.0000	0.0676
152	1.0000	0.8577	0.0000	0.0683
153	1.0000	0.8160	0.0000	0.0687
154	1.0000	0.8496	0.0000	0.0692
155	1.0000	0.8526	0.0000	0.0698
156	1.0000	0.7967	0.0000	0.0702
157	1.0000	0.8599	0.0000	0.0707
158	1.0000	0.8336	0.0000	0.0712
159	1.0000	0.8368	0.0000	0.0717
160	1.0000	0.8537	0.0000	0.0721
161	1.0000	0.8751	0.0000	0.0725
162	1.0000	0.8516	0.0000	0.0731
163	1.0000	0.8893	0.0000	0.0735
164	1.0000	0.8808	0.0000	0.0739
165	1.0000	0.8684	0.0000	0.0744
166	1.0000	0.8282	0.0000	0.0750
167	1.0000	0.8482	0.0000	0.0756
168	1.0000	0.8720	0.0000	0.0761
169	1.0000	0.8536	0.0000	0.0766
170	1.0000	0.8881	0.0000	0.0771
171	1.0000	0.8618	0.0000	0.0776
172	1.0000	0.8814	0.0000	0.0780
173	1.0000	0.8525	0.0000	0.0785
174	1.0000	0.8815	0.0000	0.0789
175	1.0000	0.8712	0.0000	0.0794
176	1.0000	0.8826	0.0000	0.0800
177	1.0000	0.9034	0.0000	0.0805
178	1.0000	0.8641	0.0000	0.0808
179	1.0000	0.8886	0.0000	0.0813
180	1.0000	0.8895	0.0000	0.0819
181	1.0000	0.8530	0.0000	0.0825
182	1.0000	0.8389	0.0000	0.0829
183	1.0000	0.8446	0.0000	0.0834
184	1.0000	0.7930	0.0000	0.0840
185	1.0000	0.8644	0.0000	0.0844
186	1.0000	0.7897	0.0000	0.0849
187	1.0000	0.8036	0.0000	0.0855
188	1.0000	0.8597	0.0000	0.0859
189	1.0000	0.8405	0.0000	0.0863
190	1.0000	0.8462	0.0000	0.0867
191	1.0000	0.8682	0.0000	0.0871
192	1.0000	0.8800	0.0000	0.0876
193	1.0000	0.8817	0.0000	0.0882
194	1.0000	0.8775	0.0000	0.0888
195	1.0000	0.8792	0.0000	0.0893
196	1.0000	0.8660	0.0000	0.0898
197	1.0000	0.8840	0.0000	0.0905
198	1.0000	0.7707	0.0000	0.0912
199	1.0000	0.7567	0.0000	0.0920
200	1.0000	0.8226	0.0000	0.0926
201	1.0000	0.7812	0.0000	0.0934
202	1.0000	0.7102	0.0000	0.0943
203	1.0000	0.6942	0.0000	0.0949
204	1.0000	0.7079	0.0000	0.0957
205	1.0000	0.7345	0.0000	0.0963
206	1.0000	0.7631	0.0000	0.0969
207	1.0000	0.7981	0.0000	0.0975
208	1.0000	0.7193	0.0000	0.0982
209	1.0000	0.6752	0.0000	0.0988
210	1.0000	0.6782	0.0000	0.0994
211	1.0000	0.7274	0.0000	0.1001
212	1.0000	0.7677	0.0000	0.1007
213	1.0000	0.8091	0.0000	0.1013
214	1.0000	0.8032	0.0000	0.1019
215	1.0000	0.7389	0.0000	0.1026
216	1.0000	0.7706	0.0000	0.1033
217	1.0000	0.7641	0.0000	0.1040
218	1.0000	0.7258	0.0000	0.1047
219	1.0000	0.7491	0.0000	0.1054
220	1.0000	0.6970	0.0000	0.1061
221	1.0000	0.7810	0.0000	0.1067
222	1.0000	0.7456	0.0000	0.1074
223	1.0000	0.7789	0.0000	0.1080
224	1.0000	0.7536	0.0000	0.1088
225	1.0000	0.7263	0.0000	0.1098
226	1.0000	0.6970	0.0000	0.1108
227	1.0000	0.7251	0.0000	0.1116
228	1.0000	0.6779	0.0000	0.1124
229	1.0000	0.7287	0.0000	0.1131
230	1.0000	0.7086	0.0000	0.1138
231	1.0000	0.7962	0.0000	0.1146
232	1.0000	0.6822	0.0000	0.1154
233	1.0000	0.7210	0.0000	0.1161
234	1.0000	0.7749	0.0000	0.1170
235	1.0000	0.7756	0.0000	0.1178
236	1.0000	0.6990	0.0000	0.1188
237	1.0000	0.7947	0.0000	0.1197
238	1.0000	0.7665	0.0000	0.1206
239	1.0000	0.7416	0.0000	0.1217
240	1.0000	0.7318	0.0000	0.1225
241	1.0000	0.7971	0.0000	0.1235
242	1.0000	0.7395	0.0000	0.1242
243	1.0000	0.7729	0.0000	0.1253
244	1.0000	0.7452	0.0000	0.1262
245	1.0000	0.7866	0.0000	0.1271
246	1.0000	0.7716	0.0000	0.1277
247	1.0000	0.8051	0.0000	0.1284
248	1.0000	0.7891	0.0000	0.1290
249	1.0000	0.8131	0.0000	0.1295
250	1.0000	0.8118	0.0000	0.1301
251	1.0000	0.8143	0.0000	0.1308
252	1.0000	0.7707	0.0000	0.1314
253	1.0000	0.7855	0.0000	0.1322
254	1.0000	0.7874	0.0000	0.1330
255	1.0000	0.8003	0.0000	0.1337
256	1.0000	0.7789	0.0000	0.1343
257	1.0000	0.7717	0.0000	0.1349
258	1.0000	0.8153	0.0000	0.1357
259	1.0000	0.8089	0.0000	0.1368
260	1.0000	0.7853	0.0000	0.1379
261	1.0000	0.7286	0.0000	0.1389
262	1.0000	0.8004	0.0000	0.1397
263	1.0000	0.7927	0.0000	0.1406
264	1.0000	0.7192	0.0000	0.1414
265	1.0000	0.7615	0.0000	0.1422
266	1.0000	0.7524	0.0000	0.1430
267	1.0000	0.6825	0.0000	0.1438
268	1.0000	0.6840	0.0000	0.1446
269	1.0000	0.7512	0.0000	0.1454
270	1.0000	0.6495	0.0000	0.1461
271	1.0000	0.7018	0.0000	0.1468
272	1.0000	0.7079	0.0000	0.1474
273	1.0000	0.7260	0.0000	0.1482
274	1.0000	0.7030	0.0000	0.1488
275	1.0000	0.7876	0.0000	0.1494
276	1.0000	0.7569	0.0000	0.1499
277	1.0000	0.8150	0.0000	0.1506
278	1.0000	0.7871	0.0000	0.1513
279	1.0000	0.8043	0.0000	0.1518
280	1.0000	0.7961	0.0000	0.1525
281	1.0000	0.8006	0.0000	0.1531
282	1.0000	0.8356	0.0000	0.1537
283	1.0000	0.8344	0.0000	0.1545
284	1.0000	0.8316	0.0000	0.1551
285	1.0000	0.8169	0.0000	0.1557
286	1.0000	0.8246	0.0000	0.1562
287	1.0000	0.8173	0.0000	0.1566
288	1.0000	0.8025	0.0000	0.1571
289	1.0000	0.8329	0.0000	0.1577
290	1.0000	0.8279	0.0000	0.1583
291	1.0000	0.8013	0.0000	0.1591
292	1.0000	0.7983	0.0000	0.1597
293	1.0000	0.8004	0.0000	0.1606
294	1.0000	0.7754	0.0000	0.1613
295	1.0000	0.8320	0.0000	0.1618
296	1.0000	0.8217	0.0000	0.1624
297	1.0000	0.8457	0.0000	0.1632
298	1.0000	0.7995	0.0000	0.1639
299	1.0000	0.8258	0.0000	0.1646
300	1.0000	0.7815	0.0000	0.1654
301	1.0000	0.7970	0.0000	0.1662
302	1.0000	0.7658	0.0000	0.1669
303	1.0000	0.7532	0.0000	0.1676
304	1.0000	0.8177	0.0000	0.1684
305	1.0000	0.8288	0.0000	0.1694
306	1.0000	0.7550	0.0000	0.1701
307	1.0000	0.7616	0.0000	0.1709
308	1.0000	0.8043	0.0000	0.1718
309	1.0000	0.8030	0.0000	0.1725
310	1.0000	0.7509	0.0000	0.1731
311	1.0000	0.8193	0.0000	0.1738
312	1.0000	0.7601	0.0000	0.1744
313	1.0000	0.8274	0.0000	0.1751
314	1.0000	0.8351	0.0000	0.1758
315	1.0000	0.7895	0.0000	0.1766
316	1.0000	0.7300	0.0000	0.1774
317	1.0000	0.7818	0.0000	0.1781
318	1.0000	0.8257	0.0000	0.1787
319	1.0000	0.7317	0.0000	0.1797
320	1.0000	0.7843	0.0000	0.1804
321	1.0000	0.8114	0.0000	0.1809
322	1.0000	0.7768	0.0000	0.1817
323	1.0000	0.7429	0.0000	0.1826
324	1.0000	0.7078	0.0000	0.1833
325	1.0000	0.7265	0.0000	0.1840
326	1.0000	0.8411	0.0000	0.1845
327	1.0000	0.7758	0.0000	0.1852
328	1.0000	0.7821	0.0000	0.1858
329	1.0000	0.7571	0.0000	0.1865
330	1.0000	0.8430	0.0000	0.1874
331	1.0000	0.8168	0.0000	0.1885
332	1.0000	0.8279	0.0000	0.1895
333	1.0000	0.7937	0.0000	0.1902
334	1.0000	0.8153	0.0000	0.1912
335	1.0000	0.8261	0.0000	0.1923
336	1.0000	0.8541	0.0000	0.1932
337	1.0000	0.8064	0.0000	0.1939
338	1.0000	0.7398	0.0000	0.1948
339	1.0000	0.7375	0.0000	0.1957
340	1.0000	0.7604	0.0000	0.1964
341	1.0000	0.7088	0.0000	0.1977
342	1.0000	0.7860	0.0000	0.1990
343	1.0000	0.7455	0.0000	0.2003
344	1.0000	0.7491	0.0000	0.2010
345	1.0000	0.8077	0.0000	0.2017
346	1.0000	0.7837	0.0000	0.2024
347	1.0000	0.7671	0.0000	0.2030
348	1.0000	0.7647	0.0000	0.2036
349	1.0000	0.7680	0.0000	0.2042
350	1.0000	0.7686	0.0000	0.2049
351	1.0000	0.8546	0.0000	0.2059
352	1.0000	0.7835	0.0000	0.2068
353	1.0000	0.7947	0.0000	0.2077
354	1.0000	0.7637	0.0000	0.2084
355	1.0000	0.8141	0.0000	0.2092
356	1.0000	0.8038	0.0000	0.2102
357	1.0000	0.7304	0.0000	0.2108
358	1.0000	0.8001	0.0000	0.2115
359	1.0000	0.8107	0.0000	0.2120
360	1.0000	0.8178	0.0000	0.2128
361	1.0000	0.7590	0.0000	0.2136
362	1.0000	0.7590	0.0000	0.2143
363	1.0000	0.8156	0.0000	0.2150
364	1.0000	0.7858	0.0000	0.2157
365	1.0000	0.8004	0.0000	0.2167
366	1.0000	0.7282	0.0000	0.2175
367	1.0000	0.8304	0.0000	0.2184
368	1.0000	0.7116	0.0000	0.2194
369	1.0000	0.6939	0.0000	0.2202
370	1.0000	0.6689	0.0000	0.2210
371	1.0000	0.6745	0.0000	0.2221
372	1.0000	0.6715	0.0000	0.2229
373	1.0000	0.7116	0.0000	0.2237
374	1.0000	0.6869	0.0000	0.2245
375	1.0000	0.6694	0.0000	0.2251
376	1.0000	0.7326	0.0000	0.2257
377	1.0000	0.7316	0.0000	0.2262
378	1.0000	0.7096	0.0000	0.2267
379	1.0000	0.6890	0.0000	0.2275
380	1.0000	0.7398	0.0000	0.2281
381	1.0000	0.7558	0.0000	0.2289
382	1.0000	0.7008	0.0000	0.2296
383	1.0000	0.6900	0.0000	0.2305
384	1.0000	0.7095	0.0000	0.2311
385	1.0000	0.7442	0.0000	0.2319
386	1.0000	0.7250	0.0000	0.2327
387	1.0000	0.6820	0.0000	0.2336
388	1.0000	0.6710	0.0000	0.2346
389	1.0000	0.7061	0.0000	0.2355
390	1.0000	0.6969	0.0000	0.2364
391	1.0000	0.7094	0.0000	0.2373
392	1.0000	0.6545	0.0000	0.2383
393	1.0000	0.6941	0.0000	0.2392
394	1.0000	0.7547	0.0000	0.2399
395	1.0000	0.7049	0.0000	0.2406
396	1.0000	0.7315	0.0000	0.2412
397	1.0000	0.7696	0.0000	0.2418
398	1.0000	0.7581	0.0000	0.2425
399	1.0000	0.7387	0.0000	0.2432
400	1.0000	0.7640	0.0000	0.2440
401	1.0000	0.8188	0.0000	0.2448
402	1.0000	0.7473	0.0000	0.2455
403	1.0000	0.7741	0.0000	0.2461
404	1.0000	0.7761	0.0000	0.2467
405	1.0000	0.7173	0.0000	0.2474
406	1.0000	0.7148	0.0000	0.2482
407	1.0000	0.6585	0.0000	0.2492
408	1.0000	0.6595	0.0000	0.2501
409	1.0000	0.6797	0.0000	0.2511
410	1.0000	0.6523	0.0000	0.2520
411	1.0000	0.6920	0.0000	0.2529
412	1.0000	0.7110	0.0000	0.2535
413	1.0000	0.7526	0.0000	0.2542
414	1.0000	0.7298	0.0000	0.2549
415	1.0000	0.7388	0.0000	0.2556
416	1.0000	0.7241	0.0000	0.2563
417	1.0000	0.7852	0.0000	0.2570
418	1.0000	0.7924	0.0000	0.2577
419	1.0000	0.7175	0.0000	0.2583
420	1.0000	0.7519	0.0000	0.2592
421	1.0000	0.7654	0.0000	0.2600
422	1.0000	0.7720	0.0000	0.2606
423	1.0000	0.7460	0.0000	0.2612
424	1.0000	0.6878	0.0000	0.2618
425	1.0000	0.6849	0.0000	0.2624
426	1.0000	0.6612	0.0000	0.2631
427	1.0000	0.7811	0.0000	0.2638
428	1.0000	0.7642	0.0000	0.2645
429	1.0000	0.7684	0.0000	0.2652
430	1.0000	0.7254	0.0000	0.2658
431	1.0000	0.7508	0.0000	0.2666
432	1.0000	0.7149	0.0000	0.2673
433	1.0000	0.7045	0.0000	0.2680
434	1.0000	0.7105	0.0000	0.2686
435	1.0000	0.7042	0.0000	0.2692
436	1.0000	0.8120	0.0000	0.2699
437	1.0000	0.7870	0.0000	0.2705
438	1.0000	0.7544	0.0000	0.2712
439	1.0000	0.7566	0.0000	0.2720
440	1.0000	0.7756	0.0000	0.2726
441	1.0000	0.7743	0.0000	0.2733
442	1.0000	0.7868	0.0000	0.2741
443	1.0000	0.7423	0.0000	0.2747
444	1.0000	0.7823	0.0000	0.2753
445	1.0000	0.8142	0.0000	0.2761
446	1.0000	0.7905	0.0000	0.2768
447	1.0000	0.7563	0.0000	0.2773
448	1.0000	0.7637	0.0000	0.2779
449	1.0000	0.7474	0.0000	0.2785
450	1.0000	0.7945	0.0000	0.2789
451	1.0000	0.8304	0.0000	0.2793
452	1.0000	0.8375	0.0000	0.2798
453	1.0000	0.8316	0.0000	0.2802
454	1.0000	0.8059	0.0000	0.2808
455	1.0000	0.8444	0.0000	0.2813
456	1.0000	0.8550	0.0000	0.2819
457	1.0000	0.8451	0.0000	0.2824
458	1.0000	0.8487	0.0000	0.2829
459	1.0000	0.8297	0.0000	0.2835
460	1.0000	0.8600	0.0000	0.2844
461	1.0000	0.8376	0.0000	0.2851
462	1.0000	0.8572	0.0000	0.2858
463	1.0000	0.8888	0.0000	0.2866
464	1.0000	0.8667	0.0000	0.2874
465	1.0000	0.8626	0.0000	0.2881
466	1.0000	0.8468	0.0000	0.2888
467	1.0000	0.8229	0.0000	0.2893
468	1.0000	0.8844	0.0000	0.2900
469	1.0000	0.8631	0.0000	0.2906
470	1.0000	0.8576	0.0000	0.2911
471	1.0000	0.8214	0.0000	0.2918
472	1.0000	0.8078	0.0000	0.2924
473	1.0000	0.8689	0.0000	0.2929
474	1.0000	0.8560	0.0000	0.2936
475	1.0000	0.8669	0.0000	0.2941
476	1.0000	0.8343	0.0000	0.2946
477	1.0000	0.8408	0.0000	0.2951
478	1.0000	0.7981	0.0000	0.2956
479	1.0000	0.8354	0.0000	0.2962
480	1.0000	0.8606	0.0000	0.2967
481	1.0000	0.8672	0.0000	0.2972
482	1.0000	0.8560	0.0000	0.2978
483	1.0000	0.8026	0.0000	0.2985
484	1.0000	0.8172	0.0000	0.2993
485	1.0000	0.7878	0.0000	0.3002
486	1.0000	0.8081	0.0000	0.3011
487	1.0000	0.7622	0.0000	0.3019
488	1.0000	0.7571	0.0000	0.3027
489	1.0000	0.7400	0.0000	0.3035
490	1.0000	0.7963	0.0000	0.3043
491	1.0000	0.7844	0.0000	0.3049
492	1.0000	0.7671	0.0000	0.3056
493	1.0000	0.7681	0.0000	0.3064
494	1.0000	0.7445	0.0000	0.3071
495	1.0000	0.6881	0.0000	0.3078
496	1.0000	0.7014	0.0000	0.3084
497	1.0000	0.7887	0.0000	0.3091
498	1.0000	0.8116	0.0000	0.3099
499	1.0000	0.7895	0.0000	0.3106
500	1.0000	0.8292	0.0000	0.3115
501	1.0000	0.8199	0.0000	0.3124
502	1.0000	0.7754	0.0000	0.3131
503	1.0000	0.7192	0.0000	0.3140
504	1.0000	0.7634	0.0000	0.3147
505	1.0000	0.7877	0.0000	0.3155
506	1.0000	0.7597	0.0000	0.3162
507	1.0000	0.8009	0.0000	0.3168
508	1.0000	0.8154	0.0000	0.3176
509	1.0000	0.8168	0.0000	0.3184
510	1.0000	0.8456	0.0000	0.3191
511	1.0000	0.8333	0.0000	0.3200
512	1.0000	0.7813	0.0000	0.3209
513	1.0000	0.7339	0.0000	0.3218
514	1.0000	0.8222	0.0000	0.3226
515	1.0000	0.7618	0.0000	0.3235
516	1.0000	0.7422	0.0000	0.3244
517	1.0000	0.7344	0.0000	0.3253
518	1.0000	0.7150	0.0000	0.3260
519	1.0000	0.7397	0.0000	0.3267
520	1.0000	0.7098	0.0000	0.3276
521	1.0000	0.7327	0.0000	0.3284
522	1.0000	0.7382	0.0000	0.3291
523	1.0000	0.7030	0.0000	0.3298
524	1.0000	0.7307	0.0000	0.3305
525	1.0000	0.7089	0.0000	0.3311
526	1.0000	0.7437	0.0000	0.3317
527	1.0000	0.7722	0.0000	0.3322
528	1.0000	0.7535	0.0000	0.3329
529	1.0000	0.7436	0.0000	0.3335
530	1.0000	0.7428	0.0000	0.3342
531	1.0000	0.7249	0.0000	0.3349
532	1.0000	0.7623	0.0000	0.3356
533	1.0000	0.7733	0.0000	0.3362
534	1.0000	0.7734	0.0000	0.3369
535	1.0000	0.7910	0.0000	0.3376
536	1.0000	0.8593	0.0000	0.3382
537	1.0000	0.8061	0.0000	0.3387
538	1.0000	0.8240	0.0000	0.3392
539	1.0000	0.8033	0.0000	0.3399
540	1.0000	0.8046	0.0000	0.3405
541	1.0000	0.7919	0.0000	0.3411
542	1.0000	0.8539	0.0000	0.3417
543	1.0000	0.8427	0.0000	0.3423
544	1.0000	0.8450	0.0000	0.3429
545	1.0000	0.8550	0.0000	0.3436
546	1.0000	0.8268	0.0000	0.3443
547	1.0000	0.8030	0.0000	0.3452
548	1.0000	0.8860	0.0000	0.3461
549	1.0000	0.8328	0.0000	0.3468
550	1.0000	0.8534	0.0000	0.3476
551	1.0000	0.7784	0.0000	0.3482
552	1.0000	0.7610	0.0000	0.3490
553	1.0000	0.7967	0.0000	0.3495
554	1.0000	0.7323	0.0000	0.3502
555	1.0000	0.7220	0.0000	0.3509
556	1.0000	0.7899	0.0000	0.3516
557	1.0000	0.7527	0.0000	0.3522
558	1.0000	0.7367	0.0000	0.3527
559	1.0000	0.7292	0.0000	0.3535
560	1.0000	0.7118	0.0000	0.3545
561	1.0000	0.7556	0.0000	0.3553
562	1.0000	0.7419	0.0000	0.3560
563	1.0000	0.7290	0.0000	0.3568
564	1.0000	0.7713	0.0000	0.3577
565	1.0000	0.7351	0.0000	0.3585
566	1.0000	0.7001	0.0000	0.3593
567	1.0000	0.7036	0.0000	0.3601
568	1.0000	0.7667	0.0000	0.3611
569	1.0000	0.6989	0.0000	0.3619
570	1.0000	0.7355	0.0000	0.3626
571	1.0000	0.7578	0.0000	0.3634
572	1.0000	0.7104	0.0000	0.3640
573	1.0000	0.7484	0.0000	0.3647
574	1.0000	0.7103	0.0000	0.3656
575	1.0000	0.7204	0.0000	0.3666
576	1.0000	0.7089	0.0000	0.3674
577	1.0000	0.7345	0.0000	0.3683
578	1.0000	0.7196	0.0000	0.3691
579	1.0000	0.7032	0.0000	0.3698
580	1.0000	0.7599	0.0000	0.3705
581	1.0000	0.7307	0.0000	0.3712
582	1.0000	0.6811	0.0000	0.3720
583	1.0000	0.7269	0.0000	0.3729
584	1.0000	0.7684	0.0000	0.3738
585	1.0000	0.6667	0.0000	0.3748
586	1.0000	0.7449	0.0000	0.3757
587	1.0000	0.7187	0.0000	0.3765
588	1.0000	0.7512	0.0000	0.3771
589	1.0000	0.7489	0.0000	0.3779
590	1.0000	0.7647	0.0000	0.3787
591	1.0000	0.7912	0.0000	0.3796
592	1.0000	0.7556	0.0000	0.3807
593	1.0000	0.7713	0.0000	0.3817
594	1.0000	0.7939	0.0000	0.3827
595	1.0000	0.8029	0.0000	0.3836
596	1.0000	0.7731	0.0000	0.3843
597	1.0000	0.7955	0.0000	0.3852
598	1.0000	0.7937	0.0000	0.3861
599	1.0000	0.6963	0.0000	0.3869
600	1.0000	0.7029	0.0000	0.3876
601	1.0000	0.6894	0.0000	0.3884
602	1.0000	0.7067	0.0000	0.3891
603	1.0000	0.6841	0.0000	0.3897
604	1.0000	0.7619	0.0000	0.3904
605	1.0000	0.7577	0.0000	0.3911
606	1.0000	0.7971	0.0000	0.3918
607	1.0000	0.7588	0.0000	0.3924
608	1.0000	0.7435	0.0000	0.3930
609	1.0000	0.8079	0.0000	0.3936
610	1.0000	0.8181	0.0000	0.3943
611	1.0000	0.7978	0.0000	0.3948
612	1.0000	0.7856	0.0000	0.3954
613	1.0000	0.7644	0.0000	0.3961
614	1.0000	0.7612	0.0000	0.3970
615	1.0000	0.7866	0.0000	0.3978
616	1.0000	0.7816	0.0000	0.3985
617	1.0000	0.7670	0.0000	0.3993
618	1.0000	0.7900	0.0000	0.4000
619	1.0000	0.7936	0.0000	0.4007
620	1.0000	0.8235	0.0000	0.4015
621	1.0000	0.7175	0.0000	0.4022
622	1.0000	0.7067	0.0000	0.4029
623	1.0000	0.8104	0.0000	0.4038
624	1.0000	0.7447	0.0000	0.4045
625	1.0000	0.7850	0.0000	0.4052
626	1.0000	0.7533	0.0000	0.4059
627	1.0000	0.8099	0.0000	0.4067
628	1.0000	0.7822	0.0000	0.4076
629	1.0000	0.8071	0.0000	0.4087
630	1.0000	0.8327	0.0000	0.4098
631	1.0000	0.8622	0.0000	0.4108
632	1.0000	0.8370	0.0000	0.4120
633	1.0000	0.8485	0.0000	0.4130
634	1.0000	0.8258	0.0000	0.4143
635	1.0000	0.8322	0.0000	0.4156
636	1.0000	0.8157	0.0000	0.4166
637	1.0000	0.8607	0.0000	0.4175
638	1.0000	0.8236	0.0000	0.4183
639	1.0000	0.8593	0.0000	0.4189
640	1.0000	0.8502	0.0000	0.4195
641	1.0000	0.8505	0.0000	0.4202
642	1.0000	0.8785	0.0000	0.4209
643	1.0000	0.8518	0.0000	0.4218
644	1.0000	0.8431	0.0000	0.4227
645	1.0000	0.8283	0.0000	0.4235
646	1.0000	0.8943	0.0000	0.4245
647	1.0000	0.7657	0.0000	0.4257
648	1.0000	0.6530	0.0000	0.4265
649	1.0000	0.7103	0.0000	0.4274
650	1.0000	0.7409	0.0000	0.4285
651	1.0000	0.6844	0.0000	0.4296
652	1.0000	0.7628	0.0000	0.4307
653	1.0000	0.6357	0.0000	0.4315
654	1.0000	0.7085	0.0000	0.4323
655	1.0000	0.6955	0.0000	0.4331
656	1.0000	0.6711	0.0000	0.4340
657	1.0000	0.7538	0.0000	0.4348
658	1.0000	0.7157	0.0000	0.4356
659	1.0000	0.6239	0.0000	0.4363
660	1.0000	0.7069	0.0000	0.4371
661	1.0000	0.7597	0.0000	0.4382
662	1.0000	0.6564	0.0000	0.4391
663	1.0000	0.7012	0.0000	0.4398
664	1.0000	0.7411	0.0000	0.4406
665	1.0000	0.7423	0.0000	0.4414
666	1.0000	0.7478	0.0000	0.4422
667	1.0000	0.7497	0.0000	0.4432
668	1.0000	0.7364	0.0000	0.4442
669	1.0000	0.7166	0.0000	0.4452
670	1.0000	0.6976	0.0000	0.4459
671	1.0000	0.7747	0.0000	0.4466
672	1.0000	0.7321	0.0000	0.4473
673	1.0000	0.8249	0.0000	0.4479
674	1.0000	0.8060	0.0000	0.4486
675	1.0000	0.8020	0.0000	0.4492
676	1.0000	0.7919	0.0000	0.4499
677	1.0000	0.8076	0.0000	0.4505
678	1.0000	0.8073	0.0000	0.4512
679	1.0000	0.8581	0.0000	0.4519
680	1.0000	0.8047	0.0000	0.4527
681	1.0000	0.8385	0.0000	0.4534
682	1.0000	0.8426	0.0000	0.4542
683	1.0000	0.8285	0.0000	0.4551
684	1.0000	0.8217	0.0000	0.4559
685	1.0000	0.8800	0.0000	0.4567
686	1.0000	0.8373	0.0000	0.4574
687	1.0000	0.8840	0.0000	0.4582
688	1.0000	0.8037	0.0000	0.4593
689	1.0000	0.8109	0.0000	0.4601
690	1.0000	0.7556	0.0000	0.4611
691	1.0000	0.8198	0.0000	0.4620
692	1.0000	0.7538	0.0000	0.4631
693	1.0000	0.6879	0.0000	0.4640
694	1.0000	0.8467	0.0000	0.4649
695	1.0000	0.7544	0.0000	0.4656
696	1.0000	0.7791	0.0000	0.4662
697	1.0000	0.7962	0.0000	0.4668
698	1.0000	0.7939	0.0000	0.4673
699	1.0000	0.8404	0.0000	0.4678
700	1.0000	0.8759	0.0000	0.4685
701	1.0000	0.8505	0.0000	0.4692
702	1.0000	0.8394	0.0000	0.4700
703	1.0000	0.8261	0.0000	0.4706
704	1.0000	0.7749	0.0000	0.4714
705	1.0000	0.8127	0.0000	0.4722
706	1.0000	0.7925	0.0000	0.4730
707	1.0000	0.8647	0.0000	0.4737
708	1.0000	0.8629	0.0000	0.4744
709	1.0000	0.7984	0.0000	0.4751
710	1.0000	0.8366	0.0000	0.4758
711	1.0000	0.7932	0.0000	0.4765
712	1.0000	0.7937	0.0000	0.4773
713	1.0000	0.7948	0.0000	0.4782
714	1.0000	0.6960	0.0000	0.4789
715	1.0000	0.7641	0.0000	0.4796
716	1.0000	0.7342	0.0000	0.4804
717	1.0000	0.8178	0.0000	0.4811
718	1.0000	0.8237	0.0000	0.4818
719	1.0000	0.8456	0.0000	0.4825
720	1.0000	0.8094	0.0000	0.4833
721	1.0000	0.8267	0.0000	0.4839
722	1.0000	0.8443	0.0000	0.4847
723	1.0000	0.7259	0.0000	0.4854
724	1.0000	0.7080	0.0000	0.4862
725	1.0000	0.7632	0.0000	0.4870
726	1.0000	0.7464	0.0000	0.4879
727	1.0000	0.8414	0.0000	0.4887
728	1.0000	0.8443	0.0000	0.4896
729	1.0000	0.8463	0.0000	0.4904
730	1.0000	0.8033	0.0000	0.4912
731	1.0000	0.7888	0.0000	0.4919
732	1.0000	0.7310	0.0000	0.4924
733	1.0000	0.7108	0.0000	0.4930
734	1.0000	0.7260	0.0000	0.4936
735	1.0000	0.7408	0.0000	0.4944
736	1.0000	0.7051	0.0000	0.4952
737	1.0000	0.7400	0.0000	0.4959
738	1.0000	0.7766	0.0000	0.4966
739	1.0000	0.7015	0.0000	0.4974
740	1.0000	0.7492	0.0000	0.4983
741	1.0000	0.7837	0.0000	0.4992
742	1.0000	0.7742	0.0000	0.5001
743	1.0000	0.7774	0.0000	0.5010
744	1.0000	0.7244	0.0000	0.5019
745	1.0000	0.8097	0.0000	0.5033
746	1.0000	0.7799	0.0000	0.5043
747	1.0000	0.7530	0.0000	0.5053
748	1.0000	0.7629	0.0000	0.5063
749	1.0000	0.8038	0.0000	0.5074
750	1.0000	0.7905	0.0000	0.5083
751	1.0000	0.7696	0.0000	0.5092
752	1.0000	0.7471	0.0000	0.5101
753	1.0000	0.7789	0.0000	0.5108
754	1.0000	0.7895	0.0000	0.5115
755	1.0000	0.7141	0.0000	0.5120
756	1.0000	0.7716	0.0000	0.5125
757	1.0000	0.7564	0.0000	0.5129
758	1.0000	0.8091	0.0000	0.5134
759	1.0000	0.7960	0.0000	0.5140
760	1.0000	0.8101	0.0000	0.5146
761	1.0000	0.7936	0.0000	0.5151
762	1.0000	0.7794	0.0000	0.5158
763	1.0000	0.8295	0.0000	0.5164
764	1.0000	0.8004	0.0000	0.5170
765	1.0000	0.8510	0.0000	0.5177
766	1.0000	0.8178	0.0000	0.5184
767	1.0000	0.8524	0.0000	0.5190
768	1.0000	0.8578	0.0000	0.5196
769	1.0000	0.8586	0.0000	0.5204
770	1.0000	0.7968	0.0000	0.5211
771	1.0000	0.7391	0.0000	0.5219
772	1.0000	0.7339	0.0000	0.5225
773	1.0000	0.7849	0.0000	0.5234
774	1.0000	0.7626	0.0000	0.5244
775	1.0000	0.8151	0.0000	0.5252
776	1.0000	0.7629	0.0000	0.5259
777	1.0000	0.7929	0.0000	0.5266
778	1.0000	0.8261	0.0000	0.5274
779	1.0000	0.7837	0.0000	0.5280
780	1.0000	0.7810	0.0000	0.5287
781	1.0000	0.7215	0.0000	0.5293
782	1.0000	0.7210	0.0000	0.5300
783	1.0000	0.8290	0.0000	0.5308
784	1.0000	0.8077	0.0000	0.5317
785	1.0000	0.8569	0.0000	0.5327
786	1.0000	0.8016	0.0000	0.5335
787	1.0000	0.8025	0.0000	0.5341
788	1.0000	0.8617	0.0000	0.5347
789	1.0000	0.8177	0.0000	0.5352
790	1.0000	0.8604	0.0000	0.5357
791	1.0000	0.8646	0.0000	0.5364
792	1.0000	0.7885	0.0000	0.5372
793	1.0000	0.8282	0.0000	0.5380
794	1.0000	0.7879	0.0000	0.5385
795	1.0000	0.8204	0.0000	0.5391
796	1.0000	0.8505	0.0000	0.5397
797	1.0000	0.8077	0.0000	0.5402
798	1.0000	0.8308	0.0000	0.5408
799	1.0000	0.7956	0.0000	0.5415
800	1.0000	0.8155	0.0000	0.5423
801	1.0000	0.8840	0.0000	0.5434
802	1.0000	0.8147	0.0000	0.5444
803	1.0000	0.8005	0.0000	0.5454
804	1.0000	0.8308	0.0000	0.5463
805	1.0000	0.7822	0.0000	0.5472
806	1.0000	0.7790	0.0000	0.5480
807	1.0000	0.8029	0.0000	0.5489
808	1.0000	0.7817	0.0000	0.5495
809	1.0000	0.7670	0.0000	0.5503
810	1.0000	0.7203	0.0000	0.5511
811	1.0000	0.7223	0.0000	0.5517
812	1.0000	0.7590	0.0000	0.5523
813	1.0000	0.7766	0.0000	0.5530
814	1.0000	0.7036	0.0000	0.5536
815	1.0000	0.7805	0.0000	0.5543
816	1.0000	0.7333	0.0000	0.5549
817	1.0000	0.7534	0.0000	0.5558
818	1.0000	0.6816	0.0000	0.5565
819	1.0000	0.7336	0.0000	0.5572
820	1.0000	0.7038	0.0000	0.5579
821	1.0000	0.7598	0.0000	0.5586
822	1.0000	0.7836	0.0000	0.5594
823	1.0000	0.7403	0.0000	0.5601
824	1.0000	0.7728	0.0000	0.5609
825	1.0000	0.8211	0.0000	0.5616
826	1.0000	0.8087	0.0000	0.5623
827	1.0000	0.7367	0.0000	0.5630
828	1.0000	0.7759	0.0000	0.5641
829	1.0000	0.7461	0.0000	0.5652
830	1.0000	0.6922	0.0000	0.5661
831	1.0000	0.7242	0.0000	0.5672
832	1.0000	0.6913	0.0000	0.5682
833	1.0000	0.7620	0.0000	0.5692
834	1.0000	0.6757	0.0000	0.5701
835	1.0000	0.6623	0.0000	0.5708
836	1.0000	0.6146	0.0000	0.5715
837	1.0000	0.6608	0.0000	0.5722
838	1.0000	0.6923	0.0000	0.5729
839	1.0000	0.6676	0.0000	0.5736
840	1.0000	0.7143	0.0000	0.5745
841	1.0000	0.6684	0.0000	0.5753
842	1.0000	0.7278	0.0000	0.5762
843	1.0000	0.6008	0.0000	0.5771
844	1.0000	0.6538	0.0000	0.5780
845	1.0000	0.6731	0.0000	0.5786
846	1.0000	0.6749	0.0000	0.5794
847	1.0000	0.7034	0.0000	0.5801
848	1.0000	0.7188	0.0000	0.5809
849	1.0000	0.7441	0.0000	0.5818
850	1.0000	0.6933	0.0000	0.5826
851	1.0000	0.7220	0.0000	0.5833
852	1.0000	0.7156	0.0000	0.5840
853	1.0000	0.7301	0.0000	0.5847
854	1.0000	0.7073	0.0000	0.5853
855	1.0000	0.7081	0.0000	0.5859
856	1.0000	0.7494	0.0000	0.5868
857	1.0000	0.7890	0.0000	0.5876
858	1.0000	0.7731	0.0000	0.5881
859	1.0000	0.7221	0.0000	0.5888
860	1.0000	0.7249	0.0000	0.5893
861	1.0000	0.7626	0.0000	0.5900
862	1.0000	0.7777	0.0000	0.5906
863	1.0000	0.7813	0.0000	0.5912
864	1.0000	0.7897	0.0000	0.5920
865	1.0000	0.7905	0.0000	0.5927
866	1.0000	0.7461	0.0000	0.5936
867	1.0000	0.8179	0.0000	0.5943
868	1.0000	0.8224	0.0000	0.5951
869	1.0000	0.8145	0.0000	0.5957
870	1.0000	0.7935	0.0000	0.5963
871	1.0000	0.7253	0.0000	0.5970
872	1.0000	0.7992	0.0000	0.5978
873	1.0000	0.7391	0.0000	0.5984
874	1.0000	0.8280	0.0000	0.5990
875	1.0000	0.7816	0.0000	0.5996
876	1.0000	0.7918	0.0000	0.6001
877	1.0000	0.8036	0.0000	0.6005
878	1.0000	0.7290	0.0000	0.6010
879	1.0000	0.7361	0.0000	0.6018
880	1.0000	0.7537	0.0000	0.6026
881	1.0000	0.7275	0.0000	0.6034
882	1.0000	0.7867	0.0000	0.6042
883	1.0000	0.7231	0.0000	0.6049
884	1.0000	0.7078	0.0000	0.6055
885	1.0000	0.6886	0.0000	0.6061
886	1.0000	0.7262	0.0000	0.6068
887	1.0000	0.6931	0.0000	0.6073
888	1.0000	0.7606	0.0000	0.6078
889	1.0000	0.7708	0.0000	0.6084
890	1.0000	0.7962	0.0000	0.6091
891	1.0000	0.7887	0.0000	0.6098
892	1.0000	0.7471	0.0000	0.6104
893	1.0000	0.7874	0.0000	0.6109
894	1.0000	0.7427	0.0000	0.6113
895	1.0000	0.7787	0.0000	0.6118
896	1.0000	0.7509	0.0000	0.6123
897	1.0000	0.7813	0.0000	0.6128
898	1.0000	0.7993	0.0000	0.6135
899	1.0000	0.8176	0.0000	0.6141
900	1.0000	0.7622	0.0000	0.6147
901	1.0000	0.6798	0.0000	0.6153
902	1.0000	0.7204	0.0000	0.6162
903	1.0000	0.6723	0.0000	0.6171
904	1.0000	0.7275	0.0000	0.6179
905	1.0000	0.7320	0.0000	0.6186
906	1.0000	0.6873	0.0000	0.6193
907	1.0000	0.7616	0.0000	0.6202
908	1.0000	0.7641	0.0000	0.6209
909	1.0000	0.7968	0.0000	0.6216
910	1.0000	0.7415	0.0000	0.6221
911	1.0000	0.7694	0.0000	0.6226
912	1.0000	0.7862	0.0000	0.6231
913	1.0000	0.7630	0.0000	0.6236
914	1.0000	0.7903	0.0000	0.6242
915	1.0000	0.7970	0.0000	0.6247
916	1.0000	0.7574	0.0000	0.6253
917	1.0000	0.7479	0.0000	0.6261
918	1.0000	0.7186	0.0000	0.6268
919	1.0000	0.7372	0.0000	0.6274
920	1.0000	0.6910	0.0000	0.6279
921	1.0000	0.7180	0.0000	0.6285
922	1.0000	0.7858	0.0000	0.6291
923	1.0000	0.8083	0.0000	0.6298
924	1.0000	0.7918	0.0000	0.6305
925	1.0000	0.8128	0.0000	0.6312
926	1.0000	0.7781	0.0000	0.6319
927	1.0000	0.8130	0.0000	0.6326
928	1.0000	0.6812	0.0000	0.6333
929	1.0000	0.6685	0.0000	0.6338
930	1.0000	0.6623	0.0000	0.6346
931	1.0000	0.6765	0.0000	0.6352
932	1.0000	0.7697	0.0000	0.6359
933	1.0000	0.7687	0.0000	0.6366
934	1.0000	0.7436	0.0000	0.6373
935	1.0000	0.7451	0.0000	0.6380
936	1.0000	0.7400	0.0000	0.6386
937	1.0000	0.7598	0.0000	0.6394
938	1.0000	0.7495	0.0000	0.6400
939	1.0000	0.7423	0.0000	0.6406
940	1.0000	0.7596	0.0000	0.6414
941	1.0000	0.7610	0.0000	0.6421
942	1.0000	0.8253	0.0000	0.6428
943	1.0000	0.8386	0.0000	0.6436
944	1.0000	0.8794	0.0000	0.6442
945	1.0000	0.8352	0.0000	0.6449
946	1.0000	0.8602	0.0000	0.6457
947	1.0000	0.8495	0.0000	0.6464
948	1.0000	0.7977	0.0000	0.6470
949	1.0000	0.8494	0.0000	0.6476
950	1.0000	0.8496	0.0000	0.6482
951	1.0000	0.8429	0.0000	0.6487
952	1.0000	0.8474	0.0000	0.6492
953	1.0000	0.8069	0.0000	0.6497
954	1.0000	0.8083	0.0000	0.6503
955	1.0000	0.7909	0.0000	0.6508
956	1.0000	0.7811	0.0000	0.6515
957	1.0000	0.8060	0.0000	0.6523
958	1.0000	0.8239	0.0000	0.6532
959	1.0000	0.8434	0.0000	0.6540
960	1.0000	0.8425	0.0000	0.6549
961	1.0000	0.8371	0.0000	0.6559
962	1.0000	0.8013	0.0000	0.6567
963	1.0000	0.8166	0.0000	0.6578
964	1.0000	0.8233	0.0000	0.6588
965	1.0000	0.8375	0.0000	0.6597
966	1.0000	0.7898	0.0000	0.6604
967	1.0000	0.8541	0.0000	0.6611
968	1.0000	0.8227	0.0000	0.6618
969	1.0000	0.7813	0.0000	0.6626
970	1.0000	0.8013	0.0000	0.6635
971	1.0000	0.7863	0.0000	0.6644
972	1.0000	0.8190	0.0000	0.6652
973	1.0000	0.8842	0.0000	0.6661
974	1.0000	0.8076	0.0000	0.6669
975	1.0000	0.8772	0.0000	0.6677
976	1.0000	0.8377	0.0000	0.6684
977	1.0000	0.7914	0.0000	0.6692
978	1.0000	0.7450	0.0000	0.6700
979	1.0000	0.7820	0.0000	0.6710
980	1.0000	0.7496	0.0000	0.6720
981	1.0000	0.7380	0.0000	0.6729
982	1.0000	0.7016	0.0000	0.6735
983	1.0000	0.6957	0.0000	0.6742
984	1.0000	0.7617	0.0000	0.6749
985	1.0000	0.7167	0.0000	0.6759
986	1.0000	0.7356	0.0000	0.6768
987	1.0000	0.7430	0.0000	0.6778
988	1.0000	0.7774	0.0000	0.6787
989	1.0000	0.7824	0.0000	0.6794
990	1.0000	0.8095	0.0000	0.6799
991	1.0000	0.7897	0.0000	0.6804
992	1.0000	0.8680	0.0000	0.6809
993	1.0000	0.8117	0.0000	0.6816
994	1.0000	0.8154	0.0000	0.6825
995	1.0000	0.7921	0.0000	0.6833
996	1.0000	0.7962	0.0000	0.6841
997	1.0000	0.7810	0.0000	0.6847
998	1.0000	0.7295	0.0000	0.6853
999	1.0000	0.7070	0.0000	0.6860
1000	1.0000	0.7585	0.0000	0.6868
1001	1.0000	0.7110	0.0000	0.6879
1002	1.0000	0.7684	0.0000	0.6887
1003	1.0000	0.6913	0.0000	0.6894
1004	1.0000	0.6673	0.0000	0.6900
1005	1.0000	0.7728	0.0000	0.6907
1006	1.0000	0.7107	0.0000	0.6913
1007	1.0000	0.7109	0.0000	0.6918
1008	1.0000	0.7758	0.0000	0.6925
1009	1.0000	0.7465	0.0000	0.6932
1010	1.0000	0.7728	0.0000	0.6938
1011	1.0000	0.7661	0.0000	0.6945
1012	1.0000	0.7685	0.0000	0.6950
1013	1.0000	0.7841	0.0000	0.6955
1014	1.0000	0.7569	0.0000	0.6962
1015	1.0000	0.7876	0.0000	0.6968
1016	1.0000	0.8286	0.0000	0.6977
1017	1.0000	0.7498	0.0000	0.6985
1018	1.0000	0.7694	0.0000	0.6992
1019	1.0000	0.7804	0.0000	0.6999
1020	1.0000	0.7475	0.0000	0.7006
1021	1.0000	0.8172	0.0000	0.7013
1022	1.0000	0.7924	0.0000	0.7021
1023	1.0000	0.8135	0.0000	0.7030
1024	1.0000	0.7860	0.0000	0.7036
1025	1.0000	0.7539	0.0000	0.7043
1026	1.0000	0.7808	0.0000	0.7050
1027	1.0000	0.7720	0.0000	0.7056
1028	1.0000	0.7593	0.0000	0.7063
1029	1.0000	0.7818	0.0000	0.7072
1030	1.0000	0.7587	0.0000	0.7079
1031	1.0000	0.7558	0.0000	0.7088
1032	1.0000	0.7595	0.0000	0.7096
1033	1.0000	0.7461	0.0000	0.7105
1034	1.0000	0.7817	0.0000	0.7112
1035	1.0000	0.7759	0.0000	0.7118
1036	1.0000	0.7981	0.0000	0.7123
1037	1.0000	0.7695	0.0000	0.7132
1038	1.0000	0.7949	0.0000	0.7140
1039	1.0000	0.7803	0.0000	0.7149
1040	1.0000	0.7557	0.0000	0.7158
1041	1.0000	0.7132	0.0000	0.7165
1042	1.0000	0.7368	0.0000	0.7173
1043	1.0000	0.7644	0.0000	0.7181
1044	1.0000	0.7094	0.0000	0.7188
1045	1.0000	0.6732	0.0000	0.7194
1046	1.0000	0.7466	0.0000	0.7199
1047	1.0000	0.7633	0.0000	0.7206
1048	1.0000	0.7377	0.0000	0.7215
1049	1.0000	0.7166	0.0000	0.7222
1050	1.0000	0.7179	0.0000	0.7230
1051	1.0000	0.7018	0.0000	0.7237
1052	1.0000	0.7317	0.0000	0.7245
1053	1.0000	0.7474	0.0000	0.7252
1054	1.0000	0.7911	0.0000	0.7261
1055	1.0000	0.7151	0.0000	0.7270
1056	1.0000	0.7324	0.0000	0.7278
1057	1.0000	0.7479	0.0000	0.7285
1058	1.0000	0.7376	0.0000	0.7292
1059	1.0000	0.7482	0.0000	0.7297
1060	1.0000	0.7448	0.0000	0.7301
1061	1.0000	0.7579	0.0000	0.7306
1062	1.0000	0.7013	0.0000	0.7311
1063	1.0000	0.7329	0.0000	0.7317
1064	1.0000	0.8042	0.0000	0.7325
1065	1.0000	0.8193	0.0000	0.7331
1066	1.0000	0.7822	0.0000	0.7338
1067	1.0000	0.7906	0.0000	0.7345
1068	1.0000	0.7942	0.0000	0.7353
1069	1.0000	0.7668	0.0000	0.7364
1070	1.0000	0.7932	0.0000	0.7373
1071	1.0000	0.8073	0.0000	0.7382
1072	1.0000	0.8104	0.0000	0.7392
1073	1.0000	0.7985	0.0000	0.7402
1074	1.0000	0.7674	0.0000	0.7410
1075	1.0000	0.7419	0.0000	0.7418
1076	1.0000	0.6810	0.0000	0.7425
1077	1.0000	0.7486	0.0000	0.7432
1078	1.0000	0.7655	0.0000	0.7438
1079	1.0000	0.7812	0.0000	0.7444
1080	1.0000	0.7954	0.0000	0.7452
1081	1.0000	0.7308	0.0000	0.7460
1082	1.0000	0.7308	0.0000	0.7468
1083	1.0000	0.7549	0.0000	0.7476
1084	1.0000	0.7601	0.0000	0.7485
1085	1.0000	0.7252	0.0000	0.7492
1086	1.0000	0.7760	0.0000	0.7501
1087	1.0000	0.8102	0.0000	0.7508
1088	1.0000	0.8029	0.0000	0.7514
1089	1.0000	0.7775	0.0000	0.7522
1090	1.0000	0.7038	0.0000	0.7528
1091	1.0000	0.7263	0.0000	0.7536
1092	1.0000	0.6428	0.0000	0.7543
1093	1.0000	0.6290	0.0000	0.7549
1094	1.0000	0.6107	0.0000	0.7556
1095	1.0000	0.7331	0.0000	0.7564
1096	1.0000	0.7012	0.0000	0.7571
1097	1.0000	0.7183	0.0000	0.7578
1098	1.0000	0.7093	0.0000	0.7586
1099	1.0000	0.7143	0.0000	0.7593
1100	1.0000	0.6600	0.0000	0.7602
1101	1.0000	0.6600	0.0000	0.7609
1102	1.0000	0.6566	0.0000	0.7617
1103	1.0000	0.6978	0.0000	0.7628
1104	1.0000	0.5400	0.0000	0.7638
1105	1.0000	0.6993	0.0000	0.7647
1106	1.0000	0.6486	0.0000	0.7656
1107	1.0000	0.6535	0.0000	0.7664
1108	1.0000	0.5729	0.0000	0.7672
1109	1.0000	0.6222	0.0000	0.7681
1110	1.0000	0.6143	0.0000	0.7689
1111	1.0000	0.6529	0.0000	0.7696
1112	1.0000	0.7033	0.0000	0.7705
1113	1.0000	0.6680	0.0000	0.7713
1114	1.0000	0.6886	0.0000	0.7721
1115	1.0000	0.7463	0.0000	0.7730
1116	1.0000	0.7661	0.0000	0.7738
1117	1.0000	0.7039	0.0000	0.7748
1118	1.0000	0.6084	0.0000	0.7756
1119	1.0000	0.6806	0.0000	0.7765
1120	1.0000	0.6425	0.0000	0.7776
1121	1.0000	0.6401	0.0000	0.7786
1122	1.0000	0.6717	0.0000	0.7795
1123	1.0000	0.7496	0.0000	0.7806
1124	1.0000	0.6600	0.0000	0.7817
1125	1.0000	0.6536	0.0000	0.7826
1126	1.0000	0.7372	0.0000	0.7834
1127	1.0000	0.6671	0.0000	0.7841
1128	1.0000	0.6846	0.0000	0.7847
1129	1.0000	0.7316	0.0000	0.7855
1130	1.0000	0.7307	0.0000	0.7863
1131	1.0000	0.7008	0.0000	0.7873
1132	1.0000	0.7308	0.0000	0.7882
1133	1.0000	0.7820	0.0000	0.7889
1134	1.0000	0.7314	0.0000	0.7895
1135	1.0000	0.7271	0.0000	0.7901
1136	1.0000	0.7225	0.0000	0.7907
1137	1.0000	0.8008	0.0000	0.7914
1138	1.0000	0.8283	0.0000	0.7920
1139	1.0000	0.7645	0.0000	0.7928
1140	1.0000	0.7781	0.0000	0.7937
1141	1.0000	0.5962	0.0000	0.7945
1142	1.0000	0.7182	0.0000	0.7952
1143	1.0000	0.7634	0.0000	0.7959
1144	1.0000	0.7712	0.0000	0.7966
1145	1.0000	0.7514	0.0000	0.7973
1146	1.0000	0.7576	0.0000	0.7981
1147	1.0000	0.7528	0.0000	0.7989
1148	1.0000	0.6611	0.0000	0.7998
1149	1.0000	0.7201	0.0000	0.8004
1150	1.0000	0.7539	0.0000	0.8010
1151	1.0000	0.7063	0.0000	0.8017
1152	1.0000	0.7736	0.0000	0.8026
1153	1.0000	0.7960	0.0000	0.8034
1154	1.0000	0.7524	0.0000	0.8043
1155	1.0000	0.7376	0.0000	0.8050
1156	1.0000	0.7942	0.0000	0.8057
1157	1.0000	0.7070	0.0000	0.8064
1158	1.0000	0.6867	0.0000	0.8072
1159	1.0000	0.7053	0.0000	0.8079
1160	1.0000	0.7602	0.0000	0.8086
1161	1.0000	0.7262	0.0000	0.8095
1162	1.0000	0.7214	0.0000	0.8105
1163	1.0000	0.7517	0.0000	0.8113
1164	1.0000	0.7358	0.0000	0.8122
1165	1.0000	0.7635	0.0000	0.8129
1166	1.0000	0.7692	0.0000	0.8136
1167	1.0000	0.7893	0.0000	0.8143
1168	1.0000	0.8451	0.0000	0.8149
1169	1.0000	0.7515	0.0000	0.8156
1170	1.0000	0.7426	0.0000	0.8164
1171	1.0000	0.7348	0.0000	0.8173
1172	1.0000	0.7581	0.0000	0.8182
1173	1.0000	0.7480	0.0000	0.8190
1174	1.0000	0.7773	0.0000	0.8197
1175	1.0000	0.7569	0.0000	0.8205
1176	1.0000	0.7082	0.0000	0.8212
1177	1.0000	0.7389	0.0000	0.8220
1178	1.0000	0.7400	0.0000	0.8227
1179	1.0000	0.7327	0.0000	0.8233
1180	1.0000	0.7697	0.0000	0.8241
1181	1.0000	0.7919	0.0000	0.8248
1182	1.0000	0.7820	0.0000	0.8256
1183	1.0000	0.7361	0.0000	0.8263
1184	1.0000	0.7045	0.0000	0.8270
1185	1.0000	0.6996	0.0000	0.8277
1186	1.0000	0.7754	0.0000	0.8285
1187	1.0000	0.6956	0.0000	0.8293
1188	1.0000	0.7262	0.0000	0.8300
1189	1.0000	0.7335	0.0000	0.8309
1190	1.0000	0.7663	0.0000	0.8316
1191	1.0000	0.7624	0.0000	0.8324
1192	1.0000	0.7354	0.0000	0.8330
1193	1.0000	0.6863	0.0000	0.8337
1194	1.0000	0.7293	0.0000	0.8342
1195	1.0000	0.7165	0.0000	0.8349
1196	1.0000	0.7527	0.0000	0.8357
1197	1.0000	0.7850	0.0000	0.8365
1198	1.0000	0.7594	0.0000	0.8374
1199	1.0000	0.7106	0.0000	0.8382
1200	1.0000	0.7917	0.0000	0.8389
1201	1.0000	0.7734	0.0000	0.8394
1202	1.0000	0.8352	0.0000	0.8400
1203	1.0000	0.8227	0.0000	0.8405
1204	1.0000	0.7901	0.0000	0.8411
1205	1.0000	0.8318	0.0000	0.8418
1206	1.0000	0.8393	0.0000	0.8425
1207	1.0000	0.8787	0.0000	0.8432
1208	1.0000	0.8686	0.0000	0.8438
1209	1.0000	0.8383	0.0000	0.8443
1210	1.0000	0.8268	0.0000	0.8449
1211	1.0000	0.8069	0.0000	0.8456
1212	1.0000	0.8117	0.0000	0.8464
1213	1.0000	0.8057	0.0000	0.8473
1214	1.0000	0.8356	0.0000	0.8483
1215	1.0000	0.8335	0.0000	0.8492
1216	1.0000	0.8238	0.0000	0.8500
1217	1.0000	0.7670	0.0000	0.8507
1218	1.0000	0.7270	0.0000	0.8513
1219	1.0000	0.7345	0.0000	0.8519
1220	1.0000	0.7681	0.0000	0.8526
1221	1.0000	0.7690	0.0000	0.8533
1222	1.0000	0.7357	0.0000	0.8541
1223	1.0000	0.7754	0.0000	0.8549
1224	1.0000	0.7900	0.0000	0.8557
1225	1.0000	0.7510	0.0000	0.8566
1226	1.0000	0.7442	0.0000	0.8573
1227	1.0000	0.7301	0.0000	0.8581
1228	1.0000	0.7499	0.0000	0.8588
1229	1.0000	0.7658	0.0000	0.8596
1230	1.0000	0.7560	0.0000	0.8604
1231	1.0000	0.7282	0.0000	0.8613
1232	1.0000	0.7655	0.0000	0.8623
1233	1.0000	0.7914	0.0000	0.8633
1234	1.0000	0.7676	0.0000	0.8640
1235	1.0000	0.7025	0.0000	0.8651
1236	1.0000	0.8144	0.0000	0.8660
1237	1.0000	0.7834	0.0000	0.8668
1238	1.0000	0.7563	0.0000	0.8675
1239	1.0000	0.7692	0.0000	0.8683
1240	1.0000	0.7927	0.0000	0.8689
1241	1.0000	0.7830	0.0000	0.8696
1242	1.0000	0.7643	0.0000	0.8701
1243	1.0000	0.8022	0.0000	0.8708
1244	1.0000	0.8288	0.0000	0.8714
1245	1.0000	0.7982	0.0000	0.8720
1246	1.0000	0.8404	0.0000	0.8725
1247	1.0000	0.7832	0.0000	0.8730
1248	1.0000	0.7903	0.0000	0.8738
1249	1.0000	0.7860	0.0000	0.8744
1250	1.0000	0.7805	0.0000	0.8752
1251	1.0000	0.8062	0.0000	0.8759
1252	1.0000	0.7534	0.0000	0.8765
1253	1.0000	0.7744	0.0000	0.8771
1254	1.0000	0.7912	0.0000	0.8778
1255	1.0000	0.8042	0.0000	0.8785
1256	1.0000	0.8137	0.0000	0.8792
1257	1.0000	0.8002	0.0000	0.8798
1258	1.0000	0.7903	0.0000	0.8805
1259	1.0000	0.7875	0.0000	0.8812
1260	1.0000	0.7958	0.0000	0.8818
1261	1.0000	0.8435	0.0000	0.8824
1262	1.0000	0.8398	0.0000	0.8830
1263	1.0000	0.8229	0.0000	0.8837
1264	1.0000	0.8343	0.0000	0.8843
1265	1.0000	0.8407	0.0000	0.8848
1266	1.0000	0.8353	0.0000	0.8855
1267	1.0000	0.8729	0.0000	0.8863
1268	1.0000	0.8114	0.0000	0.8870
1269	1.0000	0.8026	0.0000	0.8878
1270	1.0000	0.7805	0.0000	0.8887
1271	1.0000	0.7954	0.0000	0.8897
1272	1.0000	0.7916	0.0000	0.8907
1273	1.0000	0.7537	0.0000	0.8917
1274	1.0000	0.7883	0.0000	0.8927
1275	1.0000	0.7991	0.0000	0.8938
1276	1.0000	0.8018	0.0000	0.8947
1277	1.0000	0.8543	0.0000	0.8956
1278	1.0000	0.7908	0.0000	0.8965
1279	1.0000	0.8221	0.0000	0.8974
1280	1.0000	0.8004	0.0000	0.8983
1281	1.0000	0.8438	0.0000	0.8992
1282	1.0000	0.8147	0.0000	0.9001
1283	1.0000	0.8414	0.0000	0.9009
1284	1.0000	0.7983	0.0000	0.9018
1285	1.0000	0.7673	0.0000	0.9025
1286	1.0000	0.8263	0.0000	0.9032
1287	1.0000	0.8180	0.0000	0.9040
1288	1.0000	0.7418	0.0000	0.9046
1289	1.0000	0.7680	0.0000	0.9054
1290	1.0000	0.7635	0.0000	0.9063
1291	1.0000	0.7667	0.0000	0.9071
1292	1.0000	0.7002	0.0000	0.9078
1293	1.0000	0.6992	0.0000	0.9083
1294	1.0000	0.6724	0.0000	0.9090
1295	1.0000	0.7846	0.0000	0.9095
1296	1.0000	0.7729	0.0000	0.9102
1297	1.0000	0.7714	0.0000	0.9109
1298	1.0000	0.7284	0.0000	0.9114
1299	1.0000	0.8065	0.0000	0.9120
1300	1.0000	0.8279	0.0000	0.9126
1301	1.0000	0.8086	0.0000	0.9132
1302	1.0000	0.8051	0.0000	0.9137
1303	1.0000	0.7671	0.0000	0.9142
1304	1.0000	0.7974	0.0000	0.9147
1305	1.0000	0.7683	0.0000	0.9153
1306	1.0000	0.7688	0.0000	0.9160
1307	1.0000	0.7910	0.0000	0.9166
1308	1.0000	0.8347	0.0000	0.9173
1309	1.0000	0.8224	0.0000	0.9180
1310	1.0000	0.8908	0.0000	0.9187
1311	1.0000	0.8517	0.0000	0.9194
1312	1.0000	0.8302	0.0000	0.9200
1313	1.0000	0.8471	0.0000	0.9206
1314	1.0000	0.8451	0.0000	0.9211
1315	1.0000	0.8415	0.0000	0.9215
1316	1.0000	0.8500	0.0000	0.9220
1317	1.0000	0.8540	0.0000	0.9224
1318	1.0000	0.8654	0.0000	0.9229
1319	1.0000	0.8650	0.0000	0.9234
1320	1.0000	0.8472	0.0000	0.9239
1321	1.0000	0.8137	0.0000	0.9243
1322	1.0000	0.8112	0.0000	0.9248
1323	1.0000	0.8525	0.0000	0.9254
1324	1.0000	0.8378	0.0000	0.9261
1325	1.0000	0.8704	0.0000	0.9268
1326	1.0000	0.8409	0.0000	0.9276
1327	1.0000	0.8949	0.0000	0.9284
1328	1.0000	0.8134	0.0000	0.9293
1329	1.0000	0.8148	0.0000	0.9303
1330	1.0000	0.8222	0.0000	0.9313
1331	1.0000	0.8134	0.0000	0.9322
1332	1.0000	0.8110	0.0000	0.9330
1333	1.0000	0.7699	0.0000	0.9337
1334	1.0000	0.7971	0.0000	0.9343
1335	1.0000	0.8040	0.0000	0.9349
1336	1.0000	0.8489	0.0000	0.9356
1337	1.0000	0.8389	0.0000	0.9363
1338	1.0000	0.8290	0.0000	0.9369
1339	1.0000	0.8252	0.0000	0.9376
1340	1.0000	0.7510	0.0000	0.9385
1341	1.0000	0.7299	0.0000	0.9392
1342	1.0000	0.7323	0.0000	0.9402
1343	1.0000	0.7876	0.0000	0.9412
1344	1.0000	0.7832	0.0000	0.9422
1345	1.0000	0.7720	0.0000	0.9432
1346	1.0000	0.8461	0.0000	0.9443
1347	1.0000	0.7814	0.0000	0.9453
1348	1.0000	0.7432	0.0000	0.9461
1349	1.0000	0.8013	0.0000	0.9470
1350	1.0000	0.8082	0.0000	0.9479
1351	1.0000	0.6943	0.0000	0.9487
1352	1.0000	0.6683	0.0000	0.9495
1353	1.0000	0.7246	0.0000	0.9502
1354	1.0000	0.7741	0.0000	0.9508
1355	1.0000	0.7740	0.0000	0.9514
1356	1.0000	0.7787	0.0000	0.9523
1357	1.0000	0.8098	0.0000	0.9532
1358	1.0000	0.7371	0.0000	0.9539
1359	1.0000	0.7851	0.0000	0.9545
1360	1.0000	0.7494	0.0000	0.9552
1361	1.0000	0.7435	0.0000	0.9560
1362	1.0000	0.7776	0.0000	0.9569
1363	1.0000	0.7446	0.0000	0.9577
1364	1.0000	0.7913	0.0000	0.9586
1365	1.0000	0.7826	0.0000	0.9594
1366	1.0000	0.7674	0.0000	0.9604
1367	1.0000	0.8070	0.0000	0.9612
1368	1.0000	0.8095	0.0000	0.9623
1369	1.0000	0.7936	0.0000	0.9632
1370	1.0000	0.8222	0.0000	0.9642
1371	1.0000	0.8211	0.0000	0.9653
1372	1.0000	0.7461	0.0000	0.9662
1373	1.0000	0.7660	0.0000	0.9668
1374	1.0000	0.7647	0.0000	0.9675
1375	1.0000	0.8191	0.0000	0.9682
1376	1.0000	0.7085	0.0000	0.9687
1377	1.0000	0.7535	0.0000	0.9692
1378	1.0000	0.7562	0.0000	0.9699
1379	1.0000	0.7946	0.0000	0.9704
1380	1.0000	0.8102	0.0000	0.9710
1381	1.0000	0.8150	0.0000	0.9718
1382	1.0000	0.7964	0.0000	0.9725
1383	1.0000	0.7012	0.0000	0.9734
1384	1.0000	0.7426	0.0000	0.9742
1385	1.0000	0.7314	0.0000	0.9750
1386	1.0000	0.7849	0.0000	0.9761
1387	1.0000	0.7745	0.0000	0.9770
1388	1.0000	0.6747	0.0000	0.9778
1389	1.0000	0.6987	0.0000	0.9789
1390	1.0000	0.7217	0.0000	0.9799
1391	1.0000	0.6979	0.0000	0.9808
1392	1.0000	0.7073	0.0000	0.9817
1393	1.0000	0.6427	0.0000	0.9823
1394	1.0000	0.6348	0.0000	0.9829
1395	1.0000	0.6510	0.0000	0.9837
1396	1.0000	0.6587	0.0000	0.9845
1397	1.0000	0.6826	0.0000	0.9852
1398	1.0000	0.7097	0.0000	0.9860
1399	1.0000	0.7049	0.0000	0.9867
Pos: [1.1700874838991706, 7.706268908277767]

=================================================================================================================