ID: shubert	Date: 2019-05-03 15:50:30	Runs: 3
=================================================================================================================
Run: 0
Iter	Gbest	AvrFit	Diver	ETime	
0	127.9055	8.6508	0.0000	0.0009
1	127.9055	14.7439	0.0000	0.0017
2	179.7880	21.7971	0.0000	0.0026
3	179.7880	24.7016	0.0000	0.0035
4	179.7880	25.8470	0.0000	0.0044
5	179.7880	26.6834	0.0000	0.0052
6	179.7880	34.4474	0.0000	0.0059
7	179.7880	30.4869	0.0000	0.0067
8	179.7880	32.5952	0.0000	0.0075
9	179.7880	33.9558	0.0000	0.0083
10	181.4949	39.7034	0.0000	0.0091
11	181.4949	37.2932	0.0000	0.0098
12	181.4949	41.7466	0.0000	0.0106
13	181.4949	42.8610	0.0000	0.0114
14	182.4851	45.0968	0.0000	0.0121
15	182.4851	41.5235	0.0000	0.0129
16	182.4851	50.9967	0.0000	0.0138
17	182.4851	55.4206	0.0000	0.0146
18	182.4851	51.0487	0.0000	0.0156
19	182.4851	57.4062	0.0000	0.0163
20	186.1729	54.4840	0.0000	0.0171
21	186.1729	57.8162	0.0000	0.0181
22	186.1729	55.4254	0.0000	0.0189
23	186.1729	53.4999	0.0000	0.0196
24	186.1729	60.4138	0.0000	0.0204
25	186.1729	56.4152	0.0000	0.0211
26	186.1729	58.0515	0.0000	0.0218
27	186.1729	55.4583	0.0000	0.0227
28	186.1729	59.5454	0.0000	0.0235
29	186.1729	64.4826	0.0000	0.0244
30	186.1729	67.3428	0.0000	0.0251
31	186.1729	62.1967	0.0000	0.0259
32	186.1729	60.6902	0.0000	0.0267
33	186.1729	67.4109	0.0000	0.0275
34	186.1729	61.9824	0.0000	0.0283
35	186.1729	60.6588	0.0000	0.0290
36	186.1729	59.6815	0.0000	0.0297
37	186.1729	69.3775	0.0000	0.0305
38	186.1729	68.0116	0.0000	0.0313
39	186.1729	65.2799	0.0000	0.0321
40	186.1729	63.6103	0.0000	0.0329
41	186.6444	64.1784	0.0000	0.0337
42	186.6444	73.7321	0.0000	0.0345
43	186.6444	69.5405	0.0000	0.0352
44	186.6444	66.1064	0.0000	0.0360
45	186.6444	75.7175	0.0000	0.0367
46	186.6444	64.5177	0.0000	0.0375
47	186.6444	70.8501	0.0000	0.0382
48	186.6444	74.4125	0.0000	0.0390
49	186.6444	76.4969	0.0000	0.0397
50	186.6444	71.4893	0.0000	0.0404
51	186.6444	82.4689	0.0000	0.0412
52	186.6444	72.0028	0.0000	0.0419
53	186.6444	67.5367	0.0000	0.0427
54	186.6444	72.0479	0.0000	0.0434
55	186.6444	76.2109	0.0000	0.0441
56	186.6444	70.3398	0.0000	0.0448
57	186.6444	76.6588	0.0000	0.0456
58	186.6444	70.1669	0.0000	0.0463
59	186.7270	74.5548	0.0000	0.0471
60	186.7270	84.7169	0.0000	0.0479
61	186.7270	77.5265	0.0000	0.0486
62	185.8105	73.0859	0.0000	0.0503
63	185.8105	15.3140	0.0000	0.0510
64	185.8105	22.9129	0.0000	0.0517
65	185.8105	27.4249	0.0000	0.0525
66	185.8105	25.1648	0.0000	0.0532
67	186.0675	28.3473	0.0000	0.0539
68	186.0675	32.1248	0.0000	0.0547
69	186.0675	36.6798	0.0000	0.0554
70	186.0675	37.8664	0.0000	0.0561
71	186.0675	37.8871	0.0000	0.0569
72	186.5066	41.6966	0.0000	0.0576
73	186.5066	39.0234	0.0000	0.0583
74	185.8105	40.6706	0.0000	0.0591
75	185.8105	38.4782	0.0000	0.0599
76	185.8105	40.5405	0.0000	0.0608
77	185.8105	34.3983	0.0000	0.0616
78	185.8105	42.0320	0.0000	0.0624
79	186.5807	45.4615	0.0000	0.0631
80	186.5807	44.6214	0.0000	0.0639
81	186.5807	40.6963	0.0000	0.0646
82	186.6655	39.2182	0.0000	0.0654
83	186.6655	41.8578	0.0000	0.0661
84	186.6655	49.9052	0.0000	0.0669
85	186.6655	53.9784	0.0000	0.0677
86	186.6655	51.6530	0.0000	0.0684
87	186.6655	48.2136	0.0000	0.0692
88	186.6655	49.1862	0.0000	0.0700
89	186.6655	54.0459	0.0000	0.0707
90	186.6655	50.3301	0.0000	0.0715
91	186.6655	55.3208	0.0000	0.0722
92	186.6655	52.2963	0.0000	0.0730
93	186.6655	51.4837	0.0000	0.0737
94	186.7012	55.5884	0.0000	0.0744
95	186.7012	58.3141	0.0000	0.0751
96	186.7012	54.0833	0.0000	0.0762
97	186.7012	56.9063	0.0000	0.0773
98	186.7012	60.2547	0.0000	0.0780
99	186.7012	59.6954	0.0000	0.0788
100	186.7012	57.0569	0.0000	0.0795
101	186.7012	63.0520	0.0000	0.0802
102	186.7012	61.8056	0.0000	0.0810
103	186.7012	53.2213	0.0000	0.0817
104	186.7012	62.5087	0.0000	0.0824
105	186.7012	59.7742	0.0000	0.0832
106	186.7012	57.8911	0.0000	0.0840
107	186.7012	60.5366	0.0000	0.0847
108	186.7012	64.9556	0.0000	0.0854
109	186.7012	59.0306	0.0000	0.0861
110	186.7012	60.8401	0.0000	0.0868
111	186.7012	66.7983	0.0000	0.0876
112	186.7144	65.6394	0.0000	0.0883
113	186.7144	61.2307	0.0000	0.0890
114	186.7144	60.2937	0.0000	0.0897
115	186.7144	59.4409	0.0000	0.0904
116	186.7144	59.4538	0.0000	0.0911
117	186.7144	70.5243	0.0000	0.0918
118	186.7144	68.1394	0.0000	0.0925
119	186.7144	64.5097	0.0000	0.0932
120	186.7144	62.1699	0.0000	0.0939
121	186.7144	67.2894	0.0000	0.0946
122	186.7144	66.2111	0.0000	0.0953
123	186.7144	67.1889	0.0000	0.0960
124	186.7214	71.5182	0.0000	0.0967
125	186.7214	74.6519	0.0000	0.0974
126	186.6655	64.7849	0.0000	0.1000
127	186.6655	26.7729	0.0000	0.1007
128	186.6655	34.2859	0.0000	0.1014
129	186.6655	30.0235	0.0000	0.1022
130	186.6655	36.8165	0.0000	0.1030
131	186.6529	40.3691	0.0000	0.1038
132	186.6529	36.2988	0.0000	0.1045
133	186.6529	34.9297	0.0000	0.1052
134	186.6529	36.3973	0.0000	0.1059
135	186.6529	36.3647	0.0000	0.1066
136	186.6529	41.1363	0.0000	0.1074
137	186.6529	40.4033	0.0000	0.1082
138	186.6529	39.7812	0.0000	0.1090
139	186.6529	39.5148	0.0000	0.1097
140	186.6529	42.7650	0.0000	0.1104
141	186.6529	42.4176	0.0000	0.1111
142	186.6529	40.3942	0.0000	0.1118
143	186.6529	42.1577	0.0000	0.1126
144	186.6529	46.2318	0.0000	0.1132
145	186.6529	52.1528	0.0000	0.1140
146	186.6529	39.6290	0.0000	0.1147
147	186.6529	43.1936	0.0000	0.1155
148	186.6529	49.1364	0.0000	0.1163
149	186.6529	44.3422	0.0000	0.1170
150	186.6529	42.9132	0.0000	0.1177
151	186.6529	48.6581	0.0000	0.1185
152	186.6558	52.4489	0.0000	0.1192
153	186.6558	41.2953	0.0000	0.1199
154	186.6558	51.1292	0.0000	0.1206
155	186.6558	47.7732	0.0000	0.1213
156	186.6558	45.9781	0.0000	0.1219
157	186.6712	50.4940	0.0000	0.1226
158	186.6712	54.7859	0.0000	0.1233
159	186.6712	53.5280	0.0000	0.1240
160	186.6712	50.7982	0.0000	0.1247
161	186.6712	50.0363	0.0000	0.1254
162	186.6712	54.8324	0.0000	0.1261
163	186.6712	55.5808	0.0000	0.1268
164	186.6712	59.3461	0.0000	0.1275
165	186.6712	54.0032	0.0000	0.1283
166	186.7001	57.7132	0.0000	0.1290
167	186.7001	63.5465	0.0000	0.1297
168	186.7001	53.6721	0.0000	0.1304
169	186.7001	64.3361	0.0000	0.1311
170	186.7001	61.2359	0.0000	0.1318
171	186.7001	66.5268	0.0000	0.1325
172	186.7001	68.6769	0.0000	0.1332
173	186.7001	59.5720	0.0000	0.1339
174	186.7001	69.1302	0.0000	0.1347
175	186.7001	66.3257	0.0000	0.1355
176	186.7001	58.2895	0.0000	0.1363
177	186.7001	69.0798	0.0000	0.1370
178	186.7253	74.7145	0.0000	0.1378
179	186.7253	68.7937	0.0000	0.1385
180	186.7253	67.0131	0.0000	0.1392
181	186.7253	69.3310	0.0000	0.1399
182	186.7253	67.1818	0.0000	0.1406
183	186.7253	65.7475	0.0000	0.1413
184	186.7253	68.7444	0.0000	0.1420
185	186.7253	69.2671	0.0000	0.1427
186	186.7253	69.8491	0.0000	0.1434
187	186.7253	76.3944	0.0000	0.1441
188	186.7253	66.9753	0.0000	0.1448
189	186.7253	71.1825	0.0000	0.1455
190	186.7126	68.4772	0.0000	0.1484
191	186.7126	36.8456	0.0000	0.1492
192	186.7126	39.8349	0.0000	0.1499
193	186.7126	38.3637	0.0000	0.1508
194	186.6233	44.5281	0.0000	0.1515
195	186.6233	41.4090	0.0000	0.1524
196	186.6233	46.6237	0.0000	0.1530
197	186.7275	48.6154	0.0000	0.1537
198	186.7275	47.5960	0.0000	0.1544
199	186.7275	46.7047	0.0000	0.1551
200	186.7275	54.4939	0.0000	0.1558
201	186.7275	55.1026	0.0000	0.1565
202	186.7275	53.4665	0.0000	0.1572
203	186.7275	45.8538	0.0000	0.1579
204	186.7275	51.8563	0.0000	0.1586
205	186.7275	51.1376	0.0000	0.1593
206	186.7275	60.3497	0.0000	0.1601
207	186.7275	54.0706	0.0000	0.1608
208	186.7275	52.1078	0.0000	0.1615
209	186.7275	51.5063	0.0000	0.1622
210	186.7275	54.5279	0.0000	0.1630
211	186.7275	58.3523	0.0000	0.1637
212	186.7275	52.5476	0.0000	0.1645
213	186.7275	56.3397	0.0000	0.1652
214	186.7275	56.3092	0.0000	0.1659
215	186.7275	55.5463	0.0000	0.1667
216	186.7275	57.3756	0.0000	0.1673
217	186.7275	58.1961	0.0000	0.1680
218	186.7275	61.9109	0.0000	0.1687
219	186.7275	62.6639	0.0000	0.1693
220	186.7275	57.6643	0.0000	0.1701
221	186.7275	59.6091	0.0000	0.1709
222	186.7275	68.0587	0.0000	0.1716
223	186.7275	57.8860	0.0000	0.1722
224	186.7275	61.5910	0.0000	0.1729
225	186.7275	59.7520	0.0000	0.1735
226	186.7275	66.6506	0.0000	0.1742
227	186.7285	71.5979	0.0000	0.1749
228	186.7285	62.4152	0.0000	0.1755
229	186.7285	70.1062	0.0000	0.1762
230	186.7285	66.9566	0.0000	0.1770
231	186.7285	70.0294	0.0000	0.1776
232	186.7285	60.5680	0.0000	0.1784
233	186.7285	62.6729	0.0000	0.1790
234	186.7285	71.8029	0.0000	0.1797
235	186.7285	72.9211	0.0000	0.1804
236	186.7285	66.1863	0.0000	0.1811
237	186.7285	70.6171	0.0000	0.1818
238	186.7285	63.6388	0.0000	0.1825
239	186.7285	73.9647	0.0000	0.1832
240	186.7285	64.6698	0.0000	0.1839
241	186.7285	66.0740	0.0000	0.1846
242	186.7285	72.4979	0.0000	0.1853
243	186.7285	72.1948	0.0000	0.1860
244	186.7285	70.2340	0.0000	0.1866
245	186.7285	75.2320	0.0000	0.1873
246	186.7285	71.5219	0.0000	0.1880
247	186.7285	72.6319	0.0000	0.1886
248	186.7285	63.7274	0.0000	0.1893
249	186.7285	69.8739	0.0000	0.1900
250	186.7285	72.3569	0.0000	0.1907
251	186.7285	65.3842	0.0000	0.1914
252	186.7285	75.4247	0.0000	0.1922
253	186.7285	72.2025	0.0000	0.1929
254	186.7285	76.1193	0.0000	0.1951
255	186.7285	54.5105	0.0000	0.1959
256	186.7285	66.9214	0.0000	0.1969
257	186.7285	61.9198	0.0000	0.1978
258	186.7285	54.9172	0.0000	0.1985
259	186.7285	53.7106	0.0000	0.1994
260	186.7285	48.3370	0.0000	0.2001
261	186.7285	55.1752	0.0000	0.2009
262	186.7299	50.4547	0.0000	0.2016
263	186.7299	54.3150	0.0000	0.2023
264	186.7299	58.9804	0.0000	0.2030
265	186.7299	54.8454	0.0000	0.2038
266	186.7299	53.2785	0.0000	0.2045
267	186.7299	51.1101	0.0000	0.2052
268	186.7299	59.3055	0.0000	0.2059
269	186.7299	60.2496	0.0000	0.2066
270	186.7299	59.2509	0.0000	0.2073
271	186.7299	60.3171	0.0000	0.2080
272	186.7299	58.4836	0.0000	0.2088
273	186.7299	51.9893	0.0000	0.2094
274	186.7299	60.5209	0.0000	0.2101
275	186.7299	59.5846	0.0000	0.2109
276	186.7299	63.6578	0.0000	0.2117
277	186.7299	58.9969	0.0000	0.2123
278	186.7299	66.7712	0.0000	0.2131
279	186.7299	54.7662	0.0000	0.2138
280	186.7299	53.9097	0.0000	0.2145
281	186.7299	63.9954	0.0000	0.2153
282	186.7299	59.6035	0.0000	0.2161
283	186.7299	59.3341	0.0000	0.2169
284	186.7299	63.0178	0.0000	0.2177
285	186.7299	57.1856	0.0000	0.2185
286	186.7299	63.0883	0.0000	0.2192
287	186.7299	59.0229	0.0000	0.2199
288	186.7299	57.7332	0.0000	0.2206
289	186.7299	67.4966	0.0000	0.2213
290	186.7299	67.8030	0.0000	0.2220
291	186.7299	61.5188	0.0000	0.2227
292	186.7299	60.2194	0.0000	0.2234
293	186.7299	59.9187	0.0000	0.2241
294	186.7299	61.1924	0.0000	0.2249
295	186.7299	73.7834	0.0000	0.2256
296	186.7299	61.7465	0.0000	0.2262
297	186.7299	63.5031	0.0000	0.2269
298	186.7299	65.0163	0.0000	0.2276
299	186.7299	63.1859	0.0000	0.2284
300	186.7299	60.6225	0.0000	0.2291
301	186.7299	65.2073	0.0000	0.2298
302	186.7299	67.9092	0.0000	0.2305
303	186.7299	61.7476	0.0000	0.2312
304	186.7299	71.9807	0.0000	0.2320
305	186.7299	68.9682	0.0000	0.2327
306	186.7299	69.2471	0.0000	0.2334
307	186.7299	68.9425	0.0000	0.2341
308	186.7299	69.2744	0.0000	0.2348
309	186.7299	62.5931	0.0000	0.2355
310	186.7299	74.2478	0.0000	0.2362
311	186.7299	69.5411	0.0000	0.2369
312	186.7299	67.2693	0.0000	0.2376
313	186.7299	64.4798	0.0000	0.2383
314	186.7299	65.4493	0.0000	0.2390
315	186.7299	71.1581	0.0000	0.2397
316	186.7299	66.1974	0.0000	0.2404
317	186.7299	68.5261	0.0000	0.2411
318	186.7299	73.1887	0.0000	0.2434
319	186.7299	65.4441	0.0000	0.2442
320	186.7299	59.5924	0.0000	0.2452
321	186.7299	55.0162	0.0000	0.2461
322	186.7299	57.2364	0.0000	0.2470
323	186.7299	65.3036	0.0000	0.2478
324	186.7299	54.9365	0.0000	0.2487
325	186.7299	55.3798	0.0000	0.2495
326	186.7299	55.3234	0.0000	0.2502
327	186.7299	59.3475	0.0000	0.2509
328	186.7299	58.7557	0.0000	0.2516
329	186.7299	56.1921	0.0000	0.2524
330	186.7299	67.4443	0.0000	0.2531
331	186.7299	58.3504	0.0000	0.2538
332	186.7299	63.5042	0.0000	0.2546
333	186.7299	57.1088	0.0000	0.2553
334	186.7299	64.0042	0.0000	0.2561
335	186.7299	57.5259	0.0000	0.2568
336	186.7299	60.2445	0.0000	0.2578
337	186.7299	58.4007	0.0000	0.2586
338	186.7299	52.7462	0.0000	0.2594
339	186.7299	56.1803	0.0000	0.2602
340	186.7299	58.9529	0.0000	0.2611
341	186.7300	61.4741	0.0000	0.2619
342	186.7300	61.2702	0.0000	0.2627
343	186.7300	59.9806	0.0000	0.2634
344	186.7300	61.1836	0.0000	0.2641
345	186.7300	55.0405	0.0000	0.2649
346	186.7300	54.3725	0.0000	0.2656
347	186.7300	59.5683	0.0000	0.2663
348	186.7300	61.2364	0.0000	0.2671
349	186.7300	61.9734	0.0000	0.2678
350	186.7300	59.1047	0.0000	0.2685
351	186.7300	60.7334	0.0000	0.2692
352	186.7300	55.5672	0.0000	0.2700
353	186.7300	58.3591	0.0000	0.2707
354	186.7300	62.0599	0.0000	0.2714
355	186.7300	60.8206	0.0000	0.2720
356	186.7306	64.7438	0.0000	0.2728
357	186.7306	65.1795	0.0000	0.2735
358	186.7306	58.9229	0.0000	0.2743
359	186.7306	68.4941	0.0000	0.2750
360	186.7306	62.7123	0.0000	0.2757
361	186.7306	65.6251	0.0000	0.2764
362	186.7306	68.7457	0.0000	0.2771
363	186.7306	62.5717	0.0000	0.2778
364	186.7306	64.4530	0.0000	0.2785
365	186.7306	66.3164	0.0000	0.2792
366	186.7306	66.2864	0.0000	0.2799
367	186.7306	69.1638	0.0000	0.2806
368	186.7306	69.9700	0.0000	0.2814
369	186.7306	69.7266	0.0000	0.2822
370	186.7306	63.7022	0.0000	0.2829
371	186.7306	61.8932	0.0000	0.2836
372	186.7306	73.3724	0.0000	0.2843
373	186.7306	70.4722	0.0000	0.2850
374	186.7306	66.7138	0.0000	0.2857
375	186.7306	66.5725	0.0000	0.2864
376	186.7306	61.6090	0.0000	0.2871
377	186.7306	53.6801	0.0000	0.2878
378	186.7306	65.9934	0.0000	0.2885
379	186.7306	64.0437	0.0000	0.2893
380	186.7306	63.5825	0.0000	0.2901
381	186.7306	70.5681	0.0000	0.2908
382	186.7306	62.1756	0.0000	0.2929
383	186.7306	56.8425	0.0000	0.2939
384	186.7306	45.0653	0.0000	0.2947
385	186.7306	61.4989	0.0000	0.2957
386	186.7306	56.1633	0.0000	0.2965
387	186.7306	55.0788	0.0000	0.2975
388	186.7306	55.8558	0.0000	0.2984
389	186.7306	50.5049	0.0000	0.2991
390	186.7306	54.2405	0.0000	0.2999
391	186.7306	47.3640	0.0000	0.3006
392	186.7306	51.2529	0.0000	0.3014
393	186.7306	55.9936	0.0000	0.3024
394	186.7306	54.9953	0.0000	0.3031
395	186.7306	55.6449	0.0000	0.3039
396	186.7306	55.8625	0.0000	0.3046
397	186.7306	52.3828	0.0000	0.3054
398	186.7306	53.1954	0.0000	0.3061
399	186.7306	53.1305	0.0000	0.3070
400	186.7306	54.0693	0.0000	0.3078
401	186.7306	56.6204	0.0000	0.3085
402	186.7306	52.6859	0.0000	0.3092
403	186.7306	48.8848	0.0000	0.3100
404	186.7306	62.8355	0.0000	0.3107
405	186.7306	54.5421	0.0000	0.3116
406	186.7306	54.7782	0.0000	0.3124
407	186.7306	51.0393	0.0000	0.3131
408	186.7306	61.0492	0.0000	0.3138
409	186.7306	57.7404	0.0000	0.3149
410	186.7306	61.2269	0.0000	0.3156
411	186.7306	57.6698	0.0000	0.3163
412	186.7306	54.6794	0.0000	0.3170
413	186.7306	58.9042	0.0000	0.3177
414	186.7306	60.1135	0.0000	0.3186
415	186.7306	66.0718	0.0000	0.3193
416	186.7306	62.6504	0.0000	0.3202
417	186.7306	64.9258	0.0000	0.3209
418	186.7306	65.8919	0.0000	0.3216
419	186.7306	60.5639	0.0000	0.3223
420	186.7306	64.6127	0.0000	0.3230
421	186.7306	60.7477	0.0000	0.3236
422	186.7306	53.9999	0.0000	0.3244
423	186.7306	62.5706	0.0000	0.3250
424	186.7306	64.5003	0.0000	0.3257
425	186.7306	70.1434	0.0000	0.3264
426	186.7306	65.4722	0.0000	0.3271
427	186.7306	62.1534	0.0000	0.3278
428	186.7306	69.6696	0.0000	0.3284
429	186.7306	63.9076	0.0000	0.3291
430	186.7306	64.8763	0.0000	0.3298
431	186.7306	66.9982	0.0000	0.3306
432	186.7306	66.9805	0.0000	0.3313
433	186.7306	63.0908	0.0000	0.3320
434	186.7306	67.3974	0.0000	0.3328
435	186.7306	64.6603	0.0000	0.3335
436	186.7306	79.3417	0.0000	0.3341
437	186.7306	64.2261	0.0000	0.3348
438	186.7306	71.7968	0.0000	0.3355
439	186.7306	65.3749	0.0000	0.3361
440	186.7306	70.4414	0.0000	0.3368
441	186.7306	72.4629	0.0000	0.3374
442	186.7306	76.2196	0.0000	0.3381
443	186.7306	70.3333	0.0000	0.3388
444	186.7306	70.6954	0.0000	0.3394
445	186.7306	73.3561	0.0000	0.3401
446	186.7306	73.8342	0.0000	0.3419
447	186.7306	70.2685	0.0000	0.3427
448	186.7306	68.7267	0.0000	0.3437
449	186.7306	58.8225	0.0000	0.3447
450	186.7306	60.5689	0.0000	0.3455
451	186.7306	64.8507	0.0000	0.3463
452	186.7306	74.7843	0.0000	0.3472
453	186.7306	70.5513	0.0000	0.3479
454	186.7306	60.5218	0.0000	0.3487
455	186.7306	64.3924	0.0000	0.3495
456	186.7306	60.6365	0.0000	0.3501
457	186.7306	60.9285	0.0000	0.3510
458	186.7306	61.3515	0.0000	0.3517
459	186.7306	66.9532	0.0000	0.3525
460	186.7306	70.1867	0.0000	0.3532
461	186.7306	65.4441	0.0000	0.3539
462	186.7306	60.8182	0.0000	0.3547
463	186.7306	63.6361	0.0000	0.3555
464	186.7306	62.2652	0.0000	0.3563
465	186.7306	61.2736	0.0000	0.3570
466	186.7306	63.8048	0.0000	0.3577
467	186.7306	64.7903	0.0000	0.3584
468	186.7306	64.3805	0.0000	0.3593
469	186.7306	63.4968	0.0000	0.3602
470	186.7306	61.5122	0.0000	0.3609
471	186.7306	60.6943	0.0000	0.3617
472	186.7306	61.0496	0.0000	0.3624
473	186.7306	62.7296	0.0000	0.3632
474	186.7306	57.7417	0.0000	0.3639
475	186.7306	63.6033	0.0000	0.3646
476	186.7306	71.2048	0.0000	0.3652
477	186.7306	62.7706	0.0000	0.3660
478	186.7306	65.4668	0.0000	0.3668
479	186.7306	64.1078	0.0000	0.3676
480	186.7306	60.8638	0.0000	0.3687
481	186.7306	59.1061	0.0000	0.3695
482	186.7306	64.8945	0.0000	0.3703
483	186.7306	67.8911	0.0000	0.3710
484	186.7306	64.9137	0.0000	0.3717
485	186.7306	68.6004	0.0000	0.3724
486	186.7306	65.0430	0.0000	0.3731
487	186.7306	65.3120	0.0000	0.3738
488	186.7306	62.3572	0.0000	0.3745
489	186.7306	68.0267	0.0000	0.3752
490	186.7306	68.0990	0.0000	0.3760
491	186.7306	71.8917	0.0000	0.3767
492	186.7306	74.1606	0.0000	0.3774
493	186.7306	78.3385	0.0000	0.3780
494	186.7306	70.2647	0.0000	0.3787
495	186.7306	71.0839	0.0000	0.3795
496	186.7306	60.2711	0.0000	0.3802
497	186.7306	74.5581	0.0000	0.3809
498	186.7306	74.4245	0.0000	0.3816
499	186.7306	75.7597	0.0000	0.3823
500	186.7306	73.2660	0.0000	0.3830
501	186.7306	67.9763	0.0000	0.3837
502	186.7306	70.7154	0.0000	0.3844
503	186.7306	76.6056	0.0000	0.3852
504	186.7306	75.7364	0.0000	0.3858
505	186.7306	74.0337	0.0000	0.3866
506	186.7306	72.2036	0.0000	0.3874
507	186.7306	79.8903	0.0000	0.3881
508	186.7306	77.8058	0.0000	0.3888
509	186.7306	87.0622	0.0000	0.3895
510	186.7306	73.0153	0.0000	0.3911
511	186.7306	64.4496	0.0000	0.3923
512	186.7306	67.3780	0.0000	0.3933
513	186.7306	72.8320	0.0000	0.3943
514	186.7306	69.5186	0.0000	0.3953
515	186.7306	59.2594	0.0000	0.3962
516	186.7306	66.8073	0.0000	0.3971
517	186.7306	65.9806	0.0000	0.3980
518	186.7306	71.8264	0.0000	0.3990
519	186.7306	59.5331	0.0000	0.4000
520	186.7306	63.0769	0.0000	0.4007
521	186.7306	65.1496	0.0000	0.4016
522	186.7306	64.0902	0.0000	0.4025
523	186.7306	63.2256	0.0000	0.4034
524	186.7306	61.2237	0.0000	0.4043
525	186.7306	63.3605	0.0000	0.4052
526	186.7306	66.7434	0.0000	0.4062
527	186.7306	63.3770	0.0000	0.4070
528	186.7306	57.9665	0.0000	0.4078
529	186.7306	68.1495	0.0000	0.4087
530	186.7306	65.8046	0.0000	0.4095
531	186.7306	68.1525	0.0000	0.4103
532	186.7306	65.9107	0.0000	0.4113
533	186.7306	66.2495	0.0000	0.4123
534	186.7306	63.6259	0.0000	0.4133
535	186.7306	71.2205	0.0000	0.4143
536	186.7306	59.0143	0.0000	0.4151
537	186.7306	67.9070	0.0000	0.4160
538	186.7306	64.4175	0.0000	0.4170
539	186.7306	67.5467	0.0000	0.4178
540	186.7306	66.6684	0.0000	0.4187
541	186.7306	66.0788	0.0000	0.4197
542	186.7306	72.9943	0.0000	0.4208
543	186.7306	68.6239	0.0000	0.4218
544	186.7306	75.8224	0.0000	0.4234
545	186.7307	73.4209	0.0000	0.4246
546	186.7307	67.8138	0.0000	0.4258
547	186.7307	69.7389	0.0000	0.4268
548	186.7307	77.1294	0.0000	0.4277
549	186.7307	65.3565	0.0000	0.4286
550	186.7307	77.0148	0.0000	0.4296
551	186.7307	70.1286	0.0000	0.4305
552	186.7307	71.4739	0.0000	0.4314
553	186.7307	66.3659	0.0000	0.4324
554	186.7307	69.6535	0.0000	0.4333
555	186.7307	69.6562	0.0000	0.4344
556	186.7307	70.8686	0.0000	0.4354
557	186.7307	73.1571	0.0000	0.4365
558	186.7307	76.1121	0.0000	0.4378
559	186.7307	70.1675	0.0000	0.4389
560	186.7307	69.6816	0.0000	0.4400
561	186.7307	73.0135	0.0000	0.4411
562	186.7307	67.7237	0.0000	0.4422
563	186.7307	80.3627	0.0000	0.4432
564	186.7307	79.5104	0.0000	0.4444
565	186.7307	75.4607	0.0000	0.4455
566	186.7307	77.0099	0.0000	0.4466
567	186.7307	72.3973	0.0000	0.4478
568	186.7307	81.5659	0.0000	0.4490
569	186.7307	75.6867	0.0000	0.4501
570	186.7307	80.5569	0.0000	0.4515
571	186.7307	75.8168	0.0000	0.4526
572	186.7307	81.9141	0.0000	0.4538
573	186.7307	82.1400	0.0000	0.4549
574	186.7307	80.8521	0.0000	0.4571
575	186.7307	63.8586	0.0000	0.4587
576	186.7307	62.1868	0.0000	0.4601
577	186.7307	63.9042	0.0000	0.4616
578	186.7308	67.7284	0.0000	0.4630
579	186.7308	70.2751	0.0000	0.4646
580	186.7306	74.0743	0.0000	0.4663
581	186.7306	65.8607	0.0000	0.4678
582	186.7306	61.0021	0.0000	0.4696
583	186.7306	65.0332	0.0000	0.4710
584	186.7306	58.1003	0.0000	0.4721
585	186.7306	54.9550	0.0000	0.4732
586	186.7306	60.9908	0.0000	0.4742
587	186.7306	64.8813	0.0000	0.4752
588	186.7306	60.3168	0.0000	0.4766
589	186.7306	59.5933	0.0000	0.4778
590	186.7306	59.8011	0.0000	0.4789
591	186.7306	67.1210	0.0000	0.4799
592	186.7306	57.0608	0.0000	0.4809
593	186.7306	62.1429	0.0000	0.4818
594	186.7306	64.8479	0.0000	0.4827
595	186.7306	61.2346	0.0000	0.4836
596	186.7306	66.1330	0.0000	0.4847
597	186.7306	66.1884	0.0000	0.4857
598	186.7306	65.6264	0.0000	0.4866
599	186.7306	65.1444	0.0000	0.4878
600	186.7306	60.5208	0.0000	0.4887
601	186.7306	64.1142	0.0000	0.4897
602	186.7306	65.2927	0.0000	0.4907
603	186.7306	56.4354	0.0000	0.4915
604	186.7306	60.8546	0.0000	0.4924
605	186.7306	63.9002	0.0000	0.4933
606	186.7306	60.7691	0.0000	0.4942
607	186.7306	68.3581	0.0000	0.4952
608	186.7306	58.4239	0.0000	0.4961
609	186.7306	65.6098	0.0000	0.4971
610	186.7306	63.4688	0.0000	0.4981
611	186.7306	61.9700	0.0000	0.4991
612	186.7306	65.9738	0.0000	0.5001
613	186.7306	66.5291	0.0000	0.5010
614	186.7306	68.4817	0.0000	0.5019
615	186.7306	65.5006	0.0000	0.5028
616	186.7306	72.4016	0.0000	0.5037
617	186.7306	61.3026	0.0000	0.5047
618	186.7306	70.0232	0.0000	0.5056
619	186.7306	76.2416	0.0000	0.5066
620	186.7306	60.8687	0.0000	0.5075
621	186.7306	69.3687	0.0000	0.5085
622	186.7306	62.3416	0.0000	0.5095
623	186.7306	64.3994	0.0000	0.5103
624	186.7306	59.6369	0.0000	0.5110
625	186.7306	64.6818	0.0000	0.5118
626	186.7306	65.5868	0.0000	0.5126
627	186.7306	64.1468	0.0000	0.5134
628	186.7306	69.7735	0.0000	0.5142
629	186.7306	67.2461	0.0000	0.5152
630	186.7306	59.7394	0.0000	0.5162
631	186.7306	64.8480	0.0000	0.5171
632	186.7306	62.1490	0.0000	0.5180
633	186.7306	63.4153	0.0000	0.5189
634	186.7306	61.7062	0.0000	0.5198
635	186.7306	65.6697	0.0000	0.5207
636	186.7306	67.4207	0.0000	0.5216
637	186.7306	61.9843	0.0000	0.5227
638	186.7306	60.3150	0.0000	0.5242
639	186.7306	62.2354	0.0000	0.5255
640	186.7306	55.7969	0.0000	0.5268
641	186.7306	51.2430	0.0000	0.5281
642	186.7306	57.0255	0.0000	0.5294
643	186.7306	61.0430	0.0000	0.5306
644	186.7306	54.1172	0.0000	0.5318
645	186.6568	56.1246	0.0000	0.5329
646	186.6568	58.1524	0.0000	0.5344
647	186.6568	62.0620	0.0000	0.5357
648	186.6568	51.7159	0.0000	0.5371
649	186.6568	60.3862	0.0000	0.5383
650	186.6568	56.8530	0.0000	0.5394
651	186.6568	47.7888	0.0000	0.5404
652	186.6568	54.4344	0.0000	0.5415
653	186.6815	57.0055	0.0000	0.5426
654	186.6815	59.2577	0.0000	0.5436
655	186.6815	60.1311	0.0000	0.5447
656	186.6815	61.5832	0.0000	0.5456
657	186.6815	62.4240	0.0000	0.5465
658	186.6815	61.8671	0.0000	0.5474
659	186.6815	57.5140	0.0000	0.5483
660	186.6815	63.2716	0.0000	0.5497
661	186.6815	60.9874	0.0000	0.5508
662	186.6815	60.3558	0.0000	0.5520
663	186.6815	65.1595	0.0000	0.5533
664	186.7115	65.9125	0.0000	0.5543
665	186.7115	68.4392	0.0000	0.5553
666	186.7115	66.6974	0.0000	0.5563
667	186.7115	62.4390	0.0000	0.5573
668	186.7115	57.2119	0.0000	0.5582
669	186.7115	66.9810	0.0000	0.5590
670	186.7115	61.8724	0.0000	0.5600
671	186.7115	68.7376	0.0000	0.5611
672	186.7115	70.7924	0.0000	0.5620
673	186.7115	64.7623	0.0000	0.5629
674	186.7115	66.2940	0.0000	0.5638
675	186.7115	57.2713	0.0000	0.5646
676	186.7115	65.0875	0.0000	0.5654
677	186.7115	64.7586	0.0000	0.5662
678	186.7115	66.2970	0.0000	0.5670
679	186.7115	61.8465	0.0000	0.5678
680	186.7115	67.4564	0.0000	0.5686
681	186.7115	70.0204	0.0000	0.5694
682	186.7277	70.2255	0.0000	0.5701
683	186.7277	65.6115	0.0000	0.5710
684	186.7277	68.4199	0.0000	0.5721
685	186.7277	69.5432	0.0000	0.5730
686	186.7277	59.4836	0.0000	0.5739
687	186.7277	66.1170	0.0000	0.5750
688	186.7277	73.7862	0.0000	0.5760
689	186.7277	71.9829	0.0000	0.5770
690	186.7277	71.7876	0.0000	0.5781
691	186.7277	69.0494	0.0000	0.5791
692	186.7277	74.2213	0.0000	0.5802
693	186.7277	71.0890	0.0000	0.5813
694	186.7277	70.1017	0.0000	0.5826
695	186.7277	76.7189	0.0000	0.5837
696	186.7277	70.0897	0.0000	0.5849
697	186.7277	72.6060	0.0000	0.5861
698	186.7277	71.6823	0.0000	0.5873
699	186.7277	68.3601	0.0000	0.5884
700	186.7277	71.4361	0.0000	0.5894
701	186.7216	69.2957	0.0000	0.5907
702	186.7216	67.5860	0.0000	0.5924
703	186.7216	65.9070	0.0000	0.5939
704	186.7216	62.6689	0.0000	0.5952
705	186.7216	69.2512	0.0000	0.5965
706	186.7216	62.1140	0.0000	0.5978
707	186.7216	63.1789	0.0000	0.5990
708	186.7216	64.1898	0.0000	0.6004
709	186.7216	61.5335	0.0000	0.6016
710	186.7298	64.5695	0.0000	0.6032
711	186.7298	57.9700	0.0000	0.6046
712	186.7298	60.3724	0.0000	0.6060
713	186.7298	54.8937	0.0000	0.6072
714	186.7298	56.5909	0.0000	0.6086
715	186.7298	58.2453	0.0000	0.6100
716	186.7298	58.6931	0.0000	0.6113
717	186.7298	58.1935	0.0000	0.6126
718	186.7298	53.2865	0.0000	0.6139
719	186.7298	54.7969	0.0000	0.6153
720	186.7298	53.4915	0.0000	0.6166
721	186.7298	58.3931	0.0000	0.6180
722	186.7298	59.1229	0.0000	0.6191
723	186.7298	65.0579	0.0000	0.6203
724	186.7298	62.3626	0.0000	0.6213
725	186.7298	59.0758	0.0000	0.6222
726	186.7298	56.7975	0.0000	0.6231
727	186.7298	57.4499	0.0000	0.6242
728	186.7301	64.8707	0.0000	0.6253
729	186.7303	62.0621	0.0000	0.6263
730	186.7303	64.2118	0.0000	0.6274
731	186.7303	63.5848	0.0000	0.6284
732	186.7303	62.1962	0.0000	0.6295
733	186.7303	64.4672	0.0000	0.6305
734	186.7303	63.8926	0.0000	0.6318
735	186.7303	67.1082	0.0000	0.6329
736	186.7303	67.4878	0.0000	0.6339
737	186.7303	69.0461	0.0000	0.6350
738	186.7303	72.5052	0.0000	0.6362
739	186.7303	68.8911	0.0000	0.6373
740	186.7303	65.5903	0.0000	0.6381
741	186.7303	63.3885	0.0000	0.6390
742	186.7303	63.1450	0.0000	0.6401
743	186.7303	67.1802	0.0000	0.6410
744	186.7303	68.6325	0.0000	0.6419
745	186.7303	68.0081	0.0000	0.6428
746	186.7308	69.0693	0.0000	0.6438
747	186.7308	69.2509	0.0000	0.6448
748	186.7308	69.8763	0.0000	0.6459
749	186.7308	74.0659	0.0000	0.6469
750	186.7308	69.2150	0.0000	0.6479
751	186.7308	64.5382	0.0000	0.6488
752	186.7308	64.8504	0.0000	0.6496
753	186.7308	68.4893	0.0000	0.6504
754	186.7308	61.2854	0.0000	0.6513
755	186.7308	69.6383	0.0000	0.6522
756	186.7308	74.1341	0.0000	0.6530
757	186.7308	71.7035	0.0000	0.6538
758	186.7308	72.2270	0.0000	0.6547
759	186.7308	71.5575	0.0000	0.6556
760	186.7308	73.1541	0.0000	0.6566
761	186.7308	77.5949	0.0000	0.6576
762	186.7308	69.4422	0.0000	0.6587
763	186.7308	63.3042	0.0000	0.6596
764	186.7308	70.6303	0.0000	0.6605
765	186.7308	67.7937	0.0000	0.6615
766	186.7308	70.0045	0.0000	0.6626
767	186.7309	67.1214	0.0000	0.6640
768	186.7309	63.5561	0.0000	0.6650
769	186.7309	67.8747	0.0000	0.6660
770	186.7309	62.7516	0.0000	0.6670
771	186.7309	61.1320	0.0000	0.6679
772	186.7309	64.1665	0.0000	0.6687
773	186.7309	58.5876	0.0000	0.6696
774	186.7309	59.9792	0.0000	0.6707
775	186.7309	62.4588	0.0000	0.6722
776	186.5485	67.0389	0.0000	0.6735
777	186.5485	57.5989	0.0000	0.6745
778	186.5485	49.2172	0.0000	0.6755
779	186.5485	46.2799	0.0000	0.6765
780	186.5485	56.3222	0.0000	0.6775
781	186.5485	49.5760	0.0000	0.6786
782	186.5485	57.4658	0.0000	0.6796
783	186.5485	49.5854	0.0000	0.6807
784	186.5485	55.6049	0.0000	0.6816
785	186.5485	48.1637	0.0000	0.6827
786	186.5485	55.0571	0.0000	0.6839
787	186.5485	53.8156	0.0000	0.6852
788	186.5485	55.6623	0.0000	0.6863
789	186.5485	56.4502	0.0000	0.6875
790	186.5485	61.5523	0.0000	0.6887
791	186.5485	61.3677	0.0000	0.6901
792	186.5485	56.8283	0.0000	0.6913
793	186.5485	62.9481	0.0000	0.6924
794	186.5485	53.7087	0.0000	0.6934
795	186.5485	51.3433	0.0000	0.6943
796	186.5485	65.2741	0.0000	0.6953
797	186.5485	60.4788	0.0000	0.6962
798	186.5485	62.9357	0.0000	0.6972
799	186.5485	65.3329	0.0000	0.6980
800	186.5485	65.2412	0.0000	0.6990
801	186.5485	70.7403	0.0000	0.6999
802	186.5485	66.1950	0.0000	0.7009
803	186.5485	54.1099	0.0000	0.7019
804	186.5485	64.6971	0.0000	0.7028
805	186.6936	66.7630	0.0000	0.7038
806	186.6936	63.0174	0.0000	0.7048
807	186.6936	72.0725	0.0000	0.7058
808	186.6936	71.7189	0.0000	0.7066
809	186.6936	67.0047	0.0000	0.7074
810	186.6936	72.3235	0.0000	0.7083
811	186.6936	65.3859	0.0000	0.7092
812	186.6936	65.7813	0.0000	0.7101
813	186.6936	61.7139	0.0000	0.7111
814	186.6936	67.3646	0.0000	0.7122
815	186.6936	62.0351	0.0000	0.7132
816	186.6936	60.9260	0.0000	0.7143
817	186.6936	58.3929	0.0000	0.7152
818	186.6936	65.5863	0.0000	0.7161
819	186.6936	59.9208	0.0000	0.7169
820	186.6936	70.1099	0.0000	0.7178
821	186.6936	63.8564	0.0000	0.7186
822	186.6936	64.1249	0.0000	0.7195
823	186.6936	74.5667	0.0000	0.7202
824	186.6936	65.3426	0.0000	0.7211
825	186.6936	66.4408	0.0000	0.7218
826	186.6936	62.4390	0.0000	0.7226
827	186.6936	71.1774	0.0000	0.7234
828	186.6936	67.0635	0.0000	0.7242
829	186.6936	68.7915	0.0000	0.7251
830	186.6936	71.1184	0.0000	0.7261
831	186.6936	68.6773	0.0000	0.7273
832	186.6936	64.8859	0.0000	0.7284
833	186.6936	68.5414	0.0000	0.7294
834	186.6936	61.2963	0.0000	0.7304
835	186.6936	61.9902	0.0000	0.7313
836	186.6936	64.1618	0.0000	0.7322
837	186.6936	63.8075	0.0000	0.7333
838	186.6936	60.3312	0.0000	0.7344
839	186.7066	60.2275	0.0000	0.7358
840	186.7066	66.3101	0.0000	0.7369
841	186.7066	59.5308	0.0000	0.7380
842	186.7066	64.7265	0.0000	0.7390
843	186.7066	56.3165	0.0000	0.7401
844	186.7066	65.0647	0.0000	0.7412
845	186.7066	69.9852	0.0000	0.7425
846	186.7066	66.6023	0.0000	0.7435
847	186.7066	64.5564	0.0000	0.7445
848	186.7066	70.5261	0.0000	0.7454
849	186.7066	69.4488	0.0000	0.7462
850	186.7066	62.1555	0.0000	0.7473
851	186.7066	60.8132	0.0000	0.7482
852	186.7066	65.0139	0.0000	0.7491
853	186.7066	64.7846	0.0000	0.7501
854	186.7066	69.4946	0.0000	0.7514
855	186.7066	69.8819	0.0000	0.7527
856	186.7066	64.5446	0.0000	0.7537
857	186.7066	62.3380	0.0000	0.7548
858	186.7066	59.8108	0.0000	0.7560
859	186.7066	73.3889	0.0000	0.7573
860	186.7066	72.9180	0.0000	0.7586
861	186.7066	71.5453	0.0000	0.7597
862	186.7066	68.9357	0.0000	0.7607
863	186.7066	63.0519	0.0000	0.7615
864	186.7066	70.1342	0.0000	0.7624
865	186.7066	65.2694	0.0000	0.7632
866	186.7066	68.5726	0.0000	0.7640
867	186.7066	70.7919	0.0000	0.7647
868	186.7066	69.2939	0.0000	0.7653
869	186.7066	71.5077	0.0000	0.7662
870	186.7066	74.6093	0.0000	0.7669
871	186.7066	77.0539	0.0000	0.7678
872	186.7066	68.5693	0.0000	0.7687
873	186.7066	67.1107	0.0000	0.7695
874	186.7066	67.4223	0.0000	0.7703
875	186.7097	76.7369	0.0000	0.7710
876	186.7097	73.5119	0.0000	0.7718
877	186.7097	72.4714	0.0000	0.7726
878	186.7097	64.1895	0.0000	0.7734
879	186.7097	70.1034	0.0000	0.7743
880	186.7097	72.0830	0.0000	0.7753
881	186.7097	78.5969	0.0000	0.7761
882	186.7097	73.6794	0.0000	0.7774
883	186.7097	75.6887	0.0000	0.7781
884	186.7279	76.0755	0.0000	0.7789
885	186.7279	75.6473	0.0000	0.7797
886	186.7279	70.5974	0.0000	0.7805
887	186.7279	76.4042	0.0000	0.7813
888	186.7279	78.0251	0.0000	0.7821
889	186.7279	76.7929	0.0000	0.7829
890	186.7279	74.2901	0.0000	0.7838
891	186.7279	76.4612	0.0000	0.7846
892	186.7279	77.7366	0.0000	0.7854
893	186.7306	82.4941	0.0000	0.7864
894	186.7306	77.6266	0.0000	0.7873
895	186.7306	78.0805	0.0000	0.7882
896	186.7306	77.2888	0.0000	0.7891
897	186.7306	72.8047	0.0000	0.7899
898	186.7306	79.9732	0.0000	0.7907
899	186.7306	77.6934	0.0000	0.7916
900	186.7306	78.4666	0.0000	0.7924
901	186.7306	76.5259	0.0000	0.7932
902	186.7306	70.9936	0.0000	0.7941
903	186.7306	72.4684	0.0000	0.7953
904	186.7306	79.4194	0.0000	0.7964
905	186.7306	72.0493	0.0000	0.7976
906	186.7306	72.7596	0.0000	0.7993
907	186.7306	71.2273	0.0000	0.8007
908	186.7306	76.0656	0.0000	0.8017
909	186.7306	74.4319	0.0000	0.8028
910	186.7306	71.8005	0.0000	0.8039
911	186.7306	70.8771	0.0000	0.8050
912	186.7306	64.8473	0.0000	0.8060
913	186.7306	68.3337	0.0000	0.8070
914	186.7306	74.2198	0.0000	0.8083
915	186.7306	69.1593	0.0000	0.8098
916	186.7306	72.6052	0.0000	0.8107
917	186.7306	67.5847	0.0000	0.8117
918	186.7306	65.6086	0.0000	0.8126
919	186.7306	79.2731	0.0000	0.8135
920	186.7306	78.4042	0.0000	0.8145
921	186.7306	74.0803	0.0000	0.8154
922	186.7306	75.6852	0.0000	0.8164
923	186.7306	74.9934	0.0000	0.8172
924	186.7306	81.4135	0.0000	0.8181
925	186.7306	74.2112	0.0000	0.8190
926	186.7306	80.2934	0.0000	0.8199
927	186.7306	73.6747	0.0000	0.8207
928	186.7306	75.5537	0.0000	0.8215
929	186.7306	67.6376	0.0000	0.8224
930	186.7306	71.0494	0.0000	0.8232
931	186.7306	70.8009	0.0000	0.8241
932	186.7306	76.6340	0.0000	0.8251
Pos: [-7.083685451940468, -7.707994293409478]

Run: 1
Iter	Gbest	AvrFit	Diver	ETime	
0	153.9006	10.4919	0.0000	0.0009
1	153.9006	19.8017	0.0000	0.0016
2	182.7401	22.9900	0.0000	0.0023
3	182.7401	22.7226	0.0000	0.0030
4	182.7401	25.2149	0.0000	0.0037
5	182.7401	30.2887	0.0000	0.0044
6	182.7401	32.2833	0.0000	0.0051
7	182.7401	33.2534	0.0000	0.0058
8	182.7401	29.6589	0.0000	0.0065
9	182.7401	29.6778	0.0000	0.0072
10	182.7401	36.7767	0.0000	0.0079
11	186.6452	35.1865	0.0000	0.0086
12	186.6452	41.8251	0.0000	0.0093
13	186.6452	41.8570	0.0000	0.0100
14	186.6452	47.9226	0.0000	0.0108
15	186.6452	41.8692	0.0000	0.0115
16	186.6452	50.7874	0.0000	0.0121
17	186.6452	49.1068	0.0000	0.0128
18	186.6452	54.9396	0.0000	0.0135
19	186.6452	46.8197	0.0000	0.0142
20	186.7267	53.3920	0.0000	0.0150
21	186.7267	57.1465	0.0000	0.0157
22	186.7267	55.1796	0.0000	0.0164
23	186.7267	58.4397	0.0000	0.0171
24	186.7267	50.9491	0.0000	0.0179
25	186.7267	58.1651	0.0000	0.0187
26	186.7267	57.4753	0.0000	0.0195
27	186.7267	56.8973	0.0000	0.0203
28	186.7267	55.5570	0.0000	0.0211
29	186.7267	59.4982	0.0000	0.0218
30	186.7267	60.8474	0.0000	0.0225
31	186.7267	54.3129	0.0000	0.0232
32	186.7267	55.1259	0.0000	0.0239
33	186.7267	63.8183	0.0000	0.0245
34	186.7267	55.0492	0.0000	0.0253
35	186.7267	58.1496	0.0000	0.0260
36	186.7267	61.5493	0.0000	0.0266
37	186.7267	71.1200	0.0000	0.0273
38	186.7267	58.9476	0.0000	0.0280
39	186.7267	62.9305	0.0000	0.0287
40	186.7267	64.5582	0.0000	0.0294
41	186.7267	63.5699	0.0000	0.0301
42	186.7267	60.0743	0.0000	0.0308
43	186.7267	74.4664	0.0000	0.0316
44	186.7267	67.9465	0.0000	0.0323
45	186.7267	60.8186	0.0000	0.0330
46	186.7267	67.3542	0.0000	0.0337
47	186.7267	66.4184	0.0000	0.0344
48	186.7267	66.7861	0.0000	0.0350
49	186.7267	66.1105	0.0000	0.0357
50	186.7267	69.9116	0.0000	0.0364
51	186.7267	67.8596	0.0000	0.0370
52	186.7267	69.4274	0.0000	0.0377
53	186.7267	69.2835	0.0000	0.0384
54	186.7267	69.1215	0.0000	0.0391
55	186.7267	76.3329	0.0000	0.0397
56	186.7267	68.9557	0.0000	0.0404
57	186.7267	70.1460	0.0000	0.0411
58	186.7267	77.1203	0.0000	0.0418
59	186.7267	69.5597	0.0000	0.0425
60	186.7267	67.8767	0.0000	0.0431
61	186.7267	70.2304	0.0000	0.0438
62	186.6235	70.6282	0.0000	0.0455
63	186.6235	17.2500	0.0000	0.0462
64	186.6235	19.5112	0.0000	0.0469
65	186.6235	18.0117	0.0000	0.0476
66	186.6235	20.1256	0.0000	0.0483
67	186.6235	25.6069	0.0000	0.0490
68	186.6235	27.3687	0.0000	0.0497
69	186.6235	29.3419	0.0000	0.0504
70	186.6235	29.5608	0.0000	0.0511
71	186.6235	26.7381	0.0000	0.0518
72	186.6235	33.6569	0.0000	0.0525
73	186.6235	37.4848	0.0000	0.0532
74	186.6235	39.7738	0.0000	0.0539
75	178.4797	39.1689	0.0000	0.0546
76	178.4797	33.3231	0.0000	0.0553
77	181.9777	38.4971	0.0000	0.0559
78	181.9777	39.0810	0.0000	0.0567
79	181.9777	44.4618	0.0000	0.0573
80	181.9777	44.9448	0.0000	0.0580
81	181.9777	41.6910	0.0000	0.0587
82	181.9777	45.4995	0.0000	0.0594
83	181.9777	45.5310	0.0000	0.0601
84	184.7458	50.8865	0.0000	0.0608
