ID: shubert	Date: 2018-09-04 16:17:15	Runs: 1
=================================================================================================================
Run: 0
Iter	Gbest	AvrFit	Diver	ETime	
0	136.2249	13.3523	0.0000	0.0012
1	143.2290	19.1742	0.0000	0.0023
2	143.2290	21.0656	0.0000	0.0033
3	143.2290	21.2211	0.0000	0.0044
4	164.1829	27.7477	0.0000	0.0054
5	164.1829	26.4133	0.0000	0.0064
6	164.1829	28.0546	0.0000	0.0074
7	164.1829	31.9423	0.0000	0.0084
8	164.1829	30.1320	0.0000	0.0095
9	164.1829	32.9371	0.0000	0.0106
10	164.1829	33.7954	0.0000	0.0116
11	164.1829	29.2916	0.0000	0.0125
12	164.1829	34.6065	0.0000	0.0135
13	164.1829	34.8201	0.0000	0.0145
14	164.1829	31.7412	0.0000	0.0155
15	181.0938	39.6589	0.0000	0.0165
16	181.0938	38.4974	0.0000	0.0175
17	181.0938	36.7515	0.0000	0.0186
18	181.0938	39.2829	0.0000	0.0196
19	181.0938	41.0091	0.0000	0.0206
20	181.1218	42.0472	0.0000	0.0216
21	181.1218	42.9985	0.0000	0.0226
22	181.1218	43.3250	0.0000	0.0237
23	181.1218	44.7372	0.0000	0.0248
24	181.1218	42.1548	0.0000	0.0258
25	181.1218	41.6354	0.0000	0.0268
26	185.9692	47.1582	0.0000	0.0278
27	185.9692	49.6434	0.0000	0.0288
28	185.9692	49.9831	0.0000	0.0298
29	185.9692	40.5508	0.0000	0.0308
30	185.9692	44.5404	0.0000	0.0318
31	185.9692	47.9981	0.0000	0.0328
32	185.9692	44.9480	0.0000	0.0339
33	185.9692	51.1887	0.0000	0.0350
34	186.2719	48.7604	0.0000	0.0360
35	186.2719	53.8473	0.0000	0.0369
36	186.2719	41.9254	0.0000	0.0380
37	186.2719	46.9449	0.0000	0.0390
38	186.2719	53.0414	0.0000	0.0400
39	186.2719	44.5232	0.0000	0.0410
40	186.2719	50.7009	0.0000	0.0420
41	186.2719	53.1406	0.0000	0.0431
42	186.2719	54.0603	0.0000	0.0441
43	186.2719	50.2824	0.0000	0.0451
44	186.2719	51.9223	0.0000	0.0461
45	186.2719	54.7221	0.0000	0.0471
46	186.2719	51.4195	0.0000	0.0484
47	186.2719	55.6764	0.0000	0.0496
48	186.2719	56.6492	0.0000	0.0506
49	186.2719	56.9773	0.0000	0.0516
50	186.2719	55.4414	0.0000	0.0527
51	186.2719	62.4746	0.0000	0.0537
52	186.2719	54.0421	0.0000	0.0548
53	186.2719	53.0551	0.0000	0.0559
54	186.2719	48.5743	0.0000	0.0570
55	186.2719	55.0818	0.0000	0.0582
56	186.2719	63.4064	0.0000	0.0593
57	186.2719	55.0305	0.0000	0.0603
58	186.2719	57.1652	0.0000	0.0613
59	186.2719	60.1638	0.0000	0.0623
60	186.2719	58.1561	0.0000	0.0634
61	186.2719	61.6198	0.0000	0.0644
62	186.2719	61.2628	0.0000	0.0655
63	186.2719	66.1290	0.0000	0.0666
64	186.2719	58.2268	0.0000	0.0676
65	186.2719	63.0799	0.0000	0.0686
66	186.2719	67.0791	0.0000	0.0696
67	186.2719	67.7493	0.0000	0.0705
68	186.2719	56.3463	0.0000	0.0715
69	186.2719	68.0685	0.0000	0.0729
70	186.2719	64.7339	0.0000	0.0740
71	186.2719	64.9767	0.0000	0.0750
72	186.2719	58.3150	0.0000	0.0760
73	186.2719	60.4612	0.0000	0.0770
74	186.2719	65.6535	0.0000	0.0780
75	186.2719	64.2781	0.0000	0.0789
76	186.2719	66.5805	0.0000	0.0799
77	186.2719	71.1635	0.0000	0.0808
78	186.2719	60.2563	0.0000	0.0819
79	186.2719	56.9522	0.0000	0.0828
80	186.4663	65.1621	0.0000	0.0839
81	186.4663	67.5221	0.0000	0.0849
82	186.4663	63.9907	0.0000	0.0859
83	186.4663	58.9795	0.0000	0.0868
84	186.4663	63.8823	0.0000	0.0878
85	186.4663	65.1325	0.0000	0.0888
86	186.6116	63.0103	0.0000	0.0897
87	186.6116	64.7320	0.0000	0.0907
88	186.6116	57.6683	0.0000	0.0917
89	186.6116	59.9030	0.0000	0.0927
90	186.6116	69.5327	0.0000	0.0937
91	186.6116	66.7872	0.0000	0.0946
92	186.6116	67.9516	0.0000	0.0956
93	186.6116	60.5157	0.0000	0.0966
94	186.6116	63.5268	0.0000	0.0977
95	186.6116	67.5864	0.0000	0.0986
96	186.6116	67.0580	0.0000	0.0996
97	186.6116	65.4590	0.0000	0.1006
98	186.6116	75.2188	0.0000	0.1016
99	186.6116	62.4521	0.0000	0.1026
100	186.6116	68.4542	0.0000	0.1036
101	186.6116	63.8458	0.0000	0.1047
102	186.6116	64.3141	0.0000	0.1057
103	186.6116	64.1027	0.0000	0.1067
104	186.6116	61.6726	0.0000	0.1077
105	186.6116	64.1789	0.0000	0.1087
106	186.6116	71.7650	0.0000	0.1098
107	186.6116	79.3654	0.0000	0.1108
108	186.7250	63.0460	0.0000	0.1118
109	186.7250	66.3886	0.0000	0.1129
110	186.7250	60.5706	0.0000	0.1139
111	186.7250	70.4547	0.0000	0.1149
112	186.7250	66.3282	0.0000	0.1159
113	186.7250	73.2329	0.0000	0.1169
114	186.7250	66.8206	0.0000	0.1179
115	186.7250	62.2658	0.0000	0.1189
116	186.7250	66.7318	0.0000	0.1200
117	186.7250	61.8382	0.0000	0.1210
118	186.7250	62.5777	0.0000	0.1221
119	186.7250	66.7231	0.0000	0.1231
120	186.7250	70.2332	0.0000	0.1242
121	186.7250	68.1175	0.0000	0.1253
122	186.7250	60.4943	0.0000	0.1263
123	186.7250	68.7036	0.0000	0.1273
124	186.7250	69.3832	0.0000	0.1284
125	186.7250	64.5520	0.0000	0.1294
126	186.7250	68.6536	0.0000	0.1305
127	186.7250	68.4283	0.0000	0.1315
128	186.7250	68.2567	0.0000	0.1326
129	186.7250	69.8758	0.0000	0.1336
130	186.7250	61.2877	0.0000	0.1347
131	186.7250	60.7802	0.0000	0.1356
132	186.7250	69.8075	0.0000	0.1367
133	186.7250	64.8385	0.0000	0.1378
134	186.7250	66.4075	0.0000	0.1388
135	186.7250	69.8492	0.0000	0.1397
136	186.7250	71.5277	0.0000	0.1407
137	186.7250	63.1088	0.0000	0.1417
138	186.7250	66.6584	0.0000	0.1427
139	186.7250	62.9361	0.0000	0.1436
140	186.7250	72.1414	0.0000	0.1446
141	186.7250	63.2838	0.0000	0.1456
142	186.7250	67.6824	0.0000	0.1466
143	186.7250	69.4550	0.0000	0.1477
144	186.7250	57.7507	0.0000	0.1489
145	186.7250	66.7030	0.0000	0.1499
146	186.7250	71.8262	0.0000	0.1509
147	186.7250	63.8809	0.0000	0.1519
148	186.7250	63.7675	0.0000	0.1528
149	186.7250	66.4796	0.0000	0.1538
150	186.7250	68.1099	0.0000	0.1549
151	186.7250	70.5050	0.0000	0.1558
152	186.7250	69.3772	0.0000	0.1568
153	186.7250	64.8686	0.0000	0.1578
154	186.7250	70.1272	0.0000	0.1587
155	186.7250	67.7354	0.0000	0.1597
156	186.7250	67.9299	0.0000	0.1607
157	186.7250	72.2045	0.0000	0.1618
158	186.7250	68.0506	0.0000	0.1628
159	186.7250	68.0622	0.0000	0.1637
160	186.7250	67.7041	0.0000	0.1647
161	186.7250	64.8297	0.0000	0.1657
162	186.7250	69.9585	0.0000	0.1666
163	186.7250	63.5259	0.0000	0.1676
164	186.7250	73.1452	0.0000	0.1685
165	186.7250	72.6102	0.0000	0.1695
166	186.7250	75.8697	0.0000	0.1704
167	186.7250	66.4580	0.0000	0.1714
168	186.7250	65.9781	0.0000	0.1724
169	186.7250	71.8357	0.0000	0.1733
170	186.7250	76.7928	0.0000	0.1743
171	186.7250	72.5442	0.0000	0.1752
172	186.7250	67.8758	0.0000	0.1761
173	186.7250	73.3687	0.0000	0.1771
174	186.7250	72.1687	0.0000	0.1780
175	186.7250	70.5147	0.0000	0.1790
176	186.7250	67.4860	0.0000	0.1800
177	186.7250	66.8527	0.0000	0.1809
178	186.7250	70.4203	0.0000	0.1819
179	186.7250	75.0255	0.0000	0.1828
180	186.7250	63.9121	0.0000	0.1838
181	186.7250	71.2426	0.0000	0.1848
182	186.7250	71.4756	0.0000	0.1858
183	186.7250	63.7917	0.0000	0.1869
184	186.7250	63.6142	0.0000	0.1878
185	186.7250	69.6789	0.0000	0.1888
186	186.7250	62.1108	0.0000	0.1898
187	186.7250	75.2856	0.0000	0.1907
188	186.7250	65.1711	0.0000	0.1917
189	186.7250	66.5043	0.0000	0.1927
190	186.7250	72.3048	0.0000	0.1936
191	186.7250	65.1489	0.0000	0.1946
192	186.7250	72.4809	0.0000	0.1956
193	186.7250	66.1155	0.0000	0.1965
194	186.7250	75.1361	0.0000	0.1975
195	186.7250	72.3713	0.0000	0.1984
196	186.7250	75.1141	0.0000	0.1994
197	186.7250	69.8716	0.0000	0.2003
198	186.7250	74.7237	0.0000	0.2013
199	186.7250	67.1669	0.0000	0.2023
200	186.7250	72.8096	0.0000	0.2032
201	186.7250	77.7718	0.0000	0.2042
202	186.7250	68.4425	0.0000	0.2051
203	186.7250	67.4828	0.0000	0.2061
204	186.7250	77.6030	0.0000	0.2070
205	186.7250	65.6765	0.0000	0.2080
206	186.7250	67.8883	0.0000	0.2090
207	186.7250	72.1504	0.0000	0.2099
208	186.7250	70.8771	0.0000	0.2109
209	186.7250	66.6620	0.0000	0.2119
210	186.7250	74.1740	0.0000	0.2128
211	186.7250	73.1565	0.0000	0.2138
212	186.7250	70.5703	0.0000	0.2147
213	186.7250	69.2953	0.0000	0.2157
214	186.7250	76.2212	0.0000	0.2166
215	186.7250	71.8850	0.0000	0.2175
216	186.7250	70.0131	0.0000	0.2185
217	186.7250	71.8257	0.0000	0.2194
218	186.7250	64.6953	0.0000	0.2203
219	186.7250	67.5240	0.0000	0.2213
220	186.7250	70.0402	0.0000	0.2222
221	186.7250	66.7450	0.0000	0.2232
222	186.7250	64.4823	0.0000	0.2242
223	186.7250	70.9970	0.0000	0.2252
224	186.7250	63.9083	0.0000	0.2262
225	186.7250	70.5142	0.0000	0.2271
226	186.7250	67.7922	0.0000	0.2280
227	186.7250	73.1021	0.0000	0.2289
228	186.7250	67.6335	0.0000	0.2299
229	186.7250	69.6981	0.0000	0.2308
230	186.7250	71.4083	0.0000	0.2318
231	186.7250	66.9421	0.0000	0.2327
232	186.7250	77.7504	0.0000	0.2336
233	186.7250	70.2004	0.0000	0.2345
234	186.7250	73.1023	0.0000	0.2355
235	186.7250	70.4937	0.0000	0.2365
236	186.7250	70.9522	0.0000	0.2376
237	186.7250	73.9420	0.0000	0.2385
238	186.7250	68.2862	0.0000	0.2394
239	186.7250	70.9372	0.0000	0.2404
240	186.7250	68.9351	0.0000	0.2413
241	186.7250	71.1785	0.0000	0.2422
242	186.7250	72.2034	0.0000	0.2431
243	186.7250	65.1211	0.0000	0.2441
244	186.7250	68.5572	0.0000	0.2450
245	186.7250	69.5711	0.0000	0.2459
246	186.7250	66.7264	0.0000	0.2469
247	186.7250	72.7195	0.0000	0.2479
248	186.7250	72.5038	0.0000	0.2488
249	186.7250	72.2823	0.0000	0.2497
250	186.7250	65.6250	0.0000	0.2506
251	186.7250	71.4993	0.0000	0.2516
252	186.7250	69.7297	0.0000	0.2527
253	186.7250	66.0396	0.0000	0.2537
254	186.7250	61.9906	0.0000	0.2547
255	186.7250	64.3218	0.0000	0.2558
256	186.7250	68.1875	0.0000	0.2568
257	186.7250	74.3582	0.0000	0.2578
258	186.7250	77.2514	0.0000	0.2589
259	186.7250	78.6817	0.0000	0.2599
260	186.7250	73.6078	0.0000	0.2610
261	186.7250	71.1107	0.0000	0.2620
262	186.7250	72.6032	0.0000	0.2632
263	186.7250	65.6413	0.0000	0.2642
264	186.7250	63.9454	0.0000	0.2652
265	186.7250	72.0292	0.0000	0.2662
266	186.7250	67.2771	0.0000	0.2672
267	186.7250	73.3615	0.0000	0.2681
268	186.7250	69.4824	0.0000	0.2691
269	186.7250	67.8680	0.0000	0.2700
270	186.7250	71.7641	0.0000	0.2709
271	186.7250	64.0932	0.0000	0.2719
272	186.7250	62.3776	0.0000	0.2728
273	186.7250	66.7919	0.0000	0.2737
274	186.7250	69.8490	0.0000	0.2747
275	186.7250	72.1271	0.0000	0.2756
276	186.7250	73.7148	0.0000	0.2765
277	186.7250	66.4411	0.0000	0.2775
278	186.7250	73.9446	0.0000	0.2784
279	186.7250	61.8176	0.0000	0.2794
280	186.7250	68.2653	0.0000	0.2803
281	186.7250	72.4248	0.0000	0.2812
282	186.7250	75.7782	0.0000	0.2821
283	186.7250	71.3755	0.0000	0.2831
284	186.7250	73.3855	0.0000	0.2841
285	186.7250	68.9623	0.0000	0.2850
286	186.7250	66.5386	0.0000	0.2860
287	186.7250	69.3794	0.0000	0.2869
288	186.7250	70.4516	0.0000	0.2880
289	186.7250	69.5070	0.0000	0.2889
290	186.7250	72.8381	0.0000	0.2899
291	186.7250	67.8063	0.0000	0.2908
292	186.7250	66.1984	0.0000	0.2918
293	186.7250	71.1104	0.0000	0.2927
294	186.7250	73.3754	0.0000	0.2936
295	186.7250	62.8683	0.0000	0.2945
296	186.7250	71.6288	0.0000	0.2955
297	186.7250	67.6853	0.0000	0.2964
298	186.7250	72.2737	0.0000	0.2974
299	186.7250	66.8310	0.0000	0.2983
300	186.7250	74.0397	0.0000	0.2993
301	186.7250	72.5608	0.0000	0.3002
302	186.7250	66.2195	0.0000	0.3011
303	186.7250	68.1048	0.0000	0.3020
304	186.7250	71.3241	0.0000	0.3029
305	186.7250	77.3148	0.0000	0.3038
306	186.7250	66.4911	0.0000	0.3047
307	186.7250	68.0546	0.0000	0.3056
308	186.7250	74.3425	0.0000	0.3065
309	186.7250	76.2290	0.0000	0.3074
310	186.7250	69.9585	0.0000	0.3083
311	186.7250	66.0146	0.0000	0.3091
312	186.7250	72.2101	0.0000	0.3100
313	186.7250	80.4485	0.0000	0.3109
314	186.7250	71.6828	0.0000	0.3118
315	186.7250	66.4116	0.0000	0.3127
316	186.7250	67.8967	0.0000	0.3137
317	186.7250	72.5766	0.0000	0.3146
318	186.7250	72.0679	0.0000	0.3155
319	186.7250	71.6215	0.0000	0.3164
320	186.7250	69.4699	0.0000	0.3174
321	186.7250	72.2073	0.0000	0.3183
322	186.7250	70.6624	0.0000	0.3193
323	186.7250	68.1422	0.0000	0.3202
324	186.7250	68.9046	0.0000	0.3211
325	186.7250	65.4032	0.0000	0.3221
326	186.7250	70.3036	0.0000	0.3230
327	186.7250	72.9091	0.0000	0.3239
328	186.7250	66.6586	0.0000	0.3248
329	186.7250	72.0936	0.0000	0.3257
330	186.7250	72.2871	0.0000	0.3266
331	186.7250	69.3266	0.0000	0.3276
332	186.7250	68.8253	0.0000	0.3285
333	186.7250	69.9673	0.0000	0.3295
334	186.7250	71.1830	0.0000	0.3305
335	186.7250	71.1325	0.0000	0.3314
336	186.7250	68.4837	0.0000	0.3322
337	186.7250	72.3215	0.0000	0.3331
338	186.7250	75.8709	0.0000	0.3340
339	186.7250	71.1414	0.0000	0.3349
340	186.7250	68.2167	0.0000	0.3357
341	186.7250	64.9156	0.0000	0.3366
342	186.7250	65.4242	0.0000	0.3375
343	186.7250	75.1310	0.0000	0.3384
344	186.7250	71.9268	0.0000	0.3394
345	186.7250	68.5510	0.0000	0.3403
346	186.7250	74.8151	0.0000	0.3412
347	186.7250	74.1533	0.0000	0.3421
348	186.7250	67.5008	0.0000	0.3430
349	186.7250	69.4229	0.0000	0.3438
350	186.7277	65.8653	0.0000	0.3447
351	186.7277	69.4559	0.0000	0.3456
352	186.7277	75.0676	0.0000	0.3465
353	186.7277	68.9666	0.0000	0.3474
354	186.7277	68.6790	0.0000	0.3483
355	186.7277	71.9697	0.0000	0.3491
356	186.7277	67.3112	0.0000	0.3500
357	186.7277	70.5445	0.0000	0.3508
358	186.7277	83.5151	0.0000	0.3517
359	186.7277	74.6166	0.0000	0.3526
360	186.7277	71.3623	0.0000	0.3535
361	186.7277	73.8140	0.0000	0.3544
362	186.7277	74.6543	0.0000	0.3552
363	186.7277	71.4130	0.0000	0.3562
364	186.7277	73.3735	0.0000	0.3571
365	186.7277	69.9468	0.0000	0.3580
366	186.7277	70.2149	0.0000	0.3588
367	186.7277	72.3501	0.0000	0.3598
368	186.7277	72.7325	0.0000	0.3607
369	186.7277	64.1498	0.0000	0.3617
370	186.7277	73.1028	0.0000	0.3626
371	186.7277	69.6867	0.0000	0.3635
372	186.7277	65.4371	0.0000	0.3646
373	186.7277	73.0009	0.0000	0.3655
374	186.7277	78.1506	0.0000	0.3664
375	186.7277	76.5343	0.0000	0.3673
376	186.7277	76.0101	0.0000	0.3682
377	186.7277	66.8495	0.0000	0.3690
378	186.7277	64.1015	0.0000	0.3700
379	186.7277	75.3659	0.0000	0.3709
380	186.7277	64.0405	0.0000	0.3718
381	186.7277	78.6390	0.0000	0.3727
382	186.7277	69.0525	0.0000	0.3735
383	186.7277	71.5569	0.0000	0.3744
384	186.7277	69.9448	0.0000	0.3753
385	186.7277	74.6203	0.0000	0.3762
386	186.7277	69.2239	0.0000	0.3771
387	186.7277	71.0543	0.0000	0.3780
388	186.7277	73.7753	0.0000	0.3789
389	186.7277	71.7425	0.0000	0.3798
390	186.7277	72.9109	0.0000	0.3806
391	186.7277	74.9320	0.0000	0.3815
392	186.7277	69.6441	0.0000	0.3824
393	186.7308	73.5186	0.0000	0.3833
394	186.7308	68.6780	0.0000	0.3841
395	186.7308	74.4738	0.0000	0.3850
396	186.7308	73.9331	0.0000	0.3859
397	186.7308	72.1459	0.0000	0.3867
398	186.7308	70.7692	0.0000	0.3876
399	186.7308	72.3482	0.0000	0.3885
400	186.7308	71.2144	0.0000	0.3894
401	186.7308	69.4855	0.0000	0.3903
402	186.7308	73.3632	0.0000	0.3912
403	186.7308	67.5427	0.0000	0.3920
404	186.7308	73.6282	0.0000	0.3929
405	186.7308	73.4474	0.0000	0.3939
406	186.7308	74.9048	0.0000	0.3948
407	186.7308	73.2065	0.0000	0.3957
408	186.7308	66.3677	0.0000	0.3966
409	186.7308	65.9374	0.0000	0.3975
410	186.7308	67.3106	0.0000	0.3984
411	186.7308	75.0206	0.0000	0.3993
412	186.7308	79.3924	0.0000	0.4002
413	186.7308	73.4725	0.0000	0.4011
414	186.7308	77.3941	0.0000	0.4020
415	186.7308	74.5860	0.0000	0.4029
416	186.7308	72.9245	0.0000	0.4038
417	186.7308	70.6190	0.0000	0.4048
418	186.7308	68.1390	0.0000	0.4058
419	186.7308	74.5658	0.0000	0.4067
420	186.7308	70.1818	0.0000	0.4076
421	186.7308	68.8371	0.0000	0.4086
422	186.7308	68.4992	0.0000	0.4095
423	186.7308	74.4654	0.0000	0.4105
424	186.7308	65.2579	0.0000	0.4114
425	186.7308	71.8319	0.0000	0.4124
426	186.7308	74.0641	0.0000	0.4133
427	186.7308	78.7256	0.0000	0.4142
428	186.7308	78.0147	0.0000	0.4151
429	186.7308	75.7205	0.0000	0.4161
430	186.7308	77.7197	0.0000	0.4169
431	186.7308	74.8057	0.0000	0.4178
432	186.7308	74.9045	0.0000	0.4187
433	186.7308	72.7335	0.0000	0.4196
434	186.7308	77.2961	0.0000	0.4206
435	186.7308	67.6403	0.0000	0.4215
436	186.7308	75.1818	0.0000	0.4224
437	186.7308	69.1348	0.0000	0.4233
438	186.7308	70.6675	0.0000	0.4243
439	186.7308	66.8828	0.0000	0.4252
440	186.7308	68.7436	0.0000	0.4262
441	186.7308	72.1698	0.0000	0.4271
442	186.7308	76.6005	0.0000	0.4282
443	186.7308	65.6665	0.0000	0.4292
444	186.7308	75.7826	0.0000	0.4302
445	186.7308	72.5512	0.0000	0.4311
446	186.7308	70.1740	0.0000	0.4321
447	186.7308	76.9157	0.0000	0.4330
448	186.7308	72.8161	0.0000	0.4340
449	186.7308	63.5351	0.0000	0.4349
450	186.7308	67.9506	0.0000	0.4358
451	186.7308	68.9668	0.0000	0.4367
452	186.7308	67.6870	0.0000	0.4376
453	186.7308	73.6693	0.0000	0.4385
454	186.7308	71.8043	0.0000	0.4394
455	186.7308	74.2823	0.0000	0.4403
456	186.7308	59.9947	0.0000	0.4411
457	186.7308	70.5278	0.0000	0.4420
458	186.7308	70.0076	0.0000	0.4429
459	186.7308	73.7721	0.0000	0.4438
460	186.7308	67.5507	0.0000	0.4447
461	186.7308	66.0667	0.0000	0.4456
462	186.7308	78.5842	0.0000	0.4465
463	186.7308	73.9157	0.0000	0.4474
464	186.7308	68.3184	0.0000	0.4483
465	186.7308	68.5671	0.0000	0.4492
466	186.7308	71.8195	0.0000	0.4500
467	186.7308	69.9020	0.0000	0.4509
468	186.7308	67.7812	0.0000	0.4517
469	186.7308	71.2000	0.0000	0.4525
470	186.7308	65.0257	0.0000	0.4533
471	186.7308	70.7919	0.0000	0.4542
472	186.7308	71.8743	0.0000	0.4551
473	186.7308	71.1171	0.0000	0.4560
474	186.7308	66.0513	0.0000	0.4570
475	186.7308	72.4933	0.0000	0.4579
476	186.7308	73.0484	0.0000	0.4588
477	186.7308	73.7289	0.0000	0.4596
478	186.7308	69.4342	0.0000	0.4605
479	186.7308	74.2363	0.0000	0.4613
480	186.7308	73.0985	0.0000	0.4622
481	186.7308	79.7737	0.0000	0.4631
482	186.7308	73.8386	0.0000	0.4639
483	186.7308	73.1314	0.0000	0.4647
484	186.7308	74.2768	0.0000	0.4656
485	186.7308	72.8712	0.0000	0.4664
486	186.7308	75.8733	0.0000	0.4672
487	186.7308	68.8583	0.0000	0.4681
488	186.7308	69.2501	0.0000	0.4690
489	186.7308	73.8569	0.0000	0.4698
490	186.7308	70.7041	0.0000	0.4707
491	186.7308	65.4294	0.0000	0.4716
492	186.7308	76.1251	0.0000	0.4725
493	186.7308	74.7343	0.0000	0.4733
494	186.7308	78.0733	0.0000	0.4742
495	186.7308	73.3291	0.0000	0.4750
496	186.7308	69.7058	0.0000	0.4758
497	186.7308	72.9134	0.0000	0.4767
498	186.7308	70.2663	0.0000	0.4776
499	186.7308	64.5396	0.0000	0.4784
500	186.7308	77.1498	0.0000	0.4793
501	186.7308	69.4611	0.0000	0.4801
502	186.7308	72.9256	0.0000	0.4810
503	186.7308	71.4607	0.0000	0.4818
504	186.7308	79.9337	0.0000	0.4826
505	186.7308	76.6398	0.0000	0.4835
506	186.7308	76.8172	0.0000	0.4843
507	186.7308	68.0218	0.0000	0.4852
508	186.7308	74.9095	0.0000	0.4860
509	186.7308	73.1376	0.0000	0.4868
510	186.7308	69.5865	0.0000	0.4877
511	186.7308	69.9831	0.0000	0.4885
512	186.7308	70.9228	0.0000	0.4893
513	186.7308	71.7029	0.0000	0.4901
514	186.7308	66.2293	0.0000	0.4910
515	186.7308	77.3512	0.0000	0.4918
516	186.7308	68.6962	0.0000	0.4927
517	186.7308	72.6423	0.0000	0.4936
518	186.7308	74.7050	0.0000	0.4944
519	186.7308	73.3247	0.0000	0.4952
520	186.7308	74.8419	0.0000	0.4961
521	186.7308	67.6370	0.0000	0.4969
522	186.7308	78.5431	0.0000	0.4977
523	186.7308	67.1218	0.0000	0.4985
524	186.7308	71.1846	0.0000	0.4993
525	186.7308	74.4854	0.0000	0.5002
526	186.7308	70.7298	0.0000	0.5011
527	186.7308	69.5320	0.0000	0.5020
528	186.7308	78.7107	0.0000	0.5028
529	186.7308	76.2386	0.0000	0.5036
530	186.7308	65.5864	0.0000	0.5045
531	186.7308	76.1514	0.0000	0.5053
532	186.7308	69.6636	0.0000	0.5061
533	186.7308	73.5808	0.0000	0.5069
534	186.7308	71.8544	0.0000	0.5077
535	186.7308	76.4352	0.0000	0.5085
536	186.7308	73.4450	0.0000	0.5093
537	186.7308	73.4797	0.0000	0.5101
538	186.7308	73.1274	0.0000	0.5109
539	186.7308	72.9773	0.0000	0.5117
540	186.7308	71.1605	0.0000	0.5126
541	186.7308	70.9316	0.0000	0.5134
542	186.7308	78.7142	0.0000	0.5143
543	186.7308	76.4111	0.0000	0.5151
544	186.7308	74.7087	0.0000	0.5160
545	186.7308	71.4696	0.0000	0.5168
546	186.7308	77.8740	0.0000	0.5175
547	186.7308	73.6122	0.0000	0.5183
548	186.7308	81.8470	0.0000	0.5192
549	186.7309	71.1227	0.0000	0.5200
550	186.7309	75.5899	0.0000	0.5208
551	186.7309	81.8671	0.0000	0.5217
552	186.7309	74.6434	0.0000	0.5225
553	186.7309	72.1281	0.0000	0.5233
554	186.7309	70.2686	0.0000	0.5242
555	186.7309	78.4135	0.0000	0.5250
556	186.7309	68.2843	0.0000	0.5258
557	186.7309	72.9221	0.0000	0.5267
558	186.7309	70.9041	0.0000	0.5275
559	186.7309	73.7228	0.0000	0.5284
560	186.7309	71.9138	0.0000	0.5292
561	186.7309	71.7506	0.0000	0.5301
562	186.7309	73.1252	0.0000	0.5310
563	186.7309	82.4077	0.0000	0.5319
564	186.7309	74.5706	0.0000	0.5328
565	186.7309	71.0599	0.0000	0.5336
566	186.7309	66.1002	0.0000	0.5345
567	186.7309	77.2294	0.0000	0.5353
568	186.7309	69.4891	0.0000	0.5362
569	186.7309	73.5621	0.0000	0.5371
570	186.7309	74.1977	0.0000	0.5379
571	186.7309	73.5921	0.0000	0.5388
572	186.7309	69.8138	0.0000	0.5397
573	186.7309	74.0381	0.0000	0.5405
574	186.7309	74.6298	0.0000	0.5413
575	186.7309	72.6032	0.0000	0.5422
576	186.7309	71.1004	0.0000	0.5430
577	186.7309	74.0796	0.0000	0.5438
578	186.7309	70.7673	0.0000	0.5446
579	186.7309	72.6185	0.0000	0.5455
580	186.7309	67.6805	0.0000	0.5463
581	186.7309	78.9767	0.0000	0.5471
582	186.7309	76.2981	0.0000	0.5479
583	186.7309	73.0490	0.0000	0.5488
584	186.7309	69.4675	0.0000	0.5496
585	186.7309	74.9069	0.0000	0.5505
586	186.7309	73.2033	0.0000	0.5513
587	186.7309	72.7165	0.0000	0.5522
588	186.7309	77.9360	0.0000	0.5530
589	186.7309	66.3015	0.0000	0.5539
590	186.7309	71.7519	0.0000	0.5547
591	186.7309	76.6716	0.0000	0.5556
592	186.7309	74.4485	0.0000	0.5565
593	186.7309	71.4958	0.0000	0.5573
594	186.7309	73.0282	0.0000	0.5581
595	186.7309	76.4174	0.0000	0.5589
596	186.7309	79.2494	0.0000	0.5598
597	186.7309	73.1018	0.0000	0.5606
598	186.7309	70.5194	0.0000	0.5615
599	186.7309	67.7792	0.0000	0.5624
600	186.7309	74.5269	0.0000	0.5632
601	186.7309	70.2137	0.0000	0.5640
602	186.7309	78.1178	0.0000	0.5648
603	186.7309	70.3974	0.0000	0.5655
604	186.7309	75.2271	0.0000	0.5663
605	186.7309	74.2064	0.0000	0.5671
606	186.7309	67.1560	0.0000	0.5678
607	186.7309	69.6604	0.0000	0.5686
608	186.7309	68.9782	0.0000	0.5694
609	186.7309	68.7436	0.0000	0.5702
610	186.7309	77.3348	0.0000	0.5710
611	186.7309	69.1825	0.0000	0.5718
612	186.7309	77.2059	0.0000	0.5726
613	186.7309	76.9129	0.0000	0.5734
614	186.7309	81.6225	0.0000	0.5742
615	186.7309	75.5624	0.0000	0.5750
616	186.7309	74.1493	0.0000	0.5758
617	186.7309	68.1644	0.0000	0.5766
618	186.7309	77.1169	0.0000	0.5774
619	186.7309	78.6755	0.0000	0.5782
620	186.7309	72.3497	0.0000	0.5789
621	186.7309	65.9184	0.0000	0.5797
622	186.7309	72.4946	0.0000	0.5806
623	186.7309	71.6583	0.0000	0.5815
624	186.7309	80.9054	0.0000	0.5823
625	186.7309	78.4050	0.0000	0.5830
626	186.7309	77.0660	0.0000	0.5838
627	186.7309	69.3767	0.0000	0.5846
628	186.7309	80.4911	0.0000	0.5854
629	186.7309	72.0195	0.0000	0.5862
630	186.7309	76.4738	0.0000	0.5870
631	186.7309	70.3137	0.0000	0.5878
632	186.7309	69.2235	0.0000	0.5886
633	186.7309	75.7225	0.0000	0.5894
634	186.7309	70.0467	0.0000	0.5902
635	186.7309	76.0914	0.0000	0.5911
636	186.7309	72.2721	0.0000	0.5919
637	186.7309	80.4930	0.0000	0.5927
638	186.7309	66.8187	0.0000	0.5935
639	186.7309	73.4793	0.0000	0.5943
640	186.7309	77.4293	0.0000	0.5951
641	186.7309	70.4872	0.0000	0.5959
642	186.7309	67.8959	0.0000	0.5966
643	186.7309	71.4828	0.0000	0.5974
644	186.7309	71.4360	0.0000	0.5982
645	186.7309	74.7692	0.0000	0.5990
646	186.7309	78.3653	0.0000	0.5998
647	186.7309	74.7839	0.0000	0.6006
648	186.7309	66.6648	0.0000	0.6013
649	186.7309	77.5383	0.0000	0.6021
650	186.7309	76.3458	0.0000	0.6029
651	186.7309	70.6799	0.0000	0.6037
652	186.7309	74.9802	0.0000	0.6045
653	186.7309	76.4609	0.0000	0.6053
654	186.7309	75.8081	0.0000	0.6061
655	186.7309	69.2142	0.0000	0.6069
656	186.7309	67.9128	0.0000	0.6077
657	186.7309	81.3182	0.0000	0.6085
658	186.7309	77.2939	0.0000	0.6093
659	186.7309	73.5581	0.0000	0.6101
660	186.7309	65.6281	0.0000	0.6110
661	186.7309	68.2808	0.0000	0.6117
662	186.7309	74.7682	0.0000	0.6125
663	186.7309	74.9118	0.0000	0.6133
664	186.7309	69.3804	0.0000	0.6146
665	186.7309	73.3935	0.0000	0.6155
666	186.7309	66.0219	0.0000	0.6163
667	186.7309	74.8388	0.0000	0.6171
668	186.7309	73.7141	0.0000	0.6178
669	186.7309	70.3905	0.0000	0.6187
670	186.7309	66.3945	0.0000	0.6199
671	186.7309	78.5073	0.0000	0.6207
672	186.7309	74.8340	0.0000	0.6215
673	186.7309	80.5477	0.0000	0.6223
674	186.7309	71.6966	0.0000	0.6233
675	186.7309	77.3980	0.0000	0.6241
676	186.7309	65.3478	0.0000	0.6248
677	186.7309	76.9660	0.0000	0.6256
678	186.7309	72.6537	0.0000	0.6264
679	186.7309	74.0432	0.0000	0.6273
680	186.7309	72.0566	0.0000	0.6280
681	186.7309	75.7150	0.0000	0.6288
682	186.7309	80.4789	0.0000	0.6296
683	186.7309	78.0532	0.0000	0.6304
684	186.7309	73.1069	0.0000	0.6312
685	186.7309	74.4368	0.0000	0.6321
686	186.7309	68.7191	0.0000	0.6334
687	186.7309	69.5818	0.0000	0.6343
688	186.7309	72.6317	0.0000	0.6350
689	186.7309	76.1897	0.0000	0.6358
690	186.7309	76.8044	0.0000	0.6366
691	186.7309	70.1725	0.0000	0.6373
692	186.7309	75.1933	0.0000	0.6381
693	186.7309	72.5454	0.0000	0.6389
694	186.7309	77.7658	0.0000	0.6397
695	186.7309	75.6745	0.0000	0.6405
696	186.7309	68.2784	0.0000	0.6413
697	186.7309	71.9631	0.0000	0.6421
698	186.7309	70.6572	0.0000	0.6428
699	186.7309	73.7438	0.0000	0.6436
700	186.7309	74.6102	0.0000	0.6444
701	186.7309	71.7939	0.0000	0.6452
702	186.7309	77.6374	0.0000	0.6460
703	186.7309	74.2639	0.0000	0.6468
704	186.7309	73.4775	0.0000	0.6477
705	186.7309	72.4650	0.0000	0.6484
706	186.7309	77.4364	0.0000	0.6493
707	186.7309	76.7786	0.0000	0.6501
708	186.7309	80.2696	0.0000	0.6509
709	186.7309	74.8031	0.0000	0.6517
710	186.7309	71.8749	0.0000	0.6525
711	186.7309	72.2906	0.0000	0.6534
712	186.7309	75.7564	0.0000	0.6542
713	186.7309	83.1960	0.0000	0.6551
714	186.7309	76.7900	0.0000	0.6559
715	186.7309	67.9919	0.0000	0.6567
716	186.7309	70.0089	0.0000	0.6575
717	186.7309	68.9512	0.0000	0.6584
718	186.7309	76.4274	0.0000	0.6594
719	186.7309	77.0421	0.0000	0.6603
720	186.7309	74.4245	0.0000	0.6613
721	186.7309	74.6190	0.0000	0.6623
722	186.7309	77.7468	0.0000	0.6633
723	186.7309	71.3784	0.0000	0.6641
724	186.7309	76.8813	0.0000	0.6649
725	186.7309	74.0632	0.0000	0.6657
726	186.7309	70.2334	0.0000	0.6665
727	186.7309	71.1000	0.0000	0.6673
728	186.7309	75.3315	0.0000	0.6681
729	186.7309	68.9885	0.0000	0.6689
730	186.7309	66.1758	0.0000	0.6697
731	186.7309	71.3553	0.0000	0.6706
732	186.7309	71.1342	0.0000	0.6715
733	186.7309	76.1800	0.0000	0.6723
734	186.7309	77.8792	0.0000	0.6731
735	186.7309	71.8885	0.0000	0.6738
736	186.7309	70.6963	0.0000	0.6746
737	186.7309	80.4024	0.0000	0.6754
738	186.7309	65.1163	0.0000	0.6761
739	186.7309	72.9185	0.0000	0.6769
740	186.7309	72.7591	0.0000	0.6777
741	186.7309	73.3760	0.0000	0.6784
742	186.7309	76.0463	0.0000	0.6792
743	186.7309	78.0558	0.0000	0.6800
744	186.7309	73.0906	0.0000	0.6807
745	186.7309	75.6605	0.0000	0.6815
746	186.7309	78.0110	0.0000	0.6823
747	186.7309	77.9892	0.0000	0.6831
748	186.7309	76.4522	0.0000	0.6838
749	186.7309	77.0073	0.0000	0.6846
750	186.7309	76.3501	0.0000	0.6853
751	186.7309	71.2992	0.0000	0.6861
752	186.7309	79.5705	0.0000	0.6869
753	186.7309	67.9604	0.0000	0.6876
754	186.7309	74.9224	0.0000	0.6884
755	186.7309	74.8525	0.0000	0.6892
756	186.7309	64.6767	0.0000	0.6900
757	186.7309	75.5783	0.0000	0.6907
758	186.7309	76.6838	0.0000	0.6915
759	186.7309	75.8884	0.0000	0.6922
760	186.7309	72.5079	0.0000	0.6930
761	186.7309	74.6324	0.0000	0.6938
762	186.7309	85.8923	0.0000	0.6946
763	186.7309	67.0184	0.0000	0.6954
764	186.7309	80.7588	0.0000	0.6961
765	186.7309	74.3505	0.0000	0.6969
766	186.7309	74.1884	0.0000	0.6976
767	186.7309	70.8219	0.0000	0.6984
768	186.7309	75.0441	0.0000	0.6991
769	186.7309	76.3473	0.0000	0.6999
770	186.7309	72.3603	0.0000	0.7006
771	186.7309	79.6206	0.0000	0.7014
772	186.7309	75.5954	0.0000	0.7021
773	186.7309	73.0792	0.0000	0.7029
774	186.7309	77.2861	0.0000	0.7037
775	186.7309	74.7775	0.0000	0.7044
776	186.7309	79.4563	0.0000	0.7052
777	186.7309	72.3660	0.0000	0.7060
778	186.7309	74.5497	0.0000	0.7067
779	186.7309	76.6693	0.0000	0.7075
780	186.7309	74.6627	0.0000	0.7082
781	186.7309	77.0274	0.0000	0.7090
782	186.7309	67.1756	0.0000	0.7097
783	186.7309	72.8285	0.0000	0.7104
784	186.7309	67.6337	0.0000	0.7112
785	186.7309	77.6987	0.0000	0.7119
786	186.7309	77.2875	0.0000	0.7127
787	186.7309	78.2127	0.0000	0.7134
788	186.7309	76.7667	0.0000	0.7141
789	186.7309	72.3689	0.0000	0.7149
790	186.7309	79.5895	0.0000	0.7156
791	186.7309	75.9307	0.0000	0.7164
792	186.7309	72.6489	0.0000	0.7171
793	186.7309	80.4682	0.0000	0.7179
794	186.7309	73.2731	0.0000	0.7186
795	186.7309	75.1554	0.0000	0.7194
796	186.7309	79.8480	0.0000	0.7201
797	186.7309	73.6882	0.0000	0.7209
798	186.7309	70.2543	0.0000	0.7217
799	186.7309	73.6744	0.0000	0.7225
800	186.7309	73.6973	0.0000	0.7232
801	186.7309	79.0707	0.0000	0.7240
802	186.7309	78.8835	0.0000	0.7247
803	186.7309	83.1513	0.0000	0.7255
804	186.7309	74.7573	0.0000	0.7262
805	186.7309	78.5177	0.0000	0.7269
806	186.7309	76.5477	0.0000	0.7277
807	186.7309	68.9791	0.0000	0.7284
808	186.7309	79.5542	0.0000	0.7291
809	186.7309	75.2927	0.0000	0.7299
810	186.7309	78.5465	0.0000	0.7306
811	186.7309	82.1002	0.0000	0.7313
812	186.7309	80.5645	0.0000	0.7321
813	186.7309	77.0209	0.0000	0.7328
814	186.7309	81.0007	0.0000	0.7336
815	186.7309	77.1768	0.0000	0.7343
816	186.7309	72.1303	0.0000	0.7350
817	186.7309	73.7603	0.0000	0.7357
818	186.7309	81.3113	0.0000	0.7364
819	186.7309	71.6121	0.0000	0.7372
820	186.7309	75.4547	0.0000	0.7379
821	186.7309	73.0856	0.0000	0.7386
822	186.7309	74.6966	0.0000	0.7394
823	186.7309	78.8868	0.0000	0.7401
824	186.7309	73.8717	0.0000	0.7408
825	186.7309	69.4622	0.0000	0.7415
826	186.7309	78.0008	0.0000	0.7423
827	186.7309	79.5634	0.0000	0.7430
828	186.7309	74.7307	0.0000	0.7437
829	186.7309	85.4673	0.0000	0.7445
830	186.7309	73.7072	0.0000	0.7452
831	186.7309	83.9986	0.0000	0.7460
832	186.7309	73.2461	0.0000	0.7467
833	186.7309	76.4784	0.0000	0.7476
834	186.7309	80.2247	0.0000	0.7483
835	186.7309	69.2608	0.0000	0.7491
836	186.7309	76.2479	0.0000	0.7498
837	186.7309	75.9592	0.0000	0.7505
838	186.7309	73.5714	0.0000	0.7512
839	186.7309	72.9664	0.0000	0.7520
840	186.7309	79.1725	0.0000	0.7528
841	186.7309	71.1347	0.0000	0.7536
842	186.7309	84.7267	0.0000	0.7544
843	186.7309	79.2079	0.0000	0.7551
844	186.7309	74.7886	0.0000	0.7558
845	186.7309	70.5100	0.0000	0.7566
846	186.7309	82.9303	0.0000	0.7574
847	186.7309	82.2505	0.0000	0.7582
848	186.7309	77.5704	0.0000	0.7589
849	186.7309	80.2999	0.0000	0.7596
850	186.7309	77.0118	0.0000	0.7604
851	186.7309	78.2920	0.0000	0.7612
852	186.7309	74.5862	0.0000	0.7620
853	186.7309	80.4240	0.0000	0.7628
854	186.7309	72.0074	0.0000	0.7636
855	186.7309	76.2910	0.0000	0.7644
856	186.7309	79.6110	0.0000	0.7652
857	186.7309	78.1852	0.0000	0.7660
858	186.7309	78.8102	0.0000	0.7667
859	186.7309	76.9784	0.0000	0.7675
860	186.7309	74.2638	0.0000	0.7683
861	186.7309	70.2789	0.0000	0.7690
862	186.7309	83.5263	0.0000	0.7698
863	186.7309	79.8612	0.0000	0.7706
864	186.7309	78.2533	0.0000	0.7713
865	186.7309	78.4174	0.0000	0.7720
866	186.7309	75.7461	0.0000	0.7728
867	186.7309	80.2243	0.0000	0.7735
868	186.7309	73.4408	0.0000	0.7743
869	186.7309	73.5239	0.0000	0.7750
870	186.7309	77.9498	0.0000	0.7757
871	186.7309	85.3053	0.0000	0.7764
872	186.7309	81.5000	0.0000	0.7772
873	186.7309	77.7025	0.0000	0.7779
874	186.7309	80.1633	0.0000	0.7786
875	186.7309	78.5113	0.0000	0.7794
876	186.7309	81.2674	0.0000	0.7801
877	186.7309	75.5808	0.0000	0.7809
878	186.7309	81.0676	0.0000	0.7817
879	186.7309	75.1369	0.0000	0.7824
880	186.7309	73.8612	0.0000	0.7832
881	186.7309	75.8286	0.0000	0.7839
882	186.7309	74.5796	0.0000	0.7846
883	186.7309	75.2160	0.0000	0.7853
884	186.7309	82.4758	0.0000	0.7860
885	186.7309	77.6325	0.0000	0.7867
886	186.7309	67.1891	0.0000	0.7875
887	186.7309	78.4170	0.0000	0.7882
888	186.7309	75.9056	0.0000	0.7890
889	186.7309	75.4705	0.0000	0.7897
890	186.7309	79.4383	0.0000	0.7904
891	186.7309	80.2861	0.0000	0.7911
892	186.7309	79.1342	0.0000	0.7918
893	186.7309	76.1710	0.0000	0.7926
894	186.7309	75.0352	0.0000	0.7933
895	186.7309	84.2951	0.0000	0.7941
896	186.7309	82.0213	0.0000	0.7948
897	186.7309	79.4407	0.0000	0.7955
898	186.7309	79.0014	0.0000	0.7963
899	186.7309	75.6429	0.0000	0.7970
900	186.7309	76.7543	0.0000	0.7977
901	186.7309	79.2195	0.0000	0.7984
902	186.7309	85.2393	0.0000	0.7991
903	186.7309	82.1461	0.0000	0.7999
904	186.7309	77.2319	0.0000	0.8006
905	186.7309	74.9067	0.0000	0.8013
906	186.7309	70.8523	0.0000	0.8020
907	186.7309	84.8167	0.0000	0.8027
908	186.7309	78.8771	0.0000	0.8035
909	186.7309	74.8873	0.0000	0.8042
910	186.7309	71.7869	0.0000	0.8049
911	186.7309	72.6585	0.0000	0.8056
912	186.7309	83.6629	0.0000	0.8063
913	186.7309	75.8521	0.0000	0.8070
914	186.7309	84.4919	0.0000	0.8077
915	186.7309	76.9696	0.0000	0.8084
916	186.7309	79.1852	0.0000	0.8091
917	186.7309	83.4594	0.0000	0.8099
918	186.7309	76.3861	0.0000	0.8106
919	186.7309	74.7083	0.0000	0.8113
920	186.7309	76.8193	0.0000	0.8120
921	186.7309	72.7051	0.0000	0.8130
922	186.7309	77.8230	0.0000	0.8138
923	186.7309	78.9522	0.0000	0.8145
924	186.7309	77.6977	0.0000	0.8153
925	186.7309	81.3472	0.0000	0.8161
926	186.7309	81.2203	0.0000	0.8167
927	186.7309	79.4886	0.0000	0.8174
928	186.7309	85.2941	0.0000	0.8181
929	186.7309	77.0180	0.0000	0.8188
930	186.7309	77.6510	0.0000	0.8196
931	186.7309	79.9921	0.0000	0.8203
932	186.7309	79.0460	0.0000	0.8210
933	186.7309	76.3255	0.0000	0.8217
934	186.7309	77.7142	0.0000	0.8224
935	186.7309	81.5547	0.0000	0.8231
936	186.7309	79.9898	0.0000	0.8238
937	186.7309	83.3657	0.0000	0.8245
938	186.7309	81.5486	0.0000	0.8252
939	186.7309	77.6921	0.0000	0.8259
940	186.7309	78.3043	0.0000	0.8266
941	186.7309	83.6124	0.0000	0.8273
942	186.7309	78.9914	0.0000	0.8280
943	186.7309	76.8314	0.0000	0.8286
944	186.7309	76.9577	0.0000	0.8293
945	186.7309	84.5718	0.0000	0.8300
946	186.7309	87.6642	0.0000	0.8306
947	186.7309	83.1548	0.0000	0.8313
948	186.7309	80.4613	0.0000	0.8320
949	186.7309	72.9335	0.0000	0.8327
950	186.7309	82.7661	0.0000	0.8334
951	186.7309	79.2162	0.0000	0.8341
952	186.7309	74.6159	0.0000	0.8347
953	186.7309	79.3425	0.0000	0.8354
954	186.7309	84.4104	0.0000	0.8361
955	186.7309	80.1039	0.0000	0.8368
956	186.7309	79.3334	0.0000	0.8375
957	186.7309	84.6071	0.0000	0.8382
958	186.7309	87.3049	0.0000	0.8389
959	186.7309	78.0811	0.0000	0.8396
960	186.7309	78.4953	0.0000	0.8403
961	186.7309	87.8489	0.0000	0.8410
962	186.7309	81.0652	0.0000	0.8417
963	186.7309	81.8541	0.0000	0.8424
964	186.7309	82.8364	0.0000	0.8431
965	186.7309	78.5119	0.0000	0.8438
966	186.7309	78.8258	0.0000	0.8445
967	186.7309	80.6180	0.0000	0.8451
968	186.7309	83.2095	0.0000	0.8458
969	186.7309	77.5835	0.0000	0.8465
970	186.7309	75.9518	0.0000	0.8472
971	186.7309	79.6535	0.0000	0.8479
972	186.7309	78.8193	0.0000	0.8486
973	186.7309	80.2397	0.0000	0.8492
974	186.7309	80.2934	0.0000	0.8500
975	186.7309	72.0585	0.0000	0.8507
976	186.7309	86.3053	0.0000	0.8513
977	186.7309	90.4483	0.0000	0.8521
978	186.7309	78.7467	0.0000	0.8527
979	186.7309	79.4284	0.0000	0.8534
980	186.7309	78.3236	0.0000	0.8541
981	186.7309	86.3458	0.0000	0.8548
982	186.7309	79.8266	0.0000	0.8555
983	186.7309	84.7304	0.0000	0.8562
984	186.7309	78.4991	0.0000	0.8569
985	186.7309	83.8470	0.0000	0.8576
986	186.7309	77.9835	0.0000	0.8583
987	186.7309	81.1060	0.0000	0.8590
988	186.7309	80.5096	0.0000	0.8597
989	186.7309	80.0000	0.0000	0.8603
990	186.7309	74.4278	0.0000	0.8610
991	186.7309	73.3393	0.0000	0.8617
992	186.7309	82.6077	0.0000	0.8624
993	186.7309	81.1719	0.0000	0.8630
994	186.7309	78.1936	0.0000	0.8637
995	186.7309	77.8390	0.0000	0.8644
996	186.7309	78.1741	0.0000	0.8651
997	186.7309	76.0704	0.0000	0.8658
998	186.7309	78.8912	0.0000	0.8665
999	186.7309	81.6090	0.0000	0.8672
1000	186.7309	77.3829	0.0000	0.8678
1001	186.7309	80.3629	0.0000	0.8685
1002	186.7309	81.4207	0.0000	0.8692
1003	186.7309	76.1979	0.0000	0.8699
1004	186.7309	81.9730	0.0000	0.8706
1005	186.7309	81.4271	0.0000	0.8712
1006	186.7309	85.5014	0.0000	0.8719
1007	186.7309	81.9828	0.0000	0.8726
1008	186.7309	76.0426	0.0000	0.8733
1009	186.7309	79.1991	0.0000	0.8739
1010	186.7309	78.8711	0.0000	0.8746
1011	186.7309	84.2560	0.0000	0.8753
1012	186.7309	83.3148	0.0000	0.8759
1013	186.7309	78.7528	0.0000	0.8767
1014	186.7309	79.3536	0.0000	0.8773
1015	186.7309	77.7960	0.0000	0.8780
1016	186.7309	77.6218	0.0000	0.8787
1017	186.7309	81.9312	0.0000	0.8794
1018	186.7309	81.8204	0.0000	0.8801
1019	186.7309	77.2585	0.0000	0.8808
1020	186.7309	75.7095	0.0000	0.8815
1021	186.7309	86.6120	0.0000	0.8822
1022	186.7309	83.9104	0.0000	0.8829
1023	186.7309	84.2228	0.0000	0.8836
1024	186.7309	87.6361	0.0000	0.8842
1025	186.7309	88.3152	0.0000	0.8850
1026	186.7309	84.2084	0.0000	0.8857
1027	186.7309	78.8386	0.0000	0.8864
1028	186.7309	83.0517	0.0000	0.8871
1029	186.7309	77.6400	0.0000	0.8878
1030	186.7309	81.8457	0.0000	0.8884
1031	186.7309	91.8024	0.0000	0.8891
1032	186.7309	83.1293	0.0000	0.8898
1033	186.7309	82.5481	0.0000	0.8904
1034	186.7309	85.3254	0.0000	0.8911
1035	186.7309	79.4091	0.0000	0.8918
1036	186.7309	84.1833	0.0000	0.8925
1037	186.7309	75.3630	0.0000	0.8933
1038	186.7309	72.8130	0.0000	0.8939
1039	186.7309	78.7380	0.0000	0.8946
1040	186.7309	83.7292	0.0000	0.8953
1041	186.7309	85.0719	0.0000	0.8960
1042	186.7309	81.2891	0.0000	0.8966
1043	186.7309	79.3799	0.0000	0.8973
1044	186.7309	84.9830	0.0000	0.8980
1045	186.7309	83.5330	0.0000	0.8987
1046	186.7309	83.2421	0.0000	0.8993
1047	186.7309	79.9625	0.0000	0.9000
1048	186.7309	76.4895	0.0000	0.9007
1049	186.7309	80.1767	0.0000	0.9014
1050	186.7309	84.0466	0.0000	0.9021
1051	186.7309	81.7377	0.0000	0.9028
1052	186.7309	83.2516	0.0000	0.9034
1053	186.7309	82.9035	0.0000	0.9041
1054	186.7309	79.1845	0.0000	0.9047
1055	186.7309	82.7951	0.0000	0.9054
1056	186.7309	73.5335	0.0000	0.9060
1057	186.7309	76.5607	0.0000	0.9067
1058	186.7309	76.2410	0.0000	0.9074
1059	186.7309	82.6268	0.0000	0.9081
1060	186.7309	80.7819	0.0000	0.9088
1061	186.7309	77.7570	0.0000	0.9094
1062	186.7309	78.1193	0.0000	0.9101
1063	186.7309	88.3859	0.0000	0.9108
1064	186.7309	74.1696	0.0000	0.9115
1065	186.7309	83.6700	0.0000	0.9122
1066	186.7309	78.6880	0.0000	0.9129
1067	186.7309	80.4515	0.0000	0.9136
1068	186.7309	84.5236	0.0000	0.9142
1069	186.7309	75.7783	0.0000	0.9148
1070	186.7309	87.7955	0.0000	0.9155
1071	186.7309	83.4480	0.0000	0.9161
1072	186.7309	83.0425	0.0000	0.9167
1073	186.7309	75.3386	0.0000	0.9175
1074	186.7309	74.1062	0.0000	0.9181
1075	186.7309	74.9361	0.0000	0.9187
1076	186.7309	82.8881	0.0000	0.9194
1077	186.7309	86.2129	0.0000	0.9200
1078	186.7309	82.5762	0.0000	0.9207
1079	186.7309	87.1131	0.0000	0.9213
1080	186.7309	78.0243	0.0000	0.9219
1081	186.7309	78.8885	0.0000	0.9226
1082	186.7309	74.0797	0.0000	0.9232
1083	186.7309	83.9388	0.0000	0.9239
1084	186.7309	80.4575	0.0000	0.9245
1085	186.7309	77.8880	0.0000	0.9251
1086	186.7309	76.6286	0.0000	0.9258
1087	186.7309	81.1709	0.0000	0.9265
1088	186.7309	76.9008	0.0000	0.9271
1089	186.7309	74.3194	0.0000	0.9277
1090	186.7309	84.2168	0.0000	0.9284
1091	186.7309	80.4657	0.0000	0.9290
1092	186.7309	77.7841	0.0000	0.9297
1093	186.7309	80.4468	0.0000	0.9303
1094	186.7309	75.2149	0.0000	0.9310
1095	186.7309	84.1110	0.0000	0.9316
1096	186.7309	74.6445	0.0000	0.9322
1097	186.7309	78.5306	0.0000	0.9328
1098	186.7309	76.9293	0.0000	0.9335
1099	186.7309	82.3305	0.0000	0.9341
1100	186.7309	81.6047	0.0000	0.9347
1101	186.7309	82.4590	0.0000	0.9354
1102	186.7309	79.7816	0.0000	0.9360
1103	186.7309	78.1158	0.0000	0.9366
1104	186.7309	84.1453	0.0000	0.9373
1105	186.7309	85.3054	0.0000	0.9379
1106	186.7309	76.9966	0.0000	0.9385
1107	186.7309	85.0315	0.0000	0.9392
1108	186.7309	83.4721	0.0000	0.9398
1109	186.7309	83.9171	0.0000	0.9405
1110	186.7309	77.9602	0.0000	0.9411
1111	186.7309	83.0331	0.0000	0.9418
1112	186.7309	82.9136	0.0000	0.9424
1113	186.7309	81.8599	0.0000	0.9430
1114	186.7309	80.2117	0.0000	0.9437
1115	186.7309	85.7525	0.0000	0.9443
1116	186.7309	78.6571	0.0000	0.9450
1117	186.7309	84.8043	0.0000	0.9456
1118	186.7309	83.3907	0.0000	0.9462
1119	186.7309	88.4615	0.0000	0.9470
1120	186.7309	82.0655	0.0000	0.9480
1121	186.7309	76.8130	0.0000	0.9487
1122	186.7309	80.4642	0.0000	0.9494
1123	186.7309	80.7475	0.0000	0.9500
1124	186.7309	82.4245	0.0000	0.9506
1125	186.7309	77.5285	0.0000	0.9513
1126	186.7309	78.7395	0.0000	0.9519
1127	186.7309	76.7195	0.0000	0.9527
1128	186.7309	78.1654	0.0000	0.9537
1129	186.7309	79.0551	0.0000	0.9544
1130	186.7309	82.7592	0.0000	0.9550
1131	186.7309	84.1286	0.0000	0.9557
1132	186.7309	80.4975	0.0000	0.9566
1133	186.7309	80.6039	0.0000	0.9575
1134	186.7309	81.3723	0.0000	0.9582
1135	186.7309	77.1188	0.0000	0.9588
1136	186.7309	82.2668	0.0000	0.9594
1137	186.7309	76.1000	0.0000	0.9601
1138	186.7309	82.7395	0.0000	0.9607
1139	186.7309	74.4939	0.0000	0.9614
1140	186.7309	81.3640	0.0000	0.9620
1141	186.7309	84.9099	0.0000	0.9627
1142	186.7309	80.5531	0.0000	0.9633
1143	186.7309	81.3239	0.0000	0.9640
1144	186.7309	76.9604	0.0000	0.9646
1145	186.7309	83.0845	0.0000	0.9653
1146	186.7309	83.2899	0.0000	0.9659
1147	186.7309	85.2896	0.0000	0.9666
1148	186.7309	79.4220	0.0000	0.9676
1149	186.7309	87.4931	0.0000	0.9684
1150	186.7309	83.3649	0.0000	0.9691
1151	186.7309	83.6830	0.0000	0.9697
1152	186.7309	84.2209	0.0000	0.9703
1153	186.7309	83.6357	0.0000	0.9710
1154	186.7309	86.4134	0.0000	0.9716
1155	186.7309	79.9859	0.0000	0.9722
1156	186.7309	80.5168	0.0000	0.9728
1157	186.7309	81.8662	0.0000	0.9734
1158	186.7309	78.8728	0.0000	0.9741
1159	186.7309	87.1963	0.0000	0.9747
1160	186.7309	78.7807	0.0000	0.9753
1161	186.7309	83.8212	0.0000	0.9759
1162	186.7309	79.6592	0.0000	0.9765
1163	186.7309	84.9608	0.0000	0.9771
1164	186.7309	79.4850	0.0000	0.9777
1165	186.7309	80.5224	0.0000	0.9783
1166	186.7309	79.1530	0.0000	0.9789
1167	186.7309	78.4693	0.0000	0.9795
1168	186.7309	83.3451	0.0000	0.9801
1169	186.7309	80.8483	0.0000	0.9808
1170	186.7309	79.8509	0.0000	0.9814
1171	186.7309	76.4210	0.0000	0.9820
1172	186.7309	84.8407	0.0000	0.9827
1173	186.7309	77.9580	0.0000	0.9833
1174	186.7309	76.0815	0.0000	0.9839
1175	186.7309	78.4127	0.0000	0.9845
1176	186.7309	87.1862	0.0000	0.9851
1177	186.7309	82.3887	0.0000	0.9858
1178	186.7309	76.5301	0.0000	0.9864
1179	186.7309	76.2960	0.0000	0.9870
1180	186.7309	79.3754	0.0000	0.9877
1181	186.7309	79.1017	0.0000	0.9883
1182	186.7309	76.5333	0.0000	0.9889
1183	186.7309	80.6786	0.0000	0.9895
1184	186.7309	81.2395	0.0000	0.9902
1185	186.7309	81.1347	0.0000	0.9908
1186	186.7309	80.9968	0.0000	0.9914
1187	186.7309	85.1691	0.0000	0.9920
1188	186.7309	82.4548	0.0000	0.9927
1189	186.7309	83.0991	0.0000	0.9933
1190	186.7309	81.3056	0.0000	0.9939
1191	186.7309	84.4623	0.0000	0.9945
1192	186.7309	76.7669	0.0000	0.9952
1193	186.7309	84.9661	0.0000	0.9958
1194	186.7309	85.4980	0.0000	0.9964
1195	186.7309	82.0551	0.0000	0.9970
1196	186.7309	83.8461	0.0000	0.9977
1197	186.7309	80.9900	0.0000	0.9983
1198	186.7309	74.3615	0.0000	0.9991
1199	186.7309	77.4333	0.0000	1.0000
1200	186.7309	75.2945	0.0000	1.0008
1201	186.7309	80.0036	0.0000	1.0015
1202	186.7309	84.0455	0.0000	1.0023
1203	186.7309	80.9733	0.0000	1.0029
1204	186.7309	81.2600	0.0000	1.0035
1205	186.7309	82.8756	0.0000	1.0041
1206	186.7309	79.1493	0.0000	1.0047
1207	186.7309	79.8474	0.0000	1.0053
1208	186.7309	83.0296	0.0000	1.0059
1209	186.7309	78.7783	0.0000	1.0065
1210	186.7309	75.3072	0.0000	1.0071
1211	186.7309	78.0511	0.0000	1.0077
1212	186.7309	84.3176	0.0000	1.0083
1213	186.7309	79.8965	0.0000	1.0088
1214	186.7309	79.5719	0.0000	1.0094
1215	186.7309	84.9326	0.0000	1.0100
1216	186.7309	75.2820	0.0000	1.0106
1217	186.7309	82.9096	0.0000	1.0112
1218	186.7309	79.1867	0.0000	1.0118
1219	186.7309	80.9636	0.0000	1.0124
1220	186.7309	84.3714	0.0000	1.0130
1221	186.7309	77.1671	0.0000	1.0136
1222	186.7309	84.6114	0.0000	1.0142
1223	186.7309	82.4207	0.0000	1.0147
1224	186.7309	80.9195	0.0000	1.0154
1225	186.7309	78.9326	0.0000	1.0160
1226	186.7309	82.8487	0.0000	1.0165
1227	186.7309	77.9278	0.0000	1.0171
1228	186.7309	84.6188	0.0000	1.0177
1229	186.7309	80.8041	0.0000	1.0183
1230	186.7309	79.7440	0.0000	1.0190
1231	186.7309	78.5605	0.0000	1.0196
1232	186.7309	78.5557	0.0000	1.0202
1233	186.7309	85.8503	0.0000	1.0209
1234	186.7309	74.0129	0.0000	1.0215
1235	186.7309	77.5155	0.0000	1.0221
1236	186.7309	74.7517	0.0000	1.0227
1237	186.7309	87.1316	0.0000	1.0233
1238	186.7309	76.7230	0.0000	1.0239
1239	186.7309	80.8239	0.0000	1.0244
1240	186.7309	77.4389	0.0000	1.0250
1241	186.7309	84.1709	0.0000	1.0256
1242	186.7309	71.7399	0.0000	1.0262
1243	186.7309	81.3854	0.0000	1.0268
1244	186.7309	80.9837	0.0000	1.0274
1245	186.7309	84.2937	0.0000	1.0280
1246	186.7309	85.5462	0.0000	1.0286
1247	186.7309	83.3742	0.0000	1.0292
1248	186.7309	76.6858	0.0000	1.0297
1249	186.7309	74.6776	0.0000	1.0303
1250	186.7309	84.4204	0.0000	1.0310
1251	186.7309	77.1513	0.0000	1.0316
1252	186.7309	80.6504	0.0000	1.0322
1253	186.7309	83.2743	0.0000	1.0328
1254	186.7309	85.9880	0.0000	1.0333
1255	186.7309	81.6226	0.0000	1.0339
1256	186.7309	87.6665	0.0000	1.0345
1257	186.7309	83.4049	0.0000	1.0351
1258	186.7309	79.9109	0.0000	1.0357
1259	186.7309	86.8012	0.0000	1.0363
1260	186.7309	77.5876	0.0000	1.0369
1261	186.7309	79.1881	0.0000	1.0375
1262	186.7309	82.0923	0.0000	1.0381
1263	186.7309	78.2452	0.0000	1.0387
1264	186.7309	83.5286	0.0000	1.0393
1265	186.7309	82.3179	0.0000	1.0399
1266	186.7309	82.0865	0.0000	1.0406
1267	186.7309	78.8393	0.0000	1.0411
1268	186.7309	81.6220	0.0000	1.0418
1269	186.7309	82.7533	0.0000	1.0424
1270	186.7309	74.6207	0.0000	1.0429
1271	186.7309	80.8105	0.0000	1.0435
1272	186.7309	83.1015	0.0000	1.0440
1273	186.7309	76.1868	0.0000	1.0446
1274	186.7309	79.1948	0.0000	1.0451
1275	186.7309	76.7280	0.0000	1.0458
1276	186.7309	79.9886	0.0000	1.0464
1277	186.7309	80.4845	0.0000	1.0470
1278	186.7309	85.3360	0.0000	1.0475
1279	186.7309	83.8343	0.0000	1.0481
1280	186.7309	74.8263	0.0000	1.0486
1281	186.7309	77.1493	0.0000	1.0492
1282	186.7309	79.4855	0.0000	1.0498
1283	186.7309	76.1619	0.0000	1.0504
1284	186.7309	78.1035	0.0000	1.0510
1285	186.7309	80.4674	0.0000	1.0515
1286	186.7309	81.2596	0.0000	1.0521
1287	186.7309	81.8984	0.0000	1.0527
1288	186.7309	83.3813	0.0000	1.0533
1289	186.7309	70.7510	0.0000	1.0538
1290	186.7309	74.7535	0.0000	1.0544
1291	186.7309	78.3236	0.0000	1.0550
1292	186.7309	76.5567	0.0000	1.0556
1293	186.7309	87.0903	0.0000	1.0562
1294	186.7309	84.0137	0.0000	1.0569
1295	186.7309	79.2043	0.0000	1.0575
1296	186.7309	75.8773	0.0000	1.0581
1297	186.7309	79.6335	0.0000	1.0586
1298	186.7309	75.6713	0.0000	1.0592
1299	186.7309	82.5472	0.0000	1.0598
1300	186.7309	71.7374	0.0000	1.0604
1301	186.7309	73.1867	0.0000	1.0610
1302	186.7309	75.3444	0.0000	1.0616
1303	186.7309	77.4199	0.0000	1.0622
1304	186.7309	82.0922	0.0000	1.0628
1305	186.7309	72.6896	0.0000	1.0633
1306	186.7309	81.6662	0.0000	1.0639
1307	186.7309	75.3558	0.0000	1.0645
1308	186.7309	79.4663	0.0000	1.0651
1309	186.7309	76.7976	0.0000	1.0657
1310	186.7309	80.1990	0.0000	1.0663
1311	186.7309	78.3981	0.0000	1.0669
1312	186.7309	79.5605	0.0000	1.0675
1313	186.7309	85.7823	0.0000	1.0680
1314	186.7309	82.6773	0.0000	1.0686
1315	186.7309	79.2474	0.0000	1.0692
1316	186.7309	82.9128	0.0000	1.0698
1317	186.7309	82.3349	0.0000	1.0703
1318	186.7309	83.1771	0.0000	1.0709
1319	186.7309	75.0178	0.0000	1.0715
1320	186.7309	82.4113	0.0000	1.0721
1321	186.7309	81.9369	0.0000	1.0727
1322	186.7309	78.4405	0.0000	1.0733
1323	186.7309	77.0030	0.0000	1.0738
1324	186.7309	79.5459	0.0000	1.0744
1325	186.7309	82.2859	0.0000	1.0750
1326	186.7309	84.4124	0.0000	1.0755
1327	186.7309	84.1667	0.0000	1.0761
1328	186.7309	84.2331	0.0000	1.0767
1329	186.7309	77.1972	0.0000	1.0773
1330	186.7309	78.9743	0.0000	1.0779
1331	186.7309	71.3793	0.0000	1.0785
1332	186.7309	84.2277	0.0000	1.0791
Pos: [-0.8003191688082483, -1.4251284052305246]

=================================================================================================================