ID: CF4	Date: 2019-05-03 19:57:18	Runs: 1
=================================================================================================================
Run: 0
Iter	Gbest	AvrFit	Diver	ETime	
0	-356.9765	-1199.3574	0.0000	0.0045
1	-335.0547	-1111.4333	0.0000	0.0080
2	-206.7484	-1021.6569	0.0000	0.0116
3	-140.0040	-996.1959	0.0000	0.0151
4	-140.0040	-983.7793	0.0000	0.0186
5	-106.7232	-950.8712	0.0000	0.0221
6	-106.7232	-907.5111	0.0000	0.0255
7	-106.7232	-880.2644	0.0000	0.0290
8	-106.7232	-863.6896	0.0000	0.0326
9	-106.7232	-833.6010	0.0000	0.0361
10	-106.7232	-823.3716	0.0000	0.0396
11	-81.4924	-819.3132	0.0000	0.0431
12	-81.4924	-765.0251	0.0000	0.0465
13	-47.8434	-767.5076	0.0000	0.0500
14	-47.8434	-750.0388	0.0000	0.0534
15	-25.0077	-697.2211	0.0000	0.0569
16	-19.9347	-694.3618	0.0000	0.0603
17	-19.9347	-695.6742	0.0000	0.0638
18	-19.9347	-655.3658	0.0000	0.0672
19	-17.0496	-659.2916	0.0000	0.0707
20	-17.0496	-655.4359	0.0000	0.0742
21	-17.0496	-678.0461	0.0000	0.0777
22	-17.0496	-719.0492	0.0000	0.0814
23	-15.9112	-696.0351	0.0000	0.0850
24	-15.9112	-720.5526	0.0000	0.0885
25	-15.9112	-770.4760	0.0000	0.0921
26	-15.9112	-784.9186	0.0000	0.0956
27	-15.9112	-809.3823	0.0000	0.0991
28	-5.6529	-836.9409	0.0000	0.1026
29	-5.6529	-818.0634	0.0000	0.1063
30	-5.6529	-886.5222	0.0000	0.1098
31	-5.6529	-874.2568	0.0000	0.1141
32	-5.6529	-860.5025	0.0000	0.1177
33	-5.6529	-917.5973	0.0000	0.1214
34	-5.6529	-905.3238	0.0000	0.1252
35	-5.6529	-993.0624	0.0000	0.1287
36	-5.6529	-911.6340	0.0000	0.1322
37	-5.6529	-890.1451	0.0000	0.1357
38	-5.6529	-860.4367	0.0000	0.1392
39	-5.6529	-792.3025	0.0000	0.1427
40	-5.6529	-824.2986	0.0000	0.1462
41	-5.6529	-824.2529	0.0000	0.1497
42	-5.6529	-776.4678	0.0000	0.1533
43	-5.6529	-757.0499	0.0000	0.1569
44	-5.6529	-737.1930	0.0000	0.1605
45	-5.6529	-744.7725	0.0000	0.1640
46	-4.2387	-680.0331	0.0000	0.1675
47	-4.2387	-683.0188	0.0000	0.1710
48	-4.2387	-668.7937	0.0000	0.1746
49	-2.0200	-661.7755	0.0000	0.1780
50	-2.0200	-635.7456	0.0000	0.1816
51	-2.0200	-631.5460	0.0000	0.1851
52	-2.0200	-641.9509	0.0000	0.1886
53	-2.0200	-661.4928	0.0000	0.1922
54	-2.0200	-632.1568	0.0000	0.1957
55	-2.0200	-643.0539	0.0000	0.2004
56	-2.0200	-611.2469	0.0000	0.2049
57	-2.0200	-580.3477	0.0000	0.2092
58	-2.0200	-624.7606	0.0000	0.2135
59	-2.0200	-584.8582	0.0000	0.2180
60	-2.0200	-620.7504	0.0000	0.2237
61	-2.0200	-655.8855	0.0000	0.2282
62	-2.0200	-677.5315	0.0000	0.2324
63	-2.0200	-633.4613	0.0000	0.2368
64	-2.0200	-648.3880	0.0000	0.2405
65	-2.0200	-653.5093	0.0000	0.2444
66	-2.0200	-693.7319	0.0000	0.2483
67	-2.0200	-637.2382	0.0000	0.2522
68	-2.0200	-672.2841	0.0000	0.2560
69	-2.0200	-691.2826	0.0000	0.2599
70	-1.7694	-686.8129	0.0000	0.2636
71	-1.7694	-687.2640	0.0000	0.2676
72	-1.7694	-673.3445	0.0000	0.2717
73	-1.7694	-755.8739	0.0000	0.2757
74	-1.7694	-728.0997	0.0000	0.2795
75	-1.7694	-778.3387	0.0000	0.2835
76	-1.1955	-736.2873	0.0000	0.2873
77	-1.1243	-718.1993	0.0000	0.2913
78	-0.1120	-767.4728	0.0000	0.2952
79	-0.1120	-762.1275	0.0000	0.2999
80	-0.1120	-763.7576	0.0000	0.3037
81	-0.1120	-782.6051	0.0000	0.3078
82	-0.1120	-784.2760	0.0000	0.3116
83	-0.1120	-772.7694	0.0000	0.3159
84	-0.1120	-790.5433	0.0000	0.3206
85	-0.1120	-772.2985	0.0000	0.3247
86	-0.1120	-729.1023	0.0000	0.3294
87	-0.1120	-720.5536	0.0000	0.3345
88	-0.1120	-692.4737	0.0000	0.3395
89	-0.1120	-707.6248	0.0000	0.3436
90	-0.1120	-675.8490	0.0000	0.3475
91	-0.1120	-683.4914	0.0000	0.3512
92	-0.1120	-657.5013	0.0000	0.3547
93	-0.1120	-658.6142	0.0000	0.3586
94	-0.1120	-631.5042	0.0000	0.3623
95	-0.1120	-624.4550	0.0000	0.3660
96	-0.1120	-657.6399	0.0000	0.3697
97	-0.1120	-641.0073	0.0000	0.3733
98	-0.1120	-632.8900	0.0000	0.3770
99	-0.0302	-588.3813	0.0000	0.3808
100	-0.0302	-605.5333	0.0000	0.3847
101	-0.0302	-607.5797	0.0000	0.3883
102	-0.0302	-594.0391	0.0000	0.3922
103	-0.0302	-575.2095	0.0000	0.3959
104	-0.0302	-568.8205	0.0000	0.3998
105	-0.0302	-546.4116	0.0000	0.4040
106	-0.0302	-558.9375	0.0000	0.4084
107	-0.0302	-571.6266	0.0000	0.4126
108	-0.0302	-566.2197	0.0000	0.4174
109	-0.0302	-580.1459	0.0000	0.4218
110	-0.0302	-581.1635	0.0000	0.4264
111	-0.0302	-581.5721	0.0000	0.4315
112	-0.0302	-618.9974	0.0000	0.4361
113	-0.0302	-624.7138	0.0000	0.4407
114	-0.0302	-585.0374	0.0000	0.4452
115	-0.0302	-629.4453	0.0000	0.4497
116	-0.0302	-608.3643	0.0000	0.4541
117	-0.0302	-605.6330	0.0000	0.4579
118	-0.0302	-590.4568	0.0000	0.4615
119	-0.0302	-625.4526	0.0000	0.4651
120	-0.0302	-631.9053	0.0000	0.4690
121	-0.0302	-624.4788	0.0000	0.4726
122	-0.0302	-629.5406	0.0000	0.4764
123	-0.0302	-648.1445	0.0000	0.4808
124	-0.0302	-611.7191	0.0000	0.4850
125	-0.0302	-602.2161	0.0000	0.4892
126	-0.0302	-621.9806	0.0000	0.4937
127	-0.0302	-630.1924	0.0000	0.4974
128	-0.0282	-676.8751	0.0000	0.5014
129	-0.0282	-630.2571	0.0000	0.5053
130	-0.0282	-612.0347	0.0000	0.5094
131	-0.0282	-702.0091	0.0000	0.5135
132	-0.0282	-633.9915	0.0000	0.5179
133	-0.0090	-664.5156	0.0000	0.5222
134	-0.0053	-683.2538	0.0000	0.5263
135	-0.0053	-639.6215	0.0000	0.5307
136	-0.0053	-706.6903	0.0000	0.5356
137	-0.0053	-680.5253	0.0000	0.5402
138	-0.0053	-685.6658	0.0000	0.5450
139	-0.0036	-669.0698	0.0000	0.5496
140	-0.0036	-702.4436	0.0000	0.5542
141	-0.0036	-659.7112	0.0000	0.5590
142	-0.0036	-655.7870	0.0000	0.5638
143	-0.0036	-671.8695	0.0000	0.5684
144	-0.0036	-661.9652	0.0000	0.5732
145	-0.0036	-659.8481	0.0000	0.5779
146	-0.0036	-673.8890	0.0000	0.5825
147	-0.0029	-655.0821	0.0000	0.5873
148	-0.0029	-692.4102	0.0000	0.5919
149	-0.0029	-660.2161	0.0000	0.5963
150	-0.0029	-657.0845	0.0000	0.6010
151	-0.0029	-647.4285	0.0000	0.6054
152	-0.0029	-608.9320	0.0000	0.6098
153	-0.0029	-632.4285	0.0000	0.6142
154	-0.0029	-619.5165	0.0000	0.6187
155	-0.0029	-598.2619	0.0000	0.6231
156	-0.0029	-590.4216	0.0000	0.6275
157	-0.0029	-581.7285	0.0000	0.6319
158	-0.0029	-572.8033	0.0000	0.6362
159	-0.0029	-592.1276	0.0000	0.6414
160	-0.0029	-585.9773	0.0000	0.6458
161	-0.0017	-585.1009	0.0000	0.6503
162	-0.0017	-562.9842	0.0000	0.6556
163	-0.0017	-581.0413	0.0000	0.6605
164	-0.0017	-558.6661	0.0000	0.6657
165	-0.0017	-564.4238	0.0000	0.6694
166	-0.0017	-538.5752	0.0000	0.6731
167	-0.0017	-523.8280	0.0000	0.6768
168	-0.0017	-526.9502	0.0000	0.6805
169	-0.0017	-533.7317	0.0000	0.6844
170	-0.0017	-503.9568	0.0000	0.6886
171	-0.0017	-508.1480	0.0000	0.6929
172	-0.0017	-504.4357	0.0000	0.6979
173	-0.0017	-489.3188	0.0000	0.7058
174	-0.0017	-498.0090	0.0000	0.7115
175	-0.0017	-510.2989	0.0000	0.7164
176	-0.0017	-530.3843	0.0000	0.7213
177	-0.0017	-542.4808	0.0000	0.7263
178	-0.0017	-515.1944	0.0000	0.7309
179	-0.0017	-567.3566	0.0000	0.7358
180	-0.0011	-543.1932	0.0000	0.7401
181	-0.0011	-530.1852	0.0000	0.7443
182	-0.0011	-587.8526	0.0000	0.7480
183	-0.0011	-547.8642	0.0000	0.7517
184	-0.0011	-529.4244	0.0000	0.7554
185	-0.0011	-533.3232	0.0000	0.7593
186	-0.0011	-563.7140	0.0000	0.7635
187	-0.0011	-573.0959	0.0000	0.7676
188	-0.0011	-584.4702	0.0000	0.7721
189	-0.0011	-565.5659	0.0000	0.7766
190	-0.0011	-599.0469	0.0000	0.7805
191	-0.0008	-600.0096	0.0000	0.7843
192	-0.0008	-592.6170	0.0000	0.7881
193	-0.0004	-624.5432	0.0000	0.7921
194	-0.0004	-561.5361	0.0000	0.7961
195	-0.0004	-602.6846	0.0000	0.8000
196	-0.0004	-599.6562	0.0000	0.8043
197	-0.0004	-591.8632	0.0000	0.8085
198	-0.0004	-601.1037	0.0000	0.8124
199	-0.0004	-553.8954	0.0000	0.8163
200	-0.0004	-600.0226	0.0000	0.8203
201	-0.0004	-574.6562	0.0000	0.8244
202	-0.0004	-557.3754	0.0000	0.8284
203	-0.0001	-579.8838	0.0000	0.8326
204	-0.0001	-553.5353	0.0000	0.8372
205	-0.0001	-566.1661	0.0000	0.8416
206	-0.0001	-588.5275	0.0000	0.8461
207	-0.0001	-575.5814	0.0000	0.8505
208	-0.0001	-560.7082	0.0000	0.8545
209	-0.0000	-593.5099	0.0000	0.8585
210	-0.0000	-585.7988	0.0000	0.8623
211	-0.0000	-601.3130	0.0000	0.8663
212	-0.0000	-585.7396	0.0000	0.8706
213	-0.0000	-618.8088	0.0000	0.8761
214	-0.0000	-590.4194	0.0000	0.8810
215	-0.0000	-588.9680	0.0000	0.8856
216	-0.0000	-586.7100	0.0000	0.8924
217	-0.0000	-573.9855	0.0000	0.8974
218	-0.0000	-571.0735	0.0000	0.9021
219	-0.0000	-550.9975	0.0000	0.9067
220	-0.0000	-574.0715	0.0000	0.9115
221	-0.0000	-573.2709	0.0000	0.9159
222	-0.0000	-605.2574	0.0000	0.9202
223	-0.0000	-608.4451	0.0000	0.9252
224	-0.0000	-588.3927	0.0000	0.9300
225	-0.0000	-598.1628	0.0000	0.9345
226	-0.0000	-619.2045	0.0000	0.9388
227	-0.0000	-567.8173	0.0000	0.9429
228	-0.0000	-592.0455	0.0000	0.9470
229	-0.0000	-569.9913	0.0000	0.9509
230	-0.0000	-562.1567	0.0000	0.9549
231	-0.0000	-532.0349	0.0000	0.9588
232	-0.0000	-536.0566	0.0000	0.9626
233	-0.0000	-530.9097	0.0000	0.9666
234	-0.0000	-517.4591	0.0000	0.9718
235	-0.0000	-559.0878	0.0000	0.9762
236	-0.0000	-522.2493	0.0000	0.9803
237	-0.0000	-532.1757	0.0000	0.9843
238	-0.0000	-500.1453	0.0000	0.9888
239	-0.0000	-503.4152	0.0000	0.9928
240	-0.0000	-505.4825	0.0000	0.9966
241	-0.0000	-521.2006	0.0000	1.0007
242	-0.0000	-494.0681	0.0000	1.0046
243	-0.0000	-506.0434	0.0000	1.0084
244	-0.0000	-502.7505	0.0000	1.0123
245	-0.0000	-480.1339	0.0000	1.0164
246	-0.0000	-471.0178	0.0000	1.0210
247	-0.0000	-484.9657	0.0000	1.0254
248	-0.0000	-468.7421	0.0000	1.0294
249	-0.0000	-491.1771	0.0000	1.0334
250	-0.0000	-481.0120	0.0000	1.0382
251	-0.0000	-506.6567	0.0000	1.0433
252	-0.0000	-504.2696	0.0000	1.0477
253	-0.0000	-512.0284	0.0000	1.0518
254	-0.0000	-550.2968	0.0000	1.0557
255	-0.0000	-535.8213	0.0000	1.0599
256	-0.0000	-538.0865	0.0000	1.0652
257	-0.0000	-558.6936	0.0000	1.0695
258	-0.0000	-576.3193	0.0000	1.0738
259	-0.0000	-545.9871	0.0000	1.0783
260	-0.0000	-564.8015	0.0000	1.0827
261	-0.0000	-563.0065	0.0000	1.0867
262	-0.0000	-551.0529	0.0000	1.0904
263	-0.0000	-559.5687	0.0000	1.0942
264	-0.0000	-542.3872	0.0000	1.0979
265	-0.0000	-524.6253	0.0000	1.1023
266	-0.0000	-571.6029	0.0000	1.1060
267	-0.0000	-595.0317	0.0000	1.1110
268	-0.0000	-561.6789	0.0000	1.1164
269	-0.0000	-575.2383	0.0000	1.1211
270	-0.0000	-545.8367	0.0000	1.1258
271	-0.0000	-565.8112	0.0000	1.1296
272	-0.0000	-555.8127	0.0000	1.1336
273	-0.0000	-566.9345	0.0000	1.1374
274	-0.0000	-571.6688	0.0000	1.1412
275	-0.0000	-567.9647	0.0000	1.1454
276	-0.0000	-587.2001	0.0000	1.1500
277	-0.0000	-561.6011	0.0000	1.1542
278	-0.0000	-561.1257	0.0000	1.1581
279	-0.0000	-565.9589	0.0000	1.1618
280	-0.0000	-556.5493	0.0000	1.1658
281	-0.0000	-604.1347	0.0000	1.1696
282	-0.0000	-565.1472	0.0000	1.1733
283	-0.0000	-564.9034	0.0000	1.1771
284	-0.0000	-555.5705	0.0000	1.1809
285	-0.0000	-557.6024	0.0000	1.1849
286	-0.0000	-574.0767	0.0000	1.1890
287	-0.0000	-517.1832	0.0000	1.1930
288	-0.0000	-554.6212	0.0000	1.1971
289	-0.0000	-535.6957	0.0000	1.2024
290	-0.0000	-552.6569	0.0000	1.2072
291	-0.0000	-536.3159	0.0000	1.2123
292	-0.0000	-582.4301	0.0000	1.2169
293	-0.0000	-569.9934	0.0000	1.2220
294	-0.0000	-576.6186	0.0000	1.2268
295	-0.0000	-572.6464	0.0000	1.2325
296	-0.0000	-563.7273	0.0000	1.2393
297	-0.0000	-560.7011	0.0000	1.2449
298	-0.0000	-594.8222	0.0000	1.2505
299	-0.0000	-599.2520	0.0000	1.2567
300	-0.0000	-570.8752	0.0000	1.2621
301	-0.0000	-585.6723	0.0000	1.2667
302	-0.0000	-594.6112	0.0000	1.2712
303	-0.0000	-595.5270	0.0000	1.2756
304	-0.0000	-633.1715	0.0000	1.2795
305	-0.0000	-604.8884	0.0000	1.2836
306	-0.0000	-600.6303	0.0000	1.2877
307	-0.0000	-633.3761	0.0000	1.2919
308	-0.0000	-610.1061	0.0000	1.2965
309	-0.0000	-671.7731	0.0000	1.3014
310	-0.0000	-612.6264	0.0000	1.3056
311	-0.0000	-583.1335	0.0000	1.3109
312	-0.0000	-611.2084	0.0000	1.3162
313	-0.0000	-576.6853	0.0000	1.3204
314	-0.0000	-553.6653	0.0000	1.3244
315	-0.0000	-597.6839	0.0000	1.3284
316	-0.0000	-544.9412	0.0000	1.3328
317	-0.0000	-579.2007	0.0000	1.3374
318	-0.0000	-562.0199	0.0000	1.3413
319	-0.0000	-570.3269	0.0000	1.3453
320	-0.0000	-595.4289	0.0000	1.3497
321	-0.0000	-557.9196	0.0000	1.3538
322	-0.0000	-595.2844	0.0000	1.3577
323	-0.0000	-553.6247	0.0000	1.3621
324	-0.0000	-578.4064	0.0000	1.3661
325	-0.0000	-566.9771	0.0000	1.3698
326	-0.0000	-531.1087	0.0000	1.3737
327	-0.0000	-557.2935	0.0000	1.3778
328	-0.0000	-560.6254	0.0000	1.3815
329	-0.0000	-533.1408	0.0000	1.3855
330	-0.0000	-544.1256	0.0000	1.3896
331	-0.0000	-549.0006	0.0000	1.3935
332	-0.0000	-517.4671	0.0000	1.3973
333	-0.0000	-513.9960	0.0000	1.4011
334	-0.0000	-553.8492	0.0000	1.4048
335	-0.0000	-510.6871	0.0000	1.4089
336	-0.0000	-498.6168	0.0000	1.4128
337	-0.0000	-504.4516	0.0000	1.4170
338	-0.0000	-504.8336	0.0000	1.4211
339	-0.0000	-519.5213	0.0000	1.4250
340	-0.0000	-455.7750	0.0000	1.4287
341	-0.0000	-509.9785	0.0000	1.4331
342	-0.0000	-482.0354	0.0000	1.4370
343	-0.0000	-524.2358	0.0000	1.4411
344	-0.0000	-515.3673	0.0000	1.4452
345	-0.0000	-522.0733	0.0000	1.4490
346	-0.0000	-476.0890	0.0000	1.4531
347	-0.0000	-525.0173	0.0000	1.4579
348	-0.0000	-518.9336	0.0000	1.4620
349	-0.0000	-538.0390	0.0000	1.4660
350	-0.0000	-549.4525	0.0000	1.4700
351	-0.0000	-541.4343	0.0000	1.4740
352	-0.0000	-532.7295	0.0000	1.4783
353	-0.0000	-551.0111	0.0000	1.4822
354	-0.0000	-526.4940	0.0000	1.4862
355	-0.0000	-531.1440	0.0000	1.4904
356	-0.0000	-510.9951	0.0000	1.4944
357	-0.0000	-503.2105	0.0000	1.4983
358	-0.0000	-514.4480	0.0000	1.5025
359	-0.0000	-552.2407	0.0000	1.5063
360	-0.0000	-527.4989	0.0000	1.5102
361	-0.0000	-542.0540	0.0000	1.5142
362	-0.0000	-504.4429	0.0000	1.5179
363	-0.0000	-539.8262	0.0000	1.5219
364	-0.0000	-525.5349	0.0000	1.5264
365	-0.0000	-563.2979	0.0000	1.5302
366	-0.0000	-536.9814	0.0000	1.5341
367	-0.0000	-544.7748	0.0000	1.5384
368	-0.0000	-529.0823	0.0000	1.5426
369	-0.0000	-529.1429	0.0000	1.5477
370	-0.0000	-541.6906	0.0000	1.5523
371	-0.0000	-545.7305	0.0000	1.5568
372	-0.0000	-525.3798	0.0000	1.5615
373	-0.0000	-558.9550	0.0000	1.5664
374	-0.0000	-532.1461	0.0000	1.5709
375	-0.0000	-512.1180	0.0000	1.5761
376	-0.0000	-535.0678	0.0000	1.5810
377	-0.0000	-517.8229	0.0000	1.5855
378	-0.0000	-571.6204	0.0000	1.5902
379	-0.0000	-565.3168	0.0000	1.5951
380	-0.0000	-565.5243	0.0000	1.5995
381	-0.0000	-518.3041	0.0000	1.6039
382	-0.0000	-521.5844	0.0000	1.6088
383	-0.0000	-561.2830	0.0000	1.6130
384	-0.0000	-601.8612	0.0000	1.6182
385	-0.0000	-568.0557	0.0000	1.6232
386	-0.0000	-557.1048	0.0000	1.6288
387	-0.0000	-531.0275	0.0000	1.6339
388	-0.0000	-574.1495	0.0000	1.6389
389	-0.0000	-528.7432	0.0000	1.6434
390	-0.0000	-553.2733	0.0000	1.6480
391	-0.0000	-541.1333	0.0000	1.6541
392	-0.0000	-559.2404	0.0000	1.6588
393	-0.0000	-566.0826	0.0000	1.6631
394	-0.0000	-556.2225	0.0000	1.6668
395	-0.0000	-532.9054	0.0000	1.6707
396	-0.0000	-532.3070	0.0000	1.6747
397	-0.0000	-562.9053	0.0000	1.6796
398	-0.0000	-549.5360	0.0000	1.6846
399	-0.0000	-543.7769	0.0000	1.6892
400	-0.0000	-548.3872	0.0000	1.6940
401	-0.0000	-573.8007	0.0000	1.6986
402	-0.0000	-567.8336	0.0000	1.7027
403	-0.0000	-544.3205	0.0000	1.7069
404	-0.0000	-540.1095	0.0000	1.7116
405	-0.0000	-538.5354	0.0000	1.7161
406	-0.0000	-558.9121	0.0000	1.7199
407	-0.0000	-544.2266	0.0000	1.7239
408	-0.0000	-508.8247	0.0000	1.7278
409	-0.0000	-536.7558	0.0000	1.7323
410	-0.0000	-559.6296	0.0000	1.7361
411	-0.0000	-562.9629	0.0000	1.7398
412	-0.0000	-530.5189	0.0000	1.7437
413	-0.0000	-512.0108	0.0000	1.7476
414	-0.0000	-529.5551	0.0000	1.7516
415	-0.0000	-538.1372	0.0000	1.7554
416	-0.0000	-500.9234	0.0000	1.7595
417	-0.0000	-511.6574	0.0000	1.7634
418	-0.0000	-508.6861	0.0000	1.7675
419	-0.0000	-514.8432	0.0000	1.7721
420	-0.0000	-466.0454	0.0000	1.7773
421	-0.0000	-554.0901	0.0000	1.7816
422	-0.0000	-505.5453	0.0000	1.7866
423	-0.0000	-494.7659	0.0000	1.7908
424	-0.0000	-497.7833	0.0000	1.7949
425	-0.0000	-514.8349	0.0000	1.7999
426	-0.0000	-504.7688	0.0000	1.8044
427	-0.0000	-507.9762	0.0000	1.8082
428	-0.0000	-497.3430	0.0000	1.8121
429	-0.0000	-511.1041	0.0000	1.8162
430	-0.0000	-512.0726	0.0000	1.8203
431	-0.0000	-485.3113	0.0000	1.8244
432	-0.0000	-504.8468	0.0000	1.8284
433	-0.0000	-471.0723	0.0000	1.8336
434	-0.0000	-493.8728	0.0000	1.8390
435	-0.0000	-457.0596	0.0000	1.8430
436	-0.0000	-467.2208	0.0000	1.8468
437	-0.0000	-448.9385	0.0000	1.8505
438	-0.0000	-471.4481	0.0000	1.8542
439	-0.0000	-487.9074	0.0000	1.8579
440	-0.0000	-461.1380	0.0000	1.8619
441	-0.0000	-451.0850	0.0000	1.8668
442	-0.0000	-439.3767	0.0000	1.8708
443	-0.0000	-457.6884	0.0000	1.8748
444	-0.0000	-455.2310	0.0000	1.8794
445	-0.0000	-454.8518	0.0000	1.8836
446	-0.0000	-507.9177	0.0000	1.8877
447	-0.0000	-471.8134	0.0000	1.8916
448	-0.0000	-458.2097	0.0000	1.8958
449	-0.0000	-470.4831	0.0000	1.9002
450	-0.0000	-478.3376	0.0000	1.9044
451	-0.0000	-477.7727	0.0000	1.9094
452	-0.0000	-506.6744	0.0000	1.9141
453	-0.0000	-483.6005	0.0000	1.9188
454	-0.0000	-475.7073	0.0000	1.9232
455	-0.0000	-490.8816	0.0000	1.9277
456	-0.0000	-501.2354	0.0000	1.9325
457	-0.0000	-481.3492	0.0000	1.9374
458	-0.0000	-474.8501	0.0000	1.9431
459	-0.0000	-457.0402	0.0000	1.9480
460	-0.0000	-472.0668	0.0000	1.9532
461	-0.0000	-481.2567	0.0000	1.9579
462	-0.0000	-474.6510	0.0000	1.9628
463	-0.0000	-469.3151	0.0000	1.9679
464	-0.0000	-460.1748	0.0000	1.9728
465	-0.0000	-437.2868	0.0000	1.9775
466	-0.0000	-464.1165	0.0000	1.9822
467	-0.0000	-453.6636	0.0000	1.9873
468	-0.0000	-475.0417	0.0000	1.9920
469	-0.0000	-470.0849	0.0000	1.9968
470	-0.0000	-477.0619	0.0000	2.0018
471	-0.0000	-465.3387	0.0000	2.0062
472	-0.0000	-466.6450	0.0000	2.0107
473	-0.0000	-436.9379	0.0000	2.0154
474	-0.0000	-457.6648	0.0000	2.0196
475	-0.0000	-430.6901	0.0000	2.0240
476	-0.0000	-424.1321	0.0000	2.0290
477	-0.0000	-444.2097	0.0000	2.0338
478	-0.0000	-433.7741	0.0000	2.0394
479	-0.0000	-480.6856	0.0000	2.0441
480	-0.0000	-460.8371	0.0000	2.0479
481	-0.0000	-451.5729	0.0000	2.0516
482	-0.0000	-460.5822	0.0000	2.0558
483	-0.0000	-458.5886	0.0000	2.0597
484	-0.0000	-446.8517	0.0000	2.0636
485	-0.0000	-439.8877	0.0000	2.0681
486	-0.0000	-454.5070	0.0000	2.0726
487	-0.0000	-414.7599	0.0000	2.0768
488	-0.0000	-440.8680	0.0000	2.0806
489	-0.0000	-475.0943	0.0000	2.0844
490	-0.0000	-432.4579	0.0000	2.0880
491	-0.0000	-449.2367	0.0000	2.0918
492	-0.0000	-447.8935	0.0000	2.0955
493	-0.0000	-429.3185	0.0000	2.0997
494	-0.0000	-451.4770	0.0000	2.1035
495	-0.0000	-476.8769	0.0000	2.1073
496	-0.0000	-474.2218	0.0000	2.1110
497	-0.0000	-446.7822	0.0000	2.1148
498	-0.0000	-471.0737	0.0000	2.1187
499	-0.0000	-472.1312	0.0000	2.1224
500	-0.0000	-432.7805	0.0000	2.1267
501	-0.0000	-450.4432	0.0000	2.1303
502	-0.0000	-432.2592	0.0000	2.1338
503	-0.0000	-526.2407	0.0000	2.1374
504	-0.0000	-475.5908	0.0000	2.1409
505	-0.0000	-506.2630	0.0000	2.1444
506	-0.0000	-470.4016	0.0000	2.1485
507	-0.0000	-476.7209	0.0000	2.1532
508	-0.0000	-469.2815	0.0000	2.1573
509	-0.0000	-492.0812	0.0000	2.1610
510	-0.0000	-525.7456	0.0000	2.1649
511	-0.0000	-502.3112	0.0000	2.1685
512	-0.0000	-475.4817	0.0000	2.1723
513	-0.0000	-476.0290	0.0000	2.1761
514	-0.0000	-461.0740	0.0000	2.1804
515	-0.0000	-503.9209	0.0000	2.1844
516	-0.0000	-506.2920	0.0000	2.1883
517	-0.0000	-495.2690	0.0000	2.1919
518	-0.0000	-504.2614	0.0000	2.1957
519	-0.0000	-500.3086	0.0000	2.1999
520	-0.0000	-486.6048	0.0000	2.2037
521	-0.0000	-505.8566	0.0000	2.2080
522	-0.0000	-516.5456	0.0000	2.2116
523	-0.0000	-528.0557	0.0000	2.2154
524	-0.0000	-500.2643	0.0000	2.2191
525	-0.0000	-452.3054	0.0000	2.2227
526	-0.0000	-475.9367	0.0000	2.2267
527	-0.0000	-503.3698	0.0000	2.2303
528	-0.0000	-474.9550	0.0000	2.2339
529	-0.0000	-475.2520	0.0000	2.2375
530	-0.0000	-497.0560	0.0000	2.2410
531	-0.0000	-479.6962	0.0000	2.2446
532	-0.0000	-454.2428	0.0000	2.2483
533	-0.0000	-468.6607	0.0000	2.2520
534	-0.0000	-467.7753	0.0000	2.2556
535	-0.0000	-481.6222	0.0000	2.2592
536	-0.0000	-479.5250	0.0000	2.2627
537	-0.0000	-466.4000	0.0000	2.2667
538	-0.0000	-462.8321	0.0000	2.2706
539	-0.0000	-475.8439	0.0000	2.2745
540	-0.0000	-451.3895	0.0000	2.2783
541	-0.0000	-463.6909	0.0000	2.2824
542	-0.0000	-478.0239	0.0000	2.2863
543	-0.0000	-472.8018	0.0000	2.2901
544	-0.0000	-456.9114	0.0000	2.2939
545	-0.0000	-439.9779	0.0000	2.2978
546	-0.0000	-436.8847	0.0000	2.3018
547	-0.0000	-434.1181	0.0000	2.3057
548	-0.0000	-456.6412	0.0000	2.3096
549	-0.0000	-462.6476	0.0000	2.3136
550	-0.0000	-475.6953	0.0000	2.3175
551	-0.0000	-447.4409	0.0000	2.3216
552	-0.0000	-434.1043	0.0000	2.3257
553	-0.0000	-429.2726	0.0000	2.3300
554	-0.0000	-450.2969	0.0000	2.3340
555	-0.0000	-451.8856	0.0000	2.3378
556	-0.0000	-457.0570	0.0000	2.3417
557	-0.0000	-445.2143	0.0000	2.3454
558	-0.0000	-430.7054	0.0000	2.3496
559	-0.0000	-437.5991	0.0000	2.3536
560	-0.0000	-481.8007	0.0000	2.3573
561	-0.0000	-449.6417	0.0000	2.3614
562	-0.0000	-476.7152	0.0000	2.3650
563	-0.0000	-446.4514	0.0000	2.3689
564	-0.0000	-460.8129	0.0000	2.3733
565	-0.0000	-480.0385	0.0000	2.3768
566	-0.0000	-479.7439	0.0000	2.3810
567	-0.0000	-486.1515	0.0000	2.3848
568	-0.0000	-531.4553	0.0000	2.3886
569	-0.0000	-555.5304	0.0000	2.3922
570	-0.0000	-527.3865	0.0000	2.3960
571	-0.0000	-549.5961	0.0000	2.3998
572	-0.0000	-519.5396	0.0000	2.4038
573	-0.0000	-532.0278	0.0000	2.4076
574	-0.0000	-541.4939	0.0000	2.4114
575	-0.0000	-530.4414	0.0000	2.4151
576	-0.0000	-540.3233	0.0000	2.4186
577	-0.0000	-515.7854	0.0000	2.4222
578	-0.0000	-522.6921	0.0000	2.4259
579	-0.0000	-508.4556	0.0000	2.4298
580	-0.0000	-544.2128	0.0000	2.4334
581	-0.0000	-519.0915	0.0000	2.4375
582	-0.0000	-553.1487	0.0000	2.4411
583	-0.0000	-537.5186	0.0000	2.4449
584	-0.0000	-536.3748	0.0000	2.4486
585	-0.0000	-542.6591	0.0000	2.4521
586	-0.0000	-547.9818	0.0000	2.4558
587	-0.0000	-519.0862	0.0000	2.4598
588	-0.0000	-499.9412	0.0000	2.4633
589	-0.0000	-550.6578	0.0000	2.4668
590	-0.0000	-534.1780	0.0000	2.4703
591	-0.0000	-516.9894	0.0000	2.4737
592	-0.0000	-537.8001	0.0000	2.4774
593	-0.0000	-528.1738	0.0000	2.4811
594	-0.0000	-538.4732	0.0000	2.4849
595	-0.0000	-541.2902	0.0000	2.4886
596	-0.0000	-535.1012	0.0000	2.4924
597	-0.0000	-557.8249	0.0000	2.4961
598	-0.0000	-581.4755	0.0000	2.5003
599	-0.0000	-562.7387	0.0000	2.5039
600	-0.0000	-576.8926	0.0000	2.5074
601	-0.0000	-569.9508	0.0000	2.5112
602	-0.0000	-557.0168	0.0000	2.5148
603	-0.0000	-596.8751	0.0000	2.5183
604	-0.0000	-520.2883	0.0000	2.5219
605	-0.0000	-534.7899	0.0000	2.5255
606	-0.0000	-549.2469	0.0000	2.5290
607	-0.0000	-540.6893	0.0000	2.5326
608	-0.0000	-549.5743	0.0000	2.5362
609	-0.0000	-534.3057	0.0000	2.5398
610	-0.0000	-526.6645	0.0000	2.5433
611	-0.0000	-522.7650	0.0000	2.5469
612	-0.0000	-496.6777	0.0000	2.5504
613	-0.0000	-530.5572	0.0000	2.5542
614	-0.0000	-509.5657	0.0000	2.5580
615	-0.0000	-541.6249	0.0000	2.5617
616	-0.0000	-518.6462	0.0000	2.5656
617	-0.0000	-562.7214	0.0000	2.5692
618	-0.0000	-529.3420	0.0000	2.5729
619	-0.0000	-535.0526	0.0000	2.5764
620	-0.0000	-516.0118	0.0000	2.5800
621	-0.0000	-533.3916	0.0000	2.5838
622	-0.0000	-526.4604	0.0000	2.5874
623	-0.0000	-529.9392	0.0000	2.5909
624	-0.0000	-501.9727	0.0000	2.5946
625	-0.0000	-485.5890	0.0000	2.5984
626	-0.0000	-501.0226	0.0000	2.6020
627	-0.0000	-495.4226	0.0000	2.6058
628	-0.0000	-469.7244	0.0000	2.6095
629	-0.0000	-514.0705	0.0000	2.6132
630	-0.0000	-509.8902	0.0000	2.6169
631	-0.0000	-502.6387	0.0000	2.6205
632	-0.0000	-469.9328	0.0000	2.6243
633	-0.0000	-498.8234	0.0000	2.6278
634	-0.0000	-486.5415	0.0000	2.6315
635	-0.0000	-486.9280	0.0000	2.6350
636	-0.0000	-483.0424	0.0000	2.6387
637	-0.0000	-493.2930	0.0000	2.6424
638	-0.0000	-495.3629	0.0000	2.6461
639	-0.0000	-498.2047	0.0000	2.6502
640	-0.0000	-518.6511	0.0000	2.6544
641	-0.0000	-490.1746	0.0000	2.6586
642	-0.0000	-520.5779	0.0000	2.6627
643	-0.0000	-499.1855	0.0000	2.6669
644	-0.0000	-512.4509	0.0000	2.6709
645	-0.0000	-488.3924	0.0000	2.6757
646	-0.0000	-502.2575	0.0000	2.6799
647	-0.0000	-508.0005	0.0000	2.6835
648	-0.0000	-468.4810	0.0000	2.6873
649	-0.0000	-477.6764	0.0000	2.6909
650	-0.0000	-500.5854	0.0000	2.6945
651	-0.0000	-512.8274	0.0000	2.6981
652	-0.0000	-514.5492	0.0000	2.7017
653	-0.0000	-500.1578	0.0000	2.7053
654	-0.0000	-462.5634	0.0000	2.7089
655	-0.0000	-517.1855	0.0000	2.7125
656	-0.0000	-483.6979	0.0000	2.7161
657	-0.0000	-470.8717	0.0000	2.7198
658	-0.0000	-485.9505	0.0000	2.7233
659	-0.0000	-467.4676	0.0000	2.7270
660	-0.0000	-471.1369	0.0000	2.7306
661	-0.0000	-460.1987	0.0000	2.7347
662	-0.0000	-463.6016	0.0000	2.7387
663	-0.0000	-460.2842	0.0000	2.7427
664	-0.0000	-485.9016	0.0000	2.7466
665	-0.0000	-505.5902	0.0000	2.7505
666	-0.0000	-468.8986	0.0000	2.7548
667	-0.0000	-487.0115	0.0000	2.7591
668	-0.0000	-493.8854	0.0000	2.7629
669	-0.0000	-462.0111	0.0000	2.7668
670	-0.0000	-491.2126	0.0000	2.7709
671	-0.0000	-491.0168	0.0000	2.7748
672	-0.0000	-487.4381	0.0000	2.7788
673	-0.0000	-499.8785	0.0000	2.7826
674	-0.0000	-522.0584	0.0000	2.7866
675	-0.0000	-521.1179	0.0000	2.7907
676	-0.0000	-512.5549	0.0000	2.7945
677	-0.0000	-496.3888	0.0000	2.7984
678	-0.0000	-542.6282	0.0000	2.8021
679	-0.0000	-521.2926	0.0000	2.8058
680	-0.0000	-505.6032	0.0000	2.8098
681	-0.0000	-512.4329	0.0000	2.8136
682	-0.0000	-515.0828	0.0000	2.8172
683	-0.0000	-529.4714	0.0000	2.8210
684	-0.0000	-532.1858	0.0000	2.8250
685	-0.0000	-511.4629	0.0000	2.8290
686	-0.0000	-508.0640	0.0000	2.8327
687	-0.0000	-552.6067	0.0000	2.8364
688	-0.0000	-481.4188	0.0000	2.8401
689	-0.0000	-478.7568	0.0000	2.8438
690	-0.0000	-466.1570	0.0000	2.8479
691	-0.0000	-500.7009	0.0000	2.8518
692	-0.0000	-509.7215	0.0000	2.8562
693	-0.0000	-481.1474	0.0000	2.8601
694	-0.0000	-474.6239	0.0000	2.8640
695	-0.0000	-518.1034	0.0000	2.8678
696	-0.0000	-571.6544	0.0000	2.8717
697	-0.0000	-537.7121	0.0000	2.8757
698	-0.0000	-512.0157	0.0000	2.8796
699	-0.0000	-501.7787	0.0000	2.8837
700	-0.0000	-528.6084	0.0000	2.8877
701	-0.0000	-500.2219	0.0000	2.8917
702	-0.0000	-511.0570	0.0000	2.8955
703	-0.0000	-497.8347	0.0000	2.8995
704	-0.0000	-523.5410	0.0000	2.9034
705	-0.0000	-495.6230	0.0000	2.9074
706	-0.0000	-506.2641	0.0000	2.9113
707	-0.0000	-501.4739	0.0000	2.9156
708	-0.0000	-498.6333	0.0000	2.9196
709	-0.0000	-498.0111	0.0000	2.9236
710	-0.0000	-515.8336	0.0000	2.9275
711	-0.0000	-500.5178	0.0000	2.9312
712	-0.0000	-477.8601	0.0000	2.9352
713	-0.0000	-491.9887	0.0000	2.9390
714	-0.0000	-447.9192	0.0000	2.9428
715	-0.0000	-495.2234	0.0000	2.9466
716	-0.0000	-458.6970	0.0000	2.9509
717	-0.0000	-514.1015	0.0000	2.9546
718	-0.0000	-541.0555	0.0000	2.9583
719	-0.0000	-499.3214	0.0000	2.9620
720	-0.0000	-483.0357	0.0000	2.9657
721	-0.0000	-515.3293	0.0000	2.9695
722	-0.0000	-481.3663	0.0000	2.9733
723	-0.0000	-470.2392	0.0000	2.9771
724	-0.0000	-474.0556	0.0000	2.9810
725	-0.0000	-467.1149	0.0000	2.9849
726	-0.0000	-470.6787	0.0000	2.9889
727	-0.0000	-511.6263	0.0000	2.9928
728	-0.0000	-504.2804	0.0000	2.9966
729	-0.0000	-512.8998	0.0000	3.0005
730	-0.0000	-495.4753	0.0000	3.0045
731	-0.0000	-477.1443	0.0000	3.0083
732	-0.0000	-493.1540	0.0000	3.0123
733	-0.0000	-469.0881	0.0000	3.0162
734	-0.0000	-474.4913	0.0000	3.0202
735	-0.0000	-470.6109	0.0000	3.0242
736	-0.0000	-478.8259	0.0000	3.0283
737	-0.0000	-494.0445	0.0000	3.0322
738	-0.0000	-464.8944	0.0000	3.0363
739	-0.0000	-467.4730	0.0000	3.0404
740	-0.0000	-494.8342	0.0000	3.0445
741	-0.0000	-479.4116	0.0000	3.0492
742	-0.0000	-461.2958	0.0000	3.0532
743	-0.0000	-483.7344	0.0000	3.0570
744	-0.0000	-459.6857	0.0000	3.0609
745	-0.0000	-474.2462	0.0000	3.0651
746	-0.0000	-508.7696	0.0000	3.0690
747	-0.0000	-488.8896	0.0000	3.0731
748	-0.0000	-518.3569	0.0000	3.0767
749	-0.0000	-519.8403	0.0000	3.0806
750	-0.0000	-528.9139	0.0000	3.0844
751	-0.0000	-518.9801	0.0000	3.0881
752	-0.0000	-473.4578	0.0000	3.0918
753	-0.0000	-504.3082	0.0000	3.0955
754	-0.0000	-501.4817	0.0000	3.0997
755	-0.0000	-536.9895	0.0000	3.1034
756	-0.0000	-484.7215	0.0000	3.1071
757	-0.0000	-523.1978	0.0000	3.1110
758	-0.0000	-493.7994	0.0000	3.1148
759	-0.0000	-486.8534	0.0000	3.1187
760	-0.0000	-505.0638	0.0000	3.1224
761	-0.0000	-516.7267	0.0000	3.1262
762	-0.0000	-526.1023	0.0000	3.1302
763	-0.0000	-500.8348	0.0000	3.1338
764	-0.0000	-511.5097	0.0000	3.1377
765	-0.0000	-544.7047	0.0000	3.1415
766	-0.0000	-538.8663	0.0000	3.1453
767	-0.0000	-534.4523	0.0000	3.1490
768	-0.0000	-513.7548	0.0000	3.1528
769	-0.0000	-537.9205	0.0000	3.1564
770	-0.0000	-521.5967	0.0000	3.1603
771	-0.0000	-522.9270	0.0000	3.1641
772	-0.0000	-524.1686	0.0000	3.1677
773	-0.0000	-535.7796	0.0000	3.1716
774	-0.0000	-526.6513	0.0000	3.1755
775	-0.0000	-541.2104	0.0000	3.1792
776	-0.0000	-535.2569	0.0000	3.1829
777	-0.0000	-510.8016	0.0000	3.1866
778	-0.0000	-517.7347	0.0000	3.1905
779	-0.0000	-571.7296	0.0000	3.1943
780	-0.0000	-516.9790	0.0000	3.1985
781	-0.0000	-520.4666	0.0000	3.2031
782	-0.0000	-508.5664	0.0000	3.2073
783	-0.0000	-505.4900	0.0000	3.2113
784	-0.0000	-513.5391	0.0000	3.2155
785	-0.0000	-526.7240	0.0000	3.2200
786	-0.0000	-485.4800	0.0000	3.2243
787	-0.0000	-495.5640	0.0000	3.2285
788	-0.0000	-474.1906	0.0000	3.2326
789	-0.0000	-494.3364	0.0000	3.2369
790	-0.0000	-528.1081	0.0000	3.2410
791	-0.0000	-499.6910	0.0000	3.2451
792	-0.0000	-487.9134	0.0000	3.2493
793	-0.0000	-482.2415	0.0000	3.2533
794	-0.0000	-500.6153	0.0000	3.2575
795	-0.0000	-479.4624	0.0000	3.2617
796	-0.0000	-489.2638	0.0000	3.2659
797	-0.0000	-458.9851	0.0000	3.2700
798	-0.0000	-461.4656	0.0000	3.2741
799	-0.0000	-456.1985	0.0000	3.2783
800	-0.0000	-468.1453	0.0000	3.2824
801	-0.0000	-472.3314	0.0000	3.2867
802	-0.0000	-495.2123	0.0000	3.2907
803	-0.0000	-456.9607	0.0000	3.2951
804	-0.0000	-465.1643	0.0000	3.2991
805	-0.0000	-463.4219	0.0000	3.3034
806	-0.0000	-514.7142	0.0000	3.3074
807	-0.0000	-457.1773	0.0000	3.3114
808	-0.0000	-497.2765	0.0000	3.3154
809	-0.0000	-484.6644	0.0000	3.3197
810	-0.0000	-455.0302	0.0000	3.3239
811	-0.0000	-482.3139	0.0000	3.3279
812	-0.0000	-483.1737	0.0000	3.3316
813	-0.0000	-485.5265	0.0000	3.3353
814	-0.0000	-476.0124	0.0000	3.3392
815	-0.0000	-476.0901	0.0000	3.3431
816	-0.0000	-467.8395	0.0000	3.3469
817	-0.0000	-465.7775	0.0000	3.3507
818	-0.0000	-455.3944	0.0000	3.3544
819	-0.0000	-464.6194	0.0000	3.3584
820	-0.0000	-480.2909	0.0000	3.3623
821	-0.0000	-472.7250	0.0000	3.3668
822	-0.0000	-450.8572	0.0000	3.3707
823	-0.0000	-456.6659	0.0000	3.3747
824	-0.0000	-448.2680	0.0000	3.3790
825	-0.0000	-481.4792	0.0000	3.3830
826	-0.0000	-478.2623	0.0000	3.3868
827	-0.0000	-457.9735	0.0000	3.3905
828	-0.0000	-465.0917	0.0000	3.3944
829	-0.0000	-477.6525	0.0000	3.3988
830	-0.0000	-475.3845	0.0000	3.4024
831	-0.0000	-444.3751	0.0000	3.4063
832	-0.0000	-468.1366	0.0000	3.4099
833	-0.0000	-469.4276	0.0000	3.4137
834	-0.0000	-471.7069	0.0000	3.4176
835	-0.0000	-457.7825	0.0000	3.4214
836	-0.0000	-473.1950	0.0000	3.4250
837	-0.0000	-492.6499	0.0000	3.4286
838	-0.0000	-448.3532	0.0000	3.4325
839	-0.0000	-450.0101	0.0000	3.4366
840	-0.0000	-515.1082	0.0000	3.4410
841	-0.0000	-515.6912	0.0000	3.4446
842	-0.0000	-508.4081	0.0000	3.4484
843	-0.0000	-485.0824	0.0000	3.4521
844	-0.0000	-510.9975	0.0000	3.4557
845	-0.0000	-487.9973	0.0000	3.4594
846	-0.0000	-501.8690	0.0000	3.4627
847	-0.0000	-499.7345	0.0000	3.4663
848	-0.0000	-494.9305	0.0000	3.4704
849	-0.0000	-472.1910	0.0000	3.4740
850	-0.0000	-519.0884	0.0000	3.4776
851	-0.0000	-516.4792	0.0000	3.4814
852	-0.0000	-512.2082	0.0000	3.4849
853	-0.0000	-507.9138	0.0000	3.4887
854	-0.0000	-482.9846	0.0000	3.4924
855	-0.0000	-499.1464	0.0000	3.4960
856	-0.0000	-497.2426	0.0000	3.5000
857	-0.0000	-484.9542	0.0000	3.5037
858	-0.0000	-474.4922	0.0000	3.5076
859	-0.0000	-502.5195	0.0000	3.5115
860	-0.0000	-508.6012	0.0000	3.5151
861	-0.0000	-474.4410	0.0000	3.5191
862	-0.0000	-480.6555	0.0000	3.5229
863	-0.0000	-464.2836	0.0000	3.5267
864	-0.0000	-472.9535	0.0000	3.5303
865	-0.0000	-461.5452	0.0000	3.5339
866	-0.0000	-499.0140	0.0000	3.5376
867	-0.0000	-450.2218	0.0000	3.5415
868	-0.0000	-478.7855	0.0000	3.5452
869	-0.0000	-451.7709	0.0000	3.5492
870	-0.0000	-466.9404	0.0000	3.5528
871	-0.0000	-500.9958	0.0000	3.5574
872	-0.0000	-502.1141	0.0000	3.5618
873	-0.0000	-495.2766	0.0000	3.5655
874	-0.0000	-473.7017	0.0000	3.5694
875	-0.0000	-488.5586	0.0000	3.5730
876	-0.0000	-433.8622	0.0000	3.5768
877	-0.0000	-523.4205	0.0000	3.5805
878	-0.0000	-514.7464	0.0000	3.5842
879	-0.0000	-507.9077	0.0000	3.5881
880	-0.0000	-488.4358	0.0000	3.5919
881	-0.0000	-529.2891	0.0000	3.5957
882	-0.0000	-507.1614	0.0000	3.6000
883	-0.0000	-518.6476	0.0000	3.6046
884	-0.0000	-551.0740	0.0000	3.6089
885	-0.0000	-512.6702	0.0000	3.6131
886	-0.0000	-518.5885	0.0000	3.6168
887	-0.0000	-516.9062	0.0000	3.6205
888	-0.0000	-499.2857	0.0000	3.6241
889	-0.0000	-498.8226	0.0000	3.6281
890	-0.0000	-521.8138	0.0000	3.6317
891	-0.0000	-526.8583	0.0000	3.6355
892	-0.0000	-508.3487	0.0000	3.6393
893	-0.0000	-509.2875	0.0000	3.6430
894	-0.0000	-468.1257	0.0000	3.6466
895	-0.0000	-479.4333	0.0000	3.6503
896	-0.0000	-524.0576	0.0000	3.6541
897	-0.0000	-511.1124	0.0000	3.6577
898	-0.0000	-489.6869	0.0000	3.6616
899	-0.0000	-473.3920	0.0000	3.6655
900	-0.0000	-479.6748	0.0000	3.6691
901	-0.0000	-485.7714	0.0000	3.6728
902	-0.0000	-504.7217	0.0000	3.6767
903	-0.0000	-481.6535	0.0000	3.6810
904	-0.0000	-497.4673	0.0000	3.6847
905	-0.0000	-491.5843	0.0000	3.6883
906	-0.0000	-483.3706	0.0000	3.6923
907	-0.0000	-482.0521	0.0000	3.6964
908	-0.0000	-486.0807	0.0000	3.7009
909	-0.0000	-476.4108	0.0000	3.7047
910	-0.0000	-477.3219	0.0000	3.7086
911	-0.0000	-483.9527	0.0000	3.7129
912	-0.0000	-519.3587	0.0000	3.7170
913	-0.0000	-493.9338	0.0000	3.7209
914	-0.0000	-495.5698	0.0000	3.7246
915	-0.0000	-467.8745	0.0000	3.7283
916	-0.0000	-505.6942	0.0000	3.7321
917	-0.0000	-511.1895	0.0000	3.7364
918	-0.0000	-485.7245	0.0000	3.7408
919	-0.0000	-494.9469	0.0000	3.7449
920	-0.0000	-479.6697	0.0000	3.7488
921	-0.0000	-469.9378	0.0000	3.7537
922	-0.0000	-469.9447	0.0000	3.7580
923	-0.0000	-461.9227	0.0000	3.7626
924	-0.0000	-480.6384	0.0000	3.7665
925	-0.0000	-465.9469	0.0000	3.7707
926	-0.0000	-501.3293	0.0000	3.7751
927	-0.0000	-502.1845	0.0000	3.7790
928	-0.0000	-476.6865	0.0000	3.7831
929	-0.0000	-487.4154	0.0000	3.7875
930	-0.0000	-530.9247	0.0000	3.7915
931	-0.0000	-517.1029	0.0000	3.7954
932	-0.0000	-512.4658	0.0000	3.7996
933	-0.0000	-529.7067	0.0000	3.8034
934	-0.0000	-515.9769	0.0000	3.8076
935	-0.0000	-498.8726	0.0000	3.8113
936	-0.0000	-509.1775	0.0000	3.8151
937	-0.0000	-511.1629	0.0000	3.8191
938	-0.0000	-542.9737	0.0000	3.8232
939	-0.0000	-493.3832	0.0000	3.8273
940	-0.0000	-533.9528	0.0000	3.8312
941	-0.0000	-513.4701	0.0000	3.8351
942	-0.0000	-506.0265	0.0000	3.8389
943	-0.0000	-477.8406	0.0000	3.8431
944	-0.0000	-464.7699	0.0000	3.8467
945	-0.0000	-481.1680	0.0000	3.8513
946	-0.0000	-484.9083	0.0000	3.8553
947	-0.0000	-498.0150	0.0000	3.8590
948	-0.0000	-475.7171	0.0000	3.8638
949	-0.0000	-490.2333	0.0000	3.8680
950	-0.0000	-475.0086	0.0000	3.8721
951	-0.0000	-461.5399	0.0000	3.8757
952	-0.0000	-505.6173	0.0000	3.8801
953	-0.0000	-440.3314	0.0000	3.8836
954	-0.0000	-449.2251	0.0000	3.8872
955	-0.0000	-454.6328	0.0000	3.8914
956	-0.0000	-472.2469	0.0000	3.8950
957	-0.0000	-464.0768	0.0000	3.8987
958	-0.0000	-461.0727	0.0000	3.9024
959	-0.0000	-432.5778	0.0000	3.9064
960	-0.0000	-453.3375	0.0000	3.9101
961	-0.0000	-434.0404	0.0000	3.9137
962	-0.0000	-443.7623	0.0000	3.9176
963	-0.0000	-447.7027	0.0000	3.9213
964	-0.0000	-451.3499	0.0000	3.9250
965	-0.0000	-480.5977	0.0000	3.9289
966	-0.0000	-438.8016	0.0000	3.9325
967	-0.0000	-434.4576	0.0000	3.9362
968	-0.0000	-455.9446	0.0000	3.9398
969	-0.0000	-468.0580	0.0000	3.9439
970	-0.0000	-460.9492	0.0000	3.9475
971	-0.0000	-445.2834	0.0000	3.9513
972	-0.0000	-407.3221	0.0000	3.9551
973	-0.0000	-419.7566	0.0000	3.9587
974	-0.0000	-421.7383	0.0000	3.9626
975	-0.0000	-445.7419	0.0000	3.9664
976	-0.0000	-462.3725	0.0000	3.9701
977	-0.0000	-458.5300	0.0000	3.9737
978	-0.0000	-426.2462	0.0000	3.9774
979	-0.0000	-446.0545	0.0000	3.9809
980	-0.0000	-444.0147	0.0000	3.9847
981	-0.0000	-451.2215	0.0000	3.9883
982	-0.0000	-410.2418	0.0000	3.9921
983	-0.0000	-437.4468	0.0000	3.9958
984	-0.0000	-420.3977	0.0000	3.9996
985	-0.0000	-427.4819	0.0000	4.0034
986	-0.0000	-431.8838	0.0000	4.0072
987	-0.0000	-459.6259	0.0000	4.0111
988	-0.0000	-421.9493	0.0000	4.0148
989	-0.0000	-444.0177	0.0000	4.0184
990	-0.0000	-418.6050	0.0000	4.0224
991	-0.0000	-431.3395	0.0000	4.0260
992	-0.0000	-413.9794	0.0000	4.0295
993	-0.0000	-401.1054	0.0000	4.0334
994	-0.0000	-472.9444	0.0000	4.0371
995	-0.0000	-427.0039	0.0000	4.0408
996	-0.0000	-432.3676	0.0000	4.0444
997	-0.0000	-406.8869	0.0000	4.0482
998	-0.0000	-418.3637	0.0000	4.0518
999	-0.0000	-433.7612	0.0000	4.0557
1000	-0.0000	-416.7279	0.0000	4.0596
1001	-0.0000	-412.9754	0.0000	4.0635
1002	-0.0000	-429.4357	0.0000	4.0677
1003	-0.0000	-442.2492	0.0000	4.0722
1004	-0.0000	-441.2593	0.0000	4.0764
1005	-0.0000	-442.4415	0.0000	4.0809
1006	-0.0000	-426.1647	0.0000	4.0857
1007	-0.0000	-428.8328	0.0000	4.0896
1008	-0.0000	-429.1003	0.0000	4.0941
1009	-0.0000	-418.6514	0.0000	4.0983
1010	-0.0000	-439.3668	0.0000	4.1025
1011	-0.0000	-448.1849	0.0000	4.1070
1012	-0.0000	-447.5280	0.0000	4.1112
1013	-0.0000	-452.2129	0.0000	4.1153
1014	-0.0000	-447.9022	0.0000	4.1195
1015	-0.0000	-418.3012	0.0000	4.1236
1016	-0.0000	-442.0844	0.0000	4.1279
1017	-0.0000	-378.1253	0.0000	4.1322
1018	-0.0000	-410.9211	0.0000	4.1362
1019	-0.0000	-425.8189	0.0000	4.1402
1020	-0.0000	-415.8046	0.0000	4.1443
1021	-0.0000	-445.3642	0.0000	4.1481
1022	-0.0000	-433.6167	0.0000	4.1522
1023	-0.0000	-432.9157	0.0000	4.1566
1024	-0.0000	-430.2736	0.0000	4.1605
1025	-0.0000	-441.8185	0.0000	4.1646
1026	-0.0000	-433.8550	0.0000	4.1684
1027	-0.0000	-429.2549	0.0000	4.1722
1028	-0.0000	-437.6217	0.0000	4.1760
1029	-0.0000	-418.7695	0.0000	4.1799
1030	-0.0000	-404.9551	0.0000	4.1840
1031	-0.0000	-389.9552	0.0000	4.1880
1032	-0.0000	-408.6522	0.0000	4.1919
1033	-0.0000	-373.3800	0.0000	4.1960
1034	-0.0000	-410.6561	0.0000	4.1997
1035	-0.0000	-375.0568	0.0000	4.2033
1036	-0.0000	-393.0827	0.0000	4.2068
1037	-0.0000	-407.5905	0.0000	4.2108
1038	-0.0000	-442.4611	0.0000	4.2145
1039	-0.0000	-487.1276	0.0000	4.2182
1040	-0.0000	-470.1043	0.0000	4.2219
1041	-0.0000	-438.9446	0.0000	4.2255
1042	-0.0000	-489.1687	0.0000	4.2294
1043	-0.0000	-433.6748	0.0000	4.2331
1044	-0.0000	-450.8344	0.0000	4.2366
1045	-0.0000	-434.8808	0.0000	4.2403
1046	-0.0000	-422.0848	0.0000	4.2446
1047	-0.0000	-462.7767	0.0000	4.2481
1048	-0.0000	-435.5890	0.0000	4.2517
1049	-0.0000	-444.9465	0.0000	4.2559
1050	-0.0000	-421.7276	0.0000	4.2595
1051	-0.0000	-411.2448	0.0000	4.2637
1052	-0.0000	-449.1378	0.0000	4.2674
1053	-0.0000	-426.5443	0.0000	4.2714
1054	-0.0000	-424.1733	0.0000	4.2759
1055	-0.0000	-453.2921	0.0000	4.2798
1056	-0.0000	-425.4505	0.0000	4.2839
1057	-0.0000	-448.2421	0.0000	4.2881
1058	-0.0000	-447.1838	0.0000	4.2921
1059	-0.0000	-429.9208	0.0000	4.2960
1060	-0.0000	-436.3874	0.0000	4.2999
1061	-0.0000	-420.2216	0.0000	4.3036
1062	-0.0000	-462.8081	0.0000	4.3075
1063	-0.0000	-423.2815	0.0000	4.3113
1064	-0.0000	-421.7480	0.0000	4.3156
1065	-0.0000	-410.5340	0.0000	4.3194
1066	-0.0000	-397.5044	0.0000	4.3240
1067	-0.0000	-415.2704	0.0000	4.3279
1068	-0.0000	-416.5184	0.0000	4.3320
1069	-0.0000	-407.2324	0.0000	4.3356
1070	-0.0000	-421.1539	0.0000	4.3398
1071	-0.0000	-401.6817	0.0000	4.3439
1072	-0.0000	-395.6398	0.0000	4.3476
1073	-0.0000	-437.1958	0.0000	4.3517
1074	-0.0000	-444.3585	0.0000	4.3555
1075	-0.0000	-428.8174	0.0000	4.3593
1076	-0.0000	-436.7461	0.0000	4.3632
1077	-0.0000	-418.7394	0.0000	4.3674
1078	-0.0000	-428.1813	0.0000	4.3716
1079	-0.0000	-435.9625	0.0000	4.3754
1080	-0.0000	-434.3109	0.0000	4.3794
1081	-0.0000	-452.0106	0.0000	4.3834
1082	-0.0000	-440.3691	0.0000	4.3872
1083	-0.0000	-435.9186	0.0000	4.3912
1084	-0.0000	-451.1578	0.0000	4.3952
1085	-0.0000	-436.4085	0.0000	4.3990
1086	-0.0000	-431.4720	0.0000	4.4029
1087	-0.0000	-438.1415	0.0000	4.4066
1088	-0.0000	-426.4363	0.0000	4.4102
1089	-0.0000	-437.3816	0.0000	4.4144
1090	-0.0000	-409.7076	0.0000	4.4182
1091	-0.0000	-438.0373	0.0000	4.4220
1092	-0.0000	-414.9952	0.0000	4.4258
1093	-0.0000	-412.5902	0.0000	4.4294
1094	-0.0000	-405.4119	0.0000	4.4332
1095	-0.0000	-411.2111	0.0000	4.4369
1096	-0.0000	-415.5808	0.0000	4.4408
1097	-0.0000	-431.0802	0.0000	4.4444
1098	-0.0000	-439.0284	0.0000	4.4480
1099	-0.0000	-416.1834	0.0000	4.4516
1100	-0.0000	-438.3794	0.0000	4.4553
1101	-0.0000	-413.4850	0.0000	4.4589
1102	-0.0000	-416.1004	0.0000	4.4627
1103	-0.0000	-409.4465	0.0000	4.4665
1104	-0.0000	-396.9798	0.0000	4.4702
1105	-0.0000	-435.9406	0.0000	4.4740
1106	-0.0000	-415.3091	0.0000	4.4778
1107	-0.0000	-413.2783	0.0000	4.4820
1108	-0.0000	-407.1235	0.0000	4.4858
1109	-0.0000	-423.0359	0.0000	4.4894
1110	-0.0000	-407.5433	0.0000	4.4942
1111	-0.0000	-422.0085	0.0000	4.4980
1112	-0.0000	-387.7215	0.0000	4.5020
1113	-0.0000	-386.4464	0.0000	4.5057
1114	-0.0000	-387.7255	0.0000	4.5097
1115	-0.0000	-386.8337	0.0000	4.5133
1116	-0.0000	-368.9711	0.0000	4.5170
1117	-0.0000	-373.9601	0.0000	4.5209
1118	-0.0000	-392.8593	0.0000	4.5247
1119	-0.0000	-410.2905	0.0000	4.5284
1120	-0.0000	-381.9058	0.0000	4.5321
1121	-0.0000	-399.4394	0.0000	4.5363
1122	-0.0000	-395.3329	0.0000	4.5404
1123	-0.0000	-416.5523	0.0000	4.5450
1124	-0.0000	-407.5790	0.0000	4.5490
1125	-0.0000	-423.1131	0.0000	4.5528
1126	-0.0000	-411.5491	0.0000	4.5569
1127	-0.0000	-405.0251	0.0000	4.5611
1128	-0.0000	-363.6615	0.0000	4.5659
1129	-0.0000	-368.4940	0.0000	4.5716
1130	-0.0000	-405.3957	0.0000	4.5763
1131	-0.0000	-389.6353	0.0000	4.5804
1132	-0.0000	-409.5806	0.0000	4.5846
1133	-0.0000	-396.8737	0.0000	4.5889
1134	-0.0000	-387.1847	0.0000	4.5935
1135	-0.0000	-341.4774	0.0000	4.5974
1136	-0.0000	-391.5202	0.0000	4.6012
1137	-0.0000	-402.0944	0.0000	4.6053
1138	-0.0000	-376.1654	0.0000	4.6092
1139	-0.0000	-368.8619	0.0000	4.6135
1140	-0.0000	-357.1418	0.0000	4.6172
1141	-0.0000	-383.6433	0.0000	4.6210
1142	-0.0000	-414.9613	0.0000	4.6253
1143	-0.0000	-399.9010	0.0000	4.6292
1144	-0.0000	-389.7710	0.0000	4.6333
1145	-0.0000	-359.6003	0.0000	4.6371
1146	-0.0000	-406.5288	0.0000	4.6409
1147	-0.0000	-395.2044	0.0000	4.6447
1148	-0.0000	-387.7729	0.0000	4.6488
1149	-0.0000	-418.9090	0.0000	4.6526
1150	-0.0000	-402.9355	0.0000	4.6564
1151	-0.0000	-418.5914	0.0000	4.6601
1152	-0.0000	-422.3327	0.0000	4.6642
1153	-0.0000	-409.6924	0.0000	4.6679
1154	-0.0000	-437.2318	0.0000	4.6716
1155	-0.0000	-411.8864	0.0000	4.6753
1156	-0.0000	-429.2012	0.0000	4.6788
1157	-0.0000	-434.5465	0.0000	4.6827
1158	-0.0000	-415.7705	0.0000	4.6864
1159	-0.0000	-444.8541	0.0000	4.6903
1160	-0.0000	-436.3454	0.0000	4.6944
1161	-0.0000	-444.6716	0.0000	4.6981
1162	-0.0000	-468.1189	0.0000	4.7020
1163	-0.0000	-435.3013	0.0000	4.7059
1164	-0.0000	-476.6526	0.0000	4.7095
1165	-0.0000	-457.9639	0.0000	4.7136
1166	-0.0000	-421.5252	0.0000	4.7173
1167	-0.0000	-435.5311	0.0000	4.7210
1168	-0.0000	-418.5989	0.0000	4.7250
1169	-0.0000	-433.2749	0.0000	4.7291
1170	-0.0000	-422.8724	0.0000	4.7334
1171	-0.0000	-419.6435	0.0000	4.7373
1172	-0.0000	-426.8123	0.0000	4.7415
1173	-0.0000	-457.5659	0.0000	4.7456
1174	-0.0000	-410.5088	0.0000	4.7497
1175	-0.0000	-417.1547	0.0000	4.7544
1176	-0.0000	-419.3962	0.0000	4.7582
1177	-0.0000	-466.6413	0.0000	4.7622
1178	-0.0000	-422.8856	0.0000	4.7662
1179	-0.0000	-429.8600	0.0000	4.7702
1180	-0.0000	-473.1197	0.0000	4.7745
1181	-0.0000	-456.0701	0.0000	4.7784
1182	-0.0000	-416.7231	0.0000	4.7823
1183	-0.0000	-442.4542	0.0000	4.7862
1184	-0.0000	-440.2896	0.0000	4.7900
1185	-0.0000	-419.4664	0.0000	4.7944
1186	-0.0000	-444.5400	0.0000	4.7983
1187	-0.0000	-444.3219	0.0000	4.8027
1188	-0.0000	-426.6070	0.0000	4.8072
1189	-0.0000	-388.4341	0.0000	4.8117
1190	-0.0000	-430.5551	0.0000	4.8162
1191	-0.0000	-410.6262	0.0000	4.8204
1192	-0.0000	-415.7047	0.0000	4.8247
1193	-0.0000	-438.6887	0.0000	4.8291
1194	-0.0000	-402.1726	0.0000	4.8333
1195	-0.0000	-395.3489	0.0000	4.8384
1196	-0.0000	-410.6940	0.0000	4.8429
1197	-0.0000	-387.8961	0.0000	4.8472
1198	-0.0000	-370.7664	0.0000	4.8520
1199	-0.0000	-373.5987	0.0000	4.8564
1200	-0.0000	-382.2536	0.0000	4.8610
1201	-0.0000	-404.7421	0.0000	4.8660
1202	-0.0000	-376.3806	0.0000	4.8706
1203	-0.0000	-388.6609	0.0000	4.8747
1204	-0.0000	-389.6850	0.0000	4.8787
1205	-0.0000	-398.8233	0.0000	4.8832
1206	-0.0000	-414.3319	0.0000	4.8873
1207	-0.0000	-407.5804	0.0000	4.8917
1208	-0.0000	-417.4291	0.0000	4.8959
1209	-0.0000	-414.6191	0.0000	4.9006
1210	-0.0000	-389.9752	0.0000	4.9047
1211	-0.0000	-403.2997	0.0000	4.9086
1212	-0.0000	-394.9726	0.0000	4.9132
1213	-0.0000	-382.2563	0.0000	4.9171
1214	-0.0000	-366.0300	0.0000	4.9214
1215	-0.0000	-403.4738	0.0000	4.9254
1216	-0.0000	-390.5659	0.0000	4.9295
1217	-0.0000	-405.4416	0.0000	4.9346
1218	-0.0000	-377.0080	0.0000	4.9385
1219	-0.0000	-355.5601	0.0000	4.9425
1220	-0.0000	-396.2997	0.0000	4.9463
1221	-0.0000	-372.9593	0.0000	4.9499
1222	-0.0000	-371.0083	0.0000	4.9536
1223	-0.0000	-353.2503	0.0000	4.9580
1224	-0.0000	-388.2192	0.0000	4.9619
1225	-0.0000	-393.0623	0.0000	4.9657
1226	-0.0000	-377.5513	0.0000	4.9697
1227	-0.0000	-406.6379	0.0000	4.9736
1228	-0.0000	-380.7094	0.0000	4.9776
1229	-0.0000	-395.6863	0.0000	4.9816
1230	-0.0000	-380.7952	0.0000	4.9858
1231	-0.0000	-387.5144	0.0000	4.9894
1232	-0.0000	-380.0359	0.0000	4.9936
1233	-0.0000	-372.5986	0.0000	4.9975
1234	-0.0000	-349.3805	0.0000	5.0016
1235	-0.0000	-388.9083	0.0000	5.0062
1236	-0.0000	-364.9796	0.0000	5.0100
1237	-0.0000	-367.9454	0.0000	5.0136
1238	-0.0000	-371.5103	0.0000	5.0181
1239	-0.0000	-377.0941	0.0000	5.0225
1240	-0.0000	-372.4709	0.0000	5.0264
1241	-0.0000	-375.4892	0.0000	5.0306
1242	-0.0000	-479.5774	0.0000	5.0352
1243	-0.0000	-400.7191	0.0000	5.0394
1244	-0.0000	-423.5528	0.0000	5.0434
1245	-0.0000	-415.1938	0.0000	5.0472
1246	-0.0000	-423.9199	0.0000	5.0511
1247	-0.0000	-431.8793	0.0000	5.0547
1248	-0.0000	-415.2719	0.0000	5.0585
1249	-0.0000	-396.0022	0.0000	5.0629
1250	-0.0000	-422.0882	0.0000	5.0668
1251	-0.0000	-418.3694	0.0000	5.0708
1252	-0.0000	-414.4806	0.0000	5.0747
1253	-0.0000	-408.4470	0.0000	5.0787
1254	-0.0000	-410.3802	0.0000	5.0825
1255	-0.0000	-380.6633	0.0000	5.0863
1256	-0.0000	-387.2686	0.0000	5.0905
1257	-0.0000	-385.6996	0.0000	5.0943
1258	-0.0000	-415.8106	0.0000	5.0981
1259	-0.0000	-447.2558	0.0000	5.1024
1260	-0.0000	-392.1330	0.0000	5.1064
1261	-0.0000	-385.9838	0.0000	5.1109
1262	-0.0000	-376.3272	0.0000	5.1148
1263	-0.0000	-397.3559	0.0000	5.1190
1264	-0.0000	-424.1801	0.0000	5.1227
1265	-0.0000	-364.2780	0.0000	5.1264
1266	-0.0000	-409.8181	0.0000	5.1304
1267	-0.0000	-446.2515	0.0000	5.1341
1268	-0.0000	-428.8580	0.0000	5.1378
1269	-0.0000	-430.6240	0.0000	5.1418
1270	-0.0000	-424.2304	0.0000	5.1455
1271	-0.0000	-442.7108	0.0000	5.1491
1272	-0.0000	-434.0856	0.0000	5.1528
1273	-0.0000	-422.4334	0.0000	5.1564
1274	-0.0000	-427.4865	0.0000	5.1605
1275	-0.0000	-433.9230	0.0000	5.1642
1276	-0.0000	-428.2612	0.0000	5.1679
1277	-0.0000	-446.9126	0.0000	5.1721
1278	-0.0000	-422.5620	0.0000	5.1760
1279	-0.0000	-416.1245	0.0000	5.1800
1280	-0.0000	-436.9351	0.0000	5.1839
1281	-0.0000	-449.5555	0.0000	5.1878
1282	-0.0000	-428.7611	0.0000	5.1916
1283	-0.0000	-443.7558	0.0000	5.1953
1284	-0.0000	-450.2206	0.0000	5.1989
1285	-0.0000	-444.7210	0.0000	5.2028
1286	-0.0000	-425.8532	0.0000	5.2069
1287	-0.0000	-444.0605	0.0000	5.2108
1288	-0.0000	-439.4711	0.0000	5.2146
1289	-0.0000	-429.6714	0.0000	5.2187
1290	-0.0000	-409.1288	0.0000	5.2226
1291	-0.0000	-452.6568	0.0000	5.2265
1292	-0.0000	-427.0122	0.0000	5.2305
1293	-0.0000	-414.5761	0.0000	5.2344
1294	-0.0000	-419.1318	0.0000	5.2383
1295	-0.0000	-412.1476	0.0000	5.2424
1296	-0.0000	-398.8064	0.0000	5.2463
1297	-0.0000	-407.2127	0.0000	5.2501
1298	-0.0000	-409.1812	0.0000	5.2545
1299	-0.0000	-379.0044	0.0000	5.2585
1300	-0.0000	-417.9021	0.0000	5.2626
1301	-0.0000	-395.3039	0.0000	5.2666
1302	-0.0000	-391.7550	0.0000	5.2705
1303	-0.0000	-397.6238	0.0000	5.2741
1304	-0.0000	-375.6697	0.0000	5.2779
1305	-0.0000	-386.4108	0.0000	5.2817
1306	-0.0000	-375.4408	0.0000	5.2852
1307	-0.0000	-396.7971	0.0000	5.2889
1308	-0.0000	-377.8594	0.0000	5.2928
1309	-0.0000	-398.3198	0.0000	5.2966
1310	-0.0000	-386.9628	0.0000	5.3004
1311	-0.0000	-376.0894	0.0000	5.3042
1312	-0.0000	-417.1304	0.0000	5.3078
1313	-0.0000	-423.5845	0.0000	5.3116
1314	-0.0000	-400.2802	0.0000	5.3156
1315	-0.0000	-418.5693	0.0000	5.3195
1316	-0.0000	-428.6877	0.0000	5.3235
1317	-0.0000	-395.3162	0.0000	5.3272
1318	-0.0000	-410.3345	0.0000	5.3310
1319	-0.0000	-405.1753	0.0000	5.3351
1320	-0.0000	-406.8286	0.0000	5.3387
1321	-0.0000	-421.6359	0.0000	5.3426
1322	-0.0000	-416.7269	0.0000	5.3463
1323	-0.0000	-383.1132	0.0000	5.3498
1324	-0.0000	-397.0550	0.0000	5.3541
1325	-0.0000	-401.9320	0.0000	5.3577
1326	-0.0000	-434.8793	0.0000	5.3614
1327	-0.0000	-418.8376	0.0000	5.3651
1328	-0.0000	-438.2815	0.0000	5.3688
1329	-0.0000	-434.4365	0.0000	5.3727
1330	-0.0000	-413.4155	0.0000	5.3763
1331	-0.0000	-420.4400	0.0000	5.3799
1332	-0.0000	-392.9514	0.0000	5.3838
1333	-0.0000	-406.4301	0.0000	5.3873
1334	-0.0000	-403.3815	0.0000	5.3908
1335	-0.0000	-393.1025	0.0000	5.3949
1336	-0.0000	-401.2680	0.0000	5.3986
1337	-0.0000	-395.1988	0.0000	5.4026
1338	-0.0000	-411.4901	0.0000	5.4064
1339	-0.0000	-408.7511	0.0000	5.4104
1340	-0.0000	-416.9066	0.0000	5.4141
1341	-0.0000	-375.5388	0.0000	5.4177
1342	-0.0000	-410.0478	0.0000	5.4217
1343	-0.0000	-403.6969	0.0000	5.4256
1344	-0.0000	-422.1170	0.0000	5.4295
1345	-0.0000	-389.1511	0.0000	5.4332
1346	-0.0000	-393.6849	0.0000	5.4368
1347	-0.0000	-419.4443	0.0000	5.4404
1348	-0.0000	-399.6761	0.0000	5.4440
1349	-0.0000	-424.4607	0.0000	5.4477
1350	-0.0000	-400.9191	0.0000	5.4513
1351	-0.0000	-426.3117	0.0000	5.4551
1352	-0.0000	-432.3351	0.0000	5.4588
1353	-0.0000	-411.9846	0.0000	5.4624
1354	-0.0000	-413.8142	0.0000	5.4660
1355	-0.0000	-429.6644	0.0000	5.4701
1356	-0.0000	-441.2434	0.0000	5.4741
1357	-0.0000	-446.5530	0.0000	5.4784
1358	-0.0000	-414.3136	0.0000	5.4822
1359	-0.0000	-423.4354	0.0000	5.4862
1360	-0.0000	-405.5656	0.0000	5.4902
1361	-0.0000	-437.8682	0.0000	5.4942
1362	-0.0000	-438.0874	0.0000	5.4981
1363	-0.0000	-440.0381	0.0000	5.5022
1364	-0.0000	-441.3406	0.0000	5.5062
1365	-0.0000	-417.2296	0.0000	5.5101
1366	-0.0000	-422.9183	0.0000	5.5141
1367	-0.0000	-431.4283	0.0000	5.5180
1368	-0.0000	-426.2431	0.0000	5.5219
1369	-0.0000	-420.3713	0.0000	5.5259
1370	-0.0000	-394.2418	0.0000	5.5303
1371	-0.0000	-412.1048	0.0000	5.5341
1372	-0.0000	-413.0390	0.0000	5.5380
1373	-0.0000	-422.0038	0.0000	5.5418
1374	-0.0000	-392.7564	0.0000	5.5458
1375	-0.0000	-397.0665	0.0000	5.5495
1376	-0.0000	-423.5154	0.0000	5.5532
1377	-0.0000	-420.0289	0.0000	5.5571
1378	-0.0000	-410.0789	0.0000	5.5607
1379	-0.0000	-394.6229	0.0000	5.5644
1380	-0.0000	-410.4244	0.0000	5.5681
1381	-0.0000	-417.0623	0.0000	5.5719
1382	-0.0000	-429.3212	0.0000	5.5756
1383	-0.0000	-413.4857	0.0000	5.5794
1384	-0.0000	-446.7542	0.0000	5.5831
1385	-0.0000	-420.3116	0.0000	5.5869
1386	-0.0000	-424.9856	0.0000	5.5906
1387	-0.0000	-414.7273	0.0000	5.5943
1388	-0.0000	-424.9831	0.0000	5.5981
1389	-0.0000	-424.6615	0.0000	5.6017
1390	-0.0000	-424.8398	0.0000	5.6053
1391	-0.0000	-388.9906	0.0000	5.6088
1392	-0.0000	-411.4149	0.0000	5.6124
1393	-0.0000	-420.7137	0.0000	5.6160
1394	-0.0000	-384.5922	0.0000	5.6198
1395	-0.0000	-416.6273	0.0000	5.6233
1396	-0.0000	-415.6377	0.0000	5.6269
1397	-0.0000	-407.1276	0.0000	5.6305
1398	-0.0000	-393.0633	0.0000	5.6341
1399	-0.0000	-400.0687	0.0000	5.6377
1400	-0.0000	-400.8887	0.0000	5.6417
1401	-0.0000	-392.9385	0.0000	5.6455
1402	-0.0000	-429.4236	0.0000	5.6497
1403	-0.0000	-418.7202	0.0000	5.6533
1404	-0.0000	-440.2892	0.0000	5.6570
1405	-0.0000	-432.1233	0.0000	5.6607
1406	-0.0000	-407.4113	0.0000	5.6644
1407	-0.0000	-415.3042	0.0000	5.6682
1408	-0.0000	-411.9615	0.0000	5.6718
1409	-0.0000	-422.4288	0.0000	5.6757
1410	-0.0000	-410.7243	0.0000	5.6794
1411	-0.0000	-408.4884	0.0000	5.6834
1412	-0.0000	-403.5430	0.0000	5.6877
1413	-0.0000	-425.2955	0.0000	5.6915
1414	-0.0000	-404.7917	0.0000	5.6952
1415	-0.0000	-430.4104	0.0000	5.6991
1416	-0.0000	-381.2793	0.0000	5.7029
1417	-0.0000	-401.7832	0.0000	5.7066
1418	-0.0000	-379.7720	0.0000	5.7107
1419	-0.0000	-414.2778	0.0000	5.7143
1420	-0.0000	-405.6502	0.0000	5.7179
1421	-0.0000	-430.3172	0.0000	5.7214
1422	-0.0000	-421.6840	0.0000	5.7255
1423	-0.0000	-427.5471	0.0000	5.7295
1424	-0.0000	-425.3705	0.0000	5.7333
1425	-0.0000	-422.4896	0.0000	5.7376
1426	-0.0000	-433.8167	0.0000	5.7423
1427	-0.0000	-443.9584	0.0000	5.7468
1428	-0.0000	-430.2428	0.0000	5.7513
1429	-0.0000	-406.3924	0.0000	5.7561
1430	-0.0000	-413.7033	0.0000	5.7605
1431	-0.0000	-442.6159	0.0000	5.7646
1432	-0.0000	-407.1770	0.0000	5.7686
1433	-0.0000	-416.6383	0.0000	5.7724
1434	-0.0000	-420.7616	0.0000	5.7766
1435	-0.0000	-418.6218	0.0000	5.7810
1436	-0.0000	-414.9479	0.0000	5.7848
1437	-0.0000	-406.1158	0.0000	5.7887
1438	-0.0000	-422.7866	0.0000	5.7927
1439	-0.0000	-402.9827	0.0000	5.7965
1440	-0.0000	-410.9740	0.0000	5.8004
1441	-0.0000	-413.4434	0.0000	5.8044
1442	-0.0000	-455.7560	0.0000	5.8086
1443	-0.0000	-474.8350	0.0000	5.8129
1444	-0.0000	-436.6350	0.0000	5.8169
1445	-0.0000	-455.0430	0.0000	5.8212
1446	-0.0000	-407.5670	0.0000	5.8250
1447	-0.0000	-433.5949	0.0000	5.8288
1448	-0.0000	-432.4095	0.0000	5.8331
1449	-0.0000	-402.4345	0.0000	5.8370
1450	-0.0000	-432.7131	0.0000	5.8416
1451	-0.0000	-426.4250	0.0000	5.8456
1452	-0.0000	-400.0662	0.0000	5.8496
1453	-0.0000	-413.6107	0.0000	5.8538
1454	-0.0000	-430.7163	0.0000	5.8580
1455	-0.0000	-401.1156	0.0000	5.8622
1456	-0.0000	-409.0046	0.0000	5.8664
1457	-0.0000	-399.9016	0.0000	5.8707
1458	-0.0000	-436.5279	0.0000	5.8747
1459	-0.0000	-408.7902	0.0000	5.8790
1460	-0.0000	-429.2153	0.0000	5.8828
1461	-0.0000	-417.7098	0.0000	5.8868
1462	-0.0000	-409.4592	0.0000	5.8908
1463	-0.0000	-416.7244	0.0000	5.8949
1464	-0.0000	-417.2289	0.0000	5.8991
1465	-0.0000	-418.1094	0.0000	5.9030
1466	-0.0000	-423.4848	0.0000	5.9074
1467	-0.0000	-396.5732	0.0000	5.9118
1468	-0.0000	-424.0076	0.0000	5.9162
1469	-0.0000	-422.4953	0.0000	5.9204
1470	-0.0000	-438.7071	0.0000	5.9245
1471	-0.0000	-374.5875	0.0000	5.9288
1472	-0.0000	-422.8361	0.0000	5.9329
1473	-0.0000	-399.6672	0.0000	5.9372
1474	-0.0000	-396.6318	0.0000	5.9413
1475	-0.0000	-394.6923	0.0000	5.9453
1476	-0.0000	-390.4658	0.0000	5.9497
1477	-0.0000	-404.6976	0.0000	5.9542
1478	-0.0000	-387.3336	0.0000	5.9584
1479	-0.0000	-409.4467	0.0000	5.9630
1480	-0.0000	-341.9358	0.0000	5.9673
1481	-0.0000	-410.3096	0.0000	5.9716
1482	-0.0000	-391.1494	0.0000	5.9756
1483	-0.0000	-418.3921	0.0000	5.9797
1484	-0.0000	-401.8145	0.0000	5.9840
1485	-0.0000	-394.9212	0.0000	5.9883
1486	-0.0000	-392.9802	0.0000	5.9924
1487	-0.0000	-393.9463	0.0000	5.9964
1488	-0.0000	-378.6415	0.0000	6.0009
1489	-0.0000	-386.4569	0.0000	6.0052
1490	-0.0000	-409.5967	0.0000	6.0096
1491	-0.0000	-380.2079	0.0000	6.0139
1492	-0.0000	-380.9306	0.0000	6.0180
1493	-0.0000	-400.1132	0.0000	6.0222
1494	-0.0000	-387.1975	0.0000	6.0264
1495	-0.0000	-388.1449	0.0000	6.0308
1496	-0.0000	-397.7674	0.0000	6.0350
1497	-0.0000	-428.7440	0.0000	6.0399
1498	-0.0000	-431.3054	0.0000	6.0440
1499	-0.0000	-400.1306	0.0000	6.0485
1500	-0.0000	-414.3556	0.0000	6.0528
1501	-0.0000	-409.0113	0.0000	6.0572
1502	-0.0000	-392.1415	0.0000	6.0614
1503	-0.0000	-424.4429	0.0000	6.0656
1504	-0.0000	-414.1295	0.0000	6.0702
1505	-0.0000	-413.0439	0.0000	6.0748
1506	-0.0000	-387.8553	0.0000	6.0789
1507	-0.0000	-426.9705	0.0000	6.0830
1508	-0.0000	-399.4740	0.0000	6.0871
1509	-0.0000	-437.8644	0.0000	6.0915
1510	-0.0000	-403.5510	0.0000	6.0957
1511	-0.0000	-415.4985	0.0000	6.1003
1512	-0.0000	-434.3170	0.0000	6.1043
1513	-0.0000	-437.3571	0.0000	6.1082
1514	-0.0000	-431.3704	0.0000	6.1125
1515	-0.0000	-423.8793	0.0000	6.1167
1516	-0.0000	-408.3424	0.0000	6.1210
1517	-0.0000	-387.3913	0.0000	6.1250
1518	-0.0000	-430.4313	0.0000	6.1295
1519	-0.0000	-448.2322	0.0000	6.1338
1520	-0.0000	-426.7777	0.0000	6.1383
1521	-0.0000	-419.6336	0.0000	6.1431
1522	-0.0000	-401.3044	0.0000	6.1471
1523	-0.0000	-433.7778	0.0000	6.1515
1524	-0.0000	-400.7691	0.0000	6.1554
1525	-0.0000	-449.0746	0.0000	6.1600
1526	-0.0000	-438.6507	0.0000	6.1637
1527	-0.0000	-435.1180	0.0000	6.1676
1528	-0.0000	-424.6063	0.0000	6.1721
1529	-0.0000	-462.0380	0.0000	6.1765
1530	-0.0000	-412.6057	0.0000	6.1803
1531	-0.0000	-440.3421	0.0000	6.1841
1532	-0.0000	-436.7777	0.0000	6.1877
1533	-0.0000	-427.7400	0.0000	6.1915
1534	-0.0000	-440.6718	0.0000	6.1955
1535	-0.0000	-426.2047	0.0000	6.1999
1536	-0.0000	-442.6417	0.0000	6.2039
1537	-0.0000	-446.9596	0.0000	6.2081
1538	-0.0000	-448.5742	0.0000	6.2119
1539	-0.0000	-430.0603	0.0000	6.2156
1540	-0.0000	-433.6036	0.0000	6.2198
1541	-0.0000	-415.3637	0.0000	6.2235
1542	-0.0000	-446.2303	0.0000	6.2269
1543	-0.0000	-443.4639	0.0000	6.2314
1544	-0.0000	-427.6579	0.0000	6.2352
1545	-0.0000	-442.4677	0.0000	6.2393
1546	-0.0000	-437.7314	0.0000	6.2428
1547	-0.0000	-406.3207	0.0000	6.2463
1548	-0.0000	-385.7224	0.0000	6.2504
1549	-0.0000	-388.5446	0.0000	6.2542
1550	-0.0000	-363.7715	0.0000	6.2586
1551	-0.0000	-403.2580	0.0000	6.2623
1552	-0.0000	-386.3165	0.0000	6.2660
1553	-0.0000	-370.5901	0.0000	6.2706
1554	-0.0000	-411.2085	0.0000	6.2747
1555	-0.0000	-407.1041	0.0000	6.2787
1556	-0.0000	-411.3665	0.0000	6.2827
1557	-0.0000	-393.3138	0.0000	6.2873
1558	-0.0000	-381.1349	0.0000	6.2917
1559	-0.0000	-396.9199	0.0000	6.2953
1560	-0.0000	-397.7550	0.0000	6.2990
1561	-0.0000	-391.9099	0.0000	6.3030
1562	-0.0000	-372.2497	0.0000	6.3068
1563	-0.0000	-399.9701	0.0000	6.3107
1564	-0.0000	-406.6557	0.0000	6.3147
1565	-0.0000	-383.7419	0.0000	6.3189
1566	-0.0000	-384.7564	0.0000	6.3231
1567	-0.0000	-416.2161	0.0000	6.3273
1568	-0.0000	-410.2521	0.0000	6.3314
1569	-0.0000	-425.7868	0.0000	6.3354
1570	-0.0000	-382.3235	0.0000	6.3390
1571	-0.0000	-373.4722	0.0000	6.3427
1572	-0.0000	-315.4684	0.0000	6.3464
1573	-0.0000	-360.5679	0.0000	6.3500
1574	-0.0000	-390.3607	0.0000	6.3536
1575	-0.0000	-362.1764	0.0000	6.3575
1576	-0.0000	-369.8326	0.0000	6.3614
1577	-0.0000	-356.6808	0.0000	6.3650
1578	-0.0000	-389.6782	0.0000	6.3690
1579	-0.0000	-373.9754	0.0000	6.3733
1580	-0.0000	-382.6399	0.0000	6.3774
1581	-0.0000	-386.8095	0.0000	6.3815
1582	-0.0000	-404.6125	0.0000	6.3851
1583	-0.0000	-399.7543	0.0000	6.3895
1584	-0.0000	-397.2631	0.0000	6.3932
1585	-0.0000	-404.6466	0.0000	6.3972
1586	-0.0000	-410.1195	0.0000	6.4019
1587	-0.0000	-373.8348	0.0000	6.4066
1588	-0.0000	-385.4701	0.0000	6.4113
1589	-0.0000	-396.7948	0.0000	6.4161
1590	-0.0000	-405.4453	0.0000	6.4208
1591	-0.0000	-413.8521	0.0000	6.4251
1592	-0.0000	-413.0742	0.0000	6.4296
1593	-0.0000	-472.1182	0.0000	6.4347
1594	-0.0000	-430.6798	0.0000	6.4392
1595	-0.0000	-443.4968	0.0000	6.4428
1596	-0.0000	-424.2481	0.0000	6.4469
1597	-0.0000	-415.8520	0.0000	6.4504
1598	-0.0000	-424.8405	0.0000	6.4540
1599	-0.0000	-445.7448	0.0000	6.4586
1600	-0.0000	-455.7036	0.0000	6.4630
1601	-0.0000	-447.2262	0.0000	6.4676
1602	-0.0000	-383.4460	0.0000	6.4715
1603	-0.0000	-444.0328	0.0000	6.4759
1604	-0.0000	-451.3126	0.0000	6.4801
1605	-0.0000	-418.0497	0.0000	6.4845
1606	-0.0000	-446.7178	0.0000	6.4883
1607	-0.0000	-461.3300	0.0000	6.4923
1608	-0.0000	-438.6551	0.0000	6.4959
1609	-0.0000	-471.2765	0.0000	6.4995
1610	-0.0000	-477.6828	0.0000	6.5030
1611	-0.0000	-478.3665	0.0000	6.5069
1612	-0.0000	-472.4834	0.0000	6.5113
1613	-0.0000	-480.2251	0.0000	6.5154
1614	-0.0000	-487.2929	0.0000	6.5193
1615	-0.0000	-455.9115	0.0000	6.5239
1616	-0.0000	-494.9946	0.0000	6.5276
1617	-0.0000	-452.1553	0.0000	6.5310
1618	-0.0000	-460.5148	0.0000	6.5347
1619	-0.0000	-470.9137	0.0000	6.5382
1620	-0.0000	-469.3047	0.0000	6.5416
1621	-0.0000	-439.8354	0.0000	6.5451
1622	-0.0000	-456.1224	0.0000	6.5488
1623	-0.0000	-451.8894	0.0000	6.5524
1624	-0.0000	-452.3820	0.0000	6.5559
1625	-0.0000	-447.2081	0.0000	6.5594
1626	-0.0000	-492.9814	0.0000	6.5632
1627	-0.0000	-485.1031	0.0000	6.5667
1628	-0.0000	-461.6271	0.0000	6.5702
1629	-0.0000	-459.1583	0.0000	6.5739
1630	-0.0000	-447.8998	0.0000	6.5776
1631	-0.0000	-474.0575	0.0000	6.5810
1632	-0.0000	-500.6025	0.0000	6.5845
1633	-0.0000	-467.1697	0.0000	6.5880
1634	-0.0000	-451.4304	0.0000	6.5917
1635	-0.0000	-414.3497	0.0000	6.5951
1636	-0.0000	-419.5635	0.0000	6.5987
1637	-0.0000	-452.2391	0.0000	6.6024
1638	-0.0000	-439.8019	0.0000	6.6061
1639	-0.0000	-406.0456	0.0000	6.6096
1640	-0.0000	-445.1255	0.0000	6.6131
1641	-0.0000	-427.4746	0.0000	6.6166
1642	-0.0000	-409.6083	0.0000	6.6200
1643	-0.0000	-445.8978	0.0000	6.6239
1644	-0.0000	-428.9571	0.0000	6.6278
1645	-0.0000	-405.5830	0.0000	6.6314
1646	-0.0000	-434.0310	0.0000	6.6351
1647	-0.0000	-460.6568	0.0000	6.6387
1648	-0.0000	-452.5383	0.0000	6.6426
1649	-0.0000	-447.8504	0.0000	6.6461
1650	-0.0000	-435.6278	0.0000	6.6496
1651	-0.0000	-455.9037	0.0000	6.6534
1652	-0.0000	-440.2326	0.0000	6.6572
1653	-0.0000	-428.2186	0.0000	6.6608
1654	-0.0000	-446.6597	0.0000	6.6644
1655	-0.0000	-464.4047	0.0000	6.6679
1656	-0.0000	-433.5719	0.0000	6.6715
1657	-0.0000	-433.4265	0.0000	6.6750
1658	-0.0000	-474.5063	0.0000	6.6785
1659	-0.0000	-434.1323	0.0000	6.6820
1660	-0.0000	-459.4796	0.0000	6.6859
1661	-0.0000	-439.5428	0.0000	6.6899
1662	-0.0000	-420.4267	0.0000	6.6936
1663	-0.0000	-431.5782	0.0000	6.6976
1664	-0.0000	-460.3742	0.0000	6.7013
1665	-0.0000	-439.4975	0.0000	6.7050
1666	-0.0000	-442.9608	0.0000	6.7085
1667	-0.0000	-424.7573	0.0000	6.7123
1668	-0.0000	-416.0424	0.0000	6.7160
1669	-0.0000	-433.9865	0.0000	6.7195
1670	-0.0000	-434.9085	0.0000	6.7232
1671	-0.0000	-428.8455	0.0000	6.7268
1672	-0.0000	-443.1939	0.0000	6.7302
1673	-0.0000	-417.5798	0.0000	6.7337
1674	-0.0000	-401.6740	0.0000	6.7371
1675	-0.0000	-430.0418	0.0000	6.7407
1676	-0.0000	-433.6958	0.0000	6.7444
1677	-0.0000	-430.8123	0.0000	6.7479
1678	-0.0000	-422.3801	0.0000	6.7514
1679	-0.0000	-419.1901	0.0000	6.7550
1680	-0.0000	-451.5611	0.0000	6.7584
1681	-0.0000	-427.5261	0.0000	6.7620
1682	-0.0000	-441.9720	0.0000	6.7661
1683	-0.0000	-422.2060	0.0000	6.7698
1684	-0.0000	-425.2057	0.0000	6.7735
1685	-0.0000	-434.0583	0.0000	6.7774
1686	-0.0000	-438.6737	0.0000	6.7821
1687	-0.0000	-408.0366	0.0000	6.7869
1688	-0.0000	-435.0878	0.0000	6.7917
1689	-0.0000	-463.5579	0.0000	6.7958
1690	-0.0000	-453.3752	0.0000	6.7993
1691	-0.0000	-445.0515	0.0000	6.8030
1692	-0.0000	-426.2876	0.0000	6.8069
1693	-0.0000	-454.3471	0.0000	6.8110
1694	-0.0000	-467.8949	0.0000	6.8153
1695	-0.0000	-431.0729	0.0000	6.8197
1696	-0.0000	-459.2803	0.0000	6.8245
1697	-0.0000	-405.6962	0.0000	6.8288
1698	-0.0000	-437.8159	0.0000	6.8335
1699	-0.0000	-421.5094	0.0000	6.8381
1700	-0.0000	-449.2609	0.0000	6.8420
1701	-0.0000	-434.6087	0.0000	6.8458
1702	-0.0000	-441.9226	0.0000	6.8498
1703	-0.0000	-406.9579	0.0000	6.8538
1704	-0.0000	-405.0501	0.0000	6.8583
1705	-0.0000	-403.8201	0.0000	6.8629
1706	-0.0000	-437.6558	0.0000	6.8676
1707	-0.0000	-430.2429	0.0000	6.8729
1708	-0.0000	-443.5025	0.0000	6.8773
1709	-0.0000	-414.2192	0.0000	6.8811
1710	-0.0000	-411.6426	0.0000	6.8851
1711	-0.0000	-437.4156	0.0000	6.8891
1712	-0.0000	-417.0085	0.0000	6.8936
1713	-0.0000	-409.8662	0.0000	6.8979
1714	-0.0000	-407.8200	0.0000	6.9023
1715	-0.0000	-415.6729	0.0000	6.9068
1716	-0.0000	-466.5238	0.0000	6.9112
1717	-0.0000	-422.5682	0.0000	6.9155
1718	-0.0000	-424.8425	0.0000	6.9199
1719	-0.0000	-444.7278	0.0000	6.9243
1720	-0.0000	-408.3078	0.0000	6.9291
1721	-0.0000	-461.8538	0.0000	6.9339
1722	-0.0000	-475.6583	0.0000	6.9384
1723	-0.0000	-437.9565	0.0000	6.9435
1724	-0.0000	-451.9097	0.0000	6.9480
1725	-0.0000	-473.4384	0.0000	6.9522
1726	-0.0000	-452.4542	0.0000	6.9568
1727	-0.0000	-485.7660	0.0000	6.9614
1728	-0.0000	-440.6785	0.0000	6.9660
1729	-0.0000	-417.4127	0.0000	6.9705
1730	-0.0000	-457.3173	0.0000	6.9751
1731	-0.0000	-438.6952	0.0000	6.9796
1732	-0.0000	-421.8784	0.0000	6.9847
1733	-0.0000	-441.1533	0.0000	6.9890
1734	-0.0000	-421.8898	0.0000	6.9931
1735	-0.0000	-453.5813	0.0000	6.9973
1736	-0.0000	-435.2782	0.0000	7.0015
1737	-0.0000	-426.9037	0.0000	7.0055
1738	-0.0000	-418.1618	0.0000	7.0091
1739	-0.0000	-413.2228	0.0000	7.0131
1740	-0.0000	-420.1108	0.0000	7.0169
1741	-0.0000	-453.7077	0.0000	7.0208
1742	-0.0000	-435.0892	0.0000	7.0247
1743	-0.0000	-424.5236	0.0000	7.0288
1744	-0.0000	-432.0448	0.0000	7.0334
1745	-0.0000	-440.2141	0.0000	7.0381
1746	-0.0000	-447.4567	0.0000	7.0423
1747	-0.0000	-421.8313	0.0000	7.0470
1748	-0.0000	-412.1357	0.0000	7.0510
1749	-0.0000	-442.8027	0.0000	7.0550
1750	-0.0000	-435.0687	0.0000	7.0590
1751	-0.0000	-443.7455	0.0000	7.0632
1752	-0.0000	-444.7325	0.0000	7.0676
1753	-0.0000	-474.6699	0.0000	7.0718
1754	-0.0000	-440.2176	0.0000	7.0760
1755	-0.0000	-446.4827	0.0000	7.0801
1756	-0.0000	-436.5404	0.0000	7.0862
1757	-0.0000	-427.2339	0.0000	7.0918
1758	-0.0000	-446.9717	0.0000	7.0958
1759	-0.0000	-442.4127	0.0000	7.1001
1760	-0.0000	-424.9541	0.0000	7.1042
1761	-0.0000	-419.3557	0.0000	7.1083
1762	-0.0000	-426.0514	0.0000	7.1126
1763	-0.0000	-435.4425	0.0000	7.1170
1764	-0.0000	-422.8898	0.0000	7.1217
1765	-0.0000	-423.8755	0.0000	7.1258
1766	-0.0000	-415.8522	0.0000	7.1299
1767	-0.0000	-458.0292	0.0000	7.1340
1768	-0.0000	-428.4521	0.0000	7.1381
1769	-0.0000	-420.0403	0.0000	7.1420
1770	-0.0000	-405.3275	0.0000	7.1462
1771	-0.0000	-446.9940	0.0000	7.1503
1772	-0.0000	-425.7474	0.0000	7.1547
1773	-0.0000	-423.4700	0.0000	7.1587
1774	-0.0000	-418.8403	0.0000	7.1634
1775	-0.0000	-433.7233	0.0000	7.1675
1776	-0.0000	-438.3690	0.0000	7.1722
1777	-0.0000	-472.2388	0.0000	7.1758
1778	-0.0000	-445.4877	0.0000	7.1798
1779	-0.0000	-451.4885	0.0000	7.1834
1780	-0.0000	-442.8543	0.0000	7.1874
1781	-0.0000	-469.3904	0.0000	7.1913
1782	-0.0000	-448.8431	0.0000	7.1951
1783	-0.0000	-463.6446	0.0000	7.1989
1784	-0.0000	-459.5532	0.0000	7.2028
1785	-0.0000	-416.5853	0.0000	7.2070
1786	-0.0000	-438.5960	0.0000	7.2114
1787	-0.0000	-448.9668	0.0000	7.2155
1788	-0.0000	-431.9307	0.0000	7.2197
1789	-0.0000	-428.3608	0.0000	7.2238
1790	-0.0000	-444.3533	0.0000	7.2278
1791	-0.0000	-423.9596	0.0000	7.2322
1792	-0.0000	-438.6516	0.0000	7.2367
1793	-0.0000	-462.2757	0.0000	7.2410
1794	-0.0000	-456.8458	0.0000	7.2449
1795	-0.0000	-461.1545	0.0000	7.2489
1796	-0.0000	-458.9589	0.0000	7.2526
1797	-0.0000	-448.2390	0.0000	7.2566
1798	-0.0000	-448.6568	0.0000	7.2605
1799	-0.0000	-469.6459	0.0000	7.2646
1800	-0.0000	-449.5479	0.0000	7.2687
1801	-0.0000	-450.3071	0.0000	7.2726
1802	-0.0000	-424.5982	0.0000	7.2765
1803	-0.0000	-465.1764	0.0000	7.2805
1804	-0.0000	-474.4465	0.0000	7.2843
1805	-0.0000	-462.4294	0.0000	7.2881
1806	-0.0000	-478.7461	0.0000	7.2920
1807	-0.0000	-486.8635	0.0000	7.2960
1808	-0.0000	-454.6263	0.0000	7.3001
1809	-0.0000	-457.7840	0.0000	7.3050
1810	-0.0000	-451.3183	0.0000	7.3098
1811	-0.0000	-455.9947	0.0000	7.3140
1812	-0.0000	-469.8269	0.0000	7.3190
1813	-0.0000	-445.9166	0.0000	7.3232
1814	-0.0000	-451.3791	0.0000	7.3272
1815	-0.0000	-477.7284	0.0000	7.3312
1816	-0.0000	-474.9058	0.0000	7.3352
1817	-0.0000	-512.4027	0.0000	7.3393
1818	-0.0000	-468.1542	0.0000	7.3433
1819	-0.0000	-481.2650	0.0000	7.3473
1820	-0.0000	-479.1404	0.0000	7.3512
1821	-0.0000	-477.8730	0.0000	7.3555
1822	-0.0000	-465.8309	0.0000	7.3593
1823	-0.0000	-467.8649	0.0000	7.3631
1824	-0.0000	-463.0093	0.0000	7.3671
1825	-0.0000	-495.6813	0.0000	7.3709
1826	-0.0000	-479.4252	0.0000	7.3750
1827	-0.0000	-463.4201	0.0000	7.3791
1828	-0.0000	-491.7031	0.0000	7.3830
1829	-0.0000	-480.6309	0.0000	7.3868
1830	-0.0000	-476.4947	0.0000	7.3905
1831	-0.0000	-501.1552	0.0000	7.3943
1832	-0.0000	-480.6707	0.0000	7.3986
1833	-0.0000	-470.5563	0.0000	7.4026
1834	-0.0000	-507.3913	0.0000	7.4070
1835	-0.0000	-483.6568	0.0000	7.4117
1836	-0.0000	-504.7611	0.0000	7.4161
1837	-0.0000	-495.3592	0.0000	7.4198
1838	-0.0000	-483.9473	0.0000	7.4236
1839	-0.0000	-464.3945	0.0000	7.4278
1840	-0.0000	-522.9850	0.0000	7.4315
1841	-0.0000	-497.9326	0.0000	7.4355
1842	-0.0000	-486.4619	0.0000	7.4392
1843	-0.0000	-484.3494	0.0000	7.4430
1844	-0.0000	-501.4840	0.0000	7.4470
1845	-0.0000	-568.1995	0.0000	7.4506
1846	-0.0000	-564.6422	0.0000	7.4548
1847	-0.0000	-542.2482	0.0000	7.4587
1848	-0.0000	-554.9539	0.0000	7.4625
1849	-0.0000	-541.6560	0.0000	7.4661
1850	-0.0000	-534.7683	0.0000	7.4700
1851	-0.0000	-538.3805	0.0000	7.4738
1852	-0.0000	-501.4071	0.0000	7.4778
1853	-0.0000	-518.4131	0.0000	7.4816
1854	-0.0000	-522.6539	0.0000	7.4855
1855	-0.0000	-529.7616	0.0000	7.4894
1856	-0.0000	-511.5449	0.0000	7.4937
1857	-0.0000	-503.0985	0.0000	7.4976
1858	-0.0000	-488.9757	0.0000	7.5015
1859	-0.0000	-470.7950	0.0000	7.5055
1860	-0.0000	-487.9895	0.0000	7.5097
1861	-0.0000	-495.7097	0.0000	7.5140
1862	-0.0000	-500.6515	0.0000	7.5179
1863	-0.0000	-513.9351	0.0000	7.5219
1864	-0.0000	-477.0058	0.0000	7.5256
1865	-0.0000	-500.2535	0.0000	7.5295
