ID: shubert	Date: 2018-09-04 16:18:35	Runs: 1
=================================================================================================================
Run: 0
Iter	Gbest	AvrFit	Diver	ETime	
0	90.6410	10.4605	0.0000	0.0006
1	90.6410	15.0184	0.0000	0.0013
2	135.7116	20.6414	0.0000	0.0018
3	135.7116	19.9784	0.0000	0.0024
4	135.7116	26.0118	0.0000	0.0030
5	160.9267	25.7218	0.0000	0.0035
6	160.9267	24.7763	0.0000	0.0041
7	160.9267	31.7603	0.0000	0.0046
8	160.9267	27.0724	0.0000	0.0052
9	160.9267	30.7485	0.0000	0.0057
10	173.0402	35.3117	0.0000	0.0063
11	173.0402	32.3143	0.0000	0.0069
12	173.0402	35.9094	0.0000	0.0075
13	173.0402	38.9233	0.0000	0.0081
14	173.1107	40.7121	0.0000	0.0087
15	173.1107	38.8998	0.0000	0.0092
16	173.1107	40.6900	0.0000	0.0098
17	173.1107	34.3236	0.0000	0.0103
18	181.3770	45.4499	0.0000	0.0109
19	181.3770	43.6668	0.0000	0.0114
20	181.3770	46.5599	0.0000	0.0119
21	181.3770	39.1467	0.0000	0.0125
22	181.3770	40.3954	0.0000	0.0130
23	181.3770	39.5040	0.0000	0.0135
24	181.3770	38.6986	0.0000	0.0141
25	181.3770	46.1860	0.0000	0.0152
26	181.3770	45.0965	0.0000	0.0159
27	181.3770	51.3971	0.0000	0.0165
28	181.3770	52.6026	0.0000	0.0170
29	181.3770	52.5494	0.0000	0.0176
30	181.3770	42.5826	0.0000	0.0182
31	181.3770	46.6191	0.0000	0.0188
32	181.3770	48.1375	0.0000	0.0194
33	181.3770	54.9982	0.0000	0.0199
34	181.3770	43.9278	0.0000	0.0205
35	181.3770	51.5864	0.0000	0.0210
36	181.3770	49.0670	0.0000	0.0216
37	181.3770	49.4597	0.0000	0.0221
38	183.8967	54.9876	0.0000	0.0227
39	183.8967	51.5803	0.0000	0.0233
40	183.8967	58.7023	0.0000	0.0240
41	183.8967	47.8863	0.0000	0.0245
42	183.8967	49.3641	0.0000	0.0251
43	183.8967	60.5165	0.0000	0.0256
44	183.8967	56.4207	0.0000	0.0261
45	183.8967	57.0048	0.0000	0.0267
46	183.8967	61.9938	0.0000	0.0272
47	183.8967	63.2774	0.0000	0.0278
48	183.8967	61.3106	0.0000	0.0284
49	183.8967	59.6549	0.0000	0.0290
50	183.8967	57.4346	0.0000	0.0296
51	183.8967	59.1776	0.0000	0.0302
52	183.8967	57.2248	0.0000	0.0307
53	183.8967	60.3522	0.0000	0.0313
54	183.8967	61.2574	0.0000	0.0318
55	183.8967	53.0746	0.0000	0.0324
56	183.8967	69.1635	0.0000	0.0329
57	183.8967	61.1483	0.0000	0.0335
58	183.8967	62.8548	0.0000	0.0340
59	183.8967	62.7069	0.0000	0.0346
60	183.8967	65.0658	0.0000	0.0351
61	183.8967	68.2186	0.0000	0.0357
62	183.8967	62.0014	0.0000	0.0363
63	183.8967	59.5833	0.0000	0.0369
64	183.8967	62.2745	0.0000	0.0374
65	183.8967	65.1465	0.0000	0.0379
66	183.8967	65.0402	0.0000	0.0385
67	183.8967	63.6043	0.0000	0.0390
68	183.8967	76.0667	0.0000	0.0396
69	183.8967	68.2057	0.0000	0.0402
70	183.8967	58.0582	0.0000	0.0408
71	183.8967	66.2042	0.0000	0.0413
72	186.3220	70.2793	0.0000	0.0419
73	186.3220	69.0298	0.0000	0.0424
74	186.3220	65.8211	0.0000	0.0429
75	186.3220	69.5653	0.0000	0.0435
76	186.3220	60.8910	0.0000	0.0441
77	186.3220	64.4789	0.0000	0.0446
78	186.3220	56.0042	0.0000	0.0451
79	186.3220	70.4481	0.0000	0.0457
80	186.3220	70.8994	0.0000	0.0462
81	186.3220	70.2141	0.0000	0.0467
82	186.3220	70.7433	0.0000	0.0473
83	186.3720	67.6125	0.0000	0.0479
84	186.3720	69.2136	0.0000	0.0484
85	186.3720	75.9934	0.0000	0.0490
86	186.3720	72.1194	0.0000	0.0495
87	186.3720	70.4591	0.0000	0.0500
88	186.3720	73.5600	0.0000	0.0506
89	186.3720	66.8816	0.0000	0.0511
90	186.3720	78.4540	0.0000	0.0516
91	186.3720	66.3244	0.0000	0.0522
92	186.3720	67.9211	0.0000	0.0527
93	186.3720	56.1834	0.0000	0.0533
94	186.3720	76.7768	0.0000	0.0538
95	186.3720	70.0553	0.0000	0.0544
96	186.3720	78.0074	0.0000	0.0549
97	186.3720	67.8932	0.0000	0.0554
98	186.3720	79.3855	0.0000	0.0560
99	186.7079	66.2967	0.0000	0.0566
100	186.7079	65.8277	0.0000	0.0572
101	186.7079	68.5401	0.0000	0.0578
102	186.7079	67.9590	0.0000	0.0584
103	186.7079	80.5223	0.0000	0.0589
104	186.7079	74.6048	0.0000	0.0594
105	186.7079	79.5792	0.0000	0.0600
106	186.7079	72.6617	0.0000	0.0606
107	186.7079	80.0208	0.0000	0.0611
108	186.7079	70.5689	0.0000	0.0616
109	186.7079	70.8923	0.0000	0.0622
110	186.7079	73.3343	0.0000	0.0627
111	186.7079	70.2688	0.0000	0.0633
112	186.7079	63.8544	0.0000	0.0639
113	186.7079	72.6762	0.0000	0.0644
114	186.7079	71.4454	0.0000	0.0649
115	186.7079	70.2012	0.0000	0.0655
116	186.7079	73.4983	0.0000	0.0660
117	186.7079	71.9590	0.0000	0.0666
118	186.7079	67.6373	0.0000	0.0671
119	186.7079	76.8958	0.0000	0.0677
120	186.7079	80.3817	0.0000	0.0682
121	186.7079	74.6230	0.0000	0.0687
122	186.7079	62.3818	0.0000	0.0693
123	186.7079	71.7860	0.0000	0.0699
124	186.7079	72.5615	0.0000	0.0705
125	186.7079	76.9582	0.0000	0.0710
126	186.7079	74.1332	0.0000	0.0716
127	186.7079	72.3051	0.0000	0.0721
128	186.7079	72.7039	0.0000	0.0727
129	186.7079	77.2244	0.0000	0.0733
130	186.7079	75.3385	0.0000	0.0738
131	186.7079	80.3587	0.0000	0.0743
132	186.7079	79.4458	0.0000	0.0749
133	186.7079	76.8321	0.0000	0.0754
134	186.7079	71.3259	0.0000	0.0759
135	186.7079	85.3848	0.0000	0.0765
136	186.7079	73.1108	0.0000	0.0770
137	186.7079	78.0514	0.0000	0.0776
138	186.7079	74.8775	0.0000	0.0781
139	186.7079	71.4429	0.0000	0.0787
140	186.7079	77.3025	0.0000	0.0793
141	186.7079	68.3712	0.0000	0.0798
142	186.7079	82.7351	0.0000	0.0803
143	186.7079	73.2275	0.0000	0.0809
144	186.7079	77.6428	0.0000	0.0815
145	186.7079	69.8337	0.0000	0.0820
146	186.7079	77.4044	0.0000	0.0826
147	186.7079	79.2048	0.0000	0.0831
148	186.7079	80.6416	0.0000	0.0837
149	186.7079	76.4077	0.0000	0.0842
150	186.7079	86.7266	0.0000	0.0847
151	186.7079	76.2792	0.0000	0.0853
152	186.7079	76.7289	0.0000	0.0858
153	186.7079	83.2270	0.0000	0.0864
154	186.7079	82.6225	0.0000	0.0869
155	186.7079	77.9397	0.0000	0.0875
156	186.7079	69.3202	0.0000	0.0882
157	186.7079	68.9037	0.0000	0.0887
158	186.7079	75.0110	0.0000	0.0892
159	186.7079	79.7369	0.0000	0.0898
160	186.7079	74.3999	0.0000	0.0903
161	186.7079	71.3084	0.0000	0.0909
162	186.7079	77.3954	0.0000	0.0914
163	186.7079	75.0142	0.0000	0.0920
164	186.7079	73.7081	0.0000	0.0925
165	186.7079	85.3018	0.0000	0.0930
166	186.7079	66.8394	0.0000	0.0936
167	186.7079	79.7543	0.0000	0.0941
168	186.7079	73.5231	0.0000	0.0946
169	186.7079	84.8286	0.0000	0.0951
170	186.7079	79.9138	0.0000	0.0956
171	186.7079	74.1115	0.0000	0.0962
172	186.7079	74.1632	0.0000	0.0967
173	186.7079	72.3597	0.0000	0.0972
174	186.7079	72.2752	0.0000	0.0977
175	186.7079	85.1278	0.0000	0.0982
176	186.7079	79.6132	0.0000	0.0987
177	186.7079	62.9402	0.0000	0.0993
178	186.7079	76.8631	0.0000	0.0998
179	186.7079	72.1177	0.0000	0.1003
180	186.7079	66.7476	0.0000	0.1009
181	186.7079	73.9804	0.0000	0.1014
182	186.7079	76.3318	0.0000	0.1019
183	186.7079	77.0648	0.0000	0.1024
184	186.7079	64.4918	0.0000	0.1030
185	186.7079	71.6045	0.0000	0.1035
186	186.7079	70.6525	0.0000	0.1041
187	186.7079	73.9971	0.0000	0.1046
188	186.7079	76.2506	0.0000	0.1051
189	186.7079	75.9615	0.0000	0.1056
190	186.7079	82.9636	0.0000	0.1062
191	186.7079	92.2789	0.0000	0.1067
192	186.7079	72.3667	0.0000	0.1072
193	186.7079	77.5067	0.0000	0.1077
194	186.7079	82.1199	0.0000	0.1082
195	186.7079	77.6670	0.0000	0.1088
196	186.7079	79.4211	0.0000	0.1093
197	186.7079	78.1367	0.0000	0.1098
198	186.7079	79.0276	0.0000	0.1103
199	186.7079	70.3206	0.0000	0.1108
200	186.7079	81.4629	0.0000	0.1113
201	186.7079	77.7329	0.0000	0.1118
202	186.7079	79.2966	0.0000	0.1123
203	186.7079	83.8738	0.0000	0.1128
204	186.7079	77.6977	0.0000	0.1133
205	186.7079	81.4552	0.0000	0.1138
206	186.7079	74.7501	0.0000	0.1143
207	186.7079	77.7642	0.0000	0.1148
208	186.7079	72.5487	0.0000	0.1153
209	186.7079	78.5888	0.0000	0.1158
210	186.7079	86.1366	0.0000	0.1164
211	186.7079	88.8140	0.0000	0.1169
212	186.7079	83.2896	0.0000	0.1174
213	186.7132	80.2644	0.0000	0.1179
214	186.7273	86.1719	0.0000	0.1184
215	186.7273	75.7571	0.0000	0.1190
216	186.7273	87.9704	0.0000	0.1196
217	186.7273	82.1080	0.0000	0.1201
218	186.7273	87.8560	0.0000	0.1206
219	186.7273	79.4953	0.0000	0.1211
220	186.7273	77.6193	0.0000	0.1216
221	186.7273	80.2073	0.0000	0.1221
222	186.7273	85.7687	0.0000	0.1227
223	186.7273	81.3302	0.0000	0.1233
224	186.7273	73.4465	0.0000	0.1238
225	186.7273	73.7828	0.0000	0.1243
226	186.7273	83.3069	0.0000	0.1248
227	186.7273	84.7025	0.0000	0.1253
228	186.7273	78.1118	0.0000	0.1258
229	186.7273	83.3119	0.0000	0.1264
230	186.7273	83.9063	0.0000	0.1269
231	186.7273	75.9631	0.0000	0.1274
232	186.7273	79.5654	0.0000	0.1280
233	186.7273	78.3540	0.0000	0.1285
234	186.7273	78.5645	0.0000	0.1290
235	186.7273	88.7148	0.0000	0.1295
236	186.7273	91.7368	0.0000	0.1300
237	186.7273	88.3409	0.0000	0.1305
238	186.7273	82.3989	0.0000	0.1311
239	186.7273	71.5409	0.0000	0.1316
240	186.7273	83.3181	0.0000	0.1324
241	186.7273	85.7097	0.0000	0.1331
242	186.7273	76.2792	0.0000	0.1337
243	186.7273	70.7857	0.0000	0.1342
244	186.7273	82.5173	0.0000	0.1347
245	186.7273	80.2370	0.0000	0.1352
246	186.7273	74.8874	0.0000	0.1357
247	186.7273	80.0065	0.0000	0.1362
248	186.7273	80.7648	0.0000	0.1368
249	186.7273	76.7165	0.0000	0.1373
250	186.7273	92.5393	0.0000	0.1378
251	186.7273	87.0926	0.0000	0.1384
252	186.7273	83.4856	0.0000	0.1390
253	186.7273	74.0167	0.0000	0.1395
254	186.7273	81.4222	0.0000	0.1400
255	186.7273	76.5156	0.0000	0.1405
256	186.7273	84.3480	0.0000	0.1411
257	186.7273	79.7887	0.0000	0.1416
258	186.7273	76.9572	0.0000	0.1421
259	186.7273	75.8216	0.0000	0.1426
260	186.7273	87.9917	0.0000	0.1432
261	186.7273	82.5044	0.0000	0.1438
262	186.7273	72.0817	0.0000	0.1443
263	186.7273	77.6425	0.0000	0.1449
264	186.7273	79.2490	0.0000	0.1454
265	186.7273	81.8080	0.0000	0.1460
266	186.7273	90.7643	0.0000	0.1466
267	186.7273	76.3075	0.0000	0.1472
268	186.7273	73.5076	0.0000	0.1477
269	186.7273	78.6178	0.0000	0.1482
270	186.7273	83.3567	0.0000	0.1488
271	186.7273	74.5997	0.0000	0.1493
272	186.7273	80.4217	0.0000	0.1498
273	186.7273	85.3561	0.0000	0.1504
274	186.7273	77.9380	0.0000	0.1509
275	186.7273	75.7868	0.0000	0.1514
276	186.7273	72.6562	0.0000	0.1520
277	186.7273	73.2261	0.0000	0.1525
278	186.7273	85.5436	0.0000	0.1531
279	186.7273	72.3321	0.0000	0.1536
280	186.7273	78.8422	0.0000	0.1541
281	186.7273	79.0324	0.0000	0.1547
282	186.7273	78.9617	0.0000	0.1553
283	186.7273	75.3350	0.0000	0.1559
284	186.7273	82.1827	0.0000	0.1565
285	186.7273	79.0283	0.0000	0.1571
286	186.7273	91.8908	0.0000	0.1576
287	186.7273	87.2940	0.0000	0.1581
288	186.7273	75.6784	0.0000	0.1586
289	186.7273	76.7570	0.0000	0.1592
290	186.7273	77.8753	0.0000	0.1597
291	186.7273	76.9840	0.0000	0.1602
292	186.7273	78.5589	0.0000	0.1608
293	186.7273	72.7932	0.0000	0.1613
294	186.7273	82.2158	0.0000	0.1618
295	186.7273	76.6668	0.0000	0.1623
296	186.7273	81.7127	0.0000	0.1629
297	186.7273	75.4152	0.0000	0.1634
298	186.7273	83.2954	0.0000	0.1639
299	186.7273	82.5757	0.0000	0.1645
300	186.7273	80.8045	0.0000	0.1650
301	186.7273	83.4142	0.0000	0.1656
302	186.7273	72.1156	0.0000	0.1661
303	186.7273	83.0031	0.0000	0.1666
304	186.7273	78.8122	0.0000	0.1671
305	186.7273	78.8015	0.0000	0.1676
306	186.7273	83.7039	0.0000	0.1681
307	186.7273	80.9558	0.0000	0.1686
308	186.7273	81.0958	0.0000	0.1691
309	186.7273	78.6330	0.0000	0.1696
310	186.7273	82.7233	0.0000	0.1701
311	186.7273	87.9004	0.0000	0.1706
312	186.7273	83.5762	0.0000	0.1711
313	186.7273	75.3689	0.0000	0.1716
314	186.7273	76.8212	0.0000	0.1721
315	186.7273	85.9595	0.0000	0.1726
316	186.7273	76.8398	0.0000	0.1731
317	186.7273	76.6122	0.0000	0.1736
318	186.7273	82.8729	0.0000	0.1741
319	186.7273	80.7534	0.0000	0.1746
320	186.7273	78.8824	0.0000	0.1751
321	186.7273	81.0867	0.0000	0.1756
322	186.7273	81.3743	0.0000	0.1761
323	186.7273	80.4865	0.0000	0.1766
324	186.7273	81.4092	0.0000	0.1771
325	186.7273	84.2983	0.0000	0.1776
326	186.7273	79.0386	0.0000	0.1781
327	186.7273	81.5256	0.0000	0.1786
328	186.7273	78.0293	0.0000	0.1791
329	186.7273	87.9365	0.0000	0.1796
330	186.7273	82.2781	0.0000	0.1801
331	186.7273	87.2804	0.0000	0.1806
332	186.7273	82.7833	0.0000	0.1810
333	186.7273	85.7916	0.0000	0.1815
334	186.7273	79.5621	0.0000	0.1820
335	186.7273	84.7830	0.0000	0.1826
336	186.7273	89.9639	0.0000	0.1831
337	186.7273	87.2063	0.0000	0.1836
338	186.7273	81.2895	0.0000	0.1841
339	186.7273	74.3790	0.0000	0.1846
340	186.7273	75.7941	0.0000	0.1851
341	186.7273	80.8342	0.0000	0.1857
342	186.7273	76.4384	0.0000	0.1862
343	186.7273	83.9438	0.0000	0.1868
344	186.7273	79.7857	0.0000	0.1873
345	186.7273	86.6652	0.0000	0.1879
346	186.7273	81.1666	0.0000	0.1884
347	186.7273	83.1428	0.0000	0.1889
348	186.7273	83.0821	0.0000	0.1894
349	186.7273	72.0142	0.0000	0.1899
350	186.7273	86.5215	0.0000	0.1904
351	186.7273	82.6088	0.0000	0.1910
352	186.7273	84.8739	0.0000	0.1915
353	186.7273	89.0407	0.0000	0.1919
354	186.7273	76.5903	0.0000	0.1925
355	186.7273	83.8009	0.0000	0.1930
356	186.7273	75.7459	0.0000	0.1934
357	186.7273	75.5175	0.0000	0.1940
358	186.7273	82.1793	0.0000	0.1945
359	186.7273	69.8910	0.0000	0.1950
360	186.7273	75.8823	0.0000	0.1955
361	186.7273	80.0695	0.0000	0.1961
362	186.7273	78.8882	0.0000	0.1966
363	186.7273	86.7438	0.0000	0.1972
364	186.7273	88.0867	0.0000	0.1977
365	186.7273	83.4151	0.0000	0.1982
366	186.7273	80.3390	0.0000	0.1986
367	186.7273	84.5023	0.0000	0.1992
368	186.7273	84.8678	0.0000	0.1996
369	186.7273	89.7755	0.0000	0.2001
370	186.7273	91.4851	0.0000	0.2006
371	186.7273	79.2581	0.0000	0.2012
372	186.7273	86.7078	0.0000	0.2017
373	186.7273	76.8931	0.0000	0.2022
374	186.7273	78.9747	0.0000	0.2026
375	186.7273	77.8581	0.0000	0.2031
376	186.7273	76.8696	0.0000	0.2036
377	186.7273	80.9648	0.0000	0.2041
378	186.7273	78.2510	0.0000	0.2046
379	186.7273	90.4648	0.0000	0.2051
380	186.7273	86.0608	0.0000	0.2056
381	186.7273	74.4721	0.0000	0.2062
382	186.7273	85.3724	0.0000	0.2067
383	186.7273	82.2640	0.0000	0.2072
384	186.7273	84.0306	0.0000	0.2077
385	186.7273	86.5477	0.0000	0.2082
386	186.7273	75.8522	0.0000	0.2087
387	186.7273	83.6405	0.0000	0.2093
388	186.7273	77.5986	0.0000	0.2098
389	186.7273	82.0100	0.0000	0.2103
390	186.7273	78.5264	0.0000	0.2108
391	186.7273	82.1408	0.0000	0.2113
392	186.7273	83.5257	0.0000	0.2118
393	186.7273	71.4751	0.0000	0.2123
394	186.7273	85.5428	0.0000	0.2128
395	186.7273	80.6538	0.0000	0.2133
396	186.7273	87.0332	0.0000	0.2138
397	186.7273	99.1966	0.0000	0.2143
398	186.7273	84.6536	0.0000	0.2148
399	186.7273	90.4177	0.0000	0.2153
400	186.7273	86.4702	0.0000	0.2158
401	186.7273	86.3557	0.0000	0.2164
402	186.7273	76.2891	0.0000	0.2169
403	186.7273	86.0322	0.0000	0.2174
404	186.7273	87.9041	0.0000	0.2180
405	186.7273	77.2307	0.0000	0.2186
406	186.7273	82.7684	0.0000	0.2191
407	186.7273	81.4692	0.0000	0.2196
408	186.7273	80.1690	0.0000	0.2201
409	186.7273	77.1076	0.0000	0.2206
410	186.7273	86.8903	0.0000	0.2212
411	186.7273	82.2097	0.0000	0.2217
412	186.7273	70.5018	0.0000	0.2222
413	186.7273	75.2564	0.0000	0.2227
414	186.7273	86.2968	0.0000	0.2233
415	186.7273	79.1783	0.0000	0.2239
416	186.7273	79.4111	0.0000	0.2245
417	186.7273	81.2369	0.0000	0.2250
418	186.7273	78.7581	0.0000	0.2255
419	186.7273	76.1815	0.0000	0.2260
420	186.7273	86.4341	0.0000	0.2265
421	186.7273	77.0944	0.0000	0.2270
422	186.7273	86.0580	0.0000	0.2275
423	186.7273	89.5681	0.0000	0.2281
424	186.7273	78.2884	0.0000	0.2286
425	186.7273	81.4944	0.0000	0.2291
426	186.7305	88.3610	0.0000	0.2296
427	186.7305	81.0271	0.0000	0.2302
428	186.7305	75.2699	0.0000	0.2307
429	186.7305	80.8286	0.0000	0.2312
430	186.7305	88.6117	0.0000	0.2317
431	186.7305	80.3121	0.0000	0.2322
432	186.7305	85.7390	0.0000	0.2327
433	186.7305	77.5910	0.0000	0.2332
434	186.7305	84.8582	0.0000	0.2337
435	186.7305	80.2249	0.0000	0.2342
436	186.7305	78.1750	0.0000	0.2347
437	186.7305	78.3651	0.0000	0.2352
438	186.7305	84.0656	0.0000	0.2357
439	186.7305	82.6737	0.0000	0.2363
440	186.7305	80.8858	0.0000	0.2368
441	186.7305	74.9909	0.0000	0.2373
442	186.7305	81.0129	0.0000	0.2378
443	186.7305	85.8098	0.0000	0.2383
444	186.7305	83.2640	0.0000	0.2388
445	186.7305	78.6883	0.0000	0.2393
446	186.7305	79.2648	0.0000	0.2398
447	186.7305	80.4361	0.0000	0.2403
448	186.7305	76.3556	0.0000	0.2408
449	186.7305	79.0957	0.0000	0.2413
450	186.7305	83.2407	0.0000	0.2418
451	186.7305	90.7613	0.0000	0.2423
452	186.7305	77.8313	0.0000	0.2428
453	186.7305	84.0115	0.0000	0.2434
454	186.7305	76.3024	0.0000	0.2439
455	186.7305	76.9195	0.0000	0.2444
456	186.7305	81.2423	0.0000	0.2449
457	186.7305	89.3408	0.0000	0.2454
458	186.7305	86.2918	0.0000	0.2459
459	186.7305	87.7695	0.0000	0.2464
460	186.7305	78.7684	0.0000	0.2469
461	186.7305	81.2779	0.0000	0.2474
462	186.7305	82.7729	0.0000	0.2479
463	186.7305	76.4766	0.0000	0.2484
464	186.7305	79.2005	0.0000	0.2489
465	186.7305	72.9422	0.0000	0.2494
466	186.7305	80.1824	0.0000	0.2499
467	186.7305	85.5680	0.0000	0.2504
468	186.7305	80.2865	0.0000	0.2509
469	186.7305	87.7807	0.0000	0.2514
470	186.7305	84.1045	0.0000	0.2519
471	186.7305	78.2701	0.0000	0.2524
472	186.7305	74.9759	0.0000	0.2529
473	186.7305	86.3582	0.0000	0.2534
474	186.7305	78.4121	0.0000	0.2540
475	186.7305	79.8808	0.0000	0.2546
476	186.7305	84.2875	0.0000	0.2551
477	186.7305	86.4323	0.0000	0.2556
478	186.7305	89.9195	0.0000	0.2561
479	186.7305	80.7285	0.0000	0.2566
480	186.7305	80.5865	0.0000	0.2571
481	186.7305	82.7525	0.0000	0.2575
482	186.7305	74.1392	0.0000	0.2580
483	186.7305	89.0331	0.0000	0.2585
484	186.7305	85.3405	0.0000	0.2590
485	186.7305	81.9261	0.0000	0.2595
486	186.7305	83.1964	0.0000	0.2600
487	186.7305	79.9408	0.0000	0.2605
488	186.7305	81.6436	0.0000	0.2610
489	186.7305	85.4629	0.0000	0.2615
490	186.7305	84.4719	0.0000	0.2619
491	186.7305	81.1126	0.0000	0.2625
492	186.7305	82.7009	0.0000	0.2630
493	186.7305	83.1144	0.0000	0.2635
494	186.7305	84.0584	0.0000	0.2640
495	186.7305	79.5624	0.0000	0.2645
496	186.7305	81.0556	0.0000	0.2650
497	186.7305	78.1054	0.0000	0.2655
498	186.7305	84.0374	0.0000	0.2662
499	186.7305	81.1216	0.0000	0.2667
500	186.7305	80.1797	0.0000	0.2671
501	186.7305	83.8997	0.0000	0.2676
502	186.7305	77.3960	0.0000	0.2683
503	186.7305	80.5775	0.0000	0.2691
504	186.7305	81.1821	0.0000	0.2696
505	186.7305	86.6555	0.0000	0.2701
506	186.7305	78.6363	0.0000	0.2706
507	186.7305	79.7650	0.0000	0.2711
508	186.7305	80.3381	0.0000	0.2716
509	186.7305	87.9607	0.0000	0.2720
510	186.7305	86.7547	0.0000	0.2725
511	186.7305	82.6437	0.0000	0.2730
512	186.7305	84.9156	0.0000	0.2735
513	186.7305	89.1995	0.0000	0.2742
514	186.7305	84.0028	0.0000	0.2749
515	186.7305	79.8946	0.0000	0.2755
516	186.7308	83.7112	0.0000	0.2760
517	186.7308	80.9536	0.0000	0.2765
518	186.7308	73.0886	0.0000	0.2770
519	186.7308	83.4818	0.0000	0.2775
520	186.7308	81.8559	0.0000	0.2781
521	186.7308	94.5339	0.0000	0.2790
522	186.7308	81.2168	0.0000	0.2797
523	186.7308	87.0499	0.0000	0.2804
524	186.7308	83.1331	0.0000	0.2813
525	186.7308	79.2786	0.0000	0.2822
526	186.7308	83.3266	0.0000	0.2828
527	186.7308	89.4248	0.0000	0.2833
528	186.7308	79.2311	0.0000	0.2837
529	186.7308	85.1615	0.0000	0.2843
530	186.7308	88.7688	0.0000	0.2848
531	186.7308	80.5341	0.0000	0.2853
532	186.7308	75.4092	0.0000	0.2858
533	186.7308	83.2987	0.0000	0.2863
534	186.7308	85.5593	0.0000	0.2868
535	186.7308	82.4980	0.0000	0.2873
536	186.7309	80.1145	0.0000	0.2878
537	186.7309	76.7975	0.0000	0.2883
538	186.7309	81.8318	0.0000	0.2889
539	186.7309	86.3596	0.0000	0.2894
540	186.7309	80.2380	0.0000	0.2901
541	186.7309	80.8179	0.0000	0.2909
542	186.7309	93.9969	0.0000	0.2915
543	186.7309	74.5400	0.0000	0.2920
544	186.7309	80.5195	0.0000	0.2925
545	186.7309	85.0224	0.0000	0.2930
546	186.7309	90.6150	0.0000	0.2935
547	186.7309	77.1209	0.0000	0.2941
548	186.7309	88.3946	0.0000	0.2946
549	186.7309	81.6708	0.0000	0.2951
550	186.7309	77.7025	0.0000	0.2956
551	186.7309	81.1335	0.0000	0.2961
552	186.7309	86.9469	0.0000	0.2966
553	186.7309	87.9395	0.0000	0.2971
554	186.7309	78.6188	0.0000	0.2976
555	186.7309	78.8400	0.0000	0.2981
556	186.7309	81.3699	0.0000	0.2986
557	186.7309	76.2278	0.0000	0.2991
558	186.7309	82.7126	0.0000	0.2996
559	186.7309	76.5179	0.0000	0.3001
560	186.7309	75.2052	0.0000	0.3007
561	186.7309	78.7488	0.0000	0.3012
562	186.7309	79.0120	0.0000	0.3017
563	186.7309	85.9494	0.0000	0.3022
564	186.7309	81.3586	0.0000	0.3028
565	186.7309	83.9124	0.0000	0.3033
566	186.7309	88.5323	0.0000	0.3037
567	186.7309	74.0741	0.0000	0.3043
568	186.7309	78.9428	0.0000	0.3048
569	186.7309	77.9705	0.0000	0.3053
570	186.7309	86.4117	0.0000	0.3058
571	186.7309	87.0907	0.0000	0.3063
572	186.7309	82.3789	0.0000	0.3069
573	186.7309	76.9149	0.0000	0.3074
574	186.7309	79.5219	0.0000	0.3079
575	186.7309	74.4274	0.0000	0.3084
576	186.7309	80.2118	0.0000	0.3089
577	186.7309	77.0325	0.0000	0.3095
578	186.7309	91.2491	0.0000	0.3100
579	186.7309	83.0269	0.0000	0.3105
580	186.7309	84.2207	0.0000	0.3110
581	186.7309	81.8178	0.0000	0.3115
582	186.7309	87.8808	0.0000	0.3120
583	186.7309	80.3677	0.0000	0.3125
584	186.7309	81.4744	0.0000	0.3131
585	186.7309	73.9858	0.0000	0.3136
586	186.7309	94.3114	0.0000	0.3141
587	186.7309	85.9892	0.0000	0.3146
588	186.7309	79.9457	0.0000	0.3151
589	186.7309	83.6471	0.0000	0.3156
590	186.7309	83.6370	0.0000	0.3161
591	186.7309	81.8631	0.0000	0.3166
592	186.7309	76.3863	0.0000	0.3170
593	186.7309	94.2612	0.0000	0.3176
594	186.7309	86.3018	0.0000	0.3181
595	186.7309	86.2246	0.0000	0.3186
596	186.7309	78.4792	0.0000	0.3192
597	186.7309	82.7796	0.0000	0.3198
598	186.7309	87.2565	0.0000	0.3203
599	186.7309	82.5810	0.0000	0.3208
600	186.7309	73.5819	0.0000	0.3213
601	186.7309	79.7395	0.0000	0.3218
602	186.7309	88.5582	0.0000	0.3223
603	186.7309	76.9401	0.0000	0.3228
604	186.7309	85.8975	0.0000	0.3233
605	186.7309	79.2294	0.0000	0.3239
606	186.7309	93.0455	0.0000	0.3245
607	186.7309	79.7845	0.0000	0.3250
608	186.7309	83.5382	0.0000	0.3255
609	186.7309	84.7981	0.0000	0.3259
610	186.7309	83.6938	0.0000	0.3264
611	186.7309	78.8516	0.0000	0.3269
612	186.7309	86.8186	0.0000	0.3274
613	186.7309	83.3026	0.0000	0.3280
614	186.7309	82.0402	0.0000	0.3285
615	186.7309	84.7068	0.0000	0.3290
616	186.7309	72.3676	0.0000	0.3294
617	186.7309	87.0050	0.0000	0.3299
618	186.7309	77.6685	0.0000	0.3303
619	186.7309	79.9046	0.0000	0.3308
620	186.7309	84.0382	0.0000	0.3313
621	186.7309	83.0402	0.0000	0.3318
622	186.7309	81.5070	0.0000	0.3326
623	186.7309	87.6616	0.0000	0.3331
624	186.7309	83.9851	0.0000	0.3336
625	186.7309	86.9571	0.0000	0.3341
626	186.7309	77.7495	0.0000	0.3346
627	186.7309	80.3749	0.0000	0.3351
628	186.7309	83.5059	0.0000	0.3356
629	186.7309	91.4445	0.0000	0.3361
630	186.7309	89.7303	0.0000	0.3365
631	186.7309	82.1235	0.0000	0.3370
632	186.7309	75.4242	0.0000	0.3375
633	186.7309	75.8363	0.0000	0.3381
634	186.7309	91.7063	0.0000	0.3386
635	186.7309	81.2613	0.0000	0.3391
636	186.7309	91.6999	0.0000	0.3396
637	186.7309	86.5570	0.0000	0.3401
638	186.7309	84.5104	0.0000	0.3406
639	186.7309	78.7352	0.0000	0.3411
640	186.7309	82.1709	0.0000	0.3416
641	186.7309	90.0381	0.0000	0.3421
642	186.7309	73.3008	0.0000	0.3426
643	186.7309	84.3636	0.0000	0.3431
644	186.7309	86.2954	0.0000	0.3435
645	186.7309	93.3991	0.0000	0.3440
646	186.7309	82.9903	0.0000	0.3445
647	186.7309	79.1798	0.0000	0.3450
648	186.7309	84.7306	0.0000	0.3455
649	186.7309	80.8079	0.0000	0.3460
650	186.7309	80.7419	0.0000	0.3465
651	186.7309	87.9937	0.0000	0.3470
652	186.7309	84.2586	0.0000	0.3475
653	186.7309	90.2420	0.0000	0.3479
654	186.7309	80.1957	0.0000	0.3485
655	186.7309	90.1695	0.0000	0.3490
656	186.7309	75.6055	0.0000	0.3494
657	186.7309	79.0445	0.0000	0.3499
658	186.7309	83.7583	0.0000	0.3504
659	186.7309	95.9714	0.0000	0.3509
660	186.7309	82.8169	0.0000	0.3514
661	186.7309	83.3394	0.0000	0.3519
662	186.7309	82.7464	0.0000	0.3523
663	186.7309	83.9729	0.0000	0.3528
664	186.7309	85.1775	0.0000	0.3533
665	186.7309	83.8686	0.0000	0.3538
666	186.7309	80.7873	0.0000	0.3543
667	186.7309	86.4136	0.0000	0.3548
668	186.7309	79.2904	0.0000	0.3553
669	186.7309	78.7663	0.0000	0.3559
670	186.7309	82.2690	0.0000	0.3565
671	186.7309	76.7371	0.0000	0.3570
672	186.7309	78.9648	0.0000	0.3575
673	186.7309	81.6207	0.0000	0.3579
674	186.7309	80.9481	0.0000	0.3584
675	186.7309	89.2386	0.0000	0.3589
676	186.7309	83.2059	0.0000	0.3594
677	186.7309	79.4689	0.0000	0.3599
678	186.7309	83.1772	0.0000	0.3603
679	186.7309	84.7997	0.0000	0.3608
680	186.7309	85.7515	0.0000	0.3613
681	186.7309	76.3634	0.0000	0.3618
682	186.7309	79.1273	0.0000	0.3623
683	186.7309	75.7922	0.0000	0.3628
684	186.7309	76.1257	0.0000	0.3633
685	186.7309	77.4649	0.0000	0.3637
686	186.7309	91.1801	0.0000	0.3642
687	186.7309	86.7502	0.0000	0.3647
688	186.7309	84.2745	0.0000	0.3652
689	186.7309	82.8373	0.0000	0.3657
690	186.7309	84.3666	0.0000	0.3662
691	186.7309	73.8280	0.0000	0.3669
692	186.7309	83.3312	0.0000	0.3676
693	186.7309	79.2341	0.0000	0.3680
694	186.7309	85.2409	0.0000	0.3685
695	186.7309	85.8110	0.0000	0.3690
696	186.7309	81.9264	0.0000	0.3695
697	186.7309	80.8839	0.0000	0.3701
698	186.7309	84.7191	0.0000	0.3706
699	186.7309	79.9900	0.0000	0.3710
700	186.7309	83.5743	0.0000	0.3715
701	186.7309	91.2043	0.0000	0.3720
702	186.7309	73.3139	0.0000	0.3725
703	186.7309	80.6725	0.0000	0.3730
704	186.7309	85.2157	0.0000	0.3735
705	186.7309	79.0801	0.0000	0.3740
706	186.7309	81.7568	0.0000	0.3745
707	186.7309	85.4032	0.0000	0.3751
708	186.7309	87.5669	0.0000	0.3756
709	186.7309	78.9779	0.0000	0.3761
710	186.7309	76.2668	0.0000	0.3766
711	186.7309	79.6308	0.0000	0.3771
712	186.7309	74.7471	0.0000	0.3776
713	186.7309	83.5280	0.0000	0.3781
714	186.7309	85.0256	0.0000	0.3786
715	186.7309	76.8310	0.0000	0.3791
716	186.7309	77.9988	0.0000	0.3796
717	186.7309	73.6426	0.0000	0.3801
718	186.7309	80.4058	0.0000	0.3805
719	186.7309	86.1978	0.0000	0.3810
720	186.7309	84.5402	0.0000	0.3815
721	186.7309	77.4633	0.0000	0.3819
722	186.7309	79.7638	0.0000	0.3824
723	186.7309	89.9451	0.0000	0.3829
724	186.7309	89.0991	0.0000	0.3834
725	186.7309	84.9548	0.0000	0.3839
726	186.7309	80.7043	0.0000	0.3844
727	186.7309	81.4779	0.0000	0.3849
728	186.7309	79.0787	0.0000	0.3853
729	186.7309	92.8170	0.0000	0.3859
730	186.7309	79.3197	0.0000	0.3863
731	186.7309	82.4845	0.0000	0.3868
732	186.7309	88.1248	0.0000	0.3873
733	186.7309	89.8262	0.0000	0.3877
734	186.7309	76.7981	0.0000	0.3882
735	186.7309	81.7819	0.0000	0.3887
736	186.7309	86.8210	0.0000	0.3892
737	186.7309	90.8095	0.0000	0.3897
738	186.7309	81.4954	0.0000	0.3902
739	186.7309	83.1687	0.0000	0.3908
740	186.7309	79.3143	0.0000	0.3914
741	186.7309	86.7851	0.0000	0.3918
742	186.7309	84.3561	0.0000	0.3923
743	186.7309	80.8047	0.0000	0.3928
744	186.7309	82.7512	0.0000	0.3933
745	186.7309	83.3536	0.0000	0.3938
746	186.7309	90.6697	0.0000	0.3943
747	186.7309	82.8201	0.0000	0.3948
748	186.7309	80.2589	0.0000	0.3952
749	186.7309	86.8615	0.0000	0.3957
750	186.7309	81.0677	0.0000	0.3962
751	186.7309	80.5711	0.0000	0.3967
752	186.7309	79.1079	0.0000	0.3971
753	186.7309	85.3952	0.0000	0.3976
754	186.7309	83.8401	0.0000	0.3980
755	186.7309	82.6907	0.0000	0.3985
756	186.7309	80.7503	0.0000	0.3990
757	186.7309	76.6974	0.0000	0.3994
758	186.7309	93.0257	0.0000	0.3999
759	186.7309	80.6173	0.0000	0.4004
760	186.7309	79.3751	0.0000	0.4009
761	186.7309	83.0438	0.0000	0.4013
762	186.7309	83.6512	0.0000	0.4018
763	186.7309	81.7417	0.0000	0.4022
764	186.7309	90.4973	0.0000	0.4027
765	186.7309	77.1199	0.0000	0.4032
766	186.7309	88.9279	0.0000	0.4037
767	186.7309	83.7118	0.0000	0.4041
768	186.7309	84.3223	0.0000	0.4046
769	186.7309	83.7709	0.0000	0.4050
770	186.7309	78.7029	0.0000	0.4055
771	186.7309	80.9804	0.0000	0.4060
772	186.7309	78.5722	0.0000	0.4065
773	186.7309	75.8751	0.0000	0.4069
774	186.7309	85.8127	0.0000	0.4074
775	186.7309	82.9586	0.0000	0.4079
776	186.7309	81.9978	0.0000	0.4083
777	186.7309	84.1700	0.0000	0.4088
778	186.7309	94.3837	0.0000	0.4093
779	186.7309	80.0306	0.0000	0.4098
780	186.7309	73.1933	0.0000	0.4102
781	186.7309	73.9523	0.0000	0.4107
782	186.7309	82.3683	0.0000	0.4111
783	186.7309	81.5096	0.0000	0.4116
784	186.7309	87.8840	0.0000	0.4121
785	186.7309	81.5659	0.0000	0.4125
786	186.7309	85.6363	0.0000	0.4130
787	186.7309	87.1958	0.0000	0.4135
788	186.7309	78.9190	0.0000	0.4139
789	186.7309	89.5494	0.0000	0.4144
790	186.7309	81.1770	0.0000	0.4148
791	186.7309	89.0890	0.0000	0.4153
792	186.7309	79.1928	0.0000	0.4158
793	186.7309	73.1650	0.0000	0.4162
794	186.7309	82.1511	0.0000	0.4167
795	186.7309	81.9024	0.0000	0.4172
796	186.7309	82.7842	0.0000	0.4176
797	186.7309	87.4331	0.0000	0.4181
798	186.7309	83.3618	0.0000	0.4186
799	186.7309	86.8208	0.0000	0.4191
800	186.7309	84.5103	0.0000	0.4196
801	186.7309	80.7469	0.0000	0.4200
802	186.7309	87.9665	0.0000	0.4205
803	186.7309	78.9491	0.0000	0.4209
804	186.7309	82.4658	0.0000	0.4214
805	186.7309	80.5259	0.0000	0.4219
806	186.7309	76.7640	0.0000	0.4223
807	186.7309	95.2399	0.0000	0.4228
808	186.7309	87.8634	0.0000	0.4233
809	186.7309	90.8793	0.0000	0.4238
810	186.7309	85.1815	0.0000	0.4243
811	186.7309	86.4480	0.0000	0.4247
812	186.7309	81.9363	0.0000	0.4252
813	186.7309	86.0028	0.0000	0.4257
814	186.7309	79.1892	0.0000	0.4261
815	186.7309	85.2559	0.0000	0.4265
816	186.7309	82.4129	0.0000	0.4270
817	186.7309	71.9032	0.0000	0.4274
818	186.7309	82.1609	0.0000	0.4278
819	186.7309	84.1036	0.0000	0.4283
820	186.7309	78.2413	0.0000	0.4287
821	186.7309	76.8583	0.0000	0.4291
822	186.7309	88.8561	0.0000	0.4296
823	186.7309	84.8990	0.0000	0.4301
824	186.7309	81.8835	0.0000	0.4305
825	186.7309	82.4986	0.0000	0.4309
826	186.7309	84.2054	0.0000	0.4314
827	186.7309	80.7145	0.0000	0.4318
828	186.7309	85.8299	0.0000	0.4323
829	186.7309	87.3897	0.0000	0.4327
830	186.7309	85.8181	0.0000	0.4332
831	186.7309	75.9471	0.0000	0.4336
832	186.7309	82.6544	0.0000	0.4341
833	186.7309	82.7024	0.0000	0.4345
834	186.7309	82.7845	0.0000	0.4349
835	186.7309	80.4675	0.0000	0.4354
836	186.7309	85.4652	0.0000	0.4359
837	186.7309	88.0092	0.0000	0.4363
838	186.7309	83.3082	0.0000	0.4368
839	186.7309	78.1582	0.0000	0.4373
840	186.7309	81.2929	0.0000	0.4378
841	186.7309	86.2814	0.0000	0.4382
842	186.7309	83.6109	0.0000	0.4387
843	186.7309	82.1745	0.0000	0.4391
844	186.7309	89.7921	0.0000	0.4396
845	186.7309	88.2463	0.0000	0.4400
846	186.7309	86.3789	0.0000	0.4405
847	186.7309	76.8231	0.0000	0.4409
848	186.7309	87.1129	0.0000	0.4414
849	186.7309	81.4624	0.0000	0.4418
850	186.7309	80.1994	0.0000	0.4423
851	186.7309	88.3856	0.0000	0.4427
852	186.7309	82.5565	0.0000	0.4432
853	186.7309	93.2226	0.0000	0.4436
854	186.7309	83.9520	0.0000	0.4441
855	186.7309	88.8295	0.0000	0.4445
856	186.7309	76.1198	0.0000	0.4450
857	186.7309	81.4979	0.0000	0.4455
858	186.7309	77.1770	0.0000	0.4461
859	186.7309	80.6083	0.0000	0.4465
860	186.7309	78.4950	0.0000	0.4470
861	186.7309	80.8696	0.0000	0.4475
862	186.7309	86.2993	0.0000	0.4479
863	186.7309	79.0882	0.0000	0.4484
864	186.7309	76.7817	0.0000	0.4488
865	186.7309	79.2798	0.0000	0.4493
866	186.7309	84.4219	0.0000	0.4498
867	186.7309	84.2301	0.0000	0.4503
868	186.7309	81.5890	0.0000	0.4507
869	186.7309	79.7073	0.0000	0.4512
870	186.7309	84.7499	0.0000	0.4517
871	186.7309	94.8171	0.0000	0.4522
872	186.7309	89.9136	0.0000	0.4526
873	186.7309	91.1577	0.0000	0.4531
874	186.7309	87.4557	0.0000	0.4535
875	186.7309	86.7839	0.0000	0.4540
876	186.7309	73.7356	0.0000	0.4545
877	186.7309	79.7964	0.0000	0.4550
878	186.7309	83.1540	0.0000	0.4555
879	186.7309	81.2050	0.0000	0.4560
880	186.7309	83.8388	0.0000	0.4565
881	186.7309	83.9378	0.0000	0.4570
882	186.7309	80.2100	0.0000	0.4574
883	186.7309	84.7364	0.0000	0.4579
884	186.7309	81.1439	0.0000	0.4584
885	186.7309	86.4541	0.0000	0.4588
886	186.7309	84.0348	0.0000	0.4593
887	186.7309	80.6528	0.0000	0.4597
888	186.7309	84.3604	0.0000	0.4602
889	186.7309	81.3166	0.0000	0.4607
890	186.7309	80.2034	0.0000	0.4612
891	186.7309	89.1323	0.0000	0.4617
892	186.7309	94.8902	0.0000	0.4621
893	186.7309	93.1485	0.0000	0.4626
894	186.7309	79.0942	0.0000	0.4631
895	186.7309	84.5225	0.0000	0.4635
896	186.7309	83.5760	0.0000	0.4640
897	186.7309	80.3334	0.0000	0.4645
898	186.7309	89.2231	0.0000	0.4649
899	186.7309	81.2293	0.0000	0.4654
900	186.7309	84.7395	0.0000	0.4658
901	186.7309	86.8844	0.0000	0.4663
902	186.7309	82.7456	0.0000	0.4668
903	186.7309	80.9984	0.0000	0.4672
904	186.7309	85.8587	0.0000	0.4676
905	186.7309	82.1880	0.0000	0.4681
906	186.7309	77.9192	0.0000	0.4685
907	186.7309	80.8924	0.0000	0.4689
908	186.7309	81.9080	0.0000	0.4693
909	186.7309	80.9378	0.0000	0.4698
910	186.7309	80.6175	0.0000	0.4702
911	186.7309	82.9880	0.0000	0.4707
912	186.7309	83.5318	0.0000	0.4711
913	186.7309	78.6232	0.0000	0.4715
914	186.7309	79.9940	0.0000	0.4720
915	186.7309	81.5858	0.0000	0.4725
916	186.7309	84.9422	0.0000	0.4729
917	186.7309	80.0310	0.0000	0.4734
918	186.7309	85.6556	0.0000	0.4738
919	186.7309	84.3384	0.0000	0.4742
920	186.7309	81.2827	0.0000	0.4747
921	186.7309	88.1195	0.0000	0.4751
922	186.7309	89.4681	0.0000	0.4756
923	186.7309	85.3860	0.0000	0.4760
924	186.7309	88.6923	0.0000	0.4764
925	186.7309	92.4789	0.0000	0.4769
926	186.7309	84.7074	0.0000	0.4773
927	186.7309	88.9946	0.0000	0.4777
928	186.7309	74.3664	0.0000	0.4782
929	186.7309	92.9852	0.0000	0.4787
930	186.7309	86.1939	0.0000	0.4791
931	186.7309	92.6432	0.0000	0.4796
932	186.7309	82.9606	0.0000	0.4800
933	186.7309	79.4530	0.0000	0.4804
934	186.7309	86.7029	0.0000	0.4809
935	186.7309	83.8597	0.0000	0.4813
936	186.7309	82.4359	0.0000	0.4817
937	186.7309	85.2097	0.0000	0.4822
938	186.7309	84.8903	0.0000	0.4826
939	186.7309	94.5175	0.0000	0.4830
940	186.7309	87.4655	0.0000	0.4834
941	186.7309	91.8215	0.0000	0.4839
942	186.7309	87.8067	0.0000	0.4844
943	186.7309	91.0777	0.0000	0.4848
944	186.7309	85.3413	0.0000	0.4853
945	186.7309	83.8825	0.0000	0.4857
946	186.7309	79.7630	0.0000	0.4862
947	186.7309	87.5808	0.0000	0.4867
948	186.7309	90.8278	0.0000	0.4872
949	186.7309	94.2873	0.0000	0.4876
950	186.7309	77.9740	0.0000	0.4881
951	186.7309	70.1215	0.0000	0.4885
952	186.7309	91.1867	0.0000	0.4890
953	186.7309	86.9833	0.0000	0.4894
954	186.7309	78.3508	0.0000	0.4898
955	186.7309	85.7784	0.0000	0.4903
956	186.7309	80.7164	0.0000	0.4907
957	186.7309	80.9076	0.0000	0.4912
958	186.7309	86.7364	0.0000	0.4916
959	186.7309	81.6431	0.0000	0.4920
960	186.7309	74.9755	0.0000	0.4925
961	186.7309	81.9456	0.0000	0.4929
962	186.7309	77.3973	0.0000	0.4934
963	186.7309	88.1061	0.0000	0.4938
964	186.7309	82.7310	0.0000	0.4943
965	186.7309	76.6879	0.0000	0.4947
966	186.7309	75.8066	0.0000	0.4951
967	186.7309	77.8052	0.0000	0.4956
968	186.7309	89.9944	0.0000	0.4960
969	186.7309	81.6297	0.0000	0.4965
970	186.7309	78.7313	0.0000	0.4969
971	186.7309	83.9607	0.0000	0.4974
972	186.7309	82.5781	0.0000	0.4978
973	186.7309	85.9140	0.0000	0.4983
974	186.7309	88.4856	0.0000	0.4987
975	186.7309	83.1329	0.0000	0.4993
976	186.7309	86.9918	0.0000	0.4998
977	186.7309	81.5777	0.0000	0.5002
978	186.7309	81.4672	0.0000	0.5006
979	186.7309	81.3920	0.0000	0.5011
980	186.7309	92.1361	0.0000	0.5015
981	186.7309	90.1206	0.0000	0.5020
982	186.7309	98.1044	0.0000	0.5024
983	186.7309	89.2871	0.0000	0.5028
984	186.7309	90.4479	0.0000	0.5033
985	186.7309	83.6486	0.0000	0.5037
986	186.7309	88.4588	0.0000	0.5041
987	186.7309	87.1540	0.0000	0.5046
988	186.7309	91.4870	0.0000	0.5050
989	186.7309	88.5269	0.0000	0.5055
990	186.7309	84.1183	0.0000	0.5059
991	186.7309	81.2868	0.0000	0.5064
992	186.7309	89.2828	0.0000	0.5069
993	186.7309	88.1575	0.0000	0.5073
994	186.7309	92.3769	0.0000	0.5078
995	186.7309	87.4435	0.0000	0.5082
996	186.7309	83.1560	0.0000	0.5086
997	186.7309	91.6727	0.0000	0.5091
998	186.7309	89.3091	0.0000	0.5095
999	186.7309	82.3720	0.0000	0.5100
1000	186.7309	84.5789	0.0000	0.5104
1001	186.7309	80.1681	0.0000	0.5109
1002	186.7309	84.8590	0.0000	0.5113
1003	186.7309	93.0288	0.0000	0.5117
1004	186.7309	91.3648	0.0000	0.5121
1005	186.7309	84.0992	0.0000	0.5126
1006	186.7309	88.1928	0.0000	0.5130
1007	186.7309	76.0507	0.0000	0.5135
1008	186.7309	77.2179	0.0000	0.5139
1009	186.7309	87.6992	0.0000	0.5143
1010	186.7309	89.2332	0.0000	0.5147
1011	186.7309	91.8749	0.0000	0.5152
1012	186.7309	83.1189	0.0000	0.5156
1013	186.7309	93.7012	0.0000	0.5160
1014	186.7309	87.0511	0.0000	0.5164
1015	186.7309	85.8219	0.0000	0.5169
1016	186.7309	84.3321	0.0000	0.5173
1017	186.7309	82.9512	0.0000	0.5178
1018	186.7309	80.4644	0.0000	0.5182
1019	186.7309	87.0159	0.0000	0.5186
1020	186.7309	90.9853	0.0000	0.5191
1021	186.7309	78.2031	0.0000	0.5195
1022	186.7309	82.7667	0.0000	0.5199
1023	186.7309	79.5330	0.0000	0.5204
1024	186.7309	78.4826	0.0000	0.5208
1025	186.7309	88.5003	0.0000	0.5213
1026	186.7309	82.4980	0.0000	0.5217
1027	186.7309	84.9133	0.0000	0.5222
1028	186.7309	83.4850	0.0000	0.5227
1029	186.7309	91.2542	0.0000	0.5232
1030	186.7309	83.8421	0.0000	0.5237
1031	186.7309	90.9755	0.0000	0.5241
1032	186.7309	90.5409	0.0000	0.5245
1033	186.7309	83.0931	0.0000	0.5250
1034	186.7309	77.4893	0.0000	0.5254
1035	186.7309	88.9361	0.0000	0.5259
1036	186.7309	82.5569	0.0000	0.5263
1037	186.7309	88.7001	0.0000	0.5268
1038	186.7309	96.2804	0.0000	0.5273
1039	186.7309	86.0395	0.0000	0.5278
1040	186.7309	86.7977	0.0000	0.5283
1041	186.7309	83.4234	0.0000	0.5288
1042	186.7309	79.8272	0.0000	0.5293
1043	186.7309	87.8321	0.0000	0.5299
1044	186.7309	87.0221	0.0000	0.5304
1045	186.7309	86.8380	0.0000	0.5309
1046	186.7309	82.9373	0.0000	0.5314
1047	186.7309	80.6433	0.0000	0.5319
1048	186.7309	77.6822	0.0000	0.5324
1049	186.7309	81.2668	0.0000	0.5329
1050	186.7309	80.4268	0.0000	0.5335
1051	186.7309	79.5601	0.0000	0.5340
1052	186.7309	90.5813	0.0000	0.5345
1053	186.7309	88.2099	0.0000	0.5350
1054	186.7309	90.5530	0.0000	0.5355
1055	186.7309	89.6327	0.0000	0.5360
1056	186.7309	94.3568	0.0000	0.5365
1057	186.7309	79.7358	0.0000	0.5370
1058	186.7309	89.3181	0.0000	0.5375
1059	186.7309	89.9667	0.0000	0.5380
1060	186.7309	89.3734	0.0000	0.5385
1061	186.7309	90.9792	0.0000	0.5390
1062	186.7309	87.5982	0.0000	0.5395
1063	186.7309	85.9836	0.0000	0.5400
1064	186.7309	86.8609	0.0000	0.5405
1065	186.7309	86.0525	0.0000	0.5410
1066	186.7309	85.0010	0.0000	0.5415
1067	186.7309	85.3452	0.0000	0.5420
1068	186.7309	90.4763	0.0000	0.5425
1069	186.7309	84.7343	0.0000	0.5430
1070	186.7309	87.0888	0.0000	0.5435
1071	186.7309	91.7429	0.0000	0.5440
1072	186.7309	88.1099	0.0000	0.5446
1073	186.7309	85.6868	0.0000	0.5451
1074	186.7309	83.7137	0.0000	0.5456
1075	186.7309	86.1607	0.0000	0.5461
1076	186.7309	88.3794	0.0000	0.5466
1077	186.7309	93.2822	0.0000	0.5470
1078	186.7309	87.7049	0.0000	0.5476
1079	186.7309	79.5568	0.0000	0.5481
1080	186.7309	84.1289	0.0000	0.5486
1081	186.7309	79.6818	0.0000	0.5491
1082	186.7309	88.4083	0.0000	0.5496
1083	186.7309	85.9421	0.0000	0.5501
1084	186.7309	86.1850	0.0000	0.5506
1085	186.7309	82.2329	0.0000	0.5511
1086	186.7309	79.1761	0.0000	0.5516
1087	186.7309	87.5930	0.0000	0.5521
1088	186.7309	87.6152	0.0000	0.5526
1089	186.7309	85.8713	0.0000	0.5531
1090	186.7309	78.2778	0.0000	0.5536
1091	186.7309	80.8257	0.0000	0.5541
1092	186.7309	77.4312	0.0000	0.5546
1093	186.7309	83.5942	0.0000	0.5551
1094	186.7309	86.2183	0.0000	0.5557
1095	186.7309	85.2176	0.0000	0.5563
1096	186.7309	84.8975	0.0000	0.5569
1097	186.7309	79.5955	0.0000	0.5574
1098	186.7309	86.8118	0.0000	0.5578
1099	186.7309	79.2104	0.0000	0.5584
1100	186.7309	78.4455	0.0000	0.5589
1101	186.7309	90.4684	0.0000	0.5594
1102	186.7309	91.9349	0.0000	0.5599
1103	186.7309	82.5889	0.0000	0.5603
1104	186.7309	92.0559	0.0000	0.5608
1105	186.7309	88.5322	0.0000	0.5613
1106	186.7309	87.5171	0.0000	0.5618
1107	186.7309	96.8337	0.0000	0.5623
1108	186.7309	85.6771	0.0000	0.5627
1109	186.7309	86.3807	0.0000	0.5632
1110	186.7309	83.1590	0.0000	0.5636
1111	186.7309	85.9420	0.0000	0.5641
1112	186.7309	79.4918	0.0000	0.5647
1113	186.7309	84.3229	0.0000	0.5651
1114	186.7309	93.7263	0.0000	0.5656
1115	186.7309	87.7138	0.0000	0.5661
1116	186.7309	72.9953	0.0000	0.5666
1117	186.7309	88.8408	0.0000	0.5671
1118	186.7309	87.1103	0.0000	0.5676
1119	186.7309	85.1156	0.0000	0.5680
1120	186.7309	81.7155	0.0000	0.5685
1121	186.7309	77.8115	0.0000	0.5690
1122	186.7309	81.8534	0.0000	0.5695
1123	186.7309	89.0086	0.0000	0.5700
1124	186.7309	81.3361	0.0000	0.5704
1125	186.7309	83.4843	0.0000	0.5709
1126	186.7309	85.8181	0.0000	0.5714
1127	186.7309	80.2690	0.0000	0.5719
1128	186.7309	88.6605	0.0000	0.5723
1129	186.7309	88.9971	0.0000	0.5728
1130	186.7309	89.5663	0.0000	0.5733
1131	186.7309	85.8355	0.0000	0.5738
1132	186.7309	84.8777	0.0000	0.5743
1133	186.7309	90.1286	0.0000	0.5747
1134	186.7309	96.0956	0.0000	0.5752
1135	186.7309	95.2197	0.0000	0.5757
1136	186.7309	96.0639	0.0000	0.5762
1137	186.7309	92.7028	0.0000	0.5767
1138	186.7309	84.1617	0.0000	0.5771
1139	186.7309	82.2547	0.0000	0.5776
1140	186.7309	81.9767	0.0000	0.5781
1141	186.7309	87.2596	0.0000	0.5786
1142	186.7309	89.2098	0.0000	0.5790
1143	186.7309	87.9780	0.0000	0.5795
1144	186.7309	83.0667	0.0000	0.5800
1145	186.7309	73.4090	0.0000	0.5804
1146	186.7309	94.1645	0.0000	0.5809
1147	186.7309	99.2396	0.0000	0.5814
1148	186.7309	85.5532	0.0000	0.5819
1149	186.7309	88.5462	0.0000	0.5823
1150	186.7309	88.1189	0.0000	0.5828
1151	186.7309	85.5432	0.0000	0.5834
1152	186.7309	90.2198	0.0000	0.5839
1153	186.7309	94.4648	0.0000	0.5844
1154	186.7309	94.6836	0.0000	0.5849
1155	186.7309	93.0002	0.0000	0.5854
1156	186.7309	91.0385	0.0000	0.5859
1157	186.7309	84.6066	0.0000	0.5866
1158	186.7309	91.0199	0.0000	0.5871
1159	186.7309	80.6858	0.0000	0.5876
1160	186.7309	91.9145	0.0000	0.5881
1161	186.7309	91.1701	0.0000	0.5886
1162	186.7309	82.3651	0.0000	0.5891
1163	186.7309	82.3478	0.0000	0.5896
1164	186.7309	90.7720	0.0000	0.5901
1165	186.7309	81.8997	0.0000	0.5906
1166	186.7309	90.4619	0.0000	0.5910
1167	186.7309	80.8339	0.0000	0.5915
1168	186.7309	88.5455	0.0000	0.5920
1169	186.7309	87.9215	0.0000	0.5924
1170	186.7309	88.9225	0.0000	0.5929
1171	186.7309	78.8201	0.0000	0.5934
1172	186.7309	80.9850	0.0000	0.5938
1173	186.7309	88.5092	0.0000	0.5943
1174	186.7309	83.4184	0.0000	0.5947
1175	186.7309	91.9478	0.0000	0.5952
1176	186.7309	85.0823	0.0000	0.5957
1177	186.7309	79.4063	0.0000	0.5961
1178	186.7309	91.8190	0.0000	0.5966
1179	186.7309	77.4290	0.0000	0.5971
1180	186.7309	87.4391	0.0000	0.5975
1181	186.7309	85.6749	0.0000	0.5980
1182	186.7309	83.2317	0.0000	0.5985
1183	186.7309	80.4302	0.0000	0.5990
1184	186.7309	88.2206	0.0000	0.5996
1185	186.7309	87.3319	0.0000	0.6000
1186	186.7309	82.3401	0.0000	0.6005
1187	186.7309	86.2750	0.0000	0.6009
1188	186.7309	82.2957	0.0000	0.6014
1189	186.7309	84.0411	0.0000	0.6019
1190	186.7309	82.1210	0.0000	0.6023
1191	186.7309	84.3431	0.0000	0.6028
1192	186.7309	95.4983	0.0000	0.6032
1193	186.7309	84.7889	0.0000	0.6037
1194	186.7309	82.5396	0.0000	0.6042
1195	186.7309	92.9787	0.0000	0.6047
1196	186.7309	88.7682	0.0000	0.6051
1197	186.7309	92.3093	0.0000	0.6056
1198	186.7309	79.3034	0.0000	0.6061
1199	186.7309	83.8177	0.0000	0.6065
1200	186.7309	82.6417	0.0000	0.6070
1201	186.7309	89.2406	0.0000	0.6074
1202	186.7309	87.0618	0.0000	0.6079
1203	186.7309	90.6589	0.0000	0.6083
1204	186.7309	85.8386	0.0000	0.6087
1205	186.7309	84.7622	0.0000	0.6092
1206	186.7309	85.7077	0.0000	0.6096
1207	186.7309	79.6255	0.0000	0.6101
1208	186.7309	89.7255	0.0000	0.6105
1209	186.7309	89.0827	0.0000	0.6109
1210	186.7309	90.4366	0.0000	0.6113
1211	186.7309	88.3149	0.0000	0.6118
1212	186.7309	82.8164	0.0000	0.6122
1213	186.7309	90.7866	0.0000	0.6126
1214	186.7309	80.8773	0.0000	0.6131
1215	186.7309	97.5840	0.0000	0.6135
1216	186.7309	83.3591	0.0000	0.6139
1217	186.7309	84.7708	0.0000	0.6144
1218	186.7309	91.0908	0.0000	0.6148
1219	186.7309	87.2874	0.0000	0.6152
1220	186.7309	93.3162	0.0000	0.6157
1221	186.7309	89.5486	0.0000	0.6161
1222	186.7309	91.7231	0.0000	0.6165
1223	186.7309	91.7795	0.0000	0.6170
1224	186.7309	95.2616	0.0000	0.6175
1225	186.7309	83.0154	0.0000	0.6179
1226	186.7309	89.4077	0.0000	0.6183
1227	186.7309	92.1057	0.0000	0.6188
1228	186.7309	94.6638	0.0000	0.6196
1229	186.7309	88.3879	0.0000	0.6204
1230	186.7309	88.6831	0.0000	0.6209
1231	186.7309	77.0597	0.0000	0.6214
1232	186.7309	81.6322	0.0000	0.6219
1233	186.7309	93.4877	0.0000	0.6224
1234	186.7309	92.5156	0.0000	0.6229
1235	186.7309	93.8313	0.0000	0.6233
1236	186.7309	83.9545	0.0000	0.6238
1237	186.7309	90.2206	0.0000	0.6242
1238	186.7309	82.5582	0.0000	0.6247
1239	186.7309	88.0487	0.0000	0.6251
1240	186.7309	87.4720	0.0000	0.6256
1241	186.7309	89.9611	0.0000	0.6260
1242	186.7309	87.5840	0.0000	0.6264
1243	186.7309	93.0982	0.0000	0.6269
1244	186.7309	93.1443	0.0000	0.6273
1245	186.7309	82.9510	0.0000	0.6278
1246	186.7309	90.0541	0.0000	0.6282
1247	186.7309	87.1162	0.0000	0.6286
1248	186.7309	87.9491	0.0000	0.6290
1249	186.7309	89.7082	0.0000	0.6295
1250	186.7309	90.9655	0.0000	0.6299
1251	186.7309	90.9492	0.0000	0.6304
1252	186.7309	82.2757	0.0000	0.6308
1253	186.7309	83.5502	0.0000	0.6313
1254	186.7309	99.3679	0.0000	0.6317
1255	186.7309	90.7585	0.0000	0.6322
1256	186.7309	87.4519	0.0000	0.6326
1257	186.7309	93.7751	0.0000	0.6331
1258	186.7309	87.1449	0.0000	0.6335
1259	186.7309	80.6888	0.0000	0.6340
1260	186.7309	88.4619	0.0000	0.6344
1261	186.7309	86.0736	0.0000	0.6349
1262	186.7309	86.1223	0.0000	0.6353
1263	186.7309	88.9548	0.0000	0.6357
1264	186.7309	94.0843	0.0000	0.6362
1265	186.7309	92.9856	0.0000	0.6367
1266	186.7309	88.8675	0.0000	0.6371
1267	186.7309	83.2368	0.0000	0.6375
1268	186.7309	93.6488	0.0000	0.6380
1269	186.7309	84.6843	0.0000	0.6384
1270	186.7309	92.5894	0.0000	0.6389
1271	186.7309	86.3659	0.0000	0.6393
1272	186.7309	85.5072	0.0000	0.6398
1273	186.7309	89.2018	0.0000	0.6403
1274	186.7309	78.7800	0.0000	0.6407
1275	186.7309	85.3030	0.0000	0.6412
1276	186.7309	96.8569	0.0000	0.6416
1277	186.7309	98.9682	0.0000	0.6420
1278	186.7309	93.5327	0.0000	0.6425
1279	186.7309	81.2534	0.0000	0.6429
1280	186.7309	83.6117	0.0000	0.6434
1281	186.7309	95.0256	0.0000	0.6438
1282	186.7309	89.2455	0.0000	0.6442
1283	186.7309	86.5426	0.0000	0.6446
1284	186.7309	92.2172	0.0000	0.6451
1285	186.7309	89.8988	0.0000	0.6455
1286	186.7309	90.9593	0.0000	0.6459
1287	186.7309	85.6407	0.0000	0.6464
1288	186.7309	85.5445	0.0000	0.6468
1289	186.7309	78.9896	0.0000	0.6472
1290	186.7309	84.6649	0.0000	0.6477
1291	186.7309	86.5517	0.0000	0.6481
1292	186.7309	89.4876	0.0000	0.6485
1293	186.7309	79.4050	0.0000	0.6490
1294	186.7309	90.9006	0.0000	0.6494
1295	186.7309	85.6358	0.0000	0.6499
1296	186.7309	89.8033	0.0000	0.6504
1297	186.7309	80.1505	0.0000	0.6508
1298	186.7309	83.6444	0.0000	0.6513
1299	186.7309	86.8815	0.0000	0.6517
1300	186.7309	86.4563	0.0000	0.6522
1301	186.7309	82.9401	0.0000	0.6526
1302	186.7309	91.8628	0.0000	0.6531
1303	186.7309	79.2116	0.0000	0.6535
1304	186.7309	92.1273	0.0000	0.6539
1305	186.7309	84.7929	0.0000	0.6543
1306	186.7309	89.7632	0.0000	0.6548
1307	186.7309	89.3650	0.0000	0.6552
1308	186.7309	84.3256	0.0000	0.6557
1309	186.7309	89.2337	0.0000	0.6562
1310	186.7309	79.1113	0.0000	0.6567
1311	186.7309	90.2770	0.0000	0.6571
1312	186.7309	88.7493	0.0000	0.6575
1313	186.7309	86.6287	0.0000	0.6579
1314	186.7309	92.5530	0.0000	0.6583
1315	186.7309	81.1565	0.0000	0.6587
1316	186.7309	90.6375	0.0000	0.6591
1317	186.7309	84.9195	0.0000	0.6595
1318	186.7309	92.2473	0.0000	0.6600
1319	186.7309	86.8573	0.0000	0.6604
1320	186.7309	89.1927	0.0000	0.6608
1321	186.7309	81.3563	0.0000	0.6612
1322	186.7309	87.9776	0.0000	0.6616
1323	186.7309	91.8491	0.0000	0.6620
1324	186.7309	90.6822	0.0000	0.6624
1325	186.7309	102.6496	0.0000	0.6628
1326	186.7309	96.4770	0.0000	0.6632
1327	186.7309	101.4298	0.0000	0.6636
1328	186.7309	83.6698	0.0000	0.6640
1329	186.7309	88.6037	0.0000	0.6644
1330	186.7309	92.7921	0.0000	0.6648
1331	186.7309	91.8705	0.0000	0.6652
1332	186.7309	88.3715	0.0000	0.6657
1333	186.7309	94.7323	0.0000	0.6661
1334	186.7309	92.8180	0.0000	0.6665
1335	186.7309	91.0069	0.0000	0.6669
1336	186.7309	92.6373	0.0000	0.6673
1337	186.7309	93.9028	0.0000	0.6677
1338	186.7309	90.8949	0.0000	0.6681
1339	186.7309	96.4376	0.0000	0.6685
1340	186.7309	86.3710	0.0000	0.6689
1341	186.7309	84.7452	0.0000	0.6693
1342	186.7309	92.5701	0.0000	0.6697
1343	186.7309	107.0498	0.0000	0.6701
1344	186.7309	93.8073	0.0000	0.6706
1345	186.7309	91.2318	0.0000	0.6709
1346	186.7309	92.5718	0.0000	0.6714
1347	186.7309	95.2410	0.0000	0.6718
1348	186.7309	88.6554	0.0000	0.6722
1349	186.7309	96.1487	0.0000	0.6726
1350	186.7309	86.2359	0.0000	0.6730
1351	186.7309	98.1542	0.0000	0.6734
1352	186.7309	89.1114	0.0000	0.6739
1353	186.7309	91.3537	0.0000	0.6743
1354	186.7309	91.6437	0.0000	0.6747
1355	186.7309	84.5988	0.0000	0.6751
1356	186.7309	99.7133	0.0000	0.6755
1357	186.7309	84.1243	0.0000	0.6759
1358	186.7309	97.4919	0.0000	0.6763
1359	186.7309	84.8602	0.0000	0.6767
1360	186.7309	94.4163	0.0000	0.6771
1361	186.7309	94.8613	0.0000	0.6775
1362	186.7309	91.4119	0.0000	0.6779
1363	186.7309	89.0699	0.0000	0.6783
1364	186.7309	88.0092	0.0000	0.6787
1365	186.7309	88.1337	0.0000	0.6791
1366	186.7309	87.5589	0.0000	0.6795
1367	186.7309	90.1082	0.0000	0.6799
1368	186.7309	81.5065	0.0000	0.6803
1369	186.7309	83.4091	0.0000	0.6807
1370	186.7309	84.7797	0.0000	0.6811
1371	186.7309	85.2710	0.0000	0.6815
1372	186.7309	84.7098	0.0000	0.6819
1373	186.7309	88.7056	0.0000	0.6823
1374	186.7309	92.1370	0.0000	0.6827
1375	186.7309	88.0090	0.0000	0.6831
1376	186.7309	93.5155	0.0000	0.6835
1377	186.7309	95.0550	0.0000	0.6840
1378	186.7309	86.7253	0.0000	0.6844
1379	186.7309	85.4723	0.0000	0.6848
1380	186.7309	89.4555	0.0000	0.6852
1381	186.7309	87.5722	0.0000	0.6856
1382	186.7309	82.8684	0.0000	0.6861
1383	186.7309	84.1230	0.0000	0.6866
1384	186.7309	81.3462	0.0000	0.6870
1385	186.7309	91.9084	0.0000	0.6874
1386	186.7309	92.3991	0.0000	0.6878
1387	186.7309	88.7677	0.0000	0.6882
1388	186.7309	82.3362	0.0000	0.6886
1389	186.7309	80.8323	0.0000	0.6889
1390	186.7309	91.1292	0.0000	0.6893
1391	186.7309	90.1455	0.0000	0.6897
1392	186.7309	93.2050	0.0000	0.6901
1393	186.7309	88.1729	0.0000	0.6905
1394	186.7309	90.2596	0.0000	0.6909
1395	186.7309	91.7041	0.0000	0.6913
1396	186.7309	87.3955	0.0000	0.6917
1397	186.7309	89.2747	0.0000	0.6921
1398	186.7309	94.8412	0.0000	0.6925
1399	186.7309	93.2827	0.0000	0.6930
1400	186.7309	87.8950	0.0000	0.6934
1401	186.7309	86.2158	0.0000	0.6938
1402	186.7309	85.3351	0.0000	0.6941
1403	186.7309	85.6194	0.0000	0.6945
1404	186.7309	92.0545	0.0000	0.6949
1405	186.7309	78.2853	0.0000	0.6953
1406	186.7309	90.9046	0.0000	0.6957
1407	186.7309	91.1996	0.0000	0.6961
1408	186.7309	89.7535	0.0000	0.6965
1409	186.7309	91.5392	0.0000	0.6969
1410	186.7309	86.0085	0.0000	0.6972
1411	186.7309	82.9070	0.0000	0.6976
1412	186.7309	87.1885	0.0000	0.6980
1413	186.7309	100.4076	0.0000	0.6984
1414	186.7309	89.8835	0.0000	0.6988
1415	186.7309	88.9927	0.0000	0.6993
1416	186.7309	83.6894	0.0000	0.6997
1417	186.7309	80.8097	0.0000	0.7001
1418	186.7309	88.4235	0.0000	0.7006
1419	186.7309	88.9359	0.0000	0.7009
1420	186.7309	91.0349	0.0000	0.7013
1421	186.7309	85.1594	0.0000	0.7017
1422	186.7309	86.5989	0.0000	0.7021
1423	186.7309	95.6527	0.0000	0.7025
1424	186.7309	92.1361	0.0000	0.7029
1425	186.7309	89.3068	0.0000	0.7033
1426	186.7309	86.4986	0.0000	0.7037
1427	186.7309	95.4188	0.0000	0.7041
1428	186.7309	88.3718	0.0000	0.7045
1429	186.7309	95.5651	0.0000	0.7048
1430	186.7309	93.6388	0.0000	0.7052
1431	186.7309	88.2808	0.0000	0.7056
1432	186.7309	89.0431	0.0000	0.7060
1433	186.7309	93.2378	0.0000	0.7064
1434	186.7309	83.8086	0.0000	0.7068
1435	186.7309	94.0450	0.0000	0.7072
1436	186.7309	93.4309	0.0000	0.7076
1437	186.7309	89.0297	0.0000	0.7080
1438	186.7309	90.7064	0.0000	0.7083
1439	186.7309	96.6101	0.0000	0.7087
1440	186.7309	84.8739	0.0000	0.7091
1441	186.7309	89.9272	0.0000	0.7095
1442	186.7309	84.6278	0.0000	0.7099
1443	186.7309	90.4158	0.0000	0.7103
1444	186.7309	89.1163	0.0000	0.7107
1445	186.7309	96.7204	0.0000	0.7111
1446	186.7309	94.4233	0.0000	0.7115
1447	186.7309	88.9956	0.0000	0.7118
1448	186.7309	89.3398	0.0000	0.7122
1449	186.7309	82.6547	0.0000	0.7126
1450	186.7309	93.9637	0.0000	0.7130
1451	186.7309	94.6956	0.0000	0.7134
1452	186.7309	87.7918	0.0000	0.7138
1453	186.7309	89.6429	0.0000	0.7142
1454	186.7309	97.5309	0.0000	0.7146
1455	186.7309	86.8476	0.0000	0.7150
1456	186.7309	86.3855	0.0000	0.7154
1457	186.7309	86.7809	0.0000	0.7158
1458	186.7309	92.1186	0.0000	0.7162
1459	186.7309	94.0652	0.0000	0.7166
1460	186.7309	88.6645	0.0000	0.7170
1461	186.7309	84.9353	0.0000	0.7174
1462	186.7309	89.3988	0.0000	0.7178
1463	186.7309	83.0612	0.0000	0.7181
1464	186.7309	85.7067	0.0000	0.7186
1465	186.7309	90.7319	0.0000	0.7189
1466	186.7309	89.6322	0.0000	0.7194
1467	186.7309	86.3597	0.0000	0.7198
1468	186.7309	95.2996	0.0000	0.7202
1469	186.7309	93.3930	0.0000	0.7206
1470	186.7309	88.6829	0.0000	0.7210
1471	186.7309	100.0964	0.0000	0.7214
1472	186.7309	91.1016	0.0000	0.7219
1473	186.7309	101.2325	0.0000	0.7223
1474	186.7309	87.1728	0.0000	0.7228
1475	186.7309	83.4442	0.0000	0.7232
1476	186.7309	88.9879	0.0000	0.7236
1477	186.7309	88.8253	0.0000	0.7240
1478	186.7309	92.9244	0.0000	0.7244
1479	186.7309	84.6561	0.0000	0.7248
1480	186.7309	84.3945	0.0000	0.7251
1481	186.7309	88.7825	0.0000	0.7256
1482	186.7309	93.4094	0.0000	0.7259
1483	186.7309	89.1296	0.0000	0.7263
1484	186.7309	94.6710	0.0000	0.7267
1485	186.7309	81.6705	0.0000	0.7271
1486	186.7309	94.6062	0.0000	0.7274
1487	186.7309	86.5793	0.0000	0.7278
1488	186.7309	88.2020	0.0000	0.7282
1489	186.7309	95.7813	0.0000	0.7286
1490	186.7309	88.0831	0.0000	0.7290
1491	186.7309	80.6544	0.0000	0.7295
1492	186.7309	101.3981	0.0000	0.7298
1493	186.7309	94.1786	0.0000	0.7302
1494	186.7309	90.9091	0.0000	0.7306
1495	186.7309	84.6145	0.0000	0.7311
1496	186.7309	91.8126	0.0000	0.7315
1497	186.7309	84.4088	0.0000	0.7319
1498	186.7309	86.7918	0.0000	0.7322
1499	186.7309	88.3643	0.0000	0.7326
1500	186.7309	98.9860	0.0000	0.7330
1501	186.7309	90.3385	0.0000	0.7334
1502	186.7309	92.1132	0.0000	0.7338
1503	186.7309	96.2892	0.0000	0.7342
1504	186.7309	85.1579	0.0000	0.7345
1505	186.7309	82.4834	0.0000	0.7349
1506	186.7309	92.6505	0.0000	0.7352
1507	186.7309	91.1040	0.0000	0.7356
1508	186.7309	98.4815	0.0000	0.7360
1509	186.7309	88.1769	0.0000	0.7364
1510	186.7309	91.5327	0.0000	0.7367
1511	186.7309	92.4609	0.0000	0.7371
1512	186.7309	100.6389	0.0000	0.7375
1513	186.7309	88.4092	0.0000	0.7379
1514	186.7309	93.8701	0.0000	0.7382
1515	186.7309	92.7606	0.0000	0.7386
1516	186.7309	91.1677	0.0000	0.7390
1517	186.7309	87.1872	0.0000	0.7394
1518	186.7309	88.3174	0.0000	0.7397
1519	186.7309	87.3011	0.0000	0.7401
1520	186.7309	97.4815	0.0000	0.7405
1521	186.7309	90.6868	0.0000	0.7409
1522	186.7309	94.5142	0.0000	0.7412
1523	186.7309	94.4570	0.0000	0.7416
1524	186.7309	91.1897	0.0000	0.7420
1525	186.7309	95.7831	0.0000	0.7423
1526	186.7309	96.6818	0.0000	0.7427
1527	186.7309	98.2491	0.0000	0.7430
1528	186.7309	98.3088	0.0000	0.7434
1529	186.7309	94.5766	0.0000	0.7437
1530	186.7309	90.3456	0.0000	0.7441
1531	186.7309	92.3112	0.0000	0.7445
1532	186.7309	95.1930	0.0000	0.7448
1533	186.7309	87.5391	0.0000	0.7452
1534	186.7309	107.3576	0.0000	0.7455
1535	186.7309	90.0276	0.0000	0.7459
1536	186.7309	93.0407	0.0000	0.7463
1537	186.7309	90.8398	0.0000	0.7466
1538	186.7309	87.5326	0.0000	0.7470
1539	186.7309	97.1968	0.0000	0.7473
1540	186.7309	99.4513	0.0000	0.7477
1541	186.7309	93.4275	0.0000	0.7480
1542	186.7309	89.1549	0.0000	0.7484
1543	186.7309	95.0107	0.0000	0.7488
1544	186.7309	89.1988	0.0000	0.7491
1545	186.7309	97.1845	0.0000	0.7495
1546	186.7309	94.1089	0.0000	0.7499
1547	186.7309	93.2462	0.0000	0.7503
1548	186.7309	91.8854	0.0000	0.7507
1549	186.7309	92.7076	0.0000	0.7511
1550	186.7309	89.3613	0.0000	0.7514
1551	186.7309	89.3619	0.0000	0.7518
1552	186.7309	91.7477	0.0000	0.7521
1553	186.7309	90.8864	0.0000	0.7525
1554	186.7309	85.0956	0.0000	0.7529
1555	186.7309	88.5079	0.0000	0.7533
1556	186.7309	88.0311	0.0000	0.7537
1557	186.7309	110.3174	0.0000	0.7540
1558	186.7309	93.7992	0.0000	0.7544
1559	186.7309	88.1993	0.0000	0.7548
1560	186.7309	99.8466	0.0000	0.7551
1561	186.7309	93.1733	0.0000	0.7555
1562	186.7309	94.0962	0.0000	0.7559
1563	186.7309	99.8330	0.0000	0.7562
1564	186.7309	90.2178	0.0000	0.7566
1565	186.7309	95.5413	0.0000	0.7570
1566	186.7309	86.4974	0.0000	0.7574
1567	186.7309	97.8583	0.0000	0.7578
1568	186.7309	92.2707	0.0000	0.7581
1569	186.7309	102.5274	0.0000	0.7585
1570	186.7309	92.8280	0.0000	0.7589
1571	186.7309	95.8031	0.0000	0.7592
1572	186.7309	85.1132	0.0000	0.7596
1573	186.7309	89.7624	0.0000	0.7600
1574	186.7309	85.6773	0.0000	0.7603
1575	186.7309	85.9697	0.0000	0.7607
1576	186.7309	90.3458	0.0000	0.7611
1577	186.7309	85.0641	0.0000	0.7615
1578	186.7309	101.1366	0.0000	0.7619
1579	186.7309	98.2035	0.0000	0.7623
1580	186.7309	85.6785	0.0000	0.7626
1581	186.7309	88.7542	0.0000	0.7630
1582	186.7309	89.0209	0.0000	0.7634
1583	186.7309	81.4949	0.0000	0.7638
1584	186.7309	90.8167	0.0000	0.7642
1585	186.7309	95.8725	0.0000	0.7645
1586	186.7309	88.9368	0.0000	0.7649
1587	186.7309	80.0770	0.0000	0.7654
1588	186.7309	94.2058	0.0000	0.7657
1589	186.7309	98.4830	0.0000	0.7661
1590	186.7309	93.6364	0.0000	0.7664
1591	186.7309	81.1479	0.0000	0.7668
1592	186.7309	94.5991	0.0000	0.7672
1593	186.7309	89.2648	0.0000	0.7675
1594	186.7309	95.3382	0.0000	0.7679
1595	186.7309	89.1531	0.0000	0.7683
1596	186.7309	100.2022	0.0000	0.7687
1597	186.7309	91.8348	0.0000	0.7690
1598	186.7309	85.4301	0.0000	0.7695
1599	186.7309	94.5225	0.0000	0.7698
1600	186.7309	88.0376	0.0000	0.7702
1601	186.7309	88.9617	0.0000	0.7706
1602	186.7309	89.3388	0.0000	0.7709
1603	186.7309	101.1509	0.0000	0.7713
1604	186.7309	90.4732	0.0000	0.7716
1605	186.7309	90.2648	0.0000	0.7720
1606	186.7309	91.6578	0.0000	0.7723
1607	186.7309	94.7148	0.0000	0.7727
1608	186.7309	93.7169	0.0000	0.7730
1609	186.7309	95.7739	0.0000	0.7734
1610	186.7309	105.4606	0.0000	0.7737
1611	186.7309	99.5031	0.0000	0.7741
1612	186.7309	101.7093	0.0000	0.7745
1613	186.7309	92.2607	0.0000	0.7748
1614	186.7309	94.9266	0.0000	0.7752
1615	186.7309	84.4677	0.0000	0.7755
1616	186.7309	96.5997	0.0000	0.7760
1617	186.7309	91.7835	0.0000	0.7764
1618	186.7309	94.7991	0.0000	0.7768
1619	186.7309	88.1880	0.0000	0.7771
1620	186.7309	98.9712	0.0000	0.7775
1621	186.7309	86.9310	0.0000	0.7779
1622	186.7309	94.5205	0.0000	0.7782
1623	186.7309	94.0513	0.0000	0.7786
1624	186.7309	97.0709	0.0000	0.7789
1625	186.7309	91.9142	0.0000	0.7793
1626	186.7309	88.4111	0.0000	0.7797
1627	186.7309	93.1530	0.0000	0.7800
1628	186.7309	89.9637	0.0000	0.7804
1629	186.7309	102.3522	0.0000	0.7808
1630	186.7309	92.3364	0.0000	0.7811
1631	186.7309	90.2155	0.0000	0.7815
1632	186.7309	88.4147	0.0000	0.7818
1633	186.7309	92.0657	0.0000	0.7822
1634	186.7309	91.4662	0.0000	0.7826
1635	186.7309	92.7774	0.0000	0.7830
1636	186.7309	99.0879	0.0000	0.7833
1637	186.7309	94.9606	0.0000	0.7837
1638	186.7309	92.3023	0.0000	0.7841
1639	186.7309	98.3727	0.0000	0.7845
1640	186.7309	99.1725	0.0000	0.7848
1641	186.7309	92.1010	0.0000	0.7852
1642	186.7309	94.2703	0.0000	0.7856
1643	186.7309	104.2096	0.0000	0.7861
1644	186.7309	94.7628	0.0000	0.7865
1645	186.7309	99.3863	0.0000	0.7868
1646	186.7309	92.3089	0.0000	0.7872
1647	186.7309	92.3538	0.0000	0.7875
1648	186.7309	94.2881	0.0000	0.7879
1649	186.7309	96.9804	0.0000	0.7882
1650	186.7309	87.2261	0.0000	0.7886
1651	186.7309	90.2637	0.0000	0.7890
1652	186.7309	98.7672	0.0000	0.7894
1653	186.7309	88.3835	0.0000	0.7897
1654	186.7309	91.8061	0.0000	0.7901
1655	186.7309	91.8616	0.0000	0.7905
1656	186.7309	96.6420	0.0000	0.7908
1657	186.7309	96.1089	0.0000	0.7912
1658	186.7309	92.4061	0.0000	0.7915
1659	186.7309	99.5230	0.0000	0.7919
1660	186.7309	84.7219	0.0000	0.7923
1661	186.7309	90.0470	0.0000	0.7927
1662	186.7309	90.4138	0.0000	0.7930
1663	186.7309	89.0284	0.0000	0.7934
1664	186.7309	90.5567	0.0000	0.7938
1665	186.7309	90.4582	0.0000	0.7942
1666	186.7309	101.2140	0.0000	0.7945
1667	186.7309	100.6722	0.0000	0.7949
1668	186.7309	92.6626	0.0000	0.7953
1669	186.7309	89.8704	0.0000	0.7957
1670	186.7309	89.2965	0.0000	0.7960
1671	186.7309	101.3869	0.0000	0.7964
1672	186.7309	101.6547	0.0000	0.7968
1673	186.7309	97.8497	0.0000	0.7972
1674	186.7309	89.1714	0.0000	0.7975
1675	186.7309	98.0487	0.0000	0.7979
1676	186.7309	93.7232	0.0000	0.7983
1677	186.7309	86.4806	0.0000	0.7986
1678	186.7309	95.0869	0.0000	0.7990
1679	186.7309	104.6183	0.0000	0.7994
1680	186.7309	99.0981	0.0000	0.7997
1681	186.7309	100.5022	0.0000	0.8001
1682	186.7309	94.3346	0.0000	0.8005
1683	186.7309	95.6976	0.0000	0.8009
1684	186.7309	99.8707	0.0000	0.8013
1685	186.7309	96.2075	0.0000	0.8017
1686	186.7309	97.7329	0.0000	0.8021
1687	186.7309	89.8375	0.0000	0.8025
1688	186.7309	90.4351	0.0000	0.8029
1689	186.7309	95.5546	0.0000	0.8032
1690	186.7309	92.9635	0.0000	0.8036
1691	186.7309	100.9069	0.0000	0.8040
1692	186.7309	90.8501	0.0000	0.8044
1693	186.7309	98.1525	0.0000	0.8048
1694	186.7309	91.6363	0.0000	0.8051
1695	186.7309	81.9265	0.0000	0.8055
1696	186.7309	103.6684	0.0000	0.8058
1697	186.7309	102.5288	0.0000	0.8062
1698	186.7309	91.6897	0.0000	0.8065
1699	186.7309	94.4630	0.0000	0.8069
1700	186.7309	89.4280	0.0000	0.8072
1701	186.7309	93.7039	0.0000	0.8076
1702	186.7309	91.9364	0.0000	0.8079
1703	186.7309	91.3681	0.0000	0.8083
1704	186.7309	92.6582	0.0000	0.8086
1705	186.7309	92.2468	0.0000	0.8090
1706	186.7309	97.8798	0.0000	0.8094
1707	186.7309	99.4287	0.0000	0.8097
1708	186.7309	92.3044	0.0000	0.8101
1709	186.7309	94.5745	0.0000	0.8105
1710	186.7309	98.8233	0.0000	0.8108
1711	186.7309	96.7839	0.0000	0.8112
1712	186.7309	92.7146	0.0000	0.8116
1713	186.7309	99.0547	0.0000	0.8119
1714	186.7309	94.6209	0.0000	0.8122
1715	186.7309	99.6002	0.0000	0.8126
1716	186.7309	100.4384	0.0000	0.8129
1717	186.7309	105.1252	0.0000	0.8133
1718	186.7309	92.1038	0.0000	0.8136
1719	186.7309	101.7793	0.0000	0.8140
1720	186.7309	93.1868	0.0000	0.8143
1721	186.7309	101.5376	0.0000	0.8147
1722	186.7309	93.7088	0.0000	0.8150
1723	186.7309	93.9877	0.0000	0.8154
1724	186.7309	102.0543	0.0000	0.8157
1725	186.7309	92.4730	0.0000	0.8161
1726	186.7309	102.1755	0.0000	0.8164
1727	186.7309	105.1925	0.0000	0.8168
1728	186.7309	93.7454	0.0000	0.8172
1729	186.7309	91.5756	0.0000	0.8175
1730	186.7309	99.6385	0.0000	0.8179
1731	186.7309	99.4783	0.0000	0.8182
1732	186.7309	97.0367	0.0000	0.8186
1733	186.7309	93.5610	0.0000	0.8189
1734	186.7309	95.3464	0.0000	0.8192
1735	186.7309	105.8928	0.0000	0.8197
1736	186.7309	95.6459	0.0000	0.8201
1737	186.7309	100.7323	0.0000	0.8204
1738	186.7309	91.1113	0.0000	0.8208
1739	186.7309	92.7355	0.0000	0.8211
1740	186.7309	87.3091	0.0000	0.8216
1741	186.7309	89.8073	0.0000	0.8220
1742	186.7309	97.5186	0.0000	0.8223
1743	186.7309	103.2959	0.0000	0.8226
1744	186.7309	98.4022	0.0000	0.8230
1745	186.7309	91.2771	0.0000	0.8233
1746	186.7309	95.7371	0.0000	0.8237
1747	186.7309	102.9333	0.0000	0.8240
1748	186.7309	86.5059	0.0000	0.8243
1749	186.7309	99.5814	0.0000	0.8247
1750	186.7309	92.4627	0.0000	0.8251
1751	186.7309	89.4102	0.0000	0.8254
1752	186.7309	94.3714	0.0000	0.8258
1753	186.7309	98.6366	0.0000	0.8261
1754	186.7309	92.7263	0.0000	0.8265
1755	186.7309	102.4117	0.0000	0.8270
1756	186.7309	92.5203	0.0000	0.8274
1757	186.7309	88.7294	0.0000	0.8278
1758	186.7309	95.0682	0.0000	0.8281
1759	186.7309	94.7186	0.0000	0.8285
1760	186.7309	92.0554	0.0000	0.8289
1761	186.7309	93.9264	0.0000	0.8294
1762	186.7309	101.6412	0.0000	0.8298
1763	186.7309	99.9233	0.0000	0.8301
1764	186.7309	100.3329	0.0000	0.8305
1765	186.7309	94.3238	0.0000	0.8309
1766	186.7309	92.3563	0.0000	0.8312
1767	186.7309	99.1089	0.0000	0.8316
1768	186.7309	100.3045	0.0000	0.8320
1769	186.7309	94.2828	0.0000	0.8325
1770	186.7309	107.1955	0.0000	0.8329
1771	186.7309	96.6497	0.0000	0.8332
1772	186.7309	91.5325	0.0000	0.8336
1773	186.7309	104.1942	0.0000	0.8339
1774	186.7309	92.7883	0.0000	0.8343
1775	186.7309	91.2520	0.0000	0.8346
1776	186.7309	96.4054	0.0000	0.8350
1777	186.7309	102.3911	0.0000	0.8354
1778	186.7309	102.8961	0.0000	0.8357
1779	186.7309	98.5602	0.0000	0.8361
1780	186.7309	93.2407	0.0000	0.8365
1781	186.7309	103.9485	0.0000	0.8368
1782	186.7309	104.0115	0.0000	0.8372
1783	186.7309	97.9713	0.0000	0.8376
1784	186.7309	100.7506	0.0000	0.8379
1785	186.7309	100.2934	0.0000	0.8383
1786	186.7309	99.4806	0.0000	0.8386
1787	186.7309	101.2795	0.0000	0.8390
1788	186.7309	94.2587	0.0000	0.8394
1789	186.7309	103.7998	0.0000	0.8398
1790	186.7309	94.7000	0.0000	0.8401
1791	186.7309	93.7279	0.0000	0.8405
1792	186.7309	96.2634	0.0000	0.8408
1793	186.7309	101.8325	0.0000	0.8412
1794	186.7309	105.7253	0.0000	0.8416
1795	186.7309	101.0701	0.0000	0.8419
1796	186.7309	99.5235	0.0000	0.8423
1797	186.7309	100.4649	0.0000	0.8426
1798	186.7309	96.4990	0.0000	0.8430
1799	186.7309	96.3761	0.0000	0.8433
1800	186.7309	98.1187	0.0000	0.8437
1801	186.7309	95.3259	0.0000	0.8441
1802	186.7309	92.4296	0.0000	0.8444
1803	186.7309	98.4059	0.0000	0.8447
1804	186.7309	97.2042	0.0000	0.8451
1805	186.7309	103.4838	0.0000	0.8454
1806	186.7309	102.9360	0.0000	0.8458
1807	186.7309	95.7408	0.0000	0.8461
1808	186.7309	95.1168	0.0000	0.8465
1809	186.7309	91.4230	0.0000	0.8468
1810	186.7309	99.5643	0.0000	0.8472
1811	186.7309	95.6582	0.0000	0.8475
1812	186.7309	109.1130	0.0000	0.8478
1813	186.7309	92.2078	0.0000	0.8481
1814	186.7309	106.7666	0.0000	0.8485
1815	186.7309	97.3806	0.0000	0.8489
1816	186.7309	93.3671	0.0000	0.8492
1817	186.7309	100.4528	0.0000	0.8496
1818	186.7309	99.0215	0.0000	0.8500
1819	186.7309	98.9373	0.0000	0.8503
1820	186.7309	103.2118	0.0000	0.8506
1821	186.7309	100.9562	0.0000	0.8510
1822	186.7309	94.6488	0.0000	0.8513
1823	186.7309	93.1521	0.0000	0.8517
1824	186.7309	101.4090	0.0000	0.8522
1825	186.7309	96.7476	0.0000	0.8525
1826	186.7309	104.0447	0.0000	0.8529
1827	186.7309	100.7460	0.0000	0.8532
1828	186.7309	92.0375	0.0000	0.8536
1829	186.7309	98.7523	0.0000	0.8540
1830	186.7309	90.9280	0.0000	0.8543
1831	186.7309	99.9893	0.0000	0.8547
1832	186.7309	100.9224	0.0000	0.8551
1833	186.7309	101.4016	0.0000	0.8555
1834	186.7309	90.5821	0.0000	0.8559
1835	186.7309	98.0783	0.0000	0.8562
1836	186.7309	96.0212	0.0000	0.8566
1837	186.7309	92.5564	0.0000	0.8569
1838	186.7309	95.1979	0.0000	0.8572
1839	186.7309	98.0195	0.0000	0.8576
1840	186.7309	100.4589	0.0000	0.8579
1841	186.7309	105.7642	0.0000	0.8582
1842	186.7309	93.9343	0.0000	0.8586
1843	186.7309	100.9534	0.0000	0.8589
1844	186.7309	97.0133	0.0000	0.8592
1845	186.7309	98.0408	0.0000	0.8595
1846	186.7309	96.9089	0.0000	0.8598
1847	186.7309	96.3890	0.0000	0.8602
1848	186.7309	103.5441	0.0000	0.8605
1849	186.7309	98.2483	0.0000	0.8608
1850	186.7309	91.7377	0.0000	0.8612
1851	186.7309	93.3205	0.0000	0.8615
1852	186.7309	97.5583	0.0000	0.8618
1853	186.7309	97.8558	0.0000	0.8621
1854	186.7309	100.0128	0.0000	0.8625
1855	186.7309	93.5959	0.0000	0.8628
1856	186.7309	95.7724	0.0000	0.8632
1857	186.7309	94.6196	0.0000	0.8635
1858	186.7309	102.0709	0.0000	0.8638
1859	186.7309	93.7681	0.0000	0.8641
1860	186.7309	95.0560	0.0000	0.8645
1861	186.7309	95.4528	0.0000	0.8648
1862	186.7309	103.0694	0.0000	0.8651
1863	186.7309	98.3132	0.0000	0.8655
1864	186.7309	98.7082	0.0000	0.8660
1865	186.7309	104.8865	0.0000	0.8663
1866	186.7309	92.8565	0.0000	0.8666
1867	186.7309	101.7012	0.0000	0.8669
1868	186.7309	108.8913	0.0000	0.8672
1869	186.7309	96.1183	0.0000	0.8676
1870	186.7309	98.5688	0.0000	0.8679
1871	186.7309	93.1584	0.0000	0.8682
1872	186.7309	106.1788	0.0000	0.8685
1873	186.7309	99.1078	0.0000	0.8689
1874	186.7309	98.0967	0.0000	0.8692
1875	186.7309	100.3027	0.0000	0.8695
1876	186.7309	97.5865	0.0000	0.8698
1877	186.7309	97.0324	0.0000	0.8702
1878	186.7309	98.6796	0.0000	0.8705
1879	186.7309	96.3636	0.0000	0.8708
1880	186.7309	96.5057	0.0000	0.8712
1881	186.7309	96.2564	0.0000	0.8715
1882	186.7309	100.6662	0.0000	0.8718
1883	186.7309	100.0570	0.0000	0.8721
1884	186.7309	101.5332	0.0000	0.8725
1885	186.7309	98.0089	0.0000	0.8728
1886	186.7309	99.7488	0.0000	0.8731
1887	186.7309	92.3204	0.0000	0.8734
1888	186.7309	91.7490	0.0000	0.8738
1889	186.7309	92.9156	0.0000	0.8741
1890	186.7309	97.5488	0.0000	0.8745
1891	186.7309	101.2925	0.0000	0.8748
1892	186.7309	99.9153	0.0000	0.8751
1893	186.7309	96.6956	0.0000	0.8755
1894	186.7309	97.1260	0.0000	0.8758
1895	186.7309	100.3267	0.0000	0.8761
1896	186.7309	99.6145	0.0000	0.8765
1897	186.7309	98.4808	0.0000	0.8768
1898	186.7309	102.3466	0.0000	0.8771
1899	186.7309	93.8082	0.0000	0.8775
1900	186.7309	92.0306	0.0000	0.8779
1901	186.7309	93.7013	0.0000	0.8782
1902	186.7309	89.4544	0.0000	0.8785
1903	186.7309	91.4197	0.0000	0.8788
1904	186.7309	99.2962	0.0000	0.8791
1905	186.7309	100.2074	0.0000	0.8795
1906	186.7309	98.1131	0.0000	0.8798
1907	186.7309	93.1706	0.0000	0.8801
1908	186.7309	96.5661	0.0000	0.8804
1909	186.7309	97.4297	0.0000	0.8807
1910	186.7309	95.3841	0.0000	0.8811
1911	186.7309	99.7821	0.0000	0.8814
1912	186.7309	102.3125	0.0000	0.8817
1913	186.7309	101.3459	0.0000	0.8820
1914	186.7309	102.8806	0.0000	0.8823
1915	186.7309	97.2754	0.0000	0.8827
1916	186.7309	98.7450	0.0000	0.8830
1917	186.7309	105.0345	0.0000	0.8833
1918	186.7309	94.1922	0.0000	0.8836
1919	186.7309	91.8744	0.0000	0.8840
1920	186.7309	103.0807	0.0000	0.8843
1921	186.7309	102.8447	0.0000	0.8846
1922	186.7309	100.1041	0.0000	0.8850
1923	186.7309	92.2858	0.0000	0.8853
1924	186.7309	92.4819	0.0000	0.8857
1925	186.7309	95.4337	0.0000	0.8861
1926	186.7309	100.8102	0.0000	0.8864
1927	186.7309	95.3665	0.0000	0.8868
1928	186.7309	97.1311	0.0000	0.8871
1929	186.7309	97.4392	0.0000	0.8874
1930	186.7309	95.8195	0.0000	0.8878
1931	186.7309	94.6054	0.0000	0.8881
1932	186.7309	103.9289	0.0000	0.8884
1933	186.7309	93.9338	0.0000	0.8888
1934	186.7309	93.3935	0.0000	0.8891
1935	186.7309	97.1047	0.0000	0.8894
1936	186.7309	93.5370	0.0000	0.8897
1937	186.7309	98.3512	0.0000	0.8900
1938	186.7309	99.4113	0.0000	0.8903
1939	186.7309	102.9978	0.0000	0.8906
1940	186.7309	102.2227	0.0000	0.8909
1941	186.7309	95.0751	0.0000	0.8912
1942	186.7309	93.1488	0.0000	0.8916
1943	186.7309	107.6040	0.0000	0.8919
1944	186.7309	98.1557	0.0000	0.8922
1945	186.7309	102.0504	0.0000	0.8925
1946	186.7309	90.5445	0.0000	0.8929
1947	186.7309	92.2592	0.0000	0.8932
1948	186.7309	104.8028	0.0000	0.8935
1949	186.7309	104.3301	0.0000	0.8938
1950	186.7309	93.1862	0.0000	0.8941
1951	186.7309	99.3140	0.0000	0.8944
1952	186.7309	103.8628	0.0000	0.8948
1953	186.7309	89.0136	0.0000	0.8951
1954	186.7309	102.2801	0.0000	0.8954
1955	186.7309	95.6395	0.0000	0.8956
1956	186.7309	90.3059	0.0000	0.8959
1957	186.7309	94.7692	0.0000	0.8963
1958	186.7309	98.3504	0.0000	0.8966
1959	186.7309	94.4080	0.0000	0.8969
1960	186.7309	92.0926	0.0000	0.8972
1961	186.7309	97.7516	0.0000	0.8975
1962	186.7309	92.0375	0.0000	0.8978
1963	186.7309	93.1019	0.0000	0.8981
1964	186.7309	92.7735	0.0000	0.8985
1965	186.7309	102.1898	0.0000	0.8988
1966	186.7309	88.8016	0.0000	0.8991
1967	186.7309	105.3954	0.0000	0.8994
1968	186.7309	107.1346	0.0000	0.8997
1969	186.7309	96.8111	0.0000	0.9001
1970	186.7309	91.1003	0.0000	0.9004
1971	186.7309	99.7073	0.0000	0.9007
1972	186.7309	89.3237	0.0000	0.9010
1973	186.7309	97.7636	0.0000	0.9013
1974	186.7309	99.8216	0.0000	0.9016
1975	186.7309	92.3587	0.0000	0.9019
1976	186.7309	91.3377	0.0000	0.9023
1977	186.7309	100.2298	0.0000	0.9026
1978	186.7309	104.4804	0.0000	0.9029
1979	186.7309	94.3217	0.0000	0.9032
1980	186.7309	101.6436	0.0000	0.9036
1981	186.7309	102.1982	0.0000	0.9039
1982	186.7309	90.7826	0.0000	0.9042
1983	186.7309	96.8646	0.0000	0.9045
1984	186.7309	88.8631	0.0000	0.9048
1985	186.7309	95.0373	0.0000	0.9051
1986	186.7309	99.6074	0.0000	0.9054
1987	186.7309	90.3937	0.0000	0.9058
1988	186.7309	93.8153	0.0000	0.9061
1989	186.7309	94.6311	0.0000	0.9064
1990	186.7309	100.5162	0.0000	0.9067
1991	186.7309	93.9388	0.0000	0.9071
1992	186.7309	96.6768	0.0000	0.9074
1993	186.7309	95.6578	0.0000	0.9077
1994	186.7309	104.6541	0.0000	0.9081
1995	186.7309	101.9437	0.0000	0.9084
1996	186.7309	97.0450	0.0000	0.9087
1997	186.7309	91.1352	0.0000	0.9090
1998	186.7309	91.8959	0.0000	0.9093
1999	186.7309	98.2934	0.0000	0.9096
Pos: [-1.4251284854514426, -7.0835064683858295]

=================================================================================================================