ID: CF4	Date: 2019-05-03 16:51:29	Runs: 1
=================================================================================================================
Run: 0
Iter	Gbest	AvrFit	Diver	ETime	
0	-166.6791	-1228.3428	0.0000	0.0040
1	-118.2191	-1162.5908	0.0000	0.0068
2	-118.2191	-1122.9697	0.0000	0.0094
3	-23.5007	-1024.1614	0.0000	0.0120
4	-23.5007	-983.1194	0.0000	0.0146
5	-23.5007	-930.5041	0.0000	0.0171
6	-23.5007	-899.1795	0.0000	0.0197
7	-23.5007	-912.4170	0.0000	0.0222
8	-23.5007	-888.8731	0.0000	0.0248
9	-23.5007	-797.4452	0.0000	0.0274
10	-23.5007	-796.9829	0.0000	0.0299
11	-23.5007	-794.1653	0.0000	0.0325
12	-14.0789	-811.7677	0.0000	0.0352
13	-14.0789	-728.0967	0.0000	0.0377
14	-14.0789	-749.3844	0.0000	0.0403
15	-14.0789	-731.6507	0.0000	0.0429
16	-6.2121	-711.8049	0.0000	0.0455
17	-6.0140	-691.9543	0.0000	0.0481
18	-6.0140	-675.7371	0.0000	0.0506
19	-0.2013	-677.3124	0.0000	0.0533
20	-0.2013	-672.5440	0.0000	0.0559
21	-0.2013	-636.8255	0.0000	0.0586
22	-0.2013	-649.0036	0.0000	0.0612
23	-0.2013	-648.6175	0.0000	0.0637
24	-0.2013	-638.2297	0.0000	0.0663
25	-0.2013	-644.1683	0.0000	0.0688
26	-0.2013	-609.0585	0.0000	0.0715
27	-0.2013	-603.4829	0.0000	0.0740
28	-0.2013	-617.0911	0.0000	0.0766
29	-0.2013	-641.5673	0.0000	0.0792
30	-0.2013	-594.3964	0.0000	0.0819
31	-0.2013	-615.2683	0.0000	0.0853
32	-0.2013	-584.7867	0.0000	0.0882
33	-0.2013	-584.1033	0.0000	0.0909
34	-0.2013	-590.4704	0.0000	0.0935
35	-0.2013	-577.1102	0.0000	0.0963
36	-0.2013	-562.0483	0.0000	0.0991
37	-0.2013	-548.2982	0.0000	0.1020
38	-0.2013	-552.3531	0.0000	0.1052
39	-0.2013	-539.9320	0.0000	0.1082
40	-0.2013	-539.0212	0.0000	0.1112
41	-0.2013	-562.7832	0.0000	0.1142
42	-0.2013	-549.1890	0.0000	0.1172
43	-0.1654	-530.4448	0.0000	0.1203
44	-0.1654	-530.2330	0.0000	0.1234
45	-0.1405	-545.6916	0.0000	0.1268
46	-0.1405	-538.1004	0.0000	0.1298
47	-0.1405	-523.7348	0.0000	0.1327
48	-0.1405	-508.7890	0.0000	0.1358
49	-0.0158	-530.3166	0.0000	0.1388
50	-0.0158	-563.2822	0.0000	0.1417
51	-0.0158	-514.5685	0.0000	0.1447
52	-0.0158	-553.7734	0.0000	0.1476
53	-0.0158	-548.2356	0.0000	0.1505
54	-0.0015	-578.4995	0.0000	0.1535
55	-0.0015	-548.6027	0.0000	0.1564
56	-0.0014	-532.9433	0.0000	0.1594
57	-0.0014	-526.9205	0.0000	0.1623
58	-0.0014	-497.4167	0.0000	0.1652
59	-0.0014	-515.1952	0.0000	0.1682
60	-0.0014	-521.2177	0.0000	0.1712
61	-0.0014	-510.2907	0.0000	0.1740
62	-0.0014	-526.1296	0.0000	0.1769
63	-0.0014	-511.3473	0.0000	0.1796
64	-0.0014	-531.7313	0.0000	0.1824
65	-0.0014	-519.4259	0.0000	0.1852
66	-0.0014	-536.8704	0.0000	0.1880
67	-0.0014	-501.1467	0.0000	0.1908
68	-0.0014	-555.5260	0.0000	0.1936
69	-0.0014	-544.6206	0.0000	0.1964
70	-0.0014	-519.3123	0.0000	0.1992
71	-0.0014	-511.0466	0.0000	0.2020
72	-0.0014	-513.7540	0.0000	0.2047
73	-0.0014	-511.5615	0.0000	0.2075
74	-0.0014	-490.7926	0.0000	0.2104
75	-0.0014	-518.1201	0.0000	0.2132
76	-0.0014	-508.0744	0.0000	0.2162
77	-0.0014	-490.0513	0.0000	0.2193
78	-0.0014	-478.3574	0.0000	0.2223
79	-0.0014	-516.9453	0.0000	0.2253
80	-0.0014	-493.1715	0.0000	0.2281
81	-0.0014	-475.9559	0.0000	0.2309
82	-0.0014	-509.3024	0.0000	0.2336
83	-0.0003	-475.6231	0.0000	0.2363
84	-0.0003	-501.5843	0.0000	0.2390
85	-0.0003	-464.4444	0.0000	0.2417
86	-0.0003	-489.0019	0.0000	0.2444
87	-0.0003	-467.6757	0.0000	0.2471
88	-0.0003	-502.6839	0.0000	0.2497
89	-0.0003	-488.6598	0.0000	0.2524
90	-0.0003	-501.5798	0.0000	0.2554
91	-0.0003	-490.6735	0.0000	0.2582
92	-0.0003	-488.2881	0.0000	0.2610
93	-0.0003	-482.3964	0.0000	0.2636
94	-0.0002	-482.4288	0.0000	0.2662
95	-0.0002	-498.9790	0.0000	0.2689
96	-0.0002	-541.8616	0.0000	0.2716
97	-0.0002	-508.2228	0.0000	0.2743
98	-0.0002	-493.8987	0.0000	0.2770
99	-0.0001	-504.4341	0.0000	0.2798
100	-0.0000	-502.8672	0.0000	0.2826
101	-0.0000	-506.3804	0.0000	0.2853
102	-0.0000	-491.4011	0.0000	0.2880
103	-0.0000	-515.0269	0.0000	0.2907
104	-0.0000	-516.0412	0.0000	0.2935
105	-0.0000	-494.4522	0.0000	0.2962
106	-0.0000	-514.8471	0.0000	0.2990
107	-0.0000	-519.8010	0.0000	0.3018
108	-0.0000	-539.8009	0.0000	0.3046
109	-0.0000	-531.9561	0.0000	0.3075
110	-0.0000	-518.6919	0.0000	0.3103
111	-0.0000	-498.3661	0.0000	0.3132
112	-0.0000	-524.5844	0.0000	0.3159
113	-0.0000	-501.7995	0.0000	0.3189
114	-0.0000	-512.7107	0.0000	0.3219
115	-0.0000	-486.9558	0.0000	0.3249
116	-0.0000	-515.2217	0.0000	0.3279
117	-0.0000	-493.5055	0.0000	0.3313
118	-0.0000	-475.7799	0.0000	0.3346
119	-0.0000	-496.0347	0.0000	0.3376
120	-0.0000	-452.6168	0.0000	0.3407
121	-0.0000	-495.2618	0.0000	0.3435
122	-0.0000	-465.7542	0.0000	0.3464
123	-0.0000	-503.1426	0.0000	0.3492
124	-0.0000	-497.4315	0.0000	0.3521
125	-0.0000	-482.2780	0.0000	0.3553
126	-0.0000	-920.3218	0.0000	0.3583
127	-0.0000	-783.1527	0.0000	0.3611
128	-0.0000	-749.0079	0.0000	0.3641
129	-0.0000	-716.9322	0.0000	0.3674
130	-0.0000	-736.7403	0.0000	0.3707
131	-0.0000	-708.1405	0.0000	0.3738
132	-0.0000	-717.1430	0.0000	0.3770
133	-0.0000	-710.2122	0.0000	0.3806
134	-0.0000	-670.3890	0.0000	0.3842
135	-0.0000	-671.7416	0.0000	0.3873
136	-0.0000	-652.0031	0.0000	0.3908
137	-0.0000	-607.9721	0.0000	0.3942
138	-0.0000	-593.5775	0.0000	0.3986
139	-0.0000	-606.9683	0.0000	0.4028
140	-0.0000	-579.7509	0.0000	0.4084
141	-0.0000	-582.6488	0.0000	0.4133
142	-0.0000	-570.1278	0.0000	0.4180
143	-0.0000	-569.4769	0.0000	0.4228
144	-0.0000	-554.5206	0.0000	0.4263
145	-0.0000	-556.6936	0.0000	0.4301
146	-0.0000	-551.0091	0.0000	0.4332
147	-0.0000	-534.0079	0.0000	0.4362
148	-0.0000	-542.5184	0.0000	0.4392
149	-0.0000	-536.1694	0.0000	0.4422
150	-0.0000	-536.1995	0.0000	0.4454
151	-0.0000	-510.0593	0.0000	0.4484
152	-0.0000	-507.3537	0.0000	0.4515
153	-0.0000	-508.4809	0.0000	0.4545
154	-0.0000	-523.8375	0.0000	0.4574
155	-0.0000	-539.9579	0.0000	0.4605
156	-0.0000	-487.5616	0.0000	0.4634
157	-0.0000	-504.6367	0.0000	0.4664
158	-0.0000	-518.4533	0.0000	0.4696
159	-0.0000	-526.5605	0.0000	0.4726
160	-0.0000	-485.4331	0.0000	0.4756
161	-0.0000	-514.5812	0.0000	0.4791
162	-0.0000	-533.7558	0.0000	0.4820
163	-0.0000	-444.0480	0.0000	0.4850
164	-0.0000	-501.7263	0.0000	0.4881
165	-0.0000	-471.7151	0.0000	0.4912
166	-0.0000	-482.2740	0.0000	0.4944
167	-0.0000	-454.0764	0.0000	0.4976
168	-0.0000	-459.7839	0.0000	0.5007
169	-0.0000	-497.2193	0.0000	0.5039
170	-0.0000	-480.9939	0.0000	0.5074
171	-0.0000	-457.9487	0.0000	0.5103
172	-0.0000	-458.8581	0.0000	0.5135
173	-0.0000	-461.9564	0.0000	0.5163
174	-0.0000	-473.0749	0.0000	0.5194
175	-0.0000	-484.7808	0.0000	0.5222
176	-0.0000	-517.4251	0.0000	0.5250
177	-0.0000	-478.4420	0.0000	0.5279
178	-0.0000	-494.8736	0.0000	0.5309
179	-0.0000	-483.7857	0.0000	0.5336
180	-0.0000	-494.5387	0.0000	0.5364
181	-0.0000	-475.4863	0.0000	0.5392
182	-0.0000	-476.5707	0.0000	0.5420
183	-0.0000	-468.8906	0.0000	0.5450
184	-0.0000	-486.0701	0.0000	0.5478
185	-0.0000	-478.0776	0.0000	0.5506
186	-0.0000	-488.5231	0.0000	0.5534
187	-0.0000	-475.5075	0.0000	0.5564
188	-0.0000	-447.9580	0.0000	0.5592
189	-0.0000	-480.6090	0.0000	0.5619
190	-0.0000	-494.7332	0.0000	0.5648
191	-0.0000	-443.0393	0.0000	0.5678
192	-0.0000	-460.0155	0.0000	0.5705
193	-0.0000	-456.1277	0.0000	0.5732
194	-0.0000	-432.0789	0.0000	0.5761
195	-0.0000	-448.7123	0.0000	0.5791
196	-0.0000	-473.5650	0.0000	0.5818
197	-0.0000	-446.6574	0.0000	0.5848
198	-0.0000	-438.2591	0.0000	0.5879
199	-0.0000	-442.5462	0.0000	0.5911
200	-0.0000	-442.9644	0.0000	0.5938
201	-0.0000	-438.4316	0.0000	0.5966
202	-0.0000	-453.1941	0.0000	0.6004
203	-0.0000	-479.6535	0.0000	0.6033
204	-0.0000	-466.8778	0.0000	0.6060
205	-0.0000	-420.4388	0.0000	0.6091
206	-0.0000	-448.9549	0.0000	0.6118
207	-0.0000	-463.2647	0.0000	0.6146
208	-0.0000	-458.6309	0.0000	0.6173
209	-0.0000	-438.3264	0.0000	0.6200
210	-0.0000	-470.0266	0.0000	0.6228
211	-0.0000	-468.1711	0.0000	0.6256
212	-0.0000	-460.1426	0.0000	0.6284
213	-0.0000	-430.9679	0.0000	0.6313
214	-0.0000	-465.4953	0.0000	0.6344
215	-0.0000	-447.4890	0.0000	0.6373
216	-0.0000	-455.4879	0.0000	0.6403
217	-0.0000	-467.8034	0.0000	0.6431
218	-0.0000	-469.6779	0.0000	0.6459
219	-0.0000	-432.8548	0.0000	0.6487
220	-0.0000	-423.3863	0.0000	0.6516
221	-0.0000	-471.8904	0.0000	0.6548
222	-0.0000	-469.8508	0.0000	0.6579
223	-0.0000	-443.1269	0.0000	0.6608
224	-0.0000	-443.4006	0.0000	0.6636
225	-0.0000	-440.5336	0.0000	0.6668
226	-0.0000	-488.9396	0.0000	0.6703
227	-0.0000	-432.0798	0.0000	0.6732
228	-0.0000	-442.7875	0.0000	0.6761
229	-0.0000	-452.3975	0.0000	0.6789
230	-0.0000	-447.4480	0.0000	0.6817
231	-0.0000	-446.5931	0.0000	0.6845
232	-0.0000	-449.4763	0.0000	0.6873
233	-0.0000	-435.9487	0.0000	0.6902
234	-0.0000	-461.0533	0.0000	0.6930
235	-0.0000	-486.0158	0.0000	0.6958
236	-0.0000	-446.0131	0.0000	0.6988
237	-0.0000	-474.4303	0.0000	0.7016
238	-0.0000	-419.0678	0.0000	0.7044
239	-0.0000	-459.1735	0.0000	0.7072
240	-0.0000	-476.6176	0.0000	0.7100
241	-0.0000	-457.3511	0.0000	0.7127
242	-0.0000	-453.7056	0.0000	0.7154
243	-0.0000	-470.4300	0.0000	0.7182
244	-0.0000	-473.2395	0.0000	0.7210
245	-0.0000	-476.5229	0.0000	0.7238
246	-0.0000	-480.2816	0.0000	0.7265
247	-0.0000	-488.5264	0.0000	0.7293
248	-0.0000	-483.1260	0.0000	0.7321
249	-0.0000	-483.2345	0.0000	0.7349
250	-0.0000	-505.3445	0.0000	0.7377
251	-0.0000	-484.0583	0.0000	0.7405
252	-0.0000	-508.9242	0.0000	0.7441
253	-0.0000	-695.3195	0.0000	0.7469
254	-0.0000	-704.0415	0.0000	0.7504
255	-0.0000	-691.8054	0.0000	0.7534
256	-0.0000	-643.1413	0.0000	0.7563
257	-0.0000	-616.1124	0.0000	0.7591
258	-0.0000	-579.0542	0.0000	0.7618
259	-0.0000	-621.9976	0.0000	0.7647
260	-0.0000	-621.5292	0.0000	0.7676
261	-0.0000	-575.6132	0.0000	0.7704
262	-0.0000	-544.2649	0.0000	0.7733
263	-0.0000	-544.6971	0.0000	0.7764
264	-0.0000	-515.8313	0.0000	0.7792
265	-0.0000	-553.5965	0.0000	0.7820
266	-0.0000	-588.4425	0.0000	0.7848
267	-0.0000	-512.2670	0.0000	0.7877
268	-0.0000	-531.5270	0.0000	0.7908
269	-0.0000	-520.9378	0.0000	0.7937
270	-0.0000	-531.9025	0.0000	0.7965
271	-0.0000	-495.5972	0.0000	0.7999
272	-0.0000	-503.8537	0.0000	0.8038
273	-0.0000	-511.8048	0.0000	0.8071
274	-0.0000	-555.0148	0.0000	0.8106
275	-0.0000	-507.0638	0.0000	0.8134
276	-0.0000	-506.2368	0.0000	0.8164
277	-0.0000	-550.4694	0.0000	0.8201
278	-0.0000	-539.6569	0.0000	0.8238
279	-0.0000	-538.3929	0.0000	0.8268
280	-0.0000	-560.0593	0.0000	0.8301
281	-0.0000	-526.9221	0.0000	0.8331
282	-0.0000	-532.5288	0.0000	0.8363
283	-0.0000	-503.6810	0.0000	0.8395
284	-0.0000	-496.9580	0.0000	0.8427
285	-0.0000	-505.3370	0.0000	0.8458
286	-0.0000	-506.6624	0.0000	0.8490
287	-0.0000	-512.2031	0.0000	0.8523
288	-0.0000	-529.5186	0.0000	0.8554
289	-0.0000	-509.9033	0.0000	0.8587
290	-0.0000	-464.6754	0.0000	0.8619
291	-0.0000	-519.0131	0.0000	0.8653
292	-0.0000	-476.7299	0.0000	0.8686
293	-0.0000	-487.0104	0.0000	0.8723
294	-0.0000	-476.8135	0.0000	0.8764
295	-0.0000	-473.3331	0.0000	0.8796
296	-0.0000	-481.6123	0.0000	0.8828
297	-0.0000	-457.3721	0.0000	0.8860
298	-0.0000	-435.8907	0.0000	0.8892
299	-0.0000	-436.7510	0.0000	0.8926
300	-0.0000	-478.5291	0.0000	0.8961
301	-0.0000	-470.3017	0.0000	0.8993
302	-0.0000	-474.9489	0.0000	0.9026
303	-0.0000	-438.2798	0.0000	0.9056
304	-0.0000	-463.1050	0.0000	0.9087
305	-0.0000	-453.2467	0.0000	0.9118
306	-0.0000	-453.7020	0.0000	0.9153
307	-0.0000	-491.6441	0.0000	0.9188
308	-0.0000	-478.1263	0.0000	0.9220
309	-0.0000	-429.5269	0.0000	0.9253
310	-0.0000	-471.6359	0.0000	0.9284
311	-0.0000	-480.3943	0.0000	0.9313
312	-0.0000	-431.3228	0.0000	0.9352
313	-0.0000	-487.4005	0.0000	0.9382
314	-0.0000	-457.5709	0.0000	0.9412
315	-0.0000	-466.2738	0.0000	0.9442
316	-0.0000	-472.2678	0.0000	0.9473
317	-0.0000	-518.3049	0.0000	0.9509
318	-0.0000	-479.2610	0.0000	0.9548
319	-0.0000	-498.0409	0.0000	0.9583
320	-0.0000	-501.0288	0.0000	0.9614
321	-0.0000	-495.8209	0.0000	0.9644
322	-0.0000	-492.2483	0.0000	0.9673
323	-0.0000	-494.8292	0.0000	0.9702
324	-0.0000	-561.0320	0.0000	0.9731
325	-0.0000	-533.9445	0.0000	0.9760
326	-0.0000	-495.9947	0.0000	0.9788
327	-0.0000	-480.3882	0.0000	0.9817
328	-0.0000	-525.3605	0.0000	0.9845
329	-0.0000	-573.4979	0.0000	0.9874
330	-0.0000	-532.5931	0.0000	0.9903
331	-0.0000	-519.5349	0.0000	0.9932
332	-0.0000	-546.8201	0.0000	0.9962
333	-0.0000	-490.6789	0.0000	0.9990
334	-0.0000	-533.3186	0.0000	1.0018
335	-0.0000	-511.8052	0.0000	1.0046
336	-0.0000	-498.1958	0.0000	1.0074
337	-0.0000	-521.8046	0.0000	1.0103
338	-0.0000	-482.7282	0.0000	1.0131
339	-0.0000	-525.3302	0.0000	1.0159
340	-0.0000	-514.0237	0.0000	1.0187
341	-0.0000	-500.5522	0.0000	1.0215
342	-0.0000	-496.4264	0.0000	1.0243
343	-0.0000	-490.2464	0.0000	1.0272
344	-0.0000	-460.6070	0.0000	1.0300
345	-0.0000	-472.0334	0.0000	1.0329
346	-0.0000	-465.5568	0.0000	1.0356
347	-0.0000	-485.5135	0.0000	1.0383
348	-0.0000	-493.2890	0.0000	1.0410
349	-0.0000	-458.5923	0.0000	1.0437
350	-0.0000	-451.6533	0.0000	1.0466
351	-0.0000	-447.2769	0.0000	1.0493
352	-0.0000	-480.1058	0.0000	1.0521
353	-0.0000	-448.2139	0.0000	1.0548
354	-0.0000	-449.6841	0.0000	1.0574
355	-0.0000	-447.6644	0.0000	1.0602
356	-0.0000	-468.4208	0.0000	1.0629
357	-0.0000	-452.3156	0.0000	1.0657
358	-0.0000	-452.5117	0.0000	1.0684
359	-0.0000	-451.5132	0.0000	1.0711
360	-0.0000	-471.6320	0.0000	1.0738
361	-0.0000	-476.5345	0.0000	1.0765
362	-0.0000	-465.6879	0.0000	1.0792
363	-0.0000	-466.9394	0.0000	1.0819
364	-0.0000	-456.1391	0.0000	1.0847
365	-0.0000	-458.2691	0.0000	1.0877
366	-0.0000	-482.4553	0.0000	1.0904
367	-0.0000	-455.8055	0.0000	1.0933
368	-0.0000	-468.0895	0.0000	1.0963
369	-0.0000	-480.3729	0.0000	1.0992
370	-0.0000	-493.7712	0.0000	1.1021
371	-0.0000	-477.1319	0.0000	1.1051
372	-0.0000	-497.1168	0.0000	1.1079
373	-0.0000	-467.2799	0.0000	1.1108
374	-0.0000	-459.5104	0.0000	1.1137
375	-0.0000	-442.2509	0.0000	1.1166
376	-0.0000	-456.9059	0.0000	1.1194
377	-0.0000	-468.8396	0.0000	1.1222
378	-0.0000	-456.4690	0.0000	1.1250
379	-0.0000	-449.2028	0.0000	1.1288
380	-0.0000	-669.2213	0.0000	1.1316
381	-0.0000	-602.4218	0.0000	1.1345
382	-0.0000	-582.2130	0.0000	1.1372
383	-0.0000	-574.5634	0.0000	1.1400
384	-0.0000	-595.2615	0.0000	1.1428
385	-0.0000	-624.5788	0.0000	1.1458
386	-0.0000	-589.0662	0.0000	1.1486
387	-0.0000	-572.6739	0.0000	1.1514
388	-0.0000	-582.3302	0.0000	1.1543
389	-0.0000	-546.9588	0.0000	1.1572
390	-0.0000	-590.0700	0.0000	1.1602
391	-0.0000	-566.9665	0.0000	1.1634
392	-0.0000	-566.0675	0.0000	1.1666
393	-0.0000	-553.1466	0.0000	1.1697
394	-0.0000	-533.8245	0.0000	1.1726
395	-0.0000	-540.1834	0.0000	1.1756
396	-0.0000	-528.2195	0.0000	1.1786
397	-0.0000	-506.9839	0.0000	1.1818
398	-0.0000	-497.0698	0.0000	1.1846
399	-0.0000	-486.3071	0.0000	1.1879
400	-0.0000	-486.9236	0.0000	1.1908
401	-0.0000	-511.8828	0.0000	1.1937
402	-0.0000	-537.4810	0.0000	1.1968
403	-0.0000	-520.8618	0.0000	1.1997
404	-0.0000	-513.4469	0.0000	1.2027
405	-0.0000	-547.8202	0.0000	1.2054
406	-0.0000	-514.2308	0.0000	1.2084
407	-0.0000	-491.4401	0.0000	1.2114
408	-0.0000	-499.7666	0.0000	1.2144
409	-0.0000	-485.9664	0.0000	1.2174
410	-0.0000	-515.0441	0.0000	1.2203
411	-0.0000	-499.1986	0.0000	1.2234
412	-0.0000	-478.6869	0.0000	1.2264
413	-0.0000	-474.0748	0.0000	1.2291
414	-0.0000	-471.0758	0.0000	1.2321
415	-0.0000	-495.6600	0.0000	1.2352
416	-0.0000	-495.0452	0.0000	1.2382
417	-0.0000	-501.3914	0.0000	1.2411
418	-0.0000	-508.1739	0.0000	1.2444
419	-0.0000	-482.4170	0.0000	1.2474
420	-0.0000	-488.2468	0.0000	1.2504
421	-0.0000	-470.1137	0.0000	1.2536
422	-0.0000	-458.4559	0.0000	1.2565
423	-0.0000	-511.7097	0.0000	1.2594
424	-0.0000	-497.2390	0.0000	1.2625
425	-0.0000	-478.9237	0.0000	1.2655
426	-0.0000	-477.8563	0.0000	1.2686
427	-0.0000	-461.2712	0.0000	1.2714
428	-0.0000	-477.1261	0.0000	1.2744
429	-0.0000	-497.8199	0.0000	1.2771
430	-0.0000	-463.8963	0.0000	1.2801
431	-0.0000	-516.7665	0.0000	1.2831
432	-0.0000	-504.8817	0.0000	1.2861
433	-0.0000	-480.4251	0.0000	1.2894
434	-0.0000	-463.4680	0.0000	1.2922
435	-0.0000	-468.9111	0.0000	1.2950
436	-0.0000	-474.4950	0.0000	1.2978
437	-0.0000	-451.8493	0.0000	1.3007
438	-0.0000	-468.9139	0.0000	1.3038
439	-0.0000	-466.2780	0.0000	1.3072
440	-0.0000	-476.4572	0.0000	1.3104
441	-0.0000	-464.2355	0.0000	1.3136
442	-0.0000	-472.2071	0.0000	1.3169
443	-0.0000	-458.0066	0.0000	1.3200
444	-0.0000	-445.3610	0.0000	1.3237
445	-0.0000	-470.7365	0.0000	1.3282
446	-0.0000	-456.6084	0.0000	1.3323
447	-0.0000	-476.3754	0.0000	1.3356
448	-0.0000	-507.9472	0.0000	1.3395
449	-0.0000	-497.5454	0.0000	1.3438
450	-0.0000	-469.6988	0.0000	1.3480
451	-0.0000	-499.8264	0.0000	1.3509
452	-0.0000	-453.7144	0.0000	1.3538
453	-0.0000	-446.5648	0.0000	1.3572
454	-0.0000	-454.9156	0.0000	1.3604
455	-0.0000	-441.0366	0.0000	1.3634
456	-0.0000	-486.1374	0.0000	1.3666
457	-0.0000	-449.9641	0.0000	1.3694
458	-0.0000	-496.1574	0.0000	1.3721
459	-0.0000	-484.2306	0.0000	1.3748
460	-0.0000	-452.2863	0.0000	1.3775
461	-0.0000	-474.3671	0.0000	1.3802
462	-0.0000	-463.9082	0.0000	1.3829
463	-0.0000	-467.3060	0.0000	1.3856
464	-0.0000	-455.0647	0.0000	1.3885
465	-0.0000	-438.0020	0.0000	1.3912
466	-0.0000	-458.0594	0.0000	1.3939
467	-0.0000	-457.6811	0.0000	1.3967
468	-0.0000	-451.0066	0.0000	1.3994
469	-0.0000	-465.7761	0.0000	1.4022
470	-0.0000	-465.1902	0.0000	1.4049
471	-0.0000	-468.1098	0.0000	1.4079
472	-0.0000	-477.8704	0.0000	1.4109
473	-0.0000	-471.9496	0.0000	1.4137
474	-0.0000	-469.3691	0.0000	1.4164
475	-0.0000	-458.1574	0.0000	1.4191
476	-0.0000	-478.0317	0.0000	1.4218
477	-0.0000	-470.4062	0.0000	1.4251
478	-0.0000	-486.6394	0.0000	1.4283
479	-0.0000	-482.3615	0.0000	1.4314
480	-0.0000	-473.0732	0.0000	1.4342
481	-0.0000	-437.3208	0.0000	1.4368
482	-0.0000	-518.1273	0.0000	1.4396
483	-0.0000	-473.4092	0.0000	1.4421
484	-0.0000	-465.5645	0.0000	1.4447
485	-0.0000	-490.0598	0.0000	1.4473
486	-0.0000	-492.8458	0.0000	1.4500
487	-0.0000	-477.0961	0.0000	1.4526
488	-0.0000	-489.0400	0.0000	1.4552
489	-0.0000	-519.3734	0.0000	1.4578
490	-0.0000	-500.9110	0.0000	1.4604
491	-0.0000	-484.5621	0.0000	1.4629
492	-0.0000	-496.7102	0.0000	1.4654
493	-0.0000	-479.6197	0.0000	1.4680
494	-0.0000	-499.1112	0.0000	1.4706
495	-0.0000	-499.5314	0.0000	1.4732
496	-0.0000	-469.2835	0.0000	1.4758
497	-0.0000	-480.1358	0.0000	1.4784
498	-0.0000	-450.2167	0.0000	1.4810
499	-0.0000	-498.0664	0.0000	1.4835
500	-0.0000	-456.8642	0.0000	1.4860
501	-0.0000	-437.6840	0.0000	1.4885
502	-0.0000	-452.4646	0.0000	1.4911
503	-0.0000	-435.0120	0.0000	1.4936
504	-0.0000	-431.3684	0.0000	1.4964
505	-0.0000	-468.8280	0.0000	1.4990
506	-0.0000	-476.9187	0.0000	1.5026
507	-0.0000	-548.7268	0.0000	1.5054
508	-0.0000	-604.7879	0.0000	1.5082
509	-0.0000	-562.8986	0.0000	1.5110
510	-0.0000	-545.7570	0.0000	1.5136
511	-0.0000	-607.3105	0.0000	1.5161
512	-0.0000	-526.5047	0.0000	1.5187
513	-0.0000	-537.6085	0.0000	1.5213
514	-0.0000	-541.6197	0.0000	1.5238
515	-0.0000	-519.1780	0.0000	1.5264
516	-0.0000	-525.7101	0.0000	1.5290
517	-0.0000	-531.0673	0.0000	1.5315
518	-0.0000	-524.1355	0.0000	1.5341
519	-0.0000	-527.5897	0.0000	1.5368
520	-0.0000	-549.9129	0.0000	1.5393
521	-0.0000	-515.1095	0.0000	1.5419
522	-0.0000	-508.3241	0.0000	1.5446
523	-0.0000	-498.1753	0.0000	1.5473
524	-0.0000	-495.4440	0.0000	1.5500
525	-0.0000	-494.3071	0.0000	1.5525
526	-0.0000	-520.4283	0.0000	1.5551
527	-0.0000	-505.2963	0.0000	1.5582
528	-0.0000	-488.8805	0.0000	1.5608
529	-0.0000	-494.6473	0.0000	1.5635
530	-0.0000	-490.0355	0.0000	1.5663
531	-0.0000	-470.4000	0.0000	1.5689
532	-0.0000	-535.0804	0.0000	1.5716
533	-0.0000	-481.9562	0.0000	1.5742
534	-0.0000	-480.6223	0.0000	1.5768
535	-0.0000	-488.0866	0.0000	1.5795
536	-0.0000	-500.0682	0.0000	1.5820
537	-0.0000	-451.8669	0.0000	1.5848
538	-0.0000	-509.7046	0.0000	1.5876
539	-0.0000	-472.7845	0.0000	1.5908
540	-0.0000	-478.0573	0.0000	1.5934
541	-0.0000	-497.4365	0.0000	1.5961
542	-0.0000	-470.9464	0.0000	1.5987
543	-0.0000	-480.0734	0.0000	1.6013
544	-0.0000	-470.1767	0.0000	1.6039
545	-0.0000	-463.6731	0.0000	1.6067
546	-0.0000	-475.9318	0.0000	1.6093
547	-0.0000	-557.4204	0.0000	1.6119
548	-0.0000	-546.6557	0.0000	1.6147
549	-0.0000	-509.9304	0.0000	1.6173
550	-0.0000	-506.3729	0.0000	1.6200
551	-0.0000	-506.5048	0.0000	1.6226
552	-0.0000	-515.7518	0.0000	1.6253
553	-0.0000	-529.2814	0.0000	1.6281
554	-0.0000	-501.5838	0.0000	1.6308
555	-0.0000	-527.4710	0.0000	1.6333
556	-0.0000	-487.1732	0.0000	1.6360
557	-0.0000	-498.4579	0.0000	1.6390
558	-0.0000	-526.0287	0.0000	1.6417
559	-0.0000	-497.8434	0.0000	1.6444
560	-0.0000	-493.2057	0.0000	1.6471
561	-0.0000	-502.3061	0.0000	1.6498
562	-0.0000	-509.2981	0.0000	1.6525
563	-0.0000	-531.1630	0.0000	1.6552
564	-0.0000	-493.0767	0.0000	1.6579
565	-0.0000	-518.2144	0.0000	1.6606
566	-0.0000	-488.8399	0.0000	1.6640
567	-0.0000	-486.8139	0.0000	1.6672
568	-0.0000	-460.2002	0.0000	1.6708
569	-0.0000	-497.3333	0.0000	1.6740
570	-0.0000	-466.3380	0.0000	1.6770
571	-0.0000	-475.9657	0.0000	1.6799
572	-0.0000	-496.8410	0.0000	1.6829
573	-0.0000	-485.1242	0.0000	1.6859
574	-0.0000	-472.6418	0.0000	1.6889
575	-0.0000	-482.4934	0.0000	1.6920
576	-0.0000	-522.9927	0.0000	1.6949
577	-0.0000	-468.8656	0.0000	1.6979
578	-0.0000	-450.2880	0.0000	1.7009
579	-0.0000	-465.1901	0.0000	1.7037
580	-0.0000	-499.6629	0.0000	1.7065
581	-0.0000	-496.2444	0.0000	1.7094
582	-0.0000	-489.8117	0.0000	1.7122
583	-0.0000	-464.6023	0.0000	1.7151
584	-0.0000	-474.4698	0.0000	1.7180
585	-0.0000	-470.3333	0.0000	1.7210
586	-0.0000	-542.8933	0.0000	1.7237
587	-0.0000	-487.2683	0.0000	1.7265
588	-0.0000	-500.0959	0.0000	1.7296
589	-0.0000	-537.4565	0.0000	1.7324
590	-0.0000	-528.0851	0.0000	1.7351
591	-0.0000	-506.4692	0.0000	1.7379
592	-0.0000	-481.8868	0.0000	1.7407
593	-0.0000	-515.3365	0.0000	1.7435
594	-0.0000	-517.2487	0.0000	1.7464
595	-0.0000	-505.5142	0.0000	1.7500
596	-0.0000	-520.3888	0.0000	1.7535
597	-0.0000	-456.7141	0.0000	1.7563
598	-0.0000	-476.0090	0.0000	1.7591
599	-0.0000	-497.1741	0.0000	1.7619
600	-0.0000	-462.7904	0.0000	1.7647
601	-0.0000	-489.0280	0.0000	1.7676
602	-0.0000	-499.2240	0.0000	1.7711
603	-0.0000	-479.2651	0.0000	1.7748
604	-0.0000	-496.5299	0.0000	1.7777
605	-0.0000	-488.2876	0.0000	1.7811
606	-0.0000	-463.5074	0.0000	1.7850
607	-0.0000	-518.6677	0.0000	1.7880
608	-0.0000	-487.7267	0.0000	1.7908
609	-0.0000	-458.7554	0.0000	1.7935
610	-0.0000	-505.3058	0.0000	1.7961
611	-0.0000	-476.9151	0.0000	1.7988
612	-0.0000	-464.6357	0.0000	1.8016
613	-0.0000	-482.6791	0.0000	1.8042
614	-0.0000	-498.8537	0.0000	1.8069
615	-0.0000	-506.4178	0.0000	1.8095
616	-0.0000	-484.0291	0.0000	1.8121
617	-0.0000	-510.3994	0.0000	1.8149
618	-0.0000	-524.0398	0.0000	1.8179
619	-0.0000	-521.4586	0.0000	1.8208
620	-0.0000	-506.1525	0.0000	1.8236
621	-0.0000	-492.1305	0.0000	1.8269
622	-0.0000	-519.7519	0.0000	1.8299
623	-0.0000	-501.0779	0.0000	1.8326
624	-0.0000	-528.2166	0.0000	1.8355
625	-0.0000	-497.1233	0.0000	1.8385
626	-0.0000	-518.7464	0.0000	1.8417
627	-0.0000	-506.3527	0.0000	1.8446
628	-0.0000	-461.2186	0.0000	1.8476
629	-0.0000	-505.5049	0.0000	1.8505
630	-0.0000	-512.5237	0.0000	1.8535
631	-0.0000	-501.6922	0.0000	1.8566
632	-0.0000	-472.8021	0.0000	1.8597
633	-0.0000	-476.9858	0.0000	1.8640
634	-0.0000	-530.1510	0.0000	1.8670
635	-0.0000	-596.4609	0.0000	1.8698
636	-0.0000	-600.7061	0.0000	1.8730
637	-0.0000	-583.2381	0.0000	1.8760
638	-0.0000	-570.7823	0.0000	1.8790
639	-0.0000	-561.1952	0.0000	1.8821
640	-0.0000	-553.2198	0.0000	1.8851
641	-0.0000	-544.1637	0.0000	1.8880
642	-0.0000	-563.7157	0.0000	1.8910
643	-0.0000	-520.8608	0.0000	1.8940
644	-0.0000	-564.8698	0.0000	1.8972
645	-0.0000	-532.7038	0.0000	1.9000
646	-0.0000	-533.9741	0.0000	1.9029
647	-0.0000	-550.0019	0.0000	1.9059
648	-0.0000	-508.0852	0.0000	1.9087
649	-0.0000	-505.9477	0.0000	1.9118
650	-0.0000	-522.6134	0.0000	1.9148
651	-0.0000	-539.3038	0.0000	1.9180
652	-0.0000	-501.3471	0.0000	1.9208
653	-0.0000	-502.3713	0.0000	1.9240
654	-0.0000	-532.9076	0.0000	1.9268
655	-0.0000	-496.8883	0.0000	1.9297
656	-0.0000	-492.0686	0.0000	1.9324
657	-0.0000	-530.1166	0.0000	1.9351
658	-0.0000	-525.5063	0.0000	1.9378
659	-0.0000	-553.2601	0.0000	1.9408
660	-0.0000	-525.4280	0.0000	1.9437
661	-0.0000	-501.8579	0.0000	1.9466
662	-0.0000	-522.9359	0.0000	1.9497
663	-0.0000	-530.0811	0.0000	1.9526
664	-0.0000	-519.7312	0.0000	1.9556
665	-0.0000	-574.7436	0.0000	1.9586
666	-0.0000	-494.3012	0.0000	1.9614
667	-0.0000	-529.7344	0.0000	1.9644
668	-0.0000	-521.1102	0.0000	1.9676
669	-0.0000	-529.2284	0.0000	1.9705
670	-0.0000	-523.1923	0.0000	1.9737
671	-0.0000	-520.0633	0.0000	1.9769
672	-0.0000	-500.1975	0.0000	1.9800
673	-0.0000	-563.7584	0.0000	1.9833
674	-0.0000	-577.5645	0.0000	1.9863
675	-0.0000	-539.1311	0.0000	1.9894
676	-0.0000	-557.0659	0.0000	1.9923
677	-0.0000	-541.8431	0.0000	1.9951
678	-0.0000	-575.7053	0.0000	1.9980
679	-0.0000	-557.5510	0.0000	2.0011
680	-0.0000	-530.8609	0.0000	2.0040
681	-0.0000	-544.1240	0.0000	2.0073
682	-0.0000	-541.0702	0.0000	2.0101
683	-0.0000	-532.0894	0.0000	2.0131
684	-0.0000	-548.6508	0.0000	2.0160
685	-0.0000	-554.0126	0.0000	2.0188
686	-0.0000	-536.6375	0.0000	2.0216
687	-0.0000	-522.2692	0.0000	2.0244
688	-0.0000	-547.0052	0.0000	2.0277
689	-0.0000	-588.5243	0.0000	2.0306
690	-0.0000	-549.3088	0.0000	2.0336
691	-0.0000	-538.1850	0.0000	2.0369
692	-0.0000	-577.4309	0.0000	2.0404
693	-0.0000	-547.2851	0.0000	2.0436
694	-0.0000	-546.2460	0.0000	2.0471
695	-0.0000	-544.5803	0.0000	2.0508
696	-0.0000	-529.8885	0.0000	2.0542
697	-0.0000	-554.2475	0.0000	2.0576
698	-0.0000	-549.0796	0.0000	2.0609
699	-0.0000	-550.1453	0.0000	2.0642
700	-0.0000	-564.7987	0.0000	2.0681
701	-0.0000	-535.2135	0.0000	2.0722
702	-0.0000	-527.1057	0.0000	2.0763
703	-0.0000	-526.9358	0.0000	2.0804
704	-0.0000	-515.4573	0.0000	2.0845
705	-0.0000	-534.3575	0.0000	2.0885
706	-0.0000	-530.3314	0.0000	2.0926
707	-0.0000	-508.6897	0.0000	2.0965
708	-0.0000	-573.2189	0.0000	2.1007
709	-0.0000	-566.5873	0.0000	2.1041
710	-0.0000	-541.3091	0.0000	2.1075
711	-0.0000	-574.0601	0.0000	2.1110
712	-0.0000	-539.3684	0.0000	2.1144
713	-0.0000	-531.6319	0.0000	2.1176
714	-0.0000	-556.2766	0.0000	2.1208
715	-0.0000	-522.8128	0.0000	2.1243
716	-0.0000	-524.9588	0.0000	2.1277
717	-0.0000	-516.0148	0.0000	2.1309
718	-0.0000	-496.6520	0.0000	2.1343
719	-0.0000	-512.7232	0.0000	2.1378
720	-0.0000	-511.7726	0.0000	2.1410
721	-0.0000	-587.2199	0.0000	2.1449
722	-0.0000	-539.1523	0.0000	2.1484
723	-0.0000	-576.6389	0.0000	2.1518
724	-0.0000	-600.3093	0.0000	2.1554
725	-0.0000	-581.6095	0.0000	2.1588
726	-0.0000	-513.5353	0.0000	2.1619
727	-0.0000	-501.7892	0.0000	2.1653
728	-0.0000	-557.7682	0.0000	2.1690
729	-0.0000	-586.5370	0.0000	2.1721
730	-0.0000	-539.3449	0.0000	2.1754
731	-0.0000	-553.4209	0.0000	2.1785
732	-0.0000	-562.5990	0.0000	2.1817
733	-0.0000	-579.7966	0.0000	2.1851
734	-0.0000	-595.9543	0.0000	2.1880
735	-0.0000	-527.9978	0.0000	2.1911
736	-0.0000	-492.6378	0.0000	2.1941
737	-0.0000	-506.4905	0.0000	2.1972
738	-0.0000	-518.2374	0.0000	2.2002
739	-0.0000	-556.3653	0.0000	2.2034
740	-0.0000	-505.6033	0.0000	2.2065
741	-0.0000	-523.6711	0.0000	2.2096
742	-0.0000	-536.9627	0.0000	2.2125
743	-0.0000	-534.5701	0.0000	2.2156
744	-0.0000	-507.8861	0.0000	2.2186
745	-0.0000	-544.5920	0.0000	2.2215
746	-0.0000	-528.1029	0.0000	2.2243
747	-0.0000	-540.7811	0.0000	2.2278
748	-0.0000	-530.2587	0.0000	2.2313
749	-0.0000	-568.6531	0.0000	2.2343
750	-0.0000	-580.0453	0.0000	2.2374
751	-0.0000	-572.7307	0.0000	2.2401
752	-0.0000	-563.6784	0.0000	2.2430
753	-0.0000	-596.0091	0.0000	2.2461
754	-0.0000	-577.9476	0.0000	2.2488
755	-0.0000	-611.7621	0.0000	2.2516
756	-0.0000	-538.0962	0.0000	2.2545
757	-0.0000	-590.1200	0.0000	2.2572
758	-0.0000	-550.7486	0.0000	2.2608
759	-0.0000	-541.2621	0.0000	2.2637
760	-0.0000	-512.4892	0.0000	2.2677
761	-0.0000	-693.1462	0.0000	2.2706
762	-0.0000	-605.5449	0.0000	2.2736
763	-0.0000	-623.4222	0.0000	2.2766
764	-0.0000	-634.1043	0.0000	2.2794
765	-0.0000	-600.1817	0.0000	2.2822
766	-0.0000	-598.4700	0.0000	2.2852
767	-0.0000	-605.2850	0.0000	2.2880
768	-0.0000	-615.8992	0.0000	2.2908
769	-0.0000	-584.8254	0.0000	2.2938
770	-0.0000	-584.7233	0.0000	2.2966
771	-0.0000	-601.5085	0.0000	2.2995
772	-0.0000	-600.2122	0.0000	2.3023
773	-0.0000	-601.7599	0.0000	2.3059
774	-0.0000	-612.4407	0.0000	2.3091
775	-0.0000	-572.9991	0.0000	2.3126
776	-0.0000	-597.7887	0.0000	2.3159
777	-0.0000	-560.5684	0.0000	2.3188
778	-0.0000	-567.6123	0.0000	2.3218
779	-0.0000	-572.0616	0.0000	2.3251
780	-0.0000	-562.7270	0.0000	2.3281
781	-0.0000	-582.1915	0.0000	2.3313
782	-0.0000	-599.7381	0.0000	2.3343
783	-0.0000	-587.0324	0.0000	2.3373
784	-0.0000	-577.5141	0.0000	2.3402
785	-0.0000	-557.9715	0.0000	2.3441
786	-0.0000	-547.2809	0.0000	2.3474
787	-0.0000	-552.4717	0.0000	2.3502
788	-0.0000	-533.9289	0.0000	2.3531
789	-0.0000	-491.0697	0.0000	2.3560
790	-0.0000	-540.3870	0.0000	2.3588
791	-0.0000	-522.1062	0.0000	2.3620
792	-0.0000	-556.5262	0.0000	2.3651
793	-0.0000	-561.1427	0.0000	2.3680
794	-0.0000	-546.5419	0.0000	2.3709
795	-0.0000	-531.2512	0.0000	2.3740
796	-0.0000	-542.7057	0.0000	2.3772
797	-0.0000	-504.1430	0.0000	2.3802
798	-0.0000	-529.9823	0.0000	2.3835
799	-0.0000	-521.2242	0.0000	2.3863
800	-0.0000	-549.7929	0.0000	2.3891
801	-0.0000	-499.3162	0.0000	2.3924
802	-0.0000	-558.6702	0.0000	2.3964
803	-0.0000	-534.8159	0.0000	2.3993
804	-0.0000	-523.3589	0.0000	2.4023
805	-0.0000	-535.5203	0.0000	2.4051
806	-0.0000	-542.0779	0.0000	2.4080
807	-0.0000	-587.2629	0.0000	2.4113
808	-0.0000	-516.0259	0.0000	2.4144
809	-0.0000	-523.2582	0.0000	2.4172
810	-0.0000	-563.3408	0.0000	2.4199
811	-0.0000	-539.3503	0.0000	2.4228
812	-0.0000	-515.2410	0.0000	2.4257
813	-0.0000	-524.1041	0.0000	2.4286
814	-0.0000	-536.8324	0.0000	2.4314
815	-0.0000	-519.2153	0.0000	2.4343
816	-0.0000	-554.5302	0.0000	2.4374
817	-0.0000	-537.7226	0.0000	2.4404
818	-0.0000	-515.8979	0.0000	2.4433
819	-0.0000	-507.7080	0.0000	2.4464
820	-0.0000	-532.9827	0.0000	2.4493
821	-0.0000	-532.5860	0.0000	2.4522
822	-0.0000	-508.4670	0.0000	2.4552
823	-0.0000	-548.2438	0.0000	2.4582
824	-0.0000	-512.3517	0.0000	2.4615
825	-0.0000	-550.0212	0.0000	2.4644
826	-0.0000	-556.1792	0.0000	2.4672
827	-0.0000	-550.0180	0.0000	2.4703
828	-0.0000	-496.8960	0.0000	2.4735
829	-0.0000	-503.8216	0.0000	2.4767
830	-0.0000	-509.0289	0.0000	2.4800
831	-0.0000	-569.1002	0.0000	2.4830
832	-0.0000	-544.4022	0.0000	2.4859
833	-0.0000	-559.4237	0.0000	2.4889
834	-0.0000	-496.2079	0.0000	2.4918
835	-0.0000	-541.0290	0.0000	2.4950
836	-0.0000	-541.9986	0.0000	2.4982
837	-0.0000	-518.6795	0.0000	2.5012
838	-0.0000	-532.6813	0.0000	2.5045
839	-0.0000	-515.9129	0.0000	2.5083
840	-0.0000	-501.3387	0.0000	2.5115
841	-0.0000	-515.7250	0.0000	2.5148
842	-0.0000	-506.6623	0.0000	2.5183
843	-0.0000	-523.6648	0.0000	2.5215
844	-0.0000	-494.5533	0.0000	2.5249
845	-0.0000	-466.9228	0.0000	2.5283
846	-0.0000	-464.8949	0.0000	2.5325
847	-0.0000	-520.9332	0.0000	2.5359
848	-0.0000	-522.7566	0.0000	2.5398
849	-0.0000	-540.8985	0.0000	2.5437
850	-0.0000	-508.3925	0.0000	2.5473
851	-0.0000	-531.5642	0.0000	2.5507
852	-0.0000	-529.8824	0.0000	2.5544
853	-0.0000	-526.6816	0.0000	2.5581
854	-0.0000	-551.3922	0.0000	2.5616
855	-0.0000	-577.1518	0.0000	2.5647
856	-0.0000	-558.0592	0.0000	2.5679
857	-0.0000	-543.6204	0.0000	2.5712
858	-0.0000	-562.0783	0.0000	2.5744
859	-0.0000	-505.3306	0.0000	2.5774
860	-0.0000	-573.2856	0.0000	2.5804
861	-0.0000	-551.3622	0.0000	2.5840
862	-0.0000	-557.7905	0.0000	2.5871
863	-0.0000	-516.5046	0.0000	2.5913
864	-0.0000	-545.9528	0.0000	2.5946
865	-0.0000	-550.2584	0.0000	2.5979
866	-0.0000	-520.8479	0.0000	2.6009
867	-0.0000	-532.3888	0.0000	2.6042
868	-0.0000	-532.9599	0.0000	2.6073
869	-0.0000	-563.8889	0.0000	2.6104
870	-0.0000	-591.0649	0.0000	2.6137
871	-0.0000	-554.0094	0.0000	2.6169
872	-0.0000	-593.7995	0.0000	2.6200
873	-0.0000	-590.1537	0.0000	2.6233
874	-0.0000	-567.6813	0.0000	2.6267
875	-0.0000	-550.5639	0.0000	2.6308
876	-0.0000	-576.8878	0.0000	2.6346
877	-0.0000	-628.5626	0.0000	2.6376
878	-0.0000	-587.4020	0.0000	2.6405
879	-0.0000	-568.5748	0.0000	2.6434
880	-0.0000	-571.9663	0.0000	2.6463
881	-0.0000	-576.0578	0.0000	2.6491
882	-0.0000	-548.2813	0.0000	2.6519
883	-0.0000	-596.1935	0.0000	2.6549
884	-0.0000	-544.1207	0.0000	2.6578
885	-0.0000	-542.7193	0.0000	2.6606
886	-0.0000	-535.9781	0.0000	2.6634
887	-0.0000	-549.6879	0.0000	2.6676
888	-0.0000	-583.4540	0.0000	2.6706
889	-0.0000	-586.7271	0.0000	2.6734
890	-0.0000	-559.5390	0.0000	2.6763
891	-0.0000	-569.2228	0.0000	2.6792
892	-0.0000	-545.2593	0.0000	2.6821
893	-0.0000	-544.8366	0.0000	2.6852
894	-0.0000	-550.0980	0.0000	2.6882
895	-0.0000	-529.2801	0.0000	2.6911
896	-0.0000	-540.6209	0.0000	2.6941
897	-0.0000	-526.3376	0.0000	2.6972
898	-0.0000	-544.7026	0.0000	2.7004
899	-0.0000	-547.4655	0.0000	2.7035
900	-0.0000	-516.1498	0.0000	2.7064
901	-0.0000	-520.7560	0.0000	2.7093
902	-0.0000	-518.9880	0.0000	2.7125
903	-0.0000	-505.3987	0.0000	2.7153
904	-0.0000	-516.6815	0.0000	2.7184
905	-0.0000	-520.0930	0.0000	2.7216
906	-0.0000	-524.3094	0.0000	2.7244
907	-0.0000	-523.0177	0.0000	2.7273
908	-0.0000	-515.5759	0.0000	2.7302
909	-0.0000	-533.4000	0.0000	2.7332
910	-0.0000	-513.4072	0.0000	2.7360
911	-0.0000	-539.4401	0.0000	2.7393
912	-0.0000	-521.6227	0.0000	2.7427
913	-0.0000	-500.9495	0.0000	2.7456
914	-0.0000	-490.8203	0.0000	2.7483
915	-0.0000	-507.1668	0.0000	2.7521
916	-0.0000	-504.7710	0.0000	2.7551
917	-0.0000	-517.1589	0.0000	2.7580
918	-0.0000	-480.3006	0.0000	2.7615
919	-0.0000	-490.2867	0.0000	2.7642
920	-0.0000	-490.1041	0.0000	2.7670
921	-0.0000	-525.6791	0.0000	2.7699
922	-0.0000	-482.9949	0.0000	2.7728
923	-0.0000	-503.2382	0.0000	2.7756
924	-0.0000	-533.1265	0.0000	2.7786
925	-0.0000	-504.9051	0.0000	2.7818
926	-0.0000	-495.8238	0.0000	2.7849
927	-0.0000	-533.2424	0.0000	2.7879
928	-0.0000	-474.9628	0.0000	2.7912
929	-0.0000	-477.7500	0.0000	2.7946
930	-0.0000	-490.1161	0.0000	2.7977
931	-0.0000	-452.6780	0.0000	2.8008
932	-0.0000	-473.1589	0.0000	2.8040
933	-0.0000	-487.1777	0.0000	2.8069
934	-0.0000	-470.4023	0.0000	2.8099
935	-0.0000	-536.4313	0.0000	2.8132
936	-0.0000	-496.9577	0.0000	2.8161
937	-0.0000	-490.3379	0.0000	2.8191
938	-0.0000	-514.2406	0.0000	2.8225
939	-0.0000	-537.6652	0.0000	2.8254
940	-0.0000	-491.8403	0.0000	2.8283
941	-0.0000	-514.7087	0.0000	2.8312
942	-0.0000	-517.4826	0.0000	2.8349
943	-0.0000	-510.0488	0.0000	2.8379
944	-0.0000	-517.2946	0.0000	2.8411
945	-0.0000	-500.3280	0.0000	2.8439
946	-0.0000	-471.8569	0.0000	2.8470
947	-0.0000	-491.3950	0.0000	2.8497
948	-0.0000	-468.1068	0.0000	2.8527
949	-0.0000	-484.4645	0.0000	2.8556
950	-0.0000	-508.7671	0.0000	2.8583
951	-0.0000	-459.8727	0.0000	2.8611
952	-0.0000	-470.6649	0.0000	2.8639
953	-0.0000	-456.4273	0.0000	2.8668
954	-0.0000	-504.1290	0.0000	2.8698
955	-0.0000	-470.2245	0.0000	2.8726
956	-0.0000	-475.0487	0.0000	2.8755
957	-0.0000	-476.8486	0.0000	2.8783
958	-0.0000	-483.6333	0.0000	2.8819
959	-0.0000	-523.2930	0.0000	2.8848
960	-0.0000	-505.7863	0.0000	2.8877
961	-0.0000	-526.0468	0.0000	2.8905
962	-0.0000	-525.9631	0.0000	2.8935
963	-0.0000	-532.9813	0.0000	2.8965
964	-0.0000	-564.7318	0.0000	2.8993
965	-0.0000	-530.5387	0.0000	2.9022
966	-0.0000	-496.4879	0.0000	2.9054
967	-0.0000	-517.2156	0.0000	2.9083
968	-0.0000	-589.6923	0.0000	2.9112
969	-0.0000	-521.9562	0.0000	2.9143
970	-0.0000	-525.8274	0.0000	2.9174
971	-0.0000	-526.2999	0.0000	2.9207
972	-0.0000	-522.3494	0.0000	2.9236
973	-0.0000	-516.6210	0.0000	2.9266
974	-0.0000	-506.6805	0.0000	2.9296
975	-0.0000	-525.8637	0.0000	2.9330
976	-0.0000	-512.8001	0.0000	2.9362
977	-0.0000	-551.0014	0.0000	2.9392
978	-0.0000	-548.9541	0.0000	2.9422
979	-0.0000	-502.6126	0.0000	2.9452
980	-0.0000	-564.0216	0.0000	2.9483
981	-0.0000	-530.6250	0.0000	2.9515
982	-0.0000	-549.6448	0.0000	2.9546
983	-0.0000	-532.3624	0.0000	2.9574
984	-0.0000	-520.3481	0.0000	2.9605
985	-0.0000	-561.8186	0.0000	2.9640
986	-0.0000	-515.0463	0.0000	2.9670
987	-0.0000	-537.5903	0.0000	2.9704
988	-0.0000	-529.2161	0.0000	2.9739
989	-0.0000	-537.7393	0.0000	2.9776
990	-0.0000	-534.0475	0.0000	2.9814
991	-0.0000	-540.7511	0.0000	2.9850
992	-0.0000	-532.9144	0.0000	2.9884
993	-0.0000	-539.6238	0.0000	2.9929
994	-0.0000	-528.0037	0.0000	2.9964
995	-0.0000	-549.8945	0.0000	3.0003
996	-0.0000	-552.4729	0.0000	3.0036
997	-0.0000	-548.4992	0.0000	3.0073
998	-0.0000	-530.1048	0.0000	3.0116
999	-0.0000	-625.6702	0.0000	3.0150
1000	-0.0000	-593.2135	0.0000	3.0183
1001	-0.0000	-596.6990	0.0000	3.0219
1002	-0.0000	-552.2991	0.0000	3.0253
1003	-0.0000	-591.4597	0.0000	3.0287
1004	-0.0000	-610.0350	0.0000	3.0320
1005	-0.0000	-581.9328	0.0000	3.0351
1006	-0.0000	-599.5232	0.0000	3.0383
1007	-0.0000	-582.6571	0.0000	3.0415
1008	-0.0000	-622.1804	0.0000	3.0447
1009	-0.0000	-577.0378	0.0000	3.0481
1010	-0.0000	-573.9431	0.0000	3.0512
1011	-0.0000	-549.8757	0.0000	3.0542
1012	-0.0000	-575.4671	0.0000	3.0572
1013	-0.0000	-531.7697	0.0000	3.0603
1014	-0.0000	-537.5041	0.0000	3.0648
1015	-0.0000	-617.5770	0.0000	3.0679
1016	-0.0000	-577.8753	0.0000	3.0709
1017	-0.0000	-622.8309	0.0000	3.0739
1018	-0.0000	-547.7251	0.0000	3.0769
1019	-0.0000	-554.2644	0.0000	3.0799
1020	-0.0000	-543.1390	0.0000	3.0832
1021	-0.0000	-565.6255	0.0000	3.0862
1022	-0.0000	-520.8990	0.0000	3.0904
1023	-0.0000	-524.7210	0.0000	3.0946
1024	-0.0000	-576.2840	0.0000	3.0987
1025	-0.0000	-545.8333	0.0000	3.1027
1026	-0.0000	-551.4329	0.0000	3.1056
1027	-0.0000	-534.6675	0.0000	3.1081
1028	-0.0000	-537.7690	0.0000	3.1111
1029	-0.0000	-567.2510	0.0000	3.1149
1030	-0.0000	-516.0121	0.0000	3.1182
1031	-0.0000	-526.1001	0.0000	3.1216
1032	-0.0000	-544.4005	0.0000	3.1256
1033	-0.0000	-504.1150	0.0000	3.1284
1034	-0.0000	-520.6128	0.0000	3.1313
1035	-0.0000	-526.1439	0.0000	3.1339
1036	-0.0000	-565.4829	0.0000	3.1366
1037	-0.0000	-547.2127	0.0000	3.1391
1038	-0.0000	-527.1590	0.0000	3.1416
1039	-0.0000	-535.8242	0.0000	3.1442
1040	-0.0000	-543.4140	0.0000	3.1467
1041	-0.0000	-530.4289	0.0000	3.1493
1042	-0.0000	-517.1359	0.0000	3.1522
1043	-0.0000	-540.2601	0.0000	3.1548
1044	-0.0000	-517.3919	0.0000	3.1573
1045	-0.0000	-498.8806	0.0000	3.1600
1046	-0.0000	-533.3921	0.0000	3.1627
1047	-0.0000	-511.4416	0.0000	3.1652
1048	-0.0000	-498.6473	0.0000	3.1678
1049	-0.0000	-535.9697	0.0000	3.1705
1050	-0.0000	-512.9502	0.0000	3.1734
1051	-0.0000	-523.8996	0.0000	3.1760
1052	-0.0000	-467.7685	0.0000	3.1789
1053	-0.0000	-491.3003	0.0000	3.1815
1054	-0.0000	-502.6682	0.0000	3.1840
1055	-0.0000	-522.7715	0.0000	3.1865
1056	-0.0000	-493.4784	0.0000	3.1890
1057	-0.0000	-499.9063	0.0000	3.1915
1058	-0.0000	-476.2985	0.0000	3.1940
1059	-0.0000	-514.0454	0.0000	3.1965
1060	-0.0000	-481.3580	0.0000	3.1990
1061	-0.0000	-509.5939	0.0000	3.2018
1062	-0.0000	-483.2569	0.0000	3.2045
1063	-0.0000	-479.4090	0.0000	3.2071
1064	-0.0000	-459.7410	0.0000	3.2097
1065	-0.0000	-494.9812	0.0000	3.2125
1066	-0.0000	-479.2228	0.0000	3.2151
1067	-0.0000	-519.0441	0.0000	3.2183
1068	-0.0000	-518.6809	0.0000	3.2210
1069	-0.0000	-523.5499	0.0000	3.2237
1070	-0.0000	-500.0746	0.0000	3.2264
1071	-0.0000	-494.7553	0.0000	3.2290
1072	-0.0000	-490.4053	0.0000	3.2316
1073	-0.0000	-533.3468	0.0000	3.2343
1074	-0.0000	-512.4881	0.0000	3.2371
1075	-0.0000	-511.4492	0.0000	3.2398
1076	-0.0000	-473.2671	0.0000	3.2426
1077	-0.0000	-509.7728	0.0000	3.2451
1078	-0.0000	-493.6597	0.0000	3.2477
1079	-0.0000	-507.7635	0.0000	3.2504
1080	-0.0000	-502.8184	0.0000	3.2530
1081	-0.0000	-511.0303	0.0000	3.2555
1082	-0.0000	-519.1480	0.0000	3.2582
1083	-0.0000	-524.6834	0.0000	3.2609
1084	-0.0000	-519.7221	0.0000	3.2637
1085	-0.0000	-523.2107	0.0000	3.2667
1086	-0.0000	-516.5069	0.0000	3.2693
1087	-0.0000	-532.5077	0.0000	3.2717
1088	-0.0000	-528.2154	0.0000	3.2742
1089	-0.0000	-536.1749	0.0000	3.2767
1090	-0.0000	-510.2405	0.0000	3.2795
1091	-0.0000	-516.0233	0.0000	3.2824
1092	-0.0000	-533.8203	0.0000	3.2851
1093	-0.0000	-528.4023	0.0000	3.2881
1094	-0.0000	-532.6012	0.0000	3.2910
1095	-0.0000	-521.4355	0.0000	3.2937
1096	-0.0000	-497.5999	0.0000	3.2968
1097	-0.0000	-511.5190	0.0000	3.2995
1098	-0.0000	-550.2279	0.0000	3.3021
1099	-0.0000	-514.3481	0.0000	3.3047
1100	-0.0000	-537.5899	0.0000	3.3072
1101	-0.0000	-540.8837	0.0000	3.3099
1102	-0.0000	-554.7335	0.0000	3.3128
1103	-0.0000	-560.4705	0.0000	3.3155
1104	-0.0000	-594.9450	0.0000	3.3182
1105	-0.0000	-563.9597	0.0000	3.3214
1106	-0.0000	-565.1566	0.0000	3.3242
1107	-0.0000	-566.2792	0.0000	3.3270
1108	-0.0000	-586.3401	0.0000	3.3297
1109	-0.0000	-511.6017	0.0000	3.3323
1110	-0.0000	-557.5954	0.0000	3.3349
1111	-0.0000	-551.8585	0.0000	3.3376
1112	-0.0000	-513.1015	0.0000	3.3403
1113	-0.0000	-533.4753	0.0000	3.3429
1114	-0.0000	-531.8313	0.0000	3.3457
1115	-0.0000	-492.0848	0.0000	3.3482
1116	-0.0000	-528.9125	0.0000	3.3508
1117	-0.0000	-550.9088	0.0000	3.3533
1118	-0.0000	-545.1919	0.0000	3.3559
1119	-0.0000	-539.4887	0.0000	3.3586
1120	-0.0000	-555.1730	0.0000	3.3617
1121	-0.0000	-547.8779	0.0000	3.3644
1122	-0.0000	-590.3125	0.0000	3.3670
1123	-0.0000	-525.6638	0.0000	3.3697
1124	-0.0000	-556.7137	0.0000	3.3723
1125	-0.0000	-528.3278	0.0000	3.3752
1126	-0.0000	-585.3225	0.0000	3.3779
1127	-0.0000	-561.0788	0.0000	3.3806
1128	-0.0000	-559.8602	0.0000	3.3832
1129	-0.0000	-518.0632	0.0000	3.3858
1130	-0.0000	-517.7669	0.0000	3.3884
1131	-0.0000	-538.7567	0.0000	3.3910
1132	-0.0000	-534.3499	0.0000	3.3936
1133	-0.0000	-518.3808	0.0000	3.3962
1134	-0.0000	-555.7742	0.0000	3.3987
1135	-0.0000	-509.8517	0.0000	3.4015
1136	-0.0000	-561.3197	0.0000	3.4044
1137	-0.0000	-556.8844	0.0000	3.4070
1138	-0.0000	-551.9309	0.0000	3.4099
1139	-0.0000	-526.8184	0.0000	3.4128
1140	-0.0000	-529.8445	0.0000	3.4156
1141	-0.0000	-545.5442	0.0000	3.4195
1142	-0.0000	-569.9216	0.0000	3.4226
1143	-0.0000	-538.6395	0.0000	3.4252
1144	-0.0000	-540.2721	0.0000	3.4278
1145	-0.0000	-563.8790	0.0000	3.4303
1146	-0.0000	-516.2104	0.0000	3.4328
1147	-0.0000	-524.2032	0.0000	3.4354
1148	-0.0000	-572.1835	0.0000	3.4379
1149	-0.0000	-560.6602	0.0000	3.4404
1150	-0.0000	-537.5541	0.0000	3.4431
1151	-0.0000	-585.8153	0.0000	3.4458
1152	-0.0000	-539.7983	0.0000	3.4485
1153	-0.0000	-541.2575	0.0000	3.4511
1154	-0.0000	-591.3791	0.0000	3.4543
1155	-0.0000	-581.7812	0.0000	3.4572
1156	-0.0000	-580.4397	0.0000	3.4598
1157	-0.0000	-575.1384	0.0000	3.4625
1158	-0.0000	-569.8596	0.0000	3.4652
1159	-0.0000	-592.5701	0.0000	3.4679
1160	-0.0000	-620.2905	0.0000	3.4705
1161	-0.0000	-572.8612	0.0000	3.4732
1162	-0.0000	-557.7924	0.0000	3.4759
1163	-0.0000	-600.0741	0.0000	3.4785
1164	-0.0000	-549.8411	0.0000	3.4812
1165	-0.0000	-558.0922	0.0000	3.4838
1166	-0.0000	-567.3295	0.0000	3.4864
1167	-0.0000	-572.6277	0.0000	3.4889
1168	-0.0000	-590.2820	0.0000	3.4915
1169	-0.0000	-545.9739	0.0000	3.4940
1170	-0.0000	-551.4754	0.0000	3.4965
1171	-0.0000	-538.5856	0.0000	3.4991
1172	-0.0000	-549.4194	0.0000	3.5019
1173	-0.0000	-555.2493	0.0000	3.5044
1174	-0.0000	-552.2974	0.0000	3.5069
1175	-0.0000	-543.9207	0.0000	3.5094
1176	-0.0000	-567.3361	0.0000	3.5120
1177	-0.0000	-520.7088	0.0000	3.5145
1178	-0.0000	-595.5360	0.0000	3.5170
1179	-0.0000	-549.3826	0.0000	3.5198
1180	-0.0000	-526.0143	0.0000	3.5227
1181	-0.0000	-552.3016	0.0000	3.5254
1182	-0.0000	-506.2080	0.0000	3.5278
1183	-0.0000	-533.9541	0.0000	3.5308
1184	-0.0000	-518.1590	0.0000	3.5336
1185	-0.0000	-532.6634	0.0000	3.5364
1186	-0.0000	-559.1649	0.0000	3.5389
1187	-0.0000	-582.4285	0.0000	3.5415
1188	-0.0000	-555.9289	0.0000	3.5444
1189	-0.0000	-588.1122	0.0000	3.5469
1190	-0.0000	-605.3150	0.0000	3.5495
1191	-0.0000	-583.0086	0.0000	3.5523
1192	-0.0000	-588.3241	0.0000	3.5550
1193	-0.0000	-612.5495	0.0000	3.5578
1194	-0.0000	-573.6804	0.0000	3.5605
1195	-0.0000	-602.6377	0.0000	3.5631
1196	-0.0000	-577.7751	0.0000	3.5656
1197	-0.0000	-573.3156	0.0000	3.5682
1198	-0.0000	-564.0889	0.0000	3.5710
1199	-0.0000	-578.0306	0.0000	3.5737
1200	-0.0000	-578.9919	0.0000	3.5763
1201	-0.0000	-560.2695	0.0000	3.5789
1202	-0.0000	-578.8243	0.0000	3.5814
1203	-0.0000	-593.7698	0.0000	3.5842
1204	-0.0000	-569.7963	0.0000	3.5872
1205	-0.0000	-571.0035	0.0000	3.5900
1206	-0.0000	-579.4494	0.0000	3.5929
1207	-0.0000	-579.8911	0.0000	3.5957
1208	-0.0000	-600.5128	0.0000	3.5983
1209	-0.0000	-581.8193	0.0000	3.6010
1210	-0.0000	-558.5796	0.0000	3.6036
1211	-0.0000	-611.9414	0.0000	3.6060
1212	-0.0000	-570.7178	0.0000	3.6085
1213	-0.0000	-561.9928	0.0000	3.6110
1214	-0.0000	-549.0873	0.0000	3.6135
1215	-0.0000	-545.0137	0.0000	3.6160
1216	-0.0000	-544.3380	0.0000	3.6185
1217	-0.0000	-532.0481	0.0000	3.6210
1218	-0.0000	-539.1161	0.0000	3.6235
1219	-0.0000	-480.9179	0.0000	3.6260
1220	-0.0000	-509.7263	0.0000	3.6286
1221	-0.0000	-517.2361	0.0000	3.6313
1222	-0.0000	-478.3363	0.0000	3.6338
1223	-0.0000	-517.5962	0.0000	3.6365
1224	-0.0000	-501.8880	0.0000	3.6390
1225	-0.0000	-517.8481	0.0000	3.6415
1226	-0.0000	-498.9775	0.0000	3.6440
1227	-0.0000	-501.1093	0.0000	3.6465
1228	-0.0000	-501.2678	0.0000	3.6491
1229	-0.0000	-525.1768	0.0000	3.6519
1230	-0.0000	-542.3144	0.0000	3.6546
1231	-0.0000	-508.0229	0.0000	3.6571
1232	-0.0000	-514.7879	0.0000	3.6597
1233	-0.0000	-514.1373	0.0000	3.6622
1234	-0.0000	-549.0134	0.0000	3.6648
1235	-0.0000	-531.3762	0.0000	3.6674
1236	-0.0000	-537.9491	0.0000	3.6699
1237	-0.0000	-553.4328	0.0000	3.6726
1238	-0.0000	-519.0214	0.0000	3.6754
1239	-0.0000	-535.4548	0.0000	3.6779
1240	-0.0000	-507.2102	0.0000	3.6805
1241	-0.0000	-502.4567	0.0000	3.6829
1242	-0.0000	-504.6899	0.0000	3.6854
1243	-0.0000	-511.2102	0.0000	3.6879
1244	-0.0000	-520.1567	0.0000	3.6904
1245	-0.0000	-502.9882	0.0000	3.6929
1246	-0.0000	-496.7666	0.0000	3.6955
1247	-0.0000	-520.1436	0.0000	3.6980
1248	-0.0000	-515.0831	0.0000	3.7006
1249	-0.0000	-536.1002	0.0000	3.7032
1250	-0.0000	-540.9797	0.0000	3.7058
1251	-0.0000	-516.9821	0.0000	3.7083
1252	-0.0000	-520.4866	0.0000	3.7112
1253	-0.0000	-506.3771	0.0000	3.7139
1254	-0.0000	-531.2477	0.0000	3.7164
1255	-0.0000	-568.1433	0.0000	3.7190
1256	-0.0000	-612.5740	0.0000	3.7217
1257	-0.0000	-529.0175	0.0000	3.7242
1258	-0.0000	-531.7174	0.0000	3.7268
1259	-0.0000	-485.4875	0.0000	3.7292
1260	-0.0000	-504.2912	0.0000	3.7317
1261	-0.0000	-524.2363	0.0000	3.7341
1262	-0.0000	-524.2812	0.0000	3.7366
1263	-0.0000	-543.3804	0.0000	3.7391
1264	-0.0000	-536.4678	0.0000	3.7420
1265	-0.0000	-567.3492	0.0000	3.7447
1266	-0.0000	-602.1849	0.0000	3.7472
1267	-0.0000	-544.5351	0.0000	3.7496
1268	-0.0000	-560.9698	0.0000	3.7525
1269	-0.0000	-564.9991	0.0000	3.7552
1270	-0.0000	-548.4128	0.0000	3.7579
1271	-0.0000	-543.9568	0.0000	3.7605
1272	-0.0000	-563.0524	0.0000	3.7632
1273	-0.0000	-549.7529	0.0000	3.7659
1274	-0.0000	-572.6824	0.0000	3.7684
1275	-0.0000	-550.5195	0.0000	3.7710
1276	-0.0000	-555.9883	0.0000	3.7735
1277	-0.0000	-578.0101	0.0000	3.7762
1278	-0.0000	-572.1748	0.0000	3.7788
1279	-0.0000	-564.2866	0.0000	3.7815
1280	-0.0000	-557.8834	0.0000	3.7842
1281	-0.0000	-542.3329	0.0000	3.7868
1282	-0.0000	-517.7249	0.0000	3.7895
1283	-0.0000	-509.5962	0.0000	3.7921
1284	-0.0000	-528.9130	0.0000	3.7946
1285	-0.0000	-580.3925	0.0000	3.7970
1286	-0.0000	-529.1460	0.0000	3.7996
1287	-0.0000	-565.7722	0.0000	3.8021
1288	-0.0000	-565.3008	0.0000	3.8049
1289	-0.0000	-585.8022	0.0000	3.8075
1290	-0.0000	-574.4005	0.0000	3.8102
1291	-0.0000	-549.2387	0.0000	3.8128
1292	-0.0000	-534.6869	0.0000	3.8156
1293	-0.0000	-534.7123	0.0000	3.8181
1294	-0.0000	-554.3330	0.0000	3.8206
1295	-0.0000	-520.2054	0.0000	3.8232
1296	-0.0000	-544.9664	0.0000	3.8256
1297	-0.0000	-531.4008	0.0000	3.8281
1298	-0.0000	-518.6573	0.0000	3.8311
1299	-0.0000	-555.4776	0.0000	3.8338
1300	-0.0000	-517.0681	0.0000	3.8363
1301	-0.0000	-592.2080	0.0000	3.8387
1302	-0.0000	-530.6879	0.0000	3.8413
1303	-0.0000	-522.5741	0.0000	3.8438
1304	-0.0000	-514.0714	0.0000	3.8462
1305	-0.0000	-516.8875	0.0000	3.8487
1306	-0.0000	-549.2446	0.0000	3.8513
1307	-0.0000	-494.9841	0.0000	3.8538
1308	-0.0000	-517.2203	0.0000	3.8564
1309	-0.0000	-507.7641	0.0000	3.8589
1310	-0.0000	-492.0927	0.0000	3.8614
1311	-0.0000	-479.2733	0.0000	3.8639
1312	-0.0000	-485.0906	0.0000	3.8665
1313	-0.0000	-461.4103	0.0000	3.8690
1314	-0.0000	-468.4116	0.0000	3.8715
1315	-0.0000	-494.2258	0.0000	3.8744
1316	-0.0000	-531.6619	0.0000	3.8769
1317	-0.0000	-495.6040	0.0000	3.8796
1318	-0.0000	-525.2744	0.0000	3.8821
1319	-0.0000	-539.9089	0.0000	3.8845
1320	-0.0000	-492.5949	0.0000	3.8872
1321	-0.0000	-547.8821	0.0000	3.8897
1322	-0.0000	-523.5095	0.0000	3.8923
1323	-0.0000	-525.5641	0.0000	3.8949
1324	-0.0000	-524.1436	0.0000	3.8976
1325	-0.0000	-545.8952	0.0000	3.9000
1326	-0.0000	-554.3218	0.0000	3.9025
1327	-0.0000	-508.2794	0.0000	3.9051
1328	-0.0000	-527.5457	0.0000	3.9075
1329	-0.0000	-510.5891	0.0000	3.9100
1330	-0.0000	-515.2139	0.0000	3.9126
1331	-0.0000	-524.2234	0.0000	3.9151
1332	-0.0000	-558.7827	0.0000	3.9177
1333	-0.0000	-546.9500	0.0000	3.9207
1334	-0.0000	-523.6729	0.0000	3.9233
1335	-0.0000	-535.0825	0.0000	3.9257
1336	-0.0000	-525.4408	0.0000	3.9283
1337	-0.0000	-558.6671	0.0000	3.9308
1338	-0.0000	-498.0737	0.0000	3.9333
1339	-0.0000	-508.7573	0.0000	3.9358
1340	-0.0000	-504.2224	0.0000	3.9383
1341	-0.0000	-526.5563	0.0000	3.9407
1342	-0.0000	-504.5521	0.0000	3.9432
1343	-0.0000	-480.2078	0.0000	3.9456
1344	-0.0000	-499.0772	0.0000	3.9482
1345	-0.0000	-495.2689	0.0000	3.9507
1346	-0.0000	-489.6331	0.0000	3.9532
1347	-0.0000	-513.3305	0.0000	3.9558
1348	-0.0000	-500.6164	0.0000	3.9583
1349	-0.0000	-554.0915	0.0000	3.9608
1350	-0.0000	-522.6332	0.0000	3.9634
1351	-0.0000	-506.0865	0.0000	3.9659
1352	-0.0000	-535.4503	0.0000	3.9684
1353	-0.0000	-508.9254	0.0000	3.9709
1354	-0.0000	-545.7515	0.0000	3.9734
1355	-0.0000	-505.9130	0.0000	3.9759
1356	-0.0000	-531.6708	0.0000	3.9786
1357	-0.0000	-474.2577	0.0000	3.9812
1358	-0.0000	-526.9548	0.0000	3.9838
1359	-0.0000	-525.6347	0.0000	3.9863
1360	-0.0000	-494.5116	0.0000	3.9889
1361	-0.0000	-498.3268	0.0000	3.9915
1362	-0.0000	-524.8189	0.0000	3.9940
1363	-0.0000	-486.3835	0.0000	3.9965
1364	-0.0000	-470.2860	0.0000	3.9990
1365	-0.0000	-477.7807	0.0000	4.0016
1366	-0.0000	-473.8984	0.0000	4.0041
1367	-0.0000	-483.9725	0.0000	4.0066
1368	-0.0000	-475.8814	0.0000	4.0092
1369	-0.0000	-465.1541	0.0000	4.0119
1370	-0.0000	-477.2761	0.0000	4.0145
1371	-0.0000	-469.6123	0.0000	4.0171
1372	-0.0000	-463.6584	0.0000	4.0196
1373	-0.0000	-478.5692	0.0000	4.0223
1374	-0.0000	-489.7487	0.0000	4.0248
1375	-0.0000	-489.6394	0.0000	4.0273
1376	-0.0000	-544.8161	0.0000	4.0300
1377	-0.0000	-460.3330	0.0000	4.0327
1378	-0.0000	-516.2833	0.0000	4.0353
1379	-0.0000	-478.3218	0.0000	4.0381
1380	-0.0000	-485.5850	0.0000	4.0408
1381	-0.0000	-499.7006	0.0000	4.0434
1382	-0.0000	-491.7163	0.0000	4.0459
1383	-0.0000	-530.1106	0.0000	4.0485
1384	-0.0000	-503.3167	0.0000	4.0512
1385	-0.0000	-516.5338	0.0000	4.0537
1386	-0.0000	-519.9773	0.0000	4.0563
1387	-0.0000	-547.1954	0.0000	4.0589
1388	-0.0000	-505.5301	0.0000	4.0614
1389	-0.0000	-517.2130	0.0000	4.0638
1390	-0.0000	-530.7835	0.0000	4.0663
1391	-0.0000	-483.9335	0.0000	4.0692
1392	-0.0000	-509.8973	0.0000	4.0717
1393	-0.0000	-486.6702	0.0000	4.0741
1394	-0.0000	-531.9060	0.0000	4.0766
1395	-0.0000	-527.1984	0.0000	4.0796
1396	-0.0000	-521.4748	0.0000	4.0827
1397	-0.0000	-524.1104	0.0000	4.0854
1398	-0.0000	-487.9614	0.0000	4.0880
1399	-0.0000	-514.8908	0.0000	4.0905
1400	-0.0000	-514.1812	0.0000	4.0929
1401	-0.0000	-496.2214	0.0000	4.0955
1402	-0.0000	-468.5396	0.0000	4.0982
1403	-0.0000	-502.3728	0.0000	4.1006
1404	-0.0000	-471.4855	0.0000	4.1032
1405	-0.0000	-486.0308	0.0000	4.1057
1406	-0.0000	-566.4691	0.0000	4.1083
1407	-0.0000	-513.4327	0.0000	4.1111
1408	-0.0000	-514.1467	0.0000	4.1135
1409	-0.0000	-517.1996	0.0000	4.1163
1410	-0.0000	-513.8720	0.0000	4.1189
1411	-0.0000	-481.5916	0.0000	4.1218
1412	-0.0000	-527.8850	0.0000	4.1242
1413	-0.0000	-546.1586	0.0000	4.1268
1414	-0.0000	-543.5969	0.0000	4.1293
1415	-0.0000	-520.1136	0.0000	4.1321
1416	-0.0000	-539.4746	0.0000	4.1348
1417	-0.0000	-578.6810	0.0000	4.1383
1418	-0.0000	-531.9850	0.0000	4.1417
1419	-0.0000	-538.3420	0.0000	4.1447
1420	-0.0000	-510.9165	0.0000	4.1473
1421	-0.0000	-551.0297	0.0000	4.1498
1422	-0.0000	-479.0762	0.0000	4.1524
1423	-0.0000	-547.8563	0.0000	4.1549
1424	-0.0000	-511.5557	0.0000	4.1574
1425	-0.0000	-483.4633	0.0000	4.1600
1426	-0.0000	-518.8002	0.0000	4.1625
1427	-0.0000	-494.0575	0.0000	4.1650
1428	-0.0000	-459.0471	0.0000	4.1674
1429	-0.0000	-508.1471	0.0000	4.1701
1430	-0.0000	-474.0645	0.0000	4.1728
1431	-0.0000	-504.6997	0.0000	4.1756
1432	-0.0000	-467.4922	0.0000	4.1787
1433	-0.0000	-476.5456	0.0000	4.1815
1434	-0.0000	-498.3249	0.0000	4.1842
1435	-0.0000	-477.8848	0.0000	4.1869
1436	-0.0000	-476.4353	0.0000	4.1895
1437	-0.0000	-502.3649	0.0000	4.1921
1438	-0.0000	-499.8154	0.0000	4.1947
1439	-0.0000	-467.3209	0.0000	4.1973
1440	-0.0000	-437.2302	0.0000	4.1999
1441	-0.0000	-456.2266	0.0000	4.2025
1442	-0.0000	-469.2880	0.0000	4.2052
1443	-0.0000	-481.4025	0.0000	4.2079
1444	-0.0000	-498.1392	0.0000	4.2105
1445	-0.0000	-509.2837	0.0000	4.2131
1446	-0.0000	-495.6652	0.0000	4.2156
1447	-0.0000	-491.6478	0.0000	4.2183
1448	-0.0000	-508.9174	0.0000	4.2216
1449	-0.0000	-520.0471	0.0000	4.2250
1450	-0.0000	-495.4227	0.0000	4.2277
1451	-0.0000	-531.1821	0.0000	4.2302
1452	-0.0000	-514.2143	0.0000	4.2327
1453	-0.0000	-501.3183	0.0000	4.2352
1454	-0.0000	-491.1000	0.0000	4.2378
1455	-0.0000	-519.9687	0.0000	4.2403
1456	-0.0000	-529.4118	0.0000	4.2428
1457	-0.0000	-485.3806	0.0000	4.2454
1458	-0.0000	-529.7121	0.0000	4.2478
1459	-0.0000	-524.0716	0.0000	4.2504
1460	-0.0000	-498.7198	0.0000	4.2529
1461	-0.0000	-506.9163	0.0000	4.2555
1462	-0.0000	-506.7331	0.0000	4.2583
1463	-0.0000	-493.1032	0.0000	4.2611
1464	-0.0000	-474.1672	0.0000	4.2638
1465	-0.0000	-467.3712	0.0000	4.2663
1466	-0.0000	-478.2029	0.0000	4.2690
1467	-0.0000	-494.8263	0.0000	4.2715
1468	-0.0000	-505.7974	0.0000	4.2741
1469	-0.0000	-494.2150	0.0000	4.2765
1470	-0.0000	-481.8692	0.0000	4.2790
1471	-0.0000	-511.1960	0.0000	4.2815
1472	-0.0000	-508.6147	0.0000	4.2840
1473	-0.0000	-481.8070	0.0000	4.2864
1474	-0.0000	-487.8427	0.0000	4.2889
1475	-0.0000	-491.5072	0.0000	4.2915
1476	-0.0000	-503.2689	0.0000	4.2940
1477	-0.0000	-525.6552	0.0000	4.2966
1478	-0.0000	-503.8677	0.0000	4.2991
1479	-0.0000	-507.9383	0.0000	4.3016
1480	-0.0000	-500.5874	0.0000	4.3042
1481	-0.0000	-539.7958	0.0000	4.3066
1482	-0.0000	-484.7583	0.0000	4.3091
1483	-0.0000	-489.2921	0.0000	4.3118
1484	-0.0000	-506.9819	0.0000	4.3144
1485	-0.0000	-532.3722	0.0000	4.3170
1486	-0.0000	-538.5737	0.0000	4.3195
1487	-0.0000	-530.9690	0.0000	4.3220
1488	-0.0000	-550.2622	0.0000	4.3246
1489	-0.0000	-502.9639	0.0000	4.3272
1490	-0.0000	-507.9082	0.0000	4.3296
1491	-0.0000	-532.6334	0.0000	4.3322
1492	-0.0000	-549.0024	0.0000	4.3349
1493	-0.0000	-541.3337	0.0000	4.3376
1494	-0.0000	-526.4994	0.0000	4.3404
1495	-0.0000	-517.5520	0.0000	4.3430
1496	-0.0000	-503.1670	0.0000	4.3455
1497	-0.0000	-496.8830	0.0000	4.3481
1498	-0.0000	-506.7362	0.0000	4.3506
1499	-0.0000	-514.8937	0.0000	4.3531
1500	-0.0000	-510.2872	0.0000	4.3558
1501	-0.0000	-502.7768	0.0000	4.3583
1502	-0.0000	-491.6497	0.0000	4.3608
1503	-0.0000	-518.1408	0.0000	4.3635
1504	-0.0000	-511.1192	0.0000	4.3661
1505	-0.0000	-499.7955	0.0000	4.3687
1506	-0.0000	-487.5776	0.0000	4.3714
1507	-0.0000	-488.8732	0.0000	4.3740
1508	-0.0000	-524.3283	0.0000	4.3767
1509	-0.0000	-506.3239	0.0000	4.3793
1510	-0.0000	-508.3153	0.0000	4.3821
1511	-0.0000	-518.1947	0.0000	4.3847
1512	-0.0000	-514.3098	0.0000	4.3872
1513	-0.0000	-486.7323	0.0000	4.3900
1514	-0.0000	-520.7043	0.0000	4.3925
1515	-0.0000	-510.4591	0.0000	4.3950
1516	-0.0000	-502.6601	0.0000	4.3975
1517	-0.0000	-520.9078	0.0000	4.4000
1518	-0.0000	-478.4225	0.0000	4.4028
1519	-0.0000	-506.8460	0.0000	4.4053
1520	-0.0000	-537.7279	0.0000	4.4078
1521	-0.0000	-489.8789	0.0000	4.4103
1522	-0.0000	-497.9371	0.0000	4.4131
1523	-0.0000	-499.6734	0.0000	4.4158
1524	-0.0000	-514.3282	0.0000	4.4184
1525	-0.0000	-510.6190	0.0000	4.4211
1526	-0.0000	-529.1585	0.0000	4.4236
1527	-0.0000	-533.5974	0.0000	4.4260
1528	-0.0000	-535.3614	0.0000	4.4287
1529	-0.0000	-535.4114	0.0000	4.4314
1530	-0.0000	-526.1842	0.0000	4.4342
1531	-0.0000	-553.4189	0.0000	4.4369
1532	-0.0000	-530.8931	0.0000	4.4396
1533	-0.0000	-545.6032	0.0000	4.4421
1534	-0.0000	-585.0664	0.0000	4.4450
1535	-0.0000	-618.3551	0.0000	4.4476
1536	-0.0000	-591.4744	0.0000	4.4505
1537	-0.0000	-560.3039	0.0000	4.4532
1538	-0.0000	-574.9936	0.0000	4.4563
1539	-0.0000	-563.6941	0.0000	4.4589
1540	-0.0000	-594.2421	0.0000	4.4615
1541	-0.0000	-593.0045	0.0000	4.4640
1542	-0.0000	-554.7510	0.0000	4.4666
1543	-0.0000	-584.2890	0.0000	4.4693
1544	-0.0000	-569.3775	0.0000	4.4717
1545	-0.0000	-568.7499	0.0000	4.4742
1546	-0.0000	-557.0256	0.0000	4.4768
1547	-0.0000	-573.9644	0.0000	4.4793
1548	-0.0000	-584.8032	0.0000	4.4820
1549	-0.0000	-597.0556	0.0000	4.4845
1550	-0.0000	-554.5363	0.0000	4.4869
1551	-0.0000	-573.6161	0.0000	4.4894
1552	-0.0000	-590.4937	0.0000	4.4919
1553	-0.0000	-608.9621	0.0000	4.4946
1554	-0.0000	-576.8435	0.0000	4.4971
1555	-0.0000	-579.1445	0.0000	4.4999
1556	-0.0000	-537.5644	0.0000	4.5028
1557	-0.0000	-553.7129	0.0000	4.5056
1558	-0.0000	-564.5886	0.0000	4.5081
1559	-0.0000	-610.3129	0.0000	4.5106
1560	-0.0000	-558.6928	0.0000	4.5131
1561	-0.0000	-578.3752	0.0000	4.5157
1562	-0.0000	-584.2206	0.0000	4.5184
1563	-0.0000	-554.5309	0.0000	4.5211
1564	-0.0000	-547.9456	0.0000	4.5236
1565	-0.0000	-547.2704	0.0000	4.5262
1566	-0.0000	-522.8603	0.0000	4.5287
1567	-0.0000	-572.4453	0.0000	4.5312
1568	-0.0000	-548.4297	0.0000	4.5337
1569	-0.0000	-534.3661	0.0000	4.5365
1570	-0.0000	-533.7365	0.0000	4.5391
1571	-0.0000	-512.3314	0.0000	4.5417
1572	-0.0000	-580.3777	0.0000	4.5442
1573	-0.0000	-558.4712	0.0000	4.5467
1574	-0.0000	-557.9043	0.0000	4.5494
1575	-0.0000	-564.0254	0.0000	4.5521
1576	-0.0000	-551.5131	0.0000	4.5547
1577	-0.0000	-545.1895	0.0000	4.5574
1578	-0.0000	-536.2718	0.0000	4.5599
1579	-0.0000	-569.1108	0.0000	4.5624
1580	-0.0000	-553.2130	0.0000	4.5648
1581	-0.0000	-532.2721	0.0000	4.5675
1582	-0.0000	-531.2823	0.0000	4.5700
1583	-0.0000	-553.2320	0.0000	4.5725
1584	-0.0000	-511.6740	0.0000	4.5751
1585	-0.0000	-525.3876	0.0000	4.5776
1586	-0.0000	-525.5287	0.0000	4.5805
1587	-0.0000	-532.5688	0.0000	4.5830
1588	-0.0000	-544.0708	0.0000	4.5854
1589	-0.0000	-516.1365	0.0000	4.5878
1590	-0.0000	-523.1021	0.0000	4.5906
1591	-0.0000	-511.6498	0.0000	4.5936
1592	-0.0000	-523.0936	0.0000	4.5962
1593	-0.0000	-506.8983	0.0000	4.5988
1594	-0.0000	-511.2860	0.0000	4.6012
1595	-0.0000	-543.9171	0.0000	4.6038
1596	-0.0000	-511.1256	0.0000	4.6063
1597	-0.0000	-527.0724	0.0000	4.6087
1598	-0.0000	-512.2438	0.0000	4.6112
1599	-0.0000	-535.3917	0.0000	4.6137
1600	-0.0000	-524.7512	0.0000	4.6162
1601	-0.0000	-556.6921	0.0000	4.6186
1602	-0.0000	-479.8844	0.0000	4.6211
1603	-0.0000	-539.4440	0.0000	4.6237
1604	-0.0000	-518.3045	0.0000	4.6263
1605	-0.0000	-515.3537	0.0000	4.6289
1606	-0.0000	-504.7949	0.0000	4.6315
1607	-0.0000	-509.7193	0.0000	4.6341
1608	-0.0000	-524.9278	0.0000	4.6365
1609	-0.0000	-474.3065	0.0000	4.6390
1610	-0.0000	-488.4695	0.0000	4.6418
1611	-0.0000	-504.0009	0.0000	4.6444
1612	-0.0000	-543.9682	0.0000	4.6471
1613	-0.0000	-530.5951	0.0000	4.6496
1614	-0.0000	-531.8218	0.0000	4.6520
1615	-0.0000	-511.0065	0.0000	4.6546
1616	-0.0000	-500.5186	0.0000	4.6571
1617	-0.0000	-502.9761	0.0000	4.6595
1618	-0.0000	-512.2937	0.0000	4.6622
1619	-0.0000	-509.2392	0.0000	4.6648
1620	-0.0000	-488.6827	0.0000	4.6675
1621	-0.0000	-490.2006	0.0000	4.6702
1622	-0.0000	-483.7725	0.0000	4.6728
1623	-0.0000	-514.0824	0.0000	4.6753
1624	-0.0000	-490.8670	0.0000	4.6779
1625	-0.0000	-472.3132	0.0000	4.6804
1626	-0.0000	-449.2246	0.0000	4.6828
1627	-0.0000	-526.4523	0.0000	4.6855
1628	-0.0000	-529.0034	0.0000	4.6879
1629	-0.0000	-492.8694	0.0000	4.6905
1630	-0.0000	-499.3500	0.0000	4.6931
1631	-0.0000	-519.0025	0.0000	4.6957
1632	-0.0000	-492.6479	0.0000	4.6982
1633	-0.0000	-536.5483	0.0000	4.7010
1634	-0.0000	-494.9203	0.0000	4.7035
1635	-0.0000	-492.2983	0.0000	4.7063
1636	-0.0000	-476.5170	0.0000	4.7089
1637	-0.0000	-519.4542	0.0000	4.7117
1638	-0.0000	-536.0425	0.0000	4.7144
1639	-0.0000	-502.5899	0.0000	4.7169
1640	-0.0000	-504.2780	0.0000	4.7197
1641	-0.0000	-516.5350	0.0000	4.7222
1642	-0.0000	-504.4072	0.0000	4.7247
1643	-0.0000	-530.0072	0.0000	4.7272
1644	-0.0000	-482.4017	0.0000	4.7298
1645	-0.0000	-511.4847	0.0000	4.7326
1646	-0.0000	-496.2459	0.0000	4.7350
1647	-0.0000	-507.0686	0.0000	4.7375
1648	-0.0000	-506.4769	0.0000	4.7400
1649	-0.0000	-499.2626	0.0000	4.7429
1650	-0.0000	-546.5416	0.0000	4.7456
1651	-0.0000	-493.6120	0.0000	4.7480
1652	-0.0000	-504.1739	0.0000	4.7515
1653	-0.0000	-512.1236	0.0000	4.7543
1654	-0.0000	-494.0913	0.0000	4.7570
1655	-0.0000	-473.6498	0.0000	4.7598
1656	-0.0000	-525.9811	0.0000	4.7625
1657	-0.0000	-479.9081	0.0000	4.7649
1658	-0.0000	-481.2844	0.0000	4.7675
1659	-0.0000	-469.9207	0.0000	4.7701
1660	-0.0000	-472.9021	0.0000	4.7728
1661	-0.0000	-495.2588	0.0000	4.7757
1662	-0.0000	-462.5743	0.0000	4.7781
1663	-0.0000	-468.8187	0.0000	4.7808
1664	-0.0000	-521.7328	0.0000	4.7834
1665	-0.0000	-511.0630	0.0000	4.7861
1666	-0.0000	-449.0417	0.0000	4.7886
1667	-0.0000	-498.7029	0.0000	4.7911
1668	-0.0000	-498.9533	0.0000	4.7937
1669	-0.0000	-499.0383	0.0000	4.7964
1670	-0.0000	-529.7916	0.0000	4.7991
1671	-0.0000	-515.0229	0.0000	4.8017
1672	-0.0000	-493.0896	0.0000	4.8041
1673	-0.0000	-466.6772	0.0000	4.8067
1674	-0.0000	-498.8495	0.0000	4.8093
1675	-0.0000	-508.3629	0.0000	4.8118
1676	-0.0000	-550.1229	0.0000	4.8143
1677	-0.0000	-495.9142	0.0000	4.8168
1678	-0.0000	-524.6827	0.0000	4.8193
1679	-0.0000	-502.9526	0.0000	4.8221
1680	-0.0000	-481.6053	0.0000	4.8248
1681	-0.0000	-441.4575	0.0000	4.8273
1682	-0.0000	-493.5799	0.0000	4.8299
1683	-0.0000	-484.3694	0.0000	4.8325
1684	-0.0000	-478.8591	0.0000	4.8352
1685	-0.0000	-491.1850	0.0000	4.8377
1686	-0.0000	-513.4049	0.0000	4.8404
1687	-0.0000	-555.7360	0.0000	4.8432
1688	-0.0000	-529.9173	0.0000	4.8459
1689	-0.0000	-563.1796	0.0000	4.8485
1690	-0.0000	-536.5794	0.0000	4.8513
1691	-0.0000	-553.7556	0.0000	4.8539
1692	-0.0000	-525.1834	0.0000	4.8566
1693	-0.0000	-549.8142	0.0000	4.8591
1694	-0.0000	-592.3220	0.0000	4.8616
1695	-0.0000	-544.0235	0.0000	4.8640
1696	-0.0000	-510.5480	0.0000	4.8670
1697	-0.0000	-513.5755	0.0000	4.8695
1698	-0.0000	-539.4377	0.0000	4.8721
1699	-0.0000	-561.3541	0.0000	4.8747
1700	-0.0000	-554.9214	0.0000	4.8772
1701	-0.0000	-534.1496	0.0000	4.8799
1702	-0.0000	-542.7756	0.0000	4.8826
1703	-0.0000	-532.8814	0.0000	4.8852
1704	-0.0000	-551.1695	0.0000	4.8879
1705	-0.0000	-599.0822	0.0000	4.8904
1706	-0.0000	-575.5722	0.0000	4.8929
1707	-0.0000	-528.8224	0.0000	4.8954
1708	-0.0000	-564.9150	0.0000	4.8981
1709	-0.0000	-538.1257	0.0000	4.9007
1710	-0.0000	-529.1406	0.0000	4.9032
1711	-0.0000	-519.8417	0.0000	4.9056
1712	-0.0000	-536.7852	0.0000	4.9080
1713	-0.0000	-525.3566	0.0000	4.9107
1714	-0.0000	-516.1485	0.0000	4.9132
1715	-0.0000	-538.7740	0.0000	4.9157
1716	-0.0000	-556.3453	0.0000	4.9184
1717	-0.0000	-514.3138	0.0000	4.9210
1718	-0.0000	-561.3031	0.0000	4.9239
1719	-0.0000	-565.8576	0.0000	4.9267
1720	-0.0000	-573.8840	0.0000	4.9295
1721	-0.0000	-508.5729	0.0000	4.9321
1722	-0.0000	-579.8567	0.0000	4.9346
1723	-0.0000	-524.1008	0.0000	4.9371
1724	-0.0000	-532.9387	0.0000	4.9396
1725	-0.0000	-540.4091	0.0000	4.9420
1726	-0.0000	-552.6749	0.0000	4.9445
1727	-0.0000	-505.5436	0.0000	4.9470
1728	-0.0000	-551.7264	0.0000	4.9494
1729	-0.0000	-526.3151	0.0000	4.9519
1730	-0.0000	-557.3768	0.0000	4.9545
1731	-0.0000	-533.8055	0.0000	4.9571
1732	-0.0000	-533.5451	0.0000	4.9597
1733	-0.0000	-520.7925	0.0000	4.9623
1734	-0.0000	-528.3120	0.0000	4.9649
1735	-0.0000	-570.9646	0.0000	4.9673
1736	-0.0000	-562.7501	0.0000	4.9699
1737	-0.0000	-525.1135	0.0000	4.9728
1738	-0.0000	-546.2140	0.0000	4.9754
1739	-0.0000	-594.6750	0.0000	4.9782
1740	-0.0000	-566.3897	0.0000	4.9807
1741	-0.0000	-582.4771	0.0000	4.9832
1742	-0.0000	-568.4555	0.0000	4.9858
1743	-0.0000	-577.2019	0.0000	4.9882
1744	-0.0000	-556.9567	0.0000	4.9908
1745	-0.0000	-579.8896	0.0000	4.9934
1746	-0.0000	-569.6495	0.0000	4.9961
1747	-0.0000	-548.1289	0.0000	4.9989
1748	-0.0000	-585.1067	0.0000	5.0015
1749	-0.0000	-541.3805	0.0000	5.0040
1750	-0.0000	-557.1700	0.0000	5.0065
1751	-0.0000	-555.6684	0.0000	5.0091
1752	-0.0000	-530.2104	0.0000	5.0116
1753	-0.0000	-567.0886	0.0000	5.0141
1754	-0.0000	-577.7803	0.0000	5.0168
1755	-0.0000	-543.2341	0.0000	5.0192
1756	-0.0000	-567.2113	0.0000	5.0219
1757	-0.0000	-565.6999	0.0000	5.0247
1758	-0.0000	-581.3155	0.0000	5.0271
1759	-0.0000	-567.9577	0.0000	5.0297
1760	-0.0000	-566.6332	0.0000	5.0323
1761	-0.0000	-555.7064	0.0000	5.0349
1762	-0.0000	-554.1425	0.0000	5.0379
1763	-0.0000	-620.2860	0.0000	5.0404
1764	-0.0000	-587.3309	0.0000	5.0433
1765	-0.0000	-601.3388	0.0000	5.0459
1766	-0.0000	-601.4219	0.0000	5.0485
1767	-0.0000	-621.6154	0.0000	5.0512
1768	-0.0000	-606.9459	0.0000	5.0540
1769	-0.0000	-632.3711	0.0000	5.0566
1770	-0.0000	-589.9413	0.0000	5.0591
1771	-0.0000	-614.9275	0.0000	5.0617
1772	-0.0000	-579.7214	0.0000	5.0645
1773	-0.0000	-605.4611	0.0000	5.0670
1774	-0.0000	-599.0405	0.0000	5.0696
1775	-0.0000	-609.3355	0.0000	5.0721
1776	-0.0000	-600.7449	0.0000	5.0750
1777	-0.0000	-597.5251	0.0000	5.0776
1778	-0.0000	-609.3251	0.0000	5.0802
1779	-0.0000	-550.2521	0.0000	5.0829
1780	-0.0000	-594.2819	0.0000	5.0854
1781	-0.0000	-578.1583	0.0000	5.0881
1782	-0.0000	-605.1673	0.0000	5.0910
1783	-0.0000	-575.6180	0.0000	5.0936
1784	-0.0000	-574.0363	0.0000	5.0963
1785	-0.0000	-602.4560	0.0000	5.0989
1786	-0.0000	-557.8901	0.0000	5.1014
1787	-0.0000	-570.4948	0.0000	5.1040
1788	-0.0000	-583.8627	0.0000	5.1070
1789	-0.0000	-582.3001	0.0000	5.1095
1790	-0.0000	-589.0689	0.0000	5.1122
1791	-0.0000	-599.0078	0.0000	5.1150
1792	-0.0000	-600.3442	0.0000	5.1176
1793	-0.0000	-572.1663	0.0000	5.1201
1794	-0.0000	-642.0306	0.0000	5.1226
1795	-0.0000	-590.4832	0.0000	5.1252
1796	-0.0000	-608.1625	0.0000	5.1278
1797	-0.0000	-563.7611	0.0000	5.1306
1798	-0.0000	-564.6056	0.0000	5.1331
1799	-0.0000	-562.8415	0.0000	5.1356
1800	-0.0000	-562.4196	0.0000	5.1382
1801	-0.0000	-621.0183	0.0000	5.1407
1802	-0.0000	-575.8749	0.0000	5.1432
1803	-0.0000	-565.7375	0.0000	5.1458
1804	-0.0000	-586.3684	0.0000	5.1484
1805	-0.0000	-566.0925	0.0000	5.1509
1806	-0.0000	-546.3038	0.0000	5.1536
1807	-0.0000	-542.3046	0.0000	5.1564
1808	-0.0000	-562.7389	0.0000	5.1593
1809	-0.0000	-562.1651	0.0000	5.1621
1810	-0.0000	-593.6822	0.0000	5.1647
1811	-0.0000	-568.5570	0.0000	5.1675
1812	-0.0000	-541.9665	0.0000	5.1701
1813	-0.0000	-562.2013	0.0000	5.1728
1814	-0.0000	-553.2721	0.0000	5.1753
1815	-0.0000	-551.7400	0.0000	5.1778
1816	-0.0000	-532.4856	0.0000	5.1804
1817	-0.0000	-557.2020	0.0000	5.1831
1818	-0.0000	-557.6056	0.0000	5.1857
1819	-0.0000	-551.9685	0.0000	5.1884
1820	-0.0000	-544.9754	0.0000	5.1909
1821	-0.0000	-556.3850	0.0000	5.1934
1822	-0.0000	-562.5886	0.0000	5.1961
1823	-0.0000	-566.8625	0.0000	5.1990
1824	-0.0000	-600.5323	0.0000	5.2016
1825	-0.0000	-585.6793	0.0000	5.2041
1826	-0.0000	-561.5849	0.0000	5.2068
1827	-0.0000	-586.2323	0.0000	5.2093
1828	-0.0000	-583.6827	0.0000	5.2127
1829	-0.0000	-579.3234	0.0000	5.2154
1830	-0.0000	-576.9344	0.0000	5.2182
1831	-0.0000	-579.5227	0.0000	5.2209
1832	-0.0000	-595.9590	0.0000	5.2234
1833	-0.0000	-584.4345	0.0000	5.2259
1834	-0.0000	-566.6472	0.0000	5.2283
1835	-0.0000	-549.2606	0.0000	5.2311
1836	-0.0000	-591.1787	0.0000	5.2336
1837	-0.0000	-563.7962	0.0000	5.2362
1838	-0.0000	-576.3854	0.0000	5.2388
1839	-0.0000	-578.0222	0.0000	5.2417
1840	-0.0000	-557.4045	0.0000	5.2443
1841	-0.0000	-561.3873	0.0000	5.2469
1842	-0.0000	-558.1772	0.0000	5.2495
1843	-0.0000	-566.8779	0.0000	5.2521
1844	-0.0000	-545.5968	0.0000	5.2547
1845	-0.0000	-578.2355	0.0000	5.2577
1846	-0.0000	-572.2425	0.0000	5.2602
1847	-0.0000	-589.1100	0.0000	5.2629
1848	-0.0000	-577.1846	0.0000	5.2655
1849	-0.0000	-593.9323	0.0000	5.2680
1850	-0.0000	-602.5956	0.0000	5.2706
1851	-0.0000	-605.2217	0.0000	5.2730
1852	-0.0000	-618.7058	0.0000	5.2756
1853	-0.0000	-588.7983	0.0000	5.2781
1854	-0.0000	-584.2349	0.0000	5.2806
1855	-0.0000	-611.3661	0.0000	5.2833
1856	-0.0000	-610.8633	0.0000	5.2859
1857	-0.0000	-579.7483	0.0000	5.2885
1858	-0.0000	-566.6838	0.0000	5.2911
1859	-0.0000	-624.4908	0.0000	5.2937
1860	-0.0000	-555.5907	0.0000	5.2963
1861	-0.0000	-573.3430	0.0000	5.2989
1862	-0.0000	-576.7653	0.0000	5.3015
1863	-0.0000	-587.4395	0.0000	5.3039
1864	-0.0000	-584.2946	0.0000	5.3069
1865	-0.0000	-565.3519	0.0000	5.3094
Pos: [-0.49969489006911183, -4.01259654219751, -4.880896733444289]

=================================================================================================================