ID: vincent	Date: 2019-05-03 21:24:23	Runs: 10
=================================================================================================================
Run: 0
Iter	Gbest	AvrFit	Diver	ETime	
0	0.9975	0.2177	0.0000	0.0019
1	0.9975	0.2479	0.0000	0.0035
2	0.9975	0.4012	0.0000	0.0051
3	0.9975	0.4384	0.0000	0.0066
4	0.9998	0.4825	0.0000	0.0081
5	0.9998	0.5040	0.0000	0.0096
6	0.9998	0.6065	0.0000	0.0111
7	0.9998	0.6125	0.0000	0.0126
8	0.9998	0.6493	0.0000	0.0140
9	0.9998	0.6914	0.0000	0.0155
10	0.9998	0.7582	0.0000	0.0170
11	0.9998	0.7063	0.0000	0.0184
12	0.9998	0.6861	0.0000	0.0199
13	0.9998	0.7160	0.0000	0.0214
14	0.9998	0.6899	0.0000	0.0228
15	0.9998	0.6662	0.0000	0.0243
16	0.9998	0.7113	0.0000	0.0258
17	0.9998	0.7284	0.0000	0.0272
18	0.9999	0.7586	0.0000	0.0287
19	1.0000	0.7761	0.0000	0.0303
20	1.0000	0.6873	0.0000	0.0317
21	1.0000	0.6980	0.0000	0.0332
22	1.0000	0.7539	0.0000	0.0347
23	1.0000	0.7912	0.0000	0.0361
24	1.0000	0.6921	0.0000	0.0376
25	1.0000	0.7292	0.0000	0.0390
26	1.0000	0.7551	0.0000	0.0404
27	1.0000	0.7657	0.0000	0.0419
28	1.0000	0.7420	0.0000	0.0434
29	1.0000	0.6799	0.0000	0.0448
30	1.0000	0.7721	0.0000	0.0463
31	1.0000	0.7541	0.0000	0.0478
32	1.0000	0.7359	0.0000	0.0492
33	1.0000	0.7638	0.0000	0.0507
34	1.0000	0.7549	0.0000	0.0522
35	1.0000	0.7748	0.0000	0.0536
36	1.0000	0.7320	0.0000	0.0551
37	1.0000	0.7031	0.0000	0.0566
38	1.0000	0.7437	0.0000	0.0580
39	1.0000	0.7557	0.0000	0.0595
40	1.0000	0.7444	0.0000	0.0611
41	1.0000	0.7626	0.0000	0.0626
42	1.0000	0.7755	0.0000	0.0640
43	1.0000	0.7531	0.0000	0.0656
44	1.0000	0.7421	0.0000	0.0670
45	1.0000	0.7806	0.0000	0.0685
46	1.0000	0.7600	0.0000	0.0699
47	1.0000	0.7966	0.0000	0.0714
48	1.0000	0.7944	0.0000	0.0728
49	1.0000	0.8551	0.0000	0.0742
50	1.0000	0.8420	0.0000	0.0756
51	1.0000	0.8203	0.0000	0.0769
52	1.0000	0.8204	0.0000	0.0784
53	1.0000	0.7877	0.0000	0.0798
54	1.0000	0.7928	0.0000	0.0812
55	1.0000	0.8308	0.0000	0.0826
56	1.0000	0.7979	0.0000	0.0840
57	1.0000	0.7486	0.0000	0.0854
58	1.0000	0.7820	0.0000	0.0868
59	1.0000	0.8419	0.0000	0.0882
60	1.0000	0.8039	0.0000	0.0897
61	1.0000	0.8121	0.0000	0.0912
62	1.0000	0.8032	0.0000	0.0926
63	1.0000	0.7841	0.0000	0.0941
64	1.0000	0.8293	0.0000	0.0954
65	1.0000	0.8161	0.0000	0.0968
66	1.0000	0.7948	0.0000	0.0982
67	1.0000	0.8000	0.0000	0.0996
68	1.0000	0.8133	0.0000	0.1010
69	1.0000	0.8122	0.0000	0.1024
70	1.0000	0.7836	0.0000	0.1038
71	1.0000	0.7783	0.0000	0.1052
72	1.0000	0.8104	0.0000	0.1066
73	1.0000	0.8010	0.0000	0.1080
74	1.0000	0.7987	0.0000	0.1094
75	1.0000	0.8026	0.0000	0.1108
76	1.0000	0.8510	0.0000	0.1122
77	1.0000	0.8468	0.0000	0.1136
78	1.0000	0.8297	0.0000	0.1151
79	1.0000	0.8222	0.0000	0.1165
80	1.0000	0.8493	0.0000	0.1179
81	1.0000	0.8413	0.0000	0.1193
82	1.0000	0.8417	0.0000	0.1208
83	1.0000	0.8287	0.0000	0.1223
84	1.0000	0.8257	0.0000	0.1237
85	1.0000	0.8683	0.0000	0.1251
86	1.0000	0.8646	0.0000	0.1266
87	1.0000	0.8339	0.0000	0.1280
88	1.0000	0.8372	0.0000	0.1295
89	1.0000	0.8189	0.0000	0.1310
90	1.0000	0.8027	0.0000	0.1325
91	1.0000	0.8295	0.0000	0.1338
92	1.0000	0.8090	0.0000	0.1353
93	1.0000	0.8135	0.0000	0.1367
94	1.0000	0.8084	0.0000	0.1381
95	1.0000	0.7563	0.0000	0.1396
96	1.0000	0.8314	0.0000	0.1411
97	1.0000	0.7809	0.0000	0.1427
98	1.0000	0.7641	0.0000	0.1443
99	1.0000	0.7956	0.0000	0.1457
100	1.0000	0.8188	0.0000	0.1472
101	1.0000	0.8383	0.0000	0.1487
102	1.0000	0.7672	0.0000	0.1501
103	1.0000	0.8063	0.0000	0.1516
104	1.0000	0.7829	0.0000	0.1530
105	1.0000	0.8022	0.0000	0.1545
106	1.0000	0.8274	0.0000	0.1560
107	1.0000	0.8009	0.0000	0.1576
108	1.0000	0.8000	0.0000	0.1591
109	1.0000	0.7821	0.0000	0.1606
110	1.0000	0.7914	0.0000	0.1620
111	1.0000	0.8278	0.0000	0.1635
112	1.0000	0.8376	0.0000	0.1649
113	1.0000	0.8090	0.0000	0.1664
114	1.0000	0.8164	0.0000	0.1679
115	1.0000	0.8161	0.0000	0.1694
116	1.0000	0.8050	0.0000	0.1708
117	1.0000	0.8251	0.0000	0.1724
118	1.0000	0.8256	0.0000	0.1739
119	1.0000	0.8246	0.0000	0.1757
120	1.0000	0.8044	0.0000	0.1771
121	1.0000	0.7944	0.0000	0.1788
122	1.0000	0.8032	0.0000	0.1803
123	1.0000	0.8202	0.0000	0.1818
124	1.0000	0.8146	0.0000	0.1833
125	1.0000	0.8398	0.0000	0.1848
126	1.0000	0.8038	0.0000	0.1863
127	1.0000	0.8350	0.0000	0.1877
128	1.0000	0.8113	0.0000	0.1894
129	1.0000	0.8293	0.0000	0.1909
130	1.0000	0.8124	0.0000	0.1924
131	1.0000	0.8280	0.0000	0.1939
132	1.0000	0.8110	0.0000	0.1955
133	1.0000	0.7892	0.0000	0.1971
134	1.0000	0.8368	0.0000	0.1986
135	1.0000	0.8222	0.0000	0.2001
136	1.0000	0.8042	0.0000	0.2017
137	1.0000	0.8105	0.0000	0.2032
138	1.0000	0.7489	0.0000	0.2049
139	1.0000	0.8333	0.0000	0.2063
140	1.0000	0.8010	0.0000	0.2078
141	1.0000	0.7515	0.0000	0.2093
142	1.0000	0.8009	0.0000	0.2109
143	1.0000	0.7846	0.0000	0.2124
144	1.0000	0.7122	0.0000	0.2138
145	1.0000	0.7497	0.0000	0.2152
146	1.0000	0.7839	0.0000	0.2166
147	1.0000	0.8321	0.0000	0.2182
148	1.0000	0.7843	0.0000	0.2196
149	1.0000	0.7474	0.0000	0.2210
150	1.0000	0.7864	0.0000	0.2224
151	1.0000	0.7727	0.0000	0.2239
152	1.0000	0.7687	0.0000	0.2255
153	1.0000	0.8169	0.0000	0.2269
154	1.0000	0.7370	0.0000	0.2284
155	1.0000	0.8372	0.0000	0.2297
156	1.0000	0.7753	0.0000	0.2311
157	1.0000	0.8046	0.0000	0.2325
158	1.0000	0.7914	0.0000	0.2341
159	1.0000	0.8063	0.0000	0.2356
160	1.0000	0.8049	0.0000	0.2373
161	1.0000	0.8021	0.0000	0.2388
162	1.0000	0.7851	0.0000	0.2403
163	1.0000	0.8107	0.0000	0.2417
164	1.0000	0.8145	0.0000	0.2434
165	1.0000	0.8189	0.0000	0.2449
166	1.0000	0.8216	0.0000	0.2463
167	1.0000	0.8229	0.0000	0.2478
168	1.0000	0.8290	0.0000	0.2495
169	1.0000	0.8285	0.0000	0.2508
170	1.0000	0.8283	0.0000	0.2523
171	1.0000	0.8017	0.0000	0.2537
172	1.0000	0.8512	0.0000	0.2551
173	1.0000	0.8328	0.0000	0.2566
174	1.0000	0.7977	0.0000	0.2580
175	1.0000	0.8274	0.0000	0.2594
176	1.0000	0.8172	0.0000	0.2608
177	1.0000	0.8181	0.0000	0.2623
178	1.0000	0.8397	0.0000	0.2637
179	1.0000	0.7561	0.0000	0.2652
180	1.0000	0.7826	0.0000	0.2666
181	1.0000	0.8265	0.0000	0.2680
182	1.0000	0.8315	0.0000	0.2697
183	1.0000	0.7517	0.0000	0.2712
184	1.0000	0.7762	0.0000	0.2727
185	1.0000	0.8405	0.0000	0.2743
186	1.0000	0.8209	0.0000	0.2758
187	1.0000	0.8668	0.0000	0.2775
188	1.0000	0.7935	0.0000	0.2795
189	1.0000	0.7999	0.0000	0.2813
190	1.0000	0.8088	0.0000	0.2828
191	1.0000	0.7816	0.0000	0.2842
192	1.0000	0.7870	0.0000	0.2857
193	1.0000	0.7950	0.0000	0.2872
194	1.0000	0.8020	0.0000	0.2888
195	1.0000	0.8099	0.0000	0.2903
196	1.0000	0.8373	0.0000	0.2918
197	1.0000	0.8545	0.0000	0.2934
198	1.0000	0.7768	0.0000	0.2950
199	1.0000	0.7709	0.0000	0.2967
200	1.0000	0.8165	0.0000	0.2983
201	1.0000	0.7938	0.0000	0.2998
202	1.0000	0.8236	0.0000	0.3013
203	1.0000	0.8422	0.0000	0.3033
204	1.0000	0.8092	0.0000	0.3049
205	1.0000	0.7940	0.0000	0.3064
206	1.0000	0.8015	0.0000	0.3080
207	1.0000	0.7837	0.0000	0.3098
208	1.0000	0.7981	0.0000	0.3114
209	1.0000	0.8017	0.0000	0.3133
210	1.0000	0.8112	0.0000	0.3152
211	1.0000	0.7838	0.0000	0.3167
212	1.0000	0.7820	0.0000	0.3182
213	1.0000	0.7742	0.0000	0.3197
214	1.0000	0.7869	0.0000	0.3213
215	1.0000	0.7880	0.0000	0.3228
216	1.0000	0.8037	0.0000	0.3243
217	1.0000	0.8176	0.0000	0.3259
218	1.0000	0.8060	0.0000	0.3275
219	1.0000	0.7681	0.0000	0.3291
220	1.0000	0.7820	0.0000	0.3307
221	1.0000	0.8139	0.0000	0.3322
222	1.0000	0.7591	0.0000	0.3337
223	1.0000	0.7829	0.0000	0.3351
224	1.0000	0.7979	0.0000	0.3368
225	1.0000	0.7958	0.0000	0.3385
226	1.0000	0.8098	0.0000	0.3399
227	1.0000	0.7774	0.0000	0.3414
228	1.0000	0.8354	0.0000	0.3431
229	1.0000	0.7637	0.0000	0.3446
230	1.0000	0.7889	0.0000	0.3462
231	1.0000	0.8326	0.0000	0.3480
232	1.0000	0.8165	0.0000	0.3498
233	1.0000	0.8347	0.0000	0.3512
234	1.0000	0.8161	0.0000	0.3529
235	1.0000	0.7771	0.0000	0.3543
236	1.0000	0.7988	0.0000	0.3559
237	1.0000	0.8058	0.0000	0.3573
238	1.0000	0.8282	0.0000	0.3587
239	1.0000	0.8595	0.0000	0.3601
240	1.0000	0.8287	0.0000	0.3617
241	1.0000	0.8390	0.0000	0.3631
242	1.0000	0.8453	0.0000	0.3647
243	1.0000	0.8581	0.0000	0.3660
244	1.0000	0.7983	0.0000	0.3675
245	1.0000	0.8557	0.0000	0.3690
246	1.0000	0.7853	0.0000	0.3706
247	1.0000	0.7630	0.0000	0.3720
248	1.0000	0.7617	0.0000	0.3736
249	1.0000	0.8028	0.0000	0.3753
250	1.0000	0.8097	0.0000	0.3769
251	1.0000	0.7280	0.0000	0.3785
252	1.0000	0.7832	0.0000	0.3802
253	1.0000	0.7717	0.0000	0.3818
254	1.0000	0.8116	0.0000	0.3832
255	1.0000	0.8237	0.0000	0.3849
256	1.0000	0.7788	0.0000	0.3864
257	1.0000	0.7938	0.0000	0.3881
258	1.0000	0.7827	0.0000	0.3894
259	1.0000	0.8172	0.0000	0.3909
260	1.0000	0.8266	0.0000	0.3923
261	1.0000	0.8108	0.0000	0.3937
262	1.0000	0.8316	0.0000	0.3953
263	1.0000	0.8337	0.0000	0.3968
264	1.0000	0.8203	0.0000	0.3984
265	1.0000	0.8176	0.0000	0.3998
266	1.0000	0.8053	0.0000	0.4014
267	1.0000	0.8038	0.0000	0.4032
268	1.0000	0.8285	0.0000	0.4048
269	1.0000	0.8156	0.0000	0.4065
270	1.0000	0.7882	0.0000	0.4088
271	1.0000	0.8258	0.0000	0.4105
272	1.0000	0.8135	0.0000	0.4123
273	1.0000	0.7606	0.0000	0.4140
274	1.0000	0.7632	0.0000	0.4158
275	1.0000	0.7722	0.0000	0.4176
276	1.0000	0.7974	0.0000	0.4193
277	1.0000	0.8080	0.0000	0.4208
278	1.0000	0.7544	0.0000	0.4225
279	1.0000	0.8200	0.0000	0.4240
280	1.0000	0.8206	0.0000	0.4257
281	1.0000	0.7901	0.0000	0.4272
282	1.0000	0.7997	0.0000	0.4287
283	1.0000	0.7933	0.0000	0.4301
284	1.0000	0.8369	0.0000	0.4317
285	1.0000	0.8332	0.0000	0.4333
286	1.0000	0.8509	0.0000	0.4352
287	1.0000	0.8315	0.0000	0.4369
288	1.0000	0.8410	0.0000	0.4386
289	1.0000	0.8040	0.0000	0.4400
290	1.0000	0.7823	0.0000	0.4416
291	1.0000	0.8174	0.0000	0.4437
292	1.0000	0.8030	0.0000	0.4454
293	1.0000	0.8035	0.0000	0.4473
294	1.0000	0.8079	0.0000	0.4491
295	1.0000	0.7754	0.0000	0.4509
296	1.0000	0.7223	0.0000	0.4523
297	1.0000	0.7412	0.0000	0.4540
298	1.0000	0.7825	0.0000	0.4554
299	1.0000	0.7527	0.0000	0.4570
300	1.0000	0.8101	0.0000	0.4586
301	1.0000	0.7263	0.0000	0.4603
302	1.0000	0.7345	0.0000	0.4618
303	1.0000	0.7537	0.0000	0.4633
304	1.0000	0.7710	0.0000	0.4647
305	1.0000	0.7676	0.0000	0.4662
306	1.0000	0.7489	0.0000	0.4677
307	1.0000	0.7767	0.0000	0.4694
308	1.0000	0.7782	0.0000	0.4711
309	1.0000	0.7756	0.0000	0.4725
310	1.0000	0.7579	0.0000	0.4738
311	1.0000	0.7814	0.0000	0.4752
312	1.0000	0.7880	0.0000	0.4768
313	1.0000	0.7949	0.0000	0.4782
314	1.0000	0.7764	0.0000	0.4797
315	1.0000	0.8023	0.0000	0.4814
316	1.0000	0.8121	0.0000	0.4830
317	1.0000	0.8195	0.0000	0.4851
318	1.0000	0.8256	0.0000	0.4866
319	1.0000	0.8320	0.0000	0.4881
320	1.0000	0.8486	0.0000	0.4898
321	1.0000	0.8472	0.0000	0.4916
322	1.0000	0.7411	0.0000	0.4932
323	1.0000	0.7573	0.0000	0.4947
324	1.0000	0.7782	0.0000	0.4962
325	1.0000	0.7633	0.0000	0.4976
326	1.0000	0.8215	0.0000	0.4989
327	1.0000	0.7782	0.0000	0.5007
328	1.0000	0.8096	0.0000	0.5021
329	1.0000	0.8035	0.0000	0.5036
330	1.0000	0.8481	0.0000	0.5050
331	1.0000	0.7907	0.0000	0.5066
332	1.0000	0.8177	0.0000	0.5081
333	1.0000	0.7976	0.0000	0.5098
334	1.0000	0.8044	0.0000	0.5116
335	1.0000	0.7826	0.0000	0.5130
336	1.0000	0.7809	0.0000	0.5148
337	1.0000	0.7941	0.0000	0.5162
338	1.0000	0.7872	0.0000	0.5180
339	1.0000	0.7961	0.0000	0.5195
340	1.0000	0.7807	0.0000	0.5209
341	1.0000	0.7917	0.0000	0.5223
342	1.0000	0.8022	0.0000	0.5239
343	1.0000	0.8274	0.0000	0.5254
344	1.0000	0.7991	0.0000	0.5267
345	1.0000	0.8327	0.0000	0.5284
346	1.0000	0.8274	0.0000	0.5297
347	1.0000	0.8754	0.0000	0.5312
348	1.0000	0.8133	0.0000	0.5328
349	1.0000	0.7878	0.0000	0.5342
350	1.0000	0.8542	0.0000	0.5358
351	1.0000	0.8234	0.0000	0.5373
352	1.0000	0.8156	0.0000	0.5389
353	1.0000	0.8456	0.0000	0.5405
354	1.0000	0.8212	0.0000	0.5422
355	1.0000	0.8317	0.0000	0.5436
356	1.0000	0.8168	0.0000	0.5451
357	1.0000	0.8512	0.0000	0.5470
358	1.0000	0.8208	0.0000	0.5485
359	1.0000	0.8733	0.0000	0.5503
360	1.0000	0.8699	0.0000	0.5517
361	1.0000	0.8458	0.0000	0.5534
362	1.0000	0.8456	0.0000	0.5550
363	1.0000	0.8517	0.0000	0.5566
364	1.0000	0.8711	0.0000	0.5580
365	1.0000	0.8594	0.0000	0.5594
366	1.0000	0.8199	0.0000	0.5610
367	1.0000	0.8323	0.0000	0.5624
368	1.0000	0.8668	0.0000	0.5639
369	1.0000	0.8045	0.0000	0.5657
370	1.0000	0.8609	0.0000	0.5674
371	1.0000	0.8448	0.0000	0.5690
372	1.0000	0.8424	0.0000	0.5708
373	1.0000	0.8199	0.0000	0.5725
374	1.0000	0.8905	0.0000	0.5741
375	1.0000	0.8666	0.0000	0.5758
376	1.0000	0.8974	0.0000	0.5777
377	1.0000	0.8172	0.0000	0.5792
378	1.0000	0.7950	0.0000	0.5813
379	1.0000	0.8271	0.0000	0.5827
380	1.0000	0.8317	0.0000	0.5848
381	1.0000	0.7973	0.0000	0.5865
382	1.0000	0.7752	0.0000	0.5885
383	1.0000	0.8301	0.0000	0.5903
384	1.0000	0.8086	0.0000	0.5920
385	1.0000	0.7486	0.0000	0.5936
386	1.0000	0.8132	0.0000	0.5951
387	1.0000	0.8276	0.0000	0.5966
388	1.0000	0.8177	0.0000	0.5981
389	1.0000	0.7655	0.0000	0.5997
390	1.0000	0.8122	0.0000	0.6016
391	1.0000	0.8180	0.0000	0.6033
392	1.0000	0.8287	0.0000	0.6050
393	1.0000	0.8088	0.0000	0.6065
394	1.0000	0.8437	0.0000	0.6081
395	1.0000	0.7995	0.0000	0.6095
396	1.0000	0.8032	0.0000	0.6112
397	1.0000	0.8557	0.0000	0.6126
398	1.0000	0.8206	0.0000	0.6140
399	1.0000	0.8330	0.0000	0.6155
400	1.0000	0.8456	0.0000	0.6169
401	1.0000	0.8127	0.0000	0.6185
402	1.0000	0.8659	0.0000	0.6200
403	1.0000	0.8124	0.0000	0.6216
404	1.0000	0.8267	0.0000	0.6232
405	1.0000	0.8476	0.0000	0.6247
406	1.0000	0.8462	0.0000	0.6262
407	1.0000	0.8557	0.0000	0.6276
408	1.0000	0.7852	0.0000	0.6291
409	1.0000	0.7994	0.0000	0.6308
410	1.0000	0.8296	0.0000	0.6323
411	1.0000	0.7794	0.0000	0.6336
412	1.0000	0.8081	0.0000	0.6351
413	1.0000	0.8199	0.0000	0.6365
414	1.0000	0.7774	0.0000	0.6380
415	1.0000	0.8111	0.0000	0.6394
416	1.0000	0.8515	0.0000	0.6409
417	1.0000	0.8528	0.0000	0.6424
418	1.0000	0.8573	0.0000	0.6441
419	1.0000	0.8196	0.0000	0.6457
420	1.0000	0.8119	0.0000	0.6472
421	1.0000	0.8180	0.0000	0.6486
422	1.0000	0.7912	0.0000	0.6503
423	1.0000	0.8548	0.0000	0.6517
424	1.0000	0.8338	0.0000	0.6533
425	1.0000	0.7820	0.0000	0.6550
426	1.0000	0.8119	0.0000	0.6564
427	1.0000	0.8035	0.0000	0.6579
428	1.0000	0.8448	0.0000	0.6600
429	1.0000	0.8301	0.0000	0.6614
430	1.0000	0.8479	0.0000	0.6629
431	1.0000	0.8717	0.0000	0.6647
432	1.0000	0.8216	0.0000	0.6660
433	1.0000	0.8310	0.0000	0.6677
434	1.0000	0.7940	0.0000	0.6693
435	1.0000	0.8316	0.0000	0.6710
436	1.0000	0.8445	0.0000	0.6728
437	1.0000	0.8501	0.0000	0.6745
438	1.0000	0.8592	0.0000	0.6764
439	1.0000	0.8173	0.0000	0.6778
440	1.0000	0.8351	0.0000	0.6794
441	1.0000	0.8035	0.0000	0.6808
442	1.0000	0.8504	0.0000	0.6823
443	1.0000	0.8534	0.0000	0.6838
444	1.0000	0.8670	0.0000	0.6853
445	1.0000	0.8758	0.0000	0.6871
446	1.0000	0.8373	0.0000	0.6886
447	1.0000	0.8338	0.0000	0.6902
448	1.0000	0.8165	0.0000	0.6918
449	1.0000	0.8433	0.0000	0.6933
450	1.0000	0.8581	0.0000	0.6949
451	1.0000	0.8262	0.0000	0.6965
452	1.0000	0.8668	0.0000	0.6979
453	1.0000	0.8674	0.0000	0.6995
454	1.0000	0.8187	0.0000	0.7014
455	1.0000	0.8466	0.0000	0.7030
456	1.0000	0.7996	0.0000	0.7046
457	1.0000	0.8208	0.0000	0.7065
458	1.0000	0.8028	0.0000	0.7082
459	1.0000	0.8101	0.0000	0.7101
460	1.0000	0.7773	0.0000	0.7118
461	1.0000	0.8381	0.0000	0.7133
462	1.0000	0.7996	0.0000	0.7149
463	1.0000	0.8131	0.0000	0.7166
464	1.0000	0.8230	0.0000	0.7182
465	1.0000	0.8502	0.0000	0.7196
466	1.0000	0.8006	0.0000	0.7215
467	1.0000	0.8306	0.0000	0.7229
468	1.0000	0.7740	0.0000	0.7244
469	1.0000	0.8342	0.0000	0.7259
470	1.0000	0.8533	0.0000	0.7274
471	1.0000	0.8313	0.0000	0.7288
472	1.0000	0.8417	0.0000	0.7306
473	1.0000	0.8402	0.0000	0.7320
474	1.0000	0.8677	0.0000	0.7335
475	1.0000	0.8690	0.0000	0.7351
476	1.0000	0.8846	0.0000	0.7367
477	1.0000	0.8462	0.0000	0.7381
478	1.0000	0.8472	0.0000	0.7398
479	1.0000	0.8725	0.0000	0.7416
480	1.0000	0.8319	0.0000	0.7434
481	1.0000	0.8416	0.0000	0.7449
482	1.0000	0.8690	0.0000	0.7463
483	1.0000	0.8561	0.0000	0.7479
484	1.0000	0.8474	0.0000	0.7494
485	1.0000	0.8593	0.0000	0.7509
486	1.0000	0.8859	0.0000	0.7523
487	1.0000	0.8726	0.0000	0.7544
488	1.0000	0.8618	0.0000	0.7561
489	1.0000	0.8790	0.0000	0.7577
490	1.0000	0.8396	0.0000	0.7594
491	1.0000	0.8471	0.0000	0.7608
492	1.0000	0.8331	0.0000	0.7623
493	1.0000	0.8641	0.0000	0.7639
494	1.0000	0.8870	0.0000	0.7656
495	1.0000	0.8326	0.0000	0.7669
496	1.0000	0.8103	0.0000	0.7685
497	1.0000	0.8190	0.0000	0.7700
498	1.0000	0.8223	0.0000	0.7717
499	1.0000	0.8293	0.0000	0.7733
500	1.0000	0.8187	0.0000	0.7748
501	1.0000	0.8080	0.0000	0.7762
502	1.0000	0.8391	0.0000	0.7777
503	1.0000	0.8274	0.0000	0.7792
504	1.0000	0.8628	0.0000	0.7808
505	1.0000	0.8076	0.0000	0.7824
506	1.0000	0.8294	0.0000	0.7844
507	1.0000	0.8475	0.0000	0.7859
508	1.0000	0.7810	0.0000	0.7879
509	1.0000	0.8378	0.0000	0.7895
510	1.0000	0.8069	0.0000	0.7915
511	1.0000	0.8017	0.0000	0.7930
512	1.0000	0.7941	0.0000	0.7944
513	1.0000	0.8235	0.0000	0.7961
514	1.0000	0.8249	0.0000	0.7975
515	1.0000	0.8418	0.0000	0.7993
516	1.0000	0.7971	0.0000	0.8010
517	1.0000	0.8159	0.0000	0.8026
518	1.0000	0.8303	0.0000	0.8040
519	1.0000	0.7690	0.0000	0.8054
520	1.0000	0.8216	0.0000	0.8074
521	1.0000	0.7951	0.0000	0.8090
522	1.0000	0.7668	0.0000	0.8108
523	1.0000	0.8146	0.0000	0.8124
524	1.0000	0.7853	0.0000	0.8140
525	1.0000	0.8243	0.0000	0.8156
526	1.0000	0.8155	0.0000	0.8177
527	1.0000	0.8016	0.0000	0.8194
528	1.0000	0.8240	0.0000	0.8209
529	1.0000	0.8232	0.0000	0.8226
530	1.0000	0.8458	0.0000	0.8242
531	1.0000	0.7651	0.0000	0.8263
532	1.0000	0.8069	0.0000	0.8284
533	1.0000	0.8290	0.0000	0.8301
534	1.0000	0.7451	0.0000	0.8319
535	1.0000	0.8134	0.0000	0.8335
536	1.0000	0.7662	0.0000	0.8356
537	1.0000	0.8152	0.0000	0.8373
538	1.0000	0.8403	0.0000	0.8391
539	1.0000	0.8243	0.0000	0.8405
540	1.0000	0.8137	0.0000	0.8420
541	1.0000	0.8538	0.0000	0.8441
542	1.0000	0.8730	0.0000	0.8457
543	1.0000	0.8485	0.0000	0.8474
544	1.0000	0.8349	0.0000	0.8490
545	1.0000	0.8360	0.0000	0.8508
546	1.0000	0.8365	0.0000	0.8526
547	1.0000	0.8491	0.0000	0.8542
548	1.0000	0.8563	0.0000	0.8563
549	1.0000	0.8098	0.0000	0.8583
550	1.0000	0.7551	0.0000	0.8602
551	1.0000	0.8205	0.0000	0.8619
552	1.0000	0.8304	0.0000	0.8636
553	1.0000	0.8555	0.0000	0.8656
554	1.0000	0.8415	0.0000	0.8670
555	1.0000	0.8463	0.0000	0.8686
556	1.0000	0.8159	0.0000	0.8701
557	1.0000	0.8160	0.0000	0.8717
558	1.0000	0.8505	0.0000	0.8732
559	1.0000	0.7959	0.0000	0.8746
560	1.0000	0.8574	0.0000	0.8761
561	1.0000	0.8182	0.0000	0.8778
562	1.0000	0.8726	0.0000	0.8791
563	1.0000	0.8740	0.0000	0.8805
564	1.0000	0.8505	0.0000	0.8818
565	1.0000	0.8960	0.0000	0.8834
566	1.0000	0.8332	0.0000	0.8849
567	1.0000	0.8852	0.0000	0.8862
568	1.0000	0.8875	0.0000	0.8876
569	1.0000	0.8790	0.0000	0.8894
570	1.0000	0.9003	0.0000	0.8908
571	1.0000	0.8822	0.0000	0.8927
572	1.0000	0.8970	0.0000	0.8947
573	1.0000	0.9175	0.0000	0.8965
574	1.0000	0.8848	0.0000	0.8984
575	1.0000	0.8576	0.0000	0.8998
576	1.0000	0.8711	0.0000	0.9016
577	1.0000	0.8758	0.0000	0.9030
578	1.0000	0.8509	0.0000	0.9047
579	1.0000	0.8734	0.0000	0.9066
580	1.0000	0.8719	0.0000	0.9082
581	1.0000	0.9128	0.0000	0.9098
582	1.0000	0.9056	0.0000	0.9113
583	1.0000	0.8399	0.0000	0.9127
584	1.0000	0.8289	0.0000	0.9140
585	1.0000	0.8158	0.0000	0.9154
586	1.0000	0.8491	0.0000	0.9171
587	1.0000	0.8816	0.0000	0.9185
588	1.0000	0.8327	0.0000	0.9199
589	1.0000	0.8444	0.0000	0.9212
590	1.0000	0.8699	0.0000	0.9228
591	1.0000	0.8388	0.0000	0.9243
592	1.0000	0.8492	0.0000	0.9259
593	1.0000	0.8514	0.0000	0.9281
594	1.0000	0.8464	0.0000	0.9299
595	1.0000	0.8598	0.0000	0.9318
596	1.0000	0.8832	0.0000	0.9332
597	1.0000	0.8436	0.0000	0.9351
598	1.0000	0.8615	0.0000	0.9368
599	1.0000	0.8684	0.0000	0.9381
600	1.0000	0.8845	0.0000	0.9395
601	1.0000	0.9053	0.0000	0.9415
602	1.0000	0.8428	0.0000	0.9431
603	1.0000	0.8610	0.0000	0.9449
604	1.0000	0.8729	0.0000	0.9464
605	1.0000	0.8539	0.0000	0.9480
606	1.0000	0.8140	0.0000	0.9494
607	1.0000	0.8482	0.0000	0.9512
608	1.0000	0.8116	0.0000	0.9532
609	1.0000	0.7886	0.0000	0.9550
610	1.0000	0.8317	0.0000	0.9564
611	1.0000	0.8280	0.0000	0.9579
612	1.0000	0.8205	0.0000	0.9598
613	1.0000	0.8235	0.0000	0.9613
614	1.0000	0.8009	0.0000	0.9629
615	1.0000	0.8287	0.0000	0.9649
616	1.0000	0.8410	0.0000	0.9669
617	1.0000	0.8394	0.0000	0.9685
618	1.0000	0.8167	0.0000	0.9703
619	1.0000	0.8245	0.0000	0.9723
620	1.0000	0.8459	0.0000	0.9741
621	1.0000	0.8114	0.0000	0.9757
622	1.0000	0.8032	0.0000	0.9774
623	1.0000	0.8487	0.0000	0.9792
624	1.0000	0.8488	0.0000	0.9806
625	1.0000	0.8035	0.0000	0.9821
626	1.0000	0.8222	0.0000	0.9839
627	1.0000	0.8272	0.0000	0.9853
628	1.0000	0.8512	0.0000	0.9868
629	1.0000	0.8250	0.0000	0.9882
630	1.0000	0.8334	0.0000	0.9900
631	1.0000	0.8371	0.0000	0.9915
632	1.0000	0.8515	0.0000	0.9929
633	1.0000	0.8308	0.0000	0.9947
634	1.0000	0.8741	0.0000	0.9963
635	1.0000	0.9043	0.0000	0.9981
636	1.0000	0.8567	0.0000	1.0001
637	1.0000	0.8821	0.0000	1.0017
638	1.0000	0.8519	0.0000	1.0036
639	1.0000	0.8844	0.0000	1.0052
640	1.0000	0.8615	0.0000	1.0069
641	1.0000	0.8591	0.0000	1.0088
642	1.0000	0.8649	0.0000	1.0102
643	1.0000	0.8528	0.0000	1.0121
644	1.0000	0.8060	0.0000	1.0135
645	1.0000	0.8637	0.0000	1.0155
646	1.0000	0.8116	0.0000	1.0176
647	1.0000	0.8361	0.0000	1.0190
648	1.0000	0.8154	0.0000	1.0208
649	1.0000	0.8549	0.0000	1.0225
650	1.0000	0.8141	0.0000	1.0239
651	1.0000	0.8314	0.0000	1.0256
652	1.0000	0.8136	0.0000	1.0273
653	1.0000	0.8018	0.0000	1.0287
654	1.0000	0.7944	0.0000	1.0303
655	1.0000	0.8380	0.0000	1.0317
656	1.0000	0.8025	0.0000	1.0343
657	1.0000	0.7660	0.0000	1.0361
658	1.0000	0.7652	0.0000	1.0377
659	1.0000	0.7803	0.0000	1.0396
660	1.0000	0.7315	0.0000	1.0412
661	1.0000	0.7615	0.0000	1.0427
662	1.0000	0.8138	0.0000	1.0445
663	1.0000	0.8074	0.0000	1.0461
664	1.0000	0.7972	0.0000	1.0478
665	1.0000	0.7746	0.0000	1.0492
666	1.0000	0.7538	0.0000	1.0509
667	1.0000	0.6714	0.0000	1.0533
668	1.0000	0.7182	0.0000	1.0550
669	1.0000	0.7247	0.0000	1.0564
670	1.0000	0.7352	0.0000	1.0581
671	1.0000	0.6924	0.0000	1.0595
672	1.0000	0.6255	0.0000	1.0609
673	1.0000	0.7622	0.0000	1.0625
674	1.0000	0.6745	0.0000	1.0639
675	1.0000	0.7491	0.0000	1.0653
676	1.0000	0.7102	0.0000	1.0672
677	1.0000	0.7161	0.0000	1.0690
678	1.0000	0.8009	0.0000	1.0709
679	1.0000	0.7995	0.0000	1.0725
680	1.0000	0.8132	0.0000	1.0744
681	1.0000	0.7851	0.0000	1.0758
682	1.0000	0.8190	0.0000	1.0773
683	1.0000	0.7845	0.0000	1.0789
684	1.0000	0.8165	0.0000	1.0809
685	1.0000	0.8301	0.0000	1.0830
686	1.0000	0.8033	0.0000	1.0846
687	1.0000	0.8199	0.0000	1.0863
688	1.0000	0.8030	0.0000	1.0877
689	1.0000	0.8261	0.0000	1.0894
690	1.0000	0.8028	0.0000	1.0908
691	1.0000	0.8495	0.0000	1.0931
692	1.0000	0.8049	0.0000	1.0947
693	1.0000	0.8197	0.0000	1.0964
694	1.0000	0.8155	0.0000	1.0982
695	1.0000	0.8470	0.0000	1.0997
696	1.0000	0.8243	0.0000	1.1012
697	1.0000	0.8241	0.0000	1.1032
698	1.0000	0.8521	0.0000	1.1046
699	1.0000	0.8305	0.0000	1.1071
700	1.0000	0.8180	0.0000	1.1085
701	1.0000	0.8455	0.0000	1.1104
702	1.0000	0.8365	0.0000	1.1124
703	1.0000	0.8579	0.0000	1.1143
704	1.0000	0.8448	0.0000	1.1159
705	1.0000	0.7848	0.0000	1.1175
706	1.0000	0.8127	0.0000	1.1200
707	1.0000	0.8061	0.0000	1.1216
708	1.0000	0.8195	0.0000	1.1233
709	1.0000	0.8035	0.0000	1.1249
710	1.0000	0.8595	0.0000	1.1266
711	1.0000	0.8189	0.0000	1.1282
712	1.0000	0.8285	0.0000	1.1302
713	1.0000	0.8361	0.0000	1.1319
714	1.0000	0.8289	0.0000	1.1333
715	1.0000	0.8398	0.0000	1.1347
716	1.0000	0.8610	0.0000	1.1362
717	1.0000	0.8053	0.0000	1.1378
718	1.0000	0.8544	0.0000	1.1393
719	1.0000	0.7714	0.0000	1.1408
720	1.0000	0.7702	0.0000	1.1430
721	1.0000	0.7916	0.0000	1.1447
722	1.0000	0.8296	0.0000	1.1465
723	1.0000	0.7876	0.0000	1.1485
724	1.0000	0.7634	0.0000	1.1502
725	1.0000	0.8099	0.0000	1.1526
726	1.0000	0.7851	0.0000	1.1546
727	1.0000	0.7762	0.0000	1.1561
728	1.0000	0.7935	0.0000	1.1579
729	1.0000	0.8121	0.0000	1.1597
730	1.0000	0.7857	0.0000	1.1615
731	1.0000	0.7903	0.0000	1.1631
732	1.0000	0.7628	0.0000	1.1648
733	1.0000	0.7633	0.0000	1.1664
734	1.0000	0.8125	0.0000	1.1680
735	1.0000	0.7786	0.0000	1.1700
736	1.0000	0.8277	0.0000	1.1717
737	1.0000	0.7858	0.0000	1.1733
738	1.0000	0.7951	0.0000	1.1749
739	1.0000	0.7656	0.0000	1.1762
740	1.0000	0.7986	0.0000	1.1776
741	1.0000	0.8054	0.0000	1.1792
742	1.0000	0.8036	0.0000	1.1807
743	1.0000	0.8099	0.0000	1.1825
744	1.0000	0.7989	0.0000	1.1845
745	1.0000	0.8000	0.0000	1.1862
746	1.0000	0.7947	0.0000	1.1880
747	1.0000	0.7835	0.0000	1.1898
748	1.0000	0.8119	0.0000	1.1911
749	1.0000	0.7994	0.0000	1.1927
750	1.0000	0.7827	0.0000	1.1945
751	1.0000	0.7994	0.0000	1.1962
752	1.0000	0.7625	0.0000	1.1976
753	1.0000	0.7715	0.0000	1.1992
754	1.0000	0.7614	0.0000	1.2008
755	1.0000	0.7906	0.0000	1.2023
756	1.0000	0.7874	0.0000	1.2041
757	1.0000	0.7837	0.0000	1.2061
758	1.0000	0.7754	0.0000	1.2077
759	1.0000	0.8357	0.0000	1.2100
760	1.0000	0.7066	0.0000	1.2119
761	1.0000	0.8084	0.0000	1.2135
762	1.0000	0.8297	0.0000	1.2152
763	1.0000	0.7854	0.0000	1.2168
764	1.0000	0.8027	0.0000	1.2191
765	1.0000	0.7573	0.0000	1.2207
766	1.0000	0.7925	0.0000	1.2226
767	1.0000	0.7952	0.0000	1.2245
768	1.0000	0.8335	0.0000	1.2261
769	1.0000	0.7973	0.0000	1.2280
770	1.0000	0.8257	0.0000	1.2296
771	1.0000	0.8208	0.0000	1.2313
772	1.0000	0.8207	0.0000	1.2332
773	1.0000	0.8434	0.0000	1.2346
774	1.0000	0.8232	0.0000	1.2363
775	1.0000	0.8247	0.0000	1.2381
776	1.0000	0.8568	0.0000	1.2398
777	1.0000	0.8241	0.0000	1.2416
778	1.0000	0.8281	0.0000	1.2437
779	1.0000	0.8146	0.0000	1.2456
780	1.0000	0.8145	0.0000	1.2474
781	1.0000	0.8174	0.0000	1.2493
782	1.0000	0.8089	0.0000	1.2512
783	1.0000	0.8519	0.0000	1.2530
784	1.0000	0.8501	0.0000	1.2547
785	1.0000	0.8216	0.0000	1.2570
786	1.0000	0.7927	0.0000	1.2586
787	1.0000	0.8146	0.0000	1.2607
788	1.0000	0.8743	0.0000	1.2622
789	1.0000	0.8940	0.0000	1.2638
790	1.0000	0.8820	0.0000	1.2655
791	1.0000	0.9118	0.0000	1.2674
792	1.0000	0.8730	0.0000	1.2690
793	1.0000	0.8707	0.0000	1.2705
794	1.0000	0.8351	0.0000	1.2723
795	1.0000	0.8701	0.0000	1.2739
796	1.0000	0.8703	0.0000	1.2755
797	1.0000	0.8889	0.0000	1.2773
798	1.0000	0.8554	0.0000	1.2791
799	1.0000	0.8721	0.0000	1.2808
800	1.0000	0.8155	0.0000	1.2826
801	1.0000	0.8721	0.0000	1.2846
802	1.0000	0.8430	0.0000	1.2862
803	1.0000	0.8788	0.0000	1.2878
804	1.0000	0.9008	0.0000	1.2893
805	1.0000	0.8626	0.0000	1.2913
806	1.0000	0.8203	0.0000	1.2938
807	1.0000	0.8792	0.0000	1.2953
808	1.0000	0.8415	0.0000	1.2975
809	1.0000	0.8354	0.0000	1.2991
810	1.0000	0.8631	0.0000	1.3005
811	1.0000	0.8471	0.0000	1.3023
812	1.0000	0.8110	0.0000	1.3039
813	1.0000	0.8104	0.0000	1.3054
814	1.0000	0.8160	0.0000	1.3068
815	1.0000	0.8052	0.0000	1.3082
816	1.0000	0.8397	0.0000	1.3100
817	1.0000	0.8430	0.0000	1.3118
818	1.0000	0.7999	0.0000	1.3133
819	1.0000	0.7955	0.0000	1.3151
820	1.0000	0.8214	0.0000	1.3167
821	1.0000	0.8023	0.0000	1.3181
822	1.0000	0.8257	0.0000	1.3201
823	1.0000	0.8747	0.0000	1.3221
824	1.0000	0.8942	0.0000	1.3234
825	1.0000	0.8585	0.0000	1.3250
826	1.0000	0.8504	0.0000	1.3268
827	1.0000	0.8761	0.0000	1.3286
828	1.0000	0.8698	0.0000	1.3300
829	1.0000	0.8714	0.0000	1.3316
830	1.0000	0.8952	0.0000	1.3329
831	1.0000	0.8740	0.0000	1.3343
832	1.0000	0.8739	0.0000	1.3359
833	1.0000	0.8722	0.0000	1.3374
834	1.0000	0.8673	0.0000	1.3390
835	1.0000	0.8267	0.0000	1.3406
836	1.0000	0.8803	0.0000	1.3422
837	1.0000	0.8692	0.0000	1.3441
838	1.0000	0.8592	0.0000	1.3457
839	1.0000	0.8880	0.0000	1.3482
840	1.0000	0.8548	0.0000	1.3499
841	1.0000	0.8392	0.0000	1.3519
842	1.0000	0.8614	0.0000	1.3536
843	1.0000	0.8809	0.0000	1.3555
844	1.0000	0.8294	0.0000	1.3571
845	1.0000	0.8857	0.0000	1.3588
846	1.0000	0.8588	0.0000	1.3602
847	1.0000	0.8222	0.0000	1.3620
848	1.0000	0.8363	0.0000	1.3635
849	1.0000	0.8327	0.0000	1.3653
850	1.0000	0.8157	0.0000	1.3668
851	1.0000	0.8507	0.0000	1.3689
852	1.0000	0.8132	0.0000	1.3703
853	1.0000	0.8512	0.0000	1.3719
854	1.0000	0.8481	0.0000	1.3736
855	1.0000	0.8513	0.0000	1.3752
856	1.0000	0.8328	0.0000	1.3766
857	1.0000	0.8174	0.0000	1.3781
858	1.0000	0.8194	0.0000	1.3795
859	1.0000	0.8316	0.0000	1.3814
860	1.0000	0.7775	0.0000	1.3839
861	1.0000	0.7549	0.0000	1.3856
862	1.0000	0.7767	0.0000	1.3873
863	1.0000	0.7720	0.0000	1.3891
864	1.0000	0.7821	0.0000	1.3912
865	1.0000	0.7229	0.0000	1.3933
866	1.0000	0.7484	0.0000	1.3948
867	1.0000	0.7782	0.0000	1.3967
868	1.0000	0.7743	0.0000	1.3983
869	1.0000	0.7522	0.0000	1.4007
870	1.0000	0.7607	0.0000	1.4023
871	1.0000	0.7793	0.0000	1.4049
872	1.0000	0.7754	0.0000	1.4067
873	1.0000	0.7512	0.0000	1.4081
874	1.0000	0.8174	0.0000	1.4101
875	1.0000	0.7575	0.0000	1.4117
876	1.0000	0.7590	0.0000	1.4134
877	1.0000	0.7839	0.0000	1.4150
878	1.0000	0.7895	0.0000	1.4166
879	1.0000	0.8291	0.0000	1.4203
880	1.0000	0.7549	0.0000	1.4220
881	1.0000	0.6856	0.0000	1.4247
882	1.0000	0.7144	0.0000	1.4263
883	1.0000	0.7409	0.0000	1.4276
884	1.0000	0.7236	0.0000	1.4290
885	1.0000	0.7700	0.0000	1.4310
886	1.0000	0.7237	0.0000	1.4326
887	1.0000	0.7488	0.0000	1.4346
888	1.0000	0.7285	0.0000	1.4362
889	1.0000	0.7535	0.0000	1.4378
890	1.0000	0.7490	0.0000	1.4396
891	1.0000	0.8044	0.0000	1.4414
892	1.0000	0.7033	0.0000	1.4430
893	1.0000	0.7553	0.0000	1.4450
894	1.0000	0.7728	0.0000	1.4466
895	1.0000	0.7388	0.0000	1.4490
896	1.0000	0.8209	0.0000	1.4510
897	1.0000	0.7875	0.0000	1.4526
898	1.0000	0.7694	0.0000	1.4545
899	1.0000	0.7827	0.0000	1.4565
900	1.0000	0.7847	0.0000	1.4585
901	1.0000	0.7535	0.0000	1.4603
902	1.0000	0.7901	0.0000	1.4618
903	1.0000	0.7432	0.0000	1.4634
904	1.0000	0.7827	0.0000	1.4650
905	1.0000	0.8223	0.0000	1.4670
906	1.0000	0.7847	0.0000	1.4688
907	1.0000	0.7992	0.0000	1.4702
908	1.0000	0.8156	0.0000	1.4724
909	1.0000	0.7864	0.0000	1.4741
910	1.0000	0.8169	0.0000	1.4756
911	1.0000	0.8474	0.0000	1.4773
912	1.0000	0.7259	0.0000	1.4786
913	1.0000	0.7491	0.0000	1.4799
914	1.0000	0.7550	0.0000	1.4816
915	1.0000	0.7834	0.0000	1.4834
916	1.0000	0.7859	0.0000	1.4857
917	1.0000	0.7636	0.0000	1.4876
918	1.0000	0.7601	0.0000	1.4891
919	1.0000	0.7632	0.0000	1.4906
920	1.0000	0.7135	0.0000	1.4922
921	1.0000	0.7466	0.0000	1.4937
922	1.0000	0.7533	0.0000	1.4958
923	1.0000	0.7415	0.0000	1.4973
924	1.0000	0.7482	0.0000	1.4991
925	1.0000	0.7553	0.0000	1.5010
926	1.0000	0.7354	0.0000	1.5023
927	1.0000	0.7752	0.0000	1.5038
928	1.0000	0.7251	0.0000	1.5058
929	1.0000	0.7847	0.0000	1.5075
930	1.0000	0.7613	0.0000	1.5088
931	1.0000	0.8155	0.0000	1.5105
932	1.0000	0.7230	0.0000	1.5118
933	1.0000	0.7252	0.0000	1.5134
934	1.0000	0.7641	0.0000	1.5149
935	1.0000	0.7695	0.0000	1.5171
936	1.0000	0.7847	0.0000	1.5186
937	1.0000	0.7870	0.0000	1.5203
938	1.0000	0.7268	0.0000	1.5220
939	1.0000	0.7682	0.0000	1.5240
940	1.0000	0.7400	0.0000	1.5264
941	1.0000	0.7403	0.0000	1.5281
942	1.0000	0.7343	0.0000	1.5296
943	1.0000	0.8041	0.0000	1.5318
944	1.0000	0.8085	0.0000	1.5333
945	1.0000	0.7587	0.0000	1.5350
946	1.0000	0.7677	0.0000	1.5377
947	1.0000	0.7158	0.0000	1.5390
948	1.0000	0.7795	0.0000	1.5405
949	1.0000	0.7158	0.0000	1.5421
950	1.0000	0.7234	0.0000	1.5440
951	1.0000	0.7467	0.0000	1.5453
952	1.0000	0.7554	0.0000	1.5472
953	1.0000	0.7472	0.0000	1.5487
954	1.0000	0.7334	0.0000	1.5501
955	1.0000	0.7579	0.0000	1.5515
956	1.0000	0.7770	0.0000	1.5533
957	1.0000	0.8009	0.0000	1.5547
958	1.0000	0.7879	0.0000	1.5561
959	1.0000	0.8029	0.0000	1.5581
960	1.0000	0.7764	0.0000	1.5600
961	1.0000	0.7728	0.0000	1.5618
962	1.0000	0.8287	0.0000	1.5631
963	1.0000	0.8009	0.0000	1.5649
964	1.0000	0.8177	0.0000	1.5665
965	1.0000	0.8358	0.0000	1.5681
966	1.0000	0.8520	0.0000	1.5697
967	1.0000	0.8335	0.0000	1.5710
968	1.0000	0.8055	0.0000	1.5724
969	1.0000	0.8330	0.0000	1.5737
970	1.0000	0.8548	0.0000	1.5753
971	1.0000	0.8377	0.0000	1.5776
972	1.0000	0.8589	0.0000	1.5792
973	1.0000	0.8168	0.0000	1.5807
974	1.0000	0.8490	0.0000	1.5823
975	1.0000	0.8375	0.0000	1.5844
976	1.0000	0.8266	0.0000	1.5862
977	1.0000	0.8701	0.0000	1.5885
978	1.0000	0.8307	0.0000	1.5901
979	1.0000	0.8136	0.0000	1.5914
980	1.0000	0.8558	0.0000	1.5930
981	1.0000	0.8280	0.0000	1.5948
982	1.0000	0.8406	0.0000	1.5962
983	1.0000	0.8353	0.0000	1.5975
984	1.0000	0.8494	0.0000	1.5991
985	1.0000	0.8416	0.0000	1.6005
986	1.0000	0.8396	0.0000	1.6028
987	1.0000	0.8782	0.0000	1.6050
988	1.0000	0.8528	0.0000	1.6069
989	1.0000	0.8533	0.0000	1.6082
990	1.0000	0.8428	0.0000	1.6095
991	1.0000	0.8915	0.0000	1.6113
992	1.0000	0.8353	0.0000	1.6128
993	1.0000	0.7729	0.0000	1.6150
994	1.0000	0.7353	0.0000	1.6170
995	1.0000	0.7512	0.0000	1.6192
996	1.0000	0.7565	0.0000	1.6207
997	1.0000	0.8537	0.0000	1.6225
998	1.0000	0.7892	0.0000	1.6240
999	1.0000	0.8207	0.0000	1.6255
1000	1.0000	0.8099	0.0000	1.6268
1001	1.0000	0.8427	0.0000	1.6281
1002	1.0000	0.8225	0.0000	1.6294
1003	1.0000	0.8228	0.0000	1.6307
1004	1.0000	0.8492	0.0000	1.6322
1005	1.0000	0.7889	0.0000	1.6340
1006	1.0000	0.8364	0.0000	1.6353
1007	1.0000	0.8090	0.0000	1.6372
1008	1.0000	0.8221	0.0000	1.6388
1009	1.0000	0.8269	0.0000	1.6400
1010	1.0000	0.8192	0.0000	1.6413
1011	1.0000	0.7881	0.0000	1.6426
1012	1.0000	0.7666	0.0000	1.6439
1013	1.0000	0.7651	0.0000	1.6456
1014	1.0000	0.7772	0.0000	1.6474
1015	1.0000	0.7967	0.0000	1.6487
1016	1.0000	0.8154	0.0000	1.6502
1017	1.0000	0.8130	0.0000	1.6519
1018	1.0000	0.8251	0.0000	1.6537
1019	1.0000	0.8222	0.0000	1.6554
1020	1.0000	0.8102	0.0000	1.6574
1021	1.0000	0.8453	0.0000	1.6587
1022	1.0000	0.8125	0.0000	1.6600
1023	1.0000	0.8440	0.0000	1.6613
1024	1.0000	0.7964	0.0000	1.6626
1025	1.0000	0.8386	0.0000	1.6646
1026	1.0000	0.7883	0.0000	1.6659
1027	1.0000	0.7819	0.0000	1.6674
1028	1.0000	0.7452	0.0000	1.6694
1029	1.0000	0.7575	0.0000	1.6711
1030	1.0000	0.8350	0.0000	1.6728
1031	1.0000	0.8464	0.0000	1.6742
1032	1.0000	0.8076	0.0000	1.6761
1033	1.0000	0.8501	0.0000	1.6774
1034	1.0000	0.8154	0.0000	1.6790
1035	1.0000	0.8137	0.0000	1.6805
1036	1.0000	0.8439	0.0000	1.6824
1037	1.0000	0.7836	0.0000	1.6842
1038	1.0000	0.8418	0.0000	1.6863
1039	1.0000	0.8177	0.0000	1.6879
1040	1.0000	0.8552	0.0000	1.6900
1041	1.0000	0.8626	0.0000	1.6924
1042	1.0000	0.8349	0.0000	1.6938
1043	1.0000	0.8520	0.0000	1.6951
1044	1.0000	0.8155	0.0000	1.6970
1045	1.0000	0.8042	0.0000	1.6989
1046	1.0000	0.8016	0.0000	1.7002
1047	1.0000	0.7959	0.0000	1.7019
1048	1.0000	0.7699	0.0000	1.7037
1049	1.0000	0.8071	0.0000	1.7056
1050	1.0000	0.8421	0.0000	1.7075
1051	1.0000	0.7917	0.0000	1.7091
1052	1.0000	0.7875	0.0000	1.7107
1053	1.0000	0.8196	0.0000	1.7128
1054	1.0000	0.8349	0.0000	1.7150
1055	1.0000	0.8476	0.0000	1.7166
1056	1.0000	0.8145	0.0000	1.7180
1057	1.0000	0.7671	0.0000	1.7196
1058	1.0000	0.8101	0.0000	1.7215
1059	1.0000	0.8105	0.0000	1.7238
1060	1.0000	0.8078	0.0000	1.7257
1061	1.0000	0.8160	0.0000	1.7281
1062	1.0000	0.7858	0.0000	1.7302
1063	1.0000	0.8321	0.0000	1.7316
1064	1.0000	0.8525	0.0000	1.7329
1065	1.0000	0.7885	0.0000	1.7346
Pos: [7.706276411210502, 4.11120683790907]

Run: 1
Iter	Gbest	AvrFit	Diver	ETime	
0	0.9989	0.2344	0.0000	0.0021
1	0.9989	0.2399	0.0000	0.0037
2	0.9989	0.3784	0.0000	0.0053
3	0.9989	0.3950	0.0000	0.0069
4	0.9989	0.4925	0.0000	0.0085
5	0.9989	0.5462	0.0000	0.0101
6	0.9989	0.5919	0.0000	0.0116
7	0.9989	0.6191	0.0000	0.0132
8	0.9992	0.6568	0.0000	0.0148
9	0.9992	0.5772	0.0000	0.0164
10	0.9997	0.7501	0.0000	0.0180
11	0.9997	0.7275	0.0000	0.0195
12	0.9997	0.7204	0.0000	0.0210
13	0.9998	0.7443	0.0000	0.0225
14	0.9998	0.7186	0.0000	0.0239
15	0.9998	0.7787	0.0000	0.0254
16	1.0000	0.7702	0.0000	0.0269
17	1.0000	0.7943	0.0000	0.0283
18	1.0000	0.7421	0.0000	0.0298
19	1.0000	0.7667	0.0000	0.0313
20	1.0000	0.7613	0.0000	0.0328
21	1.0000	0.6986	0.0000	0.0343
22	1.0000	0.7606	0.0000	0.0357
23	1.0000	0.7388	0.0000	0.0372
24	1.0000	0.7241	0.0000	0.0387
25	1.0000	0.7431	0.0000	0.0401
26	1.0000	0.7980	0.0000	0.0416
27	1.0000	0.7752	0.0000	0.0430
28	1.0000	0.7907	0.0000	0.0445
29	1.0000	0.7442	0.0000	0.0460
30	1.0000	0.7927	0.0000	0.0475
31	1.0000	0.8072	0.0000	0.0489
32	1.0000	0.8224	0.0000	0.0504
33	1.0000	0.8118	0.0000	0.0519
34	1.0000	0.7844	0.0000	0.0533
35	1.0000	0.7605	0.0000	0.0548
36	1.0000	0.7987	0.0000	0.0563
37	1.0000	0.7977	0.0000	0.0578
38	1.0000	0.7875	0.0000	0.0593
39	1.0000	0.7573	0.0000	0.0608
40	1.0000	0.7931	0.0000	0.0623
41	1.0000	0.7697	0.0000	0.0638
42	1.0000	0.7714	0.0000	0.0653
43	1.0000	0.8272	0.0000	0.0667
44	1.0000	0.8205	0.0000	0.0682
45	1.0000	0.7970	0.0000	0.0697
46	1.0000	0.8077	0.0000	0.0712
47	1.0000	0.8059	0.0000	0.0727
48	1.0000	0.8280	0.0000	0.0742
49	1.0000	0.8234	0.0000	0.0756
50	1.0000	0.8334	0.0000	0.0772
51	1.0000	0.8305	0.0000	0.0787
52	1.0000	0.8115	0.0000	0.0802
53	1.0000	0.7862	0.0000	0.0816
54	1.0000	0.7981	0.0000	0.0831
55	1.0000	0.8500	0.0000	0.0845
56	1.0000	0.8112	0.0000	0.0860
57	1.0000	0.8091	0.0000	0.0874
58	1.0000	0.7881	0.0000	0.0888
59	1.0000	0.8338	0.0000	0.0903
60	1.0000	0.7893	0.0000	0.0917
61	1.0000	0.7729	0.0000	0.0931
62	1.0000	0.7895	0.0000	0.0945
63	1.0000	0.7729	0.0000	0.0959
64	1.0000	0.8355	0.0000	0.0974
65	1.0000	0.8054	0.0000	0.0988
66	1.0000	0.8168	0.0000	0.1002
67	1.0000	0.8280	0.0000	0.1017
68	1.0000	0.8226	0.0000	0.1030
69	1.0000	0.8368	0.0000	0.1045
70	1.0000	0.8360	0.0000	0.1059
71	1.0000	0.8341	0.0000	0.1073
72	1.0000	0.8356	0.0000	0.1087
73	1.0000	0.8461	0.0000	0.1101
74	1.0000	0.8490	0.0000	0.1115
75	1.0000	0.8527	0.0000	0.1129
76	1.0000	0.8593	0.0000	0.1142
77	1.0000	0.8704	0.0000	0.1157
78	1.0000	0.8170	0.0000	0.1171
79	1.0000	0.8164	0.0000	0.1185
80	1.0000	0.8428	0.0000	0.1199
81	1.0000	0.8392	0.0000	0.1213
82	1.0000	0.8148	0.0000	0.1229
83	1.0000	0.8223	0.0000	0.1243
84	1.0000	0.8109	0.0000	0.1257
85	1.0000	0.8068	0.0000	0.1271
86	1.0000	0.8426	0.0000	0.1285
87	1.0000	0.8583	0.0000	0.1300
88	1.0000	0.8375	0.0000	0.1314
89	1.0000	0.7907	0.0000	0.1329
90	1.0000	0.8228	0.0000	0.1343
91	1.0000	0.7778	0.0000	0.1358
92	1.0000	0.8078	0.0000	0.1373
93	1.0000	0.8194	0.0000	0.1387
94	1.0000	0.8647	0.0000	0.1401
95	1.0000	0.8619	0.0000	0.1415
96	1.0000	0.8131	0.0000	0.1429
97	1.0000	0.7867	0.0000	0.1442
98	1.0000	0.8210	0.0000	0.1457
99	1.0000	0.7979	0.0000	0.1471
100	1.0000	0.7897	0.0000	0.1486
101	1.0000	0.8148	0.0000	0.1500
102	1.0000	0.7758	0.0000	0.1514
103	1.0000	0.7725	0.0000	0.1528
104	1.0000	0.8203	0.0000	0.1543
105	1.0000	0.7935	0.0000	0.1557
106	1.0000	0.8190	0.0000	0.1570
107	1.0000	0.8157	0.0000	0.1584
108	1.0000	0.8281	0.0000	0.1598
109	1.0000	0.8438	0.0000	0.1612
110	1.0000	0.8394	0.0000	0.1626
111	1.0000	0.8296	0.0000	0.1640
112	1.0000	0.8231	0.0000	0.1655
113	1.0000	0.8063	0.0000	0.1669
114	1.0000	0.7865	0.0000	0.1682
115	1.0000	0.8392	0.0000	0.1695
116	1.0000	0.8503	0.0000	0.1709
117	1.0000	0.8634	0.0000	0.1723
118	1.0000	0.8325	0.0000	0.1736
119	1.0000	0.8446	0.0000	0.1750
120	1.0000	0.8711	0.0000	0.1764
121	1.0000	0.8736	0.0000	0.1777
122	1.0000	0.8785	0.0000	0.1791
123	1.0000	0.8606	0.0000	0.1805
124	1.0000	0.8764	0.0000	0.1819
125	1.0000	0.8740	0.0000	0.1834
126	1.0000	0.8489	0.0000	0.1847
127	1.0000	0.8543	0.0000	0.1861
128	1.0000	0.8479	0.0000	0.1875
129	1.0000	0.8226	0.0000	0.1889
130	1.0000	0.7967	0.0000	0.1903
131	1.0000	0.8097	0.0000	0.1916
132	1.0000	0.8130	0.0000	0.1929
133	1.0000	0.7997	0.0000	0.1944
134	1.0000	0.8401	0.0000	0.1957
135	1.0000	0.8097	0.0000	0.1970
136	1.0000	0.8236	0.0000	0.1984
137	1.0000	0.8298	0.0000	0.1998
138	1.0000	0.8216	0.0000	0.2011
139	1.0000	0.8604	0.0000	0.2024
140	1.0000	0.7828	0.0000	0.2037
141	1.0000	0.8173	0.0000	0.2052
142	1.0000	0.7949	0.0000	0.2068
143	1.0000	0.8106	0.0000	0.2082
144	1.0000	0.8161	0.0000	0.2095
145	1.0000	0.8189	0.0000	0.2108
146	1.0000	0.8307	0.0000	0.2123
147	1.0000	0.8425	0.0000	0.2137
148	1.0000	0.8364	0.0000	0.2150
149	1.0000	0.8204	0.0000	0.2164
150	1.0000	0.7903	0.0000	0.2179
151	1.0000	0.7855	0.0000	0.2193
152	1.0000	0.8124	0.0000	0.2207
153	1.0000	0.8124	0.0000	0.2222
154	1.0000	0.8184	0.0000	0.2236
155	1.0000	0.7671	0.0000	0.2250
156	1.0000	0.8054	0.0000	0.2265
157	1.0000	0.8211	0.0000	0.2281
158	1.0000	0.8217	0.0000	0.2296
159	1.0000	0.8182	0.0000	0.2310
160	1.0000	0.8399	0.0000	0.2324
161	1.0000	0.8257	0.0000	0.2339
162	1.0000	0.8184	0.0000	0.2354
163	1.0000	0.7939	0.0000	0.2369
164	1.0000	0.7823	0.0000	0.2383
165	1.0000	0.8304	0.0000	0.2397
166	1.0000	0.8482	0.0000	0.2412
167	1.0000	0.8429	0.0000	0.2427
168	1.0000	0.8166	0.0000	0.2441
169	1.0000	0.7581	0.0000	0.2459
170	1.0000	0.7512	0.0000	0.2474
171	1.0000	0.7931	0.0000	0.2489
172	1.0000	0.7586	0.0000	0.2504
173	1.0000	0.7262	0.0000	0.2520
174	1.0000	0.7463	0.0000	0.2534
175	1.0000	0.7120	0.0000	0.2549
176	1.0000	0.7104	0.0000	0.2564
177	1.0000	0.7978	0.0000	0.2578
178	1.0000	0.8084	0.0000	0.2593
179	1.0000	0.8249	0.0000	0.2608
180	1.0000	0.7866	0.0000	0.2622
181	1.0000	0.7665	0.0000	0.2637
182	1.0000	0.8001	0.0000	0.2651
183	1.0000	0.8129	0.0000	0.2666
184	1.0000	0.8612	0.0000	0.2680
185	1.0000	0.7853	0.0000	0.2694
186	1.0000	0.8659	0.0000	0.2708
187	1.0000	0.8397	0.0000	0.2722
188	1.0000	0.8491	0.0000	0.2736
189	1.0000	0.8612	0.0000	0.2750
190	1.0000	0.8555	0.0000	0.2766
191	1.0000	0.7896	0.0000	0.2781
192	1.0000	0.7892	0.0000	0.2801
193	1.0000	0.7317	0.0000	0.2816
194	1.0000	0.7170	0.0000	0.2830
195	1.0000	0.7266	0.0000	0.2844
196	1.0000	0.7573	0.0000	0.2858
197	1.0000	0.7575	0.0000	0.2872
198	1.0000	0.7637	0.0000	0.2890
199	1.0000	0.7593	0.0000	0.2906
200	1.0000	0.7699	0.0000	0.2922
201	1.0000	0.7375	0.0000	0.2938
202	1.0000	0.7833	0.0000	0.2955
203	1.0000	0.7592	0.0000	0.2971
204	1.0000	0.7455	0.0000	0.2986
205	1.0000	0.8040	0.0000	0.3004
206	1.0000	0.7706	0.0000	0.3021
207	1.0000	0.7783	0.0000	0.3038
208	1.0000	0.7744	0.0000	0.3057
209	1.0000	0.7625	0.0000	0.3073
210	1.0000	0.7548	0.0000	0.3090
211	1.0000	0.7451	0.0000	0.3110
212	1.0000	0.7570	0.0000	0.3127
213	1.0000	0.7318	0.0000	0.3145
214	1.0000	0.7622	0.0000	0.3163
215	1.0000	0.7662	0.0000	0.3181
216	1.0000	0.7262	0.0000	0.3197
217	1.0000	0.7423	0.0000	0.3213
218	1.0000	0.7622	0.0000	0.3231
219	1.0000	0.7696	0.0000	0.3251
220	1.0000	0.7698	0.0000	0.3271
221	1.0000	0.7784	0.0000	0.3289
222	1.0000	0.8022	0.0000	0.3307
223	1.0000	0.7684	0.0000	0.3324
224	1.0000	0.7675	0.0000	0.3341
225	1.0000	0.7865	0.0000	0.3358
226	1.0000	0.7751	0.0000	0.3375
227	1.0000	0.7976	0.0000	0.3392
228	1.0000	0.8231	0.0000	0.3409
229	1.0000	0.7602	0.0000	0.3424
230	1.0000	0.8129	0.0000	0.3440
231	1.0000	0.8387	0.0000	0.3457
232	1.0000	0.8060	0.0000	0.3472
233	1.0000	0.7981	0.0000	0.3489
234	1.0000	0.8018	0.0000	0.3505
235	1.0000	0.8461	0.0000	0.3524
236	1.0000	0.7613	0.0000	0.3540
237	1.0000	0.7556	0.0000	0.3554
238	1.0000	0.7929	0.0000	0.3570
239	1.0000	0.8233	0.0000	0.3587
240	1.0000	0.7578	0.0000	0.3603
241	1.0000	0.8118	0.0000	0.3618
242	1.0000	0.8059	0.0000	0.3636
243	1.0000	0.8357	0.0000	0.3650
244	1.0000	0.8083	0.0000	0.3667
245	1.0000	0.7996	0.0000	0.3683
246	1.0000	0.7577	0.0000	0.3700
247	1.0000	0.8086	0.0000	0.3714
248	1.0000	0.7804	0.0000	0.3729
249	1.0000	0.7830	0.0000	0.3744
250	1.0000	0.7723	0.0000	0.3760
251	1.0000	0.8032	0.0000	0.3775
252	1.0000	0.8174	0.0000	0.3790
253	1.0000	0.8167	0.0000	0.3806
254	1.0000	0.8350	0.0000	0.3823
255	1.0000	0.8305	0.0000	0.3837
256	1.0000	0.8462	0.0000	0.3855
257	1.0000	0.8345	0.0000	0.3871
258	1.0000	0.8419	0.0000	0.3887
259	1.0000	0.8163	0.0000	0.3903
260	1.0000	0.8363	0.0000	0.3921
261	1.0000	0.8050	0.0000	0.3938
262	1.0000	0.7939	0.0000	0.3953
263	1.0000	0.8150	0.0000	0.3969
264	1.0000	0.8009	0.0000	0.3984
265	1.0000	0.8245	0.0000	0.3999
266	1.0000	0.7982	0.0000	0.4016
267	1.0000	0.8347	0.0000	0.4032
268	1.0000	0.8615	0.0000	0.4048
269	1.0000	0.8568	0.0000	0.4064
270	1.0000	0.8571	0.0000	0.4079
271	1.0000	0.8351	0.0000	0.4094
272	1.0000	0.8565	0.0000	0.4110
273	1.0000	0.8503	0.0000	0.4126
274	1.0000	0.8735	0.0000	0.4141
275	1.0000	0.8208	0.0000	0.4162
276	1.0000	0.8511	0.0000	0.4177
277	1.0000	0.8559	0.0000	0.4195
278	1.0000	0.8676	0.0000	0.4210
279	1.0000	0.8913	0.0000	0.4225
280	1.0000	0.8952	0.0000	0.4240
281	1.0000	0.8510	0.0000	0.4255
282	1.0000	0.8965	0.0000	0.4271
283	1.0000	0.8720	0.0000	0.4287
284	1.0000	0.8798	0.0000	0.4302
285	1.0000	0.8316	0.0000	0.4318
286	1.0000	0.7971	0.0000	0.4333
287	1.0000	0.7810	0.0000	0.4347
288	1.0000	0.8040	0.0000	0.4363
289	1.0000	0.7703	0.0000	0.4378
290	1.0000	0.8146	0.0000	0.4394
291	1.0000	0.8203	0.0000	0.4408
292	1.0000	0.7946	0.0000	0.4424
293	1.0000	0.8348	0.0000	0.4438
294	1.0000	0.8456	0.0000	0.4452
295	1.0000	0.8072	0.0000	0.4467
296	1.0000	0.8305	0.0000	0.4483
297	1.0000	0.8244	0.0000	0.4498
298	1.0000	0.8078	0.0000	0.4514
299	1.0000	0.8019	0.0000	0.4530
300	1.0000	0.8276	0.0000	0.4548
301	1.0000	0.8128	0.0000	0.4564
302	1.0000	0.7975	0.0000	0.4579
303	1.0000	0.8147	0.0000	0.4595
304	1.0000	0.7928	0.0000	0.4610
305	1.0000	0.7688	0.0000	0.4628
306	1.0000	0.7654	0.0000	0.4644
307	1.0000	0.7535	0.0000	0.4658
308	1.0000	0.7903	0.0000	0.4673
309	1.0000	0.8005	0.0000	0.4688
310	1.0000	0.7985	0.0000	0.4704
311	1.0000	0.8455	0.0000	0.4720
312	1.0000	0.8193	0.0000	0.4736
313	1.0000	0.8238	0.0000	0.4750
314	1.0000	0.8501	0.0000	0.4763
315	1.0000	0.7958	0.0000	0.4778
316	1.0000	0.8561	0.0000	0.4794
317	1.0000	0.7969	0.0000	0.4811
318	1.0000	0.8364	0.0000	0.4826
319	1.0000	0.8137	0.0000	0.4843
320	1.0000	0.8386	0.0000	0.4858
321	1.0000	0.8235	0.0000	0.4872
322	1.0000	0.7652	0.0000	0.4889
323	1.0000	0.7918	0.0000	0.4904
324	1.0000	0.7477	0.0000	0.4919
325	1.0000	0.8022	0.0000	0.4938
326	1.0000	0.7601	0.0000	0.4953
327	1.0000	0.7456	0.0000	0.4969
328	1.0000	0.7732	0.0000	0.4982
329	1.0000	0.7886	0.0000	0.4995
330	1.0000	0.8087	0.0000	0.5010
331	1.0000	0.7833	0.0000	0.5023
332	1.0000	0.7985	0.0000	0.5037
333	1.0000	0.8203	0.0000	0.5054
334	1.0000	0.8283	0.0000	0.5068
335	1.0000	0.8441	0.0000	0.5082
336	1.0000	0.7968	0.0000	0.5095
337	1.0000	0.8361	0.0000	0.5113
338	1.0000	0.8420	0.0000	0.5130
339	1.0000	0.8312	0.0000	0.5143
340	1.0000	0.8116	0.0000	0.5158
341	1.0000	0.7707	0.0000	0.5173
342	1.0000	0.7946	0.0000	0.5187
343	1.0000	0.7864	0.0000	0.5203
344	1.0000	0.7786	0.0000	0.5224
345	1.0000	0.7923	0.0000	0.5240
346	1.0000	0.8218	0.0000	0.5257
347	1.0000	0.8133	0.0000	0.5274
348	1.0000	0.7512	0.0000	0.5288
349	1.0000	0.7878	0.0000	0.5302
350	1.0000	0.7770	0.0000	0.5316
351	1.0000	0.7757	0.0000	0.5329
352	1.0000	0.7842	0.0000	0.5344
353	1.0000	0.7742	0.0000	0.5359
354	1.0000	0.7393	0.0000	0.5374
355	1.0000	0.7835	0.0000	0.5387
356	1.0000	0.7993	0.0000	0.5402
357	1.0000	0.8069	0.0000	0.5416
358	1.0000	0.8270	0.0000	0.5430
359	1.0000	0.8169	0.0000	0.5444
360	1.0000	0.8071	0.0000	0.5457
361	1.0000	0.7858	0.0000	0.5471
362	1.0000	0.8377	0.0000	0.5487
363	1.0000	0.8066	0.0000	0.5501
364	1.0000	0.7942	0.0000	0.5516
365	1.0000	0.8203	0.0000	0.5531
366	1.0000	0.7813	0.0000	0.5546
367	1.0000	0.7575	0.0000	0.5564
368	1.0000	0.7957	0.0000	0.5580
369	1.0000	0.7605	0.0000	0.5596
370	1.0000	0.8010	0.0000	0.5610
371	1.0000	0.7670	0.0000	0.5628
372	1.0000	0.7981	0.0000	0.5643
373	1.0000	0.7920	0.0000	0.5659
374	1.0000	0.8128	0.0000	0.5674
375	1.0000	0.7789	0.0000	0.5689
376	1.0000	0.7285	0.0000	0.5704
377	1.0000	0.8030	0.0000	0.5723
378	1.0000	0.7785	0.0000	0.5737
379	1.0000	0.7939	0.0000	0.5753
380	1.0000	0.7940	0.0000	0.5767
381	1.0000	0.7768	0.0000	0.5782
382	1.0000	0.7672	0.0000	0.5797
383	1.0000	0.7894	0.0000	0.5811
384	1.0000	0.8291	0.0000	0.5829
385	1.0000	0.7954	0.0000	0.5850
386	1.0000	0.7749	0.0000	0.5869
387	1.0000	0.8075	0.0000	0.5886
388	1.0000	0.8173	0.0000	0.5905
389	1.0000	0.7218	0.0000	0.5922
390	1.0000	0.6828	0.0000	0.5938
391	1.0000	0.6659	0.0000	0.5955
392	1.0000	0.7486	0.0000	0.5969
393	1.0000	0.7524	0.0000	0.5983
394	1.0000	0.7387	0.0000	0.6004
395	1.0000	0.7835	0.0000	0.6023
396	1.0000	0.7635	0.0000	0.6044
397	1.0000	0.7643	0.0000	0.6058
398	1.0000	0.7531	0.0000	0.6075
399	1.0000	0.7602	0.0000	0.6089
400	1.0000	0.7424	0.0000	0.6110
401	1.0000	0.7224	0.0000	0.6124
402	1.0000	0.6885	0.0000	0.6142
403	1.0000	0.7484	0.0000	0.6157
404	1.0000	0.6997	0.0000	0.6171
405	1.0000	0.7139	0.0000	0.6187
406	1.0000	0.6924	0.0000	0.6207
407	1.0000	0.7608	0.0000	0.6227
408	1.0000	0.6734	0.0000	0.6245
409	1.0000	0.7254	0.0000	0.6266
410	1.0000	0.7256	0.0000	0.6283
411	1.0000	0.6966	0.0000	0.6305
412	1.0000	0.6967	0.0000	0.6320
413	1.0000	0.7455	0.0000	0.6339
414	1.0000	0.7793	0.0000	0.6361
415	1.0000	0.7529	0.0000	0.6379
416	1.0000	0.7489	0.0000	0.6397
417	1.0000	0.7133	0.0000	0.6414
418	1.0000	0.7750	0.0000	0.6431
419	1.0000	0.7651	0.0000	0.6448
420	1.0000	0.8150	0.0000	0.6463
421	1.0000	0.7717	0.0000	0.6482
422	1.0000	0.7306	0.0000	0.6503
423	1.0000	0.7736	0.0000	0.6521
424	1.0000	0.7949	0.0000	0.6539
425	1.0000	0.7814	0.0000	0.6559
426	1.0000	0.7928	0.0000	0.6575
427	1.0000	0.7944	0.0000	0.6590
428	1.0000	0.8167	0.0000	0.6609
429	1.0000	0.8029	0.0000	0.6626
430	1.0000	0.7917	0.0000	0.6641
431	1.0000	0.7760	0.0000	0.6658
432	1.0000	0.7825	0.0000	0.6675
433	1.0000	0.7722	0.0000	0.6691
434	1.0000	0.8008	0.0000	0.6712
435	1.0000	0.8174	0.0000	0.6729
436	1.0000	0.7908	0.0000	0.6750
437	1.0000	0.8229	0.0000	0.6767
438	1.0000	0.8115	0.0000	0.6784
439	1.0000	0.8122	0.0000	0.6799
440	1.0000	0.8104	0.0000	0.6816
441	1.0000	0.7838	0.0000	0.6836
442	1.0000	0.7680	0.0000	0.6856
443	1.0000	0.8281	0.0000	0.6874
444	1.0000	0.7855	0.0000	0.6889
445	1.0000	0.8324	0.0000	0.6905
446	1.0000	0.8188	0.0000	0.6919
447	1.0000	0.7902	0.0000	0.6935
448	1.0000	0.8041	0.0000	0.6951
449	1.0000	0.7451	0.0000	0.6969
450	1.0000	0.7523	0.0000	0.6985
451	1.0000	0.7859	0.0000	0.7004
452	1.0000	0.8083	0.0000	0.7020
453	1.0000	0.7595	0.0000	0.7036
454	1.0000	0.7710	0.0000	0.7050
455	1.0000	0.8244	0.0000	0.7065
456	1.0000	0.7924	0.0000	0.7082
457	1.0000	0.8163	0.0000	0.7102
458	1.0000	0.7998	0.0000	0.7116
459	1.0000	0.7782	0.0000	0.7135
460	1.0000	0.7632	0.0000	0.7153
461	1.0000	0.8245	0.0000	0.7172
462	1.0000	0.8276	0.0000	0.7189
463	1.0000	0.7903	0.0000	0.7207
464	1.0000	0.8276	0.0000	0.7224
465	1.0000	0.8000	0.0000	0.7242
466	1.0000	0.8292	0.0000	0.7257
467	1.0000	0.8032	0.0000	0.7274
468	1.0000	0.7996	0.0000	0.7289
469	1.0000	0.8398	0.0000	0.7303
470	1.0000	0.8331	0.0000	0.7321
471	1.0000	0.8256	0.0000	0.7340
472	1.0000	0.8085	0.0000	0.7358
473	1.0000	0.8305	0.0000	0.7375
474	1.0000	0.7998	0.0000	0.7391
475	1.0000	0.8402	0.0000	0.7410
476	1.0000	0.8286	0.0000	0.7428
477	1.0000	0.8038	0.0000	0.7443
478	1.0000	0.8118	0.0000	0.7459
479	1.0000	0.8449	0.0000	0.7475
480	1.0000	0.8713	0.0000	0.7491
481	1.0000	0.8632	0.0000	0.7511
482	1.0000	0.8573	0.0000	0.7529
483	1.0000	0.8278	0.0000	0.7545
484	1.0000	0.8853	0.0000	0.7561
485	1.0000	0.8609	0.0000	0.7576
486	1.0000	0.8510	0.0000	0.7593
487	1.0000	0.8742	0.0000	0.7607
488	1.0000	0.8513	0.0000	0.7622
489	1.0000	0.8355	0.0000	0.7639
490	1.0000	0.8137	0.0000	0.7653
491	1.0000	0.8074	0.0000	0.7671
492	1.0000	0.8720	0.0000	0.7691
493	1.0000	0.8332	0.0000	0.7707
494	1.0000	0.8708	0.0000	0.7724
495	1.0000	0.8339	0.0000	0.7744
496	1.0000	0.8556	0.0000	0.7757
497	1.0000	0.8484	0.0000	0.7774
498	1.0000	0.8435	0.0000	0.7788
499	1.0000	0.8222	0.0000	0.7803
500	1.0000	0.8363	0.0000	0.7817
501	1.0000	0.8558	0.0000	0.7831
502	1.0000	0.8497	0.0000	0.7846
503	1.0000	0.8625	0.0000	0.7864
504	1.0000	0.8454	0.0000	0.7881
505	1.0000	0.8029	0.0000	0.7896
506	1.0000	0.8166	0.0000	0.7912
507	1.0000	0.7868	0.0000	0.7929
508	1.0000	0.8501	0.0000	0.7942
509	1.0000	0.8316	0.0000	0.7959
510	1.0000	0.8276	0.0000	0.7974
511	1.0000	0.8470	0.0000	0.7993
512	1.0000	0.8523	0.0000	0.8009
513	1.0000	0.8220	0.0000	0.8025
514	1.0000	0.8424	0.0000	0.8040
515	1.0000	0.8740	0.0000	0.8054
516	1.0000	0.8668	0.0000	0.8074
517	1.0000	0.8594	0.0000	0.8089
518	1.0000	0.8313	0.0000	0.8104
519	1.0000	0.8568	0.0000	0.8120
520	1.0000	0.8821	0.0000	0.8138
521	1.0000	0.8400	0.0000	0.8152
522	1.0000	0.8469	0.0000	0.8166
523	1.0000	0.8407	0.0000	0.8180
524	1.0000	0.8649	0.0000	0.8198
525	1.0000	0.8108	0.0000	0.8222
526	1.0000	0.8795	0.0000	0.8243
527	1.0000	0.8312	0.0000	0.8259
528	1.0000	0.8613	0.0000	0.8274
529	1.0000	0.8299	0.0000	0.8289
530	1.0000	0.8586	0.0000	0.8306
531	1.0000	0.8541	0.0000	0.8323
532	1.0000	0.8224	0.0000	0.8340
533	1.0000	0.8147	0.0000	0.8357
534	1.0000	0.8334	0.0000	0.8372
535	1.0000	0.8393	0.0000	0.8385
536	1.0000	0.8433	0.0000	0.8404
537	1.0000	0.8591	0.0000	0.8425
538	1.0000	0.8127	0.0000	0.8441
539	1.0000	0.8227	0.0000	0.8458
540	1.0000	0.8053	0.0000	0.8471
541	1.0000	0.8000	0.0000	0.8492
542	1.0000	0.7891	0.0000	0.8506
543	1.0000	0.8222	0.0000	0.8519
544	1.0000	0.8147	0.0000	0.8532
545	1.0000	0.8440	0.0000	0.8550
546	1.0000	0.8125	0.0000	0.8570
547	1.0000	0.8114	0.0000	0.8591
548	1.0000	0.7640	0.0000	0.8611
549	1.0000	0.7640	0.0000	0.8626
550	1.0000	0.7596	0.0000	0.8640
551	1.0000	0.7785	0.0000	0.8656
552	1.0000	0.7823	0.0000	0.8672
553	1.0000	0.8593	0.0000	0.8690
554	1.0000	0.7869	0.0000	0.8710
555	1.0000	0.7407	0.0000	0.8728
556	1.0000	0.8254	0.0000	0.8741
557	1.0000	0.8110	0.0000	0.8758
558	1.0000	0.8136	0.0000	0.8775
559	1.0000	0.8097	0.0000	0.8793
560	1.0000	0.7736	0.0000	0.8808
561	1.0000	0.8096	0.0000	0.8821
562	1.0000	0.7829	0.0000	0.8836
563	1.0000	0.7464	0.0000	0.8853
564	1.0000	0.7753	0.0000	0.8866
565	1.0000	0.8173	0.0000	0.8881
566	1.0000	0.8168	0.0000	0.8899
567	1.0000	0.7847	0.0000	0.8918
568	1.0000	0.7926	0.0000	0.8931
569	1.0000	0.7783	0.0000	0.8950
570	1.0000	0.7651	0.0000	0.8964
571	1.0000	0.8020	0.0000	0.8978
572	1.0000	0.7797	0.0000	0.8992
573	1.0000	0.8455	0.0000	0.9015
574	1.0000	0.7906	0.0000	0.9028
575	1.0000	0.7644	0.0000	0.9044
576	1.0000	0.7816	0.0000	0.9058
577	1.0000	0.7721	0.0000	0.9072
578	1.0000	0.7645	0.0000	0.9086
579	1.0000	0.7717	0.0000	0.9103
580	1.0000	0.7674	0.0000	0.9118
581	1.0000	0.8504	0.0000	0.9137
582	1.0000	0.8314	0.0000	0.9154
583	1.0000	0.8265	0.0000	0.9172
584	1.0000	0.8057	0.0000	0.9186
585	1.0000	0.8287	0.0000	0.9201
586	1.0000	0.8277	0.0000	0.9215
587	1.0000	0.8414	0.0000	0.9231
588	1.0000	0.8261	0.0000	0.9244
589	1.0000	0.8616	0.0000	0.9258
590	1.0000	0.8621	0.0000	0.9274
591	1.0000	0.8306	0.0000	0.9288
592	1.0000	0.8476	0.0000	0.9301
593	1.0000	0.8193	0.0000	0.9317
594	1.0000	0.8225	0.0000	0.9336
595	1.0000	0.8468	0.0000	0.9350
596	1.0000	0.8550	0.0000	0.9367
597	1.0000	0.8186	0.0000	0.9388
598	1.0000	0.8592	0.0000	0.9403
599	1.0000	0.8445	0.0000	0.9421
600	1.0000	0.8167	0.0000	0.9435
601	1.0000	0.8390	0.0000	0.9449
602	1.0000	0.9004	0.0000	0.9466
603	1.0000	0.8298	0.0000	0.9480
604	1.0000	0.8144	0.0000	0.9497
605	1.0000	0.8419	0.0000	0.9516
606	1.0000	0.8312	0.0000	0.9536
607	1.0000	0.8718	0.0000	0.9551
608	1.0000	0.8000	0.0000	0.9569
609	1.0000	0.8234	0.0000	0.9586
610	1.0000	0.8605	0.0000	0.9608
611	1.0000	0.8334	0.0000	0.9627
612	1.0000	0.8607	0.0000	0.9643
613	1.0000	0.8126	0.0000	0.9660
614	1.0000	0.8355	0.0000	0.9676
615	1.0000	0.8610	0.0000	0.9693
616	1.0000	0.8279	0.0000	0.9711
617	1.0000	0.8502	0.0000	0.9732
618	1.0000	0.8037	0.0000	0.9755
619	1.0000	0.8460	0.0000	0.9773
620	1.0000	0.8353	0.0000	0.9792
621	1.0000	0.8155	0.0000	0.9810
622	1.0000	0.8236	0.0000	0.9827
623	1.0000	0.8234	0.0000	0.9843
624	1.0000	0.7523	0.0000	0.9860
625	1.0000	0.8157	0.0000	0.9886
626	1.0000	0.8051	0.0000	0.9903
627	1.0000	0.8031	0.0000	0.9921
628	1.0000	0.8288	0.0000	0.9942
629	1.0000	0.8065	0.0000	0.9960
630	1.0000	0.7910	0.0000	0.9977
631	1.0000	0.7683	0.0000	0.9999
632	1.0000	0.8289	0.0000	1.0016
633	1.0000	0.8277	0.0000	1.0032
634	1.0000	0.8082	0.0000	1.0049
635	1.0000	0.8250	0.0000	1.0065
636	1.0000	0.8090	0.0000	1.0080
637	1.0000	0.8153	0.0000	1.0098
638	1.0000	0.7803	0.0000	1.0117
639	1.0000	0.8569	0.0000	1.0143
640	1.0000	0.8300	0.0000	1.0160
641	1.0000	0.8164	0.0000	1.0178
642	1.0000	0.7955	0.0000	1.0195
643	1.0000	0.8586	0.0000	1.0210
644	1.0000	0.8188	0.0000	1.0226
645	1.0000	0.8799	0.0000	1.0241
646	1.0000	0.8581	0.0000	1.0267
647	1.0000	0.8666	0.0000	1.0283
648	1.0000	0.8492	0.0000	1.0301
649	1.0000	0.8922	0.0000	1.0318
650	1.0000	0.8922	0.0000	1.0334
651	1.0000	0.8798	0.0000	1.0350
652	1.0000	0.8787	0.0000	1.0368
653	1.0000	0.8147	0.0000	1.0387
654	1.0000	0.8269	0.0000	1.0401
655	1.0000	0.8405	0.0000	1.0421
656	1.0000	0.8699	0.0000	1.0436
657	1.0000	0.8342	0.0000	1.0458
658	1.0000	0.8075	0.0000	1.0476
659	1.0000	0.8125	0.0000	1.0493
660	1.0000	0.8479	0.0000	1.0507
661	1.0000	0.8113	0.0000	1.0526
662	1.0000	0.8556	0.0000	1.0544
663	1.0000	0.8249	0.0000	1.0560
664	1.0000	0.8298	0.0000	1.0581
665	1.0000	0.8220	0.0000	1.0595
666	1.0000	0.8395	0.0000	1.0610
667	1.0000	0.8520	0.0000	1.0628
668	1.0000	0.8227	0.0000	1.0643
669	1.0000	0.7804	0.0000	1.0663
670	1.0000	0.8275	0.0000	1.0680
671	1.0000	0.8152	0.0000	1.0694
672	1.0000	0.8119	0.0000	1.0713
673	1.0000	0.8191	0.0000	1.0729
674	1.0000	0.8116	0.0000	1.0750
675	1.0000	0.8036	0.0000	1.0764
676	1.0000	0.8303	0.0000	1.0791
677	1.0000	0.8449	0.0000	1.0809
678	1.0000	0.8098	0.0000	1.0830
679	1.0000	0.7844	0.0000	1.0846
680	1.0000	0.8308	0.0000	1.0865
681	1.0000	0.8303	0.0000	1.0879
682	1.0000	0.8312	0.0000	1.0894
683	1.0000	0.8368	0.0000	1.0914
684	1.0000	0.8275	0.0000	1.0935
685	1.0000	0.8025	0.0000	1.0960
686	1.0000	0.8052	0.0000	1.0978
687	1.0000	0.7825	0.0000	1.0995
688	1.0000	0.8178	0.0000	1.1011
689	1.0000	0.8401	0.0000	1.1025
690	1.0000	0.8430	0.0000	1.1043
691	1.0000	0.8268	0.0000	1.1058
692	1.0000	0.8396	0.0000	1.1072
693	1.0000	0.8451	0.0000	1.1094
694	1.0000	0.8281	0.0000	1.1111
695	1.0000	0.8574	0.0000	1.1135
696	1.0000	0.8635	0.0000	1.1150
697	1.0000	0.8051	0.0000	1.1174
698	1.0000	0.8763	0.0000	1.1188
699	1.0000	0.8689	0.0000	1.1209
700	1.0000	0.8534	0.0000	1.1225
701	1.0000	0.8316	0.0000	1.1241
702	1.0000	0.8324	0.0000	1.1260
703	1.0000	0.8056	0.0000	1.1276
704	1.0000	0.7538	0.0000	1.1296
705	1.0000	0.7720	0.0000	1.1313
706	1.0000	0.8251	0.0000	1.1337
707	1.0000	0.8261	0.0000	1.1355
708	1.0000	0.7703	0.0000	1.1376
709	1.0000	0.8063	0.0000	1.1396
710	1.0000	0.7901	0.0000	1.1412
711	1.0000	0.8086	0.0000	1.1434
712	1.0000	0.8153	0.0000	1.1449
713	1.0000	0.8401	0.0000	1.1465
714	1.0000	0.7830	0.0000	1.1483
715	1.0000	0.8199	0.0000	1.1499
716	1.0000	0.8399	0.0000	1.1517
717	1.0000	0.7825	0.0000	1.1530
718	1.0000	0.7969	0.0000	1.1548
719	1.0000	0.8224	0.0000	1.1561
720	1.0000	0.8200	0.0000	1.1578
721	1.0000	0.8568	0.0000	1.1595
722	1.0000	0.8293	0.0000	1.1608
723	1.0000	0.8276	0.0000	1.1625
724	1.0000	0.8041	0.0000	1.1638
725	1.0000	0.8639	0.0000	1.1657
726	1.0000	0.8250	0.0000	1.1670
727	1.0000	0.8129	0.0000	1.1689
728	1.0000	0.8701	0.0000	1.1706
729	1.0000	0.8430	0.0000	1.1725
730	1.0000	0.8384	0.0000	1.1740
731	1.0000	0.8857	0.0000	1.1756
732	1.0000	0.8402	0.0000	1.1771
733	1.0000	0.8486	0.0000	1.1788
734	1.0000	0.8536	0.0000	1.1803
735	1.0000	0.8296	0.0000	1.1818
736	1.0000	0.8470	0.0000	1.1831
737	1.0000	0.8469	0.0000	1.1848
738	1.0000	0.8302	0.0000	1.1865
739	1.0000	0.8702	0.0000	1.1882
740	1.0000	0.8293	0.0000	1.1900
741	1.0000	0.7952	0.0000	1.1913
742	1.0000	0.8487	0.0000	1.1928
743	1.0000	0.7770	0.0000	1.1943
744	1.0000	0.8078	0.0000	1.1959
745	1.0000	0.7929	0.0000	1.1976
746	1.0000	0.8482	0.0000	1.1989
747	1.0000	0.8389	0.0000	1.2004
748	1.0000	0.7781	0.0000	1.2024
749	1.0000	0.7796	0.0000	1.2041
750	1.0000	0.8375	0.0000	1.2058
751	1.0000	0.6942	0.0000	1.2071
752	1.0000	0.8111	0.0000	1.2088
753	1.0000	0.7715	0.0000	1.2104
754	1.0000	0.7932	0.0000	1.2123
755	1.0000	0.7914	0.0000	1.2136
756	1.0000	0.7828	0.0000	1.2153
757	1.0000	0.7877	0.0000	1.2168
758	1.0000	0.7999	0.0000	1.2186
759	1.0000	0.7928	0.0000	1.2201
760	1.0000	0.7938	0.0000	1.2219
761	1.0000	0.8249	0.0000	1.2243
762	1.0000	0.7758	0.0000	1.2261
763	1.0000	0.7628	0.0000	1.2279
764	1.0000	0.7663	0.0000	1.2293
765	1.0000	0.8078	0.0000	1.2311
766	1.0000	0.8088	0.0000	1.2327
767	1.0000	0.8086	0.0000	1.2343
768	1.0000	0.8404	0.0000	1.2357
769	1.0000	0.8448	0.0000	1.2375
770	1.0000	0.8444	0.0000	1.2391
771	1.0000	0.7892	0.0000	1.2407
772	1.0000	0.8361	0.0000	1.2423
773	1.0000	0.7975	0.0000	1.2441
774	1.0000	0.8118	0.0000	1.2455
775	1.0000	0.7853	0.0000	1.2473
776	1.0000	0.8113	0.0000	1.2489
777	1.0000	0.8613	0.0000	1.2509
778	1.0000	0.8256	0.0000	1.2523
779	1.0000	0.8186	0.0000	1.2537
780	1.0000	0.8493	0.0000	1.2553
781	1.0000	0.8317	0.0000	1.2571
782	1.0000	0.8376	0.0000	1.2587
783	1.0000	0.8208	0.0000	1.2601
784	1.0000	0.8710	0.0000	1.2619
785	1.0000	0.7987	0.0000	1.2635
786	1.0000	0.8375	0.0000	1.2653
787	1.0000	0.8444	0.0000	1.2671
788	1.0000	0.8629	0.0000	1.2692
789	1.0000	0.8362	0.0000	1.2716
790	1.0000	0.8486	0.0000	1.2732
791	1.0000	0.8636	0.0000	1.2746
792	1.0000	0.8767	0.0000	1.2766
793	1.0000	0.8932	0.0000	1.2786
794	1.0000	0.8110	0.0000	1.2806
795	1.0000	0.7985	0.0000	1.2824
796	1.0000	0.7484	0.0000	1.2842
797	1.0000	0.7703	0.0000	1.2856
798	1.0000	0.7628	0.0000	1.2875
799	1.0000	0.7759	0.0000	1.2890
800	1.0000	0.7717	0.0000	1.2906
801	1.0000	0.8379	0.0000	1.2924
802	1.0000	0.8056	0.0000	1.2942
803	1.0000	0.7962	0.0000	1.2957
804	1.0000	0.8144	0.0000	1.2973
805	1.0000	0.7678	0.0000	1.2990
806	1.0000	0.7864	0.0000	1.3013
807	1.0000	0.7914	0.0000	1.3036
808	1.0000	0.7984	0.0000	1.3052
809	1.0000	0.7799	0.0000	1.3069
810	1.0000	0.8110	0.0000	1.3097
811	1.0000	0.7611	0.0000	1.3118
812	1.0000	0.7928	0.0000	1.3138
813	1.0000	0.7831	0.0000	1.3163
814	1.0000	0.7955	0.0000	1.3188
815	1.0000	0.7995	0.0000	1.3214
816	1.0000	0.8035	0.0000	1.3231
817	1.0000	0.8196	0.0000	1.3254
818	1.0000	0.8424	0.0000	1.3270
819	1.0000	0.8045	0.0000	1.3290
820	1.0000	0.8369	0.0000	1.3311
821	1.0000	0.8085	0.0000	1.3329
822	1.0000	0.8008	0.0000	1.3347
823	1.0000	0.8290	0.0000	1.3365
824	1.0000	0.8134	0.0000	1.3380
825	1.0000	0.7704	0.0000	1.3403
826	1.0000	0.8310	0.0000	1.3426
827	1.0000	0.8033	0.0000	1.3444
828	1.0000	0.8073	0.0000	1.3460
829	1.0000	0.8349	0.0000	1.3480
830	1.0000	0.8294	0.0000	1.3503
831	1.0000	0.7845	0.0000	1.3536
832	1.0000	0.7719	0.0000	1.3551
833	1.0000	0.7746	0.0000	1.3567
834	1.0000	0.7753	0.0000	1.3584
835	1.0000	0.7829	0.0000	1.3606
836	1.0000	0.8067	0.0000	1.3627
837	1.0000	0.7785	0.0000	1.3644
838	1.0000	0.7998	0.0000	1.3670
839	1.0000	0.8221	0.0000	1.3685
840	1.0000	0.8336	0.0000	1.3702
841	1.0000	0.8529	0.0000	1.3716
842	1.0000	0.7871	0.0000	1.3736
843	1.0000	0.8320	0.0000	1.3755
844	1.0000	0.7913	0.0000	1.3772
845	1.0000	0.8121	0.0000	1.3791
846	1.0000	0.7962	0.0000	1.3808
847	1.0000	0.8262	0.0000	1.3823
848	1.0000	0.8230	0.0000	1.3839
849	1.0000	0.8372	0.0000	1.3854
850	1.0000	0.8756	0.0000	1.3871
851	1.0000	0.8518	0.0000	1.3885
852	1.0000	0.8202	0.0000	1.3905
853	1.0000	0.8323	0.0000	1.3924
854	1.0000	0.8303	0.0000	1.3941
855	1.0000	0.8448	0.0000	1.3958
856	1.0000	0.8149	0.0000	1.3977
857	1.0000	0.8434	0.0000	1.3991
858	1.0000	0.8661	0.0000	1.4006
859	1.0000	0.8591	0.0000	1.4025
860	1.0000	0.8618	0.0000	1.4047
861	1.0000	0.8580	0.0000	1.4071
862	1.0000	0.8661	0.0000	1.4090
863	1.0000	0.8557	0.0000	1.4109
864	1.0000	0.8545	0.0000	1.4126
865	1.0000	0.8171	0.0000	1.4143
866	1.0000	0.8704	0.0000	1.4160
867	1.0000	0.8472	0.0000	1.4174
868	1.0000	0.8438	0.0000	1.4196
869	1.0000	0.8368	0.0000	1.4215
870	1.0000	0.8319	0.0000	1.4231
871	1.0000	0.8042	0.0000	1.4249
872	1.0000	0.7987	0.0000	1.4267
873	1.0000	0.8274	0.0000	1.4288
874	1.0000	0.8289	0.0000	1.4304
875	1.0000	0.8400	0.0000	1.4320
876	1.0000	0.8095	0.0000	1.4338
877	1.0000	0.8442	0.0000	1.4357
878	1.0000	0.8422	0.0000	1.4373
879	1.0000	0.8239	0.0000	1.4391
880	1.0000	0.8542	0.0000	1.4407
881	1.0000	0.8352	0.0000	1.4423
882	1.0000	0.8292	0.0000	1.4441
883	1.0000	0.8185	0.0000	1.4462
884	1.0000	0.8293	0.0000	1.4476
885	1.0000	0.8283	0.0000	1.4490
886	1.0000	0.8161	0.0000	1.4505
887	1.0000	0.8503	0.0000	1.4521
888	1.0000	0.7779	0.0000	1.4544
889	1.0000	0.8140	0.0000	1.4568
890	1.0000	0.7620	0.0000	1.4588
891	1.0000	0.7438	0.0000	1.4602
892	1.0000	0.7360	0.0000	1.4621
893	1.0000	0.7443	0.0000	1.4639
894	1.0000	0.7576	0.0000	1.4662
895	1.0000	0.7694	0.0000	1.4676
896	1.0000	0.7642	0.0000	1.4697
897	1.0000	0.7558	0.0000	1.4715
898	1.0000	0.7524	0.0000	1.4734
899	1.0000	0.7632	0.0000	1.4750
900	1.0000	0.7318	0.0000	1.4768
901	1.0000	0.7799	0.0000	1.4785
902	1.0000	0.7661	0.0000	1.4806
903	1.0000	0.7822	0.0000	1.4824
904	1.0000	0.7887	0.0000	1.4843
905	1.0000	0.7679	0.0000	1.4857
906	1.0000	0.7694	0.0000	1.4884
907	1.0000	0.8273	0.0000	1.4897
908	1.0000	0.8063	0.0000	1.4915
909	1.0000	0.8210	0.0000	1.4944
910	1.0000	0.8551	0.0000	1.4962
911	1.0000	0.8063	0.0000	1.4977
912	1.0000	0.8133	0.0000	1.4991
913	1.0000	0.8218	0.0000	1.5006
914	1.0000	0.8689	0.0000	1.5022
915	1.0000	0.7891	0.0000	1.5044
916	1.0000	0.8082	0.0000	1.5060
917	1.0000	0.8093	0.0000	1.5077
918	1.0000	0.7910	0.0000	1.5093
919	1.0000	0.7579	0.0000	1.5108
920	1.0000	0.7854	0.0000	1.5122
921	1.0000	0.7761	0.0000	1.5137
922	1.0000	0.7782	0.0000	1.5155
923	1.0000	0.7832	0.0000	1.5177
924	1.0000	0.8104	0.0000	1.5193
925	1.0000	0.7742	0.0000	1.5209
926	1.0000	0.7767	0.0000	1.5222
927	1.0000	0.7802	0.0000	1.5235
928	1.0000	0.8287	0.0000	1.5248
929	1.0000	0.8086	0.0000	1.5268
930	1.0000	0.8526	0.0000	1.5295
931	1.0000	0.7563	0.0000	1.5310
932	1.0000	0.7698	0.0000	1.5326
933	1.0000	0.7738	0.0000	1.5339
934	1.0000	0.7622	0.0000	1.5357
935	1.0000	0.7608	0.0000	1.5370
936	1.0000	0.7851	0.0000	1.5386
937	1.0000	0.8191	0.0000	1.5406
938	1.0000	0.8415	0.0000	1.5424
939	1.0000	0.8046	0.0000	1.5439
940	1.0000	0.8367	0.0000	1.5457
941	1.0000	0.7525	0.0000	1.5472
942	1.0000	0.8228	0.0000	1.5486
943	1.0000	0.8412	0.0000	1.5504
944	1.0000	0.8288	0.0000	1.5519
945	1.0000	0.8334	0.0000	1.5532
946	1.0000	0.8542	0.0000	1.5550
947	1.0000	0.8305	0.0000	1.5564
948	1.0000	0.8772	0.0000	1.5578
949	1.0000	0.8349	0.0000	1.5594
950	1.0000	0.8599	0.0000	1.5611
951	1.0000	0.8475	0.0000	1.5634
952	1.0000	0.8441	0.0000	1.5648
953	1.0000	0.8296	0.0000	1.5664
954	1.0000	0.7653	0.0000	1.5682
955	1.0000	0.7874	0.0000	1.5703
956	1.0000	0.8237	0.0000	1.5729
957	1.0000	0.7911	0.0000	1.5748
958	1.0000	0.8169	0.0000	1.5771
959	1.0000	0.8282	0.0000	1.5785
960	1.0000	0.8502	0.0000	1.5806
961	1.0000	0.8068	0.0000	1.5827
962	1.0000	0.7925	0.0000	1.5844
963	1.0000	0.7779	0.0000	1.5857
964	1.0000	0.8124	0.0000	1.5871
965	1.0000	0.8429	0.0000	1.5892
966	1.0000	0.8322	0.0000	1.5906
967	1.0000	0.8299	0.0000	1.5922
968	1.0000	0.8339	0.0000	1.5936
969	1.0000	0.8056	0.0000	1.5955
970	1.0000	0.8012	0.0000	1.5969
971	1.0000	0.7719	0.0000	1.5992
972	1.0000	0.8104	0.0000	1.6021
973	1.0000	0.7530	0.0000	1.6042
974	1.0000	0.8103	0.0000	1.6058
975	1.0000	0.7799	0.0000	1.6072
976	1.0000	0.7716	0.0000	1.6091
977	1.0000	0.8041	0.0000	1.6107
978	1.0000	0.8089	0.0000	1.6121
979	1.0000	0.8308	0.0000	1.6137
980	1.0000	0.8226	0.0000	1.6155
981	1.0000	0.8180	0.0000	1.6172
982	1.0000	0.7772	0.0000	1.6195
983	1.0000	0.7804	0.0000	1.6211
984	1.0000	0.8221	0.0000	1.6227
985	1.0000	0.8091	0.0000	1.6240
986	1.0000	0.7552	0.0000	1.6256
987	1.0000	0.7917	0.0000	1.6269
988	1.0000	0.8026	0.0000	1.6282
989	1.0000	0.8295	0.0000	1.6295
990	1.0000	0.8298	0.0000	1.6309
991	1.0000	0.8460	0.0000	1.6327
992	1.0000	0.8470	0.0000	1.6347
993	1.0000	0.8118	0.0000	1.6370
994	1.0000	0.8145	0.0000	1.6388
995	1.0000	0.8485	0.0000	1.6401
996	1.0000	0.8411	0.0000	1.6414
997	1.0000	0.8465	0.0000	1.6434
998	1.0000	0.8105	0.0000	1.6457
999	1.0000	0.7965	0.0000	1.6477
1000	1.0000	0.7855	0.0000	1.6493
1001	1.0000	0.8244	0.0000	1.6509
1002	1.0000	0.8001	0.0000	1.6524
1003	1.0000	0.7969	0.0000	1.6542
1004	1.0000	0.7592	0.0000	1.6558
1005	1.0000	0.7832	0.0000	1.6574
1006	1.0000	0.8045	0.0000	1.6589
1007	1.0000	0.7967	0.0000	1.6602
1008	1.0000	0.8242	0.0000	1.6623
1009	1.0000	0.8449	0.0000	1.6639
1010	1.0000	0.8776	0.0000	1.6652
1011	1.0000	0.8331	0.0000	1.6670
1012	1.0000	0.8174	0.0000	1.6690
1013	1.0000	0.8178	0.0000	1.6708
1014	1.0000	0.8358	0.0000	1.6731
1015	1.0000	0.8045	0.0000	1.6751
1016	1.0000	0.8246	0.0000	1.6764
1017	1.0000	0.8204	0.0000	1.6778
1018	1.0000	0.8104	0.0000	1.6798
1019	1.0000	0.7937	0.0000	1.6816
1020	1.0000	0.8266	0.0000	1.6837
1021	1.0000	0.7802	0.0000	1.6852
1022	1.0000	0.7864	0.0000	1.6870
1023	1.0000	0.8440	0.0000	1.6889
1024	1.0000	0.8315	0.0000	1.6910
1025	1.0000	0.8613	0.0000	1.6929
1026	1.0000	0.8164	0.0000	1.6948
1027	1.0000	0.8139	0.0000	1.6970
1028	1.0000	0.8316	0.0000	1.6984
1029	1.0000	0.8196	0.0000	1.7003
1030	1.0000	0.7825	0.0000	1.7019
1031	1.0000	0.7955	0.0000	1.7033
1032	1.0000	0.7749	0.0000	1.7052
1033	1.0000	0.8142	0.0000	1.7068
1034	1.0000	0.7980	0.0000	1.7087
1035	1.0000	0.7949	0.0000	1.7106
1036	1.0000	0.7511	0.0000	1.7125
1037	1.0000	0.7988	0.0000	1.7141
1038	1.0000	0.7798	0.0000	1.7158
1039	1.0000	0.8252	0.0000	1.7177
1040	1.0000	0.8200	0.0000	1.7196
1041	1.0000	0.7982	0.0000	1.7212
1042	1.0000	0.7970	0.0000	1.7226
1043	1.0000	0.7729	0.0000	1.7245
1044	1.0000	0.8193	0.0000	1.7267
1045	1.0000	0.8147	0.0000	1.7288
1046	1.0000	0.8001	0.0000	1.7307
1047	1.0000	0.8237	0.0000	1.7324
1048	1.0000	0.8274	0.0000	1.7340
1049	1.0000	0.7684	0.0000	1.7359
1050	1.0000	0.8005	0.0000	1.7378
1051	1.0000	0.7770	0.0000	1.7394
1052	1.0000	0.8198	0.0000	1.7408
1053	1.0000	0.8113	0.0000	1.7429
1054	1.0000	0.7921	0.0000	1.7448
1055	1.0000	0.7984	0.0000	1.7467
1056	1.0000	0.7966	0.0000	1.7483
1057	1.0000	0.7917	0.0000	1.7502
1058	1.0000	0.7686	0.0000	1.7521
1059	1.0000	0.7695	0.0000	1.7535
1060	1.0000	0.7735	0.0000	1.7555
1061	1.0000	0.7607	0.0000	1.7577
1062	1.0000	0.7691	0.0000	1.7601
1063	1.0000	0.8071	0.0000	1.7620
1064	1.0000	0.7835	0.0000	1.7641
1065	1.0000	0.7482	0.0000	1.7660
Pos: [7.7062769011424646, 4.111206654708373]

Run: 2
Iter	Gbest	AvrFit	Diver	ETime	
0	0.9787	0.1634	0.0000	0.0020
1	0.9891	0.2996	0.0000	0.0036
2	0.9998	0.2972	0.0000	0.0051
3	0.9998	0.3679	0.0000	0.0067
4	0.9999	0.4550	0.0000	0.0082
5	0.9999	0.4737	0.0000	0.0097
6	0.9999	0.5211	0.0000	0.0112
7	0.9999	0.5904	0.0000	0.0126
8	0.9999	0.6563	0.0000	0.0141
9	0.9999	0.6357	0.0000	0.0156
10	0.9999	0.6583	0.0000	0.0171
11	1.0000	0.6876	0.0000	0.0186
12	1.0000	0.7079	0.0000	0.0200
13	1.0000	0.7325	0.0000	0.0215
14	1.0000	0.6852	0.0000	0.0230
15	1.0000	0.6908	0.0000	0.0244
16	1.0000	0.7250	0.0000	0.0259
17	1.0000	0.6941	0.0000	0.0274
18	1.0000	0.7276	0.0000	0.0289
19	1.0000	0.7768	0.0000	0.0304
20	1.0000	0.6894	0.0000	0.0318
21	1.0000	0.7878	0.0000	0.0333
22	1.0000	0.7341	0.0000	0.0348
23	1.0000	0.6866	0.0000	0.0362
24	1.0000	0.7193	0.0000	0.0377
25	1.0000	0.7500	0.0000	0.0391
26	1.0000	0.7409	0.0000	0.0406
27	1.0000	0.7666	0.0000	0.0421
28	1.0000	0.7281	0.0000	0.0435
29	1.0000	0.7574	0.0000	0.0450
30	1.0000	0.8008	0.0000	0.0465
31	1.0000	0.7690	0.0000	0.0479
32	1.0000	0.7910	0.0000	0.0494
33	1.0000	0.7949	0.0000	0.0508
34	1.0000	0.7675	0.0000	0.0523
35	1.0000	0.7562	0.0000	0.0537
36	1.0000	0.7228	0.0000	0.0552
37	1.0000	0.7859	0.0000	0.0566
38	1.0000	0.7703	0.0000	0.0581
39	1.0000	0.7352	0.0000	0.0596
40	1.0000	0.7610	0.0000	0.0610
41	1.0000	0.7278	0.0000	0.0625
42	1.0000	0.7294	0.0000	0.0639
43	1.0000	0.7514	0.0000	0.0654
44	1.0000	0.7232	0.0000	0.0668
45	1.0000	0.7689	0.0000	0.0683
46	1.0000	0.7540	0.0000	0.0697
47	1.0000	0.7961	0.0000	0.0712
48	1.0000	0.7524	0.0000	0.0726
49	1.0000	0.7745	0.0000	0.0740
50	1.0000	0.7775	0.0000	0.0754
51	1.0000	0.7793	0.0000	0.0767
52	1.0000	0.7612	0.0000	0.0781
53	1.0000	0.7996	0.0000	0.0795
54	1.0000	0.7849	0.0000	0.0809
55	1.0000	0.7926	0.0000	0.0822
56	1.0000	0.8178	0.0000	0.0836
57	1.0000	0.8350	0.0000	0.0850
58	1.0000	0.8274	0.0000	0.0864
59	1.0000	0.8354	0.0000	0.0877
60	1.0000	0.8374	0.0000	0.0891
61	1.0000	0.8113	0.0000	0.0905
62	1.0000	0.7863	0.0000	0.0919
63	1.0000	0.8618	0.0000	0.0933
64	1.0000	0.7784	0.0000	0.0947
65	1.0000	0.8247	0.0000	0.0961
66	1.0000	0.8320	0.0000	0.0975
67	1.0000	0.8094	0.0000	0.0989
68	1.0000	0.8365	0.0000	0.1002
69	1.0000	0.8423	0.0000	0.1016
70	1.0000	0.8865	0.0000	0.1030
71	1.0000	0.8214	0.0000	0.1043
72	1.0000	0.8403	0.0000	0.1057
73	1.0000	0.8400	0.0000	0.1068
74	1.0000	0.7997	0.0000	0.1075
75	1.0000	0.8147	0.0000	0.1087
76	1.0000	0.8025	0.0000	0.1095
77	1.0000	0.8335	0.0000	0.1104
78	1.0000	0.8640	0.0000	0.1116
79	1.0000	0.8358	0.0000	0.1123
80	1.0000	0.8526	0.0000	0.1130
81	1.0000	0.8527	0.0000	0.1138
82	1.0000	0.8443	0.0000	0.1146
83	1.0000	0.8092	0.0000	0.1153
84	1.0000	0.8508	0.0000	0.1161
85	1.0000	0.8415	0.0000	0.1169
86	1.0000	0.8460	0.0000	0.1177
87	1.0000	0.8119	0.0000	0.1186
88	1.0000	0.8544	0.0000	0.1194
89	1.0000	0.8458	0.0000	0.1202
90	1.0000	0.7971	0.0000	0.1211
91	1.0000	0.8339	0.0000	0.1219
92	1.0000	0.8718	0.0000	0.1228
93	1.0000	0.8170	0.0000	0.1235
94	1.0000	0.8594	0.0000	0.1243
95	1.0000	0.8426	0.0000	0.1250
96	1.0000	0.7979	0.0000	0.1258
97	1.0000	0.7821	0.0000	0.1266
98	1.0000	0.8302	0.0000	0.1274
99	1.0000	0.7921	0.0000	0.1282
100	1.0000	0.8139	0.0000	0.1290
101	1.0000	0.7649	0.0000	0.1297
102	1.0000	0.7927	0.0000	0.1306
103	1.0000	0.7740	0.0000	0.1314
104	1.0000	0.7777	0.0000	0.1323
105	1.0000	0.8312	0.0000	0.1332
106	1.0000	0.7773	0.0000	0.1340
107	1.0000	0.8292	0.0000	0.1347
108	1.0000	0.7961	0.0000	0.1355
109	1.0000	0.8021	0.0000	0.1364
110	1.0000	0.7719	0.0000	0.1373
111	1.0000	0.8332	0.0000	0.1381
112	1.0000	0.8231	0.0000	0.1388
113	1.0000	0.8336	0.0000	0.1396
114	1.0000	0.8160	0.0000	0.1404
115	1.0000	0.8224	0.0000	0.1411
116	1.0000	0.8556	0.0000	0.1418
117	1.0000	0.7932	0.0000	0.1426
118	1.0000	0.8486	0.0000	0.1434
119	1.0000	0.8203	0.0000	0.1442
120	1.0000	0.8316	0.0000	0.1449
121	1.0000	0.8112	0.0000	0.1457
122	1.0000	0.7943	0.0000	0.1464
123	1.0000	0.8517	0.0000	0.1471
124	1.0000	0.8430	0.0000	0.1479
125	1.0000	0.7823	0.0000	0.1487
126	1.0000	0.8473	0.0000	0.1495
127	1.0000	0.8160	0.0000	0.1503
128	1.0000	0.8237	0.0000	0.1511
129	1.0000	0.8236	0.0000	0.1520
130	1.0000	0.8401	0.0000	0.1528
131	1.0000	0.8127	0.0000	0.1535
132	1.0000	0.7762	0.0000	0.1543
133	1.0000	0.8236	0.0000	0.1550
134	1.0000	0.8434	0.0000	0.1558
135	1.0000	0.8607	0.0000	0.1566
136	1.0000	0.8162	0.0000	0.1574
137	1.0000	0.8212	0.0000	0.1581
138	1.0000	0.8136	0.0000	0.1589
139	1.0000	0.8035	0.0000	0.1597
140	1.0000	0.7854	0.0000	0.1605
141	1.0000	0.7723	0.0000	0.1612
142	1.0000	0.7657	0.0000	0.1619
143	1.0000	0.7876	0.0000	0.1627
144	1.0000	0.7619	0.0000	0.1636
145	1.0000	0.7529	0.0000	0.1644
146	1.0000	0.7764	0.0000	0.1652
147	1.0000	0.7654	0.0000	0.1659
148	1.0000	0.7996	0.0000	0.1667
149	1.0000	0.7893	0.0000	0.1675
150	1.0000	0.8269	0.0000	0.1682
151	1.0000	0.8055	0.0000	0.1691
152	1.0000	0.8284	0.0000	0.1698
153	1.0000	0.8520	0.0000	0.1705
154	1.0000	0.9049	0.0000	0.1713
155	1.0000	0.8161	0.0000	0.1721
156	1.0000	0.8419	0.0000	0.1729
157	1.0000	0.8585	0.0000	0.1736
158	1.0000	0.8599	0.0000	0.1743
159	1.0000	0.8531	0.0000	0.1750
160	1.0000	0.8454	0.0000	0.1759
161	1.0000	0.7674	0.0000	0.1768
162	1.0000	0.7581	0.0000	0.1777
163	1.0000	0.7701	0.0000	0.1786
164	1.0000	0.7456	0.0000	0.1793
165	1.0000	0.7522	0.0000	0.1801
166	1.0000	0.7748	0.0000	0.1809
167	1.0000	0.7800	0.0000	0.1816
168	1.0000	0.7666	0.0000	0.1824
169	1.0000	0.7745	0.0000	0.1833
170	1.0000	0.8284	0.0000	0.1842
171	1.0000	0.8203	0.0000	0.1849
172	1.0000	0.8244	0.0000	0.1857
173	1.0000	0.8179	0.0000	0.1864
174	1.0000	0.8218	0.0000	0.1873
175	1.0000	0.7907	0.0000	0.1880
176	1.0000	0.8339	0.0000	0.1887
177	1.0000	0.8501	0.0000	0.1895
178	1.0000	0.8076	0.0000	0.1902
179	1.0000	0.8143	0.0000	0.1910
180	1.0000	0.7872	0.0000	0.1918
181	1.0000	0.8528	0.0000	0.1928
182	1.0000	0.8138	0.0000	0.1935
183	1.0000	0.8625	0.0000	0.1943
184	1.0000	0.8525	0.0000	0.1951
185	1.0000	0.8351	0.0000	0.1959
186	1.0000	0.8245	0.0000	0.1967
187	1.0000	0.8189	0.0000	0.1975
188	1.0000	0.8329	0.0000	0.1984
189	1.0000	0.8354	0.0000	0.1991
190	1.0000	0.8406	0.0000	0.1999
191	1.0000	0.8411	0.0000	0.2008
192	1.0000	0.8317	0.0000	0.2015
193	1.0000	0.8475	0.0000	0.2022
194	1.0000	0.8554	0.0000	0.2030
195	1.0000	0.8054	0.0000	0.2038
196	1.0000	0.8409	0.0000	0.2048
197	1.0000	0.8211	0.0000	0.2055
198	1.0000	0.8254	0.0000	0.2062
199	1.0000	0.8378	0.0000	0.2070
200	1.0000	0.8091	0.0000	0.2078
201	1.0000	0.8010	0.0000	0.2086
202	1.0000	0.8157	0.0000	0.2094
203	1.0000	0.8214	0.0000	0.2103
204	1.0000	0.8215	0.0000	0.2111
205	1.0000	0.8483	0.0000	0.2119
206	1.0000	0.8043	0.0000	0.2127
207	1.0000	0.8309	0.0000	0.2136
208	1.0000	0.8245	0.0000	0.2144
209	1.0000	0.8173	0.0000	0.2153
210	1.0000	0.8205	0.0000	0.2161
211	1.0000	0.7804	0.0000	0.2169
212	1.0000	0.7677	0.0000	0.2177
213	1.0000	0.8456	0.0000	0.2185
214	1.0000	0.8126	0.0000	0.2193
215	1.0000	0.8183	0.0000	0.2200
216	1.0000	0.8608	0.0000	0.2208
217	1.0000	0.8216	0.0000	0.2217
218	1.0000	0.8423	0.0000	0.2225
219	1.0000	0.8096	0.0000	0.2234
220	1.0000	0.8454	0.0000	0.2242
221	1.0000	0.8173	0.0000	0.2249
222	1.0000	0.7619	0.0000	0.2258
223	1.0000	0.7520	0.0000	0.2266
224	1.0000	0.8070	0.0000	0.2275
225	1.0000	0.7637	0.0000	0.2283
226	1.0000	0.7957	0.0000	0.2292
227	1.0000	0.8247	0.0000	0.2300
228	1.0000	0.8021	0.0000	0.2308
229	1.0000	0.7962	0.0000	0.2316
230	1.0000	0.8386	0.0000	0.2326
231	1.0000	0.7996	0.0000	0.2334
232	1.0000	0.7913	0.0000	0.2342
233	1.0000	0.7834	0.0000	0.2350
234	1.0000	0.8290	0.0000	0.2360
235	1.0000	0.7806	0.0000	0.2370
236	1.0000	0.7835	0.0000	0.2378
237	1.0000	0.7807	0.0000	0.2386
238	1.0000	0.7754	0.0000	0.2396
239	1.0000	0.7319	0.0000	0.2405
240	1.0000	0.7793	0.0000	0.2414
241	1.0000	0.7904	0.0000	0.2424
242	1.0000	0.7606	0.0000	0.2432
243	1.0000	0.7554	0.0000	0.2440
244	1.0000	0.7660	0.0000	0.2447
245	1.0000	0.7580	0.0000	0.2456
246	1.0000	0.8104	0.0000	0.2464
247	1.0000	0.7910	0.0000	0.2472
248	1.0000	0.7971	0.0000	0.2480
249	1.0000	0.8224	0.0000	0.2489
250	1.0000	0.8101	0.0000	0.2498
251	1.0000	0.7888	0.0000	0.2506
252	1.0000	0.7824	0.0000	0.2515
253	1.0000	0.8369	0.0000	0.2523
254	1.0000	0.8086	0.0000	0.2531
255	1.0000	0.8517	0.0000	0.2540
256	1.0000	0.7663	0.0000	0.2549
257	1.0000	0.7810	0.0000	0.2559
258	1.0000	0.7649	0.0000	0.2568
259	1.0000	0.7090	0.0000	0.2576
260	1.0000	0.7088	0.0000	0.2585
261	1.0000	0.7912	0.0000	0.2594
262	1.0000	0.7371	0.0000	0.2603
263	1.0000	0.7559	0.0000	0.2613
264	1.0000	0.7193	0.0000	0.2621
265	1.0000	0.7677	0.0000	0.2631
266	1.0000	0.7434	0.0000	0.2640
267	1.0000	0.7590	0.0000	0.2648
268	1.0000	0.7578	0.0000	0.2656
269	1.0000	0.7614	0.0000	0.2665
270	1.0000	0.7802	0.0000	0.2674
271	1.0000	0.7624	0.0000	0.2682
272	1.0000	0.7513	0.0000	0.2691
273	1.0000	0.8162	0.0000	0.2699
274	1.0000	0.7978	0.0000	0.2706
275	1.0000	0.8172	0.0000	0.2714
276	1.0000	0.8328	0.0000	0.2721
277	1.0000	0.8110	0.0000	0.2731
278	1.0000	0.8268	0.0000	0.2740
279	1.0000	0.7585	0.0000	0.2749
280	1.0000	0.7832	0.0000	0.2758
281	1.0000	0.7937	0.0000	0.2766
282	1.0000	0.7712	0.0000	0.2775
283	1.0000	0.7860	0.0000	0.2784
284	1.0000	0.8346	0.0000	0.2793
285	1.0000	0.7586	0.0000	0.2802
286	1.0000	0.8049	0.0000	0.2811
287	1.0000	0.7668	0.0000	0.2821
288	1.0000	0.7707	0.0000	0.2830
289	1.0000	0.7493	0.0000	0.2839
290	1.0000	0.7793	0.0000	0.2850
291	1.0000	0.7444	0.0000	0.2860
292	1.0000	0.7368	0.0000	0.2868
293	1.0000	0.7559	0.0000	0.2880
294	1.0000	0.7467	0.0000	0.2891
295	1.0000	0.7283	0.0000	0.2900
296	1.0000	0.7856	0.0000	0.2910
297	1.0000	0.8275	0.0000	0.2918
298	1.0000	0.7808	0.0000	0.2927
299	1.0000	0.8158	0.0000	0.2936
300	1.0000	0.7918	0.0000	0.2945
301	1.0000	0.8326	0.0000	0.2953
302	1.0000	0.8647	0.0000	0.2962
303	1.0000	0.8228	0.0000	0.2972
304	1.0000	0.8408	0.0000	0.2981
305	1.0000	0.8506	0.0000	0.2990
306	1.0000	0.8447	0.0000	0.3000
307	1.0000	0.8533	0.0000	0.3010
308	1.0000	0.9014	0.0000	0.3020
309	1.0000	0.8444	0.0000	0.3029
310	1.0000	0.8423	0.0000	0.3037
311	1.0000	0.8563	0.0000	0.3046
312	1.0000	0.8848	0.0000	0.3054
313	1.0000	0.8815	0.0000	0.3062
314	1.0000	0.8648	0.0000	0.3072
315	1.0000	0.8834	0.0000	0.3082
316	1.0000	0.8624	0.0000	0.3091
317	1.0000	0.8687	0.0000	0.3103
318	1.0000	0.8427	0.0000	0.3113
319	1.0000	0.8302	0.0000	0.3122
320	1.0000	0.7892	0.0000	0.3130
321	1.0000	0.7633	0.0000	0.3139
322	1.0000	0.7680	0.0000	0.3149
323	1.0000	0.8140	0.0000	0.3157
324	1.0000	0.8266	0.0000	0.3165
325	1.0000	0.8255	0.0000	0.3174
326	1.0000	0.8226	0.0000	0.3184
327	1.0000	0.8362	0.0000	0.3192
328	1.0000	0.8378	0.0000	0.3203
329	1.0000	0.8211	0.0000	0.3212
330	1.0000	0.8520	0.0000	0.3222
331	1.0000	0.8280	0.0000	0.3231
332	1.0000	0.8068	0.0000	0.3240
333	1.0000	0.8039	0.0000	0.3249
334	1.0000	0.7981	0.0000	0.3259
335	1.0000	0.8276	0.0000	0.3269
336	1.0000	0.8171	0.0000	0.3279
337	1.0000	0.8522	0.0000	0.3289
338	1.0000	0.8297	0.0000	0.3298
339	1.0000	0.8567	0.0000	0.3307
340	1.0000	0.8492	0.0000	0.3316
341	1.0000	0.8634	0.0000	0.3326
342	1.0000	0.8279	0.0000	0.3335
343	1.0000	0.8646	0.0000	0.3344
344	1.0000	0.8380	0.0000	0.3353
345	1.0000	0.8647	0.0000	0.3363
346	1.0000	0.8585	0.0000	0.3371
347	1.0000	0.8588	0.0000	0.3380
348	1.0000	0.8893	0.0000	0.3389
349	1.0000	0.8757	0.0000	0.3401
350	1.0000	0.8688	0.0000	0.3409
351	1.0000	0.8378	0.0000	0.3417
352	1.0000	0.8626	0.0000	0.3425
353	1.0000	0.8595	0.0000	0.3435
354	1.0000	0.8185	0.0000	0.3443
355	1.0000	0.8427	0.0000	0.3452
356	1.0000	0.8604	0.0000	0.3461
357	1.0000	0.8507	0.0000	0.3470
358	1.0000	0.8577	0.0000	0.3479
359	1.0000	0.8064	0.0000	0.3488
360	1.0000	0.8266	0.0000	0.3497
361	1.0000	0.8268	0.0000	0.3505
362	1.0000	0.8519	0.0000	0.3515
363	1.0000	0.8217	0.0000	0.3524
364	1.0000	0.8051	0.0000	0.3533
365	1.0000	0.8362	0.0000	0.3541
366	1.0000	0.7925	0.0000	0.3549
367	1.0000	0.8248	0.0000	0.3557
368	1.0000	0.8263	0.0000	0.3565
369	1.0000	0.8373	0.0000	0.3572
370	1.0000	0.8186	0.0000	0.3581
371	1.0000	0.8076	0.0000	0.3591
372	1.0000	0.8411	0.0000	0.3598
373	1.0000	0.8071	0.0000	0.3607
374	1.0000	0.8511	0.0000	0.3616
375	1.0000	0.8661	0.0000	0.3624
376	1.0000	0.8358	0.0000	0.3635
377	1.0000	0.8847	0.0000	0.3643
378	1.0000	0.8582	0.0000	0.3652
379	1.0000	0.8507	0.0000	0.3661
380	1.0000	0.8649	0.0000	0.3670
381	1.0000	0.8602	0.0000	0.3679
382	1.0000	0.8431	0.0000	0.3687
383	1.0000	0.8740	0.0000	0.3696
384	1.0000	0.8605	0.0000	0.3705
385	1.0000	0.8006	0.0000	0.3714
386	1.0000	0.8358	0.0000	0.3723
387	1.0000	0.8455	0.0000	0.3731
388	1.0000	0.8981	0.0000	0.3739
389	1.0000	0.9035	0.0000	0.3747
390	1.0000	0.8468	0.0000	0.3757
391	1.0000	0.8878	0.0000	0.3766
392	1.0000	0.9058	0.0000	0.3774
393	1.0000	0.8782	0.0000	0.3782
394	1.0000	0.8685	0.0000	0.3790
395	1.0000	0.8625	0.0000	0.3800
396	1.0000	0.9180	0.0000	0.3808
397	1.0000	0.8677	0.0000	0.3816
398	1.0000	0.8740	0.0000	0.3826
399	1.0000	0.8814	0.0000	0.3835
400	1.0000	0.8514	0.0000	0.3849
401	1.0000	0.6930	0.0000	0.3859
402	1.0000	0.7525	0.0000	0.3867
403	1.0000	0.8024	0.0000	0.3878
404	1.0000	0.8034	0.0000	0.3887
405	1.0000	0.7916	0.0000	0.3897
406	1.0000	0.8269	0.0000	0.3906
407	1.0000	0.8542	0.0000	0.3915
408	1.0000	0.8011	0.0000	0.3925
409	1.0000	0.8293	0.0000	0.3933
410	1.0000	0.8521	0.0000	0.3942
411	1.0000	0.8212	0.0000	0.3950
412	1.0000	0.8149	0.0000	0.3959
413	1.0000	0.8122	0.0000	0.3969
414	1.0000	0.8034	0.0000	0.3977
415	1.0000	0.7720	0.0000	0.3986
416	1.0000	0.8081	0.0000	0.3995
417	1.0000	0.7902	0.0000	0.4003
418	1.0000	0.8122	0.0000	0.4011
419	1.0000	0.8086	0.0000	0.4020
420	1.0000	0.7771	0.0000	0.4029
421	1.0000	0.7992	0.0000	0.4039
422	1.0000	0.8169	0.0000	0.4047
423	1.0000	0.8251	0.0000	0.4057
424	1.0000	0.7810	0.0000	0.4067
425	1.0000	0.8202	0.0000	0.4077
426	1.0000	0.7701	0.0000	0.4085
427	1.0000	0.8079	0.0000	0.4094
428	1.0000	0.8221	0.0000	0.4103
429	1.0000	0.7554	0.0000	0.4113
430	1.0000	0.7279	0.0000	0.4122
431	1.0000	0.8177	0.0000	0.4130
432	1.0000	0.8230	0.0000	0.4139
433	1.0000	0.8283	0.0000	0.4147
434	1.0000	0.8639	0.0000	0.4156
435	1.0000	0.7808	0.0000	0.4164
436	1.0000	0.8626	0.0000	0.4172
437	1.0000	0.8267	0.0000	0.4183
438	1.0000	0.8024	0.0000	0.4191
439	1.0000	0.7676	0.0000	0.4199
440	1.0000	0.7733	0.0000	0.4208
441	1.0000	0.7753	0.0000	0.4217
442	1.0000	0.8137	0.0000	0.4227
443	1.0000	0.7640	0.0000	0.4237
444	1.0000	0.7875	0.0000	0.4245
445	1.0000	0.8199	0.0000	0.4253
446	1.0000	0.8389	0.0000	0.4262
447	1.0000	0.8213	0.0000	0.4275
448	1.0000	0.8436	0.0000	0.4284
449	1.0000	0.8312	0.0000	0.4293
450	1.0000	0.7676	0.0000	0.4304
451	1.0000	0.7566	0.0000	0.4312
452	1.0000	0.7482	0.0000	0.4320
453	1.0000	0.7758	0.0000	0.4329
454	1.0000	0.7237	0.0000	0.4339
455	1.0000	0.7635	0.0000	0.4350
456	1.0000	0.7692	0.0000	0.4358
457	1.0000	0.8027	0.0000	0.4368
458	1.0000	0.7792	0.0000	0.4376
459	1.0000	0.7567	0.0000	0.4384
460	1.0000	0.8246	0.0000	0.4392
461	1.0000	0.8082	0.0000	0.4401
462	1.0000	0.8507	0.0000	0.4411
463	1.0000	0.7973	0.0000	0.4421
464	1.0000	0.7862	0.0000	0.4429
465	1.0000	0.7440	0.0000	0.4438
466	1.0000	0.7725	0.0000	0.4446
467	1.0000	0.7409	0.0000	0.4456
468	1.0000	0.7862	0.0000	0.4466
469	1.0000	0.7468	0.0000	0.4478
470	1.0000	0.7251	0.0000	0.4486
471	1.0000	0.7197	0.0000	0.4495
472	1.0000	0.7580	0.0000	0.4505
473	1.0000	0.7805	0.0000	0.4513
474	1.0000	0.7698	0.0000	0.4521
475	1.0000	0.8090	0.0000	0.4529
476	1.0000	0.8095	0.0000	0.4538
477	1.0000	0.7713	0.0000	0.4547
478	1.0000	0.8044	0.0000	0.4556
479	1.0000	0.8280	0.0000	0.4567
480	1.0000	0.7954	0.0000	0.4578
481	1.0000	0.7603	0.0000	0.4588
482	1.0000	0.7931	0.0000	0.4599
483	1.0000	0.7817	0.0000	0.4609
484	1.0000	0.7905	0.0000	0.4618
485	1.0000	0.7844	0.0000	0.4627
486	1.0000	0.7994	0.0000	0.4637
487	1.0000	0.7917	0.0000	0.4645
488	1.0000	0.7678	0.0000	0.4656
489	1.0000	0.7690	0.0000	0.4666
490	1.0000	0.7650	0.0000	0.4675
491	1.0000	0.6838	0.0000	0.4683
492	1.0000	0.7608	0.0000	0.4693
493	1.0000	0.7435	0.0000	0.4702
494	1.0000	0.7401	0.0000	0.4711
495	1.0000	0.7429	0.0000	0.4719
496	1.0000	0.7901	0.0000	0.4728
497	1.0000	0.7653	0.0000	0.4737
498	1.0000	0.7599	0.0000	0.4748
499	1.0000	0.7615	0.0000	0.4758
500	1.0000	0.7399	0.0000	0.4768
501	1.0000	0.7333	0.0000	0.4779
502	1.0000	0.7476	0.0000	0.4788
503	1.0000	0.8184	0.0000	0.4796
504	1.0000	0.7905	0.0000	0.4805
505	1.0000	0.8619	0.0000	0.4815
506	1.0000	0.8028	0.0000	0.4823
507	1.0000	0.7672	0.0000	0.4831
508	1.0000	0.8714	0.0000	0.4839
509	1.0000	0.8485	0.0000	0.4850
510	1.0000	0.8375	0.0000	0.4862
511	1.0000	0.7867	0.0000	0.4874
512	1.0000	0.8177	0.0000	0.4882
513	1.0000	0.8112	0.0000	0.4890
514	1.0000	0.8086	0.0000	0.4899
515	1.0000	0.8010	0.0000	0.4907
516	1.0000	0.8224	0.0000	0.4915
517	1.0000	0.7910	0.0000	0.4923
518	1.0000	0.8364	0.0000	0.4931
519	1.0000	0.8054	0.0000	0.4942
520	1.0000	0.8190	0.0000	0.4951
521	1.0000	0.8497	0.0000	0.4960
522	1.0000	0.8585	0.0000	0.4969
523	1.0000	0.8241	0.0000	0.4978
524	1.0000	0.8358	0.0000	0.4987
525	1.0000	0.8275	0.0000	0.4996
526	1.0000	0.8242	0.0000	0.5006
527	1.0000	0.8131	0.0000	0.5014
528	1.0000	0.8227	0.0000	0.5024
529	1.0000	0.8360	0.0000	0.5033
530	1.0000	0.8312	0.0000	0.5043
531	1.0000	0.8135	0.0000	0.5055
532	1.0000	0.8175	0.0000	0.5063
533	1.0000	0.8378	0.0000	0.5072
534	1.0000	0.8210	0.0000	0.5080
535	1.0000	0.8641	0.0000	0.5088
536	1.0000	0.8759	0.0000	0.5096
537	1.0000	0.8075	0.0000	0.5104
538	1.0000	0.8319	0.0000	0.5114
539	1.0000	0.8104	0.0000	0.5122
540	1.0000	0.8210	0.0000	0.5133
541	1.0000	0.8331	0.0000	0.5143
542	1.0000	0.8529	0.0000	0.5152
543	1.0000	0.8351	0.0000	0.5162
544	1.0000	0.8531	0.0000	0.5170
545	1.0000	0.8258	0.0000	0.5180
546	1.0000	0.8336	0.0000	0.5191
547	1.0000	0.8224	0.0000	0.5200
548	1.0000	0.8354	0.0000	0.5209
549	1.0000	0.8369	0.0000	0.5218
550	1.0000	0.8299	0.0000	0.5229
551	1.0000	0.8468	0.0000	0.5238
552	1.0000	0.8654	0.0000	0.5251
553	1.0000	0.8714	0.0000	0.5260
554	1.0000	0.8332	0.0000	0.5269
555	1.0000	0.8100	0.0000	0.5280
556	1.0000	0.8234	0.0000	0.5287
557	1.0000	0.8308	0.0000	0.5296
558	1.0000	0.8522	0.0000	0.5306
559	1.0000	0.8122	0.0000	0.5315
560	1.0000	0.8266	0.0000	0.5323
561	1.0000	0.8269	0.0000	0.5332
562	1.0000	0.8520	0.0000	0.5341
563	1.0000	0.8176	0.0000	0.5350
564	1.0000	0.8091	0.0000	0.5360
565	1.0000	0.8371	0.0000	0.5369
566	1.0000	0.8443	0.0000	0.5378
567	1.0000	0.8158	0.0000	0.5386
568	1.0000	0.8405	0.0000	0.5394
569	1.0000	0.7950	0.0000	0.5402
570	1.0000	0.8285	0.0000	0.5411
571	1.0000	0.8226	0.0000	0.5421
572	1.0000	0.8422	0.0000	0.5429
573	1.0000	0.8662	0.0000	0.5440
574	1.0000	0.8893	0.0000	0.5449
575	1.0000	0.8262	0.0000	0.5458
576	1.0000	0.8438	0.0000	0.5466
577	1.0000	0.8748	0.0000	0.5474
578	1.0000	0.8731	0.0000	0.5483
579	1.0000	0.8665	0.0000	0.5492
580	1.0000	0.8402	0.0000	0.5499
581	1.0000	0.8948	0.0000	0.5508
582	1.0000	0.8703	0.0000	0.5517
583	1.0000	0.8860	0.0000	0.5525
584	1.0000	0.8917	0.0000	0.5535
585	1.0000	0.8648	0.0000	0.5543
586	1.0000	0.9011	0.0000	0.5553
587	1.0000	0.9067	0.0000	0.5562
588	1.0000	0.9010	0.0000	0.5570
589	1.0000	0.8804	0.0000	0.5578
590	1.0000	0.8673	0.0000	0.5587
591	1.0000	0.8272	0.0000	0.5597
592	1.0000	0.8349	0.0000	0.5606
593	1.0000	0.8340	0.0000	0.5616
594	1.0000	0.8405	0.0000	0.5629
595	1.0000	0.8338	0.0000	0.5640
596	1.0000	0.7763	0.0000	0.5648
597	1.0000	0.8303	0.0000	0.5657
598	1.0000	0.8222	0.0000	0.5665
599	1.0000	0.8390	0.0000	0.5675
600	1.0000	0.8409	0.0000	0.5684
601	1.0000	0.8665	0.0000	0.5693
602	1.0000	0.8623	0.0000	0.5701
603	1.0000	0.8025	0.0000	0.5708
604	1.0000	0.7712	0.0000	0.5719
605	1.0000	0.8465	0.0000	0.5729
606	1.0000	0.8292	0.0000	0.5737
607	1.0000	0.8298	0.0000	0.5746
608	1.0000	0.7955	0.0000	0.5753
609	1.0000	0.8118	0.0000	0.5762
610	1.0000	0.7649	0.0000	0.5770
611	1.0000	0.7966	0.0000	0.5780
612	1.0000	0.7629	0.0000	0.5790
613	1.0000	0.8060	0.0000	0.5798
614	1.0000	0.8439	0.0000	0.5807
615	1.0000	0.7736	0.0000	0.5816
616	1.0000	0.8277	0.0000	0.5828
617	1.0000	0.8106	0.0000	0.5837
618	1.0000	0.8189	0.0000	0.5845
619	1.0000	0.7996	0.0000	0.5853
620	1.0000	0.8151	0.0000	0.5863
621	1.0000	0.7683	0.0000	0.5873
622	1.0000	0.8040	0.0000	0.5882
