ID: vincent	Date: 2019-05-03 15:41:36	Runs: 1
=================================================================================================================
Run: 0
Iter	Gbest	AvrFit	Diver	ETime	
0	0.8760	0.2821	0.0000	0.0004
1	0.9574	0.3563	0.0000	0.0008
2	0.9574	0.4149	0.0000	0.0012
3	0.9574	0.5059	0.0000	0.0015
4	0.9905	0.5639	0.0000	0.0019
5	0.9905	0.5553	0.0000	0.0024
6	0.9905	0.5956	0.0000	0.0028
7	0.9905	0.6439	0.0000	0.0031
8	0.9905	0.6630	0.0000	0.0035
9	0.9963	0.6679	0.0000	0.0039
10	0.9963	0.7185	0.0000	0.0042
11	0.9983	0.7511	0.0000	0.0046
12	0.9983	0.7496	0.0000	0.0050
13	0.9983	0.7683	0.0000	0.0053
14	0.9984	0.8158	0.0000	0.0057
15	0.9984	0.8360	0.0000	0.0061
16	0.9984	0.8230	0.0000	0.0064
17	0.9984	0.8181	0.0000	0.0068
18	0.9984	0.8495	0.0000	0.0071
19	0.9984	0.8617	0.0000	0.0075
20	0.9984	0.8480	0.0000	0.0079
21	0.9984	0.8464	0.0000	0.0082
22	0.9984	0.8826	0.0000	0.0086
23	0.9984	0.8748	0.0000	0.0089
24	0.9984	0.8835	0.0000	0.0093
25	0.9984	0.8857	0.0000	0.0097
26	0.9984	0.8920	0.0000	0.0101
27	0.9984	0.8809	0.0000	0.0104
28	0.9997	0.8969	0.0000	0.0108
29	0.9997	0.9160	0.0000	0.0111
30	0.9997	0.9015	0.0000	0.0115
31	0.9997	0.9259	0.0000	0.0119
32	0.9998	0.9063	0.0000	0.0122
33	0.9999	0.9218	0.0000	0.0126
34	0.9999	0.9347	0.0000	0.0129
35	0.9999	0.9217	0.0000	0.0133
36	0.9999	0.9341	0.0000	0.0137
37	1.0000	0.9513	0.0000	0.0143
38	1.0000	0.4811	0.0000	0.0146
39	1.0000	0.6076	0.0000	0.0150
40	1.0000	0.5851	0.0000	0.0154
41	1.0000	0.6006	0.0000	0.0157
42	1.0000	0.6805	0.0000	0.0161
43	1.0000	0.7080	0.0000	0.0164
44	1.0000	0.7567	0.0000	0.0168
45	1.0000	0.7605	0.0000	0.0172
46	1.0000	0.7716	0.0000	0.0176
47	1.0000	0.7866	0.0000	0.0180
48	1.0000	0.7824	0.0000	0.0184
49	1.0000	0.8125	0.0000	0.0187
50	1.0000	0.8303	0.0000	0.0191
51	1.0000	0.8065	0.0000	0.0194
52	1.0000	0.8097	0.0000	0.0198
53	1.0000	0.8332	0.0000	0.0202
54	1.0000	0.8228	0.0000	0.0205
55	1.0000	0.8471	0.0000	0.0209
56	1.0000	0.8300	0.0000	0.0212
57	1.0000	0.8480	0.0000	0.0216
58	1.0000	0.8456	0.0000	0.0220
59	1.0000	0.8651	0.0000	0.0223
60	1.0000	0.8674	0.0000	0.0227
61	1.0000	0.8411	0.0000	0.0231
62	1.0000	0.8413	0.0000	0.0234
63	1.0000	0.9198	0.0000	0.0238
64	1.0000	0.8944	0.0000	0.0242
65	1.0000	0.8659	0.0000	0.0245
66	1.0000	0.8881	0.0000	0.0249
67	1.0000	0.8690	0.0000	0.0254
68	1.0000	0.8838	0.0000	0.0258
69	1.0000	0.8858	0.0000	0.0261
70	1.0000	0.9183	0.0000	0.0266
71	1.0000	0.9113	0.0000	0.0270
72	1.0000	0.8962	0.0000	0.0275
73	1.0000	0.8623	0.0000	0.0280
74	1.0000	0.9031	0.0000	0.0284
75	1.0000	0.9464	0.0000	0.0289
76	1.0000	0.9034	0.0000	0.0301
77	1.0000	0.6747	0.0000	0.0305
78	1.0000	0.7461	0.0000	0.0310
79	1.0000	0.7292	0.0000	0.0315
80	1.0000	0.8027	0.0000	0.0319
81	1.0000	0.7714	0.0000	0.0323
82	1.0000	0.7778	0.0000	0.0328
83	1.0000	0.8032	0.0000	0.0331
84	1.0000	0.8339	0.0000	0.0336
85	1.0000	0.8362	0.0000	0.0342
86	1.0000	0.7951	0.0000	0.0346
87	1.0000	0.8275	0.0000	0.0351
88	1.0000	0.8311	0.0000	0.0355
89	1.0000	0.8954	0.0000	0.0359
90	1.0000	0.8547	0.0000	0.0363
91	1.0000	0.8589	0.0000	0.0368
92	1.0000	0.8757	0.0000	0.0373
93	1.0000	0.8793	0.0000	0.0377
94	1.0000	0.8492	0.0000	0.0382
95	1.0000	0.8918	0.0000	0.0387
96	1.0000	0.8721	0.0000	0.0392
97	1.0000	0.9167	0.0000	0.0397
98	1.0000	0.8855	0.0000	0.0402
99	1.0000	0.9292	0.0000	0.0407
100	1.0000	0.8766	0.0000	0.0412
101	1.0000	0.8966	0.0000	0.0416
102	1.0000	0.9074	0.0000	0.0421
103	1.0000	0.8815	0.0000	0.0426
104	1.0000	0.9087	0.0000	0.0432
105	1.0000	0.9142	0.0000	0.0437
106	1.0000	0.8940	0.0000	0.0441
107	1.0000	0.8744	0.0000	0.0445
108	1.0000	0.8884	0.0000	0.0450
109	1.0000	0.8954	0.0000	0.0454
110	1.0000	0.9168	0.0000	0.0459
111	1.0000	0.8881	0.0000	0.0463
112	1.0000	0.9110	0.0000	0.0466
113	1.0000	0.9052	0.0000	0.0470
114	1.0000	0.9217	0.0000	0.0474
115	1.0000	0.8941	0.0000	0.0484
116	1.0000	0.7261	0.0000	0.0488
117	1.0000	0.7948	0.0000	0.0492
118	1.0000	0.7890	0.0000	0.0496
119	1.0000	0.8627	0.0000	0.0501
120	1.0000	0.8808	0.0000	0.0504
121	1.0000	0.8830	0.0000	0.0508
122	1.0000	0.8847	0.0000	0.0512
123	1.0000	0.9146	0.0000	0.0516
124	1.0000	0.9011	0.0000	0.0521
125	1.0000	0.8998	0.0000	0.0527
126	1.0000	0.9228	0.0000	0.0532
127	1.0000	0.9086	0.0000	0.0537
128	1.0000	0.9202	0.0000	0.0541
129	1.0000	0.9170	0.0000	0.0545
130	1.0000	0.9041	0.0000	0.0549
131	1.0000	0.9321	0.0000	0.0553
132	1.0000	0.9391	0.0000	0.0556
133	1.0000	0.9287	0.0000	0.0560
134	1.0000	0.9543	0.0000	0.0564
135	1.0000	0.9365	0.0000	0.0568
136	1.0000	0.9306	0.0000	0.0572
137	1.0000	0.9184	0.0000	0.0576
138	1.0000	0.9296	0.0000	0.0581
139	1.0000	0.9224	0.0000	0.0585
140	1.0000	0.9350	0.0000	0.0589
141	1.0000	0.9422	0.0000	0.0593
142	1.0000	0.9265	0.0000	0.0597
143	1.0000	0.8949	0.0000	0.0601
144	1.0000	0.8820	0.0000	0.0605
145	1.0000	0.8873	0.0000	0.0610
146	1.0000	0.8996	0.0000	0.0614
147	1.0000	0.9135	0.0000	0.0618
148	1.0000	0.9033	0.0000	0.0622
149	1.0000	0.8871	0.0000	0.0627
150	1.0000	0.8965	0.0000	0.0633
151	1.0000	0.8672	0.0000	0.0637
152	1.0000	0.8892	0.0000	0.0642
153	1.0000	0.8872	0.0000	0.0647
154	1.0000	0.8901	0.0000	0.0655
155	1.0000	0.6982	0.0000	0.0659
156	1.0000	0.7915	0.0000	0.0664
157	1.0000	0.7798	0.0000	0.0668
158	1.0000	0.7824	0.0000	0.0672
159	1.0000	0.8515	0.0000	0.0676
160	1.0000	0.8523	0.0000	0.0681
161	1.0000	0.8465	0.0000	0.0686
162	1.0000	0.8540	0.0000	0.0690
163	1.0000	0.8522	0.0000	0.0696
164	1.0000	0.8862	0.0000	0.0701
165	1.0000	0.8268	0.0000	0.0705
166	1.0000	0.8504	0.0000	0.0710
167	1.0000	0.8441	0.0000	0.0715
168	1.0000	0.8122	0.0000	0.0719
169	1.0000	0.8688	0.0000	0.0724
170	1.0000	0.8658	0.0000	0.0729
171	1.0000	0.8829	0.0000	0.0734
172	1.0000	0.8475	0.0000	0.0738
173	1.0000	0.9055	0.0000	0.0743
174	1.0000	0.8565	0.0000	0.0747
175	1.0000	0.8538	0.0000	0.0752
176	1.0000	0.8731	0.0000	0.0756
177	1.0000	0.8756	0.0000	0.0760
178	1.0000	0.9113	0.0000	0.0765
179	1.0000	0.8894	0.0000	0.0768
180	1.0000	0.8693	0.0000	0.0773
181	1.0000	0.8951	0.0000	0.0777
182	1.0000	0.8673	0.0000	0.0782
183	1.0000	0.8741	0.0000	0.0787
184	1.0000	0.8708	0.0000	0.0792
185	1.0000	0.8890	0.0000	0.0797
186	1.0000	0.8634	0.0000	0.0801
187	1.0000	0.8806	0.0000	0.0806
188	1.0000	0.8322	0.0000	0.0810
189	1.0000	0.8446	0.0000	0.0814
190	1.0000	0.8955	0.0000	0.0819
191	1.0000	0.8870	0.0000	0.0823
192	1.0000	0.8459	0.0000	0.0829
193	1.0000	0.8461	0.0000	0.0839
194	1.0000	0.7219	0.0000	0.0844
195	1.0000	0.8083	0.0000	0.0848
196	1.0000	0.8168	0.0000	0.0852
197	1.0000	0.7983	0.0000	0.0856
198	1.0000	0.8457	0.0000	0.0860
199	1.0000	0.7965	0.0000	0.0865
200	1.0000	0.8398	0.0000	0.0870
201	1.0000	0.8458	0.0000	0.0874
202	1.0000	0.8123	0.0000	0.0879
203	1.0000	0.8085	0.0000	0.0884
204	1.0000	0.8274	0.0000	0.0890
205	1.0000	0.8068	0.0000	0.0895
206	1.0000	0.8272	0.0000	0.0900
207	1.0000	0.8579	0.0000	0.0904
208	1.0000	0.8487	0.0000	0.0908
209	1.0000	0.8160	0.0000	0.0912
210	1.0000	0.8295	0.0000	0.0918
211	1.0000	0.8313	0.0000	0.0922
212	1.0000	0.8162	0.0000	0.0926
213	1.0000	0.8387	0.0000	0.0931
214	1.0000	0.8842	0.0000	0.0935
215	1.0000	0.8736	0.0000	0.0940
216	1.0000	0.8656	0.0000	0.0945
217	1.0000	0.8748	0.0000	0.0950
218	1.0000	0.8831	0.0000	0.0954
219	1.0000	0.8941	0.0000	0.0959
220	1.0000	0.8851	0.0000	0.0963
221	1.0000	0.8858	0.0000	0.0967
222	1.0000	0.8826	0.0000	0.0972
223	1.0000	0.9088	0.0000	0.0977
224	1.0000	0.8949	0.0000	0.0982
225	1.0000	0.8789	0.0000	0.0987
226	1.0000	0.8937	0.0000	0.0992
227	1.0000	0.8866	0.0000	0.0997
228	1.0000	0.8841	0.0000	0.1001
229	1.0000	0.8977	0.0000	0.1006
230	1.0000	0.8581	0.0000	0.1010
231	1.0000	0.8692	0.0000	0.1015
232	1.0000	0.8341	0.0000	0.1025
233	1.0000	0.7293	0.0000	0.1030
234	1.0000	0.7621	0.0000	0.1035
235	1.0000	0.7894	0.0000	0.1040
236	1.0000	0.8421	0.0000	0.1044
237	1.0000	0.8517	0.0000	0.1048
238	1.0000	0.8406	0.0000	0.1053
239	1.0000	0.8476	0.0000	0.1056
240	1.0000	0.8366	0.0000	0.1061
241	1.0000	0.8574	0.0000	0.1066
242	1.0000	0.8386	0.0000	0.1070
243	1.0000	0.8277	0.0000	0.1074
244	1.0000	0.8573	0.0000	0.1079
245	1.0000	0.8596	0.0000	0.1084
246	1.0000	0.8140	0.0000	0.1089
247	1.0000	0.8425	0.0000	0.1094
248	1.0000	0.8441	0.0000	0.1098
249	1.0000	0.8632	0.0000	0.1104
250	1.0000	0.8624	0.0000	0.1108
251	1.0000	0.8190	0.0000	0.1112
252	1.0000	0.8503	0.0000	0.1117
253	1.0000	0.8335	0.0000	0.1122
254	1.0000	0.8463	0.0000	0.1126
255	1.0000	0.8271	0.0000	0.1131
256	1.0000	0.8357	0.0000	0.1136
257	1.0000	0.8590	0.0000	0.1140
258	1.0000	0.8966	0.0000	0.1145
259	1.0000	0.8986	0.0000	0.1150
260	1.0000	0.8360	0.0000	0.1156
261	1.0000	0.8775	0.0000	0.1160
262	1.0000	0.8783	0.0000	0.1164
263	1.0000	0.8618	0.0000	0.1169
264	1.0000	0.8819	0.0000	0.1173
265	1.0000	0.8944	0.0000	0.1179
266	1.0000	0.8820	0.0000	0.1183
267	1.0000	0.8784	0.0000	0.1187
268	1.0000	0.8857	0.0000	0.1193
269	1.0000	0.8691	0.0000	0.1198
270	1.0000	0.8897	0.0000	0.1204
271	1.0000	0.8554	0.0000	0.1216
272	1.0000	0.7962	0.0000	0.1220
273	1.0000	0.8431	0.0000	0.1225
274	1.0000	0.8366	0.0000	0.1229
275	1.0000	0.8373	0.0000	0.1234
276	1.0000	0.8576	0.0000	0.1238
277	1.0000	0.8505	0.0000	0.1244
278	1.0000	0.8672	0.0000	0.1248
279	1.0000	0.8790	0.0000	0.1254
280	1.0000	0.8758	0.0000	0.1259
281	1.0000	0.8621	0.0000	0.1263
282	1.0000	0.8951	0.0000	0.1267
283	1.0000	0.8562	0.0000	0.1272
284	1.0000	0.8866	0.0000	0.1277
285	1.0000	0.8827	0.0000	0.1282
286	1.0000	0.8770	0.0000	0.1287
287	1.0000	0.8860	0.0000	0.1291
288	1.0000	0.8875	0.0000	0.1297
289	1.0000	0.9047	0.0000	0.1302
290	1.0000	0.9192	0.0000	0.1306
291	1.0000	0.9080	0.0000	0.1311
292	1.0000	0.8875	0.0000	0.1317
293	1.0000	0.8855	0.0000	0.1321
294	1.0000	0.8953	0.0000	0.1325
295	1.0000	0.9232	0.0000	0.1330
296	1.0000	0.9069	0.0000	0.1334
297	1.0000	0.9232	0.0000	0.1338
298	1.0000	0.9180	0.0000	0.1343
299	1.0000	0.9028	0.0000	0.1348
300	1.0000	0.9391	0.0000	0.1352
301	1.0000	0.9204	0.0000	0.1360
302	1.0000	0.8641	0.0000	0.1365
303	1.0000	0.8940	0.0000	0.1369
304	1.0000	0.8997	0.0000	0.1374
305	1.0000	0.9023	0.0000	0.1378
306	1.0000	0.8776	0.0000	0.1383
307	1.0000	0.9010	0.0000	0.1388
308	1.0000	0.9303	0.0000	0.1393
309	1.0000	0.9130	0.0000	0.1399
310	1.0000	0.8972	0.0000	0.1409
311	1.0000	0.8823	0.0000	0.1417
312	1.0000	0.9026	0.0000	0.1421
313	1.0000	0.8578	0.0000	0.1426
314	1.0000	0.8920	0.0000	0.1430
315	1.0000	0.8442	0.0000	0.1434
316	1.0000	0.8603	0.0000	0.1438
317	1.0000	0.8791	0.0000	0.1442
318	1.0000	0.8621	0.0000	0.1448
319	1.0000	0.8831	0.0000	0.1452
320	1.0000	0.8850	0.0000	0.1457
321	1.0000	0.9272	0.0000	0.1462
322	1.0000	0.8535	0.0000	0.1467
323	1.0000	0.8523	0.0000	0.1472
324	1.0000	0.8525	0.0000	0.1477
325	1.0000	0.8933	0.0000	0.1482
326	1.0000	0.8578	0.0000	0.1485
327	1.0000	0.8661	0.0000	0.1493
328	1.0000	0.8784	0.0000	0.1498
329	1.0000	0.8698	0.0000	0.1504
330	1.0000	0.8622	0.0000	0.1509
331	1.0000	0.8785	0.0000	0.1513
332	1.0000	0.8642	0.0000	0.1518
333	1.0000	0.8768	0.0000	0.1523
334	1.0000	0.9040	0.0000	0.1528
335	1.0000	0.9177	0.0000	0.1532
336	1.0000	0.9219	0.0000	0.1536
337	1.0000	0.8811	0.0000	0.1540
338	1.0000	0.9320	0.0000	0.1545
339	1.0000	0.9166	0.0000	0.1550
340	1.0000	0.9137	0.0000	0.1557
341	1.0000	0.8801	0.0000	0.1562
342	1.0000	0.8875	0.0000	0.1566
343	1.0000	0.8729	0.0000	0.1572
344	1.0000	0.8858	0.0000	0.1576
345	1.0000	0.8647	0.0000	0.1580
346	1.0000	0.9052	0.0000	0.1586
347	1.0000	0.8534	0.0000	0.1590
348	1.0000	0.9399	0.0000	0.1596
349	1.0000	0.8533	0.0000	0.1605
350	1.0000	0.8364	0.0000	0.1612
351	1.0000	0.8285	0.0000	0.1618
352	1.0000	0.8566	0.0000	0.1624
353	1.0000	0.8662	0.0000	0.1628
354	1.0000	0.8304	0.0000	0.1632
355	1.0000	0.8623	0.0000	0.1637
356	1.0000	0.8848	0.0000	0.1641
357	1.0000	0.8937	0.0000	0.1646
358	1.0000	0.8652	0.0000	0.1650
359	1.0000	0.9014	0.0000	0.1654
360	1.0000	0.8442	0.0000	0.1659
361	1.0000	0.8739	0.0000	0.1664
362	1.0000	0.8546	0.0000	0.1671
363	1.0000	0.8855	0.0000	0.1675
364	1.0000	0.8605	0.0000	0.1680
365	1.0000	0.8796	0.0000	0.1684
366	1.0000	0.8815	0.0000	0.1691
367	1.0000	0.8412	0.0000	0.1696
368	1.0000	0.8526	0.0000	0.1701
369	1.0000	0.8748	0.0000	0.1706
370	1.0000	0.8343	0.0000	0.1711
371	1.0000	0.8475	0.0000	0.1716
372	1.0000	0.8526	0.0000	0.1722
373	1.0000	0.8669	0.0000	0.1728
374	1.0000	0.8605	0.0000	0.1731
375	1.0000	0.8823	0.0000	0.1736
376	1.0000	0.8928	0.0000	0.1741
377	1.0000	0.8657	0.0000	0.1746
378	1.0000	0.9062	0.0000	0.1751
379	1.0000	0.8706	0.0000	0.1757
380	1.0000	0.8626	0.0000	0.1762
381	1.0000	0.7890	0.0000	0.1767
382	1.0000	0.7777	0.0000	0.1773
383	1.0000	0.8057	0.0000	0.1777
384	1.0000	0.8157	0.0000	0.1782
385	1.0000	0.8017	0.0000	0.1789
386	1.0000	0.7817	0.0000	0.1794
387	1.0000	0.8385	0.0000	0.1800
388	1.0000	0.8730	0.0000	0.1809
389	1.0000	0.8075	0.0000	0.1816
390	1.0000	0.7775	0.0000	0.1822
391	1.0000	0.8659	0.0000	0.1827
392	1.0000	0.8156	0.0000	0.1832
393	1.0000	0.8262	0.0000	0.1836
394	1.0000	0.8339	0.0000	0.1840
395	1.0000	0.8761	0.0000	0.1845
396	1.0000	0.9233	0.0000	0.1851
397	1.0000	0.8735	0.0000	0.1855
398	1.0000	0.9261	0.0000	0.1859
399	1.0000	0.9031	0.0000	0.1865
400	1.0000	0.8765	0.0000	0.1871
401	1.0000	0.9272	0.0000	0.1877
402	1.0000	0.8863	0.0000	0.1883
403	1.0000	0.9054	0.0000	0.1890
404	1.0000	0.9214	0.0000	0.1896
405	1.0000	0.9245	0.0000	0.1906
406	1.0000	0.9250	0.0000	0.1916
407	1.0000	0.9174	0.0000	0.1926
408	1.0000	0.9075	0.0000	0.1934
409	1.0000	0.9305	0.0000	0.1943
410	1.0000	0.9059	0.0000	0.1952
411	1.0000	0.8967	0.0000	0.1962
412	1.0000	0.9543	0.0000	0.1973
413	1.0000	0.9316	0.0000	0.1983
414	1.0000	0.9294	0.0000	0.1994
415	1.0000	0.9177	0.0000	0.2002
416	1.0000	0.9410	0.0000	0.2013
417	1.0000	0.8608	0.0000	0.2025
418	1.0000	0.9072	0.0000	0.2038
419	1.0000	0.9073	0.0000	0.2051
420	1.0000	0.9168	0.0000	0.2059
421	1.0000	0.8904	0.0000	0.2068
422	1.0000	0.9169	0.0000	0.2076
423	1.0000	0.9241	0.0000	0.2085
424	1.0000	0.9090	0.0000	0.2100
425	1.0000	0.9014	0.0000	0.2112
426	1.0000	0.9452	0.0000	0.2123
427	1.0000	0.9067	0.0000	0.2142
428	1.0000	0.9007	0.0000	0.2158
429	1.0000	0.8912	0.0000	0.2173
430	1.0000	0.8814	0.0000	0.2189
431	1.0000	0.8545	0.0000	0.2203
432	1.0000	0.8302	0.0000	0.2216
433	1.0000	0.7977	0.0000	0.2228
434	1.0000	0.8190	0.0000	0.2240
435	1.0000	0.8426	0.0000	0.2251
436	1.0000	0.8192	0.0000	0.2263
437	1.0000	0.8325	0.0000	0.2274
438	1.0000	0.8751	0.0000	0.2287
439	1.0000	0.9167	0.0000	0.2296
440	1.0000	0.8713	0.0000	0.2307
441	1.0000	0.8577	0.0000	0.2320
442	1.0000	0.8736	0.0000	0.2331
443	1.0000	0.8721	0.0000	0.2341
444	1.0000	0.8131	0.0000	0.2351
445	1.0000	0.8392	0.0000	0.2363
446	1.0000	0.8446	0.0000	0.2375
447	1.0000	0.8499	0.0000	0.2384
448	1.0000	0.8401	0.0000	0.2394
449	1.0000	0.7866	0.0000	0.2404
450	1.0000	0.8393	0.0000	0.2414
451	1.0000	0.8474	0.0000	0.2425
452	1.0000	0.8522	0.0000	0.2435
453	1.0000	0.8524	0.0000	0.2445
454	1.0000	0.8293	0.0000	0.2456
455	1.0000	0.8229	0.0000	0.2468
456	1.0000	0.8304	0.0000	0.2479
457	1.0000	0.8182	0.0000	0.2492
458	1.0000	0.8453	0.0000	0.2505
459	1.0000	0.8589	0.0000	0.2518
460	1.0000	0.8222	0.0000	0.2530
461	1.0000	0.8744	0.0000	0.2545
462	1.0000	0.8286	0.0000	0.2559
463	1.0000	0.8701	0.0000	0.2571
464	1.0000	0.8619	0.0000	0.2584
465	1.0000	0.9172	0.0000	0.2600
466	1.0000	0.9059	0.0000	0.2620
467	1.0000	0.8905	0.0000	0.2640
468	1.0000	0.9049	0.0000	0.2658
469	1.0000	0.8963	0.0000	0.2677
470	1.0000	0.8959	0.0000	0.2696
471	1.0000	0.8845	0.0000	0.2713
472	1.0000	0.8992	0.0000	0.2732
473	1.0000	0.8927	0.0000	0.2751
474	1.0000	0.9208	0.0000	0.2771
475	1.0000	0.9008	0.0000	0.2787
476	1.0000	0.8704	0.0000	0.2800
477	1.0000	0.8733	0.0000	0.2813
478	1.0000	0.8918	0.0000	0.2827
479	1.0000	0.8454	0.0000	0.2838
480	1.0000	0.8597	0.0000	0.2850
481	1.0000	0.8833	0.0000	0.2864
482	1.0000	0.8957	0.0000	0.2877
483	1.0000	0.8870	0.0000	0.2889
484	1.0000	0.9047	0.0000	0.2901
485	1.0000	0.8991	0.0000	0.2915
486	1.0000	0.9200	0.0000	0.2926
487	1.0000	0.9259	0.0000	0.2938
488	1.0000	0.8864	0.0000	0.2948
489	1.0000	0.9119	0.0000	0.2959
490	1.0000	0.8855	0.0000	0.2970
491	1.0000	0.9093	0.0000	0.2980
492	1.0000	0.9340	0.0000	0.2990
493	1.0000	0.9165	0.0000	0.3002
494	1.0000	0.9181	0.0000	0.3014
495	1.0000	0.8981	0.0000	0.3027
496	1.0000	0.9298	0.0000	0.3039
497	1.0000	0.9226	0.0000	0.3052
498	1.0000	0.9192	0.0000	0.3063
499	1.0000	0.9182	0.0000	0.3074
500	1.0000	0.9364	0.0000	0.3087
501	1.0000	0.9226	0.0000	0.3102
502	1.0000	0.9586	0.0000	0.3114
503	1.0000	0.9206	0.0000	0.3126
504	1.0000	0.9375	0.0000	0.3139
505	1.0000	0.9244	0.0000	0.3152
506	1.0000	0.9203	0.0000	0.3164
507	1.0000	0.9320	0.0000	0.3178
508	1.0000	0.9543	0.0000	0.3192
509	1.0000	0.9650	0.0000	0.3205
510	1.0000	0.9210	0.0000	0.3218
511	1.0000	0.9046	0.0000	0.3232
512	1.0000	0.9085	0.0000	0.3244
513	1.0000	0.8933	0.0000	0.3255
514	1.0000	0.9470	0.0000	0.3269
515	1.0000	0.8931	0.0000	0.3285
516	1.0000	0.9055	0.0000	0.3299
517	1.0000	0.8720	0.0000	0.3313
518	1.0000	0.8831	0.0000	0.3328
519	1.0000	0.8539	0.0000	0.3340
520	1.0000	0.8378	0.0000	0.3352
521	1.0000	0.8865	0.0000	0.3364
522	1.0000	0.8868	0.0000	0.3379
523	1.0000	0.8423	0.0000	0.3391
524	1.0000	0.8222	0.0000	0.3402
525	1.0000	0.8042	0.0000	0.3413
526	1.0000	0.7904	0.0000	0.3425
527	1.0000	0.8220	0.0000	0.3437
528	1.0000	0.8235	0.0000	0.3448
529	1.0000	0.8281	0.0000	0.3460
530	1.0000	0.8182	0.0000	0.3470
531	1.0000	0.8321	0.0000	0.3481
532	1.0000	0.8308	0.0000	0.3494
533	1.0000	0.8732	0.0000	0.3508
534	1.0000	0.8680	0.0000	0.3518
535	1.0000	0.8356	0.0000	0.3531
536	1.0000	0.8504	0.0000	0.3545
537	1.0000	0.8755	0.0000	0.3556
538	1.0000	0.8701	0.0000	0.3570
539	1.0000	0.8756	0.0000	0.3584
540	1.0000	0.8611	0.0000	0.3598
541	1.0000	0.8798	0.0000	0.3613
542	1.0000	0.8659	0.0000	0.3629
543	1.0000	0.8733	0.0000	0.3640
544	1.0000	0.8775	0.0000	0.3653
545	1.0000	0.8664	0.0000	0.3665
546	1.0000	0.8108	0.0000	0.3677
547	1.0000	0.8182	0.0000	0.3686
548	1.0000	0.8617	0.0000	0.3695
549	1.0000	0.8685	0.0000	0.3705
550	1.0000	0.8792	0.0000	0.3716
551	1.0000	0.8859	0.0000	0.3726
552	1.0000	0.8698	0.0000	0.3736
553	1.0000	0.9185	0.0000	0.3748
554	1.0000	0.8850	0.0000	0.3760
555	1.0000	0.8618	0.0000	0.3773
556	1.0000	0.8635	0.0000	0.3784
557	1.0000	0.8674	0.0000	0.3800
558	1.0000	0.9121	0.0000	0.3814
559	1.0000	0.9080	0.0000	0.3826
560	1.0000	0.9136	0.0000	0.3838
561	1.0000	0.9133	0.0000	0.3854
562	1.0000	0.9091	0.0000	0.3868
563	1.0000	0.8624	0.0000	0.3879
564	1.0000	0.8728	0.0000	0.3892
565	1.0000	0.9090	0.0000	0.3906
566	1.0000	0.8576	0.0000	0.3923
567	1.0000	0.8328	0.0000	0.3943
568	1.0000	0.8464	0.0000	0.3958
569	1.0000	0.8397	0.0000	0.3974
570	1.0000	0.8694	0.0000	0.3989
571	1.0000	0.8763	0.0000	0.4002
572	1.0000	0.8622	0.0000	0.4017
573	1.0000	0.8290	0.0000	0.4030
574	1.0000	0.8593	0.0000	0.4042
575	1.0000	0.8606	0.0000	0.4054
576	1.0000	0.8468	0.0000	0.4063
577	1.0000	0.8906	0.0000	0.4071
578	1.0000	0.8749	0.0000	0.4080
579	1.0000	0.8681	0.0000	0.4089
580	1.0000	0.8606	0.0000	0.4100
581	1.0000	0.8334	0.0000	0.4110
582	1.0000	0.8649	0.0000	0.4119
583	1.0000	0.8635	0.0000	0.4130
584	1.0000	0.8059	0.0000	0.4141
585	1.0000	0.8480	0.0000	0.4155
586	1.0000	0.8471	0.0000	0.4163
587	1.0000	0.8425	0.0000	0.4171
588	1.0000	0.8007	0.0000	0.4178
589	1.0000	0.8577	0.0000	0.4185
590	1.0000	0.8589	0.0000	0.4193
591	1.0000	0.8583	0.0000	0.4200
592	1.0000	0.8719	0.0000	0.4207
593	1.0000	0.8927	0.0000	0.4214
594	1.0000	0.8818	0.0000	0.4220
595	1.0000	0.8893	0.0000	0.4225
596	1.0000	0.8867	0.0000	0.4232
597	1.0000	0.8665	0.0000	0.4240
598	1.0000	0.8932	0.0000	0.4248
599	1.0000	0.9133	0.0000	0.4255
600	1.0000	0.8997	0.0000	0.4262
601	1.0000	0.9459	0.0000	0.4269
602	1.0000	0.9096	0.0000	0.4275
603	1.0000	0.8777	0.0000	0.4280
604	1.0000	0.8737	0.0000	0.4284
605	1.0000	0.9121	0.0000	0.4289
606	1.0000	0.9163	0.0000	0.4296
607	1.0000	0.9063	0.0000	0.4303
608	1.0000	0.9311	0.0000	0.4309
609	1.0000	0.9011	0.0000	0.4315
610	1.0000	0.8912	0.0000	0.4323
611	1.0000	0.9076	0.0000	0.4330
612	1.0000	0.8755	0.0000	0.4339
613	1.0000	0.8606	0.0000	0.4348
614	1.0000	0.8984	0.0000	0.4356
615	1.0000	0.9103	0.0000	0.4365
616	1.0000	0.9055	0.0000	0.4371
617	1.0000	0.8441	0.0000	0.4377
618	1.0000	0.8921	0.0000	0.4382
619	1.0000	0.8512	0.0000	0.4389
620	1.0000	0.8781	0.0000	0.4398
621	1.0000	0.8948	0.0000	0.4404
622	1.0000	0.9087	0.0000	0.4409
623	1.0000	0.8926	0.0000	0.4414
624	1.0000	0.8991	0.0000	0.4422
625	1.0000	0.9042	0.0000	0.4429
626	1.0000	0.8897	0.0000	0.4436
627	1.0000	0.8971	0.0000	0.4442
628	1.0000	0.8905	0.0000	0.4451
629	1.0000	0.8984	0.0000	0.4458
630	1.0000	0.9031	0.0000	0.4464
631	1.0000	0.9217	0.0000	0.4471
632	1.0000	0.9007	0.0000	0.4478
633	1.0000	0.9221	0.0000	0.4486
634	1.0000	0.9027	0.0000	0.4495
635	1.0000	0.8891	0.0000	0.4502
636	1.0000	0.9353	0.0000	0.4508
637	1.0000	0.9196	0.0000	0.4516
638	1.0000	0.9142	0.0000	0.4525
639	1.0000	0.9074	0.0000	0.4536
640	1.0000	0.8830	0.0000	0.4548
641	1.0000	0.8824	0.0000	0.4560
642	1.0000	0.8768	0.0000	0.4572
643	1.0000	0.8712	0.0000	0.4585
644	1.0000	0.8717	0.0000	0.4598
645	1.0000	0.9152	0.0000	0.4611
646	1.0000	0.8975	0.0000	0.4625
647	1.0000	0.8818	0.0000	0.4640
648	1.0000	0.8857	0.0000	0.4656
649	1.0000	0.8763	0.0000	0.4668
650	1.0000	0.8883	0.0000	0.4681
651	1.0000	0.8846	0.0000	0.4694
652	1.0000	0.8845	0.0000	0.4704
653	1.0000	0.9212	0.0000	0.4714
654	1.0000	0.8798	0.0000	0.4725
655	1.0000	0.8993	0.0000	0.4738
656	1.0000	0.8895	0.0000	0.4748
657	1.0000	0.8930	0.0000	0.4758
658	1.0000	0.9077	0.0000	0.4771
659	1.0000	0.9071	0.0000	0.4785
660	1.0000	0.8932	0.0000	0.4797
661	1.0000	0.9025	0.0000	0.4808
662	1.0000	0.9110	0.0000	0.4819
663	1.0000	0.9151	0.0000	0.4830
664	1.0000	0.9151	0.0000	0.4841
665	1.0000	0.8931	0.0000	0.4852
666	1.0000	0.8538	0.0000	0.4862
667	1.0000	0.8967	0.0000	0.4872
668	1.0000	0.9367	0.0000	0.4885
669	1.0000	0.8733	0.0000	0.4893
670	1.0000	0.8678	0.0000	0.4902
671	1.0000	0.9042	0.0000	0.4910
672	1.0000	0.9088	0.0000	0.4919
673	1.0000	0.8968	0.0000	0.4928
674	1.0000	0.8767	0.0000	0.4936
675	1.0000	0.9204	0.0000	0.4944
676	1.0000	0.8971	0.0000	0.4954
677	1.0000	0.8524	0.0000	0.4964
678	1.0000	0.9135	0.0000	0.4973
679	1.0000	0.9111	0.0000	0.4981
680	1.0000	0.8591	0.0000	0.4990
681	1.0000	0.8919	0.0000	0.4999
682	1.0000	0.9276	0.0000	0.5008
683	1.0000	0.8919	0.0000	0.5017
684	1.0000	0.9002	0.0000	0.5026
685	1.0000	0.8890	0.0000	0.5035
686	1.0000	0.9097	0.0000	0.5045
687	1.0000	0.9045	0.0000	0.5056
688	1.0000	0.8655	0.0000	0.5067
689	1.0000	0.9094	0.0000	0.5078
690	1.0000	0.8643	0.0000	0.5091
691	1.0000	0.8841	0.0000	0.5104
692	1.0000	0.8702	0.0000	0.5116
693	1.0000	0.8623	0.0000	0.5128
694	1.0000	0.8089	0.0000	0.5140
695	1.0000	0.8858	0.0000	0.5150
696	1.0000	0.8998	0.0000	0.5159
697	1.0000	0.8742	0.0000	0.5170
698	1.0000	0.9105	0.0000	0.5181
699	1.0000	0.8905	0.0000	0.5190
700	1.0000	0.8746	0.0000	0.5199
701	1.0000	0.8918	0.0000	0.5206
702	1.0000	0.8912	0.0000	0.5216
703	1.0000	0.9142	0.0000	0.5227
704	1.0000	0.9221	0.0000	0.5239
705	1.0000	0.9021	0.0000	0.5251
706	1.0000	0.8740	0.0000	0.5260
707	1.0000	0.8694	0.0000	0.5271
708	1.0000	0.8805	0.0000	0.5283
709	1.0000	0.9241	0.0000	0.5295
710	1.0000	0.8715	0.0000	0.5305
711	1.0000	0.9043	0.0000	0.5316
712	1.0000	0.9258	0.0000	0.5328
713	1.0000	0.8939	0.0000	0.5340
714	1.0000	0.9067	0.0000	0.5352
715	1.0000	0.9064	0.0000	0.5364
716	1.0000	0.8924	0.0000	0.5379
717	1.0000	0.9114	0.0000	0.5393
718	1.0000	0.8987	0.0000	0.5406
719	1.0000	0.9150	0.0000	0.5418
720	1.0000	0.9050	0.0000	0.5430
721	1.0000	0.9183	0.0000	0.5440
722	1.0000	0.9084	0.0000	0.5451
723	1.0000	0.9336	0.0000	0.5462
724	1.0000	0.8972	0.0000	0.5473
725	1.0000	0.9030	0.0000	0.5482
726	1.0000	0.9149	0.0000	0.5493
727	1.0000	0.9277	0.0000	0.5504
728	1.0000	0.8913	0.0000	0.5517
729	1.0000	0.8958	0.0000	0.5530
730	1.0000	0.8791	0.0000	0.5540
731	1.0000	0.9009	0.0000	0.5552
732	1.0000	0.8398	0.0000	0.5563
733	1.0000	0.8817	0.0000	0.5575
734	1.0000	0.9031	0.0000	0.5587
735	1.0000	0.8717	0.0000	0.5598
736	1.0000	0.9078	0.0000	0.5612
737	1.0000	0.9227	0.0000	0.5625
738	1.0000	0.9149	0.0000	0.5641
739	1.0000	0.9136	0.0000	0.5658
740	1.0000	0.8968	0.0000	0.5673
741	1.0000	0.8315	0.0000	0.5691
742	1.0000	0.8392	0.0000	0.5707
743	1.0000	0.8596	0.0000	0.5720
744	1.0000	0.8718	0.0000	0.5735
745	1.0000	0.8035	0.0000	0.5748
746	1.0000	0.8545	0.0000	0.5760
747	1.0000	0.8507	0.0000	0.5775
748	1.0000	0.8796	0.0000	0.5787
749	1.0000	0.8941	0.0000	0.5797
750	1.0000	0.8865	0.0000	0.5808
751	1.0000	0.8955	0.0000	0.5820
752	1.0000	0.8781	0.0000	0.5832
753	1.0000	0.8901	0.0000	0.5842
754	1.0000	0.8824	0.0000	0.5853
755	1.0000	0.9109	0.0000	0.5865
756	1.0000	0.8689	0.0000	0.5876
757	1.0000	0.9375	0.0000	0.5888
758	1.0000	0.8986	0.0000	0.5900
759	1.0000	0.9111	0.0000	0.5915
760	1.0000	0.8964	0.0000	0.5929
761	1.0000	0.8746	0.0000	0.5943
762	1.0000	0.8608	0.0000	0.5956
763	1.0000	0.8691	0.0000	0.5968
764	1.0000	0.8855	0.0000	0.5981
765	1.0000	0.8614	0.0000	0.5995
766	1.0000	0.8560	0.0000	0.6009
767	1.0000	0.8314	0.0000	0.6022
768	1.0000	0.8569	0.0000	0.6038
769	1.0000	0.8541	0.0000	0.6052
770	1.0000	0.8431	0.0000	0.6068
771	1.0000	0.8780	0.0000	0.6083
772	1.0000	0.8893	0.0000	0.6098
773	1.0000	0.8849	0.0000	0.6114
774	1.0000	0.8903	0.0000	0.6130
775	1.0000	0.8874	0.0000	0.6143
776	1.0000	0.9074	0.0000	0.6156
777	1.0000	0.8564	0.0000	0.6169
778	1.0000	0.8958	0.0000	0.6182
779	1.0000	0.8847	0.0000	0.6194
780	1.0000	0.7798	0.0000	0.6206
781	1.0000	0.8235	0.0000	0.6219
782	1.0000	0.8209	0.0000	0.6233
783	1.0000	0.8134	0.0000	0.6247
784	1.0000	0.8429	0.0000	0.6261
785	1.0000	0.8437	0.0000	0.6276
786	1.0000	0.8499	0.0000	0.6290
787	1.0000	0.8551	0.0000	0.6305
788	1.0000	0.8859	0.0000	0.6319
789	1.0000	0.8584	0.0000	0.6331
790	1.0000	0.8889	0.0000	0.6344
791	1.0000	0.8235	0.0000	0.6356
792	1.0000	0.8578	0.0000	0.6372
793	1.0000	0.8680	0.0000	0.6383
794	1.0000	0.8948	0.0000	0.6394
795	1.0000	0.8766	0.0000	0.6404
796	1.0000	0.8753	0.0000	0.6415
797	1.0000	0.8808	0.0000	0.6426
798	1.0000	0.8976	0.0000	0.6436
799	1.0000	0.8770	0.0000	0.6449
800	1.0000	0.8926	0.0000	0.6464
801	1.0000	0.8528	0.0000	0.6478
802	1.0000	0.8434	0.0000	0.6493
803	1.0000	0.8379	0.0000	0.6506
804	1.0000	0.8652	0.0000	0.6521
805	1.0000	0.8626	0.0000	0.6535
806	1.0000	0.8648	0.0000	0.6546
807	1.0000	0.8635	0.0000	0.6560
808	1.0000	0.8485	0.0000	0.6573
809	1.0000	0.8738	0.0000	0.6584
810	1.0000	0.8707	0.0000	0.6595
811	1.0000	0.8408	0.0000	0.6607
812	1.0000	0.8926	0.0000	0.6619
813	1.0000	0.8709	0.0000	0.6629
814	1.0000	0.8513	0.0000	0.6641
815	1.0000	0.8219	0.0000	0.6653
816	1.0000	0.8208	0.0000	0.6664
817	1.0000	0.8616	0.0000	0.6676
818	1.0000	0.8536	0.0000	0.6689
819	1.0000	0.8389	0.0000	0.6704
820	1.0000	0.8521	0.0000	0.6717
821	1.0000	0.8329	0.0000	0.6731
822	1.0000	0.8323	0.0000	0.6746
823	1.0000	0.8768	0.0000	0.6759
824	1.0000	0.8877	0.0000	0.6773
825	1.0000	0.8775	0.0000	0.6784
826	1.0000	0.9010	0.0000	0.6796
827	1.0000	0.8714	0.0000	0.6810
828	1.0000	0.8717	0.0000	0.6823
829	1.0000	0.8791	0.0000	0.6838
830	1.0000	0.8918	0.0000	0.6852
831	1.0000	0.8603	0.0000	0.6867
832	1.0000	0.8798	0.0000	0.6880
833	1.0000	0.9021	0.0000	0.6895
834	1.0000	0.8752	0.0000	0.6910
835	1.0000	0.8986	0.0000	0.6924
836	1.0000	0.9099	0.0000	0.6939
837	1.0000	0.9050	0.0000	0.6955
838	1.0000	0.9260	0.0000	0.6969
839	1.0000	0.9093	0.0000	0.6986
840	1.0000	0.8840	0.0000	0.7002
841	1.0000	0.8886	0.0000	0.7018
842	1.0000	0.8967	0.0000	0.7035
843	1.0000	0.8583	0.0000	0.7050
844	1.0000	0.8457	0.0000	0.7065
845	1.0000	0.8625	0.0000	0.7078
846	1.0000	0.8607	0.0000	0.7090
847	1.0000	0.8697	0.0000	0.7101
848	1.0000	0.8896	0.0000	0.7113
849	1.0000	0.8610	0.0000	0.7124
850	1.0000	0.8944	0.0000	0.7136
851	1.0000	0.8866	0.0000	0.7146
852	1.0000	0.8747	0.0000	0.7159
853	1.0000	0.9005	0.0000	0.7171
854	1.0000	0.8916	0.0000	0.7183
855	1.0000	0.8651	0.0000	0.7195
856	1.0000	0.9090	0.0000	0.7211
857	1.0000	0.8025	0.0000	0.7224
858	1.0000	0.8617	0.0000	0.7236
859	1.0000	0.8345	0.0000	0.7248
860	1.0000	0.8347	0.0000	0.7259
861	1.0000	0.8321	0.0000	0.7272
862	1.0000	0.8702	0.0000	0.7283
863	1.0000	0.8609	0.0000	0.7296
864	1.0000	0.8686	0.0000	0.7308
865	1.0000	0.8756	0.0000	0.7320
866	1.0000	0.8783	0.0000	0.7333
867	1.0000	0.8728	0.0000	0.7348
868	1.0000	0.9054	0.0000	0.7360
869	1.0000	0.8621	0.0000	0.7374
870	1.0000	0.8812	0.0000	0.7387
871	1.0000	0.8863	0.0000	0.7400
872	1.0000	0.9090	0.0000	0.7412
873	1.0000	0.9021	0.0000	0.7426
874	1.0000	0.8989	0.0000	0.7440
875	1.0000	0.9163	0.0000	0.7452
876	1.0000	0.8925	0.0000	0.7465
877	1.0000	0.9024	0.0000	0.7479
878	1.0000	0.8783	0.0000	0.7494
879	1.0000	0.9083	0.0000	0.7509
880	1.0000	0.9392	0.0000	0.7525
881	1.0000	0.8874	0.0000	0.7545
882	1.0000	0.8644	0.0000	0.7564
883	1.0000	0.8147	0.0000	0.7582
884	1.0000	0.8189	0.0000	0.7602
885	1.0000	0.8177	0.0000	0.7622
886	1.0000	0.7971	0.0000	0.7641
887	1.0000	0.8538	0.0000	0.7661
888	1.0000	0.8631	0.0000	0.7679
889	1.0000	0.8951	0.0000	0.7700
890	1.0000	0.8936	0.0000	0.7718
891	1.0000	0.9007	0.0000	0.7737
892	1.0000	0.8966	0.0000	0.7756
893	1.0000	0.8902	0.0000	0.7778
894	1.0000	0.9145	0.0000	0.7799
895	1.0000	0.8913	0.0000	0.7819
896	1.0000	0.8925	0.0000	0.7839
897	1.0000	0.8889	0.0000	0.7856
898	1.0000	0.8574	0.0000	0.7872
899	1.0000	0.8639	0.0000	0.7888
900	1.0000	0.8872	0.0000	0.7903
901	1.0000	0.8725	0.0000	0.7918
902	1.0000	0.8712	0.0000	0.7933
903	1.0000	0.9002	0.0000	0.7948
904	1.0000	0.8871	0.0000	0.7965
905	1.0000	0.8950	0.0000	0.7976
906	1.0000	0.8619	0.0000	0.7990
907	1.0000	0.8808	0.0000	0.8004
908	1.0000	0.8887	0.0000	0.8016
909	1.0000	0.8644	0.0000	0.8030
910	1.0000	0.8259	0.0000	0.8042
911	1.0000	0.8418	0.0000	0.8054
912	1.0000	0.8782	0.0000	0.8065
913	1.0000	0.9280	0.0000	0.8078
914	1.0000	0.8449	0.0000	0.8088
915	1.0000	0.8642	0.0000	0.8097
916	1.0000	0.8876	0.0000	0.8106
917	1.0000	0.8903	0.0000	0.8115
918	1.0000	0.8709	0.0000	0.8125
919	1.0000	0.8912	0.0000	0.8139
920	1.0000	0.8416	0.0000	0.8152
921	1.0000	0.8525	0.0000	0.8168
922	1.0000	0.8173	0.0000	0.8185
923	1.0000	0.8429	0.0000	0.8199
924	1.0000	0.8448	0.0000	0.8212
925	1.0000	0.8493	0.0000	0.8224
926	1.0000	0.8397	0.0000	0.8234
927	1.0000	0.7767	0.0000	0.8243
928	1.0000	0.7833	0.0000	0.8253
929	1.0000	0.8225	0.0000	0.8262
930	1.0000	0.8193	0.0000	0.8270
931	1.0000	0.8206	0.0000	0.8281
932	1.0000	0.8326	0.0000	0.8289
933	1.0000	0.8477	0.0000	0.8299
934	1.0000	0.8934	0.0000	0.8309
935	1.0000	0.8410	0.0000	0.8318
936	1.0000	0.8442	0.0000	0.8329
937	1.0000	0.8853	0.0000	0.8337
938	1.0000	0.8875	0.0000	0.8347
939	1.0000	0.8721	0.0000	0.8357
940	1.0000	0.9034	0.0000	0.8366
941	1.0000	0.8788	0.0000	0.8373
942	1.0000	0.8819	0.0000	0.8382
943	1.0000	0.8983	0.0000	0.8392
944	1.0000	0.9041	0.0000	0.8401
945	1.0000	0.8915	0.0000	0.8411
946	1.0000	0.9140	0.0000	0.8421
947	1.0000	0.8840	0.0000	0.8430
948	1.0000	0.9069	0.0000	0.8441
949	1.0000	0.8865	0.0000	0.8452
950	1.0000	0.8831	0.0000	0.8464
951	1.0000	0.8741	0.0000	0.8473
952	1.0000	0.8800	0.0000	0.8484
953	1.0000	0.8816	0.0000	0.8496
954	1.0000	0.9062	0.0000	0.8509
955	1.0000	0.9205	0.0000	0.8520
956	1.0000	0.8869	0.0000	0.8531
957	1.0000	0.8897	0.0000	0.8541
958	1.0000	0.9063	0.0000	0.8554
959	1.0000	0.9007	0.0000	0.8565
960	1.0000	0.9021	0.0000	0.8578
961	1.0000	0.8676	0.0000	0.8594
962	1.0000	0.8555	0.0000	0.8610
963	1.0000	0.8472	0.0000	0.8629
964	1.0000	0.8737	0.0000	0.8647
965	1.0000	0.8413	0.0000	0.8662
966	1.0000	0.8546	0.0000	0.8679
967	1.0000	0.8490	0.0000	0.8696
968	1.0000	0.8554	0.0000	0.8709
969	1.0000	0.7928	0.0000	0.8723
970	1.0000	0.7892	0.0000	0.8735
971	1.0000	0.8391	0.0000	0.8748
972	1.0000	0.8485	0.0000	0.8763
973	1.0000	0.8763	0.0000	0.8779
974	1.0000	0.8398	0.0000	0.8795
975	1.0000	0.8450	0.0000	0.8813
976	1.0000	0.8498	0.0000	0.8831
977	1.0000	0.8691	0.0000	0.8849
978	1.0000	0.8698	0.0000	0.8870
979	1.0000	0.8872	0.0000	0.8889
980	1.0000	0.8711	0.0000	0.8907
981	1.0000	0.8473	0.0000	0.8923
982	1.0000	0.8773	0.0000	0.8938
983	1.0000	0.8179	0.0000	0.8951
984	1.0000	0.8473	0.0000	0.8964
985	1.0000	0.8649	0.0000	0.8978
986	1.0000	0.8560	0.0000	0.8991
987	1.0000	0.8901	0.0000	0.9006
988	1.0000	0.8635	0.0000	0.9024
989	1.0000	0.8665	0.0000	0.9043
990	1.0000	0.8253	0.0000	0.9058
991	1.0000	0.7946	0.0000	0.9070
992	1.0000	0.8060	0.0000	0.9086
993	1.0000	0.8318	0.0000	0.9099
994	1.0000	0.8199	0.0000	0.9112
995	1.0000	0.8004	0.0000	0.9123
996	1.0000	0.8792	0.0000	0.9133
997	1.0000	0.8421	0.0000	0.9145
998	1.0000	0.7965	0.0000	0.9155
999	1.0000	0.8372	0.0000	0.9169
1000	1.0000	0.7962	0.0000	0.9181
1001	1.0000	0.8186	0.0000	0.9190
1002	1.0000	0.8173	0.0000	0.9202
1003	1.0000	0.8068	0.0000	0.9215
1004	1.0000	0.8537	0.0000	0.9229
1005	1.0000	0.8810	0.0000	0.9243
1006	1.0000	0.8970	0.0000	0.9261
1007	1.0000	0.8580	0.0000	0.9278
1008	1.0000	0.8711	0.0000	0.9295
1009	1.0000	0.8937	0.0000	0.9311
1010	1.0000	0.8552	0.0000	0.9327
1011	1.0000	0.8971	0.0000	0.9343
1012	1.0000	0.8987	0.0000	0.9357
1013	1.0000	0.9067	0.0000	0.9372
1014	1.0000	0.8844	0.0000	0.9385
1015	1.0000	0.8845	0.0000	0.9396
1016	1.0000	0.8453	0.0000	0.9408
1017	1.0000	0.8661	0.0000	0.9423
1018	1.0000	0.8694	0.0000	0.9437
1019	1.0000	0.8932	0.0000	0.9451
1020	1.0000	0.9025	0.0000	0.9467
1021	1.0000	0.9008	0.0000	0.9484
1022	1.0000	0.8927	0.0000	0.9498
1023	1.0000	0.7918	0.0000	0.9512
1024	1.0000	0.8963	0.0000	0.9525
1025	1.0000	0.8479	0.0000	0.9535
1026	1.0000	0.8815	0.0000	0.9545
1027	1.0000	0.8885	0.0000	0.9556
1028	1.0000	0.8950	0.0000	0.9567
1029	1.0000	0.8786	0.0000	0.9579
1030	1.0000	0.8618	0.0000	0.9591
1031	1.0000	0.8609	0.0000	0.9607
1032	1.0000	0.8458	0.0000	0.9619
1033	1.0000	0.8511	0.0000	0.9634
1034	1.0000	0.8556	0.0000	0.9649
1035	1.0000	0.8282	0.0000	0.9661
1036	1.0000	0.8576	0.0000	0.9673
1037	1.0000	0.8270	0.0000	0.9685
1038	1.0000	0.8568	0.0000	0.9699
1039	1.0000	0.8307	0.0000	0.9711
1040	1.0000	0.8675	0.0000	0.9724
1041	1.0000	0.8529	0.0000	0.9738
1042	1.0000	0.8713	0.0000	0.9752
1043	1.0000	0.8803	0.0000	0.9765
1044	1.0000	0.8897	0.0000	0.9779
1045	1.0000	0.8570	0.0000	0.9792
1046	1.0000	0.8957	0.0000	0.9805
1047	1.0000	0.8786	0.0000	0.9817
1048	1.0000	0.8585	0.0000	0.9833
1049	1.0000	0.8769	0.0000	0.9846
1050	1.0000	0.9144	0.0000	0.9859
1051	1.0000	0.9085	0.0000	0.9876
1052	1.0000	0.8713	0.0000	0.9892
1053	1.0000	0.9054	0.0000	0.9908
1054	1.0000	0.9231	0.0000	0.9924
1055	1.0000	0.9131	0.0000	0.9936
1056	1.0000	0.8580	0.0000	0.9949
1057	1.0000	0.8941	0.0000	0.9961
1058	1.0000	0.9093	0.0000	0.9972
1059	1.0000	0.8932	0.0000	0.9987
1060	1.0000	0.8994	0.0000	1.0004
1061	1.0000	0.8811	0.0000	1.0018
1062	1.0000	0.8944	0.0000	1.0033
1063	1.0000	0.9184	0.0000	1.0049
1064	1.0000	0.8552	0.0000	1.0063
1065	1.0000	0.8459	0.0000	1.0077
1066	1.0000	0.8455	0.0000	1.0091
1067	1.0000	0.8352	0.0000	1.0103
1068	1.0000	0.8395	0.0000	1.0117
1069	1.0000	0.8686	0.0000	1.0130
1070	1.0000	0.8624	0.0000	1.0144
1071	1.0000	0.8899	0.0000	1.0156
1072	1.0000	0.8656	0.0000	1.0171
1073	1.0000	0.8407	0.0000	1.0187
1074	1.0000	0.8610	0.0000	1.0199
1075	1.0000	0.8449	0.0000	1.0213
1076	1.0000	0.8705	0.0000	1.0228
1077	1.0000	0.8567	0.0000	1.0240
1078	1.0000	0.8423	0.0000	1.0253
1079	1.0000	0.8717	0.0000	1.0267
1080	1.0000	0.8371	0.0000	1.0281
1081	1.0000	0.8943	0.0000	1.0295
1082	1.0000	0.8889	0.0000	1.0306
1083	1.0000	0.8311	0.0000	1.0318
1084	1.0000	0.8561	0.0000	1.0329
1085	1.0000	0.9011	0.0000	1.0342
1086	1.0000	0.8401	0.0000	1.0354
1087	1.0000	0.8594	0.0000	1.0366
1088	1.0000	0.8459	0.0000	1.0376
1089	1.0000	0.8432	0.0000	1.0387
1090	1.0000	0.8898	0.0000	1.0398
1091	1.0000	0.8865	0.0000	1.0408
1092	1.0000	0.9027	0.0000	1.0417
1093	1.0000	0.8671	0.0000	1.0429
1094	1.0000	0.8813	0.0000	1.0441
1095	1.0000	0.9019	0.0000	1.0452
1096	1.0000	0.8826	0.0000	1.0462
1097	1.0000	0.8934	0.0000	1.0470
1098	1.0000	0.8931	0.0000	1.0479
1099	1.0000	0.9056	0.0000	1.0487
1100	1.0000	0.8680	0.0000	1.0495
1101	1.0000	0.9030	0.0000	1.0505
1102	1.0000	0.9223	0.0000	1.0517
1103	1.0000	0.8982	0.0000	1.0532
1104	1.0000	0.9039	0.0000	1.0548
1105	1.0000	0.9285	0.0000	1.0565
1106	1.0000	0.8989	0.0000	1.0584
1107	1.0000	0.9050	0.0000	1.0600
1108	1.0000	0.9232	0.0000	1.0614
1109	1.0000	0.8920	0.0000	1.0627
1110	1.0000	0.9069	0.0000	1.0640
1111	1.0000	0.8882	0.0000	1.0656
1112	1.0000	0.8697	0.0000	1.0669
1113	1.0000	0.8685	0.0000	1.0681
1114	1.0000	0.8321	0.0000	1.0695
1115	1.0000	0.8474	0.0000	1.0709
1116	1.0000	0.8826	0.0000	1.0723
1117	1.0000	0.9019	0.0000	1.0739
1118	1.0000	0.8420	0.0000	1.0754
1119	1.0000	0.8662	0.0000	1.0770
1120	1.0000	0.8450	0.0000	1.0786
1121	1.0000	0.8759	0.0000	1.0798
1122	1.0000	0.8431	0.0000	1.0813
1123	1.0000	0.9011	0.0000	1.0827
1124	1.0000	0.8763	0.0000	1.0839
1125	1.0000	0.8501	0.0000	1.0851
1126	1.0000	0.8987	0.0000	1.0867
1127	1.0000	0.8764	0.0000	1.0883
1128	1.0000	0.9087	0.0000	1.0897
1129	1.0000	0.8587	0.0000	1.0912
1130	1.0000	0.8699	0.0000	1.0924
1131	1.0000	0.8249	0.0000	1.0936
1132	1.0000	0.8361	0.0000	1.0950
1133	1.0000	0.8408	0.0000	1.0965
1134	1.0000	0.7728	0.0000	1.0980
1135	1.0000	0.7902	0.0000	1.0997
1136	1.0000	0.7132	0.0000	1.1014
1137	1.0000	0.8078	0.0000	1.1032
1138	1.0000	0.8078	0.0000	1.1051
1139	1.0000	0.8081	0.0000	1.1069
1140	1.0000	0.8304	0.0000	1.1084
1141	1.0000	0.8446	0.0000	1.1097
1142	1.0000	0.8649	0.0000	1.1111
1143	1.0000	0.8417	0.0000	1.1126
1144	1.0000	0.8568	0.0000	1.1140
1145	1.0000	0.8498	0.0000	1.1156
1146	1.0000	0.9112	0.0000	1.1174
1147	1.0000	0.8839	0.0000	1.1193
1148	1.0000	0.8874	0.0000	1.1209
1149	1.0000	0.8918	0.0000	1.1224
1150	1.0000	0.8830	0.0000	1.1240
1151	1.0000	0.8963	0.0000	1.1256
1152	1.0000	0.9124	0.0000	1.1272
1153	1.0000	0.8416	0.0000	1.1287
1154	1.0000	0.8698	0.0000	1.1300
1155	1.0000	0.8425	0.0000	1.1312
1156	1.0000	0.8711	0.0000	1.1322
1157	1.0000	0.8906	0.0000	1.1335
1158	1.0000	0.8846	0.0000	1.1345
1159	1.0000	0.9086	0.0000	1.1356
1160	1.0000	0.8696	0.0000	1.1368
1161	1.0000	0.8709	0.0000	1.1380
1162	1.0000	0.8841	0.0000	1.1392
1163	1.0000	0.8899	0.0000	1.1403
1164	1.0000	0.8988	0.0000	1.1412
1165	1.0000	0.8693	0.0000	1.1421
1166	1.0000	0.8903	0.0000	1.1430
1167	1.0000	0.9227	0.0000	1.1442
1168	1.0000	0.8939	0.0000	1.1453
1169	1.0000	0.8710	0.0000	1.1459
1170	1.0000	0.8422	0.0000	1.1468
1171	1.0000	0.8560	0.0000	1.1478
1172	1.0000	0.8965	0.0000	1.1488
1173	1.0000	0.8597	0.0000	1.1497
1174	1.0000	0.8889	0.0000	1.1507
1175	1.0000	0.8405	0.0000	1.1517
1176	1.0000	0.8664	0.0000	1.1526
1177	1.0000	0.8610	0.0000	1.1536
1178	1.0000	0.8841	0.0000	1.1546
1179	1.0000	0.8782	0.0000	1.1557
1180	1.0000	0.8910	0.0000	1.1568
1181	1.0000	0.8300	0.0000	1.1578
1182	1.0000	0.8479	0.0000	1.1584
1183	1.0000	0.8476	0.0000	1.1592
1184	1.0000	0.8512	0.0000	1.1599
1185	1.0000	0.8311	0.0000	1.1606
1186	1.0000	0.8605	0.0000	1.1614
1187	1.0000	0.8800	0.0000	1.1621
1188	1.0000	0.8566	0.0000	1.1629
1189	1.0000	0.8447	0.0000	1.1636
1190	1.0000	0.8774	0.0000	1.1642
1191	1.0000	0.8570	0.0000	1.1652
1192	1.0000	0.8781	0.0000	1.1663
1193	1.0000	0.8753	0.0000	1.1675
1194	1.0000	0.8639	0.0000	1.1686
1195	1.0000	0.8743	0.0000	1.1695
1196	1.0000	0.8457	0.0000	1.1706
1197	1.0000	0.8566	0.0000	1.1716
1198	1.0000	0.8810	0.0000	1.1726
1199	1.0000	0.8985	0.0000	1.1736
1200	1.0000	0.8986	0.0000	1.1744
1201	1.0000	0.8859	0.0000	1.1754
1202	1.0000	0.8938	0.0000	1.1765
1203	1.0000	0.9014	0.0000	1.1778
1204	1.0000	0.9071	0.0000	1.1789
1205	1.0000	0.9088	0.0000	1.1800
1206	1.0000	0.8854	0.0000	1.1811
1207	1.0000	0.8935	0.0000	1.1823
1208	1.0000	0.8670	0.0000	1.1834
1209	1.0000	0.8281	0.0000	1.1843
1210	1.0000	0.8913	0.0000	1.1854
1211	1.0000	0.8505	0.0000	1.1864
1212	1.0000	0.8478	0.0000	1.1873
1213	1.0000	0.8244	0.0000	1.1883
1214	1.0000	0.8265	0.0000	1.1893
1215	1.0000	0.8374	0.0000	1.1902
1216	1.0000	0.8327	0.0000	1.1911
1217	1.0000	0.8784	0.0000	1.1921
1218	1.0000	0.8048	0.0000	1.1934
1219	1.0000	0.8458	0.0000	1.1944
1220	1.0000	0.8466	0.0000	1.1956
1221	1.0000	0.8705	0.0000	1.1969
1222	1.0000	0.8598	0.0000	1.1984
1223	1.0000	0.8398	0.0000	1.1998
1224	1.0000	0.8486	0.0000	1.2010
1225	1.0000	0.8561	0.0000	1.2025
1226	1.0000	0.8516	0.0000	1.2040
1227	1.0000	0.8672	0.0000	1.2052
1228	1.0000	0.9048	0.0000	1.2065
1229	1.0000	0.8850	0.0000	1.2075
1230	1.0000	0.8842	0.0000	1.2088
1231	1.0000	0.8952	0.0000	1.2099
1232	1.0000	0.8877	0.0000	1.2112
1233	1.0000	0.8990	0.0000	1.2124
1234	1.0000	0.8945	0.0000	1.2137
1235	1.0000	0.9050	0.0000	1.2150
1236	1.0000	0.9247	0.0000	1.2162
1237	1.0000	0.8808	0.0000	1.2174
1238	1.0000	0.9103	0.0000	1.2185
1239	1.0000	0.9017	0.0000	1.2198
1240	1.0000	0.8705	0.0000	1.2207
1241	1.0000	0.8919	0.0000	1.2216
1242	1.0000	0.8870	0.0000	1.2225
1243	1.0000	0.8874	0.0000	1.2234
1244	1.0000	0.8999	0.0000	1.2245
1245	1.0000	0.8979	0.0000	1.2255
1246	1.0000	0.8797	0.0000	1.2267
1247	1.0000	0.9030	0.0000	1.2277
1248	1.0000	0.8908	0.0000	1.2288
1249	1.0000	0.8871	0.0000	1.2301
1250	1.0000	0.8998	0.0000	1.2315
1251	1.0000	0.9028	0.0000	1.2333
1252	1.0000	0.8435	0.0000	1.2351
1253	1.0000	0.8259	0.0000	1.2365
1254	1.0000	0.8096	0.0000	1.2375
1255	1.0000	0.8633	0.0000	1.2385
1256	1.0000	0.8438	0.0000	1.2395
1257	1.0000	0.8129	0.0000	1.2408
1258	1.0000	0.8733	0.0000	1.2418
1259	1.0000	0.8479	0.0000	1.2428
1260	1.0000	0.7939	0.0000	1.2438
1261	1.0000	0.8549	0.0000	1.2449
1262	1.0000	0.8763	0.0000	1.2459
1263	1.0000	0.8883	0.0000	1.2469
1264	1.0000	0.9025	0.0000	1.2479
1265	1.0000	0.8877	0.0000	1.2488
1266	1.0000	0.9132	0.0000	1.2501
1267	1.0000	0.8713	0.0000	1.2512
1268	1.0000	0.8874	0.0000	1.2523
1269	1.0000	0.8962	0.0000	1.2534
1270	1.0000	0.9306	0.0000	1.2545
1271	1.0000	0.9045	0.0000	1.2556
1272	1.0000	0.8516	0.0000	1.2564
1273	1.0000	0.8720	0.0000	1.2573
1274	1.0000	0.9215	0.0000	1.2581
1275	1.0000	0.8900	0.0000	1.2591
1276	1.0000	0.9060	0.0000	1.2600
1277	1.0000	0.9246	0.0000	1.2608
1278	1.0000	0.9105	0.0000	1.2620
1279	1.0000	0.8958	0.0000	1.2631
1280	1.0000	0.8923	0.0000	1.2644
1281	1.0000	0.8685	0.0000	1.2653
1282	1.0000	0.8763	0.0000	1.2662
1283	1.0000	0.8730	0.0000	1.2670
1284	1.0000	0.9215	0.0000	1.2680
1285	1.0000	0.8836	0.0000	1.2690
1286	1.0000	0.9033	0.0000	1.2699
1287	1.0000	0.9017	0.0000	1.2707
1288	1.0000	0.8923	0.0000	1.2715
1289	1.0000	0.8975	0.0000	1.2722
1290	1.0000	0.9207	0.0000	1.2732
1291	1.0000	0.9335	0.0000	1.2745
1292	1.0000	0.8520	0.0000	1.2756
1293	1.0000	0.7914	0.0000	1.2765
1294	1.0000	0.8021	0.0000	1.2774
1295	1.0000	0.8169	0.0000	1.2781
1296	1.0000	0.8403	0.0000	1.2790
1297	1.0000	0.8290	0.0000	1.2799
1298	1.0000	0.8217	0.0000	1.2807
1299	1.0000	0.8343	0.0000	1.2813
1300	1.0000	0.8518	0.0000	1.2820
1301	1.0000	0.8405	0.0000	1.2827
1302	1.0000	0.8474	0.0000	1.2834
1303	1.0000	0.8518	0.0000	1.2839
1304	1.0000	0.8706	0.0000	1.2844
1305	1.0000	0.8415	0.0000	1.2850
1306	1.0000	0.8745	0.0000	1.2856
1307	1.0000	0.8843	0.0000	1.2862
1308	1.0000	0.9069	0.0000	1.2869
1309	1.0000	0.8931	0.0000	1.2876
1310	1.0000	0.9271	0.0000	1.2885
1311	1.0000	0.8955	0.0000	1.2893
1312	1.0000	0.8998	0.0000	1.2902
1313	1.0000	0.8772	0.0000	1.2910
1314	1.0000	0.9053	0.0000	1.2918
1315	1.0000	0.9065	0.0000	1.2926
1316	1.0000	0.8933	0.0000	1.2932
1317	1.0000	0.8933	0.0000	1.2940
1318	1.0000	0.8842	0.0000	1.2948
1319	1.0000	0.8858	0.0000	1.2955
1320	1.0000	0.8520	0.0000	1.2962
1321	1.0000	0.8829	0.0000	1.2971
1322	1.0000	0.8841	0.0000	1.2980
1323	1.0000	0.8862	0.0000	1.2989
1324	1.0000	0.8634	0.0000	1.2998
1325	1.0000	0.9160	0.0000	1.3007
1326	1.0000	0.8818	0.0000	1.3016
1327	1.0000	0.8863	0.0000	1.3026
1328	1.0000	0.9277	0.0000	1.3035
1329	1.0000	0.8973	0.0000	1.3044
1330	1.0000	0.8963	0.0000	1.3057
1331	1.0000	0.8880	0.0000	1.3072
1332	1.0000	0.8377	0.0000	1.3083
1333	1.0000	0.8880	0.0000	1.3096
1334	1.0000	0.8706	0.0000	1.3110
1335	1.0000	0.8760	0.0000	1.3123
1336	1.0000	0.8241	0.0000	1.3135
1337	1.0000	0.7879	0.0000	1.3146
1338	1.0000	0.8540	0.0000	1.3158
1339	1.0000	0.8341	0.0000	1.3167
1340	1.0000	0.8150	0.0000	1.3177
1341	1.0000	0.7748	0.0000	1.3185
1342	1.0000	0.8176	0.0000	1.3194
1343	1.0000	0.8281	0.0000	1.3200
1344	1.0000	0.8599	0.0000	1.3206
1345	1.0000	0.8564	0.0000	1.3213
1346	1.0000	0.8847	0.0000	1.3219
1347	1.0000	0.8524	0.0000	1.3224
1348	1.0000	0.8667	0.0000	1.3230
1349	1.0000	0.9139	0.0000	1.3236
1350	1.0000	0.9103	0.0000	1.3243
1351	1.0000	0.9167	0.0000	1.3250
1352	1.0000	0.9057	0.0000	1.3257
1353	1.0000	0.9125	0.0000	1.3263
1354	1.0000	0.9119	0.0000	1.3270
1355	1.0000	0.9196	0.0000	1.3276
1356	1.0000	0.8942	0.0000	1.3285
1357	1.0000	0.9042	0.0000	1.3295
1358	1.0000	0.8747	0.0000	1.3303
1359	1.0000	0.8787	0.0000	1.3311
1360	1.0000	0.8538	0.0000	1.3319
1361	1.0000	0.8686	0.0000	1.3325
1362	1.0000	0.8666	0.0000	1.3331
1363	1.0000	0.8971	0.0000	1.3339
1364	1.0000	0.8921	0.0000	1.3347
1365	1.0000	0.8877	0.0000	1.3353
1366	1.0000	0.8861	0.0000	1.3360
1367	1.0000	0.9499	0.0000	1.3368
1368	1.0000	0.9041	0.0000	1.3375
1369	1.0000	0.9128	0.0000	1.3385
1370	1.0000	0.9280	0.0000	1.3398
1371	1.0000	0.8954	0.0000	1.3408
1372	1.0000	0.8942	0.0000	1.3419
1373	1.0000	0.8898	0.0000	1.3432
1374	1.0000	0.8871	0.0000	1.3447
1375	1.0000	0.8582	0.0000	1.3459
1376	1.0000	0.8311	0.0000	1.3470
1377	1.0000	0.8363	0.0000	1.3479
1378	1.0000	0.8273	0.0000	1.3490
1379	1.0000	0.8190	0.0000	1.3502
1380	1.0000	0.8259	0.0000	1.3513
1381	1.0000	0.7944	0.0000	1.3525
1382	1.0000	0.8535	0.0000	1.3540
1383	1.0000	0.8821	0.0000	1.3555
1384	1.0000	0.8700	0.0000	1.3569
1385	1.0000	0.8815	0.0000	1.3585
1386	1.0000	0.8442	0.0000	1.3599
1387	1.0000	0.8502	0.0000	1.3613
1388	1.0000	0.7876	0.0000	1.3627
1389	1.0000	0.8659	0.0000	1.3640
1390	1.0000	0.8787	0.0000	1.3653
1391	1.0000	0.8432	0.0000	1.3665
1392	1.0000	0.8684	0.0000	1.3677
1393	1.0000	0.8899	0.0000	1.3687
1394	1.0000	0.8859	0.0000	1.3697
1395	1.0000	0.8827	0.0000	1.3708
1396	1.0000	0.8782	0.0000	1.3719
1397	1.0000	0.8701	0.0000	1.3727
1398	1.0000	0.7938	0.0000	1.3735
1399	1.0000	0.8101	0.0000	1.3745
1400	1.0000	0.8267	0.0000	1.3755
1401	1.0000	0.8449	0.0000	1.3764
1402	1.0000	0.8503	0.0000	1.3772
1403	1.0000	0.8513	0.0000	1.3779
1404	1.0000	0.8543	0.0000	1.3787
1405	1.0000	0.8698	0.0000	1.3795
1406	1.0000	0.8330	0.0000	1.3803
1407	1.0000	0.8596	0.0000	1.3811
1408	1.0000	0.8708	0.0000	1.3820
1409	1.0000	0.8378	0.0000	1.3828
1410	1.0000	0.8336	0.0000	1.3837
1411	1.0000	0.8554	0.0000	1.3846
1412	1.0000	0.8619	0.0000	1.3857
1413	1.0000	0.8344	0.0000	1.3866
1414	1.0000	0.8707	0.0000	1.3879
1415	1.0000	0.8482	0.0000	1.3892
1416	1.0000	0.8686	0.0000	1.3907
1417	1.0000	0.8678	0.0000	1.3920
1418	1.0000	0.8421	0.0000	1.3934
1419	1.0000	0.8684	0.0000	1.3949
1420	1.0000	0.8794	0.0000	1.3963
1421	1.0000	0.8565	0.0000	1.3974
1422	1.0000	0.8868	0.0000	1.3985
1423	1.0000	0.8679	0.0000	1.3999
1424	1.0000	0.8524	0.0000	1.4010
1425	1.0000	0.8489	0.0000	1.4023
1426	1.0000	0.8836	0.0000	1.4034
1427	1.0000	0.8924	0.0000	1.4046
1428	1.0000	0.8952	0.0000	1.4059
1429	1.0000	0.8384	0.0000	1.4071
1430	1.0000	0.8365	0.0000	1.4081
1431	1.0000	0.8550	0.0000	1.4091
1432	1.0000	0.8311	0.0000	1.4099
1433	1.0000	0.8376	0.0000	1.4109
1434	1.0000	0.8905	0.0000	1.4121
1435	1.0000	0.8740	0.0000	1.4137
1436	1.0000	0.8694	0.0000	1.4150
1437	1.0000	0.8653	0.0000	1.4162
1438	1.0000	0.8439	0.0000	1.4178
1439	1.0000	0.8600	0.0000	1.4193
1440	1.0000	0.8764	0.0000	1.4207
1441	1.0000	0.8467	0.0000	1.4222
1442	1.0000	0.8696	0.0000	1.4236
1443	1.0000	0.8601	0.0000	1.4248
1444	1.0000	0.8572	0.0000	1.4262
1445	1.0000	0.8847	0.0000	1.4274
1446	1.0000	0.8813	0.0000	1.4285
1447	1.0000	0.8842	0.0000	1.4297
1448	1.0000	0.8802	0.0000	1.4308
1449	1.0000	0.8217	0.0000	1.4319
1450	1.0000	0.9113	0.0000	1.4329
1451	1.0000	0.8896	0.0000	1.4341
1452	1.0000	0.8524	0.0000	1.4353
1453	1.0000	0.8806	0.0000	1.4364
1454	1.0000	0.9077	0.0000	1.4376
1455	1.0000	0.9100	0.0000	1.4387
1456	1.0000	0.8987	0.0000	1.4399
1457	1.0000	0.8699	0.0000	1.4410
1458	1.0000	0.9011	0.0000	1.4423
1459	1.0000	0.9103	0.0000	1.4436
1460	1.0000	0.9265	0.0000	1.4449
1461	1.0000	0.9128	0.0000	1.4463
1462	1.0000	0.8518	0.0000	1.4476
1463	1.0000	0.8505	0.0000	1.4491
1464	1.0000	0.8546	0.0000	1.4506
1465	1.0000	0.8673	0.0000	1.4520
1466	1.0000	0.8451	0.0000	1.4533
1467	1.0000	0.8309	0.0000	1.4545
1468	1.0000	0.8669	0.0000	1.4561
1469	1.0000	0.8561	0.0000	1.4578
1470	1.0000	0.8745	0.0000	1.4594
1471	1.0000	0.8393	0.0000	1.4612
1472	1.0000	0.8700	0.0000	1.4629
1473	1.0000	0.8552	0.0000	1.4645
1474	1.0000	0.9204	0.0000	1.4664
1475	1.0000	0.9180	0.0000	1.4683
1476	1.0000	0.8581	0.0000	1.4701
1477	1.0000	0.8506	0.0000	1.4721
1478	1.0000	0.8749	0.0000	1.4736
1479	1.0000	0.8421	0.0000	1.4752
1480	1.0000	0.8689	0.0000	1.4770
1481	1.0000	0.8595	0.0000	1.4786
1482	1.0000	0.8987	0.0000	1.4805
1483	1.0000	0.8402	0.0000	1.4820
1484	1.0000	0.8675	0.0000	1.4833
1485	1.0000	0.8474	0.0000	1.4848
1486	1.0000	0.8704	0.0000	1.4863
1487	1.0000	0.8676	0.0000	1.4878
1488	1.0000	0.8281	0.0000	1.4891
1489	1.0000	0.8177	0.0000	1.4905
1490	1.0000	0.8364	0.0000	1.4917
1491	1.0000	0.8689	0.0000	1.4933
1492	1.0000	0.8206	0.0000	1.4946
1493	1.0000	0.8494	0.0000	1.4959
1494	1.0000	0.8632	0.0000	1.4973
1495	1.0000	0.8617	0.0000	1.4989
1496	1.0000	0.8454	0.0000	1.5000
1497	1.0000	0.8297	0.0000	1.5012
1498	1.0000	0.7988	0.0000	1.5023
1499	1.0000	0.8740	0.0000	1.5035
1500	1.0000	0.8410	0.0000	1.5051
1501	1.0000	0.8381	0.0000	1.5067
1502	1.0000	0.7960	0.0000	1.5080
1503	1.0000	0.8161	0.0000	1.5093
1504	1.0000	0.8332	0.0000	1.5109
1505	1.0000	0.8558	0.0000	1.5125
1506	1.0000	0.8613	0.0000	1.5140
1507	1.0000	0.8559	0.0000	1.5157
1508	1.0000	0.8551	0.0000	1.5171
1509	1.0000	0.8825	0.0000	1.5187
1510	1.0000	0.8657	0.0000	1.5202
1511	1.0000	0.9028	0.0000	1.5216
1512	1.0000	0.9188	0.0000	1.5232
1513	1.0000	0.9061	0.0000	1.5250
1514	1.0000	0.7953	0.0000	1.5268
1515	1.0000	0.8542	0.0000	1.5287
1516	1.0000	0.8601	0.0000	1.5303
1517	1.0000	0.8444	0.0000	1.5322
1518	1.0000	0.8792	0.0000	1.5340
1519	1.0000	0.8570	0.0000	1.5357
1520	1.0000	0.8498	0.0000	1.5375
1521	1.0000	0.8234	0.0000	1.5389
1522	1.0000	0.8656	0.0000	1.5406
1523	1.0000	0.8561	0.0000	1.5422
1524	1.0000	0.8291	0.0000	1.5436
1525	1.0000	0.8352	0.0000	1.5451
1526	1.0000	0.8404	0.0000	1.5467
1527	1.0000	0.8496	0.0000	1.5481
1528	1.0000	0.8693	0.0000	1.5495
1529	1.0000	0.8687	0.0000	1.5509
1530	1.0000	0.8739	0.0000	1.5522
1531	1.0000	0.8725	0.0000	1.5535
1532	1.0000	0.8745	0.0000	1.5551
1533	1.0000	0.8708	0.0000	1.5564
1534	1.0000	0.8809	0.0000	1.5579
1535	1.0000	0.8922	0.0000	1.5595
1536	1.0000	0.8272	0.0000	1.5608
1537	1.0000	0.8342	0.0000	1.5622
1538	1.0000	0.8727	0.0000	1.5634
1539	1.0000	0.8261	0.0000	1.5647
1540	1.0000	0.8900	0.0000	1.5661
1541	1.0000	0.8361	0.0000	1.5675
1542	1.0000	0.8753	0.0000	1.5689
1543	1.0000	0.8402	0.0000	1.5702
1544	1.0000	0.8888	0.0000	1.5715
1545	1.0000	0.8903	0.0000	1.5732
1546	1.0000	0.8615	0.0000	1.5745
1547	1.0000	0.9047	0.0000	1.5759
1548	1.0000	0.8850	0.0000	1.5776
1549	1.0000	0.8856	0.0000	1.5790
1550	1.0000	0.8831	0.0000	1.5803
1551	1.0000	0.8755	0.0000	1.5816
1552	1.0000	0.8505	0.0000	1.5830
1553	1.0000	0.8315	0.0000	1.5842
1554	1.0000	0.8258	0.0000	1.5856
1555	1.0000	0.8457	0.0000	1.5869
1556	1.0000	0.8853	0.0000	1.5882
1557	1.0000	0.8627	0.0000	1.5893
1558	1.0000	0.8368	0.0000	1.5903
1559	1.0000	0.8396	0.0000	1.5916
1560	1.0000	0.8485	0.0000	1.5927
1561	1.0000	0.8564	0.0000	1.5940
1562	1.0000	0.8720	0.0000	1.5956
1563	1.0000	0.8680	0.0000	1.5970
1564	1.0000	0.8714	0.0000	1.5983
1565	1.0000	0.8568	0.0000	1.5999
1566	1.0000	0.8730	0.0000	1.6014
1567	1.0000	0.8167	0.0000	1.6028
1568	1.0000	0.8762	0.0000	1.6044
1569	1.0000	0.8080	0.0000	1.6058
1570	1.0000	0.7973	0.0000	1.6073
1571	1.0000	0.7808	0.0000	1.6088
1572	1.0000	0.7902	0.0000	1.6101
1573	1.0000	0.7547	0.0000	1.6115
1574	1.0000	0.8104	0.0000	1.6132
1575	1.0000	0.7412	0.0000	1.6146
1576	1.0000	0.8120	0.0000	1.6160
1577	1.0000	0.8070	0.0000	1.6176
1578	1.0000	0.8121	0.0000	1.6191
1579	1.0000	0.7645	0.0000	1.6207
1580	1.0000	0.8105	0.0000	1.6221
1581	1.0000	0.8200	0.0000	1.6234
1582	1.0000	0.8039	0.0000	1.6248
1583	1.0000	0.8008	0.0000	1.6262
1584	1.0000	0.8304	0.0000	1.6276
1585	1.0000	0.8375	0.0000	1.6288
1586	1.0000	0.8673	0.0000	1.6302
1587	1.0000	0.8832	0.0000	1.6319
1588	1.0000	0.8717	0.0000	1.6336
1589	1.0000	0.8571	0.0000	1.6353
1590	1.0000	0.8401	0.0000	1.6370
1591	1.0000	0.8408	0.0000	1.6384
1592	1.0000	0.7958	0.0000	1.6397
1593	1.0000	0.8210	0.0000	1.6408
1594	1.0000	0.8366	0.0000	1.6419
1595	1.0000	0.8594	0.0000	1.6433
1596	1.0000	0.8496	0.0000	1.6446
1597	1.0000	0.8168	0.0000	1.6457
1598	1.0000	0.8260	0.0000	1.6469
1599	1.0000	0.7906	0.0000	1.6483
1600	1.0000	0.8651	0.0000	1.6496
1601	1.0000	0.8656	0.0000	1.6507
1602	1.0000	0.8866	0.0000	1.6521
1603	1.0000	0.8157	0.0000	1.6534
1604	1.0000	0.8728	0.0000	1.6544
1605	1.0000	0.8560	0.0000	1.6554
1606	1.0000	0.8421	0.0000	1.6565
1607	1.0000	0.8152	0.0000	1.6579
1608	1.0000	0.8133	0.0000	1.6590
1609	1.0000	0.8074	0.0000	1.6602
1610	1.0000	0.7728	0.0000	1.6614
1611	1.0000	0.8322	0.0000	1.6625
1612	1.0000	0.8030	0.0000	1.6635
1613	1.0000	0.8064	0.0000	1.6647
1614	1.0000	0.8179	0.0000	1.6659
1615	1.0000	0.7820	0.0000	1.6673
1616	1.0000	0.8285	0.0000	1.6687
1617	1.0000	0.8713	0.0000	1.6701
1618	1.0000	0.8928	0.0000	1.6717
1619	1.0000	0.8640	0.0000	1.6731
1620	1.0000	0.8688	0.0000	1.6742
1621	1.0000	0.8471	0.0000	1.6754
1622	1.0000	0.8571	0.0000	1.6763
1623	1.0000	0.8623	0.0000	1.6772
1624	1.0000	0.8796	0.0000	1.6779
1625	1.0000	0.8568	0.0000	1.6784
1626	1.0000	0.8572	0.0000	1.6789
1627	1.0000	0.8377	0.0000	1.6796
1628	1.0000	0.9012	0.0000	1.6804
1629	1.0000	0.8905	0.0000	1.6812
1630	1.0000	0.8747	0.0000	1.6822
1631	1.0000	0.9144	0.0000	1.6834
1632	1.0000	0.9153	0.0000	1.6845
1633	1.0000	0.9083	0.0000	1.6854
1634	1.0000	0.8989	0.0000	1.6863
1635	1.0000	0.8846	0.0000	1.6872
1636	1.0000	0.8601	0.0000	1.6880
1637	1.0000	0.8741	0.0000	1.6888
1638	1.0000	0.8857	0.0000	1.6898
1639	1.0000	0.8823	0.0000	1.6904
1640	1.0000	0.8941	0.0000	1.6912
1641	1.0000	0.8840	0.0000	1.6919
1642	1.0000	0.9012	0.0000	1.6928
1643	1.0000	0.9065	0.0000	1.6936
1644	1.0000	0.8869	0.0000	1.6945
1645	1.0000	0.9282	0.0000	1.6954
1646	1.0000	0.9061	0.0000	1.6963
1647	1.0000	0.8809	0.0000	1.6972
1648	1.0000	0.8939	0.0000	1.6983
1649	1.0000	0.9202	0.0000	1.6993
1650	1.0000	0.9070	0.0000	1.7003
1651	1.0000	0.9385	0.0000	1.7013
1652	1.0000	0.9372	0.0000	1.7023
1653	1.0000	0.9122	0.0000	1.7033
1654	1.0000	0.9418	0.0000	1.7040
1655	1.0000	0.9247	0.0000	1.7049
1656	1.0000	0.9169	0.0000	1.7057
1657	1.0000	0.9157	0.0000	1.7067
1658	1.0000	0.8958	0.0000	1.7078
1659	1.0000	0.8753	0.0000	1.7087
1660	1.0000	0.8816	0.0000	1.7098
1661	1.0000	0.8934	0.0000	1.7109
1662	1.0000	0.8905	0.0000	1.7119
1663	1.0000	0.8857	0.0000	1.7130
1664	1.0000	0.8801	0.0000	1.7142
1665	1.0000	0.9041	0.0000	1.7155
1666	1.0000	0.9092	0.0000	1.7166
1667	1.0000	0.8842	0.0000	1.7174
1668	1.0000	0.9048	0.0000	1.7183
1669	1.0000	0.9227	0.0000	1.7192
1670	1.0000	0.8972	0.0000	1.7206
1671	1.0000	0.8338	0.0000	1.7216
1672	1.0000	0.8318	0.0000	1.7226
1673	1.0000	0.8840	0.0000	1.7238
1674	1.0000	0.8689	0.0000	1.7252
1675	1.0000	0.8396	0.0000	1.7265
1676	1.0000	0.8718	0.0000	1.7280
1677	1.0000	0.8737	0.0000	1.7296
1678	1.0000	0.8464	0.0000	1.7310
1679	1.0000	0.8358	0.0000	1.7323
1680	1.0000	0.8479	0.0000	1.7337
1681	1.0000	0.8178	0.0000	1.7351
1682	1.0000	0.8404	0.0000	1.7362
1683	1.0000	0.8318	0.0000	1.7374
1684	1.0000	0.8433	0.0000	1.7383
1685	1.0000	0.8114	0.0000	1.7393
1686	1.0000	0.8616	0.0000	1.7403
1687	1.0000	0.8127	0.0000	1.7414
1688	1.0000	0.8739	0.0000	1.7425
1689	1.0000	0.8586	0.0000	1.7435
1690	1.0000	0.8867	0.0000	1.7446
1691	1.0000	0.8697	0.0000	1.7456
1692	1.0000	0.8643	0.0000	1.7466
1693	1.0000	0.8876	0.0000	1.7476
1694	1.0000	0.8450	0.0000	1.7484
1695	1.0000	0.8536	0.0000	1.7493
1696	1.0000	0.8498	0.0000	1.7502
1697	1.0000	0.8349	0.0000	1.7512
1698	1.0000	0.8178	0.0000	1.7524
1699	1.0000	0.8575	0.0000	1.7535
1700	1.0000	0.8766	0.0000	1.7547
1701	1.0000	0.8788	0.0000	1.7559
1702	1.0000	0.8678	0.0000	1.7568
1703	1.0000	0.8689	0.0000	1.7584
1704	1.0000	0.8823	0.0000	1.7599
1705	1.0000	0.8828	0.0000	1.7617
1706	1.0000	0.8460	0.0000	1.7632
1707	1.0000	0.8679	0.0000	1.7646
1708	1.0000	0.8743	0.0000	1.7658
1709	1.0000	0.8658	0.0000	1.7668
1710	1.0000	0.8640	0.0000	1.7680
1711	1.0000	0.9080	0.0000	1.7694
1712	1.0000	0.8792	0.0000	1.7706
1713	1.0000	0.8354	0.0000	1.7717
1714	1.0000	0.8727	0.0000	1.7729
1715	1.0000	0.8329	0.0000	1.7740
1716	1.0000	0.8447	0.0000	1.7750
1717	1.0000	0.8723	0.0000	1.7761
1718	1.0000	0.8812	0.0000	1.7772
1719	1.0000	0.8685	0.0000	1.7783
1720	1.0000	0.8886	0.0000	1.7797
1721	1.0000	0.8712	0.0000	1.7809
1722	1.0000	0.8781	0.0000	1.7824
1723	1.0000	0.9338	0.0000	1.7838
1724	1.0000	0.8535	0.0000	1.7855
1725	1.0000	0.8234	0.0000	1.7873
1726	1.0000	0.7476	0.0000	1.7884
1727	1.0000	0.7632	0.0000	1.7897
1728	1.0000	0.7536	0.0000	1.7908
1729	1.0000	0.8140	0.0000	1.7920
1730	1.0000	0.8375	0.0000	1.7932
1731	1.0000	0.8062	0.0000	1.7942
1732	1.0000	0.7921	0.0000	1.7952
1733	1.0000	0.7832	0.0000	1.7961
1734	1.0000	0.8486	0.0000	1.7972
1735	1.0000	0.8642	0.0000	1.7982
1736	1.0000	0.8247	0.0000	1.7991
1737	1.0000	0.8509	0.0000	1.7999
1738	1.0000	0.8475	0.0000	1.8009
1739	1.0000	0.8665	0.0000	1.8020
1740	1.0000	0.8654	0.0000	1.8032
1741	1.0000	0.8983	0.0000	1.8042
1742	1.0000	0.8723	0.0000	1.8055
1743	1.0000	0.8336	0.0000	1.8072
1744	1.0000	0.8359	0.0000	1.8087
1745	1.0000	0.8405	0.0000	1.8102
1746	1.0000	0.8410	0.0000	1.8117
1747	1.0000	0.8613	0.0000	1.8131
1748	1.0000	0.8381	0.0000	1.8144
1749	1.0000	0.8490	0.0000	1.8157
1750	1.0000	0.8761	0.0000	1.8173
1751	1.0000	0.9246	0.0000	1.8192
1752	1.0000	0.8725	0.0000	1.8207
1753	1.0000	0.8943	0.0000	1.8223
1754	1.0000	0.8601	0.0000	1.8237
1755	1.0000	0.8743	0.0000	1.8252
1756	1.0000	0.8699	0.0000	1.8265
1757	1.0000	0.8626	0.0000	1.8279
1758	1.0000	0.8702	0.0000	1.8292
1759	1.0000	0.8828	0.0000	1.8304
1760	1.0000	0.8839	0.0000	1.8316
1761	1.0000	0.9066	0.0000	1.8329
1762	1.0000	0.8874	0.0000	1.8341
1763	1.0000	0.9173	0.0000	1.8354
1764	1.0000	0.9146	0.0000	1.8370
1765	1.0000	0.9023	0.0000	1.8386
1766	1.0000	0.9194	0.0000	1.8400
1767	1.0000	0.8886	0.0000	1.8415
1768	1.0000	0.8918	0.0000	1.8430
1769	1.0000	0.8743	0.0000	1.8445
1770	1.0000	0.9019	0.0000	1.8460
1771	1.0000	0.9068	0.0000	1.8478
1772	1.0000	0.8751	0.0000	1.8493
1773	1.0000	0.9002	0.0000	1.8508
1774	1.0000	0.9004	0.0000	1.8524
1775	1.0000	0.9068	0.0000	1.8539
1776	1.0000	0.8829	0.0000	1.8554
1777	1.0000	0.8621	0.0000	1.8570
1778	1.0000	0.8862	0.0000	1.8586
1779	1.0000	0.8940	0.0000	1.8603
1780	1.0000	0.8816	0.0000	1.8618
1781	1.0000	0.8853	0.0000	1.8634
1782	1.0000	0.8675	0.0000	1.8651
1783	1.0000	0.8481	0.0000	1.8667
1784	1.0000	0.8626	0.0000	1.8682
1785	1.0000	0.8661	0.0000	1.8697
1786	1.0000	0.8635	0.0000	1.8711
1787	1.0000	0.9016	0.0000	1.8725
1788	1.0000	0.8881	0.0000	1.8737
1789	1.0000	0.8676	0.0000	1.8749
1790	1.0000	0.8904	0.0000	1.8761
1791	1.0000	0.8924	0.0000	1.8773
1792	1.0000	0.8264	0.0000	1.8785
1793	1.0000	0.8277	0.0000	1.8798
1794	1.0000	0.8814	0.0000	1.8813
1795	1.0000	0.8645	0.0000	1.8828
1796	1.0000	0.8200	0.0000	1.8841
1797	1.0000	0.8551	0.0000	1.8855
1798	1.0000	0.8617	0.0000	1.8869
1799	1.0000	0.8233	0.0000	1.8881
1800	1.0000	0.8793	0.0000	1.8892
1801	1.0000	0.8064	0.0000	1.8902
1802	1.0000	0.8303	0.0000	1.8914
1803	1.0000	0.8541	0.0000	1.8925
1804	1.0000	0.8515	0.0000	1.8938
1805	1.0000	0.8139	0.0000	1.8951
1806	1.0000	0.8480	0.0000	1.8966
1807	1.0000	0.8596	0.0000	1.8980
1808	1.0000	0.8867	0.0000	1.8993
1809	1.0000	0.8687	0.0000	1.9008
1810	1.0000	0.8830	0.0000	1.9019
1811	1.0000	0.8354	0.0000	1.9029
1812	1.0000	0.8330	0.0000	1.9041
1813	1.0000	0.8578	0.0000	1.9053
1814	1.0000	0.8874	0.0000	1.9065
1815	1.0000	0.9017	0.0000	1.9078
1816	1.0000	0.8898	0.0000	1.9092
1817	1.0000	0.8944	0.0000	1.9105
1818	1.0000	0.8546	0.0000	1.9119
1819	1.0000	0.8712	0.0000	1.9134
1820	1.0000	0.8315	0.0000	1.9149
1821	1.0000	0.8325	0.0000	1.9164
1822	1.0000	0.8847	0.0000	1.9181
1823	1.0000	0.8500	0.0000	1.9197
1824	1.0000	0.8598	0.0000	1.9213
1825	1.0000	0.8381	0.0000	1.9230
1826	1.0000	0.8644	0.0000	1.9245
1827	1.0000	0.8470	0.0000	1.9261
1828	1.0000	0.8085	0.0000	1.9277
1829	1.0000	0.7808	0.0000	1.9292
1830	1.0000	0.7518	0.0000	1.9309
1831	1.0000	0.7729	0.0000	1.9324
1832	1.0000	0.8314	0.0000	1.9339
1833	1.0000	0.8089	0.0000	1.9352
1834	1.0000	0.8406	0.0000	1.9368
1835	1.0000	0.8202	0.0000	1.9383
1836	1.0000	0.8140	0.0000	1.9396
1837	1.0000	0.8573	0.0000	1.9411
1838	1.0000	0.8540	0.0000	1.9429
1839	1.0000	0.8512	0.0000	1.9444
1840	1.0000	0.8668	0.0000	1.9460
1841	1.0000	0.8597	0.0000	1.9475
1842	1.0000	0.8658	0.0000	1.9489
1843	1.0000	0.8857	0.0000	1.9505
1844	1.0000	0.8756	0.0000	1.9528
1845	1.0000	0.8076	0.0000	1.9543
1846	1.0000	0.8110	0.0000	1.9557
1847	1.0000	0.8435	0.0000	1.9572
1848	1.0000	0.8313	0.0000	1.9587
1849	1.0000	0.7484	0.0000	1.9606
1850	1.0000	0.8111	0.0000	1.9622
1851	1.0000	0.8109	0.0000	1.9637
1852	1.0000	0.8373	0.0000	1.9654
1853	1.0000	0.8111	0.0000	1.9670
1854	1.0000	0.7625	0.0000	1.9686
1855	1.0000	0.7961	0.0000	1.9702
1856	1.0000	0.8328	0.0000	1.9717
1857	1.0000	0.8606	0.0000	1.9734
1858	1.0000	0.8319	0.0000	1.9750
1859	1.0000	0.7796	0.0000	1.9765
1860	1.0000	0.8207	0.0000	1.9779
1861	1.0000	0.8140	0.0000	1.9793
1862	1.0000	0.8252	0.0000	1.9810
1863	1.0000	0.8268	0.0000	1.9825
1864	1.0000	0.8602	0.0000	1.9842
1865	1.0000	0.8499	0.0000	1.9859
1866	1.0000	0.8284	0.0000	1.9874
1867	1.0000	0.7748	0.0000	1.9893
1868	1.0000	0.7886	0.0000	1.9907
1869	1.0000	0.8099	0.0000	1.9925
1870	1.0000	0.7994	0.0000	1.9939
1871	1.0000	0.7945	0.0000	1.9955
1872	1.0000	0.7934	0.0000	1.9973
1873	1.0000	0.8254	0.0000	1.9989
1874	1.0000	0.8311	0.0000	2.0004
1875	1.0000	0.8456	0.0000	2.0019
1876	1.0000	0.8789	0.0000	2.0033
1877	1.0000	0.8538	0.0000	2.0049
1878	1.0000	0.8666	0.0000	2.0065
1879	1.0000	0.8435	0.0000	2.0085
1880	1.0000	0.8671	0.0000	2.0101
1881	1.0000	0.8236	0.0000	2.0117
1882	1.0000	0.8007	0.0000	2.0129
1883	1.0000	0.8040	0.0000	2.0142
1884	1.0000	0.8255	0.0000	2.0160
1885	1.0000	0.8984	0.0000	2.0175
1886	1.0000	0.8443	0.0000	2.0188
1887	1.0000	0.8378	0.0000	2.0202
1888	1.0000	0.8254	0.0000	2.0216
1889	1.0000	0.8068	0.0000	2.0228
1890	1.0000	0.8682	0.0000	2.0238
1891	1.0000	0.8885	0.0000	2.0250
1892	1.0000	0.8774	0.0000	2.0263
1893	1.0000	0.8441	0.0000	2.0274
1894	1.0000	0.8210	0.0000	2.0284
1895	1.0000	0.8410	0.0000	2.0295
1896	1.0000	0.8208	0.0000	2.0304
1897	1.0000	0.8088	0.0000	2.0315
1898	1.0000	0.8641	0.0000	2.0326
1899	1.0000	0.8455	0.0000	2.0338
1900	1.0000	0.8672	0.0000	2.0350
1901	1.0000	0.8835	0.0000	2.0362
1902	1.0000	0.8579	0.0000	2.0371
1903	1.0000	0.8600	0.0000	2.0384
1904	1.0000	0.8777	0.0000	2.0398
1905	1.0000	0.8756	0.0000	2.0410
1906	1.0000	0.8144	0.0000	2.0426
1907	1.0000	0.8941	0.0000	2.0443
1908	1.0000	0.8923	0.0000	2.0461
1909	1.0000	0.8887	0.0000	2.0479
1910	1.0000	0.8916	0.0000	2.0495
1911	1.0000	0.8382	0.0000	2.0514
1912	1.0000	0.9085	0.0000	2.0533
1913	1.0000	0.8674	0.0000	2.0550
1914	1.0000	0.9011	0.0000	2.0567
1915	1.0000	0.8646	0.0000	2.0581
1916	1.0000	0.8834	0.0000	2.0594
1917	1.0000	0.8795	0.0000	2.0608
1918	1.0000	0.8545	0.0000	2.0623
1919	1.0000	0.8684	0.0000	2.0638
1920	1.0000	0.8437	0.0000	2.0654
1921	1.0000	0.8692	0.0000	2.0669
1922	1.0000	0.8646	0.0000	2.0688
1923	1.0000	0.7912	0.0000	2.0702
1924	1.0000	0.8224	0.0000	2.0719
1925	1.0000	0.8577	0.0000	2.0737
1926	1.0000	0.8142	0.0000	2.0754
1927	1.0000	0.7990	0.0000	2.0771
1928	1.0000	0.7627	0.0000	2.0789
1929	1.0000	0.8145	0.0000	2.0809
1930	1.0000	0.8455	0.0000	2.0825
1931	1.0000	0.8168	0.0000	2.0843
1932	1.0000	0.8458	0.0000	2.0861
1933	1.0000	0.8423	0.0000	2.0878
1934	1.0000	0.8381	0.0000	2.0895
1935	1.0000	0.8314	0.0000	2.0910
1936	1.0000	0.8684	0.0000	2.0927
1937	1.0000	0.8437	0.0000	2.0942
1938	1.0000	0.8769	0.0000	2.0957
1939	1.0000	0.8585	0.0000	2.0972
1940	1.0000	0.8406	0.0000	2.0986
1941	1.0000	0.8384	0.0000	2.0999
1942	1.0000	0.8717	0.0000	2.1015
1943	1.0000	0.8671	0.0000	2.1030
1944	1.0000	0.8868	0.0000	2.1044
1945	1.0000	0.8618	0.0000	2.1057
1946	1.0000	0.8424	0.0000	2.1070
1947	1.0000	0.8819	0.0000	2.1083
1948	1.0000	0.8683	0.0000	2.1094
1949	1.0000	0.8663	0.0000	2.1106
1950	1.0000	0.8918	0.0000	2.1117
1951	1.0000	0.8669	0.0000	2.1129
1952	1.0000	0.8722	0.0000	2.1141
1953	1.0000	0.8729	0.0000	2.1151
1954	1.0000	0.8429	0.0000	2.1162
1955	1.0000	0.8573	0.0000	2.1173
1956	1.0000	0.8920	0.0000	2.1185
1957	1.0000	0.8912	0.0000	2.1194
1958	1.0000	0.8893	0.0000	2.1204
1959	1.0000	0.8902	0.0000	2.1214
1960	1.0000	0.8959	0.0000	2.1224
1961	1.0000	0.9169	0.0000	2.1236
1962	1.0000	0.8437	0.0000	2.1246
1963	1.0000	0.8569	0.0000	2.1257
1964	1.0000	0.8829	0.0000	2.1267
1965	1.0000	0.8378	0.0000	2.1277
1966	1.0000	0.8352	0.0000	2.1287
1967	1.0000	0.8562	0.0000	2.1296
1968	1.0000	0.8558	0.0000	2.1304
1969	1.0000	0.8595	0.0000	2.1314
1970	1.0000	0.8860	0.0000	2.1323
1971	1.0000	0.8635	0.0000	2.1332
1972	1.0000	0.8939	0.0000	2.1339
1973	1.0000	0.8975	0.0000	2.1347
1974	1.0000	0.8906	0.0000	2.1354
1975	1.0000	0.8812	0.0000	2.1360
1976	1.0000	0.8795	0.0000	2.1368
1977	1.0000	0.9023	0.0000	2.1375
1978	1.0000	0.9040	0.0000	2.1382
1979	1.0000	0.8880	0.0000	2.1389
1980	1.0000	0.8928	0.0000	2.1396
1981	1.0000	0.8712	0.0000	2.1403
1982	1.0000	0.8951	0.0000	2.1410
1983	1.0000	0.8953	0.0000	2.1416
1984	1.0000	0.9007	0.0000	2.1423
1985	1.0000	0.9003	0.0000	2.1429
1986	1.0000	0.9108	0.0000	2.1437
1987	1.0000	0.8998	0.0000	2.1444
1988	1.0000	0.8907	0.0000	2.1452
1989	1.0000	0.9060	0.0000	2.1459
1990	1.0000	0.9361	0.0000	2.1469
1991	1.0000	0.8992	0.0000	2.1478
1992	1.0000	0.8639	0.0000	2.1488
1993	1.0000	0.8278	0.0000	2.1496
1994	1.0000	0.8626	0.0000	2.1505
1995	1.0000	0.8356	0.0000	2.1515
1996	1.0000	0.8184	0.0000	2.1521
1997	1.0000	0.8585	0.0000	2.1527
1998	1.0000	0.8541	0.0000	2.1533
1999	1.0000	0.8399	0.0000	2.1540
2000	1.0000	0.8693	0.0000	2.1549
2001	1.0000	0.9016	0.0000	2.1557
2002	1.0000	0.8336	0.0000	2.1563
2003	1.0000	0.8654	0.0000	2.1572
2004	1.0000	0.8386	0.0000	2.1582
2005	1.0000	0.7957	0.0000	2.1592
2006	1.0000	0.8527	0.0000	2.1599
2007	1.0000	0.8472	0.0000	2.1608
2008	1.0000	0.8838	0.0000	2.1616
2009	1.0000	0.8796	0.0000	2.1625
2010	1.0000	0.8423	0.0000	2.1634
2011	1.0000	0.8387	0.0000	2.1643
2012	1.0000	0.8733	0.0000	2.1652
2013	1.0000	0.8725	0.0000	2.1662
2014	1.0000	0.8318	0.0000	2.1671
2015	1.0000	0.8581	0.0000	2.1678
2016	1.0000	0.8764	0.0000	2.1686
2017	1.0000	0.8009	0.0000	2.1693
2018	1.0000	0.8160	0.0000	2.1702
2019	1.0000	0.8460	0.0000	2.1710
2020	1.0000	0.8833	0.0000	2.1717
2021	1.0000	0.8284	0.0000	2.1726
2022	1.0000	0.8247	0.0000	2.1734
2023	1.0000	0.8607	0.0000	2.1743
2024	1.0000	0.8727	0.0000	2.1750
2025	1.0000	0.8722	0.0000	2.1758
2026	1.0000	0.8243	0.0000	2.1766
2027	1.0000	0.8775	0.0000	2.1775
2028	1.0000	0.8705	0.0000	2.1784
2029	1.0000	0.8826	0.0000	2.1792
2030	1.0000	0.8703	0.0000	2.1802
2031	1.0000	0.8446	0.0000	2.1811
2032	1.0000	0.8467	0.0000	2.1820
2033	1.0000	0.8604	0.0000	2.1830
2034	1.0000	0.8920	0.0000	2.1841
2035	1.0000	0.8613	0.0000	2.1852
2036	1.0000	0.8766	0.0000	2.1861
2037	1.0000	0.8561	0.0000	2.1872
2038	1.0000	0.8502	0.0000	2.1884
2039	1.0000	0.8172	0.0000	2.1895
2040	1.0000	0.8415	0.0000	2.1907
2041	1.0000	0.7896	0.0000	2.1917
2042	1.0000	0.8195	0.0000	2.1931
2043	1.0000	0.8513	0.0000	2.1946
2044	1.0000	0.8283	0.0000	2.1960
2045	1.0000	0.8330	0.0000	2.1976
2046	1.0000	0.8299	0.0000	2.1989
2047	1.0000	0.8210	0.0000	2.2001
2048	1.0000	0.8155	0.0000	2.2014
2049	1.0000	0.8188	0.0000	2.2028
2050	1.0000	0.7877	0.0000	2.2041
2051	1.0000	0.8489	0.0000	2.2054
2052	1.0000	0.8485	0.0000	2.2067
2053	1.0000	0.8631	0.0000	2.2080
2054	1.0000	0.8145	0.0000	2.2091
2055	1.0000	0.8215	0.0000	2.2102
2056	1.0000	0.8146	0.0000	2.2111
2057	1.0000	0.8310	0.0000	2.2121
2058	1.0000	0.8326	0.0000	2.2132
2059	1.0000	0.8172	0.0000	2.2142
2060	1.0000	0.8761	0.0000	2.2152
2061	1.0000	0.8580	0.0000	2.2162
2062	1.0000	0.8893	0.0000	2.2170
2063	1.0000	0.8787	0.0000	2.2178
2064	1.0000	0.8826	0.0000	2.2186
2065	1.0000	0.9021	0.0000	2.2193
2066	1.0000	0.9088	0.0000	2.2201
2067	1.0000	0.8763	0.0000	2.2211
2068	1.0000	0.8776	0.0000	2.2220
2069	1.0000	0.8646	0.0000	2.2229
2070	1.0000	0.8842	0.0000	2.2236
2071	1.0000	0.8805	0.0000	2.2245
2072	1.0000	0.8713	0.0000	2.2253
2073	1.0000	0.8839	0.0000	2.2260
2074	1.0000	0.8666	0.0000	2.2267
2075	1.0000	0.8521	0.0000	2.2274
2076	1.0000	0.8876	0.0000	2.2284
2077	1.0000	0.8155	0.0000	2.2294
2078	1.0000	0.7924	0.0000	2.2302
2079	1.0000	0.8210	0.0000	2.2312
2080	1.0000	0.8598	0.0000	2.2322
2081	1.0000	0.8418	0.0000	2.2332
2082	1.0000	0.8492	0.0000	2.2343
2083	1.0000	0.8422	0.0000	2.2353
2084	1.0000	0.8202	0.0000	2.2363
2085	1.0000	0.8297	0.0000	2.2372
2086	1.0000	0.8647	0.0000	2.2382
2087	1.0000	0.8911	0.0000	2.2391
2088	1.0000	0.8647	0.0000	2.2400
2089	1.0000	0.9043	0.0000	2.2409
2090	1.0000	0.8684	0.0000	2.2420
2091	1.0000	0.8875	0.0000	2.2431
2092	1.0000	0.8792	0.0000	2.2441
2093	1.0000	0.8748	0.0000	2.2454
2094	1.0000	0.8884	0.0000	2.2467
2095	1.0000	0.9091	0.0000	2.2479
2096	1.0000	0.8923	0.0000	2.2490
2097	1.0000	0.8723	0.0000	2.2501
2098	1.0000	0.8906	0.0000	2.2510
2099	1.0000	0.8894	0.0000	2.2519
2100	1.0000	0.8850	0.0000	2.2529
2101	1.0000	0.8742	0.0000	2.2539
2102	1.0000	0.9016	0.0000	2.2548
2103	1.0000	0.8977	0.0000	2.2556
2104	1.0000	0.8934	0.0000	2.2563
2105	1.0000	0.9011	0.0000	2.2570
2106	1.0000	0.9134	0.0000	2.2578
2107	1.0000	0.9346	0.0000	2.2586
2108	1.0000	0.9269	0.0000	2.2596
2109	1.0000	0.8935	0.0000	2.2605
2110	1.0000	0.9070	0.0000	2.2613
2111	1.0000	0.9220	0.0000	2.2623
2112	1.0000	0.8951	0.0000	2.2634
2113	1.0000	0.8949	0.0000	2.2642
2114	1.0000	0.9038	0.0000	2.2651
2115	1.0000	0.8717	0.0000	2.2659
2116	1.0000	0.8778	0.0000	2.2673
2117	1.0000	0.8490	0.0000	2.2684
2118	1.0000	0.8209	0.0000	2.2693
2119	1.0000	0.8374	0.0000	2.2703
2120	1.0000	0.8346	0.0000	2.2715
2121	1.0000	0.8082	0.0000	2.2725
2122	1.0000	0.7797	0.0000	2.2738
2123	1.0000	0.7986	0.0000	2.2751
2124	1.0000	0.8002	0.0000	2.2764
2125	1.0000	0.8066	0.0000	2.2777
2126	1.0000	0.8594	0.0000	2.2791
2127	1.0000	0.8635	0.0000	2.2804
2128	1.0000	0.8520	0.0000	2.2816
2129	1.0000	0.8508	0.0000	2.2830
2130	1.0000	0.8126	0.0000	2.2842
2131	1.0000	0.8538	0.0000	2.2854
2132	1.0000	0.8272	0.0000	2.2865
2133	1.0000	0.8790	0.0000	2.2876
2134	1.0000	0.8134	0.0000	2.2891
2135	1.0000	0.8361	0.0000	2.2902
2136	1.0000	0.8424	0.0000	2.2918
2137	1.0000	0.8239	0.0000	2.2931
2138	1.0000	0.8686	0.0000	2.2943
2139	1.0000	0.8793	0.0000	2.2955
2140	1.0000	0.8498	0.0000	2.2966
2141	1.0000	0.8912	0.0000	2.2979
2142	1.0000	0.8480	0.0000	2.2989
2143	1.0000	0.8622	0.0000	2.3001
2144	1.0000	0.8954	0.0000	2.3013
2145	1.0000	0.8977	0.0000	2.3022
2146	1.0000	0.8644	0.0000	2.3032
2147	1.0000	0.8853	0.0000	2.3043
2148	1.0000	0.9043	0.0000	2.3055
2149	1.0000	0.9003	0.0000	2.3065
2150	1.0000	0.8765	0.0000	2.3076
2151	1.0000	0.8710	0.0000	2.3089
2152	1.0000	0.8776	0.0000	2.3101
2153	1.0000	0.8916	0.0000	2.3115
2154	1.0000	0.8985	0.0000	2.3127
2155	1.0000	0.8833	0.0000	2.3138
2156	1.0000	0.8559	0.0000	2.3151
2157	1.0000	0.8481	0.0000	2.3164
2158	1.0000	0.8529	0.0000	2.3175
2159	1.0000	0.8784	0.0000	2.3187
2160	1.0000	0.8544	0.0000	2.3199
2161	1.0000	0.8652	0.0000	2.3210
2162	1.0000	0.8714	0.0000	2.3224
2163	1.0000	0.8464	0.0000	2.3235
2164	1.0000	0.8560	0.0000	2.3246
2165	1.0000	0.8665	0.0000	2.3256
2166	1.0000	0.8759	0.0000	2.3265
2167	1.0000	0.8738	0.0000	2.3275
2168	1.0000	0.8683	0.0000	2.3284
2169	1.0000	0.8970	0.0000	2.3293
2170	1.0000	0.8601	0.0000	2.3303
2171	1.0000	0.8308	0.0000	2.3313
2172	1.0000	0.8379	0.0000	2.3324
2173	1.0000	0.8681	0.0000	2.3334
2174	1.0000	0.8134	0.0000	2.3342
2175	1.0000	0.8423	0.0000	2.3351
2176	1.0000	0.8358	0.0000	2.3361
2177	1.0000	0.8264	0.0000	2.3370
2178	1.0000	0.8595	0.0000	2.3377
2179	1.0000	0.8540	0.0000	2.3386
2180	1.0000	0.8767	0.0000	2.3396
2181	1.0000	0.8643	0.0000	2.3407
2182	1.0000	0.8212	0.0000	2.3418
2183	1.0000	0.8341	0.0000	2.3429
2184	1.0000	0.8809	0.0000	2.3439
2185	1.0000	0.8734	0.0000	2.3448
2186	1.0000	0.8677	0.0000	2.3458
2187	1.0000	0.8369	0.0000	2.3467
2188	1.0000	0.8397	0.0000	2.3478
2189	1.0000	0.8522	0.0000	2.3488
2190	1.0000	0.8043	0.0000	2.3497
2191	1.0000	0.8129	0.0000	2.3506
2192	1.0000	0.8336	0.0000	2.3515
2193	1.0000	0.8700	0.0000	2.3525
2194	1.0000	0.8528	0.0000	2.3538
2195	1.0000	0.8583	0.0000	2.3551
2196	1.0000	0.9055	0.0000	2.3563
2197	1.0000	0.8246	0.0000	2.3572
2198	1.0000	0.8279	0.0000	2.3579
2199	1.0000	0.8339	0.0000	2.3585
2200	1.0000	0.8749	0.0000	2.3591
2201	1.0000	0.8876	0.0000	2.3598
2202	1.0000	0.8883	0.0000	2.3604
2203	1.0000	0.8812	0.0000	2.3610
2204	1.0000	0.9064	0.0000	2.3619
2205	1.0000	0.9327	0.0000	2.3627
2206	1.0000	0.9257	0.0000	2.3635
2207	1.0000	0.8954	0.0000	2.3642
2208	1.0000	0.9272	0.0000	2.3650
2209	1.0000	0.9206	0.0000	2.3657
2210	1.0000	0.9085	0.0000	2.3664
2211	1.0000	0.8933	0.0000	2.3672
2212	1.0000	0.9119	0.0000	2.3682
2213	1.0000	0.8969	0.0000	2.3691
2214	1.0000	0.8962	0.0000	2.3698
2215	1.0000	0.8718	0.0000	2.3707
2216	1.0000	0.8886	0.0000	2.3716
2217	1.0000	0.8358	0.0000	2.3724
2218	1.0000	0.8552	0.0000	2.3733
2219	1.0000	0.8508	0.0000	2.3742
2220	1.0000	0.8792	0.0000	2.3749
2221	1.0000	0.8629	0.0000	2.3757
2222	1.0000	0.9051	0.0000	2.3765
2223	1.0000	0.8792	0.0000	2.3775
2224	1.0000	0.8846	0.0000	2.3785
2225	1.0000	0.8849	0.0000	2.3794
2226	1.0000	0.8852	0.0000	2.3803
2227	1.0000	0.8656	0.0000	2.3811
2228	1.0000	0.8606	0.0000	2.3818
2229	1.0000	0.9080	0.0000	2.3827
2230	1.0000	0.9084	0.0000	2.3836
2231	1.0000	0.8783	0.0000	2.3844
2232	1.0000	0.8414	0.0000	2.3854
2233	1.0000	0.8692	0.0000	2.3864
2234	1.0000	0.8718	0.0000	2.3875
2235	1.0000	0.8579	0.0000	2.3887
2236	1.0000	0.8821	0.0000	2.3898
2237	1.0000	0.9008	0.0000	2.3909
2238	1.0000	0.8837	0.0000	2.3921
2239	1.0000	0.8743	0.0000	2.3934
2240	1.0000	0.8672	0.0000	2.3946
2241	1.0000	0.8308	0.0000	2.3957
2242	1.0000	0.8566	0.0000	2.3968
2243	1.0000	0.8615	0.0000	2.3980
2244	1.0000	0.8844	0.0000	2.3990
2245	1.0000	0.8779	0.0000	2.4002
2246	1.0000	0.8181	0.0000	2.4013
2247	1.0000	0.8986	0.0000	2.4025
2248	1.0000	0.8884	0.0000	2.4034
2249	1.0000	0.8800	0.0000	2.4045
2250	1.0000	0.9120	0.0000	2.4055
2251	1.0000	0.9251	0.0000	2.4066
2252	1.0000	0.8803	0.0000	2.4078
2253	1.0000	0.9305	0.0000	2.4089
2254	1.0000	0.9066	0.0000	2.4101
2255	1.0000	0.8629	0.0000	2.4111
2256	1.0000	0.8628	0.0000	2.4120
2257	1.0000	0.8768	0.0000	2.4132
2258	1.0000	0.9211	0.0000	2.4141
2259	1.0000	0.9326	0.0000	2.4152
2260	1.0000	0.9283	0.0000	2.4161
2261	1.0000	0.9451	0.0000	2.4171
2262	1.0000	0.9377	0.0000	2.4180
2263	1.0000	0.9283	0.0000	2.4189
2264	1.0000	0.9247	0.0000	2.4197
2265	1.0000	0.8924	0.0000	2.4205
2266	1.0000	0.9041	0.0000	2.4213
2267	1.0000	0.9044	0.0000	2.4222
2268	1.0000	0.9049	0.0000	2.4232
2269	1.0000	0.9106	0.0000	2.4240
2270	1.0000	0.8967	0.0000	2.4247
2271	1.0000	0.8754	0.0000	2.4254
2272	1.0000	0.8662	0.0000	2.4261
2273	1.0000	0.8869	0.0000	2.4271
2274	1.0000	0.9116	0.0000	2.4280
2275	1.0000	0.9040	0.0000	2.4291
2276	1.0000	0.8628	0.0000	2.4303
2277	1.0000	0.8471	0.0000	2.4313
2278	1.0000	0.8478	0.0000	2.4324
2279	1.0000	0.8788	0.0000	2.4335
2280	1.0000	0.8538	0.0000	2.4346
2281	1.0000	0.8541	0.0000	2.4354
2282	1.0000	0.8491	0.0000	2.4362
2283	1.0000	0.8491	0.0000	2.4372
2284	1.0000	0.8349	0.0000	2.4383
2285	1.0000	0.8435	0.0000	2.4394
2286	1.0000	0.8414	0.0000	2.4403
2287	1.0000	0.8673	0.0000	2.4412
2288	1.0000	0.8798	0.0000	2.4421
2289	1.0000	0.8329	0.0000	2.4430
2290	1.0000	0.8548	0.0000	2.4440
2291	1.0000	0.8352	0.0000	2.4450
2292	1.0000	0.8905	0.0000	2.4462
2293	1.0000	0.8841	0.0000	2.4473
2294	1.0000	0.8557	0.0000	2.4485
2295	1.0000	0.8680	0.0000	2.4498
2296	1.0000	0.8657	0.0000	2.4512
2297	1.0000	0.8608	0.0000	2.4524
2298	1.0000	0.8660	0.0000	2.4536
2299	1.0000	0.8877	0.0000	2.4547
2300	1.0000	0.9229	0.0000	2.4558
2301	1.0000	0.8610	0.0000	2.4569
2302	1.0000	0.8871	0.0000	2.4581
2303	1.0000	0.8721	0.0000	2.4593
2304	1.0000	0.8620	0.0000	2.4605
2305	1.0000	0.8590	0.0000	2.4616
2306	1.0000	0.8956	0.0000	2.4630
2307	1.0000	0.8706	0.0000	2.4641
2308	1.0000	0.8731	0.0000	2.4653
2309	1.0000	0.9049	0.0000	2.4666
2310	1.0000	0.8691	0.0000	2.4678
2311	1.0000	0.8704	0.0000	2.4690
2312	1.0000	0.8643	0.0000	2.4702
2313	1.0000	0.8624	0.0000	2.4716
2314	1.0000	0.8767	0.0000	2.4728
2315	1.0000	0.8927	0.0000	2.4739
2316	1.0000	0.8364	0.0000	2.4750
2317	1.0000	0.8257	0.0000	2.4760
2318	1.0000	0.8790	0.0000	2.4769
2319	1.0000	0.8515	0.0000	2.4780
2320	1.0000	0.8500	0.0000	2.4791
2321	1.0000	0.8395	0.0000	2.4801
2322	1.0000	0.8456	0.0000	2.4812
2323	1.0000	0.8339	0.0000	2.4822
2324	1.0000	0.8401	0.0000	2.4833
2325	1.0000	0.8617	0.0000	2.4848
2326	1.0000	0.7893	0.0000	2.4862
2327	1.0000	0.8235	0.0000	2.4877
2328	1.0000	0.8071	0.0000	2.4889
2329	1.0000	0.8354	0.0000	2.4901
2330	1.0000	0.8486	0.0000	2.4912
2331	1.0000	0.8558	0.0000	2.4922
2332	1.0000	0.8587	0.0000	2.4932
2333	1.0000	0.8604	0.0000	2.4944
2334	1.0000	0.8121	0.0000	2.4955
2335	1.0000	0.8102	0.0000	2.4967
2336	1.0000	0.8732	0.0000	2.4982
2337	1.0000	0.8551	0.0000	2.4994
2338	1.0000	0.8397	0.0000	2.5004
2339	1.0000	0.8508	0.0000	2.5016
2340	1.0000	0.8425	0.0000	2.5028
2341	1.0000	0.8647	0.0000	2.5042
2342	1.0000	0.8943	0.0000	2.5054
2343	1.0000	0.8578	0.0000	2.5070
2344	1.0000	0.8567	0.0000	2.5083
2345	1.0000	0.8851	0.0000	2.5096
2346	1.0000	0.8689	0.0000	2.5108
2347	1.0000	0.8576	0.0000	2.5121
2348	1.0000	0.8872	0.0000	2.5130
2349	1.0000	0.8756	0.0000	2.5140
2350	1.0000	0.9047	0.0000	2.5151
2351	1.0000	0.8725	0.0000	2.5162
2352	1.0000	0.8852	0.0000	2.5172
2353	1.0000	0.9130	0.0000	2.5185
2354	1.0000	0.8731	0.0000	2.5196
2355	1.0000	0.8867	0.0000	2.5206
2356	1.0000	0.8442	0.0000	2.5219
2357	1.0000	0.8894	0.0000	2.5231
2358	1.0000	0.8938	0.0000	2.5245
2359	1.0000	0.8745	0.0000	2.5261
2360	1.0000	0.9072	0.0000	2.5277
2361	1.0000	0.8589	0.0000	2.5294
2362	1.0000	0.8592	0.0000	2.5310
2363	1.0000	0.9117	0.0000	2.5325
2364	1.0000	0.8982	0.0000	2.5343
2365	1.0000	0.9042	0.0000	2.5360
2366	1.0000	0.8622	0.0000	2.5381
2367	1.0000	0.8851	0.0000	2.5401
2368	1.0000	0.8769	0.0000	2.5416
2369	1.0000	0.8888	0.0000	2.5431
2370	1.0000	0.9276	0.0000	2.5447
2371	1.0000	0.8895	0.0000	2.5459
2372	1.0000	0.9488	0.0000	2.5473
2373	1.0000	0.9009	0.0000	2.5487
2374	1.0000	0.9351	0.0000	2.5501
2375	1.0000	0.9224	0.0000	2.5514
2376	1.0000	0.9231	0.0000	2.5528
2377	1.0000	0.9240	0.0000	2.5541
2378	1.0000	0.9379	0.0000	2.5553
2379	1.0000	0.9412	0.0000	2.5564
2380	1.0000	0.9077	0.0000	2.5572
2381	1.0000	0.9228	0.0000	2.5580
2382	1.0000	0.9212	0.0000	2.5588
2383	1.0000	0.9477	0.0000	2.5597
2384	1.0000	0.9328	0.0000	2.5606
2385	1.0000	0.9412	0.0000	2.5618
2386	1.0000	0.9138	0.0000	2.5626
2387	1.0000	0.8853	0.0000	2.5635
2388	1.0000	0.8848	0.0000	2.5643
2389	1.0000	0.9001	0.0000	2.5651
2390	1.0000	0.8700	0.0000	2.5662
2391	1.0000	0.9041	0.0000	2.5673
2392	1.0000	0.8942	0.0000	2.5683
2393	1.0000	0.8986	0.0000	2.5694
2394	1.0000	0.8763	0.0000	2.5703
2395	1.0000	0.9007	0.0000	2.5713
2396	1.0000	0.8694	0.0000	2.5723
2397	1.0000	0.8327	0.0000	2.5732
2398	1.0000	0.8765	0.0000	2.5741
2399	1.0000	0.8587	0.0000	2.5750
2400	1.0000	0.8927	0.0000	2.5760
2401	1.0000	0.8765	0.0000	2.5769
2402	1.0000	0.8640	0.0000	2.5778
2403	1.0000	0.8861	0.0000	2.5788
2404	1.0000	0.8972	0.0000	2.5797
2405	1.0000	0.8865	0.0000	2.5804
2406	1.0000	0.9008	0.0000	2.5813
2407	1.0000	0.9029	0.0000	2.5827
2408	1.0000	0.8262	0.0000	2.5837
2409	1.0000	0.8232	0.0000	2.5854
2410	1.0000	0.8060	0.0000	2.5866
2411	1.0000	0.8418	0.0000	2.5878
2412	1.0000	0.7859	0.0000	2.5887
2413	1.0000	0.8188	0.0000	2.5896
2414	1.0000	0.8163	0.0000	2.5905
2415	1.0000	0.8370	0.0000	2.5915
2416	1.0000	0.8392	0.0000	2.5925
2417	1.0000	0.8523	0.0000	2.5936
2418	1.0000	0.8692	0.0000	2.5949
2419	1.0000	0.8916	0.0000	2.5963
2420	1.0000	0.8835	0.0000	2.5976
2421	1.0000	0.8846	0.0000	2.5989
2422	1.0000	0.9143	0.0000	2.6003
2423	1.0000	0.9119	0.0000	2.6016
2424	1.0000	0.8600	0.0000	2.6026
2425	1.0000	0.8994	0.0000	2.6039
2426	1.0000	0.8712	0.0000	2.6050
2427	1.0000	0.9106	0.0000	2.6061
2428	1.0000	0.9036	0.0000	2.6070
2429	1.0000	0.8801	0.0000	2.6080
2430	1.0000	0.8694	0.0000	2.6091
2431	1.0000	0.8679	0.0000	2.6102
2432	1.0000	0.8666	0.0000	2.6114
2433	1.0000	0.8831	0.0000	2.6124
2434	1.0000	0.9220	0.0000	2.6134
2435	1.0000	0.8917	0.0000	2.6143
2436	1.0000	0.9191	0.0000	2.6155
2437	1.0000	0.8758	0.0000	2.6163
2438	1.0000	0.8651	0.0000	2.6169
2439	1.0000	0.8769	0.0000	2.6176
2440	1.0000	0.8899	0.0000	2.6182
2441	1.0000	0.9028	0.0000	2.6189
2442	1.0000	0.8649	0.0000	2.6196
2443	1.0000	0.8660	0.0000	2.6202
2444	1.0000	0.8760	0.0000	2.6210
2445	1.0000	0.8860	0.0000	2.6218
2446	1.0000	0.9215	0.0000	2.6229
2447	1.0000	0.8776	0.0000	2.6240
2448	1.0000	0.8955	0.0000	2.6251
2449	1.0000	0.9097	0.0000	2.6265
2450	1.0000	0.9309	0.0000	2.6280
2451	1.0000	0.9202	0.0000	2.6293
2452	1.0000	0.8719	0.0000	2.6305
2453	1.0000	0.8328	0.0000	2.6317
2454	1.0000	0.8768	0.0000	2.6328
2455	1.0000	0.9263	0.0000	2.6339
2456	1.0000	0.9268	0.0000	2.6351
2457	1.0000	0.9103	0.0000	2.6364
2458	1.0000	0.8982	0.0000	2.6376
2459	1.0000	0.8808	0.0000	2.6387
2460	1.0000	0.9204	0.0000	2.6397
2461	1.0000	0.8663	0.0000	2.6407
2462	1.0000	0.8883	0.0000	2.6416
2463	1.0000	0.8683	0.0000	2.6425
2464	1.0000	0.8931	0.0000	2.6434
2465	1.0000	0.8785	0.0000	2.6444
2466	1.0000	0.9089	0.0000	2.6455
2467	1.0000	0.9349	0.0000	2.6468
2468	1.0000	0.8967	0.0000	2.6480
2469	1.0000	0.8432	0.0000	2.6489
2470	1.0000	0.8273	0.0000	2.6499
2471	1.0000	0.8045	0.0000	2.6511
2472	1.0000	0.8731	0.0000	2.6522
2473	1.0000	0.8724	0.0000	2.6533
2474	1.0000	0.9002	0.0000	2.6544
2475	1.0000	0.8561	0.0000	2.6560
2476	1.0000	0.8416	0.0000	2.6572
2477	1.0000	0.8043	0.0000	2.6586
2478	1.0000	0.7885	0.0000	2.6598
2479	1.0000	0.8405	0.0000	2.6611
2480	1.0000	0.8168	0.0000	2.6624
2481	1.0000	0.7791	0.0000	2.6636
2482	1.0000	0.7881	0.0000	2.6646
2483	1.0000	0.7906	0.0000	2.6657
2484	1.0000	0.8096	0.0000	2.6667
2485	1.0000	0.8482	0.0000	2.6677
2486	1.0000	0.8106	0.0000	2.6686
2487	1.0000	0.8126	0.0000	2.6693
2488	1.0000	0.8104	0.0000	2.6702
2489	1.0000	0.8819	0.0000	2.6714
2490	1.0000	0.8320	0.0000	2.6726
2491	1.0000	0.8322	0.0000	2.6738
2492	1.0000	0.8570	0.0000	2.6749
2493	1.0000	0.8696	0.0000	2.6760
2494	1.0000	0.8504	0.0000	2.6770
2495	1.0000	0.8354	0.0000	2.6781
2496	1.0000	0.8470	0.0000	2.6791
2497	1.0000	0.8536	0.0000	2.6802
2498	1.0000	0.8795	0.0000	2.6814
2499	1.0000	0.8875	0.0000	2.6826
2500	1.0000	0.8951	0.0000	2.6840
2501	1.0000	0.8561	0.0000	2.6853
2502	1.0000	0.8647	0.0000	2.6867
2503	1.0000	0.8743	0.0000	2.6880
2504	1.0000	0.8770	0.0000	2.6891
2505	1.0000	0.8946	0.0000	2.6901
2506	1.0000	0.8833	0.0000	2.6915
2507	1.0000	0.8966	0.0000	2.6927
2508	1.0000	0.8641	0.0000	2.6938
2509	1.0000	0.9110	0.0000	2.6951
2510	1.0000	0.8536	0.0000	2.6961
2511	1.0000	0.8615	0.0000	2.6972
2512	1.0000	0.8858	0.0000	2.6984
2513	1.0000	0.8829	0.0000	2.6995
2514	1.0000	0.8602	0.0000	2.7009
2515	1.0000	0.8685	0.0000	2.7022
2516	1.0000	0.8585	0.0000	2.7037
2517	1.0000	0.8371	0.0000	2.7051
2518	1.0000	0.8678	0.0000	2.7068
2519	1.0000	0.8170	0.0000	2.7082
2520	1.0000	0.8684	0.0000	2.7099
2521	1.0000	0.8649	0.0000	2.7113
2522	1.0000	0.8404	0.0000	2.7127
2523	1.0000	0.8805	0.0000	2.7143
2524	1.0000	0.8940	0.0000	2.7158
2525	1.0000	0.8728	0.0000	2.7179
2526	1.0000	0.8851	0.0000	2.7198
2527	1.0000	0.8399	0.0000	2.7214
2528	1.0000	0.8507	0.0000	2.7231
2529	1.0000	0.8289	0.0000	2.7247
2530	1.0000	0.8752	0.0000	2.7262
2531	1.0000	0.8364	0.0000	2.7279
2532	1.0000	0.8825	0.0000	2.7294
2533	1.0000	0.8883	0.0000	2.7309
2534	1.0000	0.8299	0.0000	2.7324
2535	1.0000	0.8600	0.0000	2.7337
2536	1.0000	0.8403	0.0000	2.7349
2537	1.0000	0.8748	0.0000	2.7360
2538	1.0000	0.8420	0.0000	2.7374
2539	1.0000	0.8944	0.0000	2.7387
2540	1.0000	0.8905	0.0000	2.7399
2541	1.0000	0.8986	0.0000	2.7411
2542	1.0000	0.8798	0.0000	2.7426
2543	1.0000	0.8518	0.0000	2.7439
2544	1.0000	0.8448	0.0000	2.7453
2545	1.0000	0.7896	0.0000	2.7464
2546	1.0000	0.8598	0.0000	2.7476
2547	1.0000	0.8292	0.0000	2.7490
2548	1.0000	0.8586	0.0000	2.7503
2549	1.0000	0.8477	0.0000	2.7512
2550	1.0000	0.8523	0.0000	2.7522
2551	1.0000	0.8502	0.0000	2.7531
2552	1.0000	0.8734	0.0000	2.7542
2553	1.0000	0.8719	0.0000	2.7556
2554	1.0000	0.9106	0.0000	2.7572
2555	1.0000	0.8858	0.0000	2.7585
2556	1.0000	0.8752	0.0000	2.7597
2557	1.0000	0.9019	0.0000	2.7610
2558	1.0000	0.8436	0.0000	2.7624
2559	1.0000	0.9000	0.0000	2.7638
2560	1.0000	0.9172	0.0000	2.7655
2561	1.0000	0.9047	0.0000	2.7670
2562	1.0000	0.8783	0.0000	2.7683
2563	1.0000	0.8695	0.0000	2.7693
2564	1.0000	0.8773	0.0000	2.7705
2565	1.0000	0.8878	0.0000	2.7717
2566	1.0000	0.8890	0.0000	2.7729
2567	1.0000	0.8681	0.0000	2.7739
2568	1.0000	0.8607	0.0000	2.7750
2569	1.0000	0.8510	0.0000	2.7762
2570	1.0000	0.8078	0.0000	2.7771
2571	1.0000	0.8838	0.0000	2.7781
2572	1.0000	0.8307	0.0000	2.7792
2573	1.0000	0.8890	0.0000	2.7804
2574	1.0000	0.8851	0.0000	2.7815
2575	1.0000	0.8980	0.0000	2.7824
2576	1.0000	0.8743	0.0000	2.7835
2577	1.0000	0.9142	0.0000	2.7846
2578	1.0000	0.8967	0.0000	2.7859
2579	1.0000	0.8885	0.0000	2.7868
2580	1.0000	0.9032	0.0000	2.7879
2581	1.0000	0.8655	0.0000	2.7889
2582	1.0000	0.8624	0.0000	2.7899
2583	1.0000	0.8881	0.0000	2.7912
2584	1.0000	0.9173	0.0000	2.7925
2585	1.0000	0.8733	0.0000	2.7938
2586	1.0000	0.8719	0.0000	2.7950
2587	1.0000	0.8222	0.0000	2.7964
2588	1.0000	0.8274	0.0000	2.7975
2589	1.0000	0.8529	0.0000	2.7982
2590	1.0000	0.8379	0.0000	2.7991
2591	1.0000	0.8767	0.0000	2.8001
2592	1.0000	0.7990	0.0000	2.8009
2593	1.0000	0.8081	0.0000	2.8018
2594	1.0000	0.8991	0.0000	2.8029
2595	1.0000	0.7907	0.0000	2.8040
2596	1.0000	0.8501	0.0000	2.8050
2597	1.0000	0.8429	0.0000	2.8059
2598	1.0000	0.8418	0.0000	2.8069
2599	1.0000	0.8242	0.0000	2.8078
2600	1.0000	0.7980	0.0000	2.8088
2601	1.0000	0.8490	0.0000	2.8104
2602	1.0000	0.8216	0.0000	2.8122
2603	1.0000	0.8120	0.0000	2.8135
2604	1.0000	0.8282	0.0000	2.8152
2605	1.0000	0.8476	0.0000	2.8168
2606	1.0000	0.8114	0.0000	2.8184
2607	1.0000	0.8290	0.0000	2.8198
2608	1.0000	0.8815	0.0000	2.8216
2609	1.0000	0.8500	0.0000	2.8233
2610	1.0000	0.8152	0.0000	2.8249
2611	1.0000	0.7995	0.0000	2.8264
2612	1.0000	0.8139	0.0000	2.8278
2613	1.0000	0.8370	0.0000	2.8292
2614	1.0000	0.8497	0.0000	2.8303
2615	1.0000	0.8560	0.0000	2.8315
2616	1.0000	0.8789	0.0000	2.8326
2617	1.0000	0.8577	0.0000	2.8336
2618	1.0000	0.8516	0.0000	2.8348
2619	1.0000	0.8948	0.0000	2.8364
2620	1.0000	0.8958	0.0000	2.8378
2621	1.0000	0.8941	0.0000	2.8390
2622	1.0000	0.8561	0.0000	2.8401
2623	1.0000	0.9140	0.0000	2.8413
2624	1.0000	0.9019	0.0000	2.8427
2625	1.0000	0.8445	0.0000	2.8441
2626	1.0000	0.8586	0.0000	2.8455
2627	1.0000	0.8317	0.0000	2.8469
2628	1.0000	0.8439	0.0000	2.8482
2629	1.0000	0.8441	0.0000	2.8492
2630	1.0000	0.8536	0.0000	2.8505
2631	1.0000	0.8647	0.0000	2.8512
2632	1.0000	0.8610	0.0000	2.8519
2633	1.0000	0.8550	0.0000	2.8527
2634	1.0000	0.8678	0.0000	2.8538
2635	1.0000	0.8923	0.0000	2.8547
2636	1.0000	0.8824	0.0000	2.8557
2637	1.0000	0.8968	0.0000	2.8565
2638	1.0000	0.8808	0.0000	2.8574
2639	1.0000	0.8855	0.0000	2.8584
2640	1.0000	0.9044	0.0000	2.8592
2641	1.0000	0.8867	0.0000	2.8602
2642	1.0000	0.8706	0.0000	2.8610
2643	1.0000	0.8914	0.0000	2.8620
2644	1.0000	0.9279	0.0000	2.8629
2645	1.0000	0.8660	0.0000	2.8637
2646	1.0000	0.8836	0.0000	2.8646
2647	1.0000	0.8592	0.0000	2.8653
2648	1.0000	0.8805	0.0000	2.8661
2649	1.0000	0.8857	0.0000	2.8671
2650	1.0000	0.8819	0.0000	2.8680
2651	1.0000	0.8612	0.0000	2.8687
2652	1.0000	0.8882	0.0000	2.8696
2653	1.0000	0.9059	0.0000	2.8704
2654	1.0000	0.9122	0.0000	2.8712
2655	1.0000	0.8891	0.0000	2.8720
2656	1.0000	0.9399	0.0000	2.8730
2657	1.0000	0.9042	0.0000	2.8739
2658	1.0000	0.9139	0.0000	2.8748
2659	1.0000	0.9073	0.0000	2.8759
2660	1.0000	0.9302	0.0000	2.8770
2661	1.0000	0.8532	0.0000	2.8780
2662	1.0000	0.8676	0.0000	2.8790
2663	1.0000	0.9019	0.0000	2.8800
2664	1.0000	0.8896	0.0000	2.8813
2665	1.0000	0.8914	0.0000	2.8826
2666	1.0000	0.8791	0.0000	2.8840
2667	1.0000	0.8891	0.0000	2.8857
2668	1.0000	0.8947	0.0000	2.8869
2669	1.0000	0.8786	0.0000	2.8882
2670	1.0000	0.8493	0.0000	2.8895
2671	1.0000	0.8718	0.0000	2.8910
2672	1.0000	0.8653	0.0000	2.8924
2673	1.0000	0.8706	0.0000	2.8937
2674	1.0000	0.8274	0.0000	2.8949
2675	1.0000	0.8738	0.0000	2.8965
2676	1.0000	0.8391	0.0000	2.8981
2677	1.0000	0.8608	0.0000	2.8994
2678	1.0000	0.8436	0.0000	2.9010
2679	1.0000	0.8485	0.0000	2.9026
2680	1.0000	0.8663	0.0000	2.9042
2681	1.0000	0.8784	0.0000	2.9059
2682	1.0000	0.8858	0.0000	2.9075
2683	1.0000	0.8361	0.0000	2.9093
2684	1.0000	0.8618	0.0000	2.9112
2685	1.0000	0.8796	0.0000	2.9130
2686	1.0000	0.8911	0.0000	2.9147
2687	1.0000	0.8823	0.0000	2.9162
2688	1.0000	0.8857	0.0000	2.9182
2689	1.0000	0.9129	0.0000	2.9202
2690	1.0000	0.8677	0.0000	2.9218
2691	1.0000	0.8858	0.0000	2.9232
2692	1.0000	0.8975	0.0000	2.9247
2693	1.0000	0.8978	0.0000	2.9266
2694	1.0000	0.8878	0.0000	2.9280
2695	1.0000	0.8565	0.0000	2.9292
2696	1.0000	0.8725	0.0000	2.9303
2697	1.0000	0.8948	0.0000	2.9315
2698	1.0000	0.9042	0.0000	2.9326
2699	1.0000	0.8815	0.0000	2.9339
2700	1.0000	0.8639	0.0000	2.9352
2701	1.0000	0.8734	0.0000	2.9366
2702	1.0000	0.8776	0.0000	2.9381
2703	1.0000	0.8417	0.0000	2.9396
2704	1.0000	0.8694	0.0000	2.9410
2705	1.0000	0.8233	0.0000	2.9425
2706	1.0000	0.8295	0.0000	2.9440
2707	1.0000	0.8398	0.0000	2.9455
2708	1.0000	0.8509	0.0000	2.9468
2709	1.0000	0.8281	0.0000	2.9480
2710	1.0000	0.8656	0.0000	2.9491
2711	1.0000	0.8637	0.0000	2.9501
2712	1.0000	0.8059	0.0000	2.9509
2713	1.0000	0.8545	0.0000	2.9519
2714	1.0000	0.8272	0.0000	2.9529
2715	1.0000	0.8825	0.0000	2.9538
2716	1.0000	0.8258	0.0000	2.9548
2717	1.0000	0.8797	0.0000	2.9557
2718	1.0000	0.9041	0.0000	2.9567
2719	1.0000	0.8823	0.0000	2.9577
2720	1.0000	0.8712	0.0000	2.9585
2721	1.0000	0.9083	0.0000	2.9594
2722	1.0000	0.9081	0.0000	2.9601
2723	1.0000	0.9096	0.0000	2.9612
2724	1.0000	0.9154	0.0000	2.9623
2725	1.0000	0.9029	0.0000	2.9633
2726	1.0000	0.8479	0.0000	2.9644
2727	1.0000	0.8629	0.0000	2.9653
2728	1.0000	0.9063	0.0000	2.9666
2729	1.0000	0.9056	0.0000	2.9677
2730	1.0000	0.8859	0.0000	2.9688
2731	1.0000	0.8885	0.0000	2.9699
2732	1.0000	0.9201	0.0000	2.9709
2733	1.0000	0.9038	0.0000	2.9718
2734	1.0000	0.9233	0.0000	2.9727
2735	1.0000	0.8800	0.0000	2.9736
2736	1.0000	0.8726	0.0000	2.9745
2737	1.0000	0.8844	0.0000	2.9753
2738	1.0000	0.8799	0.0000	2.9763
2739	1.0000	0.8581	0.0000	2.9774
2740	1.0000	0.8292	0.0000	2.9784
2741	1.0000	0.8685	0.0000	2.9791
2742	1.0000	0.8844	0.0000	2.9800
2743	1.0000	0.8826	0.0000	2.9809
2744	1.0000	0.8689	0.0000	2.9820
2745	1.0000	0.8427	0.0000	2.9831
2746	1.0000	0.8899	0.0000	2.9842
2747	1.0000	0.8705	0.0000	2.9855
2748	1.0000	0.8788	0.0000	2.9867
2749	1.0000	0.8813	0.0000	2.9882
2750	1.0000	0.8503	0.0000	2.9898
2751	1.0000	0.8346	0.0000	2.9912
2752	1.0000	0.8469	0.0000	2.9926
2753	1.0000	0.8338	0.0000	2.9941
2754	1.0000	0.8410	0.0000	2.9956
2755	1.0000	0.8610	0.0000	2.9969
2756	1.0000	0.8913	0.0000	2.9985
2757	1.0000	0.8686	0.0000	3.0000
2758	1.0000	0.9177	0.0000	3.0015
2759	1.0000	0.8712	0.0000	3.0031
2760	1.0000	0.8687	0.0000	3.0046
2761	1.0000	0.8503	0.0000	3.0061
2762	1.0000	0.8848	0.0000	3.0077
2763	1.0000	0.8235	0.0000	3.0093
2764	1.0000	0.8403	0.0000	3.0109
2765	1.0000	0.8390	0.0000	3.0124
2766	1.0000	0.8493	0.0000	3.0137
2767	1.0000	0.8397	0.0000	3.0150
2768	1.0000	0.8459	0.0000	3.0162
2769	1.0000	0.8469	0.0000	3.0174
2770	1.0000	0.8564	0.0000	3.0184
2771	1.0000	0.8960	0.0000	3.0194
2772	1.0000	0.8769	0.0000	3.0212
2773	1.0000	0.8865	0.0000	3.0230
2774	1.0000	0.8939	0.0000	3.0242
2775	1.0000	0.8774	0.0000	3.0257
2776	1.0000	0.8837	0.0000	3.0272
2777	1.0000	0.8741	0.0000	3.0287
2778	1.0000	0.8793	0.0000	3.0302
2779	1.0000	0.9213	0.0000	3.0316
2780	1.0000	0.8971	0.0000	3.0331
2781	1.0000	0.8797	0.0000	3.0346
2782	1.0000	0.8861	0.0000	3.0358
2783	1.0000	0.8853	0.0000	3.0369
2784	1.0000	0.8789	0.0000	3.0381
2785	1.0000	0.8966	0.0000	3.0393
2786	1.0000	0.8832	0.0000	3.0409
2787	1.0000	0.8502	0.0000	3.0426
2788	1.0000	0.8503	0.0000	3.0441
2789	1.0000	0.8523	0.0000	3.0457
2790	1.0000	0.8412	0.0000	3.0470
2791	1.0000	0.8522	0.0000	3.0484
2792	1.0000	0.8302	0.0000	3.0495
2793	1.0000	0.8780	0.0000	3.0506
2794	1.0000	0.8658	0.0000	3.0517
2795	1.0000	0.8615	0.0000	3.0528
2796	1.0000	0.8554	0.0000	3.0538
2797	1.0000	0.8638	0.0000	3.0549
2798	1.0000	0.8682	0.0000	3.0560
2799	1.0000	0.8304	0.0000	3.0572
Pos: [4.111268024341373, 4.111208487769816, 7.7063677677424876]

=================================================================================================================