ID: shubert	Date: 2019-05-03 16:03:53	Runs: 3
=================================================================================================================
Run: 0
Iter	Gbest	AvrFit	Diver	ETime	
0	127.9055	17.5363	0.0000	0.0009
1	127.9055	18.9964	0.0000	0.0016
2	153.8864	21.5042	0.0000	0.0026
3	159.1905	23.2656	0.0000	0.0033
4	159.1905	29.7523	0.0000	0.0040
5	173.8424	30.4210	0.0000	0.0047
6	173.8424	30.9786	0.0000	0.0054
7	186.4403	32.0910	0.0000	0.0060
8	186.4403	41.2288	0.0000	0.0068
9	186.4403	38.9980	0.0000	0.0075
10	186.4403	40.3720	0.0000	0.0082
11	186.4403	41.3730	0.0000	0.0089
12	186.4403	44.9477	0.0000	0.0096
13	186.4403	41.8645	0.0000	0.0104
14	186.4403	38.2532	0.0000	0.0110
15	186.4403	47.6551	0.0000	0.0117
16	186.4403	52.9829	0.0000	0.0124
17	186.4403	42.9587	0.0000	0.0131
18	186.4403	52.6490	0.0000	0.0138
19	186.4403	54.8460	0.0000	0.0145
20	186.4403	50.9512	0.0000	0.0152
21	186.4403	55.7166	0.0000	0.0160
22	186.4403	51.0209	0.0000	0.0168
23	186.4403	57.5670	0.0000	0.0176
24	186.4403	50.0350	0.0000	0.0184
25	186.4403	54.2115	0.0000	0.0191
26	186.4403	53.4852	0.0000	0.0198
27	186.4403	65.1345	0.0000	0.0205
28	186.4403	62.0249	0.0000	0.0212
29	186.4403	58.9839	0.0000	0.0221
30	186.4403	58.1638	0.0000	0.0228
31	186.4403	54.7401	0.0000	0.0235
32	186.4403	62.7811	0.0000	0.0243
33	186.4403	60.0226	0.0000	0.0252
34	186.5740	60.1737	0.0000	0.0260
35	186.5740	57.2995	0.0000	0.0268
36	186.5740	58.5669	0.0000	0.0275
37	186.5740	67.0923	0.0000	0.0282
38	186.5740	65.2512	0.0000	0.0289
39	186.5740	60.2068	0.0000	0.0297
40	186.5740	64.3442	0.0000	0.0305
41	186.5740	71.3013	0.0000	0.0312
42	186.5740	74.0795	0.0000	0.0319
43	186.5740	66.2678	0.0000	0.0326
44	186.5740	62.5820	0.0000	0.0333
45	186.5740	62.8202	0.0000	0.0341
46	186.5740	69.3373	0.0000	0.0348
47	186.5740	73.5352	0.0000	0.0355
48	186.5740	70.6097	0.0000	0.0363
49	186.5740	65.7562	0.0000	0.0370
50	186.5740	75.4831	0.0000	0.0378
51	186.5740	69.3833	0.0000	0.0384
52	186.5740	68.2208	0.0000	0.0392
53	186.5740	74.8923	0.0000	0.0399
54	186.5740	70.5379	0.0000	0.0405
55	186.5740	73.8839	0.0000	0.0413
56	186.5740	71.7782	0.0000	0.0420
57	186.5740	70.0567	0.0000	0.0426
58	186.5740	71.1499	0.0000	0.0434
59	186.5740	70.6337	0.0000	0.0441
60	186.5740	69.1334	0.0000	0.0449
61	186.5740	79.4202	0.0000	0.0456
62	185.0262	71.5953	0.0000	0.0473
63	185.0262	14.9441	0.0000	0.0480
64	185.0262	24.8740	0.0000	0.0487
65	185.0262	27.9485	0.0000	0.0494
66	185.0262	29.7824	0.0000	0.0501
67	185.0262	28.5829	0.0000	0.0508
68	185.0262	31.0991	0.0000	0.0514
69	184.5900	36.7015	0.0000	0.0521
70	184.7893	35.0056	0.0000	0.0528
71	184.7893	40.7420	0.0000	0.0535
72	184.7893	41.4556	0.0000	0.0542
73	184.7893	41.1838	0.0000	0.0551
74	184.7893	44.5536	0.0000	0.0558
75	184.7893	51.3919	0.0000	0.0565
76	184.7893	42.7036	0.0000	0.0572
77	184.7893	45.4609	0.0000	0.0580
78	184.7893	44.0864	0.0000	0.0587
79	184.7893	51.2428	0.0000	0.0595
80	184.7893	47.0979	0.0000	0.0603
81	184.7893	47.7592	0.0000	0.0611
82	184.7893	48.6553	0.0000	0.0618
83	184.7893	54.0870	0.0000	0.0625
84	184.7893	49.0163	0.0000	0.0631
85	184.7893	52.0931	0.0000	0.0638
86	184.7893	49.9347	0.0000	0.0644
87	184.7893	54.2388	0.0000	0.0651
88	184.7893	53.5741	0.0000	0.0658
89	184.7893	52.1957	0.0000	0.0665
90	184.7893	57.7555	0.0000	0.0672
91	184.8236	57.5313	0.0000	0.0679
92	184.8236	57.3266	0.0000	0.0685
93	184.8236	53.1873	0.0000	0.0692
94	184.8236	59.8027	0.0000	0.0699
95	184.8236	53.1917	0.0000	0.0705
96	184.8236	57.1654	0.0000	0.0712
97	184.8236	61.9597	0.0000	0.0719
98	184.8236	57.4273	0.0000	0.0725
99	184.8236	54.9957	0.0000	0.0732
100	184.8236	66.2327	0.0000	0.0740
101	185.8686	62.5241	0.0000	0.0748
102	185.8686	57.9911	0.0000	0.0754
103	185.8686	67.6031	0.0000	0.0761
104	186.2330	58.9036	0.0000	0.0769
105	186.2330	63.0610	0.0000	0.0776
106	186.2330	67.1263	0.0000	0.0783
107	186.2330	62.6470	0.0000	0.0790
108	186.2330	62.4261	0.0000	0.0797
109	186.2330	66.5159	0.0000	0.0804
110	186.2330	69.5372	0.0000	0.0811
111	186.2330	66.2005	0.0000	0.0818
112	186.2330	61.2452	0.0000	0.0825
113	186.2330	67.8468	0.0000	0.0832
114	186.2330	67.9087	0.0000	0.0839
115	186.2330	73.8486	0.0000	0.0846
116	186.2330	70.2081	0.0000	0.0852
117	186.2330	69.0981	0.0000	0.0859
118	186.2330	65.8749	0.0000	0.0865
119	186.2330	62.6740	0.0000	0.0872
120	186.2330	71.5266	0.0000	0.0879
121	186.2330	68.7415	0.0000	0.0885
122	186.2330	65.9018	0.0000	0.0892
123	186.2330	73.1646	0.0000	0.0898
124	186.2330	76.1989	0.0000	0.0906
125	186.2330	71.0526	0.0000	0.0912
126	186.2247	65.5344	0.0000	0.0935
127	186.2247	40.5513	0.0000	0.0942
128	186.2247	39.3734	0.0000	0.0949
129	186.2247	45.2608	0.0000	0.0956
130	186.2247	48.7189	0.0000	0.0964
131	186.2247	44.2466	0.0000	0.0972
132	186.2247	44.0924	0.0000	0.0979
133	186.2247	42.8015	0.0000	0.0987
134	186.2247	49.6004	0.0000	0.0994
135	186.2247	46.4060	0.0000	0.1001
136	186.2247	46.5151	0.0000	0.1009
137	186.2247	50.1875	0.0000	0.1017
138	186.2247	44.1183	0.0000	0.1024
139	186.2247	48.2975	0.0000	0.1031
140	186.2247	57.4138	0.0000	0.1038
141	186.2247	53.6306	0.0000	0.1046
142	186.2247	45.3749	0.0000	0.1053
143	186.2247	54.5247	0.0000	0.1061
144	186.2247	56.7109	0.0000	0.1069
145	186.2247	57.7190	0.0000	0.1077
146	186.2247	55.6424	0.0000	0.1085
147	186.2247	59.6177	0.0000	0.1093
148	186.2247	52.0564	0.0000	0.1100
149	186.2247	48.0115	0.0000	0.1108
150	186.7152	53.5374	0.0000	0.1117
151	186.7152	54.6135	0.0000	0.1124
152	186.7152	51.0664	0.0000	0.1130
153	186.7152	52.5241	0.0000	0.1137
154	186.7152	57.5580	0.0000	0.1145
155	186.7152	52.9750	0.0000	0.1151
156	186.7152	53.6809	0.0000	0.1158
157	186.7152	61.4327	0.0000	0.1165
158	186.7152	54.9048	0.0000	0.1173
159	186.7152	57.5223	0.0000	0.1180
160	186.7152	60.0169	0.0000	0.1189
161	186.7152	61.1294	0.0000	0.1196
162	186.7152	59.1941	0.0000	0.1203
163	186.7152	56.6136	0.0000	0.1211
164	186.7152	55.0389	0.0000	0.1219
165	186.7152	58.4138	0.0000	0.1227
166	186.7152	61.4753	0.0000	0.1235
167	186.7152	66.2202	0.0000	0.1242
168	186.7152	61.2891	0.0000	0.1249
169	186.7152	58.2985	0.0000	0.1256
170	186.7152	63.2423	0.0000	0.1263
171	186.7152	59.4553	0.0000	0.1270
172	186.7152	62.8723	0.0000	0.1277
173	186.7152	65.5197	0.0000	0.1283
174	186.7152	59.8621	0.0000	0.1290
175	186.7152	71.1125	0.0000	0.1298
176	186.7152	61.9488	0.0000	0.1305
177	186.7152	63.8297	0.0000	0.1312
178	186.7152	73.3872	0.0000	0.1319
179	186.7152	62.1125	0.0000	0.1327
180	186.7152	67.0692	0.0000	0.1333
181	186.7152	68.2513	0.0000	0.1341
182	186.7152	61.6138	0.0000	0.1348
183	186.7152	70.6955	0.0000	0.1355
184	186.7152	66.9123	0.0000	0.1363
185	186.7152	77.7097	0.0000	0.1370
186	186.7152	66.0235	0.0000	0.1377
187	186.7152	75.3492	0.0000	0.1385
188	186.7152	70.6605	0.0000	0.1392
189	186.7152	69.4770	0.0000	0.1399
190	186.2247	68.8585	0.0000	0.1428
191	186.2247	39.0996	0.0000	0.1436
192	186.2247	45.7197	0.0000	0.1444
193	186.2247	39.1117	0.0000	0.1451
194	186.2247	42.5056	0.0000	0.1460
195	186.2247	43.3176	0.0000	0.1468
196	186.2247	46.7910	0.0000	0.1475
197	186.1379	40.3191	0.0000	0.1483
198	182.4899	38.3421	0.0000	0.1490
199	182.4899	39.6656	0.0000	0.1497
200	182.4899	42.4692	0.0000	0.1504
201	182.4899	41.7509	0.0000	0.1514
202	185.8581	39.4391	0.0000	0.1524
203	185.8581	38.7424	0.0000	0.1531
204	185.8581	46.1135	0.0000	0.1538
205	185.8581	52.2386	0.0000	0.1547
206	185.8581	50.2864	0.0000	0.1554
207	185.8581	45.8281	0.0000	0.1562
208	185.8581	49.6512	0.0000	0.1570
209	186.6158	52.9711	0.0000	0.1578
210	186.6158	52.9486	0.0000	0.1586
211	186.6158	54.4752	0.0000	0.1595
212	186.6158	49.8323	0.0000	0.1602
213	186.6158	50.8633	0.0000	0.1610
214	186.6298	54.0003	0.0000	0.1617
215	186.6298	55.4026	0.0000	0.1625
216	186.6298	61.1683	0.0000	0.1632
217	186.6298	56.3085	0.0000	0.1639
218	186.6298	57.4489	0.0000	0.1646
219	186.6298	55.0594	0.0000	0.1652
220	186.6298	55.2907	0.0000	0.1659
221	186.6298	64.0602	0.0000	0.1667
222	186.6298	60.5513	0.0000	0.1674
223	186.6298	54.2477	0.0000	0.1681
224	186.6298	62.8139	0.0000	0.1688
225	186.6575	60.6188	0.0000	0.1695
226	186.6575	54.5525	0.0000	0.1702
227	186.6739	63.5561	0.0000	0.1709
228	186.6739	66.8729	0.0000	0.1715
229	186.6739	60.7502	0.0000	0.1723
230	186.6739	66.1116	0.0000	0.1731
231	186.6739	64.0609	0.0000	0.1738
232	186.6739	66.2826	0.0000	0.1746
233	186.6739	63.3603	0.0000	0.1754
234	186.6739	64.0380	0.0000	0.1763
235	186.6739	53.4148	0.0000	0.1769
236	186.6739	62.5176	0.0000	0.1776
237	186.6739	62.8370	0.0000	0.1783
238	186.6739	71.3862	0.0000	0.1790
239	186.6739	66.3545	0.0000	0.1797
240	186.6739	65.1059	0.0000	0.1804
241	186.6739	67.4469	0.0000	0.1811
242	186.6739	70.4184	0.0000	0.1818
243	186.6739	68.3356	0.0000	0.1825
244	186.6739	71.1966	0.0000	0.1833
245	186.6739	67.6846	0.0000	0.1841
246	186.6739	64.9710	0.0000	0.1849
247	186.6739	73.4595	0.0000	0.1857
248	186.6739	65.9399	0.0000	0.1864
249	186.6739	70.9883	0.0000	0.1873
250	186.6739	67.6387	0.0000	0.1882
251	186.6739	68.4398	0.0000	0.1889
252	186.6739	68.5180	0.0000	0.1897
253	186.6739	66.9121	0.0000	0.1905
254	186.6536	69.1872	0.0000	0.1929
255	186.6536	47.7547	0.0000	0.1939
256	186.6536	50.7855	0.0000	0.1950
257	186.6536	53.2207	0.0000	0.1960
258	186.3128	52.4773	0.0000	0.1970
259	186.3128	49.7627	0.0000	0.1980
260	186.3128	59.1596	0.0000	0.1990
261	186.3128	54.7341	0.0000	0.1999
262	186.3128	47.8214	0.0000	0.2007
263	186.3128	51.0593	0.0000	0.2016
264	186.3128	54.6458	0.0000	0.2025
265	186.3128	54.7093	0.0000	0.2034
266	186.3128	44.4403	0.0000	0.2045
267	186.3128	46.3933	0.0000	0.2054
268	186.3128	50.1897	0.0000	0.2063
269	186.3128	52.6691	0.0000	0.2072
270	186.3128	51.1340	0.0000	0.2081
271	186.3128	53.7615	0.0000	0.2090
272	186.3128	56.1797	0.0000	0.2098
273	186.3128	51.0357	0.0000	0.2107
274	186.3128	59.9027	0.0000	0.2115
275	186.3128	56.7670	0.0000	0.2123
276	186.3128	57.1762	0.0000	0.2131
277	186.3128	63.7901	0.0000	0.2140
278	186.3128	56.3767	0.0000	0.2147
279	186.3128	58.2296	0.0000	0.2156
280	186.4310	62.5367	0.0000	0.2163
281	186.4310	59.8864	0.0000	0.2171
282	186.4310	65.2456	0.0000	0.2179
283	186.4310	57.3639	0.0000	0.2187
284	186.4310	59.8508	0.0000	0.2194
285	186.4310	61.4681	0.0000	0.2202
286	186.4310	62.9557	0.0000	0.2210
287	186.4310	63.5427	0.0000	0.2218
288	186.4310	68.9679	0.0000	0.2227
289	186.5389	67.8875	0.0000	0.2235
290	186.5389	60.2170	0.0000	0.2243
291	186.5389	58.7921	0.0000	0.2253
292	186.5389	64.3708	0.0000	0.2262
293	186.5389	63.8125	0.0000	0.2271
294	186.5389	67.1941	0.0000	0.2279
295	186.5389	64.1077	0.0000	0.2287
296	186.5389	60.1543	0.0000	0.2294
297	186.5389	62.6214	0.0000	0.2302
298	186.5389	62.1493	0.0000	0.2310
299	186.5389	69.3612	0.0000	0.2317
300	186.5389	72.3410	0.0000	0.2325
301	186.5389	71.9546	0.0000	0.2333
302	186.5389	63.6911	0.0000	0.2341
303	186.5389	63.3798	0.0000	0.2349
304	186.5389	63.4215	0.0000	0.2357
305	186.5389	64.4101	0.0000	0.2365
306	186.5389	67.4113	0.0000	0.2372
307	186.5389	63.9749	0.0000	0.2380
308	186.5389	67.7210	0.0000	0.2388
309	186.5389	71.5585	0.0000	0.2395
310	186.5389	64.2017	0.0000	0.2404
311	186.5389	62.6541	0.0000	0.2413
312	186.6417	68.3473	0.0000	0.2421
313	186.6417	73.4143	0.0000	0.2428
314	186.6417	64.3491	0.0000	0.2437
315	186.6417	73.2784	0.0000	0.2445
316	186.6417	65.9682	0.0000	0.2453
317	186.6417	68.4115	0.0000	0.2461
318	186.6417	62.5197	0.0000	0.2481
319	186.6417	52.7153	0.0000	0.2492
320	186.6417	55.0784	0.0000	0.2502
321	186.6417	48.2252	0.0000	0.2511
322	186.6417	51.2680	0.0000	0.2521
323	186.6417	50.3251	0.0000	0.2530
324	186.6417	59.6130	0.0000	0.2540
325	186.6417	52.6168	0.0000	0.2549
326	186.6417	47.5918	0.0000	0.2557
327	186.6417	54.7738	0.0000	0.2564
328	186.6417	60.2548	0.0000	0.2575
329	186.6417	52.0365	0.0000	0.2583
330	186.6900	54.6113	0.0000	0.2592
331	186.6900	54.6422	0.0000	0.2601
332	186.6900	52.8162	0.0000	0.2610
333	186.6900	57.3934	0.0000	0.2618
334	186.6900	49.5418	0.0000	0.2626
335	186.6900	62.4055	0.0000	0.2634
336	186.6900	59.3215	0.0000	0.2641
337	186.6900	58.6207	0.0000	0.2649
338	186.6900	49.5864	0.0000	0.2657
339	186.6900	53.4914	0.0000	0.2666
340	186.6900	63.4955	0.0000	0.2674
341	186.6900	58.8988	0.0000	0.2682
342	186.6900	59.0683	0.0000	0.2690
343	186.6900	56.2353	0.0000	0.2697
344	186.6900	62.8923	0.0000	0.2705
345	186.6900	60.3765	0.0000	0.2712
346	186.6900	59.8098	0.0000	0.2719
347	186.6900	59.0802	0.0000	0.2727
348	186.7110	59.5481	0.0000	0.2735
349	186.7110	67.5650	0.0000	0.2742
350	186.7110	67.3203	0.0000	0.2750
351	186.7110	63.5056	0.0000	0.2757
352	186.7110	61.4939	0.0000	0.2765
353	186.7110	61.8965	0.0000	0.2773
354	186.7110	64.0665	0.0000	0.2781
355	186.7110	70.3591	0.0000	0.2789
356	186.7110	62.6323	0.0000	0.2796
357	186.7110	65.4907	0.0000	0.2804
358	186.7110	64.6028	0.0000	0.2812
359	186.7110	65.4936	0.0000	0.2820
360	186.7110	71.2997	0.0000	0.2827
361	186.7110	66.9700	0.0000	0.2834
362	186.7110	66.6160	0.0000	0.2842
363	186.7110	64.2223	0.0000	0.2851
364	186.7110	65.5724	0.0000	0.2860
365	186.7110	67.7144	0.0000	0.2869
366	186.7110	70.1237	0.0000	0.2876
367	186.7110	66.2504	0.0000	0.2884
368	186.7110	75.3772	0.0000	0.2891
369	186.7110	62.3070	0.0000	0.2899
370	186.7110	70.8826	0.0000	0.2906
371	186.7110	69.4953	0.0000	0.2914
372	186.7110	68.3134	0.0000	0.2921
373	186.7110	69.4251	0.0000	0.2929
374	186.7110	70.5550	0.0000	0.2936
375	186.7110	61.7634	0.0000	0.2944
376	186.7110	74.4544	0.0000	0.2951
377	186.7110	75.9739	0.0000	0.2958
378	186.7110	73.8298	0.0000	0.2966
379	186.7110	69.9744	0.0000	0.2974
380	186.7110	71.0767	0.0000	0.2981
381	186.7110	67.2366	0.0000	0.2989
382	186.7110	63.0469	0.0000	0.3004
383	186.7110	64.2447	0.0000	0.3013
384	186.7110	64.7672	0.0000	0.3024
385	186.7110	63.4761	0.0000	0.3036
386	186.7110	51.0190	0.0000	0.3047
387	186.7110	55.9315	0.0000	0.3056
388	186.7110	60.2231	0.0000	0.3066
389	186.7110	53.8525	0.0000	0.3076
390	186.7110	54.7708	0.0000	0.3084
391	186.7110	62.3229	0.0000	0.3092
392	186.7110	56.9710	0.0000	0.3103
393	186.7110	58.7541	0.0000	0.3110
394	186.7110	63.9711	0.0000	0.3118
395	186.7110	57.9232	0.0000	0.3127
396	186.7110	58.4085	0.0000	0.3134
397	186.7110	66.9610	0.0000	0.3142
398	186.7110	71.2569	0.0000	0.3150
399	186.7110	61.1571	0.0000	0.3159
400	186.7110	67.5333	0.0000	0.3167
401	186.7110	62.1836	0.0000	0.3174
402	186.7110	61.6381	0.0000	0.3183
403	186.7110	70.6666	0.0000	0.3192
404	186.7110	61.5075	0.0000	0.3200
405	186.7110	53.5991	0.0000	0.3208
406	186.7110	60.2267	0.0000	0.3216
407	186.7110	54.2458	0.0000	0.3225
408	186.7110	62.0314	0.0000	0.3232
409	186.7110	60.1487	0.0000	0.3239
410	186.7110	57.9575	0.0000	0.3246
411	186.7110	57.4877	0.0000	0.3254
412	186.7110	64.8035	0.0000	0.3261
413	186.7110	63.3619	0.0000	0.3267
414	186.7110	62.8183	0.0000	0.3275
415	186.7110	61.8817	0.0000	0.3282
416	186.7110	64.7778	0.0000	0.3289
417	186.7110	61.1678	0.0000	0.3296
418	186.7110	66.8222	0.0000	0.3303
419	186.7110	72.8293	0.0000	0.3310
420	186.7110	67.6811	0.0000	0.3316
421	186.7110	64.4784	0.0000	0.3324
422	186.7110	67.5775	0.0000	0.3332
423	186.7110	64.9406	0.0000	0.3340
424	186.7110	69.5396	0.0000	0.3349
425	186.7110	59.7072	0.0000	0.3356
426	186.7110	61.6866	0.0000	0.3363
427	186.7110	67.4635	0.0000	0.3371
428	186.7110	65.1607	0.0000	0.3379
429	186.7110	65.1523	0.0000	0.3387
430	186.7110	65.0547	0.0000	0.3394
431	186.7110	54.0925	0.0000	0.3402
432	186.7110	68.5706	0.0000	0.3409
433	186.7110	64.5069	0.0000	0.3417
434	186.7110	72.0014	0.0000	0.3425
435	186.7110	65.9289	0.0000	0.3432
436	186.7110	67.0235	0.0000	0.3440
437	186.7110	76.0027	0.0000	0.3448
438	186.7110	65.0124	0.0000	0.3456
439	186.7110	69.8535	0.0000	0.3463
440	186.7110	68.3273	0.0000	0.3471
441	186.7110	72.1673	0.0000	0.3478
442	186.7110	65.5247	0.0000	0.3485
443	186.7110	66.1759	0.0000	0.3492
444	186.7110	68.2928	0.0000	0.3501
445	186.7110	66.6815	0.0000	0.3509
446	186.7110	64.4158	0.0000	0.3521
447	186.7110	68.1257	0.0000	0.3529
448	186.7110	58.5233	0.0000	0.3536
449	186.7110	57.1470	0.0000	0.3547
450	186.7110	58.9470	0.0000	0.3555
451	186.7110	54.9116	0.0000	0.3562
452	186.7110	56.4086	0.0000	0.3569
453	186.7110	55.7805	0.0000	0.3577
454	186.7297	59.9430	0.0000	0.3588
455	186.7297	58.0391	0.0000	0.3595
456	186.7297	52.8212	0.0000	0.3604
457	186.7297	49.5987	0.0000	0.3612
458	186.7297	53.3027	0.0000	0.3621
459	186.7297	56.4596	0.0000	0.3630
460	186.7297	54.5438	0.0000	0.3638
461	186.7297	56.3024	0.0000	0.3645
462	186.7297	52.6268	0.0000	0.3653
463	186.7297	46.7427	0.0000	0.3660
464	186.7297	52.2256	0.0000	0.3668
465	186.7297	56.6242	0.0000	0.3675
466	186.7297	60.6896	0.0000	0.3682
467	186.7297	61.1584	0.0000	0.3690
468	186.7297	54.5823	0.0000	0.3697
469	186.7297	54.3530	0.0000	0.3704
470	186.7297	59.0623	0.0000	0.3713
471	186.7297	60.5061	0.0000	0.3722
472	186.7297	61.3292	0.0000	0.3728
473	186.7297	61.4974	0.0000	0.3736
474	186.7297	59.0254	0.0000	0.3743
475	186.7297	59.9077	0.0000	0.3750
476	186.7297	61.7632	0.0000	0.3757
477	186.7297	67.3947	0.0000	0.3765
478	186.7297	53.8018	0.0000	0.3772
479	186.7297	59.2166	0.0000	0.3779
480	186.7297	69.2468	0.0000	0.3786
481	186.7297	59.6114	0.0000	0.3794
482	186.7303	64.7068	0.0000	0.3801
483	186.7303	61.7967	0.0000	0.3809
484	186.7303	58.0736	0.0000	0.3816
485	186.7303	65.9415	0.0000	0.3826
486	186.7303	59.7984	0.0000	0.3833
487	186.7303	55.7578	0.0000	0.3840
488	186.7303	69.0482	0.0000	0.3847
489	186.7303	70.7312	0.0000	0.3854
490	186.7303	64.8457	0.0000	0.3862
491	186.7303	67.8694	0.0000	0.3870
492	186.7303	64.6052	0.0000	0.3878
493	186.7303	67.0802	0.0000	0.3885
494	186.7303	69.1165	0.0000	0.3894
495	186.7303	60.6276	0.0000	0.3901
496	186.7303	70.0320	0.0000	0.3908
497	186.7303	65.2228	0.0000	0.3916
498	186.7303	64.3972	0.0000	0.3924
499	186.7303	63.8122	0.0000	0.3931
500	186.7303	63.7925	0.0000	0.3938
501	186.7303	73.6249	0.0000	0.3944
502	186.7303	73.3991	0.0000	0.3951
503	186.7303	63.9331	0.0000	0.3958
504	186.7303	62.8960	0.0000	0.3965
505	186.7303	73.6228	0.0000	0.3972
506	186.7303	71.5981	0.0000	0.3979
507	186.7303	74.3838	0.0000	0.3986
508	186.7303	76.2975	0.0000	0.3993
509	186.7303	73.3326	0.0000	0.4000
510	186.7303	71.6249	0.0000	0.4011
511	186.7303	73.5536	0.0000	0.4024
512	186.7303	72.4456	0.0000	0.4031
513	186.7303	61.2174	0.0000	0.4042
514	186.7303	60.3041	0.0000	0.4050
515	186.7303	68.3032	0.0000	0.4058
516	186.7303	67.1134	0.0000	0.4064
517	186.7303	72.9506	0.0000	0.4072
518	186.7303	65.3396	0.0000	0.4081
519	186.7303	66.4689	0.0000	0.4087
520	186.7303	66.0129	0.0000	0.4098
521	186.7303	64.5650	0.0000	0.4105
522	186.7303	65.6403	0.0000	0.4114
523	186.7303	64.4359	0.0000	0.4123
524	186.7303	63.0864	0.0000	0.4131
525	186.7303	63.5772	0.0000	0.4139
526	186.7303	64.1933	0.0000	0.4148
527	186.7303	67.6087	0.0000	0.4154
528	186.7303	68.8876	0.0000	0.4161
529	186.7303	69.9173	0.0000	0.4169
530	186.7303	69.0812	0.0000	0.4177
531	186.7303	56.0597	0.0000	0.4184
532	186.7303	60.3678	0.0000	0.4191
533	186.7303	67.3046	0.0000	0.4199
534	186.7303	67.3135	0.0000	0.4205
535	186.7303	72.5164	0.0000	0.4212
536	186.7303	73.5665	0.0000	0.4219
537	186.7303	63.5410	0.0000	0.4226
538	186.7303	62.1402	0.0000	0.4233
539	186.7303	63.5289	0.0000	0.4240
540	186.7303	71.0989	0.0000	0.4248
541	186.7303	66.5719	0.0000	0.4256
542	186.7303	65.3351	0.0000	0.4263
543	186.7303	63.3986	0.0000	0.4270
544	186.7303	63.3892	0.0000	0.4278
545	186.7303	66.2987	0.0000	0.4285
546	186.7303	65.8993	0.0000	0.4292
547	186.7303	67.1271	0.0000	0.4301
548	186.7303	64.2144	0.0000	0.4308
549	186.7303	67.7371	0.0000	0.4316
550	186.7303	62.1576	0.0000	0.4325
551	186.7303	61.2563	0.0000	0.4335
552	186.7303	67.3354	0.0000	0.4343
553	186.7303	65.0135	0.0000	0.4352
554	186.7303	61.3858	0.0000	0.4360
555	186.7303	61.5070	0.0000	0.4367
556	186.7303	65.0239	0.0000	0.4376
557	186.7303	62.8470	0.0000	0.4383
558	186.7303	65.9046	0.0000	0.4393
559	186.7303	68.9583	0.0000	0.4400
560	186.7303	63.7683	0.0000	0.4406
561	186.7303	64.7054	0.0000	0.4413
562	186.7303	65.5476	0.0000	0.4420
563	186.7303	70.3633	0.0000	0.4427
564	186.7304	67.3720	0.0000	0.4433
565	186.7304	65.2511	0.0000	0.4440
566	186.7304	66.1190	0.0000	0.4447
567	186.7304	67.6377	0.0000	0.4453
568	186.7304	72.4288	0.0000	0.4460
569	186.7304	68.5686	0.0000	0.4468
570	186.7304	74.1567	0.0000	0.4475
571	186.7304	66.6043	0.0000	0.4482
572	186.7304	75.1194	0.0000	0.4490
573	186.7304	73.3877	0.0000	0.4497
574	186.7304	67.6190	0.0000	0.4506
575	186.7304	66.0164	0.0000	0.4515
576	186.7304	70.3703	0.0000	0.4523
577	186.7304	72.5649	0.0000	0.4531
578	186.7304	66.1733	0.0000	0.4539
579	186.7304	71.1209	0.0000	0.4547
580	186.7304	69.3435	0.0000	0.4555
581	186.7304	67.8301	0.0000	0.4564
582	186.7304	68.1133	0.0000	0.4573
583	186.7304	68.6054	0.0000	0.4580
584	186.7304	74.2609	0.0000	0.4590
585	186.7304	63.8842	0.0000	0.4598
586	186.7304	71.6290	0.0000	0.4606
587	186.7304	64.1464	0.0000	0.4614
588	186.7304	67.6621	0.0000	0.4621
589	186.7304	57.6694	0.0000	0.4629
590	186.7304	64.6381	0.0000	0.4637
591	186.7304	65.4492	0.0000	0.4644
592	186.7304	66.9578	0.0000	0.4652
593	186.7304	67.5920	0.0000	0.4660
594	186.7304	64.9758	0.0000	0.4669
595	186.7304	62.6013	0.0000	0.4677
596	186.7304	66.4071	0.0000	0.4684
597	186.7304	66.3319	0.0000	0.4693
598	186.7304	57.4989	0.0000	0.4700
599	186.7287	64.1489	0.0000	0.4710
600	186.7287	67.6594	0.0000	0.4718
601	186.7287	61.8240	0.0000	0.4726
602	186.7287	57.0028	0.0000	0.4736
603	186.7287	64.2499	0.0000	0.4747
604	186.7287	54.7104	0.0000	0.4761
605	186.7287	53.6849	0.0000	0.4768
606	186.7287	50.6040	0.0000	0.4776
607	186.7287	59.8997	0.0000	0.4783
608	186.7287	58.5467	0.0000	0.4792
609	186.7287	60.5927	0.0000	0.4799
610	186.7287	52.2106	0.0000	0.4807
611	186.7287	56.5387	0.0000	0.4815
612	186.7287	60.5545	0.0000	0.4822
613	186.7287	61.4033	0.0000	0.4830
614	186.7287	61.6189	0.0000	0.4838
615	186.7287	57.3316	0.0000	0.4848
616	186.7287	65.1501	0.0000	0.4857
617	186.7287	63.8109	0.0000	0.4864
618	186.7287	57.0965	0.0000	0.4871
619	186.7287	63.6130	0.0000	0.4879
620	186.7287	57.2013	0.0000	0.4886
621	186.7287	64.7710	0.0000	0.4894
622	186.7287	61.9673	0.0000	0.4904
623	186.7287	53.2552	0.0000	0.4912
624	186.7287	60.3816	0.0000	0.4919
625	186.7287	63.8767	0.0000	0.4927
626	186.7287	58.8425	0.0000	0.4936
627	186.7287	62.7348	0.0000	0.4944
628	186.7287	59.4632	0.0000	0.4951
629	186.7287	61.1401	0.0000	0.4958
630	186.7287	64.0061	0.0000	0.4967
631	186.7287	67.0500	0.0000	0.4975
632	186.7287	62.8135	0.0000	0.4982
633	186.7287	61.1678	0.0000	0.4991
634	186.7287	63.8341	0.0000	0.4999
635	186.7287	69.1535	0.0000	0.5006
636	186.7287	67.4446	0.0000	0.5014
637	186.7287	65.8896	0.0000	0.5023
638	186.7287	70.5461	0.0000	0.5032
639	186.7287	64.5903	0.0000	0.5042
640	186.7287	53.0003	0.0000	0.5052
641	186.7287	65.5099	0.0000	0.5060
642	186.7287	65.5460	0.0000	0.5068
643	186.7287	69.2179	0.0000	0.5077
644	186.7287	63.1875	0.0000	0.5085
645	186.7287	66.1125	0.0000	0.5095
646	186.7287	67.0600	0.0000	0.5105
647	186.7287	55.9978	0.0000	0.5113
648	186.7287	63.6182	0.0000	0.5123
649	186.7287	66.3585	0.0000	0.5132
650	186.7287	66.9620	0.0000	0.5141
651	186.7287	63.9784	0.0000	0.5149
652	186.7287	61.8954	0.0000	0.5158
653	186.7287	57.1966	0.0000	0.5167
654	186.7287	64.5054	0.0000	0.5175
655	186.7287	67.2059	0.0000	0.5182
656	186.7287	64.8250	0.0000	0.5189
657	186.7287	65.4006	0.0000	0.5197
658	186.7287	63.7780	0.0000	0.5204
659	186.7287	65.8027	0.0000	0.5212
660	186.7287	65.7660	0.0000	0.5220
661	186.7287	65.5259	0.0000	0.5228
662	186.7082	71.4098	0.0000	0.5235
663	186.7082	71.6866	0.0000	0.5244
664	186.7082	65.7428	0.0000	0.5253
665	186.7082	66.4589	0.0000	0.5261
666	186.7082	66.5038	0.0000	0.5269
667	186.7082	67.0777	0.0000	0.5278
668	186.7082	60.5694	0.0000	0.5290
669	186.7082	69.7492	0.0000	0.5298
670	186.7082	59.0108	0.0000	0.5307
671	186.7082	54.9136	0.0000	0.5315
672	186.7082	71.3937	0.0000	0.5321
673	186.7082	61.6568	0.0000	0.5328
674	186.7082	60.4864	0.0000	0.5335
675	186.7082	61.2138	0.0000	0.5342
676	186.7082	60.8624	0.0000	0.5349
677	186.7082	59.9007	0.0000	0.5357
678	186.7082	68.7632	0.0000	0.5363
679	186.7082	66.1572	0.0000	0.5371
680	186.7082	70.5340	0.0000	0.5379
681	186.7082	61.1112	0.0000	0.5386
682	186.7082	64.7555	0.0000	0.5392
683	186.7082	71.4896	0.0000	0.5399
684	186.7082	65.5796	0.0000	0.5406
685	186.7082	66.3916	0.0000	0.5413
686	186.7082	62.5787	0.0000	0.5419
687	186.7082	66.8950	0.0000	0.5426
688	186.7082	69.0935	0.0000	0.5433
689	186.7082	65.8831	0.0000	0.5440
690	186.7082	70.5850	0.0000	0.5448
691	186.7082	66.7761	0.0000	0.5454
692	186.7082	69.9498	0.0000	0.5461
693	186.7082	75.2433	0.0000	0.5469
694	186.7082	68.6930	0.0000	0.5478
695	186.7082	69.5840	0.0000	0.5484
696	186.7082	71.6125	0.0000	0.5492
697	186.7082	62.1558	0.0000	0.5498
698	186.6877	75.6790	0.0000	0.5506
699	186.6877	65.4652	0.0000	0.5513
700	186.6877	67.8349	0.0000	0.5522
701	186.6877	67.7329	0.0000	0.5531
702	186.6877	67.7415	0.0000	0.5539
703	186.6877	67.9574	0.0000	0.5548
704	186.6877	70.9808	0.0000	0.5556
705	186.6267	65.2305	0.0000	0.5565
706	186.6267	60.0394	0.0000	0.5572
707	186.6267	64.9087	0.0000	0.5580
708	186.6267	62.5602	0.0000	0.5588
709	186.5261	55.8800	0.0000	0.5596
710	186.5261	56.2706	0.0000	0.5603
711	186.5261	53.2400	0.0000	0.5611
712	186.5261	52.9176	0.0000	0.5618
713	186.5261	57.9041	0.0000	0.5627
714	186.5261	58.0249	0.0000	0.5635
715	186.5261	58.4117	0.0000	0.5642
716	186.5261	61.6987	0.0000	0.5651
717	186.5261	59.3769	0.0000	0.5661
718	186.5261	54.7506	0.0000	0.5673
719	186.5261	55.7923	0.0000	0.5682
720	186.5266	54.7609	0.0000	0.5691
721	186.5266	48.8882	0.0000	0.5698
722	186.5266	56.5925	0.0000	0.5706
723	186.7224	60.4289	0.0000	0.5715
724	186.7224	55.6222	0.0000	0.5723
725	186.7224	55.6517	0.0000	0.5732
726	186.7224	50.4796	0.0000	0.5739
727	186.7224	49.2566	0.0000	0.5748
728	186.7224	53.0574	0.0000	0.5756
729	186.7224	58.0147	0.0000	0.5764
730	186.7224	57.8405	0.0000	0.5773
731	186.7224	49.7100	0.0000	0.5781
732	186.7224	55.7242	0.0000	0.5793
733	186.7224	55.6421	0.0000	0.5803
734	186.7224	52.2632	0.0000	0.5812
735	186.7224	46.0559	0.0000	0.5820
736	186.7224	48.9696	0.0000	0.5826
737	186.7224	54.5263	0.0000	0.5834
738	186.7224	55.6956	0.0000	0.5842
739	186.7224	53.7254	0.0000	0.5852
740	186.7224	50.7247	0.0000	0.5859
741	186.7224	57.9206	0.0000	0.5867
742	186.7224	57.1525	0.0000	0.5877
743	186.7224	58.8035	0.0000	0.5884
744	186.7224	52.6670	0.0000	0.5895
745	186.7224	53.7671	0.0000	0.5904
746	186.7224	56.9812	0.0000	0.5911
747	186.7224	58.1489	0.0000	0.5919
748	186.7224	59.2268	0.0000	0.5926
749	186.7224	53.1881	0.0000	0.5933
750	186.7224	54.6739	0.0000	0.5940
751	186.7224	56.7563	0.0000	0.5948
752	186.7224	55.4440	0.0000	0.5955
753	186.7238	60.6932	0.0000	0.5962
754	186.7238	60.7101	0.0000	0.5970
755	186.7238	58.8931	0.0000	0.5977
756	186.7238	60.7572	0.0000	0.5984
757	186.7238	65.7498	0.0000	0.5993
758	186.7238	63.1907	0.0000	0.6005
759	186.7238	62.4311	0.0000	0.6012
760	186.7238	66.4515	0.0000	0.6020
761	186.7238	62.9660	0.0000	0.6028
762	186.7238	62.1297	0.0000	0.6039
763	186.7238	63.3082	0.0000	0.6050
764	186.7238	64.2178	0.0000	0.6060
765	186.7238	60.0666	0.0000	0.6069
766	186.7238	62.2414	0.0000	0.6078
767	186.7238	59.9066	0.0000	0.6087
768	186.7238	64.9879	0.0000	0.6097
769	186.7238	58.5582	0.0000	0.6106
770	186.7238	61.4570	0.0000	0.6115
771	186.7238	66.8337	0.0000	0.6123
772	186.7238	54.7018	0.0000	0.6131
773	186.7238	56.6476	0.0000	0.6142
774	186.7238	57.5276	0.0000	0.6151
775	186.7238	60.3634	0.0000	0.6159
776	186.7238	58.1898	0.0000	0.6168
777	186.7238	68.1720	0.0000	0.6178
778	186.7238	62.3558	0.0000	0.6186
779	186.7238	63.2834	0.0000	0.6193
780	186.7238	62.5988	0.0000	0.6202
781	186.7238	62.7735	0.0000	0.6211
782	186.7238	59.2200	0.0000	0.6220
783	186.7238	65.7064	0.0000	0.6227
784	186.7238	67.2370	0.0000	0.6236
785	186.7238	55.8044	0.0000	0.6243
786	186.7238	58.4925	0.0000	0.6251
787	186.7168	60.4355	0.0000	0.6262
788	186.7168	48.7519	0.0000	0.6270
789	186.7168	52.7975	0.0000	0.6279
790	186.7168	54.5731	0.0000	0.6286
791	186.7168	53.1690	0.0000	0.6294
792	186.7168	53.0337	0.0000	0.6301
793	186.7168	54.6821	0.0000	0.6308
794	186.6527	55.6669	0.0000	0.6316
795	186.6527	65.1049	0.0000	0.6325
796	186.6527	49.9483	0.0000	0.6336
797	186.6527	57.9325	0.0000	0.6344
798	186.6527	53.8295	0.0000	0.6354
799	186.6518	55.8735	0.0000	0.6365
800	186.6518	58.1965	0.0000	0.6373
801	186.6518	56.5740	0.0000	0.6381
802	186.6675	59.1708	0.0000	0.6390
803	186.6675	52.8277	0.0000	0.6399
804	186.6675	49.9837	0.0000	0.6406
805	186.6675	54.5693	0.0000	0.6416
806	186.7137	57.5216	0.0000	0.6427
807	186.7137	58.6437	0.0000	0.6434
808	186.7137	55.5412	0.0000	0.6444
809	186.7137	55.2454	0.0000	0.6451
810	186.7137	51.6111	0.0000	0.6458
811	186.7137	58.0483	0.0000	0.6466
812	186.7137	53.6743	0.0000	0.6473
813	186.7137	59.1707	0.0000	0.6480
814	186.7137	55.9985	0.0000	0.6487
815	186.7137	55.7641	0.0000	0.6495
816	186.7137	60.4710	0.0000	0.6503
817	186.7137	62.9323	0.0000	0.6510
818	186.7137	54.5914	0.0000	0.6517
819	186.7137	54.9460	0.0000	0.6525
820	186.7137	64.7700	0.0000	0.6533
821	186.7137	66.8446	0.0000	0.6541
822	186.7137	69.6291	0.0000	0.6550
823	186.7137	67.2555	0.0000	0.6557
824	186.7137	64.9405	0.0000	0.6565
825	186.7137	65.8502	0.0000	0.6573
826	186.7137	64.3182	0.0000	0.6584
827	186.7137	64.0304	0.0000	0.6591
828	186.7137	63.2731	0.0000	0.6600
829	186.7137	57.7528	0.0000	0.6608
830	186.7137	59.4246	0.0000	0.6617
831	186.7137	64.6931	0.0000	0.6625
832	186.7137	58.5434	0.0000	0.6634
833	186.7137	64.0730	0.0000	0.6641
834	186.7137	69.5083	0.0000	0.6649
835	186.7137	64.0066	0.0000	0.6656
836	186.7137	58.2218	0.0000	0.6664
837	186.7137	66.9714	0.0000	0.6673
838	186.7137	62.8934	0.0000	0.6681
839	186.7137	62.0477	0.0000	0.6689
840	186.7137	63.3270	0.0000	0.6698
841	186.7137	61.6004	0.0000	0.6709
842	186.7137	53.0872	0.0000	0.6716
843	186.7137	62.0915	0.0000	0.6723
844	186.7137	62.6242	0.0000	0.6731
845	186.7137	64.8470	0.0000	0.6739
846	186.7137	60.9769	0.0000	0.6748
847	186.7137	62.4681	0.0000	0.6756
848	186.7137	58.1494	0.0000	0.6765
849	186.7137	68.1416	0.0000	0.6773
850	186.7137	66.1268	0.0000	0.6782
851	186.7137	68.1074	0.0000	0.6791
852	186.7137	61.7471	0.0000	0.6798
853	186.7137	66.8623	0.0000	0.6807
854	186.7137	66.9349	0.0000	0.6815
855	186.7137	67.8974	0.0000	0.6823
856	186.7137	70.1512	0.0000	0.6831
857	186.7137	64.8837	0.0000	0.6838
858	186.7137	63.0674	0.0000	0.6848
859	186.7137	63.4752	0.0000	0.6859
860	186.7137	55.9870	0.0000	0.6868
861	186.7137	65.3703	0.0000	0.6875
862	186.7137	59.2047	0.0000	0.6883
863	186.7137	60.8018	0.0000	0.6895
864	186.7137	60.4617	0.0000	0.6907
865	186.7137	60.9356	0.0000	0.6915
866	186.7137	59.3786	0.0000	0.6925
867	186.7137	56.5821	0.0000	0.6933
868	186.7137	55.8391	0.0000	0.6941
869	186.7137	61.4059	0.0000	0.6949
870	186.7137	61.8384	0.0000	0.6958
871	186.7193	62.1476	0.0000	0.6965
872	186.7193	64.6455	0.0000	0.6973
873	186.7193	65.4376	0.0000	0.6981
874	186.7193	62.0842	0.0000	0.6988
875	186.7193	65.8937	0.0000	0.6996
876	186.7193	63.7031	0.0000	0.7006
877	186.7193	63.3920	0.0000	0.7013
878	186.7193	65.7686	0.0000	0.7020
879	186.7193	70.6431	0.0000	0.7028
880	186.7193	60.8184	0.0000	0.7037
881	186.7193	65.5487	0.0000	0.7044
882	186.7193	62.4167	0.0000	0.7051
883	186.7208	62.6815	0.0000	0.7058
884	186.7288	65.0861	0.0000	0.7065
885	186.7288	59.2426	0.0000	0.7072
886	186.7288	61.4487	0.0000	0.7081
887	186.7288	60.4567	0.0000	0.7090
888	186.7288	69.6478	0.0000	0.7098
889	186.7288	65.9511	0.0000	0.7105
890	186.7288	63.1346	0.0000	0.7114
891	186.7149	67.3554	0.0000	0.7123
892	186.7149	63.1592	0.0000	0.7131
893	186.7149	60.4556	0.0000	0.7140
894	186.7149	65.4140	0.0000	0.7148
895	186.7149	59.8988	0.0000	0.7158
896	186.7149	63.5630	0.0000	0.7167
897	186.7149	54.3195	0.0000	0.7174
898	186.7149	61.1364	0.0000	0.7182
899	186.7149	67.3560	0.0000	0.7190
900	186.7149	61.4270	0.0000	0.7198
901	186.7149	63.0511	0.0000	0.7206
902	186.7149	61.6599	0.0000	0.7214
903	186.7230	70.9125	0.0000	0.7224
904	186.7230	64.9983	0.0000	0.7234
905	186.7230	62.4144	0.0000	0.7243
906	186.7230	63.2123	0.0000	0.7253
907	186.7230	56.1845	0.0000	0.7262
908	186.7257	56.0788	0.0000	0.7273
909	186.7257	64.0512	0.0000	0.7283
910	186.7257	53.8322	0.0000	0.7291
911	186.7257	61.2133	0.0000	0.7301
912	186.7257	64.0123	0.0000	0.7309
913	186.7297	60.6920	0.0000	0.7317
914	186.7297	55.6368	0.0000	0.7324
915	186.7297	63.9383	0.0000	0.7333
916	186.7297	58.0426	0.0000	0.7340
917	186.7297	59.2884	0.0000	0.7349
918	186.7297	56.4579	0.0000	0.7356
919	186.7297	59.9235	0.0000	0.7365
920	186.7297	63.0675	0.0000	0.7373
921	186.7297	68.1199	0.0000	0.7380
922	186.7297	59.8445	0.0000	0.7389
923	186.7297	68.9861	0.0000	0.7400
924	186.7297	64.7418	0.0000	0.7412
925	186.7297	56.2738	0.0000	0.7420
926	186.7297	59.9970	0.0000	0.7431
927	186.7297	67.7054	0.0000	0.7444
928	186.7297	62.2122	0.0000	0.7456
929	186.7297	59.8437	0.0000	0.7465
930	186.7297	55.3212	0.0000	0.7474
931	186.7297	56.2554	0.0000	0.7482
932	186.7297	52.9664	0.0000	0.7489
Pos: [-0.8007529724980536, -7.708899487964641]

Run: 1
Iter	Gbest	AvrFit	Diver	ETime	
0	127.9055	10.7806	0.0000	0.0009
1	181.3289	13.2669	0.0000	0.0017
2	181.3289	19.5811	0.0000	0.0024
3	181.3289	24.4891	0.0000	0.0031
4	181.3289	25.2743	0.0000	0.0039
5	181.3289	30.6278	0.0000	0.0047
6	181.3289	29.1711	0.0000	0.0054
7	181.3289	32.6368	0.0000	0.0061
8	181.3289	26.2950	0.0000	0.0069
9	181.3289	34.5716	0.0000	0.0076
10	181.3899	40.7061	0.0000	0.0084
11	182.9582	37.0538	0.0000	0.0091
12	182.9582	38.2101	0.0000	0.0098
13	182.9582	37.6537	0.0000	0.0105
14	182.9582	40.4359	0.0000	0.0112
15	182.9582	44.7632	0.0000	0.0120
16	182.9582	44.2618	0.0000	0.0128
17	182.9582	50.1283	0.0000	0.0135
18	182.9582	49.4406	0.0000	0.0142
19	182.9582	49.4309	0.0000	0.0149
20	182.9582	55.9047	0.0000	0.0156
21	182.9582	46.4678	0.0000	0.0163
22	184.4891	57.2280	0.0000	0.0170
23	184.4891	51.7020	0.0000	0.0177
24	184.4891	55.6448	0.0000	0.0184
25	184.5184	52.1876	0.0000	0.0191
26	184.7196	48.2360	0.0000	0.0198
27	184.7196	53.0328	0.0000	0.0204
28	184.7196	57.0274	0.0000	0.0211
29	184.7196	60.1043	0.0000	0.0218
30	184.7196	53.7614	0.0000	0.0225
31	184.7196	52.1826	0.0000	0.0231
32	184.7196	55.9240	0.0000	0.0238
33	184.7196	61.8879	0.0000	0.0245
34	184.7196	59.6896	0.0000	0.0252
35	184.7196	68.2714	0.0000	0.0258
36	184.7196	61.0764	0.0000	0.0265
37	184.7196	61.8807	0.0000	0.0272
38	184.7196	62.0700	0.0000	0.0280
39	185.3311	64.1470	0.0000	0.0286
40	185.3311	67.8999	0.0000	0.0293
41	185.3311	67.4058	0.0000	0.0301
42	185.3311	70.1668	0.0000	0.0308
43	185.3311	64.3594	0.0000	0.0315
44	185.3311	66.7497	0.0000	0.0323
45	186.2850	72.2449	0.0000	0.0330
46	186.2850	62.7418	0.0000	0.0337
47	186.2850	66.0263	0.0000	0.0344
48	186.2850	65.6817	0.0000	0.0350
49	186.2850	66.6278	0.0000	0.0357
50	186.2850	66.0430	0.0000	0.0363
51	186.2850	62.3170	0.0000	0.0370
52	186.2850	74.0191	0.0000	0.0377
53	186.2850	71.5837	0.0000	0.0384
54	186.2850	66.6032	0.0000	0.0391
55	186.2850	63.8974	0.0000	0.0398
56	186.2850	63.5157	0.0000	0.0407
57	186.2850	65.9164	0.0000	0.0414
58	186.4046	67.7751	0.0000	0.0421
59	186.4046	70.3953	0.0000	0.0428
60	186.4046	72.0204	0.0000	0.0435
61	186.4046	66.6535	0.0000	0.0443
62	185.7504	80.3988	0.0000	0.0458
63	185.7504	17.0424	0.0000	0.0465
64	185.7504	21.8411	0.0000	0.0472
65	185.7504	23.4045	0.0000	0.0478
66	185.7504	30.7933	0.0000	0.0485
67	185.7504	35.0663	0.0000	0.0492
68	185.7504	33.4036	0.0000	0.0500
69	185.7504	36.6162	0.0000	0.0509
70	185.7504	36.3127	0.0000	0.0517
71	185.7504	38.0998	0.0000	0.0526
72	185.7504	30.7150	0.0000	0.0534
73	185.7504	39.8824	0.0000	0.0542
74	185.7504	41.7728	0.0000	0.0550
75	185.7504	44.0305	0.0000	0.0557
76	185.7504	42.1351	0.0000	0.0564
77	185.7504	42.6798	0.0000	0.0573
78	185.7504	53.1355	0.0000	0.0580
79	185.7504	43.9272	0.0000	0.0588
80	185.7504	43.1597	0.0000	0.0595
81	185.7504	48.6434	0.0000	0.0604
82	185.7504	51.0220	0.0000	0.0611
83	185.7504	48.9994	0.0000	0.0618
84	185.7504	45.3848	0.0000	0.0625
85	185.7504	48.7218	0.0000	0.0632
86	185.7504	56.8587	0.0000	0.0638
87	185.7504	53.9612	0.0000	0.0645
88	185.7504	54.0680	0.0000	0.0653
89	185.7504	54.4002	0.0000	0.0660
90	185.7504	53.7243	0.0000	0.0667
91	185.7504	60.7325	0.0000	0.0674
92	185.7504	58.9726	0.0000	0.0681
93	185.7504	53.6930	0.0000	0.0688
94	185.7504	64.2503	0.0000	0.0695
95	185.7504	55.1765	0.0000	0.0702
96	185.7504	54.7372	0.0000	0.0709
97	185.7504	57.6371	0.0000	0.0716
98	185.7504	57.1058	0.0000	0.0723
99	185.7504	57.2249	0.0000	0.0730
100	185.7504	64.2911	0.0000	0.0737
101	185.7504	62.2012	0.0000	0.0745
102	186.6965	62.8328	0.0000	0.0753
103	186.6965	67.3848	0.0000	0.0761
104	186.6965	66.5232	0.0000	0.0768
105	186.6965	69.1909	0.0000	0.0775
106	186.6965	63.0768	0.0000	0.0782
107	186.6965	67.3005	0.0000	0.0789
108	186.6965	64.9877	0.0000	0.0796
109	186.6965	61.9678	0.0000	0.0804
110	186.6965	65.3414	0.0000	0.0811
111	186.6965	57.5865	0.0000	0.0817
112	186.6965	67.4356	0.0000	0.0825
113	186.6965	64.1167	0.0000	0.0832
114	186.6965	65.6755	0.0000	0.0839
115	186.6965	71.3452	0.0000	0.0846
116	186.6965	68.2358	0.0000	0.0853
117	186.6965	63.0292	0.0000	0.0860
118	186.6965	66.9336	0.0000	0.0867
119	186.6965	69.2811	0.0000	0.0874
120	186.6965	64.0110	0.0000	0.0882
121	186.6965	67.1841	0.0000	0.0889
122	186.6965	67.4046	0.0000	0.0896
123	186.6965	71.1062	0.0000	0.0903
124	186.6965	64.1412	0.0000	0.0910
125	186.6965	70.6479	0.0000	0.0916
126	186.6392	72.0673	0.0000	0.0935
127	186.6392	40.0754	0.0000	0.0943
128	186.6392	46.6010	0.0000	0.0951
129	186.6392	50.3431	0.0000	0.0959
130	186.6392	43.5229	0.0000	0.0967
131	186.6392	41.7342	0.0000	0.0975
132	186.6392	45.4115	0.0000	0.0984
133	186.6392	40.7807	0.0000	0.0991
134	186.6392	40.9199	0.0000	0.0999
135	186.6392	36.0948	0.0000	0.1007
136	186.6392	43.6571	0.0000	0.1014
137	186.6392	45.1211	0.0000	0.1021
138	186.6392	42.6236	0.0000	0.1028
139	186.6392	42.8325	0.0000	0.1036
140	186.6392	42.9510	0.0000	0.1043
141	186.6392	40.5779	0.0000	0.1050
142	186.6392	49.3934	0.0000	0.1058
143	186.6392	45.6019	0.0000	0.1066
144	186.6392	47.4122	0.0000	0.1073
145	186.6392	45.4772	0.0000	0.1080
146	186.6392	50.3756	0.0000	0.1088
147	186.6392	47.9148	0.0000	0.1095
148	186.6392	52.8324	0.0000	0.1103
149	186.6392	50.6816	0.0000	0.1110
150	186.6392	47.1944	0.0000	0.1117
151	186.6392	51.6883	0.0000	0.1125
152	186.6392	50.4156	0.0000	0.1132
153	186.6392	57.5556	0.0000	0.1139
154	186.6392	50.5021	0.0000	0.1146
155	186.6392	51.3586	0.0000	0.1153
156	186.6392	53.1142	0.0000	0.1160
157	186.6392	57.6966	0.0000	0.1166
158	186.6392	55.9789	0.0000	0.1175
159	186.6392	57.9989	0.0000	0.1182
160	186.6392	63.2829	0.0000	0.1189
161	186.6392	51.3413	0.0000	0.1195
162	186.6392	63.4541	0.0000	0.1203
163	186.6392	60.7666	0.0000	0.1210
164	186.6392	60.7971	0.0000	0.1217
165	186.6392	63.4775	0.0000	0.1229
166	186.6392	58.5043	0.0000	0.1242
167	186.6392	66.9720	0.0000	0.1253
168	186.6392	64.7337	0.0000	0.1260
169	186.6392	60.8627	0.0000	0.1269
170	186.6392	64.2304	0.0000	0.1276
171	186.6392	57.7020	0.0000	0.1283
172	186.6392	52.2599	0.0000	0.1290
173	186.6392	59.8536	0.0000	0.1297
174	186.6392	66.7245	0.0000	0.1304
175	186.6392	61.8967	0.0000	0.1312
176	186.6392	65.1437	0.0000	0.1320
177	186.6392	64.5957	0.0000	0.1326
178	186.6392	60.6640	0.0000	0.1333
179	186.6392	71.6661	0.0000	0.1340
180	186.6392	72.5548	0.0000	0.1347
181	186.6392	64.5130	0.0000	0.1355
182	186.6392	72.6898	0.0000	0.1362
183	186.6392	67.5760	0.0000	0.1369
184	186.6392	58.1226	0.0000	0.1376
185	186.6392	64.6311	0.0000	0.1383
186	186.6392	62.1095	0.0000	0.1390
187	186.6392	71.2859	0.0000	0.1398
188	186.6392	58.0092	0.0000	0.1406
189	186.6392	69.0744	0.0000	0.1414
190	186.6392	65.1990	0.0000	0.1433
191	186.6392	45.5551	0.0000	0.1441
192	186.6392	52.6200	0.0000	0.1451
193	186.6392	54.0558	0.0000	0.1459
194	186.6392	57.6421	0.0000	0.1468
195	186.6392	49.2239	0.0000	0.1477
196	186.6392	54.5386	0.0000	0.1485
197	186.6392	54.2652	0.0000	0.1494
198	186.6392	51.3623	0.0000	0.1501
199	186.6392	52.0062	0.0000	0.1509
200	186.6392	56.1891	0.0000	0.1516
201	186.7012	51.9152	0.0000	0.1524
202	186.7012	65.2627	0.0000	0.1533
203	186.7012	57.1415	0.0000	0.1541
204	186.7012	54.7303	0.0000	0.1549
205	186.7012	62.2411	0.0000	0.1557
206	186.7012	52.6081	0.0000	0.1564
207	186.7012	57.9071	0.0000	0.1571
208	186.7012	54.6382	0.0000	0.1579
209	186.7012	59.9120	0.0000	0.1587
210	186.7012	61.2211	0.0000	0.1594
211	186.7012	49.7385	0.0000	0.1601
212	186.7012	58.4294	0.0000	0.1608
213	186.7012	62.8918	0.0000	0.1615
214	186.7012	63.0292	0.0000	0.1623
215	186.7012	69.4717	0.0000	0.1631
216	186.7012	59.3788	0.0000	0.1640
217	186.7012	61.8496	0.0000	0.1647
218	186.7012	63.3018	0.0000	0.1655
219	186.7012	61.0172	0.0000	0.1662
220	186.7012	62.1431	0.0000	0.1670
221	186.7012	63.5480	0.0000	0.1677
222	186.7012	64.0805	0.0000	0.1684
223	186.7012	59.0682	0.0000	0.1692
224	186.7012	60.9955	0.0000	0.1700
225	186.7012	61.3076	0.0000	0.1708
226	186.7012	57.1566	0.0000	0.1715
227	186.7165	63.9147	0.0000	0.1722
228	186.7165	58.4505	0.0000	0.1729
229	186.7165	60.4353	0.0000	0.1737
230	186.7165	62.7209	0.0000	0.1746
231	186.7165	66.5408	0.0000	0.1754
232	186.7165	67.5158	0.0000	0.1761
233	186.7165	68.8768	0.0000	0.1768
234	186.7165	67.3319	0.0000	0.1776
235	186.7165	70.5809	0.0000	0.1783
236	186.7165	68.9200	0.0000	0.1791
237	186.7165	58.1360	0.0000	0.1799
238	186.7165	63.3822	0.0000	0.1807
239	186.7165	69.3450	0.0000	0.1814
240	186.7165	65.9228	0.0000	0.1822
241	186.7165	63.6733	0.0000	0.1830
242	186.7165	75.9220	0.0000	0.1838
243	186.7165	70.1430	0.0000	0.1845
244	186.7165	64.7994	0.0000	0.1853
245	186.7165	67.8904	0.0000	0.1860
246	186.7165	74.7090	0.0000	0.1867
247	186.7165	72.8161	0.0000	0.1875
248	186.7165	66.2989	0.0000	0.1883
249	186.7165	67.8492	0.0000	0.1891
250	186.7165	68.8740	0.0000	0.1898
251	186.7165	70.1653	0.0000	0.1904
252	186.7165	74.5372	0.0000	0.1911
253	186.7165	76.6831	0.0000	0.1918
254	186.7165	69.4671	0.0000	0.1937
255	186.7165	51.2238	0.0000	0.1945
256	186.7165	52.4759	0.0000	0.1956
257	186.7165	56.1906	0.0000	0.1964
258	186.7165	64.6347	0.0000	0.1972
259	186.7165	62.7571	0.0000	0.1981
260	186.7165	59.0921	0.0000	0.1995
261	186.7165	57.3236	0.0000	0.2006
262	186.7165	55.4399	0.0000	0.2015
263	186.7165	52.8831	0.0000	0.2024
264	186.7165	59.2024	0.0000	0.2032
265	186.7165	55.7959	0.0000	0.2042
266	186.7165	59.1544	0.0000	0.2050
267	186.7165	65.7859	0.0000	0.2059
268	186.7165	60.9716	0.0000	0.2067
269	186.7165	62.6278	0.0000	0.2074
270	186.7165	58.8297	0.0000	0.2081
271	186.7165	62.2684	0.0000	0.2088
272	186.7165	70.4342	0.0000	0.2096
273	186.7165	62.6975	0.0000	0.2103
274	186.7165	59.1690	0.0000	0.2111
275	186.7165	68.4546	0.0000	0.2118
276	186.7165	65.9617	0.0000	0.2126
277	186.7165	66.2004	0.0000	0.2133
278	186.7165	71.1728	0.0000	0.2142
279	186.7165	63.9610	0.0000	0.2150
280	186.7165	67.9267	0.0000	0.2161
281	186.7165	72.0653	0.0000	0.2169
282	186.7165	65.9784	0.0000	0.2177
283	186.7165	57.1788	0.0000	0.2185
284	186.7165	63.8291	0.0000	0.2193
285	186.7165	61.6316	0.0000	0.2203
286	186.7165	59.5901	0.0000	0.2211
287	186.7165	54.9801	0.0000	0.2218
288	186.7165	62.3319	0.0000	0.2226
289	186.7165	70.4543	0.0000	0.2234
290	186.7165	69.4673	0.0000	0.2243
291	186.7165	63.9421	0.0000	0.2250
292	186.7165	73.2035	0.0000	0.2258
293	186.7165	64.8228	0.0000	0.2265
294	186.7165	76.5064	0.0000	0.2272
295	186.7165	69.7210	0.0000	0.2280
296	186.7165	67.8995	0.0000	0.2287
297	186.7165	64.5820	0.0000	0.2296
298	186.7165	65.7925	0.0000	0.2304
299	186.7165	62.1527	0.0000	0.2311
300	186.7165	70.7543	0.0000	0.2320
301	186.7165	70.4741	0.0000	0.2328
302	186.7165	73.1108	0.0000	0.2335
303	186.7165	69.9641	0.0000	0.2342
304	186.7165	65.5697	0.0000	0.2351
305	186.7165	69.8379	0.0000	0.2358
306	186.7165	63.1711	0.0000	0.2365
307	186.7165	68.6718	0.0000	0.2373
308	186.7165	68.1030	0.0000	0.2380
309	186.7165	82.0989	0.0000	0.2387
310	186.7165	65.7784	0.0000	0.2396
311	186.7165	73.8262	0.0000	0.2403
312	186.7165	71.7960	0.0000	0.2410
313	186.7165	69.3163	0.0000	0.2418
314	186.7165	69.9227	0.0000	0.2425
315	186.7165	68.0511	0.0000	0.2433
316	186.7165	68.5328	0.0000	0.2442
317	186.7165	74.9635	0.0000	0.2452
318	186.7165	72.4890	0.0000	0.2469
319	186.7165	60.0567	0.0000	0.2477
320	186.7165	60.3640	0.0000	0.2486
321	186.7165	61.3309	0.0000	0.2494
322	186.7165	64.1017	0.0000	0.2502
323	186.7165	61.3551	0.0000	0.2512
324	186.7165	54.4496	0.0000	0.2524
325	186.7165	56.9104	0.0000	0.2535
326	186.7165	55.3505	0.0000	0.2542
327	186.7165	64.7176	0.0000	0.2550
328	186.7165	70.3400	0.0000	0.2557
329	186.7165	61.7290	0.0000	0.2566
330	186.7165	63.3724	0.0000	0.2575
331	186.7165	61.1294	0.0000	0.2585
332	186.7165	57.4191	0.0000	0.2593
333	186.7165	66.4423	0.0000	0.2600
334	186.7165	60.5707	0.0000	0.2607
335	186.7165	60.9703	0.0000	0.2614
336	186.7165	61.2243	0.0000	0.2622
337	186.7165	62.0455	0.0000	0.2629
338	186.7165	66.6122	0.0000	0.2637
339	186.7165	62.8804	0.0000	0.2644
340	186.7165	72.0282	0.0000	0.2653
341	186.7165	59.2413	0.0000	0.2660
342	186.7165	69.6614	0.0000	0.2668
343	186.7165	62.7177	0.0000	0.2675
344	186.7165	64.6818	0.0000	0.2684
345	186.7165	66.8434	0.0000	0.2693
346	186.7165	64.7324	0.0000	0.2701
347	186.7165	64.0092	0.0000	0.2708
348	186.7165	74.9649	0.0000	0.2715
349	186.7165	64.2412	0.0000	0.2723
350	186.7165	69.2460	0.0000	0.2731
351	186.7165	69.9079	0.0000	0.2738
352	186.7165	73.7155	0.0000	0.2747
353	186.7282	72.1768	0.0000	0.2754
354	186.7282	70.8129	0.0000	0.2762
355	186.7282	70.3366	0.0000	0.2769
356	186.7282	74.0432	0.0000	0.2776
357	186.7282	74.9157	0.0000	0.2783
358	186.7282	70.8949	0.0000	0.2790
359	186.7282	71.9017	0.0000	0.2798
360	186.7282	79.6376	0.0000	0.2806
361	186.7282	69.3943	0.0000	0.2814
362	186.7282	65.7586	0.0000	0.2821
363	186.7282	74.8545	0.0000	0.2829
364	186.7282	71.6489	0.0000	0.2838
365	186.7282	68.5015	0.0000	0.2844
366	186.7282	75.2383	0.0000	0.2851
367	186.7282	69.2615	0.0000	0.2859
368	186.7282	76.5921	0.0000	0.2867
369	186.7282	72.5846	0.0000	0.2874
370	186.7282	73.6028	0.0000	0.2881
371	186.7282	66.3908	0.0000	0.2888
372	186.7282	70.7282	0.0000	0.2896
373	186.7282	68.0725	0.0000	0.2904
374	186.7282	85.2859	0.0000	0.2912
375	186.7282	75.8062	0.0000	0.2921
376	186.7282	69.1125	0.0000	0.2929
377	186.7282	74.4494	0.0000	0.2938
378	186.7282	74.7429	0.0000	0.2946
379	186.7282	84.8722	0.0000	0.2954
380	186.7282	74.0924	0.0000	0.2961
381	186.7282	74.6815	0.0000	0.2969
382	186.7282	66.0147	0.0000	0.2986
383	186.7282	67.6161	0.0000	0.2993
384	186.7282	64.2593	0.0000	0.3001
385	186.7282	59.1564	0.0000	0.3010
386	186.7282	63.3858	0.0000	0.3019
387	186.7282	64.0028	0.0000	0.3029
388	186.7282	64.3400	0.0000	0.3042
389	186.7282	57.8421	0.0000	0.3055
390	186.7282	53.2135	0.0000	0.3063
391	186.7282	54.3081	0.0000	0.3071
392	186.7297	51.8956	0.0000	0.3079
393	186.7297	56.6623	0.0000	0.3087
394	186.7297	51.9167	0.0000	0.3095
395	186.7297	63.6497	0.0000	0.3104
396	186.7297	56.1225	0.0000	0.3112
397	186.7297	64.2912	0.0000	0.3121
398	186.7297	59.3210	0.0000	0.3128
399	186.7297	56.1430	0.0000	0.3136
400	186.7297	61.6008	0.0000	0.3143
401	186.7297	69.6025	0.0000	0.3151
402	186.7297	63.3475	0.0000	0.3158
403	186.7297	65.2197	0.0000	0.3167
404	186.7297	61.0831	0.0000	0.3175
405	186.7297	66.7426	0.0000	0.3184
406	186.7297	62.0449	0.0000	0.3194
407	186.7297	57.1578	0.0000	0.3202
408	186.7297	54.3821	0.0000	0.3213
409	186.7297	55.4751	0.0000	0.3221
410	186.7297	54.3941	0.0000	0.3228
411	186.7297	65.4139	0.0000	0.3236
412	186.7308	61.3118	0.0000	0.3243
413	186.7308	60.9589	0.0000	0.3251
414	186.7308	63.0879	0.0000	0.3258
415	186.7308	64.6035	0.0000	0.3265
416	186.7308	58.4167	0.0000	0.3274
417	186.7308	66.4567	0.0000	0.3282
418	186.7308	67.3410	0.0000	0.3291
419	186.7308	63.3301	0.0000	0.3298
420	186.7308	61.6347	0.0000	0.3306
421	186.7308	62.5678	0.0000	0.3313
422	186.7308	73.4964	0.0000	0.3321
423	186.7308	63.5931	0.0000	0.3329
424	186.7308	61.9505	0.0000	0.3339
425	186.7308	66.0136	0.0000	0.3347
426	186.7308	69.4177	0.0000	0.3355
427	186.7308	67.6559	0.0000	0.3365
428	186.7308	67.3829	0.0000	0.3374
429	186.7308	71.5731	0.0000	0.3382
430	186.7308	65.4372	0.0000	0.3390
431	186.7308	69.2977	0.0000	0.3397
432	186.7308	64.4671	0.0000	0.3404
433	186.7308	66.7207	0.0000	0.3412
434	186.7308	69.3377	0.0000	0.3420
435	186.7308	67.1827	0.0000	0.3428
436	186.7308	67.9026	0.0000	0.3436
437	186.7308	64.4920	0.0000	0.3444
438	186.7309	61.0893	0.0000	0.3452
439	186.7309	66.7557	0.0000	0.3460
440	186.7309	70.8931	0.0000	0.3468
441	186.7309	69.2497	0.0000	0.3476
442	186.7309	67.8638	0.0000	0.3484
443	186.7309	72.8091	0.0000	0.3493
444	186.7309	68.0865	0.0000	0.3501
445	186.7309	66.8184	0.0000	0.3508
446	186.7309	67.4210	0.0000	0.3525
447	186.7309	67.0545	0.0000	0.3534
448	186.7309	64.2499	0.0000	0.3543
449	186.7309	64.1431	0.0000	0.3554
450	186.7309	62.5943	0.0000	0.3563
451	186.7309	65.4788	0.0000	0.3574
452	186.7309	64.2702	0.0000	0.3585
453	186.7309	60.0322	0.0000	0.3594
454	186.7309	63.3850	0.0000	0.3604
455	186.7309	55.7323	0.0000	0.3613
456	186.7309	60.0027	0.0000	0.3621
457	186.7309	56.0836	0.0000	0.3630
458	186.7309	62.0560	0.0000	0.3641
459	186.7309	58.1148	0.0000	0.3649
460	186.7309	62.8035	0.0000	0.3658
461	186.7309	56.1905	0.0000	0.3666
462	186.7309	61.5806	0.0000	0.3673
463	186.7309	58.8066	0.0000	0.3682
464	186.7309	56.0870	0.0000	0.3691
465	186.7309	51.9294	0.0000	0.3698
466	186.7309	59.8686	0.0000	0.3706
467	186.7309	59.7146	0.0000	0.3715
468	186.7309	58.4107	0.0000	0.3723
469	186.7309	58.5369	0.0000	0.3732
470	186.7309	56.4120	0.0000	0.3741
471	186.7309	56.2150	0.0000	0.3750
472	186.7309	57.5554	0.0000	0.3760
473	186.7309	55.2028	0.0000	0.3768
474	186.7309	53.3973	0.0000	0.3777
475	186.7309	57.7497	0.0000	0.3785
476	186.7309	57.2418	0.0000	0.3793
477	186.7309	61.5209	0.0000	0.3801
478	186.7309	55.3491	0.0000	0.3809
479	186.7309	63.4451	0.0000	0.3816
480	186.7309	58.4537	0.0000	0.3823
481	186.7309	62.4795	0.0000	0.3831
482	186.7309	69.4519	0.0000	0.3840
483	186.7309	66.0944	0.0000	0.3850
484	186.7309	65.5307	0.0000	0.3859
485	186.7309	65.3361	0.0000	0.3867
486	186.7309	65.7907	0.0000	0.3875
487	186.7309	74.6020	0.0000	0.3883
488	186.7309	68.9367	0.0000	0.3892
489	186.7309	70.3540	0.0000	0.3900
490	186.7309	70.0607	0.0000	0.3907
491	186.7309	67.8098	0.0000	0.3916
492	186.7309	71.8688	0.0000	0.3924
493	186.7309	66.1783	0.0000	0.3931
494	186.7309	66.7257	0.0000	0.3939
495	186.7309	67.1799	0.0000	0.3946
496	186.7309	64.5080	0.0000	0.3953
497	186.7309	67.8280	0.0000	0.3960
498	186.7309	68.1774	0.0000	0.3968
499	186.7309	66.2101	0.0000	0.3976
500	186.7309	71.9019	0.0000	0.3984
501	186.7309	70.4948	0.0000	0.3992
502	186.7309	68.7730	0.0000	0.4000
503	186.7309	66.0219	0.0000	0.4009
504	186.7309	71.1733	0.0000	0.4016
505	186.7309	70.8559	0.0000	0.4023
506	186.7309	62.1742	0.0000	0.4030
507	186.7309	70.0337	0.0000	0.4037
508	186.7309	70.8373	0.0000	0.4044
509	186.7309	72.3709	0.0000	0.4052
510	186.7309	69.3747	0.0000	0.4068
511	186.7309	64.1492	0.0000	0.4076
512	186.7309	59.6198	0.0000	0.4085
513	186.7309	61.6998	0.0000	0.4093
514	186.7309	59.4374	0.0000	0.4104
515	186.7309	62.1900	0.0000	0.4113
516	186.7309	57.1392	0.0000	0.4124
517	186.7309	59.1399	0.0000	0.4133
518	186.7309	58.7282	0.0000	0.4142
519	186.7309	58.8415	0.0000	0.4150
520	186.7309	51.6690	0.0000	0.4159
521	186.7309	54.9837	0.0000	0.4167
522	186.7309	55.2452	0.0000	0.4177
523	186.7309	56.2249	0.0000	0.4186
524	186.7309	52.5215	0.0000	0.4195
525	186.7309	57.5578	0.0000	0.4203
526	186.7309	55.3912	0.0000	0.4211
527	186.7309	51.6448	0.0000	0.4219
528	186.7309	52.7503	0.0000	0.4227
529	186.7309	49.5668	0.0000	0.4235
530	186.7309	57.9205	0.0000	0.4242
531	186.7309	58.3386	0.0000	0.4250
532	186.7309	56.7072	0.0000	0.4258
533	186.7309	56.0711	0.0000	0.4267
534	186.7309	56.8197	0.0000	0.4275
535	186.7309	65.1836	0.0000	0.4284
536	186.7309	56.4802	0.0000	0.4292
537	186.7309	59.7069	0.0000	0.4300
538	186.7309	59.1149	0.0000	0.4307
539	186.7309	57.0734	0.0000	0.4316
540	186.7309	55.5461	0.0000	0.4324
541	186.7309	60.1666	0.0000	0.4332
542	186.7309	64.1858	0.0000	0.4340
543	186.7309	60.3825	0.0000	0.4347
544	186.7309	56.9598	0.0000	0.4355
545	186.7309	57.4601	0.0000	0.4363
546	186.7309	57.3589	0.0000	0.4370
547	186.7309	52.3764	0.0000	0.4379
548	186.7309	60.1037	0.0000	0.4387
549	186.7309	60.1152	0.0000	0.4395
550	186.7309	57.8627	0.0000	0.4403
551	186.7309	56.7761	0.0000	0.4411
552	186.7309	59.7774	0.0000	0.4419
553	186.7309	58.8887	0.0000	0.4427
554	186.7309	69.6270	0.0000	0.4435
555	186.7309	64.0123	0.0000	0.4442
556	186.7309	57.5112	0.0000	0.4450
557	186.7309	61.4110	0.0000	0.4457
558	186.7309	63.8879	0.0000	0.4465
559	186.7309	63.2490	0.0000	0.4471
560	186.7309	65.9395	0.0000	0.4478
561	186.7309	63.4589	0.0000	0.4485
562	186.7309	67.3984	0.0000	0.4493
563	186.7309	65.0509	0.0000	0.4501
564	186.7309	65.2646	0.0000	0.4510
565	186.7309	66.2393	0.0000	0.4520
566	186.7309	64.8755	0.0000	0.4527
567	186.7309	62.9807	0.0000	0.4536
568	186.7309	68.7066	0.0000	0.4543
569	186.7309	59.6758	0.0000	0.4551
570	186.7309	65.9200	0.0000	0.4559
571	186.7309	71.3770	0.0000	0.4566
572	186.7309	65.7093	0.0000	0.4573
573	186.7309	68.0510	0.0000	0.4582
574	186.7309	63.8508	0.0000	0.4597
575	186.7309	62.1362	0.0000	0.4606
576	186.7309	58.8286	0.0000	0.4618
577	186.7309	62.0188	0.0000	0.4631
578	186.7309	55.1777	0.0000	0.4643
579	186.7309	60.9673	0.0000	0.4653
580	186.7309	63.1233	0.0000	0.4663
581	186.7309	58.9236	0.0000	0.4673
582	186.7309	66.5527	0.0000	0.4682
583	186.7309	54.9605	0.0000	0.4690
584	186.7309	61.6410	0.0000	0.4700
585	186.7309	60.5399	0.0000	0.4710
586	186.7309	61.4309	0.0000	0.4720
587	186.7309	59.7560	0.0000	0.4730
588	186.7309	55.1836	0.0000	0.4740
589	186.7309	55.5250	0.0000	0.4750
590	186.7309	52.3416	0.0000	0.4758
591	186.7309	56.1305	0.0000	0.4767
592	186.7309	59.9957	0.0000	0.4778
593	186.7309	58.4596	0.0000	0.4786
594	186.7309	53.7647	0.0000	0.4794
595	186.7309	58.9227	0.0000	0.4805
596	186.7309	56.5103	0.0000	0.4813
597	186.7309	58.7478	0.0000	0.4821
598	186.7309	61.4872	0.0000	0.4829
599	186.7309	63.7528	0.0000	0.4837
600	186.7309	58.7587	0.0000	0.4845
601	186.7309	60.5410	0.0000	0.4853
602	186.7309	61.1577	0.0000	0.4861
603	186.7309	59.7468	0.0000	0.4868
604	186.7309	61.1439	0.0000	0.4879
605	186.7072	56.0667	0.0000	0.4888
606	186.7072	52.6345	0.0000	0.4895
607	186.7072	65.6269	0.0000	0.4903
608	186.7072	55.8546	0.0000	0.4911
609	186.7072	53.3716	0.0000	0.4919
610	186.7072	55.5632	0.0000	0.4928
611	186.7072	55.5170	0.0000	0.4937
612	186.7072	58.2958	0.0000	0.4946
613	186.7072	54.0216	0.0000	0.4955
614	186.7072	57.7848	0.0000	0.4963
615	186.7072	61.5680	0.0000	0.4971
616	186.7072	52.7777	0.0000	0.4979
617	186.7072	59.2454	0.0000	0.4988
618	186.7072	61.3157	0.0000	0.4996
619	186.7072	60.1795	0.0000	0.5004
620	186.7072	57.3664	0.0000	0.5012
621	186.7072	63.5446	0.0000	0.5019
622	186.7072	66.8030	0.0000	0.5028
623	186.7072	63.3832	0.0000	0.5035
624	186.7072	64.3733	0.0000	0.5043
625	186.7072	68.4167	0.0000	0.5050
626	186.7072	64.1250	0.0000	0.5059
627	186.7072	65.9139	0.0000	0.5068
628	186.7072	56.2378	0.0000	0.5075
629	186.7072	57.5944	0.0000	0.5083
630	186.7072	58.2678	0.0000	0.5091
631	186.7072	71.2678	0.0000	0.5098
632	186.7072	65.0967	0.0000	0.5105
633	186.7072	62.1289	0.0000	0.5112
634	186.7072	62.0910	0.0000	0.5119
635	186.7072	60.3350	0.0000	0.5128
636	186.7072	66.0359	0.0000	0.5135
637	186.7072	60.6270	0.0000	0.5143
638	186.7072	72.4968	0.0000	0.5158
639	186.7072	55.6541	0.0000	0.5167
640	186.7072	56.5062	0.0000	0.5177
641	186.7072	64.4896	0.0000	0.5188
642	186.7072	55.2125	0.0000	0.5199
643	186.7072	59.1796	0.0000	0.5209
644	186.7072	55.6880	0.0000	0.5220
645	186.7072	63.1898	0.0000	0.5230
646	186.7072	59.7863	0.0000	0.5240
647	186.7072	57.1939	0.0000	0.5249
648	186.7072	63.4442	0.0000	0.5259
649	186.7072	65.8501	0.0000	0.5267
650	186.7072	56.3954	0.0000	0.5279
651	186.7072	57.8519	0.0000	0.5289
652	186.7072	55.1579	0.0000	0.5299
653	186.7072	55.9387	0.0000	0.5308
654	186.7167	61.6460	0.0000	0.5317
655	186.7167	63.9282	0.0000	0.5328
656	186.7167	62.3549	0.0000	0.5340
657	186.7167	56.6232	0.0000	0.5349
658	186.7167	71.7010	0.0000	0.5357
659	186.7167	59.2270	0.0000	0.5369
660	186.7167	60.4339	0.0000	0.5377
661	186.7167	58.3594	0.0000	0.5385
662	186.7167	58.9239	0.0000	0.5394
663	186.7167	53.6799	0.0000	0.5402
664	186.7167	64.6977	0.0000	0.5411
665	186.7167	61.1683	0.0000	0.5420
666	186.7167	60.5301	0.0000	0.5428
667	186.7167	64.2789	0.0000	0.5437
668	186.7167	65.9903	0.0000	0.5448
669	186.7167	67.0480	0.0000	0.5457
670	186.7167	61.0331	0.0000	0.5469
671	186.7167	56.3805	0.0000	0.5478
672	186.7167	59.3340	0.0000	0.5488
673	186.7167	58.9618	0.0000	0.5498
674	186.7167	63.3847	0.0000	0.5507
675	186.7167	63.0928	0.0000	0.5517
676	186.7167	62.9274	0.0000	0.5527
677	186.7167	64.9343	0.0000	0.5539
678	186.7227	61.3009	0.0000	0.5549
679	186.7227	63.6369	0.0000	0.5560
680	186.6102	66.9262	0.0000	0.5570
681	186.6102	66.1830	0.0000	0.5579
682	186.6102	64.5368	0.0000	0.5587
683	186.6102	70.2095	0.0000	0.5595
684	186.6102	69.0884	0.0000	0.5603
685	186.6102	68.8614	0.0000	0.5612
686	186.6102	66.7455	0.0000	0.5622
687	186.6102	66.6890	0.0000	0.5631
688	186.6102	69.1602	0.0000	0.5640
689	186.6102	69.7588	0.0000	0.5649
690	186.6102	67.0122	0.0000	0.5657
691	186.6102	77.3582	0.0000	0.5666
692	186.6102	66.9436	0.0000	0.5674
693	186.6102	72.2779	0.0000	0.5686
694	186.6102	73.8655	0.0000	0.5696
695	186.6102	70.5942	0.0000	0.5706
696	186.6102	67.7582	0.0000	0.5714
697	186.6102	72.1786	0.0000	0.5722
698	186.6102	67.9287	0.0000	0.5730
699	186.6102	72.5655	0.0000	0.5738
700	186.6102	68.0417	0.0000	0.5746
701	186.6102	69.5416	0.0000	0.5755
702	186.6102	72.1723	0.0000	0.5768
703	186.6822	70.9212	0.0000	0.5777
704	186.6822	71.1232	0.0000	0.5787
705	186.6822	72.0497	0.0000	0.5800
706	186.6822	66.0159	0.0000	0.5811
707	186.6822	70.4003	0.0000	0.5821
708	186.6822	65.8868	0.0000	0.5831
709	186.6822	63.7094	0.0000	0.5841
710	186.6822	61.9269	0.0000	0.5851
711	186.6822	55.1378	0.0000	0.5859
712	186.6822	60.7264	0.0000	0.5870
713	186.6822	61.4717	0.0000	0.5878
714	186.6822	65.0279	0.0000	0.5889
715	186.6822	69.3587	0.0000	0.5898
716	186.6822	67.1281	0.0000	0.5908
717	186.6822	63.4426	0.0000	0.5917
718	186.6822	61.2781	0.0000	0.5926
719	186.6822	63.0027	0.0000	0.5935
720	186.6822	61.2627	0.0000	0.5947
721	186.6822	60.1081	0.0000	0.5954
722	186.6822	64.6893	0.0000	0.5962
723	186.6822	61.7967	0.0000	0.5974
724	186.6822	61.4040	0.0000	0.5982
725	186.6822	65.1057	0.0000	0.5991
726	186.6822	57.5149	0.0000	0.6001
727	186.6822	66.2634	0.0000	0.6014
728	186.6822	67.1945	0.0000	0.6023
729	186.6592	61.5136	0.0000	0.6032
730	186.6723	61.5157	0.0000	0.6040
731	186.6723	63.5158	0.0000	0.6048
732	186.6723	64.9515	0.0000	0.6058
733	186.6841	55.2806	0.0000	0.6067
734	186.6841	60.0259	0.0000	0.6078
735	186.6841	59.6651	0.0000	0.6086
736	186.6841	59.7822	0.0000	0.6095
737	186.6841	52.3275	0.0000	0.6103
738	186.6841	56.9494	0.0000	0.6112
739	186.6841	60.2412	0.0000	0.6121
740	186.6841	63.6154	0.0000	0.6129
741	186.7267	64.8162	0.0000	0.6136
742	186.7267	57.7983	0.0000	0.6143
743	186.7267	57.2664	0.0000	0.6152
744	186.7267	65.4478	0.0000	0.6162
745	186.7267	58.7923	0.0000	0.6173
746	186.7267	68.6150	0.0000	0.6181
747	186.7267	60.5045	0.0000	0.6190
748	186.7267	63.3735	0.0000	0.6197
749	186.7267	58.4875	0.0000	0.6208
750	186.7267	57.8365	0.0000	0.6221
751	186.7267	60.7201	0.0000	0.6231
752	186.7267	58.9138	0.0000	0.6240
753	186.7267	64.8973	0.0000	0.6247
754	186.7284	62.9924	0.0000	0.6255
755	186.7284	60.7816	0.0000	0.6264
756	186.7284	62.7931	0.0000	0.6272
757	186.7284	64.2384	0.0000	0.6283
758	186.7284	70.3802	0.0000	0.6291
759	186.7284	64.8959	0.0000	0.6300
760	186.7284	68.4029	0.0000	0.6309
761	186.7284	68.9247	0.0000	0.6318
762	186.7284	56.7643	0.0000	0.6327
763	186.7284	63.7003	0.0000	0.6337
764	186.7284	61.4312	0.0000	0.6344
765	186.7284	65.4771	0.0000	0.6352
766	186.7284	67.1131	0.0000	0.6363
767	186.7284	53.2836	0.0000	0.6373
768	186.7284	63.3736	0.0000	0.6382
769	186.7284	63.5768	0.0000	0.6395
770	186.7284	53.4081	0.0000	0.6403
771	186.7284	61.3804	0.0000	0.6411
772	186.7284	53.6670	0.0000	0.6420
773	186.7284	64.8155	0.0000	0.6429
774	186.7284	56.7202	0.0000	0.6436
775	186.7284	51.8347	0.0000	0.6444
776	186.7284	54.4696	0.0000	0.6451
777	186.7291	63.8772	0.0000	0.6458
778	186.7291	66.5604	0.0000	0.6467
779	186.7291	58.9516	0.0000	0.6473
780	186.7291	65.8394	0.0000	0.6481
781	186.7291	58.6754	0.0000	0.6489
782	186.7291	67.7989	0.0000	0.6495
783	186.7291	55.8088	0.0000	0.6503
784	186.7291	55.6958	0.0000	0.6512
785	186.7291	58.0247	0.0000	0.6519
786	186.7291	62.5148	0.0000	0.6525
787	186.7291	66.4687	0.0000	0.6534
788	186.7302	65.4706	0.0000	0.6540
789	186.7302	61.8411	0.0000	0.6547
790	186.7302	59.1881	0.0000	0.6556
791	186.7302	57.8028	0.0000	0.6564
792	186.7302	59.9487	0.0000	0.6572
793	186.7302	56.4251	0.0000	0.6579
794	186.7302	60.3378	0.0000	0.6585
795	186.7302	62.3548	0.0000	0.6592
796	186.7302	62.0491	0.0000	0.6600
797	186.7302	60.0381	0.0000	0.6608
798	186.7302	56.6420	0.0000	0.6618
799	186.7302	60.8693	0.0000	0.6625
800	186.7302	54.8375	0.0000	0.6634
801	186.7302	50.7757	0.0000	0.6644
802	186.7302	55.8915	0.0000	0.6652
803	186.7302	59.7178	0.0000	0.6660
804	186.7302	57.8539	0.0000	0.6667
805	186.7306	59.3134	0.0000	0.6675
806	186.7306	54.5783	0.0000	0.6682
807	186.7306	57.7059	0.0000	0.6689
808	186.7306	61.9115	0.0000	0.6696
809	186.7306	65.1585	0.0000	0.6703
810	186.7306	68.6895	0.0000	0.6710
811	186.7306	64.9130	0.0000	0.6717
812	186.7306	65.7076	0.0000	0.6724
813	186.7306	61.2210	0.0000	0.6732
814	186.7306	57.6537	0.0000	0.6741
815	186.7306	60.0670	0.0000	0.6748
816	186.7306	61.2298	0.0000	0.6755
817	186.7306	61.5263	0.0000	0.6763
818	186.7306	57.4961	0.0000	0.6770
819	186.7306	60.8056	0.0000	0.6777
820	186.7306	66.2898	0.0000	0.6791
821	186.7306	64.0029	0.0000	0.6803
822	186.7306	56.5811	0.0000	0.6812
823	186.7306	65.9085	0.0000	0.6821
824	186.7306	61.8492	0.0000	0.6828
825	186.7306	65.7985	0.0000	0.6836
826	186.7306	63.7121	0.0000	0.6844
827	186.7306	58.9050	0.0000	0.6854
828	186.7306	63.2875	0.0000	0.6861
829	186.7306	67.4113	0.0000	0.6869
830	186.7306	60.4851	0.0000	0.6879
831	186.7306	63.8472	0.0000	0.6892
832	186.7306	67.0818	0.0000	0.6904
833	186.7306	63.4203	0.0000	0.6913
834	186.7306	61.2719	0.0000	0.6922
835	186.7306	62.4985	0.0000	0.6929
836	186.7306	67.6202	0.0000	0.6937
837	186.7306	63.9839	0.0000	0.6945
838	186.7306	65.5288	0.0000	0.6953
839	186.7306	58.0663	0.0000	0.6961
840	186.7306	64.0997	0.0000	0.6969
841	186.7306	64.0540	0.0000	0.6976
842	186.7306	64.8919	0.0000	0.6984
843	186.7306	61.0957	0.0000	0.6990
844	186.7306	67.6294	0.0000	0.6997
845	186.7308	66.6002	0.0000	0.7005
846	186.7308	72.4379	0.0000	0.7013
847	186.7308	64.2546	0.0000	0.7021
848	186.7308	67.7499	0.0000	0.7030
849	186.7308	65.4396	0.0000	0.7037
850	186.7308	67.3608	0.0000	0.7045
851	186.7308	61.1532	0.0000	0.7053
852	186.7308	61.2895	0.0000	0.7061
853	186.7308	60.1380	0.0000	0.7069
854	186.7308	62.9612	0.0000	0.7078
855	186.7308	63.3482	0.0000	0.7087
856	186.7308	56.5970	0.0000	0.7093
857	186.6741	63.7604	0.0000	0.7104
858	186.6741	60.0427	0.0000	0.7114
859	186.6741	55.8139	0.0000	0.7122
860	186.6741	60.5375	0.0000	0.7132
861	186.6741	60.3926	0.0000	0.7140
862	186.6741	60.2098	0.0000	0.7151
863	186.6741	46.8146	0.0000	0.7158
864	186.6741	54.1331	0.0000	0.7166
865	186.6741	53.5094	0.0000	0.7174
866	186.6741	55.5416	0.0000	0.7180
867	186.6741	58.6247	0.0000	0.7188
868	186.6741	56.9177	0.0000	0.7195
869	186.6741	60.1700	0.0000	0.7202
870	186.6741	55.9929	0.0000	0.7209
871	186.6741	58.9315	0.0000	0.7217
872	186.6741	61.2543	0.0000	0.7225
873	186.6741	54.4619	0.0000	0.7232
874	186.6889	59.8066	0.0000	0.7239
875	186.6889	61.9336	0.0000	0.7246
876	186.6921	65.5936	0.0000	0.7254
877	186.6921	57.1123	0.0000	0.7262
878	186.6921	63.5540	0.0000	0.7271
879	186.6921	58.7570	0.0000	0.7278
880	186.6921	59.0998	0.0000	0.7285
881	186.6921	56.5491	0.0000	0.7293
882	186.6921	62.6895	0.0000	0.7300
883	186.6921	62.7232	0.0000	0.7307
884	186.6921	64.1611	0.0000	0.7315
885	186.6921	61.9710	0.0000	0.7324
886	186.6921	62.9818	0.0000	0.7331
887	186.6921	60.1848	0.0000	0.7338
888	186.6921	67.7822	0.0000	0.7347
889	186.6921	58.4393	0.0000	0.7354
890	186.6921	55.1014	0.0000	0.7361
891	186.6921	65.4008	0.0000	0.7367
892	186.6921	60.0240	0.0000	0.7375
893	186.6921	62.5265	0.0000	0.7383
894	186.6930	60.4335	0.0000	0.7392
895	186.7152	62.7339	0.0000	0.7403
896	186.7152	54.4865	0.0000	0.7416
897	186.7152	55.5568	0.0000	0.7425
898	186.7276	55.6913	0.0000	0.7437
899	186.7276	64.8908	0.0000	0.7446
900	186.7276	55.1113	0.0000	0.7455
901	186.7276	57.6566	0.0000	0.7463
902	186.7276	55.7914	0.0000	0.7472
903	186.7276	58.7169	0.0000	0.7483
904	186.7276	55.0204	0.0000	0.7492
905	186.7276	66.3061	0.0000	0.7501
906	186.7276	60.6914	0.0000	0.7508
907	186.7276	68.0304	0.0000	0.7515
908	186.7276	65.0188	0.0000	0.7522
909	186.7276	61.4533	0.0000	0.7530
910	186.7276	58.6141	0.0000	0.7538
911	186.7276	60.5249	0.0000	0.7547
912	186.7276	63.2582	0.0000	0.7556
913	186.7276	65.9733	0.0000	0.7563
914	186.7276	59.6473	0.0000	0.7572
915	186.7276	64.0168	0.0000	0.7583
916	186.7276	56.4588	0.0000	0.7591
917	186.7276	61.6555	0.0000	0.7598
918	186.7276	65.7476	0.0000	0.7608
919	186.7276	58.1182	0.0000	0.7616
920	186.7276	58.2543	0.0000	0.7623
921	186.7276	64.7340	0.0000	0.7632
922	186.7276	68.1028	0.0000	0.7639
923	186.7276	70.1362	0.0000	0.7654
924	186.7276	64.9037	0.0000	0.7663
925	186.7276	59.4303	0.0000	0.7672
926	186.7276	63.0812	0.0000	0.7684
927	186.7276	68.4084	0.0000	0.7692
928	186.7276	65.9562	0.0000	0.7700
929	186.7276	65.8181	0.0000	0.7709
930	186.7276	63.1644	0.0000	0.7716
931	186.7276	67.4666	0.0000	0.7725
932	186.7276	65.7582	0.0000	0.7732
Pos: [4.859247675000125, -7.083469312970106]

Run: 2
Iter	Gbest	AvrFit	Diver	ETime	
0	127.9055	14.2000	0.0000	0.0009
1	156.3981	17.1212	0.0000	0.0016
2	161.4076	20.2839	0.0000	0.0024
3	180.2347	23.0876	0.0000	0.0031
4	180.2347	26.2700	0.0000	0.0040
5	180.2347	29.3605	0.0000	0.0048
6	184.5353	37.7313	0.0000	0.0055
7	184.5353	30.1608	0.0000	0.0062
8	184.5353	29.9587	0.0000	0.0069
9	184.5353	37.8466	0.0000	0.0077
10	184.5353	37.6824	0.0000	0.0084
11	184.5353	42.2155	0.0000	0.0091
12	184.5353	42.2734	0.0000	0.0099
13	184.5353	48.2302	0.0000	0.0107
14	184.5353	45.9137	0.0000	0.0114
15	184.5353	46.6835	0.0000	0.0122
16	184.5353	50.9843	0.0000	0.0129
17	184.5353	51.8679	0.0000	0.0137
18	184.5353	52.3511	0.0000	0.0145
19	185.4866	57.0498	0.0000	0.0152
20	185.4866	59.8141	0.0000	0.0159
21	185.4866	49.7250	0.0000	0.0167
22	185.4866	55.6686	0.0000	0.0174
23	186.3962	57.6450	0.0000	0.0183
24	186.4371	57.4444	0.0000	0.0190
25	186.4371	57.2897	0.0000	0.0197
26	186.4371	55.3411	0.0000	0.0204
27	186.4371	61.4179	0.0000	0.0211
28	186.4371	56.2629	0.0000	0.0218
29	186.4371	61.2344	0.0000	0.0225
30	186.4852	59.8849	0.0000	0.0233
31	186.4852	63.6020	0.0000	0.0240
32	186.4852	69.0451	0.0000	0.0247
33	186.4852	63.6582	0.0000	0.0254
34	186.4852	57.3478	0.0000	0.0261
35	186.4852	60.8000	0.0000	0.0268
36	186.4852	59.3189	0.0000	0.0275
37	186.4852	61.2532	0.0000	0.0282
38	186.4852	58.4717	0.0000	0.0289
39	186.4852	59.0444	0.0000	0.0296
40	186.4852	67.5459	0.0000	0.0303
41	186.4852	59.4216	0.0000	0.0311
42	186.4852	66.7103	0.0000	0.0318
43	186.4852	67.8816	0.0000	0.0326
44	186.4852	71.1521	0.0000	0.0334
45	186.4852	69.8061	0.0000	0.0342
46	186.5154	73.1104	0.0000	0.0350
47	186.5154	63.4623	0.0000	0.0358
48	186.5154	63.7916	0.0000	0.0366
49	186.5154	71.9441	0.0000	0.0375
50	186.6728	70.1486	0.0000	0.0382
51	186.6728	67.7540	0.0000	0.0390
52	186.6728	67.6596	0.0000	0.0398
53	186.6728	65.5635	0.0000	0.0405
54	186.6728	67.7347	0.0000	0.0412
55	186.6728	67.2399	0.0000	0.0419
56	186.6728	66.3735	0.0000	0.0425
57	186.6728	71.6277	0.0000	0.0432
58	186.6728	70.7835	0.0000	0.0439
59	186.6728	74.4348	0.0000	0.0445
60	186.6728	70.1708	0.0000	0.0452
61	186.6728	71.1518	0.0000	0.0459
62	186.5375	64.0633	0.0000	0.0474
63	186.5375	17.8671	0.0000	0.0480
64	186.5375	26.6845	0.0000	0.0487
65	186.5375	29.9271	0.0000	0.0494
66	186.5375	30.3623	0.0000	0.0501
67	186.5375	36.8434	0.0000	0.0509
68	186.5375	37.2952	0.0000	0.0517
69	186.5375	41.5188	0.0000	0.0525
70	186.5375	37.9339	0.0000	0.0533
71	186.5375	35.6768	0.0000	0.0541
72	186.5375	32.8010	0.0000	0.0548
73	186.5375	41.3025	0.0000	0.0555
74	186.5375	38.0710	0.0000	0.0563
75	186.5375	47.7692	0.0000	0.0570
76	186.5375	38.1664	0.0000	0.0578
77	186.5375	47.4325	0.0000	0.0585
78	186.5375	46.3643	0.0000	0.0592
79	186.5375	44.1763	0.0000	0.0600
80	186.5375	46.9743	0.0000	0.0608
81	186.5375	39.4471	0.0000	0.0616
82	186.5375	44.3378	0.0000	0.0624
83	186.5375	42.1343	0.0000	0.0631
84	186.5375	47.0226	0.0000	0.0638
85	186.5375	45.8731	0.0000	0.0645
86	186.5375	53.7432	0.0000	0.0652
87	186.5375	47.8306	0.0000	0.0659
88	186.5375	46.8815	0.0000	0.0666
89	186.5375	51.0920	0.0000	0.0673
90	186.5375	49.1341	0.0000	0.0680
91	186.5375	50.3369	0.0000	0.0687
92	186.5375	53.7056	0.0000	0.0694
93	186.5375	48.8198	0.0000	0.0702
94	186.5375	56.7594	0.0000	0.0710
95	186.5375	60.8545	0.0000	0.0718
96	186.5375	57.1390	0.0000	0.0724
97	186.5375	51.9332	0.0000	0.0731
98	186.5375	53.4297	0.0000	0.0738
99	186.5375	54.6149	0.0000	0.0745
100	186.5375	57.9160	0.0000	0.0751
101	186.5375	57.0012	0.0000	0.0758
102	186.5375	58.9599	0.0000	0.0765
103	186.5375	56.5142	0.0000	0.0772
104	186.5429	62.0455	0.0000	0.0778
105	186.5429	53.5998	0.0000	0.0785
106	186.5429	63.0749	0.0000	0.0792
107	186.5429	66.7302	0.0000	0.0799
108	186.5429	63.4234	0.0000	0.0806
109	186.5429	63.5116	0.0000	0.0814
110	186.5429	60.9605	0.0000	0.0820
111	186.5429	58.4962	0.0000	0.0827
112	186.5429	64.1197	0.0000	0.0835
113	186.5429	60.8506	0.0000	0.0843
114	186.5429	58.3591	0.0000	0.0850
115	186.5429	62.3218	0.0000	0.0858
116	186.5429	60.7618	0.0000	0.0866
117	186.5429	66.1037	0.0000	0.0874
118	186.5429	63.0574	0.0000	0.0881
119	186.5429	69.9508	0.0000	0.0888
120	186.5429	65.7023	0.0000	0.0895
121	186.5429	76.4149	0.0000	0.0903
122	186.5429	64.1868	0.0000	0.0910
123	186.5429	64.9734	0.0000	0.0917
124	186.5429	72.7016	0.0000	0.0924
125	186.5429	70.6491	0.0000	0.0932
126	183.4713	66.5369	0.0000	0.0958
127	183.4713	34.9027	0.0000	0.0966
128	183.4713	28.7722	0.0000	0.0974
129	183.4713	37.0398	0.0000	0.0982
130	183.4713	37.3001	0.0000	0.0990
131	183.4713	33.2532	0.0000	0.0997
132	185.8323	39.0655	0.0000	0.1005
133	185.8323	45.2928	0.0000	0.1013
134	185.8323	36.2344	0.0000	0.1020
135	185.8323	42.1067	0.0000	0.1028
136	185.8323	42.4890	0.0000	0.1036
137	185.8323	35.6517	0.0000	0.1044
138	185.8323	44.3011	0.0000	0.1051
139	185.8323	43.5429	0.0000	0.1060
140	185.8323	45.6933	0.0000	0.1069
141	185.8757	49.2221	0.0000	0.1076
142	185.8757	47.9864	0.0000	0.1083
143	185.8757	46.7846	0.0000	0.1091
144	185.8757	48.8287	0.0000	0.1100
145	185.8757	44.6485	0.0000	0.1108
146	185.8757	45.2177	0.0000	0.1117
147	185.8757	48.8982	0.0000	0.1124
148	185.8757	47.7266	0.0000	0.1131
149	185.8757	53.8604	0.0000	0.1140
150	185.8757	57.8671	0.0000	0.1149
151	186.1577	53.7297	0.0000	0.1156
152	186.1577	55.2894	0.0000	0.1164
153	186.1577	62.2471	0.0000	0.1171
154	186.1577	46.8079	0.0000	0.1178
155	186.1577	54.0127	0.0000	0.1186
156	186.1577	55.4762	0.0000	0.1193
157	186.1577	54.3253	0.0000	0.1201
158	186.1577	56.7710	0.0000	0.1210
159	186.1577	60.5007	0.0000	0.1217
160	186.1577	54.0892	0.0000	0.1224
161	186.1577	58.4633	0.0000	0.1232
162	186.1577	52.8347	0.0000	0.1239
163	186.1577	53.4013	0.0000	0.1246
164	186.1577	62.6317	0.0000	0.1254
165	186.1577	57.7387	0.0000	0.1262
166	186.1577	56.1991	0.0000	0.1271
167	186.1577	58.2722	0.0000	0.1280
168	186.1577	59.1807	0.0000	0.1288
169	186.1577	63.6550	0.0000	0.1296
170	186.1577	63.0144	0.0000	0.1303
171	186.1577	64.2852	0.0000	0.1311
172	186.1577	60.3343	0.0000	0.1318
173	186.1577	74.1302	0.0000	0.1326
174	186.1577	72.6990	0.0000	0.1334
175	186.1577	62.1842	0.0000	0.1343
176	186.1577	63.8762	0.0000	0.1350
177	186.1577	63.8597	0.0000	0.1357
178	186.1577	68.4462	0.0000	0.1365
179	186.6066	65.7923	0.0000	0.1372
180	186.6066	68.8625	0.0000	0.1380
181	186.6066	66.4883	0.0000	0.1387
182	186.6066	66.9882	0.0000	0.1395
183	186.6066	74.7320	0.0000	0.1402
184	186.6066	63.3502	0.0000	0.1409
185	186.6066	62.5022	0.0000	0.1417
186	186.6066	60.8269	0.0000	0.1424
187	186.6066	65.9483	0.0000	0.1433
188	186.6066	70.8197	0.0000	0.1440
189	186.6066	64.7959	0.0000	0.1448
190	186.6066	74.1341	0.0000	0.1479
191	186.6066	40.8228	0.0000	0.1487
192	186.6066	33.9897	0.0000	0.1495
193	186.6066	38.2455	0.0000	0.1502
194	186.6066	41.0628	0.0000	0.1512
195	186.6066	45.8717	0.0000	0.1521
196	186.6066	39.3586	0.0000	0.1529
197	186.6066	46.0187	0.0000	0.1536
198	186.6066	46.6275	0.0000	0.1544
199	186.6492	40.3155	0.0000	0.1551
200	186.6492	46.2186	0.0000	0.1560
201	186.6492	49.8811	0.0000	0.1568
202	186.6492	41.5902	0.0000	0.1576
203	186.6492	42.0593	0.0000	0.1583
204	186.6492	39.8677	0.0000	0.1591
205	186.6492	48.6303	0.0000	0.1599
206	186.6492	47.7765	0.0000	0.1607
207	186.6492	46.3367	0.0000	0.1614
208	186.6492	53.1128	0.0000	0.1622
209	186.6492	51.9092	0.0000	0.1630
210	186.6492	50.8560	0.0000	0.1638
211	186.6492	56.0615	0.0000	0.1647
212	186.6492	45.5619	0.0000	0.1653
213	186.6492	47.4261	0.0000	0.1661
214	186.6492	54.1724	0.0000	0.1668
215	186.6492	53.3615	0.0000	0.1676
216	186.6492	53.6429	0.0000	0.1684
217	186.6492	53.9681	0.0000	0.1691
218	186.6492	51.9731	0.0000	0.1698
219	186.6492	51.1524	0.0000	0.1705
220	186.6492	51.9292	0.0000	0.1713
221	186.6492	59.8867	0.0000	0.1720
222	186.6492	57.8623	0.0000	0.1728
223	186.6492	57.2980	0.0000	0.1736
224	186.6492	58.5622	0.0000	0.1744
225	186.6492	51.9705	0.0000	0.1751
226	186.6492	59.1770	0.0000	0.1758
227	186.6492	62.5615	0.0000	0.1766
228	186.6492	59.6631	0.0000	0.1773
229	186.6492	55.5053	0.0000	0.1780
230	186.6492	55.4794	0.0000	0.1788
231	186.6492	56.7916	0.0000	0.1795
232	186.6492	62.7035	0.0000	0.1802
233	186.6492	66.0385	0.0000	0.1809
234	186.6492	66.0865	0.0000	0.1817
235	186.6492	62.2515	0.0000	0.1824
236	186.6492	62.8462	0.0000	0.1833
237	186.6492	59.9555	0.0000	0.1840
238	186.6492	61.9180	0.0000	0.1847
239	186.6492	61.3096	0.0000	0.1855
240	186.6492	67.3370	0.0000	0.1862
241	186.6492	65.1405	0.0000	0.1869
242	186.6492	61.3762	0.0000	0.1877
243	186.6477	66.8438	0.0000	0.1885
244	186.6477	65.0280	0.0000	0.1892
245	186.6477	64.9717	0.0000	0.1899
246	186.6477	66.9375	0.0000	0.1906
247	186.6477	62.5217	0.0000	0.1913
248	186.6477	55.8814	0.0000	0.1921
249	186.6477	69.9648	0.0000	0.1927
250	186.6477	61.2092	0.0000	0.1935
251	186.6477	62.0365	0.0000	0.1942
252	186.6477	62.8440	0.0000	0.1950
253	186.6477	66.7726	0.0000	0.1957
254	186.6477	63.8874	0.0000	0.1987
255	186.6477	44.3204	0.0000	0.1994
256	186.6477	42.0923	0.0000	0.2002
257	186.6477	43.7780	0.0000	0.2009
258	186.6477	48.0660	0.0000	0.2018
259	186.6477	47.3925	0.0000	0.2026
260	186.6477	42.6589	0.0000	0.2034
261	186.6477	49.2060	0.0000	0.2041
262	186.6477	48.5328	0.0000	0.2050
263	186.6477	47.2991	0.0000	0.2057
264	186.6477	55.0650	0.0000	0.2065
265	186.6477	55.3678	0.0000	0.2073
266	186.6477	55.0931	0.0000	0.2080
267	186.6477	53.0622	0.0000	0.2089
268	186.6477	53.6890	0.0000	0.2097
269	186.6243	53.0026	0.0000	0.2104
270	186.6841	59.0185	0.0000	0.2113
271	186.6841	54.8842	0.0000	0.2122
272	186.6841	60.0712	0.0000	0.2132
273	186.6841	58.6533	0.0000	0.2140
274	186.6841	50.0224	0.0000	0.2147
275	186.6841	50.0483	0.0000	0.2155
276	186.6841	55.3223	0.0000	0.2162
277	186.6841	56.9808	0.0000	0.2168
278	186.6841	50.8367	0.0000	0.2176
279	186.6923	51.9607	0.0000	0.2184
280	186.6923	59.0659	0.0000	0.2192
281	186.6923	56.3158	0.0000	0.2199
282	186.6923	52.1157	0.0000	0.2208
283	186.6923	51.8484	0.0000	0.2215
284	186.6923	54.6312	0.0000	0.2223
285	186.6923	57.7785	0.0000	0.2233
286	186.6923	58.4187	0.0000	0.2239
287	186.6923	59.4254	0.0000	0.2247
288	186.6923	57.4753	0.0000	0.2254
289	186.6923	58.0956	0.0000	0.2261
290	186.6923	62.7358	0.0000	0.2269
291	186.6923	60.6047	0.0000	0.2278
292	186.6923	64.9225	0.0000	0.2285
293	186.6923	61.4593	0.0000	0.2294
294	186.6923	56.8133	0.0000	0.2301
295	186.6923	59.4052	0.0000	0.2309
296	186.6923	67.1581	0.0000	0.2316
297	186.6923	67.4904	0.0000	0.2324
298	186.6923	54.6885	0.0000	0.2332
299	186.6923	53.6420	0.0000	0.2341
300	186.6923	57.3643	0.0000	0.2348
301	186.7270	68.9897	0.0000	0.2355
302	186.7270	65.5902	0.0000	0.2363
303	186.7270	67.1647	0.0000	0.2371
304	186.7270	71.0597	0.0000	0.2379
305	186.7270	62.3623	0.0000	0.2386
306	186.7270	72.1348	0.0000	0.2394
307	186.7270	68.1357	0.0000	0.2403
308	186.7270	67.5827	0.0000	0.2410
309	186.7270	65.8955	0.0000	0.2417
310	186.7270	68.3472	0.0000	0.2425
311	186.7270	63.3522	0.0000	0.2432
312	186.7270	66.5259	0.0000	0.2441
313	186.7270	68.0898	0.0000	0.2449
314	186.7270	68.3624	0.0000	0.2456
315	186.7270	62.7137	0.0000	0.2463
316	186.7270	68.2292	0.0000	0.2471
317	186.7270	61.3709	0.0000	0.2479
318	186.7270	63.1880	0.0000	0.2506
319	186.6923	49.7833	0.0000	0.2514
320	186.6923	57.5751	0.0000	0.2521
321	186.6923	52.2682	0.0000	0.2530
322	186.6923	62.5861	0.0000	0.2540
323	186.6923	61.4922	0.0000	0.2548
324	186.6923	60.5554	0.0000	0.2557
325	186.6923	53.5222	0.0000	0.2565
326	186.6923	59.0038	0.0000	0.2572
327	186.6923	57.4745	0.0000	0.2580
328	186.6923	64.8668	0.0000	0.2589
329	186.6923	63.2109	0.0000	0.2597
330	186.7068	61.8834	0.0000	0.2607
331	186.7068	63.8437	0.0000	0.2614
332	186.7068	58.5250	0.0000	0.2622
333	186.7068	60.0407	0.0000	0.2629
334	186.7068	58.2535	0.0000	0.2638
335	186.7068	62.5781	0.0000	0.2647
336	186.7218	61.9302	0.0000	0.2655
337	186.7218	59.5654	0.0000	0.2663
338	186.7218	65.1324	0.0000	0.2671
339	186.7218	59.5927	0.0000	0.2679
340	186.7218	65.9928	0.0000	0.2686
341	186.7218	58.6432	0.0000	0.2693
342	186.7218	61.5542	0.0000	0.2701
343	186.7218	62.8880	0.0000	0.2709
344	186.7218	65.7416	0.0000	0.2716
345	186.7218	61.0521	0.0000	0.2723
346	186.7218	63.1873	0.0000	0.2730
347	186.7218	64.1398	0.0000	0.2738
348	186.7218	71.8061	0.0000	0.2746
349	186.7218	63.7358	0.0000	0.2754
350	186.7218	61.6883	0.0000	0.2762
351	186.7218	54.7674	0.0000	0.2769
352	186.7218	67.4743	0.0000	0.2776
353	186.7218	62.1069	0.0000	0.2783
354	186.7218	67.3630	0.0000	0.2791
355	186.7218	69.0646	0.0000	0.2801
356	186.7218	63.2684	0.0000	0.2809
357	186.7218	62.9824	0.0000	0.2820
358	186.7218	61.7516	0.0000	0.2827
359	186.7218	66.0598	0.0000	0.2836
360	186.7218	60.2618	0.0000	0.2843
361	186.7218	61.8527	0.0000	0.2850
362	186.7218	63.4884	0.0000	0.2858
363	186.7218	58.3600	0.0000	0.2867
364	186.7218	63.7178	0.0000	0.2875
365	186.7218	61.2366	0.0000	0.2882
366	186.7218	68.9998	0.0000	0.2889
367	186.7218	67.9634	0.0000	0.2897
368	186.7218	61.1744	0.0000	0.2905
369	186.7218	64.2158	0.0000	0.2912
370	186.7218	65.2104	0.0000	0.2919
371	186.7218	64.8409	0.0000	0.2926
372	186.7218	62.2067	0.0000	0.2933
373	186.7218	67.2833	0.0000	0.2939
374	186.7218	67.7343	0.0000	0.2948
375	186.7218	59.1637	0.0000	0.2955
376	186.7218	61.9110	0.0000	0.2964
377	186.7218	62.9609	0.0000	0.2971
378	186.7218	62.5280	0.0000	0.2978
379	186.7218	60.3092	0.0000	0.2985
380	186.7218	67.6995	0.0000	0.2992
381	186.7218	60.7285	0.0000	0.3000
382	186.7218	70.2616	0.0000	0.3021
383	186.7218	53.4219	0.0000	0.3029
384	186.7218	53.3698	0.0000	0.3038
385	186.7218	55.4654	0.0000	0.3046
386	186.7218	51.8622	0.0000	0.3055
387	186.7218	55.2918	0.0000	0.3064
388	186.7218	56.8922	0.0000	0.3075
389	186.7218	50.8301	0.0000	0.3085
390	186.7218	56.7142	0.0000	0.3095
391	186.7218	55.8962	0.0000	0.3103
392	186.7218	62.0084	0.0000	0.3111
393	186.7218	55.0423	0.0000	0.3119
394	186.7218	51.0167	0.0000	0.3131
395	186.7218	50.9734	0.0000	0.3139
396	186.7218	52.9364	0.0000	0.3148
397	186.6738	47.1383	0.0000	0.3157
398	186.6738	57.7963	0.0000	0.3166
399	186.6738	54.3742	0.0000	0.3175
400	186.6738	52.2652	0.0000	0.3183
401	186.6738	47.9953	0.0000	0.3190
402	186.6738	45.6525	0.0000	0.3199
403	186.6738	56.0970	0.0000	0.3207
404	186.6738	52.3495	0.0000	0.3215
405	186.6738	50.4427	0.0000	0.3222
406	186.6738	55.2019	0.0000	0.3229
407	186.6738	54.1706	0.0000	0.3237
408	186.6738	52.2326	0.0000	0.3246
409	186.6738	57.7943	0.0000	0.3253
410	186.6738	58.6206	0.0000	0.3260
411	186.6738	56.2913	0.0000	0.3267
412	186.6738	56.9865	0.0000	0.3275
413	186.6738	57.9851	0.0000	0.3283
414	186.6738	55.7367	0.0000	0.3292
415	186.6738	55.5854	0.0000	0.3299
416	186.6738	58.3718	0.0000	0.3306
417	186.6738	56.0889	0.0000	0.3314
418	186.6738	59.8272	0.0000	0.3322
419	186.6738	64.6527	0.0000	0.3332
420	186.7305	55.4349	0.0000	0.3340
421	186.7305	62.6993	0.0000	0.3348
422	186.7305	65.6992	0.0000	0.3355
423	186.7305	58.4718	0.0000	0.3363
424	186.7305	60.7447	0.0000	0.3370
425	186.7305	59.6188	0.0000	0.3376
426	186.7305	59.4883	0.0000	0.3384
427	186.7305	61.1590	0.0000	0.3391
428	186.7305	68.5099	0.0000	0.3399
429	186.7305	69.9892	0.0000	0.3406
430	186.7305	67.2086	0.0000	0.3413
431	186.7305	59.7087	0.0000	0.3422
432	186.7305	67.7704	0.0000	0.3430
433	186.7305	69.9034	0.0000	0.3438
434	186.7305	68.2039	0.0000	0.3447
435	186.7305	63.0793	0.0000	0.3454
436	186.7305	59.8588	0.0000	0.3461
437	186.7305	65.4256	0.0000	0.3469
438	186.7305	66.1986	0.0000	0.3480
439	186.7305	66.9595	0.0000	0.3488
440	186.7305	59.2511	0.0000	0.3496
441	186.7305	58.4561	0.0000	0.3505
442	186.7305	61.7278	0.0000	0.3513
443	186.7305	63.6037	0.0000	0.3522
444	186.7305	56.6162	0.0000	0.3530
445	186.7305	61.5256	0.0000	0.3539
446	186.7305	65.7290	0.0000	0.3559
447	186.7305	53.9439	0.0000	0.3567
448	186.7305	55.3789	0.0000	0.3575
449	186.7305	59.5513	0.0000	0.3584
450	186.7305	56.6497	0.0000	0.3592
451	186.7305	54.5336	0.0000	0.3601
452	186.7305	59.7479	0.0000	0.3611
453	186.7305	65.9466	0.0000	0.3620
454	186.7305	55.7601	0.0000	0.3628
455	186.7305	57.5851	0.0000	0.3636
456	186.7305	58.1870	0.0000	0.3645
457	186.7305	51.6568	0.0000	0.3653
458	186.7305	55.3030	0.0000	0.3663
459	186.7305	56.1890	0.0000	0.3672
460	186.7305	53.4026	0.0000	0.3683
461	186.7305	50.0147	0.0000	0.3694
462	186.7305	55.3364	0.0000	0.3705
463	186.7305	52.6767	0.0000	0.3717
464	186.7305	53.8118	0.0000	0.3726
465	186.7305	49.5080	0.0000	0.3733
466	186.7305	50.4952	0.0000	0.3742
467	186.7305	55.1219	0.0000	0.3750
468	186.7305	53.3106	0.0000	0.3758
469	186.7305	60.4848	0.0000	0.3765
470	186.7305	53.6875	0.0000	0.3773
471	186.7305	51.5776	0.0000	0.3783
472	186.7305	49.1423	0.0000	0.3790
473	186.7305	55.1048	0.0000	0.3798
474	186.7305	58.0775	0.0000	0.3806
475	186.7305	53.0489	0.0000	0.3815
476	186.7305	61.5018	0.0000	0.3822
477	186.7305	59.0736	0.0000	0.3830
478	186.7305	63.0271	0.0000	0.3838
479	186.7305	63.6085	0.0000	0.3847
480	186.7305	55.7596	0.0000	0.3856
481	186.7305	58.2828	0.0000	0.3865
482	186.7305	54.5089	0.0000	0.3874
483	186.7305	58.3851	0.0000	0.3883
484	186.7305	63.4293	0.0000	0.3892
485	186.7305	61.3818	0.0000	0.3902
486	186.7305	63.8504	0.0000	0.3912
487	186.7305	55.6098	0.0000	0.3919
488	186.7305	61.4967	0.0000	0.3927
489	186.7305	56.9539	0.0000	0.3934
490	186.7305	61.5740	0.0000	0.3942
491	186.7305	58.5622	0.0000	0.3950
492	186.7305	66.2983	0.0000	0.3959
493	186.7305	62.2203	0.0000	0.3967
494	186.7305	62.3762	0.0000	0.3975
495	186.7305	71.4869	0.0000	0.3983
496	186.7305	67.4502	0.0000	0.3992
497	186.7305	62.2554	0.0000	0.4000
498	186.7305	64.5349	0.0000	0.4010
499	186.7305	64.2509	0.0000	0.4017
500	186.7305	68.7074	0.0000	0.4025
501	186.7305	65.9217	0.0000	0.4032
502	186.7305	70.8291	0.0000	0.4042
503	186.7305	63.4930	0.0000	0.4049
504	186.7305	67.5639	0.0000	0.4058
505	186.7305	70.8545	0.0000	0.4066
506	186.7305	63.2805	0.0000	0.4075
507	186.7305	57.2977	0.0000	0.4083
508	186.7305	61.7985	0.0000	0.4091
509	186.7305	67.3540	0.0000	0.4098
510	186.7305	67.8336	0.0000	0.4117
511	186.7305	59.1380	0.0000	0.4128
512	186.7305	63.3480	0.0000	0.4135
513	186.7305	70.4193	0.0000	0.4143
514	186.7305	56.9604	0.0000	0.4151
515	186.7305	62.2609	0.0000	0.4163
516	186.7305	62.6231	0.0000	0.4173
517	186.7305	55.6832	0.0000	0.4181
518	186.7305	63.5050	0.0000	0.4190
519	186.7305	57.7334	0.0000	0.4200
520	186.7305	65.0952	0.0000	0.4209
521	186.7305	62.2893	0.0000	0.4219
522	186.7305	61.1907	0.0000	0.4230
523	186.7305	57.7970	0.0000	0.4239
524	186.7305	57.7560	0.0000	0.4250
525	186.7305	56.6488	0.0000	0.4264
526	186.7305	56.2721	0.0000	0.4274
527	186.7305	62.7835	0.0000	0.4283
528	186.7305	58.7830	0.0000	0.4295
529	186.7305	52.4785	0.0000	0.4305
530	186.7305	60.9178	0.0000	0.4314
531	186.7305	54.7688	0.0000	0.4324
532	186.7305	59.8685	0.0000	0.4334
533	186.7305	66.8902	0.0000	0.4342
534	186.7305	58.0759	0.0000	0.4351
535	186.7305	57.1960	0.0000	0.4361
536	186.7305	56.5548	0.0000	0.4369
537	186.7305	64.0559	0.0000	0.4378
538	186.7305	59.3701	0.0000	0.4386
539	186.7305	63.8754	0.0000	0.4394
540	186.7305	62.1238	0.0000	0.4402
541	186.7305	60.7812	0.0000	0.4409
542	186.7305	64.2218	0.0000	0.4418
543	186.7305	68.4023	0.0000	0.4427
544	186.7305	62.3964	0.0000	0.4436
545	186.7305	65.5060	0.0000	0.4444
546	186.7305	64.5678	0.0000	0.4453
547	186.7305	66.0325	0.0000	0.4462
548	186.7305	65.9003	0.0000	0.4470
549	186.7305	55.6856	0.0000	0.4481
550	186.7305	65.1508	0.0000	0.4489
551	186.7305	56.5400	0.0000	0.4497
552	186.7305	63.3848	0.0000	0.4506
553	186.7305	65.7188	0.0000	0.4515
554	186.7305	67.0527	0.0000	0.4523
555	186.7305	60.9087	0.0000	0.4533
556	186.7305	63.9304	0.0000	0.4543
557	186.7305	68.9617	0.0000	0.4551
558	186.7305	62.3062	0.0000	0.4558
559	186.7305	63.9302	0.0000	0.4567
560	186.7305	68.5129	0.0000	0.4576
561	186.7305	63.4731	0.0000	0.4588
562	186.7305	68.4167	0.0000	0.4599
563	186.7305	70.9356	0.0000	0.4608
564	186.7305	66.5890	0.0000	0.4616
565	186.7305	67.2142	0.0000	0.4625
566	186.7305	71.1331	0.0000	0.4634
567	186.7305	77.2770	0.0000	0.4642
568	186.7305	71.2336	0.0000	0.4652
569	186.7305	62.7162	0.0000	0.4660
570	186.7305	69.2917	0.0000	0.4669
571	186.7305	64.2754	0.0000	0.4677
572	186.7305	72.9270	0.0000	0.4685
573	186.7305	71.8517	0.0000	0.4692
574	186.7305	80.1415	0.0000	0.4709
575	186.7305	73.9991	0.0000	0.4718
576	186.7305	74.0685	0.0000	0.4726
577	186.7305	73.2972	0.0000	0.4737
578	186.7305	67.5197	0.0000	0.4749
579	186.7305	70.7943	0.0000	0.4758
580	186.7305	65.4467	0.0000	0.4770
581	186.7305	69.0694	0.0000	0.4779
582	186.7305	73.4722	0.0000	0.4788
583	186.7305	60.4673	0.0000	0.4797
584	186.7305	68.0819	0.0000	0.4805
585	186.7305	66.5663	0.0000	0.4814
586	186.7305	72.5291	0.0000	0.4823
587	186.7305	67.9080	0.0000	0.4831
588	186.7305	71.9993	0.0000	0.4843
589	186.7305	71.2934	0.0000	0.4853
590	186.7305	71.2283	0.0000	0.4861
591	186.7305	67.1134	0.0000	0.4870
592	186.7305	65.3370	0.0000	0.4878
593	186.7305	63.2676	0.0000	0.4886
594	186.7305	66.0333	0.0000	0.4895
595	186.7305	71.9615	0.0000	0.4903
596	186.7305	59.5201	0.0000	0.4912
597	186.7305	65.4752	0.0000	0.4920
598	186.7305	69.8013	0.0000	0.4929
599	186.7305	69.0271	0.0000	0.4937
600	186.7305	67.3583	0.0000	0.4945
601	186.7305	75.3421	0.0000	0.4954
602	186.7305	78.5345	0.0000	0.4962
603	186.7305	72.6061	0.0000	0.4971
604	186.7305	73.5454	0.0000	0.4978
605	186.7169	69.0176	0.0000	0.4991
606	186.7169	74.4613	0.0000	0.5002
607	186.7169	66.7931	0.0000	0.5010
608	186.7169	66.6240	0.0000	0.5017
609	186.7169	71.1700	0.0000	0.5024
610	186.7169	73.2078	0.0000	0.5034
611	186.7169	67.4061	0.0000	0.5042
612	186.7169	68.4856	0.0000	0.5050
613	186.7169	72.4837	0.0000	0.5058
614	186.7169	77.0812	0.0000	0.5066
615	186.7169	71.0090	0.0000	0.5074
616	186.7169	72.1385	0.0000	0.5082
617	186.7214	78.3489	0.0000	0.5091
618	186.7214	70.1833	0.0000	0.5099
619	186.7214	67.9238	0.0000	0.5106
620	186.7214	75.9127	0.0000	0.5114
621	186.7214	75.4435	0.0000	0.5123
622	186.7214	65.4203	0.0000	0.5130
623	186.7214	75.0882	0.0000	0.5137
624	186.7214	78.0238	0.0000	0.5145
625	186.7214	71.6227	0.0000	0.5153
626	186.7214	79.6699	0.0000	0.5162
627	186.7214	66.5797	0.0000	0.5169
628	186.7214	72.2321	0.0000	0.5176
629	186.7214	68.6955	0.0000	0.5184
630	186.7214	77.7884	0.0000	0.5192
631	186.7214	82.7896	0.0000	0.5200
632	186.7214	72.5974	0.0000	0.5208
633	186.7214	76.4413	0.0000	0.5216
634	186.7214	72.4871	0.0000	0.5225
635	186.7214	72.5043	0.0000	0.5233
636	186.7214	75.1576	0.0000	0.5241
637	186.7214	75.6876	0.0000	0.5251
638	186.7214	72.4699	0.0000	0.5268
639	186.7214	77.8919	0.0000	0.5279
640	186.7214	65.3084	0.0000	0.5290
641	186.7214	69.0630	0.0000	0.5301
642	186.7214	57.5471	0.0000	0.5312
643	186.7214	63.9262	0.0000	0.5323
644	186.7214	60.7978	0.0000	0.5335
645	186.7214	62.9992	0.0000	0.5344
646	186.7214	60.7727	0.0000	0.5354
647	186.7214	61.4465	0.0000	0.5363
648	186.7214	63.9046	0.0000	0.5374
649	186.7169	61.0453	0.0000	0.5386
650	186.7169	56.0585	0.0000	0.5394
651	186.7169	61.0930	0.0000	0.5401
652	186.7169	57.9222	0.0000	0.5413
653	186.7169	58.3117	0.0000	0.5423
654	186.7169	58.9010	0.0000	0.5431
655	186.7169	54.6549	0.0000	0.5442
656	186.7169	60.4700	0.0000	0.5450
657	186.7169	54.8453	0.0000	0.5460
658	186.7169	62.9817	0.0000	0.5469
659	186.7169	62.8596	0.0000	0.5477
660	186.7169	60.1938	0.0000	0.5486
661	186.7169	63.9668	0.0000	0.5496
662	186.7169	60.7258	0.0000	0.5505
663	186.7169	62.2259	0.0000	0.5512
664	186.7169	60.4945	0.0000	0.5520
665	186.7169	59.8913	0.0000	0.5527
666	186.7169	64.6495	0.0000	0.5535
667	186.7169	57.0956	0.0000	0.5542
668	186.7169	62.6687	0.0000	0.5550
669	186.7169	63.4577	0.0000	0.5557
670	186.7169	62.2845	0.0000	0.5565
671	186.7169	65.4858	0.0000	0.5573
672	186.7169	63.4337	0.0000	0.5581
673	186.7169	60.1735	0.0000	0.5589
674	186.7169	72.2268	0.0000	0.5599
675	186.7169	67.1724	0.0000	0.5606
676	186.7169	69.2218	0.0000	0.5615
677	186.7169	64.8946	0.0000	0.5622
678	186.7169	66.4654	0.0000	0.5630
679	186.7169	65.0072	0.0000	0.5637
680	186.7202	64.6147	0.0000	0.5644
681	186.7202	67.2013	0.0000	0.5651
682	186.7202	63.1185	0.0000	0.5658
683	186.7202	66.9398	0.0000	0.5665
684	186.7202	64.5903	0.0000	0.5672
685	186.7202	67.3445	0.0000	0.5681
686	186.7202	66.6060	0.0000	0.5688
687	186.7202	65.7542	0.0000	0.5695
688	186.7202	69.7043	0.0000	0.5703
689	186.7202	60.2333	0.0000	0.5710
690	186.7202	67.3830	0.0000	0.5718
691	186.7202	63.3537	0.0000	0.5726
692	186.7202	66.6799	0.0000	0.5733
693	186.7202	70.6667	0.0000	0.5740
694	186.7202	61.7231	0.0000	0.5747
695	186.7202	67.4714	0.0000	0.5756
696	186.7202	63.1060	0.0000	0.5762
697	186.7202	59.4771	0.0000	0.5770
698	186.7202	64.5773	0.0000	0.5780
699	186.7202	60.8560	0.0000	0.5787
700	186.7202	57.1729	0.0000	0.5794
701	186.7202	68.4527	0.0000	0.5802
702	186.7202	61.0654	0.0000	0.5816
703	186.7202	65.1093	0.0000	0.5824
704	186.7202	54.9794	0.0000	0.5832
705	186.7202	69.8096	0.0000	0.5843
706	186.7202	57.1127	0.0000	0.5853
707	186.7202	64.6978	0.0000	0.5863
708	186.7202	64.6159	0.0000	0.5872
709	186.7202	64.5132	0.0000	0.5880
710	186.7202	58.5351	0.0000	0.5889
711	186.7202	59.3934	0.0000	0.5898
712	186.7202	53.5891	0.0000	0.5907
713	186.7202	60.5939	0.0000	0.5921
714	186.7202	59.6174	0.0000	0.5930
715	186.7202	64.1305	0.0000	0.5939
716	186.7202	60.4822	0.0000	0.5950
717	186.7202	64.3931	0.0000	0.5960
718	186.7202	60.3266	0.0000	0.5967
719	186.7202	65.1795	0.0000	0.5976
720	186.7202	69.1369	0.0000	0.5984
721	186.7202	59.5043	0.0000	0.5992
722	186.7202	54.4390	0.0000	0.6000
723	186.7202	57.4875	0.0000	0.6010
724	186.7202	60.3532	0.0000	0.6018
725	186.7202	60.4700	0.0000	0.6027
726	186.7202	61.0818	0.0000	0.6035
727	186.7202	64.4060	0.0000	0.6042
728	186.7202	59.7113	0.0000	0.6049
729	186.7202	56.0225	0.0000	0.6057
730	186.7202	55.6704	0.0000	0.6064
731	186.7202	63.6493	0.0000	0.6070
732	186.7202	65.9304	0.0000	0.6079
733	186.7202	62.0970	0.0000	0.6088
734	186.7202	61.2791	0.0000	0.6095
735	186.7202	63.0639	0.0000	0.6104
736	186.7202	64.1505	0.0000	0.6111
737	186.7202	67.0510	0.0000	0.6119
738	186.7202	63.9231	0.0000	0.6126
739	186.7202	64.6813	0.0000	0.6134
740	186.7202	71.1466	0.0000	0.6143
741	186.7202	70.3666	0.0000	0.6150
742	186.7202	68.6234	0.0000	0.6158
743	186.7202	69.9391	0.0000	0.6166
744	186.7202	64.3098	0.0000	0.6175
745	186.7202	62.7912	0.0000	0.6182
746	186.7202	70.5413	0.0000	0.6189
747	186.7202	71.9287	0.0000	0.6196
748	186.7202	73.3731	0.0000	0.6203
749	186.7202	65.5307	0.0000	0.6210
750	186.7202	74.1919	0.0000	0.6217
751	186.7202	70.0138	0.0000	0.6224
752	186.7202	73.7218	0.0000	0.6231
753	186.7202	72.0196	0.0000	0.6240
754	186.7202	71.5664	0.0000	0.6247
755	186.7202	69.1253	0.0000	0.6257
756	186.7202	74.1463	0.0000	0.6265
757	186.7202	71.9782	0.0000	0.6274
758	186.7202	78.7531	0.0000	0.6283
759	186.7202	69.7992	0.0000	0.6292
760	186.7202	73.3411	0.0000	0.6300
761	186.7202	71.1321	0.0000	0.6310
762	186.7202	71.8305	0.0000	0.6319
763	186.7202	75.7813	0.0000	0.6326
764	186.7202	75.7706	0.0000	0.6333
765	186.7202	70.0486	0.0000	0.6342
766	186.7202	76.2714	0.0000	0.6354
767	186.7202	63.9752	0.0000	0.6362
768	186.7202	68.8994	0.0000	0.6370
769	186.7202	71.9216	0.0000	0.6380
770	186.7202	71.8430	0.0000	0.6390
771	186.7202	60.4816	0.0000	0.6401
772	186.7202	64.3460	0.0000	0.6408
773	186.7202	70.1903	0.0000	0.6416
774	186.7202	69.2300	0.0000	0.6426
775	186.7202	67.5780	0.0000	0.6435
776	186.7202	66.0636	0.0000	0.6444
777	186.7202	63.3876	0.0000	0.6454
778	186.7290	61.0320	0.0000	0.6462
779	186.7290	66.6447	0.0000	0.6470
780	186.7290	63.0416	0.0000	0.6480
781	186.7290	62.8211	0.0000	0.6491
782	186.7290	58.2503	0.0000	0.6501
783	186.7290	58.0602	0.0000	0.6512
784	186.7290	58.7819	0.0000	0.6521
785	186.7290	56.7618	0.0000	0.6530
786	186.7290	57.0127	0.0000	0.6539
787	186.7290	61.7178	0.0000	0.6547
788	186.7290	56.5270	0.0000	0.6558
789	186.7290	55.7363	0.0000	0.6567
790	186.7290	53.6294	0.0000	0.6577
791	186.7290	54.8164	0.0000	0.6584
792	186.7290	59.3908	0.0000	0.6592
793	186.7290	54.5667	0.0000	0.6600
794	186.7290	56.3610	0.0000	0.6607
795	186.7290	58.8057	0.0000	0.6614
796	186.7290	57.8735	0.0000	0.6621
797	186.7290	56.2782	0.0000	0.6630
798	186.7290	61.6465	0.0000	0.6639
799	186.7290	55.9131	0.0000	0.6647
800	186.7290	62.8820	0.0000	0.6654
801	186.7290	60.7139	0.0000	0.6661
802	186.7290	58.3944	0.0000	0.6668
803	186.7290	54.0960	0.0000	0.6676
804	186.7290	67.5692	0.0000	0.6684
805	186.7290	64.1417	0.0000	0.6690
806	186.7290	61.0866	0.0000	0.6698
807	186.7290	62.0169	0.0000	0.6707
808	186.7290	66.7292	0.0000	0.6715
809	186.7290	64.3173	0.0000	0.6723
810	186.7290	65.6323	0.0000	0.6730
811	186.7290	62.4345	0.0000	0.6736
812	186.7290	61.9026	0.0000	0.6744
813	186.7290	60.3058	0.0000	0.6754
814	186.7290	60.9405	0.0000	0.6761
815	186.7290	65.7798	0.0000	0.6769
816	186.7290	61.0635	0.0000	0.6776
817	186.7290	69.0433	0.0000	0.6785
818	186.7290	68.4673	0.0000	0.6792
819	186.7290	64.4307	0.0000	0.6801
820	186.7290	70.1688	0.0000	0.6809
821	186.7290	58.8878	0.0000	0.6816
822	186.7290	69.7740	0.0000	0.6823
823	186.7290	64.9616	0.0000	0.6829
824	186.7290	61.0309	0.0000	0.6838
825	186.7290	65.6078	0.0000	0.6846
826	186.7290	68.3511	0.0000	0.6853
827	186.7290	69.5150	0.0000	0.6860
828	186.7290	73.0507	0.0000	0.6868
829	186.7290	67.1356	0.0000	0.6875
830	186.7290	63.8354	0.0000	0.6884
831	186.7290	62.9897	0.0000	0.6892
832	186.7290	69.7931	0.0000	0.6900
833	186.7290	61.3047	0.0000	0.6909
834	186.7290	74.0330	0.0000	0.6918
835	186.7290	65.8187	0.0000	0.6929
836	186.7290	68.0125	0.0000	0.6937
837	186.7290	75.1295	0.0000	0.6946
838	186.7290	78.8220	0.0000	0.6955
839	186.7290	68.9460	0.0000	0.6964
840	186.7290	64.9343	0.0000	0.6974
841	186.7290	63.0033	0.0000	0.6983
842	186.7290	72.5300	0.0000	0.6990
843	186.7290	70.2732	0.0000	0.6999
844	186.7290	67.8502	0.0000	0.7011
845	186.7290	59.3821	0.0000	0.7023
846	186.7290	66.6413	0.0000	0.7033
847	186.7290	61.4121	0.0000	0.7046
848	186.7290	60.5353	0.0000	0.7055
849	186.7290	52.0936	0.0000	0.7064
850	186.7290	57.6381	0.0000	0.7075
851	186.7290	59.5153	0.0000	0.7085
852	186.7290	59.3729	0.0000	0.7095
853	186.7290	61.6284	0.0000	0.7106
854	186.7290	57.3668	0.0000	0.7117
855	186.7290	63.7422	0.0000	0.7127
856	186.7290	60.6084	0.0000	0.7136
857	186.7290	70.1444	0.0000	0.7145
858	186.7290	65.5373	0.0000	0.7154
859	186.7290	71.4989	0.0000	0.7162
860	186.7290	70.2437	0.0000	0.7173
861	186.7290	65.6210	0.0000	0.7183
862	186.7290	72.1326	0.0000	0.7194
863	186.7290	74.1051	0.0000	0.7202
864	186.7290	65.3236	0.0000	0.7210
865	186.7290	70.1847	0.0000	0.7218
866	186.7290	68.6260	0.0000	0.7227
867	186.7290	71.8623	0.0000	0.7235
868	186.7290	69.8270	0.0000	0.7244
869	186.7290	75.0448	0.0000	0.7251
870	186.7290	69.3453	0.0000	0.7259
871	186.7290	68.1063	0.0000	0.7267
872	186.7290	71.7586	0.0000	0.7277
873	186.7290	80.1531	0.0000	0.7286
874	186.7290	75.6566	0.0000	0.7294
875	186.7290	71.4822	0.0000	0.7301
876	186.7290	72.1645	0.0000	0.7308
877	186.7290	69.3327	0.0000	0.7316
878	186.7290	72.1852	0.0000	0.7323
879	186.7290	77.3770	0.0000	0.7331
880	186.7290	78.9308	0.0000	0.7338
881	186.7290	80.5349	0.0000	0.7348
882	186.7290	77.9490	0.0000	0.7355
883	186.7290	80.6770	0.0000	0.7363
884	186.7290	74.0219	0.0000	0.7371
885	186.7290	78.2779	0.0000	0.7380
886	186.7290	74.0919	0.0000	0.7387
887	186.7290	75.3484	0.0000	0.7396
888	186.7290	80.9520	0.0000	0.7405
889	186.7290	76.6857	0.0000	0.7413
890	186.7290	74.6149	0.0000	0.7421
891	186.7290	75.4644	0.0000	0.7430
892	186.7290	81.5377	0.0000	0.7438
893	186.7290	79.3896	0.0000	0.7446
894	186.7290	75.0762	0.0000	0.7456
895	186.7290	72.8741	0.0000	0.7464
896	186.7290	76.1608	0.0000	0.7472
897	186.7290	72.8209	0.0000	0.7482
898	186.7290	78.8070	0.0000	0.7492
899	186.7290	72.8930	0.0000	0.7505
900	186.7290	69.3494	0.0000	0.7513
901	186.7290	66.6745	0.0000	0.7523
902	186.7290	75.7173	0.0000	0.7532
903	186.7290	71.9007	0.0000	0.7540
904	186.7290	73.4792	0.0000	0.7549
905	186.7290	76.6240	0.0000	0.7560
906	186.7290	68.5126	0.0000	0.7567
907	186.7290	72.2589	0.0000	0.7575
908	186.7290	73.0726	0.0000	0.7586
909	186.7290	75.2896	0.0000	0.7595
910	186.7290	68.6115	0.0000	0.7605
911	186.7290	66.8077	0.0000	0.7615
912	186.7290	66.4905	0.0000	0.7627
913	186.7290	67.7913	0.0000	0.7634
914	186.7290	67.6375	0.0000	0.7644
915	186.7290	60.0172	0.0000	0.7656
916	186.7290	57.8871	0.0000	0.7666
917	186.7290	59.4632	0.0000	0.7675
918	186.7290	62.5426	0.0000	0.7683
919	186.7290	66.6176	0.0000	0.7694
920	186.7290	64.3418	0.0000	0.7701
921	186.7290	63.0612	0.0000	0.7709
922	186.7290	64.7594	0.0000	0.7719
923	186.7290	58.2865	0.0000	0.7727
924	186.7290	59.6994	0.0000	0.7735
925	186.7290	69.8374	0.0000	0.7744
926	186.7290	65.2300	0.0000	0.7754
927	186.7290	59.2692	0.0000	0.7765
928	186.7290	56.0462	0.0000	0.7774
929	186.7290	61.5356	0.0000	0.7781
930	186.7290	59.1312	0.0000	0.7789
931	186.7290	61.0153	0.0000	0.7797
932	186.7290	56.4274	0.0000	0.7805
Pos: [-0.7995402617480595, 4.857557046717522]

=================================================================================================================