ID: shubert	Date: 2019-05-03 17:07:07	Runs: 1
=================================================================================================================
Run: 0
Iter	Gbest	AvrFit	Diver	ETime	
0	127.9055	12.0358	0.0000	0.0005
1	127.9055	13.9315	0.0000	0.0010
2	127.9055	19.6671	0.0000	0.0016
3	127.9055	22.0598	0.0000	0.0021
4	183.4200	29.9227	0.0000	0.0024
5	183.4200	23.8251	0.0000	0.0028
6	183.4200	28.6643	0.0000	0.0032
7	183.4200	29.2431	0.0000	0.0036
8	183.4200	36.1453	0.0000	0.0039
9	183.4200	33.3006	0.0000	0.0043
10	183.4200	32.0601	0.0000	0.0046
11	184.2541	42.4831	0.0000	0.0050
12	184.2541	47.0309	0.0000	0.0053
13	184.2541	45.8835	0.0000	0.0059
14	184.2541	48.5890	0.0000	0.0064
15	184.2541	40.0200	0.0000	0.0068
16	184.2541	53.0860	0.0000	0.0071
17	184.2541	49.8177	0.0000	0.0075
18	184.2541	53.2950	0.0000	0.0078
19	184.2541	50.1648	0.0000	0.0083
20	184.2541	52.5084	0.0000	0.0087
21	184.2541	58.1740	0.0000	0.0091
22	184.2541	57.7015	0.0000	0.0094
23	184.2541	64.5249	0.0000	0.0098
24	184.2541	56.4979	0.0000	0.0102
25	184.2541	65.7776	0.0000	0.0106
26	184.2541	63.2816	0.0000	0.0109
27	184.2541	68.8901	0.0000	0.0113
28	184.2541	69.9676	0.0000	0.0116
29	184.2541	59.9869	0.0000	0.0120
30	184.2541	71.0914	0.0000	0.0124
31	184.2541	67.9619	0.0000	0.0127
32	184.2541	75.1664	0.0000	0.0131
33	184.2541	70.5655	0.0000	0.0134
34	184.2541	64.7226	0.0000	0.0138
35	184.2541	67.7521	0.0000	0.0141
36	184.2541	77.6541	0.0000	0.0145
37	184.2541	67.7109	0.0000	0.0150
38	185.9930	72.3360	0.0000	0.0154
39	185.9930	70.8477	0.0000	0.0158
40	185.9930	78.0677	0.0000	0.0161
41	185.9930	74.2957	0.0000	0.0165
42	185.9930	78.2308	0.0000	0.0169
43	185.9930	84.1938	0.0000	0.0173
44	185.9930	78.8391	0.0000	0.0177
45	185.9930	70.2859	0.0000	0.0180
46	185.9930	79.4934	0.0000	0.0184
47	185.9930	74.2794	0.0000	0.0188
48	185.9930	86.5580	0.0000	0.0191
49	185.9930	76.2570	0.0000	0.0195
50	185.9930	84.8244	0.0000	0.0200
51	185.9930	77.9861	0.0000	0.0203
52	185.9930	86.2095	0.0000	0.0207
53	185.9930	80.0766	0.0000	0.0211
54	185.9930	77.5941	0.0000	0.0215
55	186.0237	84.2102	0.0000	0.0218
56	186.0237	88.1229	0.0000	0.0222
57	186.0237	75.4796	0.0000	0.0225
58	186.0471	84.1841	0.0000	0.0229
59	186.0471	87.6084	0.0000	0.0233
60	186.0471	88.9175	0.0000	0.0237
61	186.0471	84.8250	0.0000	0.0241
62	186.0471	80.1773	0.0000	0.0244
63	186.0471	81.3305	0.0000	0.0248
64	186.0471	85.7675	0.0000	0.0252
65	186.0471	90.0367	0.0000	0.0256
66	186.4343	84.7136	0.0000	0.0260
67	186.4343	77.5388	0.0000	0.0264
68	186.4343	88.1750	0.0000	0.0268
69	186.6823	91.2349	0.0000	0.0273
70	186.6823	78.0798	0.0000	0.0277
71	186.6823	86.1888	0.0000	0.0281
72	186.6823	81.6294	0.0000	0.0285
73	186.6823	88.7770	0.0000	0.0290
74	186.6823	91.1017	0.0000	0.0294
75	186.6823	93.3268	0.0000	0.0297
76	186.6823	86.2645	0.0000	0.0301
77	186.6823	86.9751	0.0000	0.0305
78	186.6823	91.8830	0.0000	0.0308
79	186.6823	86.8040	0.0000	0.0311
80	186.6823	99.4859	0.0000	0.0315
81	186.6823	96.8726	0.0000	0.0319
82	186.6823	95.5041	0.0000	0.0322
83	186.6823	86.2488	0.0000	0.0326
84	186.6823	95.5152	0.0000	0.0329
85	186.6823	89.3754	0.0000	0.0333
86	186.6823	94.0313	0.0000	0.0336
87	186.6823	90.1856	0.0000	0.0340
88	186.6823	88.1957	0.0000	0.0344
89	186.6823	91.6915	0.0000	0.0348
90	186.6823	82.7303	0.0000	0.0351
91	186.6823	95.2184	0.0000	0.0355
92	186.6823	96.2376	0.0000	0.0359
93	186.6823	88.6193	0.0000	0.0364
94	186.6823	88.0552	0.0000	0.0367
95	186.6823	87.4566	0.0000	0.0371
96	186.6823	94.6659	0.0000	0.0374
97	186.6823	84.5520	0.0000	0.0378
98	186.6823	96.3117	0.0000	0.0382
99	186.6823	98.7256	0.0000	0.0385
100	186.6823	90.6545	0.0000	0.0389
101	186.6823	100.2877	0.0000	0.0392
102	186.6925	98.5603	0.0000	0.0396
103	186.6925	98.6164	0.0000	0.0400
104	186.6925	92.2599	0.0000	0.0403
105	186.6925	89.2905	0.0000	0.0407
106	186.6925	89.2442	0.0000	0.0412
107	186.7305	87.3892	0.0000	0.0416
108	186.7305	98.3021	0.0000	0.0420
109	186.7305	97.2818	0.0000	0.0424
110	186.7305	93.0235	0.0000	0.0428
111	186.7305	89.9899	0.0000	0.0432
112	186.7305	81.6643	0.0000	0.0435
113	186.7305	95.5160	0.0000	0.0440
114	186.7305	98.3118	0.0000	0.0444
115	186.7305	88.1692	0.0000	0.0447
116	186.7305	94.3451	0.0000	0.0451
117	186.7305	92.1419	0.0000	0.0454
118	186.7305	91.4136	0.0000	0.0458
119	186.7305	90.3464	0.0000	0.0462
120	186.7305	95.7190	0.0000	0.0465
121	186.7305	97.2649	0.0000	0.0469
122	186.7305	96.8152	0.0000	0.0472
123	186.7305	86.4165	0.0000	0.0476
124	186.7305	100.1383	0.0000	0.0479
125	186.7305	95.5983	0.0000	0.0483
126	186.7305	101.9979	0.0000	0.0487
127	186.7305	103.2014	0.0000	0.0491
128	186.7305	94.5326	0.0000	0.0494
129	186.7305	90.0209	0.0000	0.0498
130	186.7305	97.0572	0.0000	0.0503
131	186.7305	92.9073	0.0000	0.0506
132	186.7305	103.2965	0.0000	0.0510
133	186.7305	93.4944	0.0000	0.0513
134	186.7305	101.0746	0.0000	0.0517
135	186.7305	90.2290	0.0000	0.0520
136	186.7305	96.4377	0.0000	0.0524
137	186.7305	90.8187	0.0000	0.0527
138	186.7305	92.3649	0.0000	0.0531
139	186.7305	94.4993	0.0000	0.0535
140	186.7305	93.8447	0.0000	0.0538
141	186.7305	99.3358	0.0000	0.0542
142	186.7305	93.9618	0.0000	0.0546
143	186.7305	100.5292	0.0000	0.0550
144	186.7305	94.0892	0.0000	0.0554
145	186.7305	103.5445	0.0000	0.0558
146	186.7305	96.2568	0.0000	0.0562
147	186.7305	88.7743	0.0000	0.0566
148	186.7305	99.3604	0.0000	0.0569
149	186.6823	95.3122	0.0000	0.0579
150	186.6823	24.4489	0.0000	0.0582
151	186.6823	32.4023	0.0000	0.0586
152	186.6823	33.4494	0.0000	0.0589
153	186.6823	34.1033	0.0000	0.0592
154	186.6823	35.9775	0.0000	0.0596
155	186.6823	41.2336	0.0000	0.0599
156	186.6823	41.4051	0.0000	0.0603
157	186.6823	37.5717	0.0000	0.0607
158	186.6823	48.2969	0.0000	0.0610
159	186.6823	40.6120	0.0000	0.0614
160	186.6823	57.1685	0.0000	0.0617
161	186.6823	58.2221	0.0000	0.0621
162	186.6823	53.2516	0.0000	0.0624
163	186.6823	57.5962	0.0000	0.0628
164	186.6823	58.5878	0.0000	0.0631
165	186.6823	56.3369	0.0000	0.0635
166	186.6823	63.6943	0.0000	0.0639
167	186.6823	53.9358	0.0000	0.0643
168	186.6823	57.1557	0.0000	0.0647
169	186.6823	60.8155	0.0000	0.0652
170	186.6823	56.9337	0.0000	0.0655
171	186.6823	62.4595	0.0000	0.0659
172	186.6823	68.3785	0.0000	0.0663
173	186.6823	63.0826	0.0000	0.0666
174	186.6823	55.2762	0.0000	0.0670
175	186.6823	71.1343	0.0000	0.0673
176	186.6823	63.9181	0.0000	0.0677
177	186.6823	71.3961	0.0000	0.0680
178	186.6823	65.9740	0.0000	0.0684
179	186.6823	62.3633	0.0000	0.0688
180	186.6823	74.8406	0.0000	0.0692
181	186.6823	71.2585	0.0000	0.0696
182	186.6823	76.6332	0.0000	0.0700
183	186.6823	73.0054	0.0000	0.0704
184	186.6823	65.1937	0.0000	0.0708
185	186.6823	76.5875	0.0000	0.0711
186	186.6823	79.3376	0.0000	0.0715
187	186.6823	68.0819	0.0000	0.0719
188	186.6823	80.3811	0.0000	0.0722
189	186.6823	68.5460	0.0000	0.0726
190	186.6823	67.7482	0.0000	0.0729
191	186.6823	73.2861	0.0000	0.0733
192	186.6823	74.2883	0.0000	0.0737
193	186.6823	75.4305	0.0000	0.0740
194	186.6823	71.6602	0.0000	0.0744
195	186.6823	71.1041	0.0000	0.0748
196	186.6823	78.2651	0.0000	0.0752
197	186.6823	68.1468	0.0000	0.0755
198	186.6823	72.1390	0.0000	0.0758
199	186.6823	85.0312	0.0000	0.0762
200	186.6823	67.3824	0.0000	0.0766
201	186.6823	77.3228	0.0000	0.0769
202	186.6823	74.8773	0.0000	0.0773
203	186.6823	72.1198	0.0000	0.0777
204	186.6823	72.0441	0.0000	0.0780
205	186.6823	81.4132	0.0000	0.0784
206	186.6823	77.4470	0.0000	0.0787
207	186.6823	68.7778	0.0000	0.0791
208	186.6823	68.0638	0.0000	0.0795
209	186.6823	72.4162	0.0000	0.0798
210	186.6823	78.2040	0.0000	0.0802
211	186.6823	71.3517	0.0000	0.0805
212	186.6823	71.5915	0.0000	0.0809
213	186.6823	74.5638	0.0000	0.0812
214	186.6823	83.9369	0.0000	0.0817
215	186.6823	60.1855	0.0000	0.0820
216	186.6823	78.4861	0.0000	0.0824
217	186.6823	70.6903	0.0000	0.0829
218	186.6823	73.3262	0.0000	0.0832
219	186.6823	80.2226	0.0000	0.0836
220	186.6823	65.1611	0.0000	0.0839
221	186.6823	73.9448	0.0000	0.0843
222	186.6823	83.3946	0.0000	0.0846
223	186.6823	70.9336	0.0000	0.0850
224	186.6823	75.1874	0.0000	0.0853
225	186.6823	76.7618	0.0000	0.0859
226	186.6823	84.8525	0.0000	0.0866
227	186.6823	72.1221	0.0000	0.0872
228	186.6823	75.6527	0.0000	0.0879
229	186.6823	67.2051	0.0000	0.0886
230	186.6823	69.3340	0.0000	0.0892
231	186.6823	74.8789	0.0000	0.0899
232	186.6823	81.1681	0.0000	0.0904
233	186.6823	71.4698	0.0000	0.0907
234	186.6823	80.3470	0.0000	0.0911
235	186.6823	74.6390	0.0000	0.0915
236	186.6823	76.5451	0.0000	0.0918
237	186.6823	77.5280	0.0000	0.0922
238	186.6823	71.5387	0.0000	0.0925
239	186.6823	80.0599	0.0000	0.0929
240	186.6823	77.0390	0.0000	0.0932
241	186.6823	84.6104	0.0000	0.0936
242	186.6823	77.5849	0.0000	0.0940
243	186.6823	73.9662	0.0000	0.0943
244	186.6823	78.3016	0.0000	0.0947
245	186.6823	71.4521	0.0000	0.0950
246	186.6823	80.1350	0.0000	0.0954
247	186.6823	83.9705	0.0000	0.0957
248	186.6823	80.2231	0.0000	0.0961
249	186.6823	74.4040	0.0000	0.0965
250	186.6823	85.3848	0.0000	0.0968
251	186.6823	86.6101	0.0000	0.0972
252	186.6823	91.0027	0.0000	0.0976
253	186.6823	75.7017	0.0000	0.0979
254	186.6823	66.3800	0.0000	0.0982
255	186.6823	80.5863	0.0000	0.0986
256	186.7011	80.5133	0.0000	0.0989
257	186.7011	75.0473	0.0000	0.0993
258	186.7011	83.1927	0.0000	0.0996
259	186.7011	75.3571	0.0000	0.1000
260	186.7011	72.1807	0.0000	0.1004
261	186.7011	77.6041	0.0000	0.1007
262	186.7011	78.6613	0.0000	0.1011
263	186.7011	77.0638	0.0000	0.1014
264	186.7011	70.7833	0.0000	0.1018
265	186.7011	82.5405	0.0000	0.1021
266	186.7011	72.9244	0.0000	0.1025
267	186.7011	84.2413	0.0000	0.1028
268	186.7011	77.0746	0.0000	0.1032
269	186.7011	76.6937	0.0000	0.1036
270	186.7011	84.7429	0.0000	0.1039
271	186.7011	78.7301	0.0000	0.1043
272	186.7011	84.7452	0.0000	0.1046
273	186.7011	70.5961	0.0000	0.1050
274	186.7011	80.3848	0.0000	0.1054
275	186.7011	72.5544	0.0000	0.1057
276	186.7011	84.5097	0.0000	0.1062
277	186.7011	84.7725	0.0000	0.1065
278	186.7011	78.4859	0.0000	0.1069
279	186.7011	73.1811	0.0000	0.1073
280	186.7011	75.4037	0.0000	0.1077
281	186.7011	75.5755	0.0000	0.1081
282	186.7011	81.7080	0.0000	0.1085
283	186.7011	89.7664	0.0000	0.1089
284	186.7011	75.6633	0.0000	0.1093
285	186.7011	73.2223	0.0000	0.1097
286	186.7011	80.7499	0.0000	0.1100
287	186.7011	80.7664	0.0000	0.1104
288	186.7011	89.9770	0.0000	0.1108
289	186.7011	78.0577	0.0000	0.1112
290	186.7011	79.2846	0.0000	0.1116
291	186.7011	80.7186	0.0000	0.1122
292	186.7011	72.3905	0.0000	0.1127
293	186.7011	79.3555	0.0000	0.1131
294	186.7011	87.5528	0.0000	0.1136
295	186.7011	83.1017	0.0000	0.1140
296	186.7011	73.4928	0.0000	0.1144
297	186.7011	80.5993	0.0000	0.1148
298	186.7011	83.5834	0.0000	0.1151
299	186.7011	71.1840	0.0000	0.1155
300	186.7011	87.5012	0.0000	0.1167
301	186.7011	33.9375	0.0000	0.1171
302	186.7011	33.6902	0.0000	0.1175
303	186.7011	38.3398	0.0000	0.1178
304	186.7011	28.4245	0.0000	0.1182
305	186.7011	41.6296	0.0000	0.1185
306	186.7011	35.1954	0.0000	0.1189
307	186.7011	34.9170	0.0000	0.1193
308	186.7011	36.9707	0.0000	0.1197
309	186.7011	45.6652	0.0000	0.1201
310	186.7011	36.4632	0.0000	0.1204
311	186.7011	39.8099	0.0000	0.1208
312	186.7011	52.2254	0.0000	0.1211
313	186.7011	47.5711	0.0000	0.1215
314	186.7011	55.2974	0.0000	0.1219
315	186.7011	47.9967	0.0000	0.1222
316	186.7011	49.6222	0.0000	0.1226
317	186.7011	48.4309	0.0000	0.1230
318	186.7011	51.9615	0.0000	0.1233
319	186.7011	53.2370	0.0000	0.1237
320	186.7011	64.2315	0.0000	0.1241
321	186.7011	59.6025	0.0000	0.1244
322	186.7011	59.8434	0.0000	0.1248
323	186.7011	62.5420	0.0000	0.1251
324	186.7011	62.2990	0.0000	0.1255
325	186.7011	51.0441	0.0000	0.1259
326	186.7011	54.0673	0.0000	0.1262
327	186.7011	60.7245	0.0000	0.1266
328	186.7011	69.9956	0.0000	0.1269
329	186.7011	69.1975	0.0000	0.1273
330	186.7011	64.1801	0.0000	0.1276
331	186.7011	63.2412	0.0000	0.1280
332	186.7011	64.5682	0.0000	0.1284
333	186.7011	67.2582	0.0000	0.1287
334	186.7011	61.6602	0.0000	0.1291
335	186.7011	65.3840	0.0000	0.1295
336	186.7011	60.7484	0.0000	0.1298
337	186.7011	70.2998	0.0000	0.1302
338	186.7011	75.3019	0.0000	0.1305
339	186.7011	66.1022	0.0000	0.1309
340	186.7011	75.4261	0.0000	0.1312
341	186.7011	59.7971	0.0000	0.1316
342	186.7011	68.0716	0.0000	0.1319
343	186.7011	65.4788	0.0000	0.1323
344	186.7011	74.8116	0.0000	0.1327
345	186.7011	64.4721	0.0000	0.1330
346	186.7011	70.0397	0.0000	0.1334
347	186.7011	69.6292	0.0000	0.1337
348	186.7011	77.2236	0.0000	0.1341
349	186.7011	80.8300	0.0000	0.1344
350	186.7011	78.0066	0.0000	0.1348
351	186.7011	71.1720	0.0000	0.1352
352	186.7011	75.7912	0.0000	0.1355
353	186.7011	75.6727	0.0000	0.1359
354	186.7011	77.1370	0.0000	0.1362
355	186.7011	75.6931	0.0000	0.1366
356	186.7011	75.3439	0.0000	0.1369
357	186.7011	86.9527	0.0000	0.1373
358	186.7011	77.9536	0.0000	0.1376
359	186.7011	89.2605	0.0000	0.1380
360	186.7011	80.7810	0.0000	0.1384
361	186.7011	87.6490	0.0000	0.1387
362	186.7011	82.1083	0.0000	0.1391
363	186.7011	90.6932	0.0000	0.1394
364	186.7011	80.7832	0.0000	0.1398
365	186.7011	82.5988	0.0000	0.1401
366	186.7011	87.4789	0.0000	0.1405
367	186.7011	76.9080	0.0000	0.1409
368	186.7011	79.6271	0.0000	0.1412
369	186.7011	74.9329	0.0000	0.1416
370	186.7011	80.1750	0.0000	0.1419
371	186.7011	92.3431	0.0000	0.1423
372	186.7011	85.3289	0.0000	0.1427
373	186.7011	79.0442	0.0000	0.1430
374	186.7011	78.0802	0.0000	0.1434
375	186.7011	82.1277	0.0000	0.1437
376	186.7011	82.3390	0.0000	0.1441
377	186.7011	91.7937	0.0000	0.1445
378	186.7011	82.1008	0.0000	0.1448
379	186.7011	72.1992	0.0000	0.1452
380	186.7011	86.3893	0.0000	0.1455
381	186.7011	73.2579	0.0000	0.1459
382	186.7011	79.2562	0.0000	0.1463
383	186.7214	83.2258	0.0000	0.1466
384	186.7214	73.6691	0.0000	0.1470
385	186.7214	78.0586	0.0000	0.1473
386	186.7214	82.6392	0.0000	0.1477
387	186.7214	96.6504	0.0000	0.1480
388	186.7214	79.7789	0.0000	0.1484
389	186.7214	82.9501	0.0000	0.1488
390	186.7214	82.7536	0.0000	0.1492
391	186.7214	78.3182	0.0000	0.1495
392	186.7214	83.6017	0.0000	0.1499
393	186.7214	88.8860	0.0000	0.1502
394	186.7214	81.7865	0.0000	0.1506
395	186.7214	79.8385	0.0000	0.1510
396	186.7214	90.9293	0.0000	0.1513
397	186.7214	83.1697	0.0000	0.1517
398	186.7214	83.7117	0.0000	0.1520
399	186.7214	77.9811	0.0000	0.1524
400	186.7214	81.7712	0.0000	0.1527
401	186.7214	91.1059	0.0000	0.1531
402	186.7214	87.8865	0.0000	0.1535
403	186.7214	82.6483	0.0000	0.1538
404	186.7214	84.8613	0.0000	0.1542
405	186.7282	95.4981	0.0000	0.1545
406	186.7282	77.6724	0.0000	0.1549
407	186.7282	83.7892	0.0000	0.1553
408	186.7282	87.5090	0.0000	0.1556
409	186.7282	93.5253	0.0000	0.1559
410	186.7282	94.0266	0.0000	0.1563
411	186.7282	93.4310	0.0000	0.1567
412	186.7282	86.7303	0.0000	0.1570
413	186.7282	85.7936	0.0000	0.1574
414	186.7282	90.8019	0.0000	0.1578
415	186.7282	87.8669	0.0000	0.1581
416	186.7282	96.6258	0.0000	0.1585
417	186.7282	90.6394	0.0000	0.1589
418	186.7282	81.7206	0.0000	0.1592
419	186.7282	80.5115	0.0000	0.1596
420	186.7282	83.5223	0.0000	0.1599
421	186.7282	82.9397	0.0000	0.1603
422	186.7282	93.5873	0.0000	0.1606
423	186.7282	90.3276	0.0000	0.1610
424	186.7282	89.9552	0.0000	0.1614
425	186.7282	90.3136	0.0000	0.1617
426	186.7282	73.0349	0.0000	0.1621
427	186.7282	92.5625	0.0000	0.1624
428	186.7282	82.4855	0.0000	0.1628
429	186.7282	86.9087	0.0000	0.1631
430	186.7282	95.0494	0.0000	0.1635
431	186.7282	89.9726	0.0000	0.1639
432	186.7282	94.5855	0.0000	0.1643
433	186.7282	90.1858	0.0000	0.1646
434	186.7282	84.9797	0.0000	0.1651
435	186.7282	84.5992	0.0000	0.1655
436	186.7282	93.8183	0.0000	0.1659
437	186.7282	80.5256	0.0000	0.1662
438	186.7282	88.7598	0.0000	0.1666
439	186.7282	90.6371	0.0000	0.1669
440	186.7282	86.6352	0.0000	0.1673
441	186.7282	94.2903	0.0000	0.1676
442	186.7282	96.1605	0.0000	0.1680
443	186.7282	94.8837	0.0000	0.1684
444	186.7282	76.9350	0.0000	0.1687
445	186.7282	91.8901	0.0000	0.1691
446	186.7282	98.4926	0.0000	0.1695
447	186.7282	84.6532	0.0000	0.1698
448	186.7282	90.4122	0.0000	0.1702
449	186.7308	86.1319	0.0000	0.1706
450	186.7308	97.4113	0.0000	0.1710
451	186.7282	84.2854	0.0000	0.1724
452	186.7282	38.3163	0.0000	0.1727
453	186.7282	55.9263	0.0000	0.1731
454	186.7282	45.6990	0.0000	0.1735
455	186.7282	43.9326	0.0000	0.1739
456	186.7282	39.5749	0.0000	0.1743
457	186.7282	49.5234	0.0000	0.1747
458	186.7282	37.0136	0.0000	0.1751
459	186.7282	50.2734	0.0000	0.1754
460	186.7282	56.3084	0.0000	0.1758
461	186.7282	54.9564	0.0000	0.1762
462	186.7282	45.8376	0.0000	0.1766
463	186.7282	58.5191	0.0000	0.1770
464	186.7282	62.2856	0.0000	0.1774
465	186.7282	56.5413	0.0000	0.1778
466	186.7282	51.8220	0.0000	0.1781
467	186.7282	67.7861	0.0000	0.1785
468	186.7282	73.5290	0.0000	0.1789
469	186.7282	67.4260	0.0000	0.1792
470	186.7282	65.7018	0.0000	0.1796
471	186.7282	67.2987	0.0000	0.1800
472	186.7282	71.7489	0.0000	0.1804
473	186.7282	69.9489	0.0000	0.1807
474	186.7282	79.4043	0.0000	0.1811
475	186.7282	75.2482	0.0000	0.1815
476	186.7282	73.1874	0.0000	0.1818
477	186.7282	68.8366	0.0000	0.1822
478	186.7282	68.0139	0.0000	0.1825
479	186.7282	85.8385	0.0000	0.1829
480	186.7282	67.2771	0.0000	0.1832
481	186.7282	76.1611	0.0000	0.1836
482	186.7282	73.1366	0.0000	0.1840
483	186.7282	80.4716	0.0000	0.1843
484	186.7282	75.7570	0.0000	0.1847
485	186.7282	71.3323	0.0000	0.1851
486	186.7282	76.0329	0.0000	0.1854
487	186.7282	83.7831	0.0000	0.1859
488	186.7214	77.9943	0.0000	0.1863
489	186.7214	71.8692	0.0000	0.1867
490	186.7214	74.1689	0.0000	0.1870
491	186.7214	82.2669	0.0000	0.1874
492	186.7214	65.2224	0.0000	0.1878
493	186.7214	69.9608	0.0000	0.1881
494	186.7214	73.4021	0.0000	0.1885
495	186.7214	74.1556	0.0000	0.1889
496	186.7214	70.8276	0.0000	0.1892
497	186.7214	82.4068	0.0000	0.1896
498	186.7214	72.2798	0.0000	0.1900
499	186.7214	71.5790	0.0000	0.1903
500	186.7214	61.9306	0.0000	0.1907
501	186.7214	76.7919	0.0000	0.1911
502	186.7214	72.0320	0.0000	0.1914
503	186.7214	74.8906	0.0000	0.1918
504	186.7214	73.0398	0.0000	0.1923
505	186.7214	73.6696	0.0000	0.1927
506	186.7214	75.0886	0.0000	0.1931
507	186.7214	72.8771	0.0000	0.1934
508	186.7214	73.2431	0.0000	0.1938
509	186.7214	84.1558	0.0000	0.1942
510	186.7214	80.9950	0.0000	0.1946
511	186.7214	73.9553	0.0000	0.1950
512	186.7214	83.2407	0.0000	0.1954
513	186.7214	79.7719	0.0000	0.1958
514	186.7214	79.1348	0.0000	0.1962
515	186.7214	81.2430	0.0000	0.1967
516	186.7214	81.2038	0.0000	0.1971
517	186.7214	94.4335	0.0000	0.1975
518	186.7214	75.7178	0.0000	0.1979
519	186.7214	90.5863	0.0000	0.1982
520	186.7214	89.4014	0.0000	0.1986
521	186.7214	83.7551	0.0000	0.1990
522	186.7214	84.7306	0.0000	0.1993
523	186.7214	85.8190	0.0000	0.1997
524	186.7214	85.8191	0.0000	0.2001
525	186.7214	78.2468	0.0000	0.2004
526	186.7214	92.8534	0.0000	0.2008
527	186.7214	84.3728	0.0000	0.2012
528	186.7214	79.6272	0.0000	0.2016
529	186.7214	87.1045	0.0000	0.2020
530	186.7214	103.3543	0.0000	0.2023
531	186.7233	85.7790	0.0000	0.2027
532	186.7233	85.3033	0.0000	0.2031
533	186.7233	85.6225	0.0000	0.2034
534	186.7233	89.1947	0.0000	0.2038
535	186.7233	81.7877	0.0000	0.2041
536	186.7233	79.6560	0.0000	0.2045
537	186.7233	84.6181	0.0000	0.2049
538	186.7233	82.5280	0.0000	0.2052
539	186.7233	77.2093	0.0000	0.2056
540	186.7233	92.0817	0.0000	0.2059
541	186.7233	91.2664	0.0000	0.2063
542	186.7233	91.0602	0.0000	0.2066
543	186.7233	91.4734	0.0000	0.2070
544	186.7233	86.5417	0.0000	0.2073
545	186.7233	77.5869	0.0000	0.2077
546	186.7233	77.1707	0.0000	0.2081
547	186.7233	84.1386	0.0000	0.2084
548	186.7233	79.1537	0.0000	0.2088
549	186.7233	93.4417	0.0000	0.2091
550	186.7233	80.4324	0.0000	0.2095
551	186.7233	99.7677	0.0000	0.2098
552	186.7233	85.1712	0.0000	0.2103
553	186.7261	99.2261	0.0000	0.2106
554	186.7261	89.9836	0.0000	0.2111
555	186.7261	94.3253	0.0000	0.2114
556	186.7261	97.6094	0.0000	0.2118
557	186.7261	87.0778	0.0000	0.2122
558	186.7293	86.4504	0.0000	0.2125
559	186.7293	90.2485	0.0000	0.2129
560	186.7293	97.6186	0.0000	0.2133
561	186.7304	88.7839	0.0000	0.2136
562	186.7304	80.6785	0.0000	0.2140
563	186.7304	89.3830	0.0000	0.2144
564	186.7304	86.4026	0.0000	0.2147
565	186.7304	90.9073	0.0000	0.2151
566	186.7304	86.8546	0.0000	0.2154
567	186.7304	85.6089	0.0000	0.2158
568	186.7304	92.7281	0.0000	0.2162
569	186.7304	93.3242	0.0000	0.2165
570	186.7304	80.8041	0.0000	0.2169
571	186.7304	89.3023	0.0000	0.2172
572	186.7304	86.8709	0.0000	0.2176
573	186.7304	81.0668	0.0000	0.2179
574	186.7304	91.9098	0.0000	0.2183
575	186.7304	101.5032	0.0000	0.2186
576	186.7304	94.5030	0.0000	0.2190
577	186.7304	83.6521	0.0000	0.2193
578	186.7304	84.9736	0.0000	0.2197
579	186.7304	89.5750	0.0000	0.2201
580	186.7304	92.0022	0.0000	0.2204
581	186.7304	83.9113	0.0000	0.2209
582	186.7304	81.3695	0.0000	0.2213
583	186.7304	98.1909	0.0000	0.2217
584	186.7304	85.8530	0.0000	0.2220
585	186.7304	85.7190	0.0000	0.2224
586	186.7304	87.2555	0.0000	0.2227
587	186.7304	84.9876	0.0000	0.2231
588	186.7304	93.7616	0.0000	0.2235
589	186.7304	92.8595	0.0000	0.2238
590	186.7304	84.4074	0.0000	0.2242
591	186.7304	93.2815	0.0000	0.2245
592	186.7304	94.0483	0.0000	0.2249
593	186.7304	89.2100	0.0000	0.2252
594	186.7304	86.8838	0.0000	0.2256
595	186.7304	89.1135	0.0000	0.2259
596	186.7304	88.0188	0.0000	0.2263
597	186.7304	101.8338	0.0000	0.2267
598	186.7304	81.6243	0.0000	0.2270
599	186.7304	91.4511	0.0000	0.2274
600	186.7304	91.5100	0.0000	0.2278
601	186.7304	80.0754	0.0000	0.2281
602	186.7214	95.4771	0.0000	0.2296
603	186.7214	44.3023	0.0000	0.2300
604	186.7214	47.4948	0.0000	0.2303
605	186.7214	52.4515	0.0000	0.2307
606	186.7214	48.0958	0.0000	0.2312
607	186.7214	49.4460	0.0000	0.2315
608	186.7214	49.4595	0.0000	0.2319
609	186.7214	55.8559	0.0000	0.2323
610	186.7214	50.8997	0.0000	0.2326
611	186.7214	60.6063	0.0000	0.2330
612	186.7214	54.3425	0.0000	0.2334
613	186.7214	61.4818	0.0000	0.2338
614	186.7214	57.8419	0.0000	0.2342
615	186.7214	54.2537	0.0000	0.2345
616	186.7214	46.1236	0.0000	0.2349
617	186.7214	57.6765	0.0000	0.2353
618	186.7214	56.9887	0.0000	0.2356
619	186.7214	56.7141	0.0000	0.2360
620	186.7214	52.1421	0.0000	0.2364
621	186.7214	64.1492	0.0000	0.2367
622	186.7214	58.7046	0.0000	0.2371
623	186.7214	66.6725	0.0000	0.2375
624	186.7214	69.6050	0.0000	0.2379
625	186.7214	71.0888	0.0000	0.2382
626	186.7214	69.1730	0.0000	0.2386
627	186.7214	68.8967	0.0000	0.2390
628	186.7214	66.2467	0.0000	0.2393
629	186.7214	65.1812	0.0000	0.2397
630	186.7214	71.3656	0.0000	0.2401
631	186.7214	70.6699	0.0000	0.2404
632	186.7214	74.4824	0.0000	0.2408
633	186.7214	61.2052	0.0000	0.2412
634	186.7214	72.1998	0.0000	0.2416
635	186.7214	73.5742	0.0000	0.2420
636	186.7214	74.8685	0.0000	0.2424
637	186.7214	68.5935	0.0000	0.2427
638	186.7214	76.5560	0.0000	0.2431
639	186.7214	74.6447	0.0000	0.2435
640	186.7214	69.9404	0.0000	0.2439
641	186.7214	72.7825	0.0000	0.2443
642	186.7214	72.4119	0.0000	0.2446
643	186.7214	79.3154	0.0000	0.2450
644	186.7214	77.7613	0.0000	0.2454
645	186.7216	78.5671	0.0000	0.2457
646	186.7216	81.1345	0.0000	0.2462
647	186.7216	68.6963	0.0000	0.2465
648	186.7216	76.8611	0.0000	0.2470
649	186.7216	71.4261	0.0000	0.2474
650	186.7216	73.8841	0.0000	0.2478
651	186.7216	76.3179	0.0000	0.2483
652	186.7216	80.5735	0.0000	0.2486
653	186.7216	77.5918	0.0000	0.2490
654	186.7216	79.5625	0.0000	0.2494
655	186.7216	74.6651	0.0000	0.2497
656	186.7216	74.2174	0.0000	0.2501
657	186.7216	67.2217	0.0000	0.2505
658	186.7216	74.9685	0.0000	0.2508
659	186.7216	85.1448	0.0000	0.2512
660	186.7222	78.0560	0.0000	0.2515
661	186.7222	78.6611	0.0000	0.2519
662	186.7222	68.7145	0.0000	0.2523
663	186.7222	80.3562	0.0000	0.2526
664	186.7222	70.0375	0.0000	0.2531
665	186.7222	82.4434	0.0000	0.2534
666	186.7222	74.2157	0.0000	0.2538
667	186.7222	84.1311	0.0000	0.2542
668	186.7222	72.0145	0.0000	0.2546
669	186.7222	81.9315	0.0000	0.2549
670	186.7222	80.6196	0.0000	0.2553
671	186.7222	87.1850	0.0000	0.2556
672	186.7222	78.2198	0.0000	0.2560
673	186.7222	70.1547	0.0000	0.2563
674	186.7222	73.2862	0.0000	0.2567
675	186.7222	86.9468	0.0000	0.2571
676	186.7245	88.6879	0.0000	0.2574
677	186.7245	74.1599	0.0000	0.2579
678	186.7245	83.9155	0.0000	0.2583
679	186.7245	75.0313	0.0000	0.2586
680	186.7245	87.7408	0.0000	0.2590
681	186.7245	80.8363	0.0000	0.2593
682	186.7245	79.9954	0.0000	0.2597
683	186.7245	83.4590	0.0000	0.2600
684	186.7245	71.7996	0.0000	0.2604
685	186.7245	79.1001	0.0000	0.2608
686	186.7245	84.2340	0.0000	0.2612
687	186.7245	76.9085	0.0000	0.2617
688	186.7245	73.8726	0.0000	0.2620
689	186.7245	76.6393	0.0000	0.2624
690	186.7245	76.8284	0.0000	0.2627
691	186.7245	95.4296	0.0000	0.2631
692	186.7245	78.2966	0.0000	0.2635
693	186.7245	68.6028	0.0000	0.2638
694	186.7245	78.9451	0.0000	0.2642
695	186.7245	75.9518	0.0000	0.2646
696	186.7245	78.1395	0.0000	0.2650
697	186.7245	85.3614	0.0000	0.2653
698	186.7245	79.4301	0.0000	0.2657
699	186.7245	88.4988	0.0000	0.2660
700	186.7245	93.3422	0.0000	0.2665
701	186.7245	78.6740	0.0000	0.2669
702	186.7245	82.9361	0.0000	0.2673
703	186.7245	88.0884	0.0000	0.2677
704	186.7245	87.4389	0.0000	0.2680
705	186.7245	84.3662	0.0000	0.2684
706	186.7245	84.2106	0.0000	0.2688
707	186.7245	82.8860	0.0000	0.2691
708	186.7245	83.4047	0.0000	0.2695
709	186.7245	83.2592	0.0000	0.2699
710	186.7245	77.7731	0.0000	0.2703
711	186.7245	81.5262	0.0000	0.2707
712	186.7245	79.0243	0.0000	0.2711
713	186.7245	75.3529	0.0000	0.2715
714	186.7245	87.5600	0.0000	0.2719
715	186.7245	90.6902	0.0000	0.2724
716	186.7245	89.6048	0.0000	0.2728
717	186.7245	98.3379	0.0000	0.2734
718	186.7245	91.7225	0.0000	0.2739
719	186.7245	87.9607	0.0000	0.2745
720	186.7254	81.8058	0.0000	0.2749
721	186.7254	88.6864	0.0000	0.2754
722	186.7254	80.7927	0.0000	0.2758
723	186.7254	84.9223	0.0000	0.2762
724	186.7254	87.4742	0.0000	0.2767
725	186.7254	83.9567	0.0000	0.2771
726	186.7254	84.7779	0.0000	0.2775
727	186.7254	93.3199	0.0000	0.2780
728	186.7254	88.5797	0.0000	0.2784
729	186.7254	86.0302	0.0000	0.2788
730	186.7254	89.2923	0.0000	0.2793
731	186.7254	82.8543	0.0000	0.2798
732	186.7254	82.1677	0.0000	0.2802
733	186.7254	79.9107	0.0000	0.2807
734	186.7254	79.4238	0.0000	0.2811
735	186.7254	90.2135	0.0000	0.2815
736	186.7254	93.6328	0.0000	0.2819
737	186.7254	88.4404	0.0000	0.2824
738	186.7254	91.8940	0.0000	0.2828
739	186.7245	84.6330	0.0000	0.2833
740	186.7245	85.7889	0.0000	0.2837
741	186.7245	84.5980	0.0000	0.2841
742	186.7245	78.5051	0.0000	0.2846
743	186.7245	83.9846	0.0000	0.2851
744	186.7245	82.9547	0.0000	0.2855
745	186.7245	90.4239	0.0000	0.2859
746	186.7245	82.3567	0.0000	0.2864
747	186.7245	80.0623	0.0000	0.2868
748	186.7245	83.7428	0.0000	0.2873
749	186.7245	84.5473	0.0000	0.2877
750	186.7245	87.0904	0.0000	0.2881
751	186.7245	89.7740	0.0000	0.2885
752	186.7245	87.0944	0.0000	0.2893
753	186.7245	81.1245	0.0000	0.2918
754	186.7245	48.4341	0.0000	0.2923
755	186.7245	52.3472	0.0000	0.2928
756	186.7245	55.1047	0.0000	0.2934
757	186.7245	52.3447	0.0000	0.2939
758	186.7245	44.6898	0.0000	0.2944
759	186.7245	42.1917	0.0000	0.2948
760	186.7245	56.1871	0.0000	0.2953
761	186.7245	53.2110	0.0000	0.2957
762	186.7245	48.6257	0.0000	0.2962
763	186.7245	46.8317	0.0000	0.2966
764	186.7245	59.8631	0.0000	0.2971
765	186.7245	55.9358	0.0000	0.2975
766	186.7245	64.5442	0.0000	0.2979
767	186.7245	63.9377	0.0000	0.2984
768	186.7245	57.8348	0.0000	0.2988
769	186.7245	58.0990	0.0000	0.2992
770	186.7245	54.3128	0.0000	0.2997
771	186.7245	61.6745	0.0000	0.3001
772	186.7245	69.6431	0.0000	0.3005
773	186.7245	58.2009	0.0000	0.3010
774	186.7245	57.2716	0.0000	0.3014
775	186.7245	68.0083	0.0000	0.3019
776	186.7245	59.6425	0.0000	0.3023
777	186.7245	66.8701	0.0000	0.3028
778	186.7245	55.8275	0.0000	0.3032
779	186.7245	62.2838	0.0000	0.3037
780	186.7245	67.4949	0.0000	0.3042
781	186.7245	63.4292	0.0000	0.3046
782	186.7245	72.8361	0.0000	0.3051
783	186.7245	64.0518	0.0000	0.3056
784	186.7245	76.0186	0.0000	0.3060
785	186.7245	68.8078	0.0000	0.3064
786	186.7245	63.6887	0.0000	0.3069
787	186.7245	66.2287	0.0000	0.3074
788	186.7245	66.3356	0.0000	0.3079
789	186.7245	76.0722	0.0000	0.3083
790	186.7245	81.1271	0.0000	0.3088
791	186.7245	84.8203	0.0000	0.3092
792	186.7245	74.5357	0.0000	0.3096
793	186.7245	80.0822	0.0000	0.3100
794	186.7245	78.7473	0.0000	0.3105
795	186.7245	70.5225	0.0000	0.3110
796	186.7245	76.4766	0.0000	0.3114
797	186.7245	72.5934	0.0000	0.3119
798	186.7245	71.4234	0.0000	0.3124
799	186.7245	75.9853	0.0000	0.3128
800	186.7245	81.7008	0.0000	0.3133
801	186.7245	73.8801	0.0000	0.3138
802	186.7245	79.1775	0.0000	0.3143
803	186.7245	72.6757	0.0000	0.3148
804	186.7245	74.7696	0.0000	0.3152
805	186.7245	73.6287	0.0000	0.3157
806	186.7245	74.8780	0.0000	0.3162
807	186.7245	78.6355	0.0000	0.3167
808	186.7245	83.1062	0.0000	0.3171
809	186.7245	75.2624	0.0000	0.3175
810	186.7245	77.1521	0.0000	0.3180
811	186.7245	80.8749	0.0000	0.3184
812	186.7245	81.1782	0.0000	0.3188
813	186.7245	70.7619	0.0000	0.3193
814	186.7245	75.7337	0.0000	0.3197
815	186.7245	70.2246	0.0000	0.3201
816	186.7245	80.1101	0.0000	0.3206
817	186.7245	74.3536	0.0000	0.3210
818	186.7245	83.8937	0.0000	0.3215
819	186.7245	78.9479	0.0000	0.3220
820	186.7245	75.2505	0.0000	0.3225
821	186.7245	92.2230	0.0000	0.3230
822	186.7245	96.9808	0.0000	0.3235
823	186.7245	83.4282	0.0000	0.3240
824	186.7245	80.3518	0.0000	0.3244
825	186.7245	71.2664	0.0000	0.3249
826	186.7276	83.3451	0.0000	0.3253
827	186.7276	104.9683	0.0000	0.3257
828	186.7276	82.0447	0.0000	0.3262
829	186.7276	70.3988	0.0000	0.3267
830	186.7276	77.6696	0.0000	0.3271
831	186.7276	85.0747	0.0000	0.3276
832	186.7276	81.9395	0.0000	0.3280
833	186.7276	74.0734	0.0000	0.3284
834	186.7276	79.5376	0.0000	0.3289
835	186.7276	81.7934	0.0000	0.3293
836	186.7276	70.7375	0.0000	0.3297
837	186.7276	89.6418	0.0000	0.3302
838	186.7276	74.9026	0.0000	0.3306
839	186.7276	82.0433	0.0000	0.3311
840	186.7276	81.2241	0.0000	0.3315
841	186.7276	86.5693	0.0000	0.3319
842	186.7276	92.8479	0.0000	0.3324
843	186.7276	86.6432	0.0000	0.3328
844	186.7276	85.0269	0.0000	0.3333
845	186.7276	88.7212	0.0000	0.3337
846	186.7276	94.9205	0.0000	0.3342
847	186.7276	81.2634	0.0000	0.3346
848	186.7276	85.8929	0.0000	0.3350
849	186.7276	89.7423	0.0000	0.3354
850	186.7276	85.9509	0.0000	0.3359
851	186.7276	92.9987	0.0000	0.3363
852	186.7276	90.7572	0.0000	0.3367
853	186.7276	103.4439	0.0000	0.3371
854	186.7276	93.8028	0.0000	0.3376
855	186.7276	89.3128	0.0000	0.3380
856	186.7276	86.1376	0.0000	0.3384
857	186.7276	76.8600	0.0000	0.3389
858	186.7276	78.1805	0.0000	0.3393
859	186.7276	82.4152	0.0000	0.3398
860	186.7276	86.0707	0.0000	0.3403
861	186.7276	81.0328	0.0000	0.3407
862	186.7276	89.6247	0.0000	0.3411
863	186.7276	90.5433	0.0000	0.3415
864	186.7276	88.1168	0.0000	0.3419
865	186.7276	93.4606	0.0000	0.3423
866	186.7276	83.3833	0.0000	0.3427
867	186.7276	99.4971	0.0000	0.3431
868	186.7276	82.4965	0.0000	0.3435
869	186.7276	83.6071	0.0000	0.3439
870	186.7276	77.5482	0.0000	0.3444
871	186.7276	86.2702	0.0000	0.3448
872	186.7276	88.5835	0.0000	0.3453
873	186.7276	86.2433	0.0000	0.3457
874	186.7276	89.1199	0.0000	0.3461
875	186.7276	95.1066	0.0000	0.3466
876	186.7276	82.7971	0.0000	0.3470
877	186.7276	81.3391	0.0000	0.3474
878	186.7276	87.3139	0.0000	0.3478
879	186.7276	82.9478	0.0000	0.3482
880	186.7276	98.0028	0.0000	0.3486
881	186.7276	94.7464	0.0000	0.3490
882	186.7276	97.7482	0.0000	0.3495
883	186.7276	80.4230	0.0000	0.3499
884	186.7276	78.2335	0.0000	0.3503
885	186.7276	88.8663	0.0000	0.3507
886	186.7276	81.9075	0.0000	0.3511
887	186.7276	94.4533	0.0000	0.3515
888	186.7276	87.4691	0.0000	0.3519
889	186.7276	94.7546	0.0000	0.3523
890	186.7276	89.2293	0.0000	0.3527
891	186.7276	84.6447	0.0000	0.3531
892	186.7276	101.7349	0.0000	0.3536
893	186.7276	96.0866	0.0000	0.3541
894	186.7276	102.4779	0.0000	0.3545
895	186.7276	87.9841	0.0000	0.3549
896	186.7276	85.9707	0.0000	0.3553
897	186.7276	92.7411	0.0000	0.3557
898	186.7276	87.9856	0.0000	0.3561
899	186.7276	84.0129	0.0000	0.3565
900	186.7276	89.4554	0.0000	0.3569
901	186.7276	93.9884	0.0000	0.3573
902	186.7276	88.9100	0.0000	0.3577
903	186.7276	87.1981	0.0000	0.3581
904	186.7276	91.2351	0.0000	0.3598
905	186.7276	64.4327	0.0000	0.3602
906	186.7276	63.3642	0.0000	0.3607
907	186.7276	53.5010	0.0000	0.3613
908	186.7276	49.4599	0.0000	0.3618
909	186.7276	51.5737	0.0000	0.3622
910	186.7276	55.6641	0.0000	0.3626
911	186.7276	62.4083	0.0000	0.3630
912	186.7276	50.9184	0.0000	0.3634
913	186.7276	65.8613	0.0000	0.3639
914	186.7276	57.3165	0.0000	0.3643
915	186.7276	55.6715	0.0000	0.3647
916	186.7276	57.7274	0.0000	0.3652
917	186.7276	65.4140	0.0000	0.3657
918	186.7276	60.3162	0.0000	0.3662
919	186.7276	61.1080	0.0000	0.3667
920	186.7276	62.1508	0.0000	0.3672
921	186.7276	64.0369	0.0000	0.3677
922	186.7276	55.2937	0.0000	0.3683
923	186.7276	57.1229	0.0000	0.3687
924	186.7276	64.9259	0.0000	0.3692
925	186.7276	60.4653	0.0000	0.3696
926	186.7276	69.3364	0.0000	0.3700
927	186.7276	71.9232	0.0000	0.3705
928	186.7276	76.2958	0.0000	0.3709
929	186.7276	57.8776	0.0000	0.3714
930	186.7276	61.8721	0.0000	0.3718
931	186.7276	61.6467	0.0000	0.3723
932	186.7276	62.5187	0.0000	0.3727
933	186.7276	63.2487	0.0000	0.3731
934	186.7276	64.3055	0.0000	0.3736
935	186.7276	62.7122	0.0000	0.3741
936	186.7276	67.7674	0.0000	0.3745
937	186.7276	69.4099	0.0000	0.3750
938	186.7276	63.8033	0.0000	0.3754
939	186.6794	69.1556	0.0000	0.3759
940	186.6794	71.0753	0.0000	0.3765
941	186.6794	60.4222	0.0000	0.3769
942	186.6794	64.2895	0.0000	0.3773
943	186.6794	67.8231	0.0000	0.3777
944	186.6794	68.0753	0.0000	0.3781
945	186.6794	69.1210	0.0000	0.3785
946	186.6794	71.5109	0.0000	0.3789
947	186.6794	69.7161	0.0000	0.3793
948	186.6794	64.8377	0.0000	0.3798
949	186.6794	66.9640	0.0000	0.3802
950	186.6794	66.2006	0.0000	0.3806
951	186.6794	66.8253	0.0000	0.3811
952	186.6794	74.2003	0.0000	0.3815
953	186.6794	78.6819	0.0000	0.3819
954	186.6794	68.6617	0.0000	0.3823
955	186.6794	75.1345	0.0000	0.3827
956	186.6794	71.8659	0.0000	0.3831
957	186.6947	71.4078	0.0000	0.3835
958	186.6947	58.4287	0.0000	0.3839
959	186.6947	69.8577	0.0000	0.3844
960	186.6947	72.3126	0.0000	0.3848
961	186.6947	73.3710	0.0000	0.3852
962	186.6947	73.0369	0.0000	0.3856
963	186.6947	76.8828	0.0000	0.3860
964	186.6947	73.0610	0.0000	0.3864
965	186.7255	77.0032	0.0000	0.3868
966	186.7255	75.3998	0.0000	0.3872
967	186.7255	77.6001	0.0000	0.3876
968	186.7255	74.0162	0.0000	0.3880
969	186.7255	82.6207	0.0000	0.3884
970	186.7255	75.3783	0.0000	0.3888
971	186.7255	77.1910	0.0000	0.3892
972	186.7255	76.8355	0.0000	0.3896
973	186.7255	80.3499	0.0000	0.3900
974	186.7255	89.6699	0.0000	0.3904
975	186.7255	71.4143	0.0000	0.3908
976	186.7255	69.9728	0.0000	0.3912
977	186.7255	81.8233	0.0000	0.3916
978	186.7255	75.7242	0.0000	0.3920
979	186.7255	85.0965	0.0000	0.3925
980	186.7255	72.2787	0.0000	0.3929
981	186.7255	71.5951	0.0000	0.3934
982	186.7255	83.3147	0.0000	0.3938
983	186.7255	81.8675	0.0000	0.3942
984	186.7255	76.4374	0.0000	0.3946
985	186.7255	79.3556	0.0000	0.3950
986	186.7255	73.8809	0.0000	0.3955
987	186.7255	76.3466	0.0000	0.3959
988	186.7255	72.5701	0.0000	0.3963
989	186.7255	79.9334	0.0000	0.3967
990	186.7255	70.2826	0.0000	0.3972
991	186.7255	79.0556	0.0000	0.3976
992	186.7255	85.8796	0.0000	0.3980
993	186.7255	74.2570	0.0000	0.3984
994	186.7255	85.1856	0.0000	0.3988
995	186.7255	83.4697	0.0000	0.3993
996	186.7255	89.6264	0.0000	0.3997
997	186.7255	87.6394	0.0000	0.4001
998	186.7255	75.9312	0.0000	0.4005
999	186.7255	89.4750	0.0000	0.4009
1000	186.7255	83.5010	0.0000	0.4013
1001	186.7255	79.8175	0.0000	0.4017
1002	186.7255	79.2408	0.0000	0.4021
1003	186.7255	78.5140	0.0000	0.4025
1004	186.7255	76.3105	0.0000	0.4029
1005	186.7255	85.4124	0.0000	0.4033
1006	186.7255	89.1493	0.0000	0.4037
1007	186.7255	91.3476	0.0000	0.4041
1008	186.7255	77.0937	0.0000	0.4045
1009	186.7255	79.0382	0.0000	0.4049
1010	186.7255	90.8760	0.0000	0.4054
1011	186.7255	78.3743	0.0000	0.4059
1012	186.7255	75.4275	0.0000	0.4063
1013	186.7255	88.6212	0.0000	0.4066
1014	186.7255	87.5492	0.0000	0.4070
1015	186.7255	79.7058	0.0000	0.4074
1016	186.7255	83.8624	0.0000	0.4078
1017	186.7255	79.5385	0.0000	0.4082
1018	186.7255	86.1778	0.0000	0.4086
1019	186.7255	90.7913	0.0000	0.4089
1020	186.7255	81.2890	0.0000	0.4093
1021	186.7255	78.8645	0.0000	0.4097
1022	186.7255	90.5400	0.0000	0.4101
1023	186.7255	84.4735	0.0000	0.4105
1024	186.7255	81.3749	0.0000	0.4109
1025	186.7255	84.4592	0.0000	0.4113
1026	186.7255	89.2131	0.0000	0.4117
1027	186.7255	80.8385	0.0000	0.4121
1028	186.7255	85.2135	0.0000	0.4125
1029	186.7255	85.5284	0.0000	0.4129
1030	186.7255	86.5428	0.0000	0.4133
1031	186.7255	91.4677	0.0000	0.4137
1032	186.7255	79.4588	0.0000	0.4141
1033	186.7255	83.3925	0.0000	0.4144
1034	186.7255	90.7635	0.0000	0.4148
1035	186.7255	85.4989	0.0000	0.4153
1036	186.7255	84.4650	0.0000	0.4158
1037	186.7255	87.0356	0.0000	0.4162
1038	186.7255	86.0077	0.0000	0.4166
1039	186.7255	84.4436	0.0000	0.4170
1040	186.7255	86.6119	0.0000	0.4174
1041	186.7255	84.8061	0.0000	0.4178
1042	186.7255	85.0223	0.0000	0.4181
1043	186.7255	88.4796	0.0000	0.4185
1044	186.7255	86.4577	0.0000	0.4189
1045	186.7255	82.2879	0.0000	0.4193
1046	186.7255	98.2900	0.0000	0.4197
1047	186.7255	88.2975	0.0000	0.4201
1048	186.7255	83.7898	0.0000	0.4205
1049	186.7255	87.4661	0.0000	0.4209
1050	186.7255	78.2988	0.0000	0.4213
1051	186.7255	87.5541	0.0000	0.4217
1052	186.7255	83.6884	0.0000	0.4221
1053	186.7255	84.9217	0.0000	0.4224
1054	186.7255	90.5540	0.0000	0.4228
1055	186.7255	91.2085	0.0000	0.4242
1056	186.7255	74.3836	0.0000	0.4247
1057	186.7255	66.8585	0.0000	0.4252
1058	186.7255	69.7096	0.0000	0.4258
1059	186.7255	53.5143	0.0000	0.4263
1060	186.7255	61.3186	0.0000	0.4267
1061	186.7255	54.1791	0.0000	0.4270
1062	186.7255	62.4412	0.0000	0.4274
1063	186.7255	64.3618	0.0000	0.4278
1064	186.7255	56.2514	0.0000	0.4282
1065	186.7255	71.6179	0.0000	0.4286
1066	186.7255	63.5018	0.0000	0.4290
1067	186.7255	67.5679	0.0000	0.4294
1068	186.7255	67.0299	0.0000	0.4298
1069	186.7255	68.0648	0.0000	0.4302
1070	186.7255	60.7299	0.0000	0.4306
1071	186.7255	68.0399	0.0000	0.4310
1072	186.7255	55.0537	0.0000	0.4314
1073	186.7255	54.5700	0.0000	0.4318
1074	186.7255	68.0203	0.0000	0.4322
1075	186.7255	68.7628	0.0000	0.4326
1076	186.7255	76.2969	0.0000	0.4330
1077	186.7255	68.7428	0.0000	0.4334
1078	186.7255	66.3327	0.0000	0.4338
1079	186.7065	75.3469	0.0000	0.4342
1080	186.7065	73.9919	0.0000	0.4347
1081	186.7065	79.7159	0.0000	0.4351
1082	186.7065	66.4867	0.0000	0.4355
1083	186.7065	83.9313	0.0000	0.4359
1084	186.7271	83.4202	0.0000	0.4364
1085	186.7271	88.2697	0.0000	0.4368
1086	186.7271	77.8431	0.0000	0.4372
1087	186.7271	73.7951	0.0000	0.4375
1088	186.7271	74.7543	0.0000	0.4379
1089	186.7271	80.0596	0.0000	0.4384
1090	186.7271	91.6499	0.0000	0.4389
1091	186.7271	76.6332	0.0000	0.4394
1092	186.7271	75.2390	0.0000	0.4398
1093	186.7271	88.4161	0.0000	0.4402
1094	186.7271	82.3993	0.0000	0.4406
1095	186.7271	85.5790	0.0000	0.4411
1096	186.7271	86.3166	0.0000	0.4415
1097	186.7271	68.9324	0.0000	0.4419
1098	186.7271	82.0021	0.0000	0.4422
1099	186.7271	85.6626	0.0000	0.4426
1100	186.7271	73.9609	0.0000	0.4430
1101	186.7271	69.2403	0.0000	0.4434
1102	186.7271	78.0902	0.0000	0.4438
1103	186.7271	85.5158	0.0000	0.4442
1104	186.7271	73.6823	0.0000	0.4446
1105	186.7271	68.1698	0.0000	0.4450
1106	186.7271	77.3967	0.0000	0.4454
1107	186.7271	77.8460	0.0000	0.4458
1108	186.7271	77.3291	0.0000	0.4462
1109	186.7271	78.0999	0.0000	0.4466
1110	186.7271	82.1595	0.0000	0.4470
1111	186.7271	77.3860	0.0000	0.4474
1112	186.7271	77.5301	0.0000	0.4478
1113	186.7271	81.8255	0.0000	0.4482
1114	186.7271	89.0951	0.0000	0.4485
1115	186.7271	83.4120	0.0000	0.4489
1116	186.7271	87.5194	0.0000	0.4494
1117	186.7271	96.2186	0.0000	0.4499
1118	186.7271	90.0230	0.0000	0.4503
1119	186.7271	86.1200	0.0000	0.4507
1120	186.7271	82.5756	0.0000	0.4511
1121	186.7271	89.6688	0.0000	0.4515
1122	186.7271	87.9547	0.0000	0.4519
1123	186.7271	83.8389	0.0000	0.4523
1124	186.7271	86.8263	0.0000	0.4528
1125	186.7271	82.0122	0.0000	0.4532
1126	186.7271	83.1556	0.0000	0.4536
1127	186.7271	84.9696	0.0000	0.4541
1128	186.7271	92.7835	0.0000	0.4546
1129	186.7271	80.7486	0.0000	0.4550
1130	186.7271	85.5604	0.0000	0.4555
1131	186.7271	83.5174	0.0000	0.4559
1132	186.7271	83.3497	0.0000	0.4563
1133	186.7271	75.3094	0.0000	0.4567
1134	186.7271	81.5791	0.0000	0.4571
1135	186.7271	93.3814	0.0000	0.4575
1136	186.7271	83.7215	0.0000	0.4579
1137	186.7271	77.2478	0.0000	0.4583
1138	186.7271	89.8486	0.0000	0.4587
1139	186.7271	90.8078	0.0000	0.4591
1140	186.7271	92.1189	0.0000	0.4594
1141	186.7271	93.6486	0.0000	0.4598
1142	186.7271	84.1418	0.0000	0.4602
1143	186.7271	90.5992	0.0000	0.4606
1144	186.7271	87.1238	0.0000	0.4610
1145	186.7271	84.6492	0.0000	0.4614
1146	186.7271	86.1255	0.0000	0.4617
1147	186.7271	93.0631	0.0000	0.4621
1148	186.7271	80.6591	0.0000	0.4625
1149	186.7271	82.8328	0.0000	0.4629
1150	186.7271	87.2668	0.0000	0.4633
1151	186.7271	88.4680	0.0000	0.4636
1152	186.7271	87.3748	0.0000	0.4640
1153	186.7271	95.0846	0.0000	0.4645
1154	186.7271	89.0332	0.0000	0.4648
1155	186.7271	85.6569	0.0000	0.4652
1156	186.7271	95.9500	0.0000	0.4656
1157	186.7271	83.5863	0.0000	0.4660
1158	186.7271	89.8556	0.0000	0.4664
1159	186.7271	94.6515	0.0000	0.4668
1160	186.7271	87.0546	0.0000	0.4671
1161	186.7271	101.8263	0.0000	0.4675
1162	186.7271	86.3457	0.0000	0.4679
1163	186.7271	93.5291	0.0000	0.4683
1164	186.7271	80.7291	0.0000	0.4687
1165	186.7271	92.8573	0.0000	0.4691
1166	186.7304	87.8290	0.0000	0.4695
1167	186.7304	92.9431	0.0000	0.4699
1168	186.7304	89.6627	0.0000	0.4703
1169	186.7304	93.0826	0.0000	0.4707
1170	186.7304	85.4193	0.0000	0.4712
1171	186.7304	88.4691	0.0000	0.4716
1172	186.7304	75.7658	0.0000	0.4720
1173	186.7304	82.7636	0.0000	0.4725
1174	186.7304	86.4520	0.0000	0.4728
1175	186.7304	82.1904	0.0000	0.4732
1176	186.7304	97.1021	0.0000	0.4736
1177	186.7304	86.1676	0.0000	0.4740
1178	186.7304	77.4018	0.0000	0.4743
1179	186.7304	81.8303	0.0000	0.4747
1180	186.7304	86.2817	0.0000	0.4751
1181	186.7304	91.6114	0.0000	0.4754
1182	186.7304	88.6975	0.0000	0.4759
1183	186.7304	79.9854	0.0000	0.4763
1184	186.7304	82.2216	0.0000	0.4766
1185	186.7304	88.8270	0.0000	0.4771
1186	186.7304	87.6873	0.0000	0.4775
1187	186.7304	86.5929	0.0000	0.4779
1188	186.7304	87.9110	0.0000	0.4783
1189	186.7304	88.7993	0.0000	0.4786
1190	186.7304	82.1845	0.0000	0.4790
1191	186.7304	92.0157	0.0000	0.4794
1192	186.7304	86.7400	0.0000	0.4798
1193	186.7304	85.7367	0.0000	0.4801
1194	186.7304	89.1704	0.0000	0.4805
1195	186.7304	80.8084	0.0000	0.4809
1196	186.7304	79.2987	0.0000	0.4813
1197	186.7304	87.9435	0.0000	0.4816
1198	186.7304	86.0674	0.0000	0.4820
1199	186.7304	93.8336	0.0000	0.4824
1200	186.7304	85.8024	0.0000	0.4828
1201	186.7304	98.1895	0.0000	0.4832
1202	186.7304	90.0464	0.0000	0.4835
1203	186.7304	87.3230	0.0000	0.4839
1204	186.7304	86.0134	0.0000	0.4843
1205	186.7304	88.6373	0.0000	0.4846
1206	186.7304	77.0584	0.0000	0.4860
1207	186.7304	63.9954	0.0000	0.4865
1208	186.7304	67.1156	0.0000	0.4869
1209	186.7304	65.0601	0.0000	0.4875
1210	186.7304	58.4519	0.0000	0.4879
1211	186.7304	66.9219	0.0000	0.4883
1212	186.7304	70.0062	0.0000	0.4887
1213	186.7304	55.8556	0.0000	0.4891
1214	186.7304	66.6879	0.0000	0.4894
1215	186.7271	68.6480	0.0000	0.4899
1216	186.7271	70.7023	0.0000	0.4903
1217	186.7271	65.2329	0.0000	0.4906
1218	186.7271	56.4893	0.0000	0.4910
1219	186.7271	62.2467	0.0000	0.4915
1220	186.7271	64.0359	0.0000	0.4918
1221	186.7271	58.8779	0.0000	0.4923
1222	186.7271	71.1871	0.0000	0.4928
1223	186.7271	69.9785	0.0000	0.4931
1224	186.7271	68.0779	0.0000	0.4935
1225	186.7271	61.7949	0.0000	0.4939
1226	186.7271	70.6320	0.0000	0.4943
1227	186.7271	81.2052	0.0000	0.4946
1228	186.7271	76.0235	0.0000	0.4950
1229	186.7271	76.8482	0.0000	0.4955
1230	186.7271	75.9321	0.0000	0.4959
1231	186.7271	80.4598	0.0000	0.4962
1232	186.7271	78.5469	0.0000	0.4966
1233	186.7271	66.5657	0.0000	0.4970
1234	186.7271	77.7185	0.0000	0.4974
1235	186.7271	68.4757	0.0000	0.4979
1236	186.7271	81.7124	0.0000	0.4982
1237	186.7271	79.7830	0.0000	0.4986
1238	186.7271	79.7538	0.0000	0.4990
1239	186.7271	78.5499	0.0000	0.4994
1240	186.7271	72.9422	0.0000	0.4998
1241	186.7271	68.0226	0.0000	0.5003
1242	186.7271	76.0837	0.0000	0.5007
1243	186.7271	75.5471	0.0000	0.5013
1244	186.7271	66.9986	0.0000	0.5016
1245	186.7271	73.3700	0.0000	0.5020
1246	186.7271	74.6679	0.0000	0.5024
1247	186.7271	79.7907	0.0000	0.5027
1248	186.7271	73.2874	0.0000	0.5031
1249	186.7271	74.6578	0.0000	0.5035
1250	186.7271	73.2610	0.0000	0.5039
1251	186.7271	79.9879	0.0000	0.5043
1252	186.7271	69.9798	0.0000	0.5047
1253	186.7271	76.8693	0.0000	0.5051
1254	186.7271	75.2170	0.0000	0.5054
1255	186.7271	71.7358	0.0000	0.5058
1256	186.7271	69.3939	0.0000	0.5062
1257	186.7271	87.9905	0.0000	0.5066
1258	186.7271	76.8124	0.0000	0.5069
1259	186.7271	72.2795	0.0000	0.5073
1260	186.7271	75.8795	0.0000	0.5077
1261	186.7271	77.2593	0.0000	0.5081
1262	186.7271	73.8660	0.0000	0.5084
1263	186.7271	76.3464	0.0000	0.5088
1264	186.7271	74.7455	0.0000	0.5092
1265	186.7271	89.1006	0.0000	0.5095
1266	186.7271	91.1271	0.0000	0.5099
1267	186.7271	80.8495	0.0000	0.5103
1268	186.7271	81.9191	0.0000	0.5106
1269	186.7271	72.9994	0.0000	0.5110
1270	186.7271	78.6687	0.0000	0.5114
1271	186.7271	84.6027	0.0000	0.5118
1272	186.7271	68.3846	0.0000	0.5122
1273	186.7271	85.9439	0.0000	0.5126
1274	186.7271	91.3208	0.0000	0.5130
1275	186.7271	86.5182	0.0000	0.5134
1276	186.7271	89.6265	0.0000	0.5138
1277	186.7271	88.8633	0.0000	0.5142
1278	186.7271	85.2119	0.0000	0.5145
1279	186.7271	79.3868	0.0000	0.5153
1280	186.7271	89.5359	0.0000	0.5156
1281	186.7271	83.2012	0.0000	0.5161
1282	186.7271	80.5435	0.0000	0.5165
1283	186.7271	82.5057	0.0000	0.5169
1284	186.7271	81.3527	0.0000	0.5172
1285	186.7271	85.3407	0.0000	0.5176
1286	186.7111	80.8814	0.0000	0.5181
1287	186.7111	67.1702	0.0000	0.5185
1288	186.7111	75.8967	0.0000	0.5189
1289	186.7111	77.3120	0.0000	0.5194
1290	186.7111	80.0940	0.0000	0.5197
1291	186.7111	72.5396	0.0000	0.5201
1292	186.7111	76.0549	0.0000	0.5205
1293	186.7111	74.5798	0.0000	0.5209
1294	186.7111	79.1311	0.0000	0.5213
1295	186.7111	77.2148	0.0000	0.5217
1296	186.7111	81.0610	0.0000	0.5221
1297	186.7111	80.8912	0.0000	0.5225
1298	186.7111	80.4073	0.0000	0.5229
1299	186.7111	75.6496	0.0000	0.5234
1300	186.7111	84.7504	0.0000	0.5238
1301	186.7111	79.5660	0.0000	0.5242
1302	186.7111	81.5931	0.0000	0.5246
1303	186.7111	85.1029	0.0000	0.5251
1304	186.7111	73.5652	0.0000	0.5255
1305	186.7111	88.8455	0.0000	0.5259
1306	186.7111	85.5313	0.0000	0.5263
1307	186.7111	86.9417	0.0000	0.5266
1308	186.7111	93.5594	0.0000	0.5270
1309	186.7111	87.9328	0.0000	0.5275
1310	186.7111	85.1039	0.0000	0.5278
1311	186.7111	78.1973	0.0000	0.5282
1312	186.7111	94.9890	0.0000	0.5286
1313	186.7111	78.1950	0.0000	0.5290
1314	186.7111	87.7013	0.0000	0.5293
1315	186.7111	79.0822	0.0000	0.5297
1316	186.7111	79.3776	0.0000	0.5301
1317	186.7111	81.8119	0.0000	0.5305
1318	186.7111	76.0241	0.0000	0.5309
1319	186.7111	81.9922	0.0000	0.5312
1320	186.7111	91.8894	0.0000	0.5316
1321	186.7111	97.6049	0.0000	0.5321
1322	186.7111	94.1350	0.0000	0.5324
1323	186.7111	86.9588	0.0000	0.5328
1324	186.7111	88.4376	0.0000	0.5332
1325	186.7111	82.2270	0.0000	0.5335
1326	186.7111	87.2972	0.0000	0.5340
1327	186.7111	68.9555	0.0000	0.5343
1328	186.7111	78.7261	0.0000	0.5347
1329	186.7111	83.1392	0.0000	0.5351
1330	186.7111	87.4131	0.0000	0.5354
1331	186.7111	93.0377	0.0000	0.5358
1332	186.7111	88.7302	0.0000	0.5362
1333	186.7163	86.0652	0.0000	0.5366
1334	186.7283	95.8803	0.0000	0.5370
1335	186.7283	85.3470	0.0000	0.5373
1336	186.7283	95.1078	0.0000	0.5377
1337	186.7283	90.3023	0.0000	0.5381
1338	186.7283	83.2906	0.0000	0.5385
1339	186.7283	91.4711	0.0000	0.5389
1340	186.7283	87.3660	0.0000	0.5392
1341	186.7303	88.2229	0.0000	0.5396
1342	186.7303	84.6027	0.0000	0.5400
1343	186.7303	80.3088	0.0000	0.5404
1344	186.7303	93.1355	0.0000	0.5407
1345	186.7303	89.5312	0.0000	0.5412
1346	186.7303	82.3364	0.0000	0.5416
1347	186.7303	91.9696	0.0000	0.5419
1348	186.7303	88.3316	0.0000	0.5424
1349	186.7303	89.6260	0.0000	0.5428
1350	186.7303	87.1181	0.0000	0.5432
1351	186.7303	89.3783	0.0000	0.5436
1352	186.7303	93.8529	0.0000	0.5440
1353	186.7303	89.5726	0.0000	0.5444
1354	186.7303	87.1487	0.0000	0.5448
1355	186.7303	84.2948	0.0000	0.5452
1356	186.7303	91.8648	0.0000	0.5455
1357	186.7303	80.3804	0.0000	0.5468
1358	186.7303	76.6839	0.0000	0.5473
1359	186.7303	65.2836	0.0000	0.5477
1360	186.7303	72.2623	0.0000	0.5482
1361	186.7303	57.4730	0.0000	0.5487
1362	186.7303	61.0147	0.0000	0.5490
1363	186.7303	70.6923	0.0000	0.5495
1364	186.7303	66.8411	0.0000	0.5498
1365	186.7303	69.6832	0.0000	0.5502
1366	186.7303	81.1004	0.0000	0.5507
1367	186.7303	68.8456	0.0000	0.5511
1368	186.7303	77.8799	0.0000	0.5515
1369	186.7303	85.2713	0.0000	0.5520
1370	186.7303	68.4740	0.0000	0.5525
1371	186.7303	81.1758	0.0000	0.5529
1372	186.7303	75.9179	0.0000	0.5534
1373	186.7303	76.0670	0.0000	0.5538
1374	186.7303	79.5276	0.0000	0.5542
1375	186.7303	79.3754	0.0000	0.5546
1376	186.7308	71.2587	0.0000	0.5550
1377	186.7308	77.9495	0.0000	0.5554
1378	186.7308	66.6330	0.0000	0.5558
1379	186.7308	79.4599	0.0000	0.5562
1380	186.7308	78.4090	0.0000	0.5566
1381	186.7308	85.5399	0.0000	0.5570
1382	186.7308	78.2981	0.0000	0.5574
1383	186.7308	82.8375	0.0000	0.5578
1384	186.7308	80.4752	0.0000	0.5582
1385	186.7308	87.7140	0.0000	0.5587
1386	186.7308	82.7554	0.0000	0.5591
1387	186.7308	79.5300	0.0000	0.5595
1388	186.7308	85.0268	0.0000	0.5599
1389	186.7308	83.9342	0.0000	0.5603
1390	186.7308	78.2186	0.0000	0.5607
1391	186.7308	83.8337	0.0000	0.5612
1392	186.7308	85.4610	0.0000	0.5616
1393	186.7308	75.8926	0.0000	0.5620
1394	186.7308	88.4274	0.0000	0.5625
1395	186.7308	82.1631	0.0000	0.5628
1396	186.7308	73.3069	0.0000	0.5633
1397	186.7308	83.4326	0.0000	0.5637
1398	186.7308	72.8626	0.0000	0.5641
1399	186.7308	88.1824	0.0000	0.5645
Pos: [-1.4249186684369128, -7.083622000738163]

=================================================================================================================