ID: vincent	Date: 2019-05-04 11:57:23	Runs: 5
=================================================================================================================
Run: 0
Iter	Gbest	AvrFit	Diver	ETime	
0	0.9787	0.2394	0.0000	0.0008
1	0.9787	0.3737	0.0000	0.0014
2	0.9831	0.4314	0.0000	0.0023
3	0.9959	0.4348	0.0000	0.0032
4	0.9959	0.5405	0.0000	0.0038
5	0.9989	0.5315	0.0000	0.0045
6	0.9989	0.5707	0.0000	0.0051
7	0.9989	0.5987	0.0000	0.0057
8	0.9989	0.6287	0.0000	0.0063
9	0.9989	0.7021	0.0000	0.0071
10	0.9989	0.6533	0.0000	0.0078
11	0.9995	0.6745	0.0000	0.0084
12	0.9999	0.7124	0.0000	0.0091
13	0.9999	0.6930	0.0000	0.0102
14	0.9999	0.7239	0.0000	0.0109
15	0.9999	0.6710	0.0000	0.0115
16	0.9999	0.6320	0.0000	0.0121
17	0.9999	0.6928	0.0000	0.0127
18	0.9999	0.6818	0.0000	0.0134
19	0.9999	0.6972	0.0000	0.0140
20	0.9999	0.7081	0.0000	0.0146
21	1.0000	0.7291	0.0000	0.0152
22	1.0000	0.7520	0.0000	0.0160
23	1.0000	0.6916	0.0000	0.0169
24	1.0000	0.7492	0.0000	0.0175
25	1.0000	0.7582	0.0000	0.0181
26	1.0000	0.7458	0.0000	0.0188
27	1.0000	0.7767	0.0000	0.0194
28	1.0000	0.7427	0.0000	0.0200
29	1.0000	0.7435	0.0000	0.0206
30	1.0000	0.7470	0.0000	0.0213
31	1.0000	0.7027	0.0000	0.0219
32	1.0000	0.7226	0.0000	0.0230
33	1.0000	0.7177	0.0000	0.0237
34	1.0000	0.7482	0.0000	0.0244
35	1.0000	0.7913	0.0000	0.0250
36	1.0000	0.7413	0.0000	0.0256
37	1.0000	0.7990	0.0000	0.0262
38	1.0000	0.8022	0.0000	0.0269
39	1.0000	0.7843	0.0000	0.0275
40	1.0000	0.7393	0.0000	0.0282
41	1.0000	0.7739	0.0000	0.0291
42	1.0000	0.7824	0.0000	0.0299
43	1.0000	0.7967	0.0000	0.0306
44	1.0000	0.7869	0.0000	0.0312
45	1.0000	0.8003	0.0000	0.0319
46	1.0000	0.7943	0.0000	0.0325
47	1.0000	0.7949	0.0000	0.0331
48	1.0000	0.7728	0.0000	0.0338
49	1.0000	0.7912	0.0000	0.0345
50	1.0000	0.7736	0.0000	0.0352
51	1.0000	0.7687	0.0000	0.0363
52	1.0000	0.7943	0.0000	0.0369
53	1.0000	0.8281	0.0000	0.0375
54	1.0000	0.7455	0.0000	0.0382
55	1.0000	0.7301	0.0000	0.0388
56	1.0000	0.7742	0.0000	0.0394
57	1.0000	0.7919	0.0000	0.0401
58	1.0000	0.7981	0.0000	0.0407
59	1.0000	0.7767	0.0000	0.0414
60	1.0000	0.7633	0.0000	0.0425
61	1.0000	0.7954	0.0000	0.0432
62	1.0000	0.8054	0.0000	0.0438
63	1.0000	0.7895	0.0000	0.0445
64	1.0000	0.8374	0.0000	0.0452
65	1.0000	0.7882	0.0000	0.0458
66	1.0000	0.7647	0.0000	0.0464
67	1.0000	0.7981	0.0000	0.0471
68	1.0000	0.7984	0.0000	0.0477
69	1.0000	0.8036	0.0000	0.0488
70	1.0000	0.8219	0.0000	0.0496
71	1.0000	0.7890	0.0000	0.0503
72	1.0000	0.8125	0.0000	0.0510
73	1.0000	0.7891	0.0000	0.0517
74	1.0000	0.7893	0.0000	0.0524
75	1.0000	0.7687	0.0000	0.0531
76	1.0000	0.8286	0.0000	0.0538
77	1.0000	0.7912	0.0000	0.0545
78	1.0000	0.8316	0.0000	0.0556
79	1.0000	0.8195	0.0000	0.0563
80	1.0000	0.7896	0.0000	0.0569
81	1.0000	0.8151	0.0000	0.0576
82	1.0000	0.7904	0.0000	0.0582
83	1.0000	0.7976	0.0000	0.0589
84	1.0000	0.8077	0.0000	0.0595
85	1.0000	0.7585	0.0000	0.0601
86	1.0000	0.7831	0.0000	0.0609
87	1.0000	0.7676	0.0000	0.0620
88	1.0000	0.7940	0.0000	0.0627
89	1.0000	0.7326	0.0000	0.0634
90	1.0000	0.7813	0.0000	0.0641
91	1.0000	0.7927	0.0000	0.0647
92	1.0000	0.7679	0.0000	0.0654
93	1.0000	0.7651	0.0000	0.0660
94	1.0000	0.7767	0.0000	0.0667
95	1.0000	0.7893	0.0000	0.0675
96	1.0000	0.8363	0.0000	0.0685
97	1.0000	0.8294	0.0000	0.0693
98	1.0000	0.8086	0.0000	0.0699
99	1.0000	0.7729	0.0000	0.0705
100	1.0000	0.8234	0.0000	0.0712
101	1.0000	0.8098	0.0000	0.0718
102	1.0000	0.8307	0.0000	0.0726
103	1.0000	0.8074	0.0000	0.0734
104	1.0000	0.7394	0.0000	0.0740
105	1.0000	0.7837	0.0000	0.0752
106	1.0000	0.8029	0.0000	0.0760
107	1.0000	0.7688	0.0000	0.0769
108	1.0000	0.8249	0.0000	0.0775
109	1.0000	0.8154	0.0000	0.0781
110	1.0000	0.7859	0.0000	0.0788
111	1.0000	0.7938	0.0000	0.0794
112	1.0000	0.8126	0.0000	0.0801
113	1.0000	0.8132	0.0000	0.0808
114	1.0000	0.7822	0.0000	0.0818
115	1.0000	0.8099	0.0000	0.0826
116	1.0000	0.7966	0.0000	0.0832
117	1.0000	0.8223	0.0000	0.0839
118	1.0000	0.8340	0.0000	0.0846
119	1.0000	0.8442	0.0000	0.0854
120	1.0000	0.8320	0.0000	0.0860
121	1.0000	0.7939	0.0000	0.0868
122	1.0000	0.8254	0.0000	0.0874
123	1.0000	0.8249	0.0000	0.0885
124	1.0000	0.8327	0.0000	0.0893
125	1.0000	0.7981	0.0000	0.0899
126	1.0000	0.7966	0.0000	0.0906
127	1.0000	0.8146	0.0000	0.0912
128	1.0000	0.8057	0.0000	0.0918
129	1.0000	0.7974	0.0000	0.0925
130	1.0000	0.8784	0.0000	0.0932
131	1.0000	0.7896	0.0000	0.0938
132	1.0000	0.8401	0.0000	0.0948
133	1.0000	0.8325	0.0000	0.0956
134	1.0000	0.8470	0.0000	0.0962
135	1.0000	0.8245	0.0000	0.0968
136	1.0000	0.8420	0.0000	0.0975
137	1.0000	0.7820	0.0000	0.0981
138	1.0000	0.7454	0.0000	0.0988
139	1.0000	0.7641	0.0000	0.0995
140	1.0000	0.7834	0.0000	0.1002
141	1.0000	0.8120	0.0000	0.1012
142	1.0000	0.8148	0.0000	0.1023
143	1.0000	0.8227	0.0000	0.1029
144	1.0000	0.8494	0.0000	0.1036
145	1.0000	0.8319	0.0000	0.1042
146	1.0000	0.8293	0.0000	0.1050
147	1.0000	0.8290	0.0000	0.1056
148	1.0000	0.8321	0.0000	0.1063
149	1.0000	0.8175	0.0000	0.1069
150	1.0000	0.8073	0.0000	0.1076
151	1.0000	0.8284	0.0000	0.1086
152	1.0000	0.8249	0.0000	0.1093
153	1.0000	0.8530	0.0000	0.1099
154	1.0000	0.8157	0.0000	0.1107
155	1.0000	0.8045	0.0000	0.1113
156	1.0000	0.8051	0.0000	0.1120
157	1.0000	0.7624	0.0000	0.1128
158	1.0000	0.7707	0.0000	0.1135
159	1.0000	0.8090	0.0000	0.1142
160	1.0000	0.7791	0.0000	0.1151
161	1.0000	0.7658	0.0000	0.1161
162	1.0000	0.8161	0.0000	0.1170
163	1.0000	0.8106	0.0000	0.1177
164	1.0000	0.8221	0.0000	0.1186
165	1.0000	0.8067	0.0000	0.1193
166	1.0000	0.7841	0.0000	0.1202
167	1.0000	0.7688	0.0000	0.1210
168	1.0000	0.8029	0.0000	0.1219
169	1.0000	0.8287	0.0000	0.1231
170	1.0000	0.7977	0.0000	0.1240
171	1.0000	0.8329	0.0000	0.1248
172	1.0000	0.7915	0.0000	0.1257
173	1.0000	0.8426	0.0000	0.1264
174	1.0000	0.7920	0.0000	0.1272
175	1.0000	0.7840	0.0000	0.1281
176	1.0000	0.7801	0.0000	0.1289
177	1.0000	0.7817	0.0000	0.1297
178	1.0000	0.7687	0.0000	0.1309
179	1.0000	0.7428	0.0000	0.1316
180	1.0000	0.8036	0.0000	0.1323
181	1.0000	0.8419	0.0000	0.1330
182	1.0000	0.8447	0.0000	0.1338
183	1.0000	0.7404	0.0000	0.1344
184	1.0000	0.7633	0.0000	0.1351
185	1.0000	0.8031	0.0000	0.1358
186	1.0000	0.7877	0.0000	0.1365
187	1.0000	0.7735	0.0000	0.1374
188	1.0000	0.7688	0.0000	0.1384
189	1.0000	0.8089	0.0000	0.1395
190	1.0000	0.8303	0.0000	0.1403
191	1.0000	0.7794	0.0000	0.1413
192	1.0000	0.8358	0.0000	0.1422
193	1.0000	0.7930	0.0000	0.1429
194	1.0000	0.8437	0.0000	0.1437
195	1.0000	0.8218	0.0000	0.1443
196	1.0000	0.8280	0.0000	0.1455
197	1.0000	0.8019	0.0000	0.1463
198	1.0000	0.8272	0.0000	0.1470
199	1.0000	0.7825	0.0000	0.1477
200	1.0000	0.8454	0.0000	0.1484
201	1.0000	0.8159	0.0000	0.1491
202	1.0000	0.8322	0.0000	0.1497
203	1.0000	0.8192	0.0000	0.1505
204	1.0000	0.8576	0.0000	0.1512
205	1.0000	0.8160	0.0000	0.1521
206	1.0000	0.7692	0.0000	0.1532
207	1.0000	0.7856	0.0000	0.1539
208	1.0000	0.8117	0.0000	0.1546
209	1.0000	0.7694	0.0000	0.1552
210	1.0000	0.8128	0.0000	0.1560
211	1.0000	0.7849	0.0000	0.1568
212	1.0000	0.7907	0.0000	0.1576
213	1.0000	0.7702	0.0000	0.1582
214	1.0000	0.8295	0.0000	0.1590
215	1.0000	0.8354	0.0000	0.1601
216	1.0000	0.8206	0.0000	0.1609
217	1.0000	0.8262	0.0000	0.1617
218	1.0000	0.8078	0.0000	0.1623
219	1.0000	0.8241	0.0000	0.1632
220	1.0000	0.8153	0.0000	0.1639
221	1.0000	0.7498	0.0000	0.1648
222	1.0000	0.7600	0.0000	0.1655
223	1.0000	0.7937	0.0000	0.1666
224	1.0000	0.8238	0.0000	0.1675
225	1.0000	0.8221	0.0000	0.1683
226	1.0000	0.8190	0.0000	0.1691
227	1.0000	0.7804	0.0000	0.1698
228	1.0000	0.7874	0.0000	0.1706
229	1.0000	0.7792	0.0000	0.1714
230	1.0000	0.7749	0.0000	0.1721
231	1.0000	0.8359	0.0000	0.1733
232	1.0000	0.8175	0.0000	0.1743
233	1.0000	0.8277	0.0000	0.1749
234	1.0000	0.7906	0.0000	0.1758
235	1.0000	0.8502	0.0000	0.1766
236	1.0000	0.8361	0.0000	0.1774
237	1.0000	0.7754	0.0000	0.1782
238	1.0000	0.7728	0.0000	0.1790
239	1.0000	0.8122	0.0000	0.1799
240	1.0000	0.8186	0.0000	0.1809
241	1.0000	0.7209	0.0000	0.1816
242	1.0000	0.8043	0.0000	0.1824
243	1.0000	0.8074	0.0000	0.1831
244	1.0000	0.8279	0.0000	0.1838
245	1.0000	0.8013	0.0000	0.1845
246	1.0000	0.8286	0.0000	0.1853
247	1.0000	0.8161	0.0000	0.1860
248	1.0000	0.8422	0.0000	0.1868
249	1.0000	0.8387	0.0000	0.1876
250	1.0000	0.8538	0.0000	0.1888
251	1.0000	0.7663	0.0000	0.1896
252	1.0000	0.7982	0.0000	0.1904
253	1.0000	0.8017	0.0000	0.1910
254	1.0000	0.8183	0.0000	0.1917
255	1.0000	0.7777	0.0000	0.1923
256	1.0000	0.7965	0.0000	0.1931
257	1.0000	0.7730	0.0000	0.1937
258	1.0000	0.7997	0.0000	0.1951
259	1.0000	0.7588	0.0000	0.1958
260	1.0000	0.7268	0.0000	0.1969
261	1.0000	0.7309	0.0000	0.1978
262	1.0000	0.7723	0.0000	0.1987
263	1.0000	0.7749	0.0000	0.1994
264	1.0000	0.7487	0.0000	0.2003
265	1.0000	0.7568	0.0000	0.2015
266	1.0000	0.7286	0.0000	0.2027
267	1.0000	0.7584	0.0000	0.2034
268	1.0000	0.8040	0.0000	0.2041
269	1.0000	0.7860	0.0000	0.2049
270	1.0000	0.8125	0.0000	0.2057
271	1.0000	0.8199	0.0000	0.2065
272	1.0000	0.7686	0.0000	0.2072
273	1.0000	0.7968	0.0000	0.2082
274	1.0000	0.8492	0.0000	0.2094
275	1.0000	0.8053	0.0000	0.2103
276	1.0000	0.8191	0.0000	0.2111
277	1.0000	0.8380	0.0000	0.2119
278	1.0000	0.8200	0.0000	0.2128
279	1.0000	0.7534	0.0000	0.2136
280	1.0000	0.7897	0.0000	0.2144
281	1.0000	0.8190	0.0000	0.2156
282	1.0000	0.8188	0.0000	0.2165
283	1.0000	0.8507	0.0000	0.2174
284	1.0000	0.7869	0.0000	0.2184
285	1.0000	0.7403	0.0000	0.2191
286	1.0000	0.7463	0.0000	0.2199
287	1.0000	0.7707	0.0000	0.2208
288	1.0000	0.7228	0.0000	0.2215
289	1.0000	0.7663	0.0000	0.2226
290	1.0000	0.8164	0.0000	0.2236
291	1.0000	0.7741	0.0000	0.2242
292	1.0000	0.7512	0.0000	0.2250
293	1.0000	0.7546	0.0000	0.2259
294	1.0000	0.7676	0.0000	0.2268
295	1.0000	0.7596	0.0000	0.2276
296	1.0000	0.8113	0.0000	0.2288
297	1.0000	0.7631	0.0000	0.2299
298	1.0000	0.7743	0.0000	0.2310
299	1.0000	0.7362	0.0000	0.2321
300	1.0000	0.7187	0.0000	0.2330
301	1.0000	0.7385	0.0000	0.2338
302	1.0000	0.7280	0.0000	0.2347
303	1.0000	0.7555	0.0000	0.2359
304	1.0000	0.7303	0.0000	0.2369
305	1.0000	0.7823	0.0000	0.2377
306	1.0000	0.7345	0.0000	0.2387
307	1.0000	0.7839	0.0000	0.2395
308	1.0000	0.7851	0.0000	0.2404
309	1.0000	0.7301	0.0000	0.2411
310	1.0000	0.7242	0.0000	0.2423
311	1.0000	0.7518	0.0000	0.2433
312	1.0000	0.7174	0.0000	0.2441
313	1.0000	0.7935	0.0000	0.2449
314	1.0000	0.8045	0.0000	0.2457
315	1.0000	0.7717	0.0000	0.2467
316	1.0000	0.7522	0.0000	0.2476
317	1.0000	0.7689	0.0000	0.2482
318	1.0000	0.8038	0.0000	0.2495
319	1.0000	0.7720	0.0000	0.2504
320	1.0000	0.7615	0.0000	0.2512
321	1.0000	0.7579	0.0000	0.2520
322	1.0000	0.7323	0.0000	0.2529
323	1.0000	0.7871	0.0000	0.2537
324	1.0000	0.7446	0.0000	0.2548
325	1.0000	0.7209	0.0000	0.2559
326	1.0000	0.7790	0.0000	0.2569
327	1.0000	0.7907	0.0000	0.2576
328	1.0000	0.7949	0.0000	0.2583
329	1.0000	0.7866	0.0000	0.2592
330	1.0000	0.7990	0.0000	0.2603
331	1.0000	0.8221	0.0000	0.2615
332	1.0000	0.7833	0.0000	0.2625
333	1.0000	0.7996	0.0000	0.2637
334	1.0000	0.7769	0.0000	0.2651
335	1.0000	0.7581	0.0000	0.2662
336	1.0000	0.7642	0.0000	0.2673
337	1.0000	0.7732	0.0000	0.2684
338	1.0000	0.7840	0.0000	0.2695
339	1.0000	0.7923	0.0000	0.2704
340	1.0000	0.7739	0.0000	0.2714
341	1.0000	0.7637	0.0000	0.2726
342	1.0000	0.7971	0.0000	0.2735
343	1.0000	0.7697	0.0000	0.2742
344	1.0000	0.7156	0.0000	0.2752
345	1.0000	0.7788	0.0000	0.2761
346	1.0000	0.7815	0.0000	0.2771
347	1.0000	0.7675	0.0000	0.2779
348	1.0000	0.7711	0.0000	0.2786
349	1.0000	0.8027	0.0000	0.2800
350	1.0000	0.7912	0.0000	0.2808
351	1.0000	0.8037	0.0000	0.2816
352	1.0000	0.8054	0.0000	0.2823
353	1.0000	0.7912	0.0000	0.2833
354	1.0000	0.7574	0.0000	0.2841
355	1.0000	0.8166	0.0000	0.2849
356	1.0000	0.7840	0.0000	0.2859
357	1.0000	0.7876	0.0000	0.2870
358	1.0000	0.8033	0.0000	0.2877
359	1.0000	0.7938	0.0000	0.2885
360	1.0000	0.7985	0.0000	0.2893
361	1.0000	0.7603	0.0000	0.2902
362	1.0000	0.7793	0.0000	0.2910
363	1.0000	0.7795	0.0000	0.2918
364	1.0000	0.7981	0.0000	0.2926
365	1.0000	0.7599	0.0000	0.2938
366	1.0000	0.7799	0.0000	0.2949
367	1.0000	0.7724	0.0000	0.2958
368	1.0000	0.7839	0.0000	0.2966
369	1.0000	0.7506	0.0000	0.2977
370	1.0000	0.7593	0.0000	0.2986
371	1.0000	0.7936	0.0000	0.2993
372	1.0000	0.8229	0.0000	0.3003
373	1.0000	0.8005	0.0000	0.3018
374	1.0000	0.8365	0.0000	0.3028
375	1.0000	0.8273	0.0000	0.3039
376	1.0000	0.7806	0.0000	0.3049
377	1.0000	0.8183	0.0000	0.3059
378	1.0000	0.7680	0.0000	0.3068
379	1.0000	0.7975	0.0000	0.3078
380	1.0000	0.7978	0.0000	0.3088
381	1.0000	0.8106	0.0000	0.3099
382	1.0000	0.7761	0.0000	0.3110
383	1.0000	0.7592	0.0000	0.3126
384	1.0000	0.7515	0.0000	0.3134
385	1.0000	0.7540	0.0000	0.3148
386	1.0000	0.7698	0.0000	0.3161
387	1.0000	0.7511	0.0000	0.3170
388	1.0000	0.7875	0.0000	0.3179
389	1.0000	0.7241	0.0000	0.3187
390	1.0000	0.8102	0.0000	0.3194
391	1.0000	0.7949	0.0000	0.3202
392	1.0000	0.7830	0.0000	0.3209
393	1.0000	0.8242	0.0000	0.3217
394	1.0000	0.7649	0.0000	0.3226
395	1.0000	0.8187	0.0000	0.3238
396	1.0000	0.8232	0.0000	0.3250
397	1.0000	0.7782	0.0000	0.3260
398	1.0000	0.7914	0.0000	0.3268
399	1.0000	0.8145	0.0000	0.3281
400	1.0000	0.8001	0.0000	0.3291
401	1.0000	0.7863	0.0000	0.3304
402	1.0000	0.8086	0.0000	0.3318
403	1.0000	0.8085	0.0000	0.3325
404	1.0000	0.8062	0.0000	0.3333
405	1.0000	0.8235	0.0000	0.3343
406	1.0000	0.7400	0.0000	0.3351
407	1.0000	0.7960	0.0000	0.3361
408	1.0000	0.8013	0.0000	0.3370
409	1.0000	0.8621	0.0000	0.3382
410	1.0000	0.7833	0.0000	0.3392
411	1.0000	0.7920	0.0000	0.3400
412	1.0000	0.7967	0.0000	0.3410
413	1.0000	0.7750	0.0000	0.3419
414	1.0000	0.8021	0.0000	0.3429
415	1.0000	0.8214	0.0000	0.3438
416	1.0000	0.7741	0.0000	0.3448
417	1.0000	0.7542	0.0000	0.3460
418	1.0000	0.8004	0.0000	0.3472
419	1.0000	0.7029	0.0000	0.3479
420	1.0000	0.7305	0.0000	0.3487
421	1.0000	0.7404	0.0000	0.3495
422	1.0000	0.7462	0.0000	0.3503
423	1.0000	0.7387	0.0000	0.3510
424	1.0000	0.7452	0.0000	0.3521
425	1.0000	0.7495	0.0000	0.3528
426	1.0000	0.7463	0.0000	0.3543
427	1.0000	0.7652	0.0000	0.3552
428	1.0000	0.7777	0.0000	0.3559
429	1.0000	0.7771	0.0000	0.3569
430	1.0000	0.8091	0.0000	0.3578
431	1.0000	0.7710	0.0000	0.3585
432	1.0000	0.8268	0.0000	0.3595
433	1.0000	0.8006	0.0000	0.3606
434	1.0000	0.7951	0.0000	0.3618
435	1.0000	0.7798	0.0000	0.3628
436	1.0000	0.7564	0.0000	0.3637
437	1.0000	0.7240	0.0000	0.3645
438	1.0000	0.7735	0.0000	0.3653
439	1.0000	0.7219	0.0000	0.3659
440	1.0000	0.7253	0.0000	0.3670
441	1.0000	0.7814	0.0000	0.3679
442	1.0000	0.7860	0.0000	0.3688
443	1.0000	0.7522	0.0000	0.3698
444	1.0000	0.7494	0.0000	0.3706
445	1.0000	0.8034	0.0000	0.3714
446	1.0000	0.7732	0.0000	0.3723
447	1.0000	0.7552	0.0000	0.3731
448	1.0000	0.7780	0.0000	0.3742
449	1.0000	0.7885	0.0000	0.3752
450	1.0000	0.7687	0.0000	0.3762
451	1.0000	0.7343	0.0000	0.3770
452	1.0000	0.7800	0.0000	0.3778
453	1.0000	0.7659	0.0000	0.3789
454	1.0000	0.7759	0.0000	0.3798
455	1.0000	0.7659	0.0000	0.3806
456	1.0000	0.8063	0.0000	0.3815
457	1.0000	0.7888	0.0000	0.3826
458	1.0000	0.7649	0.0000	0.3839
459	1.0000	0.7561	0.0000	0.3851
460	1.0000	0.7860	0.0000	0.3862
461	1.0000	0.8103	0.0000	0.3871
462	1.0000	0.8188	0.0000	0.3881
463	1.0000	0.7965	0.0000	0.3890
464	1.0000	0.7575	0.0000	0.3905
465	1.0000	0.7838	0.0000	0.3914
466	1.0000	0.8064	0.0000	0.3921
467	1.0000	0.7960	0.0000	0.3931
468	1.0000	0.8091	0.0000	0.3939
469	1.0000	0.8072	0.0000	0.3946
470	1.0000	0.8139	0.0000	0.3957
471	1.0000	0.8321	0.0000	0.3965
472	1.0000	0.8049	0.0000	0.3978
473	1.0000	0.7663	0.0000	0.3985
474	1.0000	0.7282	0.0000	0.3994
475	1.0000	0.8001	0.0000	0.4002
476	1.0000	0.7992	0.0000	0.4009
477	1.0000	0.7691	0.0000	0.4016
478	1.0000	0.7739	0.0000	0.4025
479	1.0000	0.7697	0.0000	0.4033
480	1.0000	0.7805	0.0000	0.4048
481	1.0000	0.8280	0.0000	0.4055
482	1.0000	0.8025	0.0000	0.4062
483	1.0000	0.8117	0.0000	0.4072
484	1.0000	0.8175	0.0000	0.4079
485	1.0000	0.8274	0.0000	0.4086
486	1.0000	0.8126	0.0000	0.4093
487	1.0000	0.7782	0.0000	0.4106
488	1.0000	0.8222	0.0000	0.4115
489	1.0000	0.8021	0.0000	0.4124
490	1.0000	0.7974	0.0000	0.4132
491	1.0000	0.8361	0.0000	0.4140
492	1.0000	0.8163	0.0000	0.4151
493	1.0000	0.8517	0.0000	0.4158
494	1.0000	0.8129	0.0000	0.4167
495	1.0000	0.8148	0.0000	0.4175
496	1.0000	0.8646	0.0000	0.4189
497	1.0000	0.8462	0.0000	0.4198
498	1.0000	0.8737	0.0000	0.4209
499	1.0000	0.8319	0.0000	0.4225
500	1.0000	0.8205	0.0000	0.4237
501	1.0000	0.8043	0.0000	0.4245
502	1.0000	0.8179	0.0000	0.4254
503	1.0000	0.8331	0.0000	0.4267
504	1.0000	0.8198	0.0000	0.4275
505	1.0000	0.8335	0.0000	0.4285
506	1.0000	0.8251	0.0000	0.4293
507	1.0000	0.8096	0.0000	0.4302
508	1.0000	0.7603	0.0000	0.4310
509	1.0000	0.8145	0.0000	0.4320
510	1.0000	0.7847	0.0000	0.4330
511	1.0000	0.7698	0.0000	0.4341
512	1.0000	0.8068	0.0000	0.4356
513	1.0000	0.7597	0.0000	0.4367
514	1.0000	0.7969	0.0000	0.4379
515	1.0000	0.7297	0.0000	0.4391
516	1.0000	0.8144	0.0000	0.4401
517	1.0000	0.7961	0.0000	0.4409
518	1.0000	0.7902	0.0000	0.4423
519	1.0000	0.7995	0.0000	0.4434
520	1.0000	0.7837	0.0000	0.4443
521	1.0000	0.8126	0.0000	0.4451
522	1.0000	0.8366	0.0000	0.4458
523	1.0000	0.8282	0.0000	0.4465
524	1.0000	0.8386	0.0000	0.4473
525	1.0000	0.8267	0.0000	0.4482
526	1.0000	0.8333	0.0000	0.4497
527	1.0000	0.8556	0.0000	0.4508
528	1.0000	0.8565	0.0000	0.4515
529	1.0000	0.8310	0.0000	0.4524
530	1.0000	0.8285	0.0000	0.4534
531	1.0000	0.8332	0.0000	0.4543
532	1.0000	0.8212	0.0000	0.4549
533	1.0000	0.8269	0.0000	0.4555
534	1.0000	0.8258	0.0000	0.4567
535	1.0000	0.8795	0.0000	0.4575
536	1.0000	0.8499	0.0000	0.4582
537	1.0000	0.8368	0.0000	0.4589
538	1.0000	0.8577	0.0000	0.4597
539	1.0000	0.8430	0.0000	0.4606
540	1.0000	0.8495	0.0000	0.4615
541	1.0000	0.8540	0.0000	0.4625
542	1.0000	0.8636	0.0000	0.4637
543	1.0000	0.8757	0.0000	0.4648
544	1.0000	0.8681	0.0000	0.4659
545	1.0000	0.8473	0.0000	0.4668
546	1.0000	0.8530	0.0000	0.4676
547	1.0000	0.8279	0.0000	0.4686
548	1.0000	0.7851	0.0000	0.4694
549	1.0000	0.8274	0.0000	0.4704
550	1.0000	0.8427	0.0000	0.4718
551	1.0000	0.8515	0.0000	0.4729
552	1.0000	0.8260	0.0000	0.4737
553	1.0000	0.8124	0.0000	0.4748
554	1.0000	0.8350	0.0000	0.4757
555	1.0000	0.8164	0.0000	0.4768
556	1.0000	0.8069	0.0000	0.4779
557	1.0000	0.8265	0.0000	0.4790
558	1.0000	0.7808	0.0000	0.4801
559	1.0000	0.8271	0.0000	0.4812
560	1.0000	0.7777	0.0000	0.4825
561	1.0000	0.8118	0.0000	0.4837
562	1.0000	0.8164	0.0000	0.4845
563	1.0000	0.7727	0.0000	0.4855
564	1.0000	0.7769	0.0000	0.4865
565	1.0000	0.7769	0.0000	0.4878
566	1.0000	0.7951	0.0000	0.4888
567	1.0000	0.7681	0.0000	0.4898
568	1.0000	0.7744	0.0000	0.4909
569	1.0000	0.7634	0.0000	0.4916
570	1.0000	0.7970	0.0000	0.4925
571	1.0000	0.8114	0.0000	0.4934
572	1.0000	0.8134	0.0000	0.4942
573	1.0000	0.8154	0.0000	0.4952
574	1.0000	0.7827	0.0000	0.4959
575	1.0000	0.7856	0.0000	0.4968
576	1.0000	0.8129	0.0000	0.4978
577	1.0000	0.8000	0.0000	0.4988
578	1.0000	0.8577	0.0000	0.4996
579	1.0000	0.8429	0.0000	0.5005
580	1.0000	0.8354	0.0000	0.5013
581	1.0000	0.8577	0.0000	0.5026
582	1.0000	0.8269	0.0000	0.5038
583	1.0000	0.7511	0.0000	0.5044
584	1.0000	0.7984	0.0000	0.5051
585	1.0000	0.7758	0.0000	0.5059
586	1.0000	0.8133	0.0000	0.5068
587	1.0000	0.8029	0.0000	0.5077
588	1.0000	0.7926	0.0000	0.5089
589	1.0000	0.8411	0.0000	0.5098
590	1.0000	0.8411	0.0000	0.5104
591	1.0000	0.7709	0.0000	0.5113
592	1.0000	0.8121	0.0000	0.5122
593	1.0000	0.7791	0.0000	0.5130
594	1.0000	0.8120	0.0000	0.5139
595	1.0000	0.7998	0.0000	0.5145
596	1.0000	0.7991	0.0000	0.5159
597	1.0000	0.8289	0.0000	0.5170
598	1.0000	0.8101	0.0000	0.5178
599	1.0000	0.8002	0.0000	0.5185
600	1.0000	0.7837	0.0000	0.5192
601	1.0000	0.7429	0.0000	0.5200
602	1.0000	0.7729	0.0000	0.5210
603	1.0000	0.8376	0.0000	0.5221
604	1.0000	0.8359	0.0000	0.5235
605	1.0000	0.8207	0.0000	0.5246
606	1.0000	0.8204	0.0000	0.5255
607	1.0000	0.7941	0.0000	0.5266
608	1.0000	0.7777	0.0000	0.5272
609	1.0000	0.8461	0.0000	0.5281
610	1.0000	0.8440	0.0000	0.5292
611	1.0000	0.8237	0.0000	0.5305
612	1.0000	0.7783	0.0000	0.5313
613	1.0000	0.8141	0.0000	0.5328
614	1.0000	0.8009	0.0000	0.5335
615	1.0000	0.8206	0.0000	0.5343
616	1.0000	0.8225	0.0000	0.5352
617	1.0000	0.8533	0.0000	0.5362
618	1.0000	0.8550	0.0000	0.5372
619	1.0000	0.8165	0.0000	0.5383
620	1.0000	0.8327	0.0000	0.5395
621	1.0000	0.8244	0.0000	0.5404
622	1.0000	0.8323	0.0000	0.5416
623	1.0000	0.7806	0.0000	0.5426
624	1.0000	0.7871	0.0000	0.5438
625	1.0000	0.8230	0.0000	0.5450
626	1.0000	0.8217	0.0000	0.5460
627	1.0000	0.8119	0.0000	0.5466
628	1.0000	0.8637	0.0000	0.5473
629	1.0000	0.7993	0.0000	0.5482
630	1.0000	0.8120	0.0000	0.5491
631	1.0000	0.8259	0.0000	0.5499
632	1.0000	0.8318	0.0000	0.5507
633	1.0000	0.8209	0.0000	0.5515
634	1.0000	0.7905	0.0000	0.5529
635	1.0000	0.8181	0.0000	0.5536
636	1.0000	0.8374	0.0000	0.5544
637	1.0000	0.8305	0.0000	0.5552
638	1.0000	0.8656	0.0000	0.5560
639	1.0000	0.8115	0.0000	0.5569
640	1.0000	0.7901	0.0000	0.5577
641	1.0000	0.7893	0.0000	0.5588
642	1.0000	0.8047	0.0000	0.5601
643	1.0000	0.7924	0.0000	0.5609
644	1.0000	0.8096	0.0000	0.5617
645	1.0000	0.8199	0.0000	0.5623
646	1.0000	0.8035	0.0000	0.5631
647	1.0000	0.7868	0.0000	0.5640
648	1.0000	0.7707	0.0000	0.5646
649	1.0000	0.8049	0.0000	0.5658
650	1.0000	0.8250	0.0000	0.5668
651	1.0000	0.8185	0.0000	0.5675
652	1.0000	0.8206	0.0000	0.5683
653	1.0000	0.8204	0.0000	0.5692
654	1.0000	0.7973	0.0000	0.5700
655	1.0000	0.8354	0.0000	0.5709
656	1.0000	0.8307	0.0000	0.5726
657	1.0000	0.8259	0.0000	0.5733
658	1.0000	0.7408	0.0000	0.5747
659	1.0000	0.7870	0.0000	0.5755
660	1.0000	0.8015	0.0000	0.5762
661	1.0000	0.8075	0.0000	0.5769
662	1.0000	0.7859	0.0000	0.5778
663	1.0000	0.8342	0.0000	0.5790
664	1.0000	0.8007	0.0000	0.5801
665	1.0000	0.8800	0.0000	0.5809
666	1.0000	0.8386	0.0000	0.5817
667	1.0000	0.8425	0.0000	0.5826
668	1.0000	0.8774	0.0000	0.5834
669	1.0000	0.8671	0.0000	0.5842
670	1.0000	0.8291	0.0000	0.5849
671	1.0000	0.8591	0.0000	0.5859
672	1.0000	0.8443	0.0000	0.5872
673	1.0000	0.7835	0.0000	0.5883
674	1.0000	0.8236	0.0000	0.5896
675	1.0000	0.8185	0.0000	0.5904
676	1.0000	0.7917	0.0000	0.5912
677	1.0000	0.8057	0.0000	0.5921
678	1.0000	0.8348	0.0000	0.5933
679	1.0000	0.7907	0.0000	0.5944
680	1.0000	0.8322	0.0000	0.5952
681	1.0000	0.8560	0.0000	0.5959
682	1.0000	0.8309	0.0000	0.5968
683	1.0000	0.8069	0.0000	0.5979
684	1.0000	0.7563	0.0000	0.5990
685	1.0000	0.7821	0.0000	0.6001
686	1.0000	0.7942	0.0000	0.6009
687	1.0000	0.7474	0.0000	0.6017
688	1.0000	0.8106	0.0000	0.6023
689	1.0000	0.8006	0.0000	0.6031
690	1.0000	0.8304	0.0000	0.6045
691	1.0000	0.8336	0.0000	0.6059
692	1.0000	0.8111	0.0000	0.6068
693	1.0000	0.8203	0.0000	0.6076
694	1.0000	0.8187	0.0000	0.6083
695	1.0000	0.8428	0.0000	0.6091
696	1.0000	0.8388	0.0000	0.6101
697	1.0000	0.8158	0.0000	0.6109
698	1.0000	0.7945	0.0000	0.6120
699	1.0000	0.7969	0.0000	0.6132
700	1.0000	0.8129	0.0000	0.6139
701	1.0000	0.8219	0.0000	0.6146
702	1.0000	0.8242	0.0000	0.6154
703	1.0000	0.8450	0.0000	0.6162
704	1.0000	0.8125	0.0000	0.6169
705	1.0000	0.8563	0.0000	0.6176
706	1.0000	0.8409	0.0000	0.6187
707	1.0000	0.8248	0.0000	0.6200
708	1.0000	0.8755	0.0000	0.6211
709	1.0000	0.8470	0.0000	0.6218
710	1.0000	0.8135	0.0000	0.6226
711	1.0000	0.8253	0.0000	0.6235
712	1.0000	0.8455	0.0000	0.6246
713	1.0000	0.8359	0.0000	0.6257
714	1.0000	0.8095	0.0000	0.6270
715	1.0000	0.8547	0.0000	0.6277
716	1.0000	0.7956	0.0000	0.6283
717	1.0000	0.8387	0.0000	0.6289
718	1.0000	0.8472	0.0000	0.6297
719	1.0000	0.8447	0.0000	0.6308
720	1.0000	0.8009	0.0000	0.6314
721	1.0000	0.8162	0.0000	0.6322
722	1.0000	0.8125	0.0000	0.6334
723	1.0000	0.8277	0.0000	0.6343
724	1.0000	0.7774	0.0000	0.6351
725	1.0000	0.8059	0.0000	0.6362
726	1.0000	0.7635	0.0000	0.6372
727	1.0000	0.8219	0.0000	0.6382
728	1.0000	0.7649	0.0000	0.6398
729	1.0000	0.7521	0.0000	0.6405
730	1.0000	0.7452	0.0000	0.6412
731	1.0000	0.6983	0.0000	0.6426
732	1.0000	0.7060	0.0000	0.6436
733	1.0000	0.7138	0.0000	0.6443
734	1.0000	0.7578	0.0000	0.6454
735	1.0000	0.7312	0.0000	0.6470
736	1.0000	0.7904	0.0000	0.6479
737	1.0000	0.7227	0.0000	0.6488
738	1.0000	0.7515	0.0000	0.6499
739	1.0000	0.7310	0.0000	0.6516
740	1.0000	0.6605	0.0000	0.6531
741	1.0000	0.6818	0.0000	0.6544
742	1.0000	0.6812	0.0000	0.6552
743	1.0000	0.6790	0.0000	0.6559
744	1.0000	0.7371	0.0000	0.6567
745	1.0000	0.7161	0.0000	0.6574
746	1.0000	0.7618	0.0000	0.6582
747	1.0000	0.7236	0.0000	0.6599
748	1.0000	0.7182	0.0000	0.6608
749	1.0000	0.7464	0.0000	0.6614
750	1.0000	0.7558	0.0000	0.6620
751	1.0000	0.7553	0.0000	0.6629
752	1.0000	0.7825	0.0000	0.6638
753	1.0000	0.7267	0.0000	0.6646
754	1.0000	0.7694	0.0000	0.6664
755	1.0000	0.7310	0.0000	0.6682
756	1.0000	0.7085	0.0000	0.6689
757	1.0000	0.7309	0.0000	0.6700
758	1.0000	0.7099	0.0000	0.6707
759	1.0000	0.7498	0.0000	0.6717
760	1.0000	0.7521	0.0000	0.6723
761	1.0000	0.7745	0.0000	0.6732
762	1.0000	0.7372	0.0000	0.6744
763	1.0000	0.7569	0.0000	0.6753
764	1.0000	0.7666	0.0000	0.6761
765	1.0000	0.7873	0.0000	0.6769
766	1.0000	0.7785	0.0000	0.6779
767	1.0000	0.7983	0.0000	0.6785
768	1.0000	0.7796	0.0000	0.6799
769	1.0000	0.7777	0.0000	0.6808
770	1.0000	0.8114	0.0000	0.6817
771	1.0000	0.7924	0.0000	0.6824
772	1.0000	0.8233	0.0000	0.6832
773	1.0000	0.8055	0.0000	0.6841
774	1.0000	0.7742	0.0000	0.6849
775	1.0000	0.8355	0.0000	0.6867
776	1.0000	0.7494	0.0000	0.6875
777	1.0000	0.7519	0.0000	0.6882
778	1.0000	0.7365	0.0000	0.6891
779	1.0000	0.7950	0.0000	0.6900
780	1.0000	0.7311	0.0000	0.6907
781	1.0000	0.8078	0.0000	0.6918
782	1.0000	0.7618	0.0000	0.6931
783	1.0000	0.8148	0.0000	0.6942
784	1.0000	0.7660	0.0000	0.6949
785	1.0000	0.7419	0.0000	0.6957
786	1.0000	0.7583	0.0000	0.6965
787	1.0000	0.7550	0.0000	0.6973
788	1.0000	0.7742	0.0000	0.6979
789	1.0000	0.7616	0.0000	0.6990
790	1.0000	0.7491	0.0000	0.7005
791	1.0000	0.7592	0.0000	0.7016
792	1.0000	0.7648	0.0000	0.7023
793	1.0000	0.7630	0.0000	0.7031
794	1.0000	0.7499	0.0000	0.7039
795	1.0000	0.7643	0.0000	0.7049
796	1.0000	0.7595	0.0000	0.7055
797	1.0000	0.7959	0.0000	0.7065
798	1.0000	0.7338	0.0000	0.7078
799	1.0000	0.7961	0.0000	0.7088
800	1.0000	0.7897	0.0000	0.7095
801	1.0000	0.7127	0.0000	0.7105
802	1.0000	0.7753	0.0000	0.7113
803	1.0000	0.7482	0.0000	0.7123
804	1.0000	0.7709	0.0000	0.7131
805	1.0000	0.7583	0.0000	0.7146
806	1.0000	0.7533	0.0000	0.7158
807	1.0000	0.7725	0.0000	0.7171
808	1.0000	0.7785	0.0000	0.7182
809	1.0000	0.7698	0.0000	0.7195
810	1.0000	0.7734	0.0000	0.7202
811	1.0000	0.8106	0.0000	0.7218
812	1.0000	0.8036	0.0000	0.7229
813	1.0000	0.7963	0.0000	0.7242
814	1.0000	0.7640	0.0000	0.7252
815	1.0000	0.7763	0.0000	0.7266
816	1.0000	0.6600	0.0000	0.7275
817	1.0000	0.6600	0.0000	0.7286
818	1.0000	0.6837	0.0000	0.7300
819	1.0000	0.6293	0.0000	0.7310
820	1.0000	0.6881	0.0000	0.7320
821	1.0000	0.7273	0.0000	0.7332
822	1.0000	0.6846	0.0000	0.7344
823	1.0000	0.7767	0.0000	0.7356
824	1.0000	0.7618	0.0000	0.7365
825	1.0000	0.7735	0.0000	0.7375
826	1.0000	0.7606	0.0000	0.7384
827	1.0000	0.7574	0.0000	0.7391
828	1.0000	0.7980	0.0000	0.7407
829	1.0000	0.7462	0.0000	0.7425
830	1.0000	0.7361	0.0000	0.7435
831	1.0000	0.7410	0.0000	0.7444
832	1.0000	0.7333	0.0000	0.7450
833	1.0000	0.7310	0.0000	0.7462
834	1.0000	0.7836	0.0000	0.7472
835	1.0000	0.7965	0.0000	0.7481
836	1.0000	0.7947	0.0000	0.7495
837	1.0000	0.7977	0.0000	0.7502
838	1.0000	0.7706	0.0000	0.7512
839	1.0000	0.8070	0.0000	0.7518
840	1.0000	0.8030	0.0000	0.7524
841	1.0000	0.8283	0.0000	0.7533
842	1.0000	0.7639	0.0000	0.7540
843	1.0000	0.8265	0.0000	0.7553
844	1.0000	0.8027	0.0000	0.7565
845	1.0000	0.8112	0.0000	0.7573
846	1.0000	0.8115	0.0000	0.7584
847	1.0000	0.8443	0.0000	0.7600
848	1.0000	0.8296	0.0000	0.7607
849	1.0000	0.8280	0.0000	0.7622
850	1.0000	0.8073	0.0000	0.7634
851	1.0000	0.8237	0.0000	0.7644
852	1.0000	0.8350	0.0000	0.7654
853	1.0000	0.8232	0.0000	0.7662
854	1.0000	0.7698	0.0000	0.7676
855	1.0000	0.7619	0.0000	0.7690
856	1.0000	0.7466	0.0000	0.7699
857	1.0000	0.7362	0.0000	0.7709
858	1.0000	0.7357	0.0000	0.7715
859	1.0000	0.7534	0.0000	0.7725
860	1.0000	0.7622	0.0000	0.7731
861	1.0000	0.7556	0.0000	0.7738
862	1.0000	0.7947	0.0000	0.7754
863	1.0000	0.7654	0.0000	0.7766
864	1.0000	0.7767	0.0000	0.7777
865	1.0000	0.7523	0.0000	0.7788
866	1.0000	0.7789	0.0000	0.7796
867	1.0000	0.7946	0.0000	0.7804
868	1.0000	0.7387	0.0000	0.7819
869	1.0000	0.7551	0.0000	0.7829
870	1.0000	0.7208	0.0000	0.7838
871	1.0000	0.7014	0.0000	0.7847
872	1.0000	0.7086	0.0000	0.7856
873	1.0000	0.7187	0.0000	0.7865
874	1.0000	0.7505	0.0000	0.7872
875	1.0000	0.7281	0.0000	0.7887
876	1.0000	0.7806	0.0000	0.7900
877	1.0000	0.7249	0.0000	0.7911
878	1.0000	0.7805	0.0000	0.7920
879	1.0000	0.7833	0.0000	0.7929
880	1.0000	0.8042	0.0000	0.7939
881	1.0000	0.7910	0.0000	0.7950
882	1.0000	0.7738	0.0000	0.7959
883	1.0000	0.8058	0.0000	0.7968
884	1.0000	0.7527	0.0000	0.7976
885	1.0000	0.7369	0.0000	0.7982
886	1.0000	0.7651	0.0000	0.7993
887	1.0000	0.7693	0.0000	0.8004
888	1.0000	0.7706	0.0000	0.8016
889	1.0000	0.7670	0.0000	0.8027
890	1.0000	0.7812	0.0000	0.8034
891	1.0000	0.7645	0.0000	0.8048
892	1.0000	0.7361	0.0000	0.8061
893	1.0000	0.7754	0.0000	0.8073
894	1.0000	0.7142	0.0000	0.8087
895	1.0000	0.7549	0.0000	0.8098
896	1.0000	0.7869	0.0000	0.8111
897	1.0000	0.7748	0.0000	0.8122
898	1.0000	0.7543	0.0000	0.8128
899	1.0000	0.7692	0.0000	0.8138
900	1.0000	0.6884	0.0000	0.8146
901	1.0000	0.6949	0.0000	0.8156
902	1.0000	0.7505	0.0000	0.8166
903	1.0000	0.7076	0.0000	0.8174
904	1.0000	0.7774	0.0000	0.8182
905	1.0000	0.7180	0.0000	0.8194
906	1.0000	0.7026	0.0000	0.8204
907	1.0000	0.7132	0.0000	0.8218
908	1.0000	0.7514	0.0000	0.8227
909	1.0000	0.7876	0.0000	0.8234
910	1.0000	0.7557	0.0000	0.8242
911	1.0000	0.8051	0.0000	0.8255
912	1.0000	0.7920	0.0000	0.8268
913	1.0000	0.8181	0.0000	0.8285
914	1.0000	0.7782	0.0000	0.8294
915	1.0000	0.7690	0.0000	0.8303
916	1.0000	0.7540	0.0000	0.8309
917	1.0000	0.7571	0.0000	0.8317
918	1.0000	0.7419	0.0000	0.8329
919	1.0000	0.7755	0.0000	0.8336
920	1.0000	0.7729	0.0000	0.8349
921	1.0000	0.8003	0.0000	0.8362
922	1.0000	0.8132	0.0000	0.8370
923	1.0000	0.7980	0.0000	0.8379
924	1.0000	0.8099	0.0000	0.8387
925	1.0000	0.7890	0.0000	0.8396
926	1.0000	0.7717	0.0000	0.8403
927	1.0000	0.7782	0.0000	0.8418
928	1.0000	0.7899	0.0000	0.8432
929	1.0000	0.8372	0.0000	0.8444
930	1.0000	0.7915	0.0000	0.8454
931	1.0000	0.7730	0.0000	0.8462
932	1.0000	0.7474	0.0000	0.8469
933	1.0000	0.8065	0.0000	0.8482
934	1.0000	0.7912	0.0000	0.8488
935	1.0000	0.7522	0.0000	0.8494
936	1.0000	0.7693	0.0000	0.8507
937	1.0000	0.7612	0.0000	0.8518
938	1.0000	0.8075	0.0000	0.8528
939	1.0000	0.8572	0.0000	0.8536
940	1.0000	0.8049	0.0000	0.8546
941	1.0000	0.7884	0.0000	0.8559
942	1.0000	0.8016	0.0000	0.8567
943	1.0000	0.7949	0.0000	0.8579
944	1.0000	0.7724	0.0000	0.8588
945	1.0000	0.8430	0.0000	0.8605
946	1.0000	0.7711	0.0000	0.8617
947	1.0000	0.7996	0.0000	0.8625
948	1.0000	0.7827	0.0000	0.8633
949	1.0000	0.7728	0.0000	0.8642
950	1.0000	0.7546	0.0000	0.8649
951	1.0000	0.7830	0.0000	0.8658
952	1.0000	0.8078	0.0000	0.8664
953	1.0000	0.7823	0.0000	0.8680
954	1.0000	0.7427	0.0000	0.8691
955	1.0000	0.7833	0.0000	0.8698
956	1.0000	0.8022	0.0000	0.8706
957	1.0000	0.8131	0.0000	0.8713
958	1.0000	0.7835	0.0000	0.8720
959	1.0000	0.8179	0.0000	0.8731
960	1.0000	0.7682	0.0000	0.8745
961	1.0000	0.7640	0.0000	0.8756
962	1.0000	0.8070	0.0000	0.8765
963	1.0000	0.7453	0.0000	0.8778
964	1.0000	0.7808	0.0000	0.8785
965	1.0000	0.7553	0.0000	0.8800
966	1.0000	0.7724	0.0000	0.8815
967	1.0000	0.7766	0.0000	0.8821
968	1.0000	0.7384	0.0000	0.8827
969	1.0000	0.7495	0.0000	0.8833
970	1.0000	0.7286	0.0000	0.8840
971	1.0000	0.7844	0.0000	0.8850
972	1.0000	0.7733	0.0000	0.8856
973	1.0000	0.7610	0.0000	0.8872
974	1.0000	0.8076	0.0000	0.8883
975	1.0000	0.7936	0.0000	0.8896
976	1.0000	0.7560	0.0000	0.8905
977	1.0000	0.7575	0.0000	0.8913
978	1.0000	0.7272	0.0000	0.8920
979	1.0000	0.7467	0.0000	0.8927
980	1.0000	0.7727	0.0000	0.8943
981	1.0000	0.7932	0.0000	0.8953
982	1.0000	0.7686	0.0000	0.8962
983	1.0000	0.8167	0.0000	0.8968
984	1.0000	0.8084	0.0000	0.8974
985	1.0000	0.7872	0.0000	0.8980
986	1.0000	0.8528	0.0000	0.8989
987	1.0000	0.7781	0.0000	0.9003
988	1.0000	0.8112	0.0000	0.9016
989	1.0000	0.8000	0.0000	0.9026
990	1.0000	0.7744	0.0000	0.9035
991	1.0000	0.7626	0.0000	0.9046
992	1.0000	0.8022	0.0000	0.9058
993	1.0000	0.7856	0.0000	0.9073
994	1.0000	0.7646	0.0000	0.9082
995	1.0000	0.7652	0.0000	0.9091
996	1.0000	0.7317	0.0000	0.9102
997	1.0000	0.6928	0.0000	0.9116
998	1.0000	0.7636	0.0000	0.9124
999	1.0000	0.7895	0.0000	0.9135
1000	1.0000	0.8116	0.0000	0.9146
1001	1.0000	0.7615	0.0000	0.9152
1002	1.0000	0.7946	0.0000	0.9162
1003	1.0000	0.7828	0.0000	0.9172
1004	1.0000	0.7980	0.0000	0.9178
1005	1.0000	0.7946	0.0000	0.9187
1006	1.0000	0.7826	0.0000	0.9201
1007	1.0000	0.7681	0.0000	0.9210
1008	1.0000	0.7538	0.0000	0.9222
1009	1.0000	0.8325	0.0000	0.9231
1010	1.0000	0.8071	0.0000	0.9239
1011	1.0000	0.7829	0.0000	0.9249
1012	1.0000	0.7676	0.0000	0.9262
1013	1.0000	0.7871	0.0000	0.9278
1014	1.0000	0.7942	0.0000	0.9287
1015	1.0000	0.7655	0.0000	0.9293
1016	1.0000	0.7717	0.0000	0.9299
1017	1.0000	0.8576	0.0000	0.9306
1018	1.0000	0.7993	0.0000	0.9314
1019	1.0000	0.7805	0.0000	0.9321
1020	1.0000	0.8033	0.0000	0.9332
1021	1.0000	0.8124	0.0000	0.9342
1022	1.0000	0.8424	0.0000	0.9352
1023	1.0000	0.8257	0.0000	0.9359
1024	1.0000	0.8383	0.0000	0.9368
1025	1.0000	0.8298	0.0000	0.9375
1026	1.0000	0.7961	0.0000	0.9382
1027	1.0000	0.7390	0.0000	0.9393
1028	1.0000	0.8008	0.0000	0.9403
1029	1.0000	0.7887	0.0000	0.9410
1030	1.0000	0.8214	0.0000	0.9417
1031	1.0000	0.8389	0.0000	0.9423
1032	1.0000	0.8400	0.0000	0.9434
1033	1.0000	0.8602	0.0000	0.9440
1034	1.0000	0.8448	0.0000	0.9450
1035	1.0000	0.8394	0.0000	0.9466
1036	1.0000	0.8303	0.0000	0.9477
1037	1.0000	0.8296	0.0000	0.9487
1038	1.0000	0.8497	0.0000	0.9499
1039	1.0000	0.8475	0.0000	0.9509
1040	1.0000	0.7771	0.0000	0.9531
1041	1.0000	0.7925	0.0000	0.9543
1042	1.0000	0.7738	0.0000	0.9554
1043	1.0000	0.7975	0.0000	0.9565
1044	1.0000	0.7484	0.0000	0.9573
1045	1.0000	0.7802	0.0000	0.9582
1046	1.0000	0.7734	0.0000	0.9595
1047	1.0000	0.7757	0.0000	0.9605
1048	1.0000	0.7959	0.0000	0.9616
1049	1.0000	0.7829	0.0000	0.9623
1050	1.0000	0.8149	0.0000	0.9631
1051	1.0000	0.7807	0.0000	0.9642
1052	1.0000	0.8196	0.0000	0.9661
1053	1.0000	0.8031	0.0000	0.9678
1054	1.0000	0.7471	0.0000	0.9688
1055	1.0000	0.7745	0.0000	0.9694
1056	1.0000	0.7604	0.0000	0.9708
1057	1.0000	0.7755	0.0000	0.9729
1058	1.0000	0.7442	0.0000	0.9737
1059	1.0000	0.7349	0.0000	0.9744
1060	1.0000	0.7809	0.0000	0.9753
1061	1.0000	0.7450	0.0000	0.9762
1062	1.0000	0.7002	0.0000	0.9771
1063	1.0000	0.6893	0.0000	0.9780
1064	1.0000	0.7739	0.0000	0.9794
1065	1.0000	0.7725	0.0000	0.9803
1066	1.0000	0.7384	0.0000	0.9811
1067	1.0000	0.7502	0.0000	0.9818
1068	1.0000	0.7081	0.0000	0.9826
1069	1.0000	0.7485	0.0000	0.9833
1070	1.0000	0.7803	0.0000	0.9843
1071	1.0000	0.7758	0.0000	0.9854
1072	1.0000	0.7762	0.0000	0.9863
1073	1.0000	0.7609	0.0000	0.9876
1074	1.0000	0.7260	0.0000	0.9885
1075	1.0000	0.7534	0.0000	0.9891
1076	1.0000	0.7388	0.0000	0.9898
1077	1.0000	0.7622	0.0000	0.9910
1078	1.0000	0.7235	0.0000	0.9926
1079	1.0000	0.7548	0.0000	0.9934
1080	1.0000	0.7478	0.0000	0.9946
1081	1.0000	0.7628	0.0000	0.9954
1082	1.0000	0.7490	0.0000	0.9962
1083	1.0000	0.7764	0.0000	0.9974
1084	1.0000	0.7702	0.0000	0.9986
1085	1.0000	0.7590	0.0000	0.9995
1086	1.0000	0.7536	0.0000	1.0004
1087	1.0000	0.7729	0.0000	1.0014
1088	1.0000	0.8041	0.0000	1.0026
1089	1.0000	0.7918	0.0000	1.0038
1090	1.0000	0.7646	0.0000	1.0056
1091	1.0000	0.7951	0.0000	1.0064
1092	1.0000	0.7905	0.0000	1.0072
1093	1.0000	0.8217	0.0000	1.0085
1094	1.0000	0.8027	0.0000	1.0094
1095	1.0000	0.7835	0.0000	1.0102
1096	1.0000	0.7737	0.0000	1.0110
1097	1.0000	0.8117	0.0000	1.0121
1098	1.0000	0.8041	0.0000	1.0135
1099	1.0000	0.7946	0.0000	1.0143
1100	1.0000	0.7944	0.0000	1.0153
1101	1.0000	0.7882	0.0000	1.0160
1102	1.0000	0.7797	0.0000	1.0168
1103	1.0000	0.7579	0.0000	1.0178
1104	1.0000	0.7686	0.0000	1.0189
1105	1.0000	0.7950	0.0000	1.0203
1106	1.0000	0.7667	0.0000	1.0212
1107	1.0000	0.7642	0.0000	1.0226
1108	1.0000	0.8548	0.0000	1.0239
1109	1.0000	0.7940	0.0000	1.0248
1110	1.0000	0.8031	0.0000	1.0266
1111	1.0000	0.8176	0.0000	1.0278
1112	1.0000	0.7625	0.0000	1.0289
1113	1.0000	0.7758	0.0000	1.0298
1114	1.0000	0.7794	0.0000	1.0307
1115	1.0000	0.7988	0.0000	1.0318
1116	1.0000	0.7723	0.0000	1.0337
1117	1.0000	0.7253	0.0000	1.0348
1118	1.0000	0.8019	0.0000	1.0361
1119	1.0000	0.7433	0.0000	1.0372
1120	1.0000	0.7162	0.0000	1.0382
1121	1.0000	0.7748	0.0000	1.0390
1122	1.0000	0.7400	0.0000	1.0402
1123	1.0000	0.7582	0.0000	1.0414
1124	1.0000	0.7961	0.0000	1.0427
1125	1.0000	0.7765	0.0000	1.0436
1126	1.0000	0.7676	0.0000	1.0448
1127	1.0000	0.7478	0.0000	1.0457
1128	1.0000	0.7716	0.0000	1.0463
1129	1.0000	0.8097	0.0000	1.0476
1130	1.0000	0.7695	0.0000	1.0489
1131	1.0000	0.7115	0.0000	1.0495
1132	1.0000	0.7764	0.0000	1.0510
1133	1.0000	0.7096	0.0000	1.0518
1134	1.0000	0.7621	0.0000	1.0541
1135	1.0000	0.7470	0.0000	1.0553
1136	1.0000	0.7421	0.0000	1.0566
1137	1.0000	0.7479	0.0000	1.0574
1138	1.0000	0.7294	0.0000	1.0585
1139	1.0000	0.7583	0.0000	1.0593
1140	1.0000	0.7284	0.0000	1.0609
1141	1.0000	0.6980	0.0000	1.0622
1142	1.0000	0.7270	0.0000	1.0641
1143	1.0000	0.7402	0.0000	1.0653
1144	1.0000	0.7486	0.0000	1.0660
1145	1.0000	0.7800	0.0000	1.0670
1146	1.0000	0.7773	0.0000	1.0684
1147	1.0000	0.7777	0.0000	1.0695
1148	1.0000	0.7559	0.0000	1.0707
1149	1.0000	0.7342	0.0000	1.0719
1150	1.0000	0.7575	0.0000	1.0739
1151	1.0000	0.6855	0.0000	1.0754
1152	1.0000	0.7746	0.0000	1.0763
1153	1.0000	0.7413	0.0000	1.0770
1154	1.0000	0.7798	0.0000	1.0781
1155	1.0000	0.7536	0.0000	1.0787
1156	1.0000	0.7254	0.0000	1.0802
1157	1.0000	0.7679	0.0000	1.0811
1158	1.0000	0.7530	0.0000	1.0820
1159	1.0000	0.7890	0.0000	1.0832
1160	1.0000	0.7918	0.0000	1.0838
1161	1.0000	0.7712	0.0000	1.0850
1162	1.0000	0.7597	0.0000	1.0861
1163	1.0000	0.7716	0.0000	1.0875
1164	1.0000	0.7912	0.0000	1.0886
1165	1.0000	0.7638	0.0000	1.0895
1166	1.0000	0.7657	0.0000	1.0906
1167	1.0000	0.8046	0.0000	1.0915
1168	1.0000	0.8152	0.0000	1.0926
1169	1.0000	0.7610	0.0000	1.0942
1170	1.0000	0.8002	0.0000	1.0950
1171	1.0000	0.7899	0.0000	1.0957
1172	1.0000	0.8061	0.0000	1.0969
1173	1.0000	0.8091	0.0000	1.0977
1174	1.0000	0.8091	0.0000	1.0985
1175	1.0000	0.7923	0.0000	1.0994
1176	1.0000	0.8085	0.0000	1.1007
1177	1.0000	0.8186	0.0000	1.1017
1178	1.0000	0.8149	0.0000	1.1026
1179	1.0000	0.8047	0.0000	1.1040
1180	1.0000	0.7686	0.0000	1.1052
1181	1.0000	0.8036	0.0000	1.1067
1182	1.0000	0.8013	0.0000	1.1094
1183	1.0000	0.8065	0.0000	1.1107
1184	1.0000	0.7842	0.0000	1.1121
1185	1.0000	0.8086	0.0000	1.1131
1186	1.0000	0.7662	0.0000	1.1139
1187	1.0000	0.7586	0.0000	1.1155
1188	1.0000	0.7521	0.0000	1.1172
1189	1.0000	0.8000	0.0000	1.1181
1190	1.0000	0.7700	0.0000	1.1187
1191	1.0000	0.7267	0.0000	1.1198
1192	1.0000	0.7324	0.0000	1.1207
1193	1.0000	0.7582	0.0000	1.1225
1194	1.0000	0.7197	0.0000	1.1234
1195	1.0000	0.7718	0.0000	1.1250
1196	1.0000	0.8063	0.0000	1.1262
1197	1.0000	0.8094	0.0000	1.1274
1198	1.0000	0.7720	0.0000	1.1294
1199	1.0000	0.7456	0.0000	1.1311
1200	1.0000	0.8016	0.0000	1.1321
1201	1.0000	0.7721	0.0000	1.1330
1202	1.0000	0.7467	0.0000	1.1338
1203	1.0000	0.8059	0.0000	1.1346
1204	1.0000	0.8020	0.0000	1.1363
1205	1.0000	0.8411	0.0000	1.1379
1206	1.0000	0.7800	0.0000	1.1387
1207	1.0000	0.8122	0.0000	1.1394
1208	1.0000	0.8297	0.0000	1.1402
1209	1.0000	0.8321	0.0000	1.1412
1210	1.0000	0.8010	0.0000	1.1420
1211	1.0000	0.7543	0.0000	1.1430
1212	1.0000	0.8199	0.0000	1.1448
1213	1.0000	0.8086	0.0000	1.1458
1214	1.0000	0.8018	0.0000	1.1471
1215	1.0000	0.7949	0.0000	1.1479
1216	1.0000	0.8258	0.0000	1.1487
1217	1.0000	0.8344	0.0000	1.1494
1218	1.0000	0.8318	0.0000	1.1504
1219	1.0000	0.8477	0.0000	1.1520
1220	1.0000	0.8318	0.0000	1.1532
1221	1.0000	0.7732	0.0000	1.1546
1222	1.0000	0.8097	0.0000	1.1556
1223	1.0000	0.7943	0.0000	1.1567
1224	1.0000	0.7870	0.0000	1.1576
1225	1.0000	0.8177	0.0000	1.1589
1226	1.0000	0.7956	0.0000	1.1597
1227	1.0000	0.7750	0.0000	1.1611
1228	1.0000	0.7815	0.0000	1.1621
1229	1.0000	0.7546	0.0000	1.1630
1230	1.0000	0.8164	0.0000	1.1649
1231	1.0000	0.8040	0.0000	1.1656
1232	1.0000	0.7562	0.0000	1.1669
1233	1.0000	0.7977	0.0000	1.1682
1234	1.0000	0.7987	0.0000	1.1694
1235	1.0000	0.7985	0.0000	1.1703
1236	1.0000	0.7795	0.0000	1.1721
1237	1.0000	0.7720	0.0000	1.1729
1238	1.0000	0.7560	0.0000	1.1737
1239	1.0000	0.7494	0.0000	1.1749
1240	1.0000	0.8126	0.0000	1.1761
1241	1.0000	0.8063	0.0000	1.1771
1242	1.0000	0.7619	0.0000	1.1781
1243	1.0000	0.7646	0.0000	1.1792
1244	1.0000	0.8109	0.0000	1.1803
1245	1.0000	0.7939	0.0000	1.1814
1246	1.0000	0.7802	0.0000	1.1827
1247	1.0000	0.7788	0.0000	1.1837
1248	1.0000	0.7904	0.0000	1.1849
1249	1.0000	0.7550	0.0000	1.1862
1250	1.0000	0.7772	0.0000	1.1879
1251	1.0000	0.7577	0.0000	1.1888
1252	1.0000	0.8179	0.0000	1.1899
1253	1.0000	0.7530	0.0000	1.1909
1254	1.0000	0.7084	0.0000	1.1916
1255	1.0000	0.7431	0.0000	1.1924
1256	1.0000	0.8053	0.0000	1.1932
1257	1.0000	0.7784	0.0000	1.1945
1258	1.0000	0.8127	0.0000	1.1960
1259	1.0000	0.7808	0.0000	1.1967
1260	1.0000	0.8000	0.0000	1.1978
1261	1.0000	0.7858	0.0000	1.1993
1262	1.0000	0.8149	0.0000	1.2015
1263	1.0000	0.7994	0.0000	1.2033
1264	1.0000	0.8479	0.0000	1.2048
1265	1.0000	0.7991	0.0000	1.2078
1266	1.0000	0.8351	0.0000	1.2095
1267	1.0000	0.7789	0.0000	1.2106
1268	1.0000	0.7645	0.0000	1.2119
1269	1.0000	0.7473	0.0000	1.2129
1270	1.0000	0.7700	0.0000	1.2137
1271	1.0000	0.7742	0.0000	1.2144
1272	1.0000	0.7505	0.0000	1.2150
1273	1.0000	0.7827	0.0000	1.2160
1274	1.0000	0.7952	0.0000	1.2171
1275	1.0000	0.7867	0.0000	1.2179
1276	1.0000	0.7879	0.0000	1.2186
1277	1.0000	0.7827	0.0000	1.2197
1278	1.0000	0.7918	0.0000	1.2220
1279	1.0000	0.7196	0.0000	1.2231
1280	1.0000	0.7811	0.0000	1.2247
1281	1.0000	0.7902	0.0000	1.2265
1282	1.0000	0.7431	0.0000	1.2278
1283	1.0000	0.7763	0.0000	1.2291
1284	1.0000	0.7239	0.0000	1.2300
1285	1.0000	0.7825	0.0000	1.2310
1286	1.0000	0.7913	0.0000	1.2317
1287	1.0000	0.8070	0.0000	1.2324
1288	1.0000	0.7955	0.0000	1.2332
1289	1.0000	0.7725	0.0000	1.2347
1290	1.0000	0.7871	0.0000	1.2354
1291	1.0000	0.7818	0.0000	1.2367
1292	1.0000	0.7786	0.0000	1.2376
1293	1.0000	0.8410	0.0000	1.2392
1294	1.0000	0.8358	0.0000	1.2408
1295	1.0000	0.7962	0.0000	1.2417
1296	1.0000	0.7295	0.0000	1.2430
1297	1.0000	0.7500	0.0000	1.2446
1298	1.0000	0.8037	0.0000	1.2462
1299	1.0000	0.7735	0.0000	1.2477
1300	1.0000	0.7966	0.0000	1.2486
1301	1.0000	0.8121	0.0000	1.2493
1302	1.0000	0.8209	0.0000	1.2503
1303	1.0000	0.7264	0.0000	1.2513
1304	1.0000	0.7512	0.0000	1.2528
1305	1.0000	0.7928	0.0000	1.2541
1306	1.0000	0.7971	0.0000	1.2547
1307	1.0000	0.8079	0.0000	1.2555
1308	1.0000	0.8036	0.0000	1.2563
1309	1.0000	0.7748	0.0000	1.2573
1310	1.0000	0.7870	0.0000	1.2585
1311	1.0000	0.7808	0.0000	1.2599
1312	1.0000	0.8175	0.0000	1.2618
1313	1.0000	0.7430	0.0000	1.2630
1314	1.0000	0.8149	0.0000	1.2643
1315	1.0000	0.7735	0.0000	1.2655
1316	1.0000	0.7804	0.0000	1.2665
1317	1.0000	0.7731	0.0000	1.2675
1318	1.0000	0.8193	0.0000	1.2683
1319	1.0000	0.8093	0.0000	1.2689
1320	1.0000	0.7970	0.0000	1.2695
1321	1.0000	0.8363	0.0000	1.2711
1322	1.0000	0.7727	0.0000	1.2717
1323	1.0000	0.7746	0.0000	1.2726
1324	1.0000	0.8054	0.0000	1.2735
1325	1.0000	0.7682	0.0000	1.2748
1326	1.0000	0.7385	0.0000	1.2758
1327	1.0000	0.7673	0.0000	1.2767
1328	1.0000	0.7991	0.0000	1.2780
1329	1.0000	0.7755	0.0000	1.2789
1330	1.0000	0.7790	0.0000	1.2810
1331	1.0000	0.8021	0.0000	1.2820
1332	1.0000	0.7998	0.0000	1.2831
Pos: [7.706295301912878, 7.706272747785091]

Run: 1
Iter	Gbest	AvrFit	Diver	ETime	
0	0.9901	0.2140	0.0000	0.0009
1	0.9901	0.3025	0.0000	0.0025
2	0.9968	0.3676	0.0000	0.0032
3	0.9968	0.4575	0.0000	0.0039
4	0.9968	0.4980	0.0000	0.0046
5	0.9968	0.5714	0.0000	0.0052
6	0.9985	0.5507	0.0000	0.0059
7	0.9998	0.5902	0.0000	0.0065
8	0.9998	0.6560	0.0000	0.0072
9	0.9998	0.6483	0.0000	0.0080
10	0.9998	0.6383	0.0000	0.0091
11	0.9998	0.7040	0.0000	0.0098
12	0.9998	0.6791	0.0000	0.0105
13	0.9998	0.6996	0.0000	0.0112
14	0.9998	0.7347	0.0000	0.0119
15	0.9998	0.6651	0.0000	0.0125
16	0.9998	0.6716	0.0000	0.0132
17	0.9998	0.7043	0.0000	0.0138
18	0.9998	0.7337	0.0000	0.0145
19	0.9998	0.7678	0.0000	0.0152
20	0.9998	0.7333	0.0000	0.0163
21	0.9998	0.7719	0.0000	0.0169
22	0.9998	0.7703	0.0000	0.0175
23	0.9998	0.7813	0.0000	0.0182
24	0.9998	0.7415	0.0000	0.0188
25	0.9998	0.7909	0.0000	0.0195
26	0.9998	0.8441	0.0000	0.0201
27	0.9998	0.8477	0.0000	0.0208
28	0.9999	0.8230	0.0000	0.0214
29	1.0000	0.7644	0.0000	0.0223
30	1.0000	0.7588	0.0000	0.0233
31	1.0000	0.8092	0.0000	0.0240
32	1.0000	0.7731	0.0000	0.0246
33	1.0000	0.7565	0.0000	0.0254
34	1.0000	0.7810	0.0000	0.0260
35	1.0000	0.7990	0.0000	0.0267
36	1.0000	0.7684	0.0000	0.0273
37	1.0000	0.7939	0.0000	0.0280
38	1.0000	0.7886	0.0000	0.0286
39	1.0000	0.8312	0.0000	0.0297
40	1.0000	0.8103	0.0000	0.0305
41	1.0000	0.7823	0.0000	0.0311
42	1.0000	0.8339	0.0000	0.0318
43	1.0000	0.7469	0.0000	0.0324
44	1.0000	0.7779	0.0000	0.0330
45	1.0000	0.7915	0.0000	0.0337
46	1.0000	0.7872	0.0000	0.0344
47	1.0000	0.7856	0.0000	0.0351
48	1.0000	0.7906	0.0000	0.0360
49	1.0000	0.8027	0.0000	0.0369
50	1.0000	0.8195	0.0000	0.0375
51	1.0000	0.8562	0.0000	0.0382
52	1.0000	0.8277	0.0000	0.0388
53	1.0000	0.8497	0.0000	0.0394
54	1.0000	0.8324	0.0000	0.0402
55	1.0000	0.8268	0.0000	0.0411
56	1.0000	0.8291	0.0000	0.0417
57	1.0000	0.7998	0.0000	0.0424
58	1.0000	0.8560	0.0000	0.0435
59	1.0000	0.8374	0.0000	0.0443
60	1.0000	0.8282	0.0000	0.0449
61	1.0000	0.8540	0.0000	0.0456
62	1.0000	0.8397	0.0000	0.0462
63	1.0000	0.9071	0.0000	0.0468
64	1.0000	0.8742	0.0000	0.0475
65	1.0000	0.8299	0.0000	0.0481
66	1.0000	0.8387	0.0000	0.0488
67	1.0000	0.8212	0.0000	0.0496
68	1.0000	0.8529	0.0000	0.0505
69	1.0000	0.8133	0.0000	0.0512
70	1.0000	0.8510	0.0000	0.0518
71	1.0000	0.8726	0.0000	0.0525
72	1.0000	0.8487	0.0000	0.0532
73	1.0000	0.8380	0.0000	0.0538
74	1.0000	0.7983	0.0000	0.0545
75	1.0000	0.7955	0.0000	0.0551
76	1.0000	0.8521	0.0000	0.0559
77	1.0000	0.8315	0.0000	0.0570
78	1.0000	0.7937	0.0000	0.0576
79	1.0000	0.8572	0.0000	0.0583
80	1.0000	0.8484	0.0000	0.0590
81	1.0000	0.7973	0.0000	0.0596
82	1.0000	0.8332	0.0000	0.0602
83	1.0000	0.8450	0.0000	0.0609
84	1.0000	0.8313	0.0000	0.0615
85	1.0000	0.8680	0.0000	0.0622
86	1.0000	0.8401	0.0000	0.0631
87	1.0000	0.8478	0.0000	0.0639
88	1.0000	0.8385	0.0000	0.0646
89	1.0000	0.8374	0.0000	0.0653
90	1.0000	0.8782	0.0000	0.0659
91	1.0000	0.8539	0.0000	0.0665
92	1.0000	0.8498	0.0000	0.0674
93	1.0000	0.8221	0.0000	0.0680
94	1.0000	0.8212	0.0000	0.0687
95	1.0000	0.8562	0.0000	0.0695
96	1.0000	0.8673	0.0000	0.0706
97	1.0000	0.8517	0.0000	0.0712
98	1.0000	0.8646	0.0000	0.0719
99	1.0000	0.8505	0.0000	0.0725
100	1.0000	0.8408	0.0000	0.0732
101	1.0000	0.8471	0.0000	0.0740
102	1.0000	0.8646	0.0000	0.0746
103	1.0000	0.8534	0.0000	0.0754
104	1.0000	0.8653	0.0000	0.0763
105	1.0000	0.8581	0.0000	0.0772
106	1.0000	0.8735	0.0000	0.0779
107	1.0000	0.8854	0.0000	0.0786
108	1.0000	0.8821	0.0000	0.0793
109	1.0000	0.8432	0.0000	0.0800
110	1.0000	0.8540	0.0000	0.0807
111	1.0000	0.8542	0.0000	0.0813
112	1.0000	0.8149	0.0000	0.0820
113	1.0000	0.8366	0.0000	0.0830
114	1.0000	0.8436	0.0000	0.0839
115	1.0000	0.8350	0.0000	0.0845
116	1.0000	0.8411	0.0000	0.0852
117	1.0000	0.8370	0.0000	0.0859
118	1.0000	0.8466	0.0000	0.0866
119	1.0000	0.8252	0.0000	0.0874
120	1.0000	0.8520	0.0000	0.0880
121	1.0000	0.8576	0.0000	0.0887
122	1.0000	0.8671	0.0000	0.0899
123	1.0000	0.8317	0.0000	0.0907
124	1.0000	0.8628	0.0000	0.0914
125	1.0000	0.8200	0.0000	0.0920
126	1.0000	0.8508	0.0000	0.0927
127	1.0000	0.8285	0.0000	0.0933
128	1.0000	0.8326	0.0000	0.0941
129	1.0000	0.8467	0.0000	0.0948
130	1.0000	0.8606	0.0000	0.0957
131	1.0000	0.8220	0.0000	0.0968
132	1.0000	0.8008	0.0000	0.0975
133	1.0000	0.8333	0.0000	0.0982
134	1.0000	0.8005	0.0000	0.0989
135	1.0000	0.7946	0.0000	0.0995
136	1.0000	0.8094	0.0000	0.1003
137	1.0000	0.7889	0.0000	0.1010
138	1.0000	0.7767	0.0000	0.1017
139	1.0000	0.8123	0.0000	0.1027
140	1.0000	0.7905	0.0000	0.1036
141	1.0000	0.8248	0.0000	0.1043
142	1.0000	0.7982	0.0000	0.1049
143	1.0000	0.8135	0.0000	0.1056
144	1.0000	0.8194	0.0000	0.1064
145	1.0000	0.8288	0.0000	0.1071
146	1.0000	0.7710	0.0000	0.1079
147	1.0000	0.7927	0.0000	0.1088
148	1.0000	0.7936	0.0000	0.1099
149	1.0000	0.7863	0.0000	0.1105
150	1.0000	0.8090	0.0000	0.1112
151	1.0000	0.8002	0.0000	0.1119
152	1.0000	0.8158	0.0000	0.1126
153	1.0000	0.8064	0.0000	0.1133
154	1.0000	0.8401	0.0000	0.1139
155	1.0000	0.8064	0.0000	0.1146
156	1.0000	0.7874	0.0000	0.1156
157	1.0000	0.8333	0.0000	0.1165
158	1.0000	0.8621	0.0000	0.1172
159	1.0000	0.8599	0.0000	0.1180
160	1.0000	0.7979	0.0000	0.1187
161	1.0000	0.8565	0.0000	0.1194
162	1.0000	0.8094	0.0000	0.1202
163	1.0000	0.8113	0.0000	0.1209
164	1.0000	0.8380	0.0000	0.1217
165	1.0000	0.7791	0.0000	0.1228
166	1.0000	0.8235	0.0000	0.1235
167	1.0000	0.8572	0.0000	0.1242
168	1.0000	0.8368	0.0000	0.1249
169	1.0000	0.8441	0.0000	0.1256
170	1.0000	0.8040	0.0000	0.1263
171	1.0000	0.8514	0.0000	0.1269
172	1.0000	0.8080	0.0000	0.1276
173	1.0000	0.8344	0.0000	0.1286
174	1.0000	0.7903	0.0000	0.1296
175	1.0000	0.7935	0.0000	0.1304
176	1.0000	0.8279	0.0000	0.1311
177	1.0000	0.8176	0.0000	0.1318
178	1.0000	0.8476	0.0000	0.1325
179	1.0000	0.8207	0.0000	0.1333
180	1.0000	0.8067	0.0000	0.1341
181	1.0000	0.8206	0.0000	0.1350
182	1.0000	0.8654	0.0000	0.1361
183	1.0000	0.8137	0.0000	0.1368
184	1.0000	0.8059	0.0000	0.1374
185	1.0000	0.8426	0.0000	0.1381
186	1.0000	0.8472	0.0000	0.1389
187	1.0000	0.8089	0.0000	0.1395
188	1.0000	0.7597	0.0000	0.1401
189	1.0000	0.8064	0.0000	0.1410
190	1.0000	0.8252	0.0000	0.1421
191	1.0000	0.8314	0.0000	0.1429
192	1.0000	0.8447	0.0000	0.1437
193	1.0000	0.8504	0.0000	0.1444
194	1.0000	0.8345	0.0000	0.1450
195	1.0000	0.8757	0.0000	0.1459
196	1.0000	0.8841	0.0000	0.1466
197	1.0000	0.8580	0.0000	0.1473
198	1.0000	0.7982	0.0000	0.1486
199	1.0000	0.7600	0.0000	0.1494
200	1.0000	0.7794	0.0000	0.1502
201	1.0000	0.8117	0.0000	0.1509
202	1.0000	0.7668	0.0000	0.1517
203	1.0000	0.7552	0.0000	0.1524
204	1.0000	0.7321	0.0000	0.1531
205	1.0000	0.7732	0.0000	0.1538
206	1.0000	0.7888	0.0000	0.1546
207	1.0000	0.7372	0.0000	0.1556
208	1.0000	0.8205	0.0000	0.1562
209	1.0000	0.7732	0.0000	0.1570
210	1.0000	0.7763	0.0000	0.1577
211	1.0000	0.7761	0.0000	0.1584
212	1.0000	0.7894	0.0000	0.1592
213	1.0000	0.7700	0.0000	0.1600
214	1.0000	0.8081	0.0000	0.1607
215	1.0000	0.7585	0.0000	0.1618
216	1.0000	0.7393	0.0000	0.1627
217	1.0000	0.7180	0.0000	0.1635
218	1.0000	0.7286	0.0000	0.1643
219	1.0000	0.7362	0.0000	0.1650
220	1.0000	0.7417	0.0000	0.1657
221	1.0000	0.7550	0.0000	0.1665
222	1.0000	0.7984	0.0000	0.1672
223	1.0000	0.7733	0.0000	0.1682
224	1.0000	0.7638	0.0000	0.1690
225	1.0000	0.7614	0.0000	0.1699
226	1.0000	0.7668	0.0000	0.1706
227	1.0000	0.7851	0.0000	0.1713
228	1.0000	0.8067	0.0000	0.1719
229	1.0000	0.7694	0.0000	0.1727
230	1.0000	0.7610	0.0000	0.1734
231	1.0000	0.8001	0.0000	0.1744
232	1.0000	0.7771	0.0000	0.1755
233	1.0000	0.7740	0.0000	0.1763
234	1.0000	0.7955	0.0000	0.1772
235	1.0000	0.7612	0.0000	0.1779
236	1.0000	0.7797	0.0000	0.1786
237	1.0000	0.7483	0.0000	0.1793
238	1.0000	0.7881	0.0000	0.1801
239	1.0000	0.7733	0.0000	0.1809
240	1.0000	0.7756	0.0000	0.1820
241	1.0000	0.8059	0.0000	0.1828
242	1.0000	0.7927	0.0000	0.1836
243	1.0000	0.7994	0.0000	0.1844
244	1.0000	0.7975	0.0000	0.1852
245	1.0000	0.7982	0.0000	0.1858
246	1.0000	0.8209	0.0000	0.1866
247	1.0000	0.8068	0.0000	0.1874
248	1.0000	0.7566	0.0000	0.1885
249	1.0000	0.8274	0.0000	0.1892
250	1.0000	0.7679	0.0000	0.1899
251	1.0000	0.8096	0.0000	0.1908
252	1.0000	0.7254	0.0000	0.1914
253	1.0000	0.7999	0.0000	0.1922
254	1.0000	0.7531	0.0000	0.1929
255	1.0000	0.8122	0.0000	0.1936
256	1.0000	0.7847	0.0000	0.1949
257	1.0000	0.7079	0.0000	0.1957
258	1.0000	0.7636	0.0000	0.1965
259	1.0000	0.7266	0.0000	0.1971
260	1.0000	0.7233	0.0000	0.1978
261	1.0000	0.7264	0.0000	0.1985
262	1.0000	0.7168	0.0000	0.1993
263	1.0000	0.7056	0.0000	0.2000
264	1.0000	0.7303	0.0000	0.2010
265	1.0000	0.7130	0.0000	0.2019
266	1.0000	0.6924	0.0000	0.2027
267	1.0000	0.7227	0.0000	0.2035
268	1.0000	0.7643	0.0000	0.2043
269	1.0000	0.7824	0.0000	0.2052
270	1.0000	0.7427	0.0000	0.2058
271	1.0000	0.7515	0.0000	0.2066
272	1.0000	0.7060	0.0000	0.2080
273	1.0000	0.7730	0.0000	0.2088
274	1.0000	0.7721	0.0000	0.2096
275	1.0000	0.7550	0.0000	0.2104
276	1.0000	0.7877	0.0000	0.2111
277	1.0000	0.8016	0.0000	0.2118
278	1.0000	0.7815	0.0000	0.2126
279	1.0000	0.7696	0.0000	0.2132
280	1.0000	0.7756	0.0000	0.2143
281	1.0000	0.8163	0.0000	0.2152
282	1.0000	0.8067	0.0000	0.2160
283	1.0000	0.8093	0.0000	0.2167
284	1.0000	0.8091	0.0000	0.2174
285	1.0000	0.8041	0.0000	0.2183
286	1.0000	0.7445	0.0000	0.2190
287	1.0000	0.7445	0.0000	0.2198
288	1.0000	0.7397	0.0000	0.2210
289	1.0000	0.7221	0.0000	0.2219
290	1.0000	0.7498	0.0000	0.2228
291	1.0000	0.7438	0.0000	0.2237
292	1.0000	0.7427	0.0000	0.2243
293	1.0000	0.7561	0.0000	0.2251
294	1.0000	0.7243	0.0000	0.2261
295	1.0000	0.7328	0.0000	0.2268
296	1.0000	0.7637	0.0000	0.2280
297	1.0000	0.7682	0.0000	0.2289
298	1.0000	0.8093	0.0000	0.2297
299	1.0000	0.7838	0.0000	0.2305
300	1.0000	0.7503	0.0000	0.2313
301	1.0000	0.7205	0.0000	0.2321
302	1.0000	0.7601	0.0000	0.2328
303	1.0000	0.7212	0.0000	0.2339
304	1.0000	0.7867	0.0000	0.2349
305	1.0000	0.7240	0.0000	0.2357
306	1.0000	0.7213	0.0000	0.2364
307	1.0000	0.7752	0.0000	0.2372
308	1.0000	0.7171	0.0000	0.2379
309	1.0000	0.6748	0.0000	0.2387
310	1.0000	0.7137	0.0000	0.2397
311	1.0000	0.7530	0.0000	0.2407
312	1.0000	0.7200	0.0000	0.2416
313	1.0000	0.7559	0.0000	0.2424
314	1.0000	0.7581	0.0000	0.2433
315	1.0000	0.7625	0.0000	0.2441
316	1.0000	0.7704	0.0000	0.2448
317	1.0000	0.7732	0.0000	0.2456
318	1.0000	0.8033	0.0000	0.2471
319	1.0000	0.7957	0.0000	0.2479
320	1.0000	0.8057	0.0000	0.2485
321	1.0000	0.7670	0.0000	0.2493
322	1.0000	0.8113	0.0000	0.2499
323	1.0000	0.8203	0.0000	0.2511
324	1.0000	0.8263	0.0000	0.2518
325	1.0000	0.8053	0.0000	0.2526
326	1.0000	0.8051	0.0000	0.2538
327	1.0000	0.7763	0.0000	0.2545
328	1.0000	0.7886	0.0000	0.2555
329	1.0000	0.7738	0.0000	0.2563
330	1.0000	0.8028	0.0000	0.2572
331	1.0000	0.8214	0.0000	0.2582
332	1.0000	0.7700	0.0000	0.2590
333	1.0000	0.8293	0.0000	0.2602
334	1.0000	0.7933	0.0000	0.2613
335	1.0000	0.8037	0.0000	0.2620
336	1.0000	0.8200	0.0000	0.2629
337	1.0000	0.7740	0.0000	0.2635
338	1.0000	0.7717	0.0000	0.2641
339	1.0000	0.7990	0.0000	0.2650
340	1.0000	0.7768	0.0000	0.2658
341	1.0000	0.8321	0.0000	0.2673
342	1.0000	0.8390	0.0000	0.2680
343	1.0000	0.7743	0.0000	0.2686
344	1.0000	0.8021	0.0000	0.2694
345	1.0000	0.8585	0.0000	0.2702
346	1.0000	0.8313	0.0000	0.2710
347	1.0000	0.8328	0.0000	0.2718
348	1.0000	0.7930	0.0000	0.2726
349	1.0000	0.8105	0.0000	0.2740
350	1.0000	0.7755	0.0000	0.2749
351	1.0000	0.8053	0.0000	0.2758
352	1.0000	0.7837	0.0000	0.2766
353	1.0000	0.8002	0.0000	0.2773
354	1.0000	0.7240	0.0000	0.2780
355	1.0000	0.7654	0.0000	0.2787
356	1.0000	0.7472	0.0000	0.2798
357	1.0000	0.7730	0.0000	0.2809
358	1.0000	0.7326	0.0000	0.2815
359	1.0000	0.7433	0.0000	0.2822
360	1.0000	0.7389	0.0000	0.2831
361	1.0000	0.7636	0.0000	0.2840
362	1.0000	0.7086	0.0000	0.2846
363	1.0000	0.6680	0.0000	0.2854
364	1.0000	0.7328	0.0000	0.2867
365	1.0000	0.7102	0.0000	0.2875
366	1.0000	0.7015	0.0000	0.2883
367	1.0000	0.7462	0.0000	0.2890
368	1.0000	0.7457	0.0000	0.2897
369	1.0000	0.7642	0.0000	0.2906
370	1.0000	0.7707	0.0000	0.2912
371	1.0000	0.7444	0.0000	0.2918
372	1.0000	0.7555	0.0000	0.2932
373	1.0000	0.7673	0.0000	0.2940
374	1.0000	0.7891	0.0000	0.2946
375	1.0000	0.7780	0.0000	0.2953
376	1.0000	0.7668	0.0000	0.2961
377	1.0000	0.7526	0.0000	0.2970
378	1.0000	0.8125	0.0000	0.2978
379	1.0000	0.7549	0.0000	0.2986
380	1.0000	0.7739	0.0000	0.2996
381	1.0000	0.8074	0.0000	0.3006
382	1.0000	0.7527	0.0000	0.3013
383	1.0000	0.8187	0.0000	0.3020
384	1.0000	0.8293	0.0000	0.3026
385	1.0000	0.7720	0.0000	0.3033
386	1.0000	0.7834	0.0000	0.3041
387	1.0000	0.7891	0.0000	0.3047
388	1.0000	0.7776	0.0000	0.3057
389	1.0000	0.8177	0.0000	0.3068
390	1.0000	0.8169	0.0000	0.3076
391	1.0000	0.8328	0.0000	0.3083
392	1.0000	0.8411	0.0000	0.3093
393	1.0000	0.8109	0.0000	0.3100
394	1.0000	0.8224	0.0000	0.3108
395	1.0000	0.8428	0.0000	0.3117
396	1.0000	0.8184	0.0000	0.3129
397	1.0000	0.7745	0.0000	0.3138
398	1.0000	0.8250	0.0000	0.3146
399	1.0000	0.8470	0.0000	0.3152
400	1.0000	0.8426	0.0000	0.3158
401	1.0000	0.8362	0.0000	0.3165
402	1.0000	0.8455	0.0000	0.3173
403	1.0000	0.7913	0.0000	0.3180
404	1.0000	0.8380	0.0000	0.3189
405	1.0000	0.7787	0.0000	0.3199
406	1.0000	0.8170	0.0000	0.3206
407	1.0000	0.8031	0.0000	0.3213
408	1.0000	0.7596	0.0000	0.3220
409	1.0000	0.8392	0.0000	0.3227
410	1.0000	0.7881	0.0000	0.3235
411	1.0000	0.8461	0.0000	0.3245
412	1.0000	0.8419	0.0000	0.3254
413	1.0000	0.8076	0.0000	0.3265
414	1.0000	0.8255	0.0000	0.3272
415	1.0000	0.8400	0.0000	0.3280
416	1.0000	0.8341	0.0000	0.3289
417	1.0000	0.7868	0.0000	0.3295
418	1.0000	0.8079	0.0000	0.3303
419	1.0000	0.8427	0.0000	0.3311
420	1.0000	0.8645	0.0000	0.3324
421	1.0000	0.7242	0.0000	0.3333
422	1.0000	0.7666	0.0000	0.3343
423	1.0000	0.7691	0.0000	0.3351
424	1.0000	0.7706	0.0000	0.3359
425	1.0000	0.8050	0.0000	0.3366
426	1.0000	0.8771	0.0000	0.3373
427	1.0000	0.8226	0.0000	0.3380
428	1.0000	0.8155	0.0000	0.3393
429	1.0000	0.8249	0.0000	0.3399
430	1.0000	0.8465	0.0000	0.3408
431	1.0000	0.8423	0.0000	0.3414
432	1.0000	0.8601	0.0000	0.3422
433	1.0000	0.8466	0.0000	0.3429
434	1.0000	0.8255	0.0000	0.3438
435	1.0000	0.8843	0.0000	0.3444
436	1.0000	0.8804	0.0000	0.3459
437	1.0000	0.8072	0.0000	0.3468
438	1.0000	0.8078	0.0000	0.3476
439	1.0000	0.8270	0.0000	0.3484
440	1.0000	0.7666	0.0000	0.3491
441	1.0000	0.7862	0.0000	0.3500
442	1.0000	0.7989	0.0000	0.3508
443	1.0000	0.8107	0.0000	0.3517
444	1.0000	0.8099	0.0000	0.3528
445	1.0000	0.8441	0.0000	0.3534
446	1.0000	0.8153	0.0000	0.3543
447	1.0000	0.8429	0.0000	0.3549
448	1.0000	0.8341	0.0000	0.3557
449	1.0000	0.8382	0.0000	0.3563
450	1.0000	0.8580	0.0000	0.3572
451	1.0000	0.8134	0.0000	0.3579
452	1.0000	0.7827	0.0000	0.3594
453	1.0000	0.8674	0.0000	0.3601
454	1.0000	0.8539	0.0000	0.3610
455	1.0000	0.8447	0.0000	0.3617
456	1.0000	0.8562	0.0000	0.3624
457	1.0000	0.8110	0.0000	0.3632
458	1.0000	0.8300	0.0000	0.3639
459	1.0000	0.8977	0.0000	0.3647
460	1.0000	0.8185	0.0000	0.3658
461	1.0000	0.8249	0.0000	0.3666
462	1.0000	0.8272	0.0000	0.3676
463	1.0000	0.8260	0.0000	0.3683
464	1.0000	0.8426	0.0000	0.3691
465	1.0000	0.8149	0.0000	0.3698
466	1.0000	0.8223	0.0000	0.3707
467	1.0000	0.8293	0.0000	0.3718
468	1.0000	0.7807	0.0000	0.3728
469	1.0000	0.7894	0.0000	0.3738
470	1.0000	0.7673	0.0000	0.3747
471	1.0000	0.7780	0.0000	0.3755
472	1.0000	0.8141	0.0000	0.3764
473	1.0000	0.7937	0.0000	0.3772
474	1.0000	0.8098	0.0000	0.3782
475	1.0000	0.8244	0.0000	0.3791
476	1.0000	0.8351	0.0000	0.3799
477	1.0000	0.8188	0.0000	0.3806
478	1.0000	0.8331	0.0000	0.3814
479	1.0000	0.8025	0.0000	0.3820
480	1.0000	0.8318	0.0000	0.3827
481	1.0000	0.8385	0.0000	0.3833
482	1.0000	0.8503	0.0000	0.3844
483	1.0000	0.8583	0.0000	0.3856
484	1.0000	0.8379	0.0000	0.3863
485	1.0000	0.8530	0.0000	0.3872
486	1.0000	0.8568	0.0000	0.3882
487	1.0000	0.8728	0.0000	0.3889
488	1.0000	0.8523	0.0000	0.3896
489	1.0000	0.8063	0.0000	0.3906
490	1.0000	0.8373	0.0000	0.3916
491	1.0000	0.8128	0.0000	0.3926
492	1.0000	0.7879	0.0000	0.3934
493	1.0000	0.7688	0.0000	0.3941
494	1.0000	0.7873	0.0000	0.3950
495	1.0000	0.8159	0.0000	0.3957
496	1.0000	0.7913	0.0000	0.3965
497	1.0000	0.8432	0.0000	0.3972
498	1.0000	0.8441	0.0000	0.3984
499	1.0000	0.8204	0.0000	0.3993
500	1.0000	0.8236	0.0000	0.4000
501	1.0000	0.8794	0.0000	0.4008
502	1.0000	0.8860	0.0000	0.4016
503	1.0000	0.8447	0.0000	0.4026
504	1.0000	0.8375	0.0000	0.4038
505	1.0000	0.7908	0.0000	0.4053
506	1.0000	0.8079	0.0000	0.4060
507	1.0000	0.7496	0.0000	0.4068
508	1.0000	0.7892	0.0000	0.4076
509	1.0000	0.8135	0.0000	0.4083
510	1.0000	0.7657	0.0000	0.4091
511	1.0000	0.7383	0.0000	0.4101
512	1.0000	0.7972	0.0000	0.4109
513	1.0000	0.8195	0.0000	0.4119
514	1.0000	0.7889	0.0000	0.4128
515	1.0000	0.8217	0.0000	0.4136
516	1.0000	0.7687	0.0000	0.4145
517	1.0000	0.8024	0.0000	0.4153
518	1.0000	0.8178	0.0000	0.4162
519	1.0000	0.8431	0.0000	0.4171
520	1.0000	0.8375	0.0000	0.4186
521	1.0000	0.7752	0.0000	0.4193
522	1.0000	0.8130	0.0000	0.4200
523	1.0000	0.7851	0.0000	0.4207
524	1.0000	0.7650	0.0000	0.4214
525	1.0000	0.7826	0.0000	0.4223
526	1.0000	0.8017	0.0000	0.4232
527	1.0000	0.7767	0.0000	0.4247
528	1.0000	0.7939	0.0000	0.4256
529	1.0000	0.7732	0.0000	0.4262
530	1.0000	0.7692	0.0000	0.4271
531	1.0000	0.8005	0.0000	0.4279
532	1.0000	0.8267	0.0000	0.4287
533	1.0000	0.7718	0.0000	0.4296
534	1.0000	0.8316	0.0000	0.4307
535	1.0000	0.8053	0.0000	0.4325
536	1.0000	0.7750	0.0000	0.4335
537	1.0000	0.7521	0.0000	0.4342
538	1.0000	0.7834	0.0000	0.4350
539	1.0000	0.7548	0.0000	0.4360
540	1.0000	0.7303	0.0000	0.4366
541	1.0000	0.7230	0.0000	0.4378
542	1.0000	0.7338	0.0000	0.4388
543	1.0000	0.7290	0.0000	0.4395
544	1.0000	0.7677	0.0000	0.4403
545	1.0000	0.7652	0.0000	0.4413
546	1.0000	0.7902	0.0000	0.4421
547	1.0000	0.7453	0.0000	0.4430
548	1.0000	0.7940	0.0000	0.4444
549	1.0000	0.7651	0.0000	0.4452
550	1.0000	0.7830	0.0000	0.4460
551	1.0000	0.7926	0.0000	0.4468
552	1.0000	0.8074	0.0000	0.4476
553	1.0000	0.7322	0.0000	0.4483
554	1.0000	0.7050	0.0000	0.4492
555	1.0000	0.7103	0.0000	0.4500
556	1.0000	0.7455	0.0000	0.4512
557	1.0000	0.7735	0.0000	0.4519
558	1.0000	0.7804	0.0000	0.4526
559	1.0000	0.7423	0.0000	0.4533
560	1.0000	0.7908	0.0000	0.4542
561	1.0000	0.7389	0.0000	0.4551
562	1.0000	0.8095	0.0000	0.4559
563	1.0000	0.7458	0.0000	0.4569
564	1.0000	0.8083	0.0000	0.4581
565	1.0000	0.7849	0.0000	0.4589
566	1.0000	0.8174	0.0000	0.4600
567	1.0000	0.7771	0.0000	0.4609
568	1.0000	0.7401	0.0000	0.4619
569	1.0000	0.7058	0.0000	0.4626
570	1.0000	0.7550	0.0000	0.4639
571	1.0000	0.7411	0.0000	0.4648
572	1.0000	0.7267	0.0000	0.4654
573	1.0000	0.7649	0.0000	0.4664
574	1.0000	0.7735	0.0000	0.4674
575	1.0000	0.7675	0.0000	0.4682
576	1.0000	0.7876	0.0000	0.4690
577	1.0000	0.7881	0.0000	0.4700
578	1.0000	0.7410	0.0000	0.4712
579	1.0000	0.8179	0.0000	0.4719
580	1.0000	0.7921	0.0000	0.4727
581	1.0000	0.7870	0.0000	0.4737
582	1.0000	0.8286	0.0000	0.4747
583	1.0000	0.7726	0.0000	0.4756
584	1.0000	0.7871	0.0000	0.4764
585	1.0000	0.8167	0.0000	0.4776
586	1.0000	0.8062	0.0000	0.4786
587	1.0000	0.8236	0.0000	0.4794
588	1.0000	0.8244	0.0000	0.4802
589	1.0000	0.8176	0.0000	0.4811
590	1.0000	0.8444	0.0000	0.4821
591	1.0000	0.8151	0.0000	0.4829
592	1.0000	0.8143	0.0000	0.4841
593	1.0000	0.8699	0.0000	0.4852
594	1.0000	0.7694	0.0000	0.4860
595	1.0000	0.7803	0.0000	0.4870
596	1.0000	0.8018	0.0000	0.4878
597	1.0000	0.7655	0.0000	0.4887
598	1.0000	0.8132	0.0000	0.4896
599	1.0000	0.8022	0.0000	0.4909
600	1.0000	0.7921	0.0000	0.4915
601	1.0000	0.7757	0.0000	0.4923
602	1.0000	0.7654	0.0000	0.4931
603	1.0000	0.7778	0.0000	0.4939
604	1.0000	0.7939	0.0000	0.4946
605	1.0000	0.8178	0.0000	0.4954
606	1.0000	0.7978	0.0000	0.4962
607	1.0000	0.7987	0.0000	0.4976
608	1.0000	0.8208	0.0000	0.4984
609	1.0000	0.8045	0.0000	0.4995
610	1.0000	0.8095	0.0000	0.5004
611	1.0000	0.8499	0.0000	0.5012
612	1.0000	0.7687	0.0000	0.5023
613	1.0000	0.7372	0.0000	0.5034
614	1.0000	0.7421	0.0000	0.5046
615	1.0000	0.7115	0.0000	0.5055
616	1.0000	0.8060	0.0000	0.5061
617	1.0000	0.7743	0.0000	0.5070
618	1.0000	0.7769	0.0000	0.5078
619	1.0000	0.7430	0.0000	0.5085
620	1.0000	0.7948	0.0000	0.5093
621	1.0000	0.8018	0.0000	0.5110
622	1.0000	0.7535	0.0000	0.5118
623	1.0000	0.7175	0.0000	0.5128
624	1.0000	0.7278	0.0000	0.5138
625	1.0000	0.7362	0.0000	0.5149
626	1.0000	0.7950	0.0000	0.5161
627	1.0000	0.7619	0.0000	0.5175
628	1.0000	0.7251	0.0000	0.5184
629	1.0000	0.7831	0.0000	0.5191
630	1.0000	0.7776	0.0000	0.5203
631	1.0000	0.7783	0.0000	0.5211
632	1.0000	0.7914	0.0000	0.5218
633	1.0000	0.7861	0.0000	0.5227
634	1.0000	0.8125	0.0000	0.5237
635	1.0000	0.8194	0.0000	0.5248
636	1.0000	0.7846	0.0000	0.5256
637	1.0000	0.8171	0.0000	0.5265
638	1.0000	0.7640	0.0000	0.5271
639	1.0000	0.7576	0.0000	0.5279
640	1.0000	0.7753	0.0000	0.5288
641	1.0000	0.8018	0.0000	0.5303
642	1.0000	0.7837	0.0000	0.5315
643	1.0000	0.7941	0.0000	0.5325
644	1.0000	0.7696	0.0000	0.5332
645	1.0000	0.7878	0.0000	0.5339
646	1.0000	0.8143	0.0000	0.5346
647	1.0000	0.7818	0.0000	0.5356
648	1.0000	0.8226	0.0000	0.5363
649	1.0000	0.8298	0.0000	0.5377
650	1.0000	0.8252	0.0000	0.5387
651	1.0000	0.8101	0.0000	0.5395
652	1.0000	0.7528	0.0000	0.5403
653	1.0000	0.8166	0.0000	0.5413
654	1.0000	0.8034	0.0000	0.5420
655	1.0000	0.8178	0.0000	0.5427
656	1.0000	0.8361	0.0000	0.5438
657	1.0000	0.8048	0.0000	0.5451
658	1.0000	0.7461	0.0000	0.5457
659	1.0000	0.7778	0.0000	0.5466
660	1.0000	0.7690	0.0000	0.5475
661	1.0000	0.7745	0.0000	0.5484
662	1.0000	0.7751	0.0000	0.5491
663	1.0000	0.8213	0.0000	0.5498
664	1.0000	0.7934	0.0000	0.5512
665	1.0000	0.7668	0.0000	0.5523
666	1.0000	0.7064	0.0000	0.5535
667	1.0000	0.7542	0.0000	0.5546
668	1.0000	0.7922	0.0000	0.5555
669	1.0000	0.7515	0.0000	0.5564
670	1.0000	0.7832	0.0000	0.5573
671	1.0000	0.7900	0.0000	0.5585
672	1.0000	0.7741	0.0000	0.5597
673	1.0000	0.6938	0.0000	0.5607
674	1.0000	0.7168	0.0000	0.5616
675	1.0000	0.7430	0.0000	0.5625
676	1.0000	0.7855	0.0000	0.5642
677	1.0000	0.7479	0.0000	0.5656
678	1.0000	0.7469	0.0000	0.5675
679	1.0000	0.7608	0.0000	0.5693
680	1.0000	0.7980	0.0000	0.5708
681	1.0000	0.7848	0.0000	0.5717
682	1.0000	0.7922	0.0000	0.5729
683	1.0000	0.8049	0.0000	0.5737
684	1.0000	0.7421	0.0000	0.5752
685	1.0000	0.7484	0.0000	0.5760
686	1.0000	0.7631	0.0000	0.5769
687	1.0000	0.7786	0.0000	0.5781
688	1.0000	0.7767	0.0000	0.5797
689	1.0000	0.7992	0.0000	0.5805
690	1.0000	0.8153	0.0000	0.5817
691	1.0000	0.8130	0.0000	0.5835
692	1.0000	0.7977	0.0000	0.5847
693	1.0000	0.7837	0.0000	0.5860
694	1.0000	0.7882	0.0000	0.5870
695	1.0000	0.7613	0.0000	0.5881
696	1.0000	0.8150	0.0000	0.5894
697	1.0000	0.7721	0.0000	0.5910
698	1.0000	0.7484	0.0000	0.5919
699	1.0000	0.7463	0.0000	0.5934
700	1.0000	0.6809	0.0000	0.5943
701	1.0000	0.7372	0.0000	0.5951
702	1.0000	0.7123	0.0000	0.5958
703	1.0000	0.7296	0.0000	0.5970
704	1.0000	0.7387	0.0000	0.5981
705	1.0000	0.7707	0.0000	0.5991
706	1.0000	0.7322	0.0000	0.6004
707	1.0000	0.7802	0.0000	0.6028
708	1.0000	0.7833	0.0000	0.6048
709	1.0000	0.7321	0.0000	0.6073
710	1.0000	0.7373	0.0000	0.6095
711	1.0000	0.7011	0.0000	0.6113
712	1.0000	0.7338	0.0000	0.6132
713	1.0000	0.6909	0.0000	0.6153
714	1.0000	0.7040	0.0000	0.6169
715	1.0000	0.7233	0.0000	0.6194
716	1.0000	0.7499	0.0000	0.6216
717	1.0000	0.7247	0.0000	0.6236
718	1.0000	0.7339	0.0000	0.6253
719	1.0000	0.7159	0.0000	0.6270
720	1.0000	0.7411	0.0000	0.6284
721	1.0000	0.7599	0.0000	0.6302
722	1.0000	0.6913	0.0000	0.6325
723	1.0000	0.7207	0.0000	0.6344
724	1.0000	0.7371	0.0000	0.6370
725	1.0000	0.7040	0.0000	0.6398
726	1.0000	0.7202	0.0000	0.6413
727	1.0000	0.7445	0.0000	0.6435
728	1.0000	0.7250	0.0000	0.6454
729	1.0000	0.7945	0.0000	0.6479
730	1.0000	0.7073	0.0000	0.6492
731	1.0000	0.6953	0.0000	0.6506
732	1.0000	0.6750	0.0000	0.6522
733	1.0000	0.7275	0.0000	0.6540
734	1.0000	0.6888	0.0000	0.6553
735	1.0000	0.7433	0.0000	0.6577
736	1.0000	0.7523	0.0000	0.6590
737	1.0000	0.7607	0.0000	0.6611
738	1.0000	0.7478	0.0000	0.6629
739	1.0000	0.6519	0.0000	0.6643
740	1.0000	0.6676	0.0000	0.6660
741	1.0000	0.7502	0.0000	0.6678
742	1.0000	0.7203	0.0000	0.6694
743	1.0000	0.6970	0.0000	0.6708
744	1.0000	0.7378	0.0000	0.6722
745	1.0000	0.7281	0.0000	0.6736
746	1.0000	0.6953	0.0000	0.6748
747	1.0000	0.7092	0.0000	0.6759
748	1.0000	0.7377	0.0000	0.6771
749	1.0000	0.7811	0.0000	0.6793
750	1.0000	0.7329	0.0000	0.6804
751	1.0000	0.7271	0.0000	0.6817
752	1.0000	0.7652	0.0000	0.6831
753	1.0000	0.7421	0.0000	0.6843
754	1.0000	0.7499	0.0000	0.6857
755	1.0000	0.7637	0.0000	0.6869
756	1.0000	0.7373	0.0000	0.6893
757	1.0000	0.7629	0.0000	0.6902
758	1.0000	0.7915	0.0000	0.6916
759	1.0000	0.7464	0.0000	0.6930
760	1.0000	0.6987	0.0000	0.6946
761	1.0000	0.7325	0.0000	0.6959
762	1.0000	0.7701	0.0000	0.6968
763	1.0000	0.7608	0.0000	0.6987
764	1.0000	0.7610	0.0000	0.7000
765	1.0000	0.7652	0.0000	0.7017
766	1.0000	0.7786	0.0000	0.7029
767	1.0000	0.8087	0.0000	0.7040
768	1.0000	0.7821	0.0000	0.7052
769	1.0000	0.7833	0.0000	0.7061
770	1.0000	0.8406	0.0000	0.7083
771	1.0000	0.8138	0.0000	0.7097
772	1.0000	0.8042	0.0000	0.7108
773	1.0000	0.8254	0.0000	0.7119
774	1.0000	0.8077	0.0000	0.7130
775	1.0000	0.8393	0.0000	0.7142
776	1.0000	0.8053	0.0000	0.7153
777	1.0000	0.7593	0.0000	0.7173
778	1.0000	0.7684	0.0000	0.7189
779	1.0000	0.7736	0.0000	0.7199
780	1.0000	0.8462	0.0000	0.7210
781	1.0000	0.7732	0.0000	0.7225
782	1.0000	0.8047	0.0000	0.7237
783	1.0000	0.8043	0.0000	0.7248
784	1.0000	0.8564	0.0000	0.7262
785	1.0000	0.8048	0.0000	0.7276
786	1.0000	0.8144	0.0000	0.7298
787	1.0000	0.8196	0.0000	0.7315
788	1.0000	0.7752	0.0000	0.7331
789	1.0000	0.7777	0.0000	0.7346
790	1.0000	0.8174	0.0000	0.7365
791	1.0000	0.7128	0.0000	0.7375
792	1.0000	0.7849	0.0000	0.7393
793	1.0000	0.8145	0.0000	0.7405
794	1.0000	0.6838	0.0000	0.7416
795	1.0000	0.7367	0.0000	0.7426
796	1.0000	0.8159	0.0000	0.7446
797	1.0000	0.7503	0.0000	0.7458
798	1.0000	0.7190	0.0000	0.7480
799	1.0000	0.7164	0.0000	0.7491
800	1.0000	0.7314	0.0000	0.7508
801	1.0000	0.7717	0.0000	0.7518
802	1.0000	0.7101	0.0000	0.7536
803	1.0000	0.7677	0.0000	0.7551
804	1.0000	0.7295	0.0000	0.7572
805	1.0000	0.8028	0.0000	0.7582
806	1.0000	0.7867	0.0000	0.7593
807	1.0000	0.8100	0.0000	0.7607
808	1.0000	0.8195	0.0000	0.7622
809	1.0000	0.8561	0.0000	0.7635
810	1.0000	0.8418	0.0000	0.7654
811	1.0000	0.8135	0.0000	0.7675
812	1.0000	0.8188	0.0000	0.7688
813	1.0000	0.8224	0.0000	0.7698
814	1.0000	0.7507	0.0000	0.7712
815	1.0000	0.7959	0.0000	0.7722
816	1.0000	0.7631	0.0000	0.7737
817	1.0000	0.7584	0.0000	0.7746
818	1.0000	0.7742	0.0000	0.7768
819	1.0000	0.7457	0.0000	0.7788
820	1.0000	0.7648	0.0000	0.7813
821	1.0000	0.7333	0.0000	0.7824
822	1.0000	0.7534	0.0000	0.7834
823	1.0000	0.7529	0.0000	0.7843
824	1.0000	0.7628	0.0000	0.7861
825	1.0000	0.7702	0.0000	0.7872
826	1.0000	0.7601	0.0000	0.7885
827	1.0000	0.7579	0.0000	0.7901
828	1.0000	0.7711	0.0000	0.7912
829	1.0000	0.7882	0.0000	0.7933
830	1.0000	0.7712	0.0000	0.7949
831	1.0000	0.7509	0.0000	0.7963
832	1.0000	0.7392	0.0000	0.7976
833	1.0000	0.7744	0.0000	0.7985
834	1.0000	0.7865	0.0000	0.8002
835	1.0000	0.7916	0.0000	0.8014
836	1.0000	0.7948	0.0000	0.8042
837	1.0000	0.7935	0.0000	0.8053
838	1.0000	0.7924	0.0000	0.8061
839	1.0000	0.7681	0.0000	0.8070
840	1.0000	0.7865	0.0000	0.8081
841	1.0000	0.7266	0.0000	0.8090
842	1.0000	0.7834	0.0000	0.8099
843	1.0000	0.8101	0.0000	0.8117
844	1.0000	0.8315	0.0000	0.8133
845	1.0000	0.8038	0.0000	0.8147
846	1.0000	0.7759	0.0000	0.8159
847	1.0000	0.7406	0.0000	0.8171
848	1.0000	0.7547	0.0000	0.8181
849	1.0000	0.7319	0.0000	0.8195
850	1.0000	0.7359	0.0000	0.8206
851	1.0000	0.7669	0.0000	0.8221
852	1.0000	0.7960	0.0000	0.8232
853	1.0000	0.7863	0.0000	0.8246
854	1.0000	0.7865	0.0000	0.8253
855	1.0000	0.7662	0.0000	0.8267
856	1.0000	0.6795	0.0000	0.8293
857	1.0000	0.7281	0.0000	0.8306
858	1.0000	0.7373	0.0000	0.8317
859	1.0000	0.7009	0.0000	0.8335
860	1.0000	0.7204	0.0000	0.8349
861	1.0000	0.7250	0.0000	0.8363
862	1.0000	0.7576	0.0000	0.8380
863	1.0000	0.6884	0.0000	0.8392
864	1.0000	0.6944	0.0000	0.8403
865	1.0000	0.7137	0.0000	0.8416
866	1.0000	0.7025	0.0000	0.8424
867	1.0000	0.7167	0.0000	0.8440
868	1.0000	0.7330	0.0000	0.8458
869	1.0000	0.7099	0.0000	0.8468
870	1.0000	0.7316	0.0000	0.8479
871	1.0000	0.7302	0.0000	0.8490
872	1.0000	0.7163	0.0000	0.8507
873	1.0000	0.7150	0.0000	0.8516
874	1.0000	0.7392	0.0000	0.8531
875	1.0000	0.8078	0.0000	0.8545
876	1.0000	0.7687	0.0000	0.8559
877	1.0000	0.7502	0.0000	0.8572
878	1.0000	0.7502	0.0000	0.8589
879	1.0000	0.7623	0.0000	0.8617
880	1.0000	0.7351	0.0000	0.8631
881	1.0000	0.7474	0.0000	0.8648
882	1.0000	0.7379	0.0000	0.8660
883	1.0000	0.6973	0.0000	0.8675
884	1.0000	0.7187	0.0000	0.8687
885	1.0000	0.7577	0.0000	0.8704
886	1.0000	0.7440	0.0000	0.8715
887	1.0000	0.7448	0.0000	0.8726
888	1.0000	0.7258	0.0000	0.8736
889	1.0000	0.7002	0.0000	0.8746
890	1.0000	0.7169	0.0000	0.8758
891	1.0000	0.7767	0.0000	0.8770
892	1.0000	0.7279	0.0000	0.8787
893	1.0000	0.7498	0.0000	0.8797
894	1.0000	0.7498	0.0000	0.8809
895	1.0000	0.7755	0.0000	0.8827
896	1.0000	0.7518	0.0000	0.8838
897	1.0000	0.7746	0.0000	0.8855
898	1.0000	0.8050	0.0000	0.8865
899	1.0000	0.8126	0.0000	0.8879
900	1.0000	0.7777	0.0000	0.8890
901	1.0000	0.7634	0.0000	0.8897
902	1.0000	0.7718	0.0000	0.8911
903	1.0000	0.7819	0.0000	0.8920
904	1.0000	0.8057	0.0000	0.8935
905	1.0000	0.7406	0.0000	0.8948
906	1.0000	0.7365	0.0000	0.8960
907	1.0000	0.7690	0.0000	0.8969
908	1.0000	0.7745	0.0000	0.8984
909	1.0000	0.7838	0.0000	0.8998
910	1.0000	0.8153	0.0000	0.9012
911	1.0000	0.8071	0.0000	0.9027
912	1.0000	0.8186	0.0000	0.9036
913	1.0000	0.8046	0.0000	0.9050
914	1.0000	0.7903	0.0000	0.9064
915	1.0000	0.7715	0.0000	0.9079
916	1.0000	0.7509	0.0000	0.9094
917	1.0000	0.7769	0.0000	0.9105
918	1.0000	0.6794	0.0000	0.9119
919	1.0000	0.7493	0.0000	0.9132
920	1.0000	0.7275	0.0000	0.9140
921	1.0000	0.7802	0.0000	0.9150
922	1.0000	0.8016	0.0000	0.9159
923	1.0000	0.7658	0.0000	0.9177
924	1.0000	0.8080	0.0000	0.9188
925	1.0000	0.7798	0.0000	0.9199
926	1.0000	0.7893	0.0000	0.9211
