ID: vincent	Date: 2018-06-04 20:07:07	Runs: 1
=================================================================================================================
Run: 0
Iter	Gbest	AvrFit	Diver	ETime	
0	0.9873	0.1670	1.0000	7260.6533
1	0.9984	0.2216	0.9989	14580.4286
2	0.9995	0.3159	0.9978	21888.8297
3	0.9995	0.3420	0.9971	29124.8569
4	0.9995	0.3727	0.9958	36562.4733
5	0.9995	0.4304	0.9938	43920.5790
6	0.9997	0.4507	0.9932	51199.4505
7	0.9997	0.4927	0.9923	57981.8861
8	0.9997	0.5364	0.9920	65205.2927
9	0.9997	0.5513	0.9911	72444.4745
10	1.0000	0.5952	0.9908	79518.8355
11	1.0000	0.5915	0.9887	86588.5046
12	1.0000	0.6278	0.9876	93714.1273
13	1.0000	0.6488	0.9868	100873.5101
14	1.0000	0.6674	0.9861	108095.2857
15	1.0000	0.7036	0.9852	115075.6891
16	1.0000	0.7032	0.9852	121915.2641
17	1.0000	0.7297	0.9830	128556.9863
18	1.0000	0.7483	0.9830	135470.8650
19	1.0000	0.7587	0.9823	142578.5503
20	1.0000	0.7730	0.9824	149792.4283
21	1.0000	0.7839	0.9806	156508.6961
22	1.0000	0.7917	0.9802	163616.5364
23	1.0000	0.8003	0.9788	170537.7371
24	1.0000	0.8094	0.9779	177623.3971
25	1.0000	0.8189	0.9772	184658.0656
26	1.0000	0.8286	0.9761	192780.4894
27	1.0000	0.8275	0.9749	199920.0912
28	1.0000	0.8496	0.9744	206854.4071
29	1.0000	0.8584	0.9736	214009.2468
30	1.0000	0.8616	0.9718	220899.2927
31	1.0000	0.8702	0.9712	227698.4489
32	1.0000	0.8685	0.9703	234220.7007
33	1.0000	0.8803	0.9695	240684.7596
34	1.0000	0.8915	0.9684	247243.7346
35	1.0000	0.8975	0.9672	253586.9401
36	1.0000	0.8929	0.9660	259855.5880
37	1.0000	0.9041	0.9649	266396.7025
38	1.0000	0.9022	0.9640	272958.3893
39	1.0000	0.9024	0.9634	279424.9134
40	1.0000	0.9115	0.9629	285993.9487
41	1.0000	0.9240	0.9620	292302.6025
42	1.0000	0.9270	0.9621	298826.8688
43	1.0000	0.9201	0.9625	305231.6353
44	1.0000	0.9290	0.9616	311593.2722
45	1.0000	0.9289	0.9613	318045.9530
46	1.0000	0.9363	0.9604	324449.6465
47	1.0000	0.9382	0.9593	330831.8119
48	1.0000	0.9418	0.9586	337207.3526
49	1.0000	0.9453	0.9577	343762.3577
50	1.0000	0.9459	0.9573	350156.8670
51	1.0000	0.9496	0.9567	356540.4046
52	1.0000	0.9433	0.9564	363169.2646
53	1.0000	0.9513	0.9559	369704.1371
54	1.0000	0.9543	0.9557	376314.7967
55	1.0000	0.9619	0.9554	383672.6182
56	1.0000	0.9534	0.9549	390848.2931
57	1.0000	0.9562	0.9540	398009.8917
58	1.0000	0.9571	0.9504	405086.8533
59	1.0000	0.9642	0.9500	412413.8417
60	1.0000	0.9669	0.9495	419439.0318
61	1.0000	0.9718	0.9490	426060.7667
62	1.0000	0.9663	0.9489	432789.4340
63	1.0000	0.9710	0.9485	439326.5035
64	1.0000	0.9751	0.9481	445613.7402
65	1.0000	0.9734	0.9478	451927.0854
66	1.0000	0.9741	0.9477	458433.0542
67	1.0000	0.9757	0.9473	464894.0113
68	1.0000	0.9801	0.9470	471309.6631
69	1.0000	0.9764	0.9466	477656.0335
70	1.0000	0.9790	0.9464	484058.5723
71	1.0000	0.9800	0.9457	491278.2972
72	1.0000	0.9782	0.9452	498790.0229
73	1.0000	0.9803	0.9447	506198.5860
74	1.0000	0.9787	0.9444	513697.0224
75	1.0000	0.9792	0.9439	521669.2252
76	1.0000	0.9839	0.9437	529110.0481
77	1.0000	0.9841	0.9435	536534.0912
78	1.0000	0.9793	0.9430	543460.0916
79	1.0000	0.9874	0.9427	550746.5825
80	1.0000	0.9837	0.9426	558275.3665
81	1.0000	0.9859	0.9424	565374.5685
82	1.0000	0.9849	0.9420	572647.3074
83	1.0000	0.9891	0.9419	579968.3959
84	1.0000	0.9829	0.9414	587554.3070
85	1.0000	0.9841	0.9413	594918.3035
86	1.0000	0.9844	0.9411	602250.8471
87	1.0000	0.9871	0.9408	609387.3107
88	1.0000	0.9894	0.9406	616538.6808
89	1.0000	0.9905	0.9405	623789.0906
90	1.0000	0.9856	0.9399	631007.8046
91	1.0000	0.9880	0.9396	638180.9108
92	1.0000	0.9867	0.9393	644871.0356
93	1.0000	0.9866	0.9391	651915.2472
94	1.0000	0.9840	0.9386	658980.0608
95	1.0000	0.9918	0.9384	665848.6578
96	1.0000	0.9860	0.9383	672924.0282
97	1.0000	0.9876	0.9380	679766.0730
98	1.0000	0.9852	0.9378	686793.8566
99	1.0000	0.9869	0.9375	693525.3332
100	1.0000	0.9855	0.9374	700839.7985
101	1.0000	0.9897	0.9372	707780.1259
102	1.0000	0.9920	0.9371	714358.0420
103	1.0000	0.9876	0.9368	721264.1106
104	1.0000	0.9927	0.9367	728357.0900
105	1.0000	0.9890	0.9367	735384.7673
106	1.0000	0.9883	0.9368	742392.9961
107	1.0000	0.9903	0.9367	749409.6689
108	1.0000	0.9924	0.9365	756339.4022
109	1.0000	0.9929	0.9361	763245.1820
110	1.0000	0.9940	0.9360	770235.7450
111	1.0000	0.9917	0.9359	777043.4709
112	1.0000	0.9933	0.9357	782465.0421
113	1.0000	0.9903	0.9355	789278.1358
114	1.0000	0.9916	0.9354	795848.8533
115	1.0000	0.9937	0.9353	801306.5717
116	1.0000	0.9916	0.9353	806598.8662
117	1.0000	0.9922	0.9352	812147.8152
118	1.0000	0.9945	0.9351	817720.1135
119	1.0000	0.9942	0.9350	823233.0785
120	1.0000	0.9919	0.9348	828352.5369
121	1.0000	0.9926	0.9347	833856.5729
122	1.0000	0.9943	0.9346	839463.3427
123	1.0000	0.9933	0.9345	844788.8355
124	1.0000	0.9932	0.9385	850382.3376
125	1.0000	0.9935	0.9384	855754.8773
126	1.0000	0.9956	0.9384	861199.8906
127	1.0000	0.9977	0.9383	868027.5590
128	1.0000	0.9935	0.9380	873393.4915
129	1.0000	0.9926	0.9380	878698.0193
130	1.0000	0.9934	0.9388	884344.2309
131	1.0000	0.9925	0.9387	889769.4776
132	1.0000	0.9968	0.9386	894790.5366
133	1.0000	0.9939	0.9386	900250.0129
134	1.0000	0.9949	0.9385	905720.8936
135	1.0000	0.9965	0.9384	910942.6227
136	1.0000	0.9979	0.9384	916225.0867
137	1.0000	0.9976	0.9383	921585.1460
138	1.0000	0.9980	0.9380	926989.8827
139	1.0000	0.9956	0.9381	932253.6149
140	1.0000	0.9947	0.9381	937581.9361
141	1.0000	0.9970	0.9380	943117.0006
142	1.0000	0.9954	0.9400	949884.3622
143	1.0000	0.9953	0.9393	955028.9309
144	1.0000	0.9976	0.9407	960450.7625
145	1.0000	0.9973	0.9394	966215.0068
146	1.0000	0.9964	0.9402	972150.8512
147	1.0000	0.9959	0.9403	978422.7903
148	1.0000	0.9975	0.9402	984549.0866
149	1.0000	0.9965	0.9403	990380.3189
150	1.0000	0.9967	0.9405	996032.5015
151	1.0000	0.9961	0.9404	1001717.8025
152	1.0000	0.9956	0.9386	1006982.2202
153	1.0000	0.9958	0.9385	1012233.9189
154	1.0000	0.9948	0.9385	1017736.2387
155	1.0000	0.9955	0.9384	1023414.6016
156	1.0000	0.9971	0.9382	1028822.8908
157	1.0000	0.9978	0.9383	1034467.1390
158	1.0000	0.9975	0.9407	1039658.0150
159	1.0000	0.9946	0.9423	1044866.1923
160	1.0000	0.9952	0.9427	1051016.1541
161	1.0000	0.9964	0.9419	1056613.4505
162	1.0000	0.9946	0.9427	1062161.8650
163	1.0000	0.9940	0.9420	1067736.9456
164	1.0000	0.9956	0.9428	1073293.8852
165	1.0000	0.9943	0.9426	1078812.0251
166	1.0000	0.9963	0.9440	1084221.7815
167	1.0000	0.9938	0.9409	1089439.2183
168	1.0000	0.9965	0.9376	1094284.7784
169	1.0000	0.9929	0.9384	1099206.3391
170	1.0000	0.9935	0.9390	1104049.2790
171	1.0000	0.9915	0.9390	1108861.0051
172	1.0000	0.9931	0.9381	1114184.8302
173	1.0000	0.9967	0.9397	1119714.4227
174	1.0000	0.9932	0.9404	1125260.0794
175	1.0000	0.9954	0.9406	1130777.1623
176	1.0000	0.9925	0.9437	1136383.4941
177	1.0000	0.9922	0.9421	1141910.3703
178	1.0000	0.9918	0.9424	1147408.0458
179	1.0000	0.9967	0.9434	1152907.3305
180	1.0000	0.9918	0.9430	1158587.4126
181	1.0000	0.9957	0.9449	1164921.7412
182	1.0000	0.9911	0.9461	1170988.6861
183	1.0000	0.9942	0.9505	1176942.8735
184	1.0000	0.9919	0.9494	1181861.1445
185	1.0000	0.9927	0.9500	1186735.9450
186	1.0000	0.9961	0.9500	1191648.4776
187	1.0000	0.9947	0.9510	1196688.0460
188	1.0000	0.9917	0.9550	1202462.1584
189	1.0000	0.9980	0.9567	1207947.3948
190	1.0000	0.9927	0.9599	1213432.2076
191	1.0000	0.9981	0.9611	1218771.4853
192	1.0000	0.9962	0.9621	1224537.4649
193	1.0000	0.9935	0.9587	1230153.9328
194	1.0000	0.9942	0.9583	1235691.5319
195	1.0000	0.9979	0.9597	1241104.5456
196	1.0000	0.9958	0.9606	1246658.3054
197	1.0000	0.9965	0.9640	1252133.2779
198	1.0000	0.9949	0.9638	1257644.6812
199	1.0000	0.9958	0.9638	1263110.6975
200	1.0000	0.9922	0.9626	1268647.1131
201	1.0000	0.9968	0.9648	1274117.8861
202	1.0000	0.9962	0.9631	1279619.4808
203	1.0000	0.9980	0.9627	1285075.5873
204	1.0000	0.9971	0.9608	1290589.2406
205	1.0000	0.9949	0.9607	1296099.6835
206	1.0000	0.9959	0.9608	1301513.6793
207	1.0000	0.9972	0.9624	1307220.4700
208	1.0000	0.9977	0.9641	1312791.6479
209	1.0000	0.9967	0.9647	1318301.4736
210	1.0000	0.9963	0.9613	1323811.6570
211	1.0000	0.9942	0.9613	1329455.9236
212	1.0000	0.9960	0.9634	1335130.6038
213	1.0000	0.9959	0.9644	1340898.9577
214	1.0000	0.9987	0.9644	1346808.4736
215	1.0000	0.9972	0.9658	1352109.5486
216	1.0000	0.9953	0.9715	1358113.6885
217	1.0000	0.9959	0.9716	1363035.7697
218	1.0000	0.9979	0.9711	1367841.4307
219	1.0000	0.9978	0.9729	1373096.9825
220	1.0000	0.9960	0.9701	1378176.3310
221	1.0000	0.9982	0.9696	1383365.3312
222	1.0000	0.9990	0.9711	1388295.4009
223	1.0000	0.9967	0.9711	1393107.5540
224	1.0000	0.9958	0.9710	1397864.2421
225	1.0000	0.9956	0.9696	1402830.4296
226	1.0000	0.9991	0.9667	1407543.8044
227	1.0000	0.9982	0.9671	1412545.1462
228	1.0000	0.9970	0.9648	1417615.4792
229	1.0000	0.9974	0.9625	1422517.4158
230	1.0000	0.9961	0.9647	1427287.5183
231	1.0000	0.9967	0.9660	1432055.9568
232	1.0000	0.9972	0.9666	1436843.6556
233	1.0000	0.9983	0.9650	1441654.8483
234	1.0000	0.9987	0.9643	1446421.7887
235	1.0000	0.9983	0.9627	1451297.6983
236	1.0000	0.9987	0.9594	1456097.3723
237	1.0000	0.9985	0.9564	1461029.5849
238	1.0000	0.9971	0.9603	1465874.4910
239	1.0000	0.9991	0.9580	1470709.9648
240	1.0000	0.9979	0.9570	1475598.8767
241	1.0000	0.9988	0.9572	1480458.5569
242	1.0000	0.9990	0.9574	1485179.8906
243	1.0000	0.9987	0.9580	1490143.8794
244	1.0000	0.9987	0.9619	1495416.1291
245	1.0000	0.9995	0.9625	1500299.1915
246	1.0000	0.9995	0.9638	1505361.5668
247	1.0000	0.9985	0.9638	1511320.9178
248	1.0000	0.9989	0.9616	1518304.9612
249	1.0000	0.9994	0.9626	1525062.4318
250	1.0000	0.9991	0.9631	1530685.1912
251	1.0000	0.9998	0.9638	1536863.0526
252	1.0000	0.9996	0.9646	1542477.9432
253	1.0000	0.9993	0.9646	1547483.8865
254	1.0000	0.9989	0.9635	1552521.6451
255	1.0000	0.9995	0.9606	1557931.3989
256	1.0000	0.9995	0.9600	1562798.8248
257	1.0000	0.9995	0.9616	1567693.5143
258	1.0000	0.9991	0.9616	1572898.9084
259	1.0000	0.9994	0.9644	1579191.0586
260	1.0000	0.9998	0.9668	1585337.5113
261	1.0000	0.9996	0.9676	1591212.5394
262	1.0000	0.9997	0.9663	1596397.2666
263	1.0000	0.9997	0.9679	1602233.1569
264	1.0000	0.9991	0.9661	1609219.6684
265	1.0000	0.9995	0.9661	1616168.0336
266	1.0000	0.9998	0.9664	1623241.2133
267	1.0000	0.9991	0.9693	1630344.1811
268	1.0000	0.9995	0.9663	1637160.0454
269	1.0000	0.9992	0.9658	1644564.8737
270	1.0000	0.9998	0.9646	1651619.9667
271	1.0000	0.9992	0.9646	1658502.1067
272	1.0000	0.9994	0.9643	1664832.9499
273	1.0000	0.9996	0.9639	1671524.5934
274	1.0000	0.9997	0.9639	1678110.5244
275	1.0000	0.9998	0.9636	1684635.0627
276	1.0000	0.9998	0.9689	1691318.0685
277	1.0000	0.9998	0.9689	1698364.0804
278	1.0000	0.9997	0.9715	1705537.5745
279	1.0000	0.9994	0.9713	1712203.7780
280	1.0000	0.9997	0.9713	1719387.2907
281	1.0000	0.9997	0.9718	1726445.2667
282	1.0000	0.9998	0.9727	1733605.7444
283	1.0000	0.9999	0.9762	1740719.6169
284	1.0000	0.9998	0.9757	1747428.1447
285	1.0000	0.9994	0.9762	1752887.5053
286	1.0000	0.9995	0.9762	1757897.5904
287	1.0000	0.9996	0.9769	1763298.4545
288	1.0000	0.9997	0.9782	1768221.7815
289	1.0000	0.9996	0.9792	1773162.3492
290	1.0000	0.9999	0.9792	1778058.8157
291	1.0000	0.9999	0.9762	1783437.4177
292	1.0000	0.9998	0.9762	1789270.0932
293	1.0000	0.9997	0.9762	1794758.9200
294	1.0000	0.9999	0.9765	1800113.1573
295	1.0000	0.9999	0.9807	1805511.8027
296	1.0000	0.9999	0.9801	1810976.4092
297	1.0000	0.9999	0.9788	1816444.1700
298	1.0000	0.9997	0.9793	1822140.5878
299	1.0000	0.9997	0.9793	1827976.0659
300	1.0000	0.9997	0.9789	1833760.2911
301	1.0000	0.9999	0.9795	1839752.4371
302	1.0000	0.9996	0.9795	1844788.5084
303	1.0000	0.9999	0.9798	1849683.6755
304	1.0000	0.9998	0.9798	1854507.0536
305	1.0000	0.9998	0.9802	1859297.9763
306	1.0000	0.9999	0.9838	1864119.8547
307	1.0000	0.9998	0.9853	1868933.1069
308	1.0000	0.9999	0.9853	1873813.8244
309	1.0000	0.9999	0.9858	1878658.5109
310	1.0000	0.9999	0.9873	1883611.7630
311	1.0000	0.9997	0.9873	1888573.5359
312	1.0000	0.9999	0.9869	1893399.8375
313	1.0000	0.9999	0.9914	1898178.7617
314	1.0000	0.9999	0.9946	1903063.1907
315	1.0000	0.9999	0.9937	1907947.9470
316	1.0000	0.9997	0.9933	1913141.9590
317	1.0000	0.9999	0.9930	1920033.9541
318	1.0000	0.9999	0.9928	1927111.9862
319	1.0000	1.0000	0.9918	1934429.8604
320	1.0000	0.9999	0.9918	1941936.7633
321	1.0000	0.9998	0.9918	1948785.2733
322	1.0000	0.9999	0.9898	1955238.0831
323	1.0000	0.9998	0.9898	1961736.9323
324	1.0000	0.9996	0.9898	1968319.1221
325	1.0000	0.9999	0.9911	1974862.3667
326	1.0000	0.9999	0.9909	1981042.4423
327	1.0000	0.9995	0.9905	1987364.3625
328	1.0000	1.0000	0.9921	1993957.5894
329	1.0000	0.9999	0.9921	2001103.2662
330	1.0000	1.0000	0.9903	2007448.3149
331	1.0000	0.9997	0.9886	2014593.6069
332	1.0000	1.0000	0.9885	2021485.5430
333	1.0000	0.9997	0.9876	2028310.5576
334	1.0000	0.9998	0.9866	2035207.6414
335	1.0000	0.9995	0.9876	2041890.7495
336	1.0000	0.9999	0.9876	2049825.9597
337	1.0000	0.9997	0.9873	2057241.4761
338	1.0000	0.9998	0.9873	2063554.6567
339	1.0000	0.9998	0.9888	2069922.9438
340	1.0000	0.9999	0.9906	2076173.1887
341	1.0000	0.9998	0.9903	2082696.4359
342	1.0000	1.0000	0.9893	2088911.9191
343	1.0000	0.9998	0.9892	2095268.4674
344	1.0000	0.9997	0.9887	2101525.0144
345	1.0000	0.9999	0.9883	2107872.3700
346	1.0000	0.9999	0.9894	2114196.7435
347	1.0000	0.9998	0.9888	2120476.0480
348	1.0000	1.0000	0.9866	2125912.0822
349	1.0000	0.9997	0.9877	2131347.6820
350	1.0000	0.9998	0.9844	2136244.1494
351	1.0000	0.9999	0.9829	2141807.7900
352	1.0000	0.9999	0.9829	2146965.7810
353	1.0000	1.0000	0.9849	2151807.7338
354	1.0000	0.9999	0.9849	2156949.2183
355	1.0000	0.9999	0.9833	2162115.7200
356	1.0000	0.9999	0.9831	2167575.0818
357	1.0000	0.9999	0.9831	2172814.2538
358	1.0000	0.9999	0.9855	2177928.7424
359	1.0000	0.9999	0.9851	2183329.5643
360	1.0000	0.9999	0.9871	2188486.4357
361	1.0000	0.9999	0.9884	2193201.6077
362	1.0000	1.0000	0.9856	2197947.6600
363	1.0000	0.9999	0.9862	2202675.3070
364	1.0000	1.0000	0.9852	2207700.1131
365	1.0000	0.9999	0.9852	2212768.9607
366	1.0000	1.0000	0.9896	2217926.7201
367	1.0000	0.9999	0.9896	2222810.4939
368	1.0000	0.9999	0.9895	2227535.6398
369	1.0000	0.9999	0.9879	2232377.1644
370	1.0000	1.0000	0.9879	2237161.0699
371	1.0000	0.9999	0.9912	2241931.9623
372	1.0000	1.0000	0.9912	2246956.1334
373	1.0000	1.0000	0.9885	2252032.9335
374	1.0000	1.0000	0.9885	2257159.4577
375	1.0000	1.0000	0.9872	2262177.1019
376	1.0000	0.9999	0.9880	2267288.4562
377	1.0000	1.0000	0.9861	2272331.9724
378	1.0000	1.0000	0.9861	2277456.3568
379	1.0000	1.0000	0.9885	2282969.5103
380	1.0000	1.0000	0.9885	2288034.8804
381	1.0000	0.9999	0.9893	2293109.9939
382	1.0000	1.0000	0.9893	2298043.0391
383	1.0000	1.0000	0.9893	2302888.0095
384	1.0000	0.9999	0.9885	2308028.4669
385	1.0000	1.0000	0.9879	2313245.9586
386	1.0000	0.9999	0.9880	2318772.6655
387	1.0000	1.0000	0.9880	2324411.9327
388	1.0000	1.0000	0.9874	2329394.5837
389	1.0000	0.9999	0.9874	2334355.7184
390	1.0000	1.0000	0.9876	2339422.1418
391	1.0000	1.0000	0.9885	2344515.7034
392	1.0000	1.0000	0.9885	2349302.4466
393	1.0000	0.9999	0.9885	2354231.1575
394	1.0000	1.0000	0.9876	2359121.4097
395	1.0000	0.9999	0.9876	2363996.3961
396	1.0000	1.0000	0.9897	2368848.6156
397	1.0000	1.0000	0.9897	2373827.3988
398	1.0000	0.9999	0.9924	2378739.3954
399	1.0000	1.0000	0.9924	2383702.2450
Pos: [7.341820096243839, 6.016290780336039]

=================================================================================================================