ID: 82941af5-9d54-40d5-bf5a-15d2b37c39e4	Date: 2018-05-02 01:48:34	Runs: 10
=================================================================================================================
Run: 0
Iter	Gbest	AvrFit	Diver	ETime	
0	188.7158	14.1123	1.0000	1.0710
1	195.0112	102.8327	0.8957	1.7550
2	195.0112	128.7522	0.8901	2.4285
3	198.5092	160.2738	0.7745	3.0944
4	198.8080	162.4415	0.7662	3.8090
5	198.8080	168.3058	0.7656	4.4692
6	198.8080	173.4659	0.7518	5.1420
7	198.9629	179.4876	0.6616	5.8100
8	199.9372	183.7971	0.5877	6.4774
9	199.9372	192.4479	0.5058	7.1402
10	199.9372	194.3370	0.4882	7.8440
11	199.9372	196.9059	0.5072	8.5685
12	199.9372	198.1540	0.4916	9.2702
13	199.9638	198.7735	0.5021	9.9354
14	199.9638	199.1114	0.5067	10.5917
15	199.9638	199.2155	0.6559	11.2498
16	199.9638	199.5113	0.5793	12.0759
17	199.9982	199.6023	0.5704	12.8293
18	199.9982	199.6581	0.4815	13.4985
19	199.9982	199.7357	0.4757	14.1635
20	199.9987	199.7604	0.3884	14.8304
21	199.9987	199.7803	0.3033	15.5289
22	199.9987	199.8419	0.2095	16.1872
23	199.9987	199.8823	0.2063	16.8502
24	199.9987	199.8866	0.2043	17.5056
25	199.9987	199.9000	0.1128	18.1944
26	199.9998	199.9367	0.1067	18.8715
27	199.9998	199.9556	0.0999	19.5739
28	199.9998	199.9597	0.0965	20.2336
29	199.9998	199.9949	0.0085	20.8900
30	199.9998	199.9965	0.0078	21.5440
31	200.0000	199.9988	0.0044	22.2113
32	200.0000	199.9993	0.0034	22.8770
33	200.0000	199.9995	0.0031	23.5612
34	200.0000	199.9997	0.0019	24.2212
35	200.0000	199.9998	0.0019	24.8835
36	200.0000	199.9998	0.0016	25.5549
37	200.0000	199.9999	0.0009	26.2110
38	200.0000	200.0000	0.0005	26.8657
39	200.0000	200.0000	0.0004	27.5247
40	200.0000	200.0000	0.0003	28.2450
41	200.0000	200.0000	0.0002	29.0978
42	200.0000	200.0000	0.0002	29.7596
43	200.0000	200.0000	0.0001	30.4236
44	200.0000	200.0000	0.0001	31.0829
45	200.0000	200.0000	0.0001	31.7678
46	200.0000	200.0000	0.0001	32.4378
47	200.0000	200.0000	0.0001	33.0980
48	200.0000	200.0000	0.0000	33.7608
49	200.0000	200.0000	0.0000	34.4229
50	200.0000	200.0000	0.0000	35.0842
51	200.0000	200.0000	0.0000	35.7630
52	200.0000	200.0000	0.0000	36.4254
53	200.0000	200.0000	0.0000	37.0822
54	200.0000	200.0000	0.0000	37.7412
55	200.0000	200.0000	0.0000	38.4021
56	200.0000	200.0000	0.0000	39.0780
57	200.0000	200.0000	0.0000	39.7606
58	200.0000	200.0000	0.0000	40.4279
59	200.0000	200.0000	0.0000	41.0974
60	200.0000	200.0000	0.0000	41.7621
61	200.0000	200.0000	0.0000	42.4364
62	200.0000	200.0000	0.0000	43.0968
63	200.0000	200.0000	0.0000	43.7610
64	200.0000	200.0000	0.0000	44.4210
65	200.0000	200.0000	0.0000	45.1548
66	200.0000	200.0000	0.0000	45.9177
67	200.0000	200.0000	0.0000	46.5832
68	200.0000	200.0000	0.0000	47.3595
69	200.0000	200.0000	0.0000	48.0177
70	200.0000	200.0000	0.0000	48.6774
71	200.0000	200.0000	0.0000	49.3469
72	200.0000	200.0000	0.0000	50.0093
73	200.0000	200.0000	0.0000	50.6694
74	200.0000	200.0000	0.0000	51.3308
75	200.0000	200.0000	0.0000	51.9910
76	200.0000	200.0000	0.0000	52.6707
77	200.0000	200.0000	0.0000	53.3266
78	200.0000	200.0000	0.0000	53.9923
79	200.0000	200.0000	0.0000	54.6501
80	200.0000	200.0000	0.0000	55.3730
81	200.0000	200.0000	0.0000	56.0553
82	200.0000	200.0000	0.0000	56.7212
83	200.0000	200.0000	0.0000	57.3854
84	200.0000	200.0000	0.0000	58.0537
85	200.0000	200.0000	0.0000	58.7187
86	200.0000	200.0000	0.0000	59.4034
87	200.0000	200.0000	0.0000	60.0700
88	200.0000	200.0000	0.0000	60.7374
89	200.0000	200.0000	0.0000	61.4021
90	200.0000	200.0000	0.0000	62.2411
91	200.0000	200.0000	0.0000	62.9244
92	200.0000	200.0000	0.0000	63.5986
93	200.0000	200.0000	0.0000	64.2645
94	200.0000	200.0000	0.0000	64.9307
95	200.0000	200.0000	0.0000	65.5994
96	200.0000	200.0000	0.0000	66.2799
97	200.0000	200.0000	0.0000	66.9458
98	200.0000	200.0000	0.0000	67.7071
99	200.0000	200.0000	0.0000	68.3761
100	200.0000	200.0000	0.0000	69.0486
101	200.0000	200.0000	0.0000	69.7329
102	200.0000	200.0000	0.0000	70.4026
103	200.0000	200.0000	0.0000	71.0635
104	200.0000	200.0000	0.0000	71.7285
105	200.0000	200.0000	0.0000	72.3960
106	200.0000	200.0000	0.0000	73.0739
107	200.0000	200.0000	0.0000	73.7453
108	200.0000	200.0000	0.0000	74.4097
109	200.0000	200.0000	0.0000	75.0766
110	200.0000	200.0000	0.0000	75.7542
111	200.0000	200.0000	0.0000	76.4332
112	200.0000	200.0000	0.0000	77.1008
113	200.0000	200.0000	0.0000	77.7659
114	200.0000	200.0000	0.0000	78.5174
115	200.0000	200.0000	0.0000	79.2792
116	200.0000	200.0000	0.0000	79.9668
117	200.0000	200.0000	0.0000	80.6382
118	200.0000	200.0000	0.0000	81.2993
119	200.0000	200.0000	0.0000	81.9650
120	200.0000	200.0000	0.0000	82.6252
121	200.0000	200.0000	0.0000	83.3027
122	200.0000	200.0000	0.0000	83.9689
123	200.0000	200.0000	0.0000	84.6319
124	200.0000	200.0000	0.0000	85.3016
125	200.0000	200.0000	0.0000	85.9652
126	200.0000	200.0000	0.0000	86.7112
127	200.0000	200.0000	0.0000	87.3826
128	200.0000	200.0000	0.0000	88.6791
129	200.0000	200.0000	0.0000	89.3638
130	200.0000	200.0000	0.0000	90.0340
131	200.0000	200.0000	0.0000	90.7240
132	200.0000	200.0000	0.0000	91.4004
133	200.0000	200.0000	0.0000	92.0722
134	200.0000	200.0000	0.0000	92.7403
135	200.0000	200.0000	0.0000	93.4105
136	200.0000	200.0000	0.0000	94.0902
137	200.0000	200.0000	0.0000	94.7535
138	200.0000	200.0000	0.0000	95.6182
139	200.0000	200.0000	0.0000	96.3185
140	200.0000	200.0000	0.0000	96.9841
141	200.0000	200.0000	0.0000	97.6708
142	200.0000	200.0000	0.0000	98.3436
143	200.0000	200.0000	0.0000	99.0143
144	200.0000	200.0000	0.0000	99.6892
145	200.0000	200.0000	0.0000	100.3580
146	200.0000	200.0000	0.0000	101.0368
147	200.0000	200.0000	0.0000	101.8052
148	200.0000	200.0000	0.0000	102.6092
149	200.0000	200.0000	0.0000	103.5151
150	200.0000	200.0000	0.0000	104.2714
151	200.0000	200.0000	0.0000	104.9891
152	200.0000	200.0000	0.0000	105.7310
153	200.0000	200.0000	0.0000	106.5502
154	200.0000	200.0000	0.0000	107.3105
155	200.0000	200.0000	0.0000	108.0196
156	200.0000	200.0000	0.0000	108.7186
157	200.0000	200.0000	0.0000	109.4060
158	200.0000	200.0000	0.0000	110.0986
159	200.0000	200.0000	0.0000	110.7869
160	200.0000	200.0000	0.0000	111.4838
161	200.0000	200.0000	0.0000	112.3605
162	200.0000	200.0000	0.0000	113.0548
163	200.0000	200.0000	0.0000	113.7631
164	200.0000	200.0000	0.0000	114.4438
165	200.0000	200.0000	0.0000	115.1514
166	200.0000	200.0000	0.0000	115.9194
167	200.0000	200.0000	0.0000	116.6024
168	200.0000	200.0000	0.0000	117.2867
169	200.0000	200.0000	0.0000	117.9676
170	200.0000	200.0000	0.0000	118.6619
171	200.0000	200.0000	0.0000	119.4046
172	200.0000	200.0000	0.0000	120.0929
173	200.0000	200.0000	0.0000	120.7783
174	200.0000	200.0000	0.0000	121.5096
175	200.0000	200.0000	0.0000	122.2479
176	200.0000	200.0000	0.0000	122.9863
177	200.0000	200.0000	0.0000	123.6987
178	200.0000	200.0000	0.0000	124.4283
179	200.0000	200.0000	0.0000	125.2511
180	200.0000	200.0000	0.0000	125.9198
181	200.0000	200.0000	0.0000	126.6003
182	200.0000	200.0000	0.0000	127.2774
183	200.0000	200.0000	0.0000	127.9562
184	200.0000	200.0000	0.0000	128.7675
185	200.0000	200.0000	0.0000	129.5276
186	200.0000	200.0000	0.0000	130.2476
187	200.0000	200.0000	0.0000	130.9350
188	200.0000	200.0000	0.0000	131.6464
189	200.0000	200.0000	0.0000	132.3473
190	200.0000	200.0000	0.0000	133.0338
191	200.0000	200.0000	0.0000	133.7328
192	200.0000	200.0000	0.0000	134.4211
193	200.0000	200.0000	0.0000	135.1655
194	200.0000	200.0000	0.0000	135.8950
195	200.0000	200.0000	0.0000	136.5788
196	200.0000	200.0000	0.0000	137.3014
197	200.0000	200.0000	0.0000	138.0031
198	200.0000	200.0000	0.0000	138.6831
199	200.0000	200.0000	0.0000	139.4088
Pos: [3.0000000006181913, 2.0000000008687344]

Run: 1
Iter	Gbest	AvrFit	Diver	ETime	
0	188.1911	-141.8798	1.0000	0.8676
1	192.7408	11.5178	0.9657	1.6053
2	195.4845	93.6592	0.7891	2.3155
3	195.4845	125.4726	0.7230	3.0222
4	195.4845	141.3444	0.7036	3.6969
5	197.2113	147.8238	0.6880	4.4796
6	199.3735	158.7786	0.7365	5.2092
7	199.3735	163.5626	0.6472	5.8913
8	199.8878	186.5107	0.5146	6.5718
9	199.8878	190.0361	0.5024	7.2587
10	199.8878	190.5206	0.5284	7.9436
11	199.8878	190.9786	0.5603	8.6589
12	199.8878	192.9267	0.5617	9.3513
13	199.8878	193.9004	0.5455	10.0484
14	199.8878	195.6650	0.5534	11.1072
15	199.8878	197.0507	0.5394	11.8265
16	199.8878	197.6266	0.5250	12.6863
17	199.8878	198.3272	0.5079	13.3941
18	199.8878	198.7717	0.5865	14.1635
19	199.9462	199.0004	0.6008	14.9746
20	199.9781	199.2372	0.5866	16.4499
21	199.9781	199.2372	0.5866	17.5548
22	199.9781	199.3140	0.5858	18.2602
23	199.9781	199.3407	0.5849	18.9593
24	199.9781	199.3787	0.5837	19.6340
25	199.9781	199.4337	0.5798	20.3352
26	199.9975	199.4689	0.5783	21.2634
27	199.9975	199.5798	0.4986	21.9352
28	199.9975	199.5831	0.4986	22.6023
29	199.9975	199.6713	0.4985	23.2687
30	199.9975	199.7164	0.4955	23.9406
31	199.9975	199.7233	0.4939	24.6234
32	199.9975	199.7861	0.4906	25.2850
33	199.9975	199.7889	0.4904	25.9671
34	199.9975	199.7938	0.4887	26.9198
35	199.9975	199.8020	0.4878	28.2719
36	199.9990	199.8381	0.4097	29.0353
37	199.9990	199.8457	0.4060	29.7096
38	199.9990	199.9393	0.3989	30.5655
39	199.9990	199.9510	0.2680	31.2688
40	199.9990	199.9543	0.2680	32.1200
41	199.9990	199.9547	0.2679	32.8329
42	199.9990	199.9572	0.2658	33.5250
43	199.9992	199.9676	0.2651	34.2026
44	199.9992	199.9819	0.2650	35.3322
45	199.9993	199.9854	0.2638	36.8001
46	199.9997	199.9897	0.2622	38.1980
47	199.9997	199.9918	0.1763	39.5916
48	199.9999	199.9971	0.0901	41.1649
49	199.9999	199.9974	0.0894	42.5754
50	199.9999	199.9991	0.0037	43.9928
51	200.0000	199.9993	0.0032	45.4180
52	200.0000	199.9996	0.0024	46.8342
53	200.0000	199.9997	0.0017	48.3146
54	200.0000	199.9998	0.0016	49.6414
55	200.0000	199.9999	0.0011	50.7610
56	200.0000	199.9999	0.0009	51.4398
57	200.0000	199.9999	0.0008	52.1481
58	200.0000	200.0000	0.0004	52.8114
59	200.0000	200.0000	0.0003	53.4973
60	200.0000	200.0000	0.0002	54.1601
61	200.0000	200.0000	0.0002	54.8327
62	200.0000	200.0000	0.0002	55.4981
63	200.0000	200.0000	0.0002	56.2060
64	200.0000	200.0000	0.0001	56.8709
65	200.0000	200.0000	0.0001	57.5328
66	200.0000	200.0000	0.0001	58.2328
67	200.0000	200.0000	0.0001	58.9161
68	200.0000	200.0000	0.0001	59.7022
69	200.0000	200.0000	0.0000	60.4258
70	200.0000	200.0000	0.0000	61.0921
71	200.0000	200.0000	0.0000	61.7697
72	200.0000	200.0000	0.0000	62.4619
73	200.0000	200.0000	0.0000	63.1258
74	200.0000	200.0000	0.0000	63.9448
75	200.0000	200.0000	0.0000	64.6329
76	200.0000	200.0000	0.0000	65.3298
77	200.0000	200.0000	0.0000	66.0052
78	200.0000	200.0000	0.0000	66.6690
79	200.0000	200.0000	0.0000	67.3499
80	200.0000	200.0000	0.0000	68.0468
81	200.0000	200.0000	0.0000	68.7273
82	200.0000	200.0000	0.0000	69.4516
83	200.0000	200.0000	0.0000	70.1177
84	200.0000	200.0000	0.0000	70.8051
85	200.0000	200.0000	0.0000	71.4858
86	200.0000	200.0000	0.0000	72.1629
87	200.0000	200.0000	0.0000	72.8338
88	200.0000	200.0000	0.0000	73.4971
89	200.0000	200.0000	0.0000	74.1622
90	200.0000	200.0000	0.0000	74.8305
91	200.0000	200.0000	0.0000	75.5053
92	200.0000	200.0000	0.0000	76.1762
93	200.0000	200.0000	0.0000	76.8454
94	200.0000	200.0000	0.0000	77.5197
95	200.0000	200.0000	0.0000	78.1872
96	200.0000	200.0000	0.0000	78.8643
97	200.0000	200.0000	0.0000	79.6509
98	200.0000	200.0000	0.0000	80.4465
99	200.0000	200.0000	0.0000	81.1961
100	200.0000	200.0000	0.0000	81.8765
101	200.0000	200.0000	0.0000	82.5629
102	200.0000	200.0000	0.0000	83.2267
103	200.0000	200.0000	0.0000	83.9214
104	200.0000	200.0000	0.0000	84.5942
105	200.0000	200.0000	0.0000	85.2659
106	200.0000	200.0000	0.0000	85.9458
107	200.0000	200.0000	0.0000	86.6165
108	200.0000	200.0000	0.0000	87.2908
109	200.0000	200.0000	0.0000	87.9617
110	200.0000	200.0000	0.0000	88.6345
111	200.0000	200.0000	0.0000	89.3478
112	200.0000	200.0000	0.0000	90.0297
113	200.0000	200.0000	0.0000	90.7075
114	200.0000	200.0000	0.0000	91.3827
115	200.0000	200.0000	0.0000	92.0618
116	200.0000	200.0000	0.0000	92.7474
117	200.0000	200.0000	0.0000	93.4215
118	200.0000	200.0000	0.0000	94.1017
119	200.0000	200.0000	0.0000	94.7709
120	200.0000	200.0000	0.0000	95.4463
121	200.0000	200.0000	0.0000	96.1404
122	200.0000	200.0000	0.0000	96.8263
123	200.0000	200.0000	0.0000	97.6765
124	200.0000	200.0000	0.0000	98.3520
125	200.0000	200.0000	0.0000	99.0357
126	200.0000	200.0000	0.0000	99.8271
127	200.0000	200.0000	0.0000	100.5099
128	200.0000	200.0000	0.0000	101.2087
129	200.0000	200.0000	0.0000	101.8887
130	200.0000	200.0000	0.0000	102.5660
131	200.0000	200.0000	0.0000	103.2577
132	200.0000	200.0000	0.0000	103.9357
133	200.0000	200.0000	0.0000	104.6131
134	200.0000	200.0000	0.0000	105.2828
135	200.0000	200.0000	0.0000	105.9546
136	200.0000	200.0000	0.0000	106.6403
137	200.0000	200.0000	0.0000	107.3134
138	200.0000	200.0000	0.0000	107.9950
139	200.0000	200.0000	0.0000	108.6719
140	200.0000	200.0000	0.0000	109.3500
141	200.0000	200.0000	0.0000	110.0671
142	200.0000	200.0000	0.0000	110.7411
143	200.0000	200.0000	0.0000	111.4204
144	200.0000	200.0000	0.0000	112.1030
145	200.0000	200.0000	0.0000	112.7779
146	200.0000	200.0000	0.0000	113.4634
147	200.0000	200.0000	0.0000	114.3301
148	200.0000	200.0000	0.0000	115.0062
149	200.0000	200.0000	0.0000	115.6967
150	200.0000	200.0000	0.0000	116.3807
151	200.0000	200.0000	0.0000	117.0788
152	200.0000	200.0000	0.0000	117.7628
153	200.0000	200.0000	0.0000	118.4328
154	200.0000	200.0000	0.0000	119.1034
155	200.0000	200.0000	0.0000	119.8840
156	200.0000	200.0000	0.0000	120.5750
157	200.0000	200.0000	0.0000	121.2456
158	200.0000	200.0000	0.0000	121.9161
159	200.0000	200.0000	0.0000	122.5841
160	200.0000	200.0000	0.0000	123.2560
161	200.0000	200.0000	0.0000	123.9414
162	200.0000	200.0000	0.0000	124.6147
163	200.0000	200.0000	0.0000	125.2840
164	200.0000	200.0000	0.0000	125.9525
165	200.0000	200.0000	0.0000	126.6215
166	200.0000	200.0000	0.0000	127.3100
167	200.0000	200.0000	0.0000	127.9843
168	200.0000	200.0000	0.0000	128.6566
169	200.0000	200.0000	0.0000	129.3321
170	200.0000	200.0000	0.0000	130.0690
171	200.0000	200.0000	0.0000	130.9438
172	200.0000	200.0000	0.0000	131.6204
173	200.0000	200.0000	0.0000	132.3080
174	200.0000	200.0000	0.0000	132.9799
175	200.0000	200.0000	0.0000	133.6710
176	200.0000	200.0000	0.0000	134.3694
177	200.0000	200.0000	0.0000	135.0391
178	200.0000	200.0000	0.0000	135.7079
179	200.0000	200.0000	0.0000	136.3833
180	200.0000	200.0000	0.0000	137.0590
181	200.0000	200.0000	0.0000	137.7435
182	200.0000	200.0000	0.0000	138.4151
183	200.0000	200.0000	0.0000	139.1482
184	200.0000	200.0000	0.0000	139.8339
185	200.0000	200.0000	0.0000	140.5125
186	200.0000	200.0000	0.0000	141.2029
187	200.0000	200.0000	0.0000	141.8803
188	200.0000	200.0000	0.0000	142.5536
189	200.0000	200.0000	0.0000	143.2235
190	200.0000	200.0000	0.0000	143.8973
191	200.0000	200.0000	0.0000	144.5820
192	200.0000	200.0000	0.0000	145.2568
193	200.0000	200.0000	0.0000	145.9286
194	200.0000	200.0000	0.0000	146.5991
195	200.0000	200.0000	0.0000	147.4676
196	200.0000	200.0000	0.0000	148.1583
197	200.0000	200.0000	0.0000	148.9038
198	200.0000	200.0000	0.0000	149.5869
199	200.0000	200.0000	0.0000	150.2593
Pos: [2.999999994120304, 2.000000000653911]

Run: 2
Iter	Gbest	AvrFit	Diver	ETime	
0	189.0229	9.9441	1.0000	0.8557
1	189.0229	38.5844	0.9182	1.6232
2	195.6169	105.0087	0.8387	2.3379
3	195.6169	119.5548	0.9020	3.0258
4	195.6169	134.9304	0.8387	3.7079
5	195.6169	144.1414	0.7991	4.3867
6	199.9852	175.9400	0.6863	5.0886
7	199.9852	180.2734	0.6401	5.7740
8	199.9852	185.3154	0.6514	6.4609
9	199.9852	188.9822	0.5358	7.1423
10	199.9852	195.5351	0.3441	7.8392
11	199.9852	196.6730	0.3080	8.5285
12	199.9970	198.3831	0.2702	9.2390
13	199.9970	198.7101	0.2537	9.9442
14	199.9970	199.3999	0.1392	10.8135
15	199.9970	199.5036	0.1345	11.6475
16	199.9970	199.5681	0.1365	12.3675
17	199.9970	199.7192	0.1186	13.0787
18	199.9970	199.7784	0.1100	13.7553
19	199.9970	199.8266	0.1068	14.4498
20	199.9970	199.8448	0.1050	15.6686
21	199.9994	199.8714	0.1016	17.1959
22	199.9994	199.9369	0.0263	18.6789
23	199.9994	199.9721	0.0173	20.1654
24	199.9994	199.9827	0.0153	21.7144
25	199.9997	199.9883	0.0108	23.1473
26	199.9997	199.9915	0.0083	24.6270
27	199.9999	199.9943	0.0072	26.1207
28	200.0000	199.9968	0.0047	27.5416
29	200.0000	199.9981	0.0041	28.3537
30	200.0000	199.9990	0.0032	29.0892
31	200.0000	199.9995	0.0024	29.7832
32	200.0000	199.9996	0.0020	30.5755
33	200.0000	199.9998	0.0012	31.3148
34	200.0000	199.9999	0.0010	32.0065
35	200.0000	199.9999	0.0008	32.6881
36	200.0000	199.9999	0.0007	33.4148
37	200.0000	200.0000	0.0006	34.4822
38	200.0000	200.0000	0.0004	36.0403
39	200.0000	200.0000	0.0003	37.4730
40	200.0000	200.0000	0.0002	38.9521
41	200.0000	200.0000	0.0001	40.5366
42	200.0000	200.0000	0.0001	42.0082
43	200.0000	200.0000	0.0001	43.5138
44	200.0000	200.0000	0.0000	44.9829
45	200.0000	200.0000	0.0000	45.9774
46	200.0000	200.0000	0.0000	46.7155
47	200.0000	200.0000	0.0000	47.4341
48	200.0000	200.0000	0.0000	48.1565
49	200.0000	200.0000	0.0000	48.8672
50	200.0000	200.0000	0.0000	49.6578
51	200.0000	200.0000	0.0000	50.3738
52	200.0000	200.0000	0.0000	51.0547
53	200.0000	200.0000	0.0000	51.7559
54	200.0000	200.0000	0.0000	52.4383
55	200.0000	200.0000	0.0000	53.1764
56	200.0000	200.0000	0.0000	53.8552
57	200.0000	200.0000	0.0000	54.5206
58	200.0000	200.0000	0.0000	55.2249
59	200.0000	200.0000	0.0000	55.9103
60	200.0000	200.0000	0.0000	56.5710
61	200.0000	200.0000	0.0000	57.3380
62	200.0000	200.0000	0.0000	58.0258
63	200.0000	200.0000	0.0000	58.8024
64	200.0000	200.0000	0.0000	59.5071
65	200.0000	200.0000	0.0000	60.2219
66	200.0000	200.0000	0.0000	60.9598
67	200.0000	200.0000	0.0000	61.7216
68	200.0000	200.0000	0.0000	62.4042
69	200.0000	200.0000	0.0000	63.0889
70	200.0000	200.0000	0.0000	63.7724
71	200.0000	200.0000	0.0000	64.4586
72	200.0000	200.0000	0.0000	65.1543
73	200.0000	200.0000	0.0000	65.8469
74	200.0000	200.0000	0.0000	66.5166
75	200.0000	200.0000	0.0000	67.2035
76	200.0000	200.0000	0.0000	67.9138
77	200.0000	200.0000	0.0000	68.6467
78	200.0000	200.0000	0.0000	69.3221
79	200.0000	200.0000	0.0000	70.0011
80	200.0000	200.0000	0.0000	70.6754
81	200.0000	200.0000	0.0000	71.3592
82	200.0000	200.0000	0.0000	72.0308
83	200.0000	200.0000	0.0000	72.7034
84	200.0000	200.0000	0.0000	73.3802
85	200.0000	200.0000	0.0000	74.1158
86	200.0000	200.0000	0.0000	74.8439
87	200.0000	200.0000	0.0000	75.5227
88	200.0000	200.0000	0.0000	76.2401
89	200.0000	200.0000	0.0000	76.9553
90	200.0000	200.0000	0.0000	77.7326
91	200.0000	200.0000	0.0000	78.5475
92	200.0000	200.0000	0.0000	79.3095
93	200.0000	200.0000	0.0000	80.0550
94	200.0000	200.0000	0.0000	80.7705
95	200.0000	200.0000	0.0000	81.4927
96	200.0000	200.0000	0.0000	82.2299
97	200.0000	200.0000	0.0000	82.9575
98	200.0000	200.0000	0.0000	83.6482
99	200.0000	200.0000	0.0000	84.3532
100	200.0000	200.0000	0.0000	85.0918
101	200.0000	200.0000	0.0000	85.8300
102	200.0000	200.0000	0.0000	86.5045
103	200.0000	200.0000	0.0000	87.2178
104	200.0000	200.0000	0.0000	87.9352
105	200.0000	200.0000	0.0000	88.7415
106	200.0000	200.0000	0.0000	89.4403
107	200.0000	200.0000	0.0000	90.1556
108	200.0000	200.0000	0.0000	90.8730
109	200.0000	200.0000	0.0000	91.5482
110	200.0000	200.0000	0.0000	92.2692
111	200.0000	200.0000	0.0000	92.9928
112	200.0000	200.0000	0.0000	93.6940
113	200.0000	200.0000	0.0000	94.4760
114	200.0000	200.0000	0.0000	95.1943
115	200.0000	200.0000	0.0000	95.9208
116	200.0000	200.0000	0.0000	96.6160
117	200.0000	200.0000	0.0000	97.3303
118	200.0000	200.0000	0.0000	98.0537
119	200.0000	200.0000	0.0000	98.8526
120	200.0000	200.0000	0.0000	99.5278
121	200.0000	200.0000	0.0000	100.2569
122	200.0000	200.0000	0.0000	100.9746
123	200.0000	200.0000	0.0000	101.7048
124	200.0000	200.0000	0.0000	102.3834
125	200.0000	200.0000	0.0000	103.0965
126	200.0000	200.0000	0.0000	103.9031
127	200.0000	200.0000	0.0000	104.6703
128	200.0000	200.0000	0.0000	105.3729
129	200.0000	200.0000	0.0000	106.0913
130	200.0000	200.0000	0.0000	106.8144
131	200.0000	200.0000	0.0000	107.5084
132	200.0000	200.0000	0.0000	108.3667
133	200.0000	200.0000	0.0000	109.0965
134	200.0000	200.0000	0.0000	109.8430
135	200.0000	200.0000	0.0000	110.5185
136	200.0000	200.0000	0.0000	111.3541
137	200.0000	200.0000	0.0000	112.0446
138	200.0000	200.0000	0.0000	112.7548
139	200.0000	200.0000	0.0000	113.4350
140	200.0000	200.0000	0.0000	114.1148
141	200.0000	200.0000	0.0000	114.8353
142	200.0000	200.0000	0.0000	115.5112
143	200.0000	200.0000	0.0000	116.2035
144	200.0000	200.0000	0.0000	116.8804
145	200.0000	200.0000	0.0000	117.5969
146	200.0000	200.0000	0.0000	118.3193
147	200.0000	200.0000	0.0000	119.0460
148	200.0000	200.0000	0.0000	119.7257
149	200.0000	200.0000	0.0000	120.4038
150	200.0000	200.0000	0.0000	121.0988
151	200.0000	200.0000	0.0000	121.9347
152	200.0000	200.0000	0.0000	122.6110
153	200.0000	200.0000	0.0000	123.2860
154	200.0000	200.0000	0.0000	123.9800
155	200.0000	200.0000	0.0000	124.6707
156	200.0000	200.0000	0.0000	125.3645
157	200.0000	200.0000	0.0000	126.0545
158	200.0000	200.0000	0.0000	126.7457
159	200.0000	200.0000	0.0000	127.6214
160	200.0000	200.0000	0.0000	128.3765
161	200.0000	200.0000	0.0000	129.1010
162	200.0000	200.0000	0.0000	129.7946
163	200.0000	200.0000	0.0000	130.4674
164	200.0000	200.0000	0.0000	131.1765
165	200.0000	200.0000	0.0000	131.8772
166	200.0000	200.0000	0.0000	132.5612
167	200.0000	200.0000	0.0000	133.2424
168	200.0000	200.0000	0.0000	133.9359
169	200.0000	200.0000	0.0000	134.6061
170	200.0000	200.0000	0.0000	135.3219
171	200.0000	200.0000	0.0000	136.0233
172	200.0000	200.0000	0.0000	136.6942
173	200.0000	200.0000	0.0000	137.4094
174	200.0000	200.0000	0.0000	138.1071
175	200.0000	200.0000	0.0000	138.7997
176	200.0000	200.0000	0.0000	139.5473
177	200.0000	200.0000	0.0000	140.2371
178	200.0000	200.0000	0.0000	140.9776
179	200.0000	200.0000	0.0000	141.6843
180	200.0000	200.0000	0.0000	142.3569
181	200.0000	200.0000	0.0000	143.1162
182	200.0000	200.0000	0.0000	144.6240
183	200.0000	200.0000	0.0000	146.0149
184	200.0000	200.0000	0.0000	147.4259
185	200.0000	200.0000	0.0000	148.3152
186	200.0000	200.0000	0.0000	149.0510
187	200.0000	200.0000	0.0000	149.7490
188	200.0000	200.0000	0.0000	150.4219
189	200.0000	200.0000	0.0000	151.0959
190	200.0000	200.0000	0.0000	151.8054
191	200.0000	200.0000	0.0000	152.4892
192	200.0000	200.0000	0.0000	153.2125
193	200.0000	200.0000	0.0000	153.9118
194	200.0000	200.0000	0.0000	154.5870
195	200.0000	200.0000	0.0000	155.2858
196	200.0000	200.0000	0.0000	155.9706
197	200.0000	200.0000	0.0000	156.6985
198	200.0000	200.0000	0.0000	157.4416
199	200.0000	200.0000	0.0000	158.1879
Pos: [3.0000000051610667, 2.000000001031385]

Run: 3
Iter	Gbest	AvrFit	Diver	ETime	
0	199.8692	23.5690	1.0000	0.8535
1	199.8692	107.4644	0.9101	1.6036
2	199.8692	130.4905	0.8350	2.3293
3	199.8692	143.9386	0.7774	3.0878
4	199.8692	160.6009	0.8621	3.7990
5	199.8692	169.1179	0.6906	4.4904
6	199.8733	179.1461	0.7215	5.1942
7	199.8733	182.7357	0.7177	5.8990
8	199.8733	185.7321	0.8001	6.6185
9	199.8733	190.6181	0.8017	7.3836
10	199.8733	193.6992	0.7364	8.2674
11	199.8733	194.4460	0.6775	8.9741
12	199.8733	196.4213	0.6444	9.6641
13	199.8733	196.6352	0.6430	10.3858
14	199.9811	197.2156	0.5744	11.1566
15	199.9811	197.5506	0.5788	11.8399
16	199.9811	198.1067	0.4556	12.9294
17	199.9811	198.5176	0.3737	13.6192
18	199.9811	198.7697	0.3436	14.3306
19	199.9811	198.7965	0.3451	15.1896
20	199.9811	199.1394	0.3995	16.5122
21	199.9811	199.1542	0.4034	17.9167
22	199.9811	199.3021	0.3340	19.2254
23	199.9811	199.3817	0.4012	20.2644
24	199.9811	199.4117	0.3930	20.9565
25	199.9811	199.5642	0.3867	21.6241
26	199.9811	199.5711	0.3841	22.3873
27	199.9811	199.6526	0.4673	23.0777
28	199.9811	199.6589	0.4674	23.7615
29	199.9915	199.7256	0.4666	24.4255
30	199.9935	199.7591	0.4717	25.0916
31	199.9935	199.8157	0.4662	25.7695
32	199.9935	199.8759	0.4628	26.5596
33	199.9994	199.8897	0.3863	27.4754
34	199.9994	199.8995	0.4619	28.1777
35	199.9994	199.9191	0.4604	28.9514
36	199.9994	199.9441	0.4580	29.6485
37	199.9995	199.9629	0.5370	30.3488
38	199.9995	199.9631	0.5370	31.0342
39	199.9995	199.9653	0.5356	31.9545
40	199.9995	199.9726	0.5354	32.6924
41	199.9995	199.9735	0.5354	33.5500
42	199.9995	199.9798	0.4566	34.2569
43	199.9995	199.9798	0.4567	34.9813
44	199.9995	199.9871	0.4545	35.6698
45	199.9995	199.9872	0.4545	36.3503
46	199.9995	199.9883	0.5344	37.0862
47	199.9995	199.9896	0.5338	37.7727
48	199.9995	199.9923	0.5735	38.4886
49	199.9996	199.9951	0.5733	39.1712
50	199.9999	199.9953	0.5729	39.8555
51	199.9999	199.9957	0.5734	40.5571
52	199.9999	199.9961	0.5736	41.3053
53	199.9999	199.9965	0.5733	42.0196
54	199.9999	199.9974	0.5730	42.7365
55	199.9999	199.9975	0.5731	43.4704
56	200.0000	199.9979	0.5733	44.1661
57	200.0000	199.9979	0.5733	44.8658
58	200.0000	199.9987	0.5733	45.5446
59	200.0000	199.9988	0.5733	46.3214
60	200.0000	199.9989	0.5733	47.0037
61	200.0000	199.9992	0.5728	47.7047
62	200.0000	199.9993	0.5726	48.4209
63	200.0000	199.9993	0.4911	49.0818
64	200.0000	199.9994	0.4912	49.9945
65	200.0000	199.9994	0.4911	50.7421
66	200.0000	199.9995	0.4909	51.5702
67	200.0000	199.9995	0.4909	52.2640
68	200.0000	199.9996	0.4909	52.9263
69	200.0000	199.9997	0.4909	53.6151
70	200.0000	199.9997	0.4908	54.2803
71	200.0000	199.9997	0.4909	54.9669
72	200.0000	199.9998	0.4908	55.6355
73	200.0000	199.9998	0.4908	56.2997
74	200.0000	199.9998	0.5723	56.9630
75	200.0000	199.9998	0.5722	57.6274
76	200.0000	199.9998	0.5721	58.3301
77	200.0000	199.9999	0.5720	58.9902
78	200.0000	199.9999	0.4902	59.6597
79	200.0000	199.9999	0.4085	60.3254
80	200.0000	199.9999	0.4085	60.9825
81	200.0000	200.0000	0.3269	61.6932
82	200.0000	200.0000	0.3269	62.3708
83	200.0000	200.0000	0.2451	63.0395
84	200.0000	200.0000	0.2451	63.7004
85	200.0000	200.0000	0.3268	64.3663
86	200.0000	200.0000	0.3268	65.0403
87	200.0000	200.0000	0.3267	65.7070
88	200.0000	200.0000	0.3267	66.5004
89	200.0000	200.0000	0.2451	67.2541
90	200.0000	200.0000	0.2451	67.9309
91	200.0000	200.0000	0.2451	68.6228
92	200.0000	200.0000	0.2451	69.2875
93	200.0000	200.0000	0.2451	69.9854
94	200.0000	200.0000	0.3266	70.6742
95	200.0000	200.0000	0.3266	71.4414
96	200.0000	200.0000	0.2450	72.1374
97	200.0000	200.0000	0.2450	72.8023
98	200.0000	200.0000	0.1633	73.4909
99	200.0000	200.0000	0.1633	74.1632
100	200.0000	200.0000	0.1633	74.8327
101	200.0000	200.0000	0.0817	75.5172
102	200.0000	200.0000	0.0000	76.1838
103	200.0000	200.0000	0.0000	76.8418
104	200.0000	200.0000	0.0000	77.5051
105	200.0000	200.0000	0.0000	78.1784
106	200.0000	200.0000	0.0000	78.8584
107	200.0000	200.0000	0.0000	79.5240
108	200.0000	200.0000	0.0000	80.1902
109	200.0000	200.0000	0.0000	80.9042
110	200.0000	200.0000	0.0000	81.5952
111	200.0000	200.0000	0.0000	82.3059
112	200.0000	200.0000	0.0000	83.0865
113	200.0000	200.0000	0.0000	83.8702
114	200.0000	200.0000	0.0000	84.5468
115	200.0000	200.0000	0.0000	85.2163
116	200.0000	200.0000	0.0000	85.8948
117	200.0000	200.0000	0.0000	86.5626
118	200.0000	200.0000	0.0000	87.2369
119	200.0000	200.0000	0.0000	87.9025
120	200.0000	200.0000	0.0000	88.5677
121	200.0000	200.0000	0.0000	89.2417
122	200.0000	200.0000	0.0000	89.9062
123	200.0000	200.0000	0.0000	90.5735
124	200.0000	200.0000	0.0000	91.3255
125	200.0000	200.0000	0.0000	92.0010
126	200.0000	200.0000	0.0000	92.6847
127	200.0000	200.0000	0.0000	93.3514
128	200.0000	200.0000	0.0000	94.0242
129	200.0000	200.0000	0.0000	94.6951
130	200.0000	200.0000	0.0000	95.3634
131	200.0000	200.0000	0.0000	96.0524
132	200.0000	200.0000	0.0000	96.7252
133	200.0000	200.0000	0.0000	97.3957
134	200.0000	200.0000	0.0000	98.0942
135	200.0000	200.0000	0.0000	98.7666
136	200.0000	200.0000	0.0000	99.4487
137	200.0000	200.0000	0.0000	100.3308
138	200.0000	200.0000	0.0000	101.0365
139	200.0000	200.0000	0.0000	101.7222
140	200.0000	200.0000	0.0000	102.3989
141	200.0000	200.0000	0.0000	103.0908
142	200.0000	200.0000	0.0000	103.7760
143	200.0000	200.0000	0.0000	104.4500
144	200.0000	200.0000	0.0000	105.1226
145	200.0000	200.0000	0.0000	105.7920
146	200.0000	200.0000	0.0000	106.4808
147	200.0000	200.0000	0.0000	107.1582
148	200.0000	200.0000	0.0000	107.8389
149	200.0000	200.0000	0.0000	108.5138
150	200.0000	200.0000	0.0000	109.1917
151	200.0000	200.0000	0.0000	109.8907
152	200.0000	200.0000	0.0000	110.6575
153	200.0000	200.0000	0.0000	111.3360
154	200.0000	200.0000	0.0000	112.0071
155	200.0000	200.0000	0.0000	112.6795
156	200.0000	200.0000	0.0000	113.3742
157	200.0000	200.0000	0.0000	114.0563
158	200.0000	200.0000	0.0000	114.7382
159	200.0000	200.0000	0.0000	115.4101
160	200.0000	200.0000	0.0000	116.0831
161	200.0000	200.0000	0.0000	116.9727
162	200.0000	200.0000	0.0000	117.6438
163	200.0000	200.0000	0.0000	118.3367
164	200.0000	200.0000	0.0000	119.0119
165	200.0000	200.0000	0.0000	119.6795
166	200.0000	200.0000	0.0000	120.4278
167	200.0000	200.0000	0.0000	121.1364
168	200.0000	200.0000	0.0000	121.8154
169	200.0000	200.0000	0.0000	122.4954
170	200.0000	200.0000	0.0000	123.1699
171	200.0000	200.0000	0.0000	123.8587
172	200.0000	200.0000	0.0000	124.5360
173	200.0000	200.0000	0.0000	125.2110
174	200.0000	200.0000	0.0000	125.8821
175	200.0000	200.0000	0.0000	126.5564
176	200.0000	200.0000	0.0000	127.2514
177	200.0000	200.0000	0.0000	127.9221
178	200.0000	200.0000	0.0000	128.5944
179	200.0000	200.0000	0.0000	129.3061
180	200.0000	200.0000	0.0000	129.9994
181	200.0000	200.0000	0.0000	130.6937
182	200.0000	200.0000	0.0000	131.3713
183	200.0000	200.0000	0.0000	132.0472
184	200.0000	200.0000	0.0000	132.7214
185	200.0000	200.0000	0.0000	133.5235
186	200.0000	200.0000	0.0000	134.2089
187	200.0000	200.0000	0.0000	134.8934
188	200.0000	200.0000	0.0000	135.5643
189	200.0000	200.0000	0.0000	136.2362
190	200.0000	200.0000	0.0000	136.9200
191	200.0000	200.0000	0.0000	137.6085
192	200.0000	200.0000	0.0000	138.2914
193	200.0000	200.0000	0.0000	139.0080
194	200.0000	200.0000	0.0000	139.6966
195	200.0000	200.0000	0.0000	140.3723
196	200.0000	200.0000	0.0000	141.0565
197	200.0000	200.0000	0.0000	141.7353
198	200.0000	200.0000	0.0000	142.4160
199	200.0000	200.0000	0.0000	143.0893
Pos: [3.00000001403449, 1.9999999875793029]

Run: 4
Iter	Gbest	AvrFit	Diver	ETime	
0	189.8264	0.5334	1.0000	0.9007
1	189.8264	45.2071	0.9802	1.6317
2	190.7665	83.8864	0.8878	2.3539
3	198.6075	119.5338	0.7664	3.1581
4	198.6075	161.0304	0.7575	3.9001
5	198.6075	163.3199	0.7691	4.6098
6	198.6075	174.9591	0.7819	5.3108
7	198.6075	178.1587	0.7620	5.9938
8	198.6075	180.7234	0.7282	6.6822
9	198.6075	181.5178	0.7233	7.3755
10	198.6075	184.2619	0.7355	8.0554
11	199.3500	185.1617	0.7084	8.7540
12	199.3500	186.9215	0.6905	9.4440
13	199.7015	189.7120	0.6445	10.1452
14	199.7015	191.3269	0.6344	10.8633
15	199.7015	191.5699	0.6333	11.5778
16	199.7702	194.2721	0.7199	12.2998
17	199.7702	195.1859	0.7687	13.0370
18	199.7702	195.7609	0.7562	13.7665
19	199.7702	195.8680	0.7515	14.4486
20	199.7702	196.2313	0.8557	15.2228
21	199.7702	196.4956	0.8584	16.7336
22	199.7702	196.9155	0.8239	18.1816
23	199.9509	197.0522	0.8083	19.5694
24	199.9999	197.1603	0.8071	20.8418
25	199.9999	197.3158	0.8050	21.7633
26	199.9999	197.8292	0.5431	22.4643
27	199.9999	197.8528	0.5366	23.1562
28	199.9999	198.7475	0.5239	23.9427
29	199.9999	198.7883	0.5170	24.6131
30	199.9999	198.8128	0.5159	25.2855
31	199.9999	198.8579	0.5151	25.9602
32	199.9999	199.2261	0.5015	26.8998
33	199.9999	199.2701	0.5028	27.8912
34	199.9999	199.2777	0.5018	28.6024
35	199.9999	199.7538	0.5049	29.3653
36	199.9999	199.7583	0.5044	30.0529
37	199.9999	199.8067	0.4943	30.7565
38	199.9999	199.8364	0.4075	31.4271
39	199.9999	199.8443	0.4081	32.5861
40	199.9999	199.8577	0.4044	34.0350
41	199.9999	199.8635	0.5062	35.5189
42	199.9999	199.8668	0.5055	36.7701
43	200.0000	199.9618	0.4228	37.7424
44	200.0000	199.9647	0.4214	38.4324
45	200.0000	199.9763	0.2151	39.1405
46	200.0000	199.9773	0.2145	39.8259
47	200.0000	199.9794	0.2138	40.4966
48	200.0000	199.9797	0.2132	41.1580
49	200.0000	199.9969	0.2117	41.8262
50	200.0000	199.9977	0.2110	42.5436
51	200.0000	199.9985	0.2098	43.3104
52	200.0000	199.9986	0.1055	43.9849
53	200.0000	199.9987	0.1051	44.6534
54	200.0000	199.9987	0.1050	45.3165
55	200.0000	200.0000	0.0007	45.9816
56	200.0000	200.0000	0.0005	46.6752
57	200.0000	200.0000	0.0004	47.3692
58	200.0000	200.0000	0.0004	48.0549
59	200.0000	200.0000	0.0003	48.7320
60	200.0000	200.0000	0.0002	49.3956
61	200.0000	200.0000	0.0002	50.0677
62	200.0000	200.0000	0.0001	50.9732
63	200.0000	200.0000	0.0001	51.6610
64	200.0000	200.0000	0.0001	52.3791
65	200.0000	200.0000	0.0001	53.0572
66	200.0000	200.0000	0.0000	53.7329
67	200.0000	200.0000	0.0000	54.4124
68	200.0000	200.0000	0.0000	55.1374
69	200.0000	200.0000	0.0000	55.8050
70	200.0000	200.0000	0.0000	56.4690
71	200.0000	200.0000	0.0000	57.1432
72	200.0000	200.0000	0.0000	57.8070
73	200.0000	200.0000	0.0000	58.4803
74	200.0000	200.0000	0.0000	59.1486
75	200.0000	200.0000	0.0000	59.8149
76	200.0000	200.0000	0.0000	60.5025
77	200.0000	200.0000	0.0000	61.1742
78	200.0000	200.0000	0.0000	61.8875
79	200.0000	200.0000	0.0000	62.5639
80	200.0000	200.0000	0.0000	63.2417
81	200.0000	200.0000	0.0000	63.9575
82	200.0000	200.0000	0.0000	64.6319
83	200.0000	200.0000	0.0000	65.3052
84	200.0000	200.0000	0.0000	65.9719
85	200.0000	200.0000	0.0000	66.6564
86	200.0000	200.0000	0.0000	67.5144
87	200.0000	200.0000	0.0000	68.1839
88	200.0000	200.0000	0.0000	68.8684
89	200.0000	200.0000	0.0000	69.5364
90	200.0000	200.0000	0.0000	70.2033
91	200.0000	200.0000	0.0000	70.9071
92	200.0000	200.0000	0.0000	71.6295
93	200.0000	200.0000	0.0000	72.3042
94	200.0000	200.0000	0.0000	72.9761
95	200.0000	200.0000	0.0000	73.6446
96	200.0000	200.0000	0.0000	74.3320
97	200.0000	200.0000	0.0000	75.0065
98	200.0000	200.0000	0.0000	75.6807
99	200.0000	200.0000	0.0000	76.3574
100	200.0000	200.0000	0.0000	77.0333
101	200.0000	200.0000	0.0000	77.7242
102	200.0000	200.0000	0.0000	78.3949
103	200.0000	200.0000	0.0000	79.0710
104	200.0000	200.0000	0.0000	79.7482
105	200.0000	200.0000	0.0000	80.4229
106	200.0000	200.0000	0.0000	81.2018
107	200.0000	200.0000	0.0000	81.8796
108	200.0000	200.0000	0.0000	82.5505
109	200.0000	200.0000	0.0000	83.2314
110	200.0000	200.0000	0.0000	83.9980
111	200.0000	200.0000	0.0000	84.7230
112	200.0000	200.0000	0.0000	85.4151
113	200.0000	200.0000	0.0000	86.0949
114	200.0000	200.0000	0.0000	86.7679
115	200.0000	200.0000	0.0000	87.4557
116	200.0000	200.0000	0.0000	88.1491
117	200.0000	200.0000	0.0000	88.8271
118	200.0000	200.0000	0.0000	89.5016
119	200.0000	200.0000	0.0000	90.1830
120	200.0000	200.0000	0.0000	90.9321
121	200.0000	200.0000	0.0000	91.6250
122	200.0000	200.0000	0.0000	92.3021
123	200.0000	200.0000	0.0000	92.9763
124	200.0000	200.0000	0.0000	93.6508
125	200.0000	200.0000	0.0000	94.3182
126	200.0000	200.0000	0.0000	95.0129
127	200.0000	200.0000	0.0000	95.7108
128	200.0000	200.0000	0.0000	96.4115
129	200.0000	200.0000	0.0000	97.0829
130	200.0000	200.0000	0.0000	97.7552
131	200.0000	200.0000	0.0000	98.4461
132	200.0000	200.0000	0.0000	99.1263
133	200.0000	200.0000	0.0000	99.8056
134	200.0000	200.0000	0.0000	100.6467
135	200.0000	200.0000	0.0000	101.3596
136	200.0000	200.0000	0.0000	102.0935
137	200.0000	200.0000	0.0000	102.7968
138	200.0000	200.0000	0.0000	103.4925
139	200.0000	200.0000	0.0000	104.1851
140	200.0000	200.0000	0.0000	104.8691
141	200.0000	200.0000	0.0000	105.5589
142	200.0000	200.0000	0.0000	106.2796
143	200.0000	200.0000	0.0000	106.9567
144	200.0000	200.0000	0.0000	107.6391
145	200.0000	200.0000	0.0000	108.3152
146	200.0000	200.0000	0.0000	109.0026
147	200.0000	200.0000	0.0000	109.6804
148	200.0000	200.0000	0.0000	110.3876
149	200.0000	200.0000	0.0000	111.0651
150	200.0000	200.0000	0.0000	111.7404
151	200.0000	200.0000	0.0000	112.4325
152	200.0000	200.0000	0.0000	113.1065
153	200.0000	200.0000	0.0000	113.7800
154	200.0000	200.0000	0.0000	114.4509
155	200.0000	200.0000	0.0000	115.1328
156	200.0000	200.0000	0.0000	115.8147
157	200.0000	200.0000	0.0000	116.4939
158	200.0000	200.0000	0.0000	117.2318
159	200.0000	200.0000	0.0000	117.9621
160	200.0000	200.0000	0.0000	118.6552
161	200.0000	200.0000	0.0000	119.4317
162	200.0000	200.0000	0.0000	120.1158
163	200.0000	200.0000	0.0000	120.8019
164	200.0000	200.0000	0.0000	121.4774
165	200.0000	200.0000	0.0000	122.1581
166	200.0000	200.0000	0.0000	122.8511
167	200.0000	200.0000	0.0000	123.5211
168	200.0000	200.0000	0.0000	124.1899
169	200.0000	200.0000	0.0000	124.8589
170	200.0000	200.0000	0.0000	125.5419
171	200.0000	200.0000	0.0000	126.2312
172	200.0000	200.0000	0.0000	126.9333
173	200.0000	200.0000	0.0000	127.6040
174	200.0000	200.0000	0.0000	128.2828
175	200.0000	200.0000	0.0000	128.9611
176	200.0000	200.0000	0.0000	129.6849
177	200.0000	200.0000	0.0000	130.3551
178	200.0000	200.0000	0.0000	131.0275
179	200.0000	200.0000	0.0000	131.7005
180	200.0000	200.0000	0.0000	132.3702
181	200.0000	200.0000	0.0000	133.0564
182	200.0000	200.0000	0.0000	133.7636
183	200.0000	200.0000	0.0000	134.5212
184	200.0000	200.0000	0.0000	135.1969
185	200.0000	200.0000	0.0000	135.8862
186	200.0000	200.0000	0.0000	136.5786
187	200.0000	200.0000	0.0000	137.2669
188	200.0000	200.0000	0.0000	137.9492
189	200.0000	200.0000	0.0000	138.6204
190	200.0000	200.0000	0.0000	139.3952
191	200.0000	200.0000	0.0000	140.0824
192	200.0000	200.0000	0.0000	140.7528
193	200.0000	200.0000	0.0000	141.4254
194	200.0000	200.0000	0.0000	142.1039
195	200.0000	200.0000	0.0000	142.7872
196	200.0000	200.0000	0.0000	143.4653
197	200.0000	200.0000	0.0000	144.1374
198	200.0000	200.0000	0.0000	144.8109
199	200.0000	200.0000	0.0000	145.4880
Pos: [3.0000000057934866, 2.0000000184470372]

Run: 5
Iter	Gbest	AvrFit	Diver	ETime	
0	197.9458	120.4742	1.0000	0.8552
1	198.0442	135.0941	1.0000	1.5590
2	198.0442	140.0516	0.9144	2.2488
3	198.0442	142.8040	0.8606	3.0084
4	198.0442	148.8017	0.8743	3.7265
5	199.7487	167.4629	0.9142	4.4274
6	199.7487	173.0319	0.9417	5.1305
7	199.7487	176.8636	0.8743	5.8079
8	199.7487	187.1555	0.8314	6.5835
9	199.7487	189.0984	0.7567	7.2706
10	199.7487	192.0384	0.7653	7.9503
11	199.7487	193.2586	0.8614	8.6465
12	199.7487	193.7489	0.8650	9.3396
13	199.7545	194.0967	0.7889	10.0319
14	199.7545	194.8129	0.7880	10.7379
15	199.7545	195.5502	0.7231	11.4703
16	199.7545	196.5107	0.6349	12.2094
17	199.9032	196.8995	0.6376	12.9514
18	199.9032	198.1315	0.6174	13.6504
19	199.9352	198.3594	0.4328	14.3318
20	199.9444	198.6673	0.5076	15.2762
21	199.9480	198.8835	0.5090	16.7613
22	199.9480	199.1731	0.4672	17.6189
23	199.9480	199.2741	0.4574	18.3313
24	199.9480	199.2741	0.4574	19.0403
25	199.9480	199.5351	0.4445	19.9673
26	199.9859	199.6153	0.4362	20.7074
27	199.9879	199.6931	0.4290	21.4388
28	199.9879	199.7075	0.4250	22.1410
29	199.9879	199.8872	0.4137	22.8391
30	199.9992	199.8963	0.4096	23.5553
31	199.9992	199.9135	0.4080	24.2691
32	199.9992	199.9188	0.4078	24.9729
33	199.9992	199.9242	0.4073	25.7337
34	199.9992	199.9314	0.3086	26.6271
35	199.9992	199.9504	0.2145	27.9162
36	199.9992	199.9548	0.2147	28.6536
37	199.9992	199.9590	0.2121	29.4535
38	199.9996	199.9606	0.2093	30.1325
39	199.9999	199.9626	0.2083	30.8073
40	199.9999	199.9628	0.2082	31.4713
41	200.0000	199.9672	0.2048	32.8407
42	200.0000	199.9676	0.2037	34.3139
43	200.0000	199.9924	0.1066	35.8508
44	200.0000	199.9965	0.1019	36.8795
45	200.0000	199.9969	0.1012	37.5853
46	200.0000	199.9973	0.0998	38.3110
47	200.0000	199.9975	0.0995	39.0034
48	200.0000	199.9975	0.0994	39.6845
49	200.0000	199.9976	0.0990	40.3993
50	200.0000	199.9979	0.0985	41.1148
51	200.0000	199.9980	0.0982	41.8227
52	200.0000	199.9981	0.0980	42.5093
53	200.0000	199.9981	0.0978	43.1924
54	200.0000	199.9982	0.0977	43.8774
55	200.0000	199.9982	0.0975	44.5943
56	200.0000	199.9982	0.0975	45.3091
57	200.0000	199.9982	0.0974	45.9759
58	200.0000	199.9982	0.0973	46.6418
59	200.0000	199.9982	0.0973	47.3120
60	200.0000	200.0000	0.0002	47.9851
61	200.0000	200.0000	0.0002	48.6655
62	200.0000	200.0000	0.0001	49.3727
63	200.0000	200.0000	0.0001	50.0374
64	200.0000	200.0000	0.0001	50.7300
65	200.0000	200.0000	0.0001	51.4202
66	200.0000	200.0000	0.0001	52.1066
67	200.0000	200.0000	0.0000	52.8512
68	200.0000	200.0000	0.0000	53.7143
69	200.0000	200.0000	0.0000	54.4984
70	200.0000	200.0000	0.0000	55.2025
71	200.0000	200.0000	0.0000	55.9039
72	200.0000	200.0000	0.0000	56.5872
73	200.0000	200.0000	0.0000	57.3409
74	200.0000	200.0000	0.0000	58.0103
75	200.0000	200.0000	0.0000	58.6801
76	200.0000	200.0000	0.0000	59.3655
77	200.0000	200.0000	0.0000	60.0359
78	200.0000	200.0000	0.0000	60.7092
79	200.0000	200.0000	0.0000	61.3847
80	200.0000	200.0000	0.0000	62.0604
81	200.0000	200.0000	0.0000	62.7449
82	200.0000	200.0000	0.0000	63.4096
83	200.0000	200.0000	0.0000	64.1129
84	200.0000	200.0000	0.0000	64.7860
85	200.0000	200.0000	0.0000	65.4593
86	200.0000	200.0000	0.0000	66.1392
87	200.0000	200.0000	0.0000	66.8147
88	200.0000	200.0000	0.0000	67.4872
89	200.0000	200.0000	0.0000	68.1536
90	200.0000	200.0000	0.0000	68.8214
91	200.0000	200.0000	0.0000	69.6456
92	200.0000	200.0000	0.0000	70.4138
93	200.0000	200.0000	0.0000	71.1014
94	200.0000	200.0000	0.0000	71.7773
95	200.0000	200.0000	0.0000	72.4533
96	200.0000	200.0000	0.0000	73.1554
97	200.0000	200.0000	0.0000	73.9493
98	200.0000	200.0000	0.0000	74.6253
99	200.0000	200.0000	0.0000	75.2928
100	200.0000	200.0000	0.0000	75.9659
101	200.0000	200.0000	0.0000	76.6556
102	200.0000	200.0000	0.0000	77.3358
103	200.0000	200.0000	0.0000	78.0458
104	200.0000	200.0000	0.0000	78.7239
105	200.0000	200.0000	0.0000	79.4225
106	200.0000	200.0000	0.0000	80.1086
107	200.0000	200.0000	0.0000	80.7815
108	200.0000	200.0000	0.0000	81.4660
109	200.0000	200.0000	0.0000	82.1486
110	200.0000	200.0000	0.0000	82.8223
111	200.0000	200.0000	0.0000	83.5080
112	200.0000	200.0000	0.0000	84.2149
113	200.0000	200.0000	0.0000	84.9159
114	200.0000	200.0000	0.0000	85.6092
115	200.0000	200.0000	0.0000	86.4978
116	200.0000	200.0000	0.0000	87.2350
117	200.0000	200.0000	0.0000	87.9285
118	200.0000	200.0000	0.0000	88.6114
119	200.0000	200.0000	0.0000	89.2990
120	200.0000	200.0000	0.0000	89.9880
121	200.0000	200.0000	0.0000	90.6811
122	200.0000	200.0000	0.0000	91.3544
123	200.0000	200.0000	0.0000	92.0308
124	200.0000	200.0000	0.0000	92.7057
125	200.0000	200.0000	0.0000	93.5056
126	200.0000	200.0000	0.0000	94.2092
127	200.0000	200.0000	0.0000	94.8901
128	200.0000	200.0000	0.0000	95.5701
129	200.0000	200.0000	0.0000	96.2458
130	200.0000	200.0000	0.0000	96.9498
131	200.0000	200.0000	0.0000	97.7635
132	200.0000	200.0000	0.0000	98.4411
133	200.0000	200.0000	0.0000	99.1228
134	200.0000	200.0000	0.0000	99.8125
135	200.0000	200.0000	0.0000	100.4872
136	200.0000	200.0000	0.0000	101.2058
137	200.0000	200.0000	0.0000	101.9080
138	200.0000	200.0000	0.0000	102.5848
139	200.0000	200.0000	0.0000	103.5488
140	200.0000	200.0000	0.0000	104.2399
141	200.0000	200.0000	0.0000	104.9402
142	200.0000	200.0000	0.0000	105.6497
143	200.0000	200.0000	0.0000	106.3251
144	200.0000	200.0000	0.0000	107.0101
145	200.0000	200.0000	0.0000	107.6851
146	200.0000	200.0000	0.0000	108.3789
147	200.0000	200.0000	0.0000	109.0820
148	200.0000	200.0000	0.0000	109.7643
149	200.0000	200.0000	0.0000	110.4445
150	200.0000	200.0000	0.0000	111.1248
151	200.0000	200.0000	0.0000	111.8200
152	200.0000	200.0000	0.0000	112.5557
153	200.0000	200.0000	0.0000	113.2605
154	200.0000	200.0000	0.0000	113.9343
155	200.0000	200.0000	0.0000	114.6021
156	200.0000	200.0000	0.0000	115.2883
157	200.0000	200.0000	0.0000	115.9632
158	200.0000	200.0000	0.0000	116.6422
159	200.0000	200.0000	0.0000	117.3463
160	200.0000	200.0000	0.0000	118.0298
161	200.0000	200.0000	0.0000	118.7215
162	200.0000	200.0000	0.0000	119.4522
163	200.0000	200.0000	0.0000	120.2838
164	200.0000	200.0000	0.0000	120.9784
165	200.0000	200.0000	0.0000	121.6564
166	200.0000	200.0000	0.0000	122.4115
167	200.0000	200.0000	0.0000	123.0891
168	200.0000	200.0000	0.0000	123.7757
169	200.0000	200.0000	0.0000	124.4495
170	200.0000	200.0000	0.0000	125.1247
171	200.0000	200.0000	0.0000	125.8154
172	200.0000	200.0000	0.0000	126.4942
173	200.0000	200.0000	0.0000	127.1665
174	200.0000	200.0000	0.0000	127.8381
175	200.0000	200.0000	0.0000	128.5119
176	200.0000	200.0000	0.0000	129.2129
177	200.0000	200.0000	0.0000	129.8890
178	200.0000	200.0000	0.0000	130.5623
179	200.0000	200.0000	0.0000	131.2368
180	200.0000	200.0000	0.0000	132.0248
181	200.0000	200.0000	0.0000	132.7152
182	200.0000	200.0000	0.0000	133.3952
183	200.0000	200.0000	0.0000	134.0642
184	200.0000	200.0000	0.0000	134.7396
185	200.0000	200.0000	0.0000	135.4139
186	200.0000	200.0000	0.0000	136.1635
187	200.0000	200.0000	0.0000	136.9846
188	200.0000	200.0000	0.0000	137.7132
189	200.0000	200.0000	0.0000	138.3965
190	200.0000	200.0000	0.0000	139.0691
191	200.0000	200.0000	0.0000	139.7622
192	200.0000	200.0000	0.0000	140.4567
193	200.0000	200.0000	0.0000	141.2005
194	200.0000	200.0000	0.0000	141.8831
195	200.0000	200.0000	0.0000	142.5705
196	200.0000	200.0000	0.0000	143.2610
197	200.0000	200.0000	0.0000	143.9362
198	200.0000	200.0000	0.0000	144.6114
199	200.0000	200.0000	0.0000	145.2968
Pos: [3.584428329049741, -1.8481265555507813]

Run: 6
Iter	Gbest	AvrFit	Diver	ETime	
0	197.5136	113.7736	1.0000	0.8588
1	197.5136	142.5113	0.9280	1.5602
2	197.5136	160.3394	0.8947	2.2519
3	197.5136	164.5419	0.8907	2.9404
4	198.3992	179.9528	0.8309	3.6554
5	198.9101	183.8090	0.6887	4.3569
6	199.7768	184.6910	0.4992	5.0800
7	199.7768	190.0326	0.5396	5.8792
8	199.7768	191.3327	0.5073	6.5830
9	199.7768	196.3653	0.4290	7.3071
10	199.9960	197.0754	0.4422	8.0376
11	199.9960	197.4828	0.4557	8.7333
12	199.9960	198.1821	0.4670	9.5141
13	199.9960	198.6715	0.3817	10.2336
14	199.9960	198.8123	0.3716	11.1988
15	199.9960	199.1561	0.3104	11.9355
16	199.9981	199.2698	0.3000	12.6834
17	199.9981	199.4580	0.1844	13.4311
18	199.9981	199.4938	0.1792	14.1349
19	199.9981	199.8460	0.1550	14.8365
20	199.9992	199.9036	0.1454	16.1052
21	199.9992	199.9186	0.1399	17.5850
22	199.9992	199.9442	0.1372	19.0704
23	199.9999	199.9469	0.1360	20.4985
24	199.9999	199.9504	0.1342	21.9646
25	199.9999	199.9919	0.0089	23.5083
26	200.0000	199.9934	0.0074	24.8375
27	200.0000	199.9969	0.0041	25.9402
28	200.0000	199.9986	0.0032	26.8111
29	200.0000	199.9991	0.0023	27.8654
30	200.0000	199.9996	0.0016	28.6748
31	200.0000	199.9998	0.0010	29.4228
32	200.0000	199.9999	0.0007	30.0913
33	200.0000	199.9999	0.0006	30.7586
34	200.0000	200.0000	0.0003	31.5707
35	200.0000	200.0000	0.0003	32.9900
36	200.0000	200.0000	0.0002	34.5225
37	200.0000	200.0000	0.0002	36.0568
38	200.0000	200.0000	0.0001	37.5357
39	200.0000	200.0000	0.0001	39.1366
40	200.0000	200.0000	0.0000	40.5631
41	200.0000	200.0000	0.0000	41.8384
42	200.0000	200.0000	0.0000	42.6979
43	200.0000	200.0000	0.0000	43.3898
44	200.0000	200.0000	0.0000	44.1077
45	200.0000	200.0000	0.0000	44.8115
46	200.0000	200.0000	0.0000	45.5782
47	200.0000	200.0000	0.0000	46.2472
48	200.0000	200.0000	0.0000	46.9360
49	200.0000	200.0000	0.0000	47.6525
50	200.0000	200.0000	0.0000	48.3713
51	200.0000	200.0000	0.0000	49.0606
52	200.0000	200.0000	0.0000	49.7332
53	200.0000	200.0000	0.0000	50.4014
54	200.0000	200.0000	0.0000	51.0705
55	200.0000	200.0000	0.0000	51.7628
56	200.0000	200.0000	0.0000	52.4583
57	200.0000	200.0000	0.0000	53.1323
58	200.0000	200.0000	0.0000	53.8001
59	200.0000	200.0000	0.0000	54.4729
60	200.0000	200.0000	0.0000	55.2225
61	200.0000	200.0000	0.0000	55.9833
62	200.0000	200.0000	0.0000	56.6516
63	200.0000	200.0000	0.0000	57.3931
64	200.0000	200.0000	0.0000	58.1415
65	200.0000	200.0000	0.0000	58.8226
66	200.0000	200.0000	0.0000	59.6385
67	200.0000	200.0000	0.0000	60.3099
68	200.0000	200.0000	0.0000	60.9832
69	200.0000	200.0000	0.0000	61.8825
70	200.0000	200.0000	0.0000	63.3881
71	200.0000	200.0000	0.0000	64.8546
72	200.0000	200.0000	0.0000	66.2930
73	200.0000	200.0000	0.0000	67.8535
74	200.0000	200.0000	0.0000	69.2341
75	200.0000	200.0000	0.0000	70.7045
76	200.0000	200.0000	0.0000	72.3050
77	200.0000	200.0000	0.0000	73.6976
78	200.0000	200.0000	0.0000	75.0635
79	200.0000	200.0000	0.0000	75.9990
80	200.0000	200.0000	0.0000	76.7317
81	200.0000	200.0000	0.0000	77.4214
82	200.0000	200.0000	0.0000	78.0902
83	200.0000	200.0000	0.0000	78.7628
84	200.0000	200.0000	0.0000	79.4997
85	200.0000	200.0000	0.0000	80.2062
86	200.0000	200.0000	0.0000	80.9114
87	200.0000	200.0000	0.0000	81.6081
88	200.0000	200.0000	0.0000	82.3050
89	200.0000	200.0000	0.0000	82.9952
90	200.0000	200.0000	0.0000	83.6976
91	200.0000	200.0000	0.0000	84.3871
92	200.0000	200.0000	0.0000	85.0649
93	200.0000	200.0000	0.0000	85.7418
94	200.0000	200.0000	0.0000	86.5152
95	200.0000	200.0000	0.0000	87.1947
96	200.0000	200.0000	0.0000	87.9509
97	200.0000	200.0000	0.0000	88.7628
98	200.0000	200.0000	0.0000	89.5162
99	200.0000	200.0000	0.0000	90.2064
100	200.0000	200.0000	0.0000	90.8830
101	200.0000	200.0000	0.0000	91.5840
102	200.0000	200.0000	0.0000	92.2713
103	200.0000	200.0000	0.0000	92.9468
104	200.0000	200.0000	0.0000	93.6179
105	200.0000	200.0000	0.0000	94.2926
106	200.0000	200.0000	0.0000	94.9805
107	200.0000	200.0000	0.0000	95.6941
108	200.0000	200.0000	0.0000	96.3852
109	200.0000	200.0000	0.0000	97.0635
110	200.0000	200.0000	0.0000	97.7404
111	200.0000	200.0000	0.0000	98.4261
112	200.0000	200.0000	0.0000	99.0975
113	200.0000	200.0000	0.0000	99.7787
114	200.0000	200.0000	0.0000	100.4593
115	200.0000	200.0000	0.0000	101.1350
116	200.0000	200.0000	0.0000	101.8231
117	200.0000	200.0000	0.0000	102.4957
118	200.0000	200.0000	0.0000	103.1711
119	200.0000	200.0000	0.0000	103.8632
120	200.0000	200.0000	0.0000	104.5415
121	200.0000	200.0000	0.0000	105.4237
122	200.0000	200.0000	0.0000	106.1950
123	200.0000	200.0000	0.0000	106.8864
124	200.0000	200.0000	0.0000	107.6064
125	200.0000	200.0000	0.0000	108.2931
126	200.0000	200.0000	0.0000	109.0038
127	200.0000	200.0000	0.0000	109.6795
128	200.0000	200.0000	0.0000	110.3554
129	200.0000	200.0000	0.0000	111.0342
130	200.0000	200.0000	0.0000	111.7208
131	200.0000	200.0000	0.0000	112.4098
132	200.0000	200.0000	0.0000	113.0865
133	200.0000	200.0000	0.0000	113.9481
134	200.0000	200.0000	0.0000	114.7394
135	200.0000	200.0000	0.0000	115.4554
136	200.0000	200.0000	0.0000	116.1482
137	200.0000	200.0000	0.0000	116.8303
138	200.0000	200.0000	0.0000	117.5082
139	200.0000	200.0000	0.0000	118.1829
140	200.0000	200.0000	0.0000	118.8567
141	200.0000	200.0000	0.0000	119.5569
142	200.0000	200.0000	0.0000	120.2326
143	200.0000	200.0000	0.0000	120.9114
144	200.0000	200.0000	0.0000	121.5854
145	200.0000	200.0000	0.0000	122.4277
146	200.0000	200.0000	0.0000	123.1146
147	200.0000	200.0000	0.0000	123.8272
148	200.0000	200.0000	0.0000	124.6352
149	200.0000	200.0000	0.0000	125.3228
150	200.0000	200.0000	0.0000	126.0118
151	200.0000	200.0000	0.0000	126.7092
152	200.0000	200.0000	0.0000	127.3894
153	200.0000	200.0000	0.0000	128.1319
154	200.0000	200.0000	0.0000	128.8097
155	200.0000	200.0000	0.0000	129.4806
156	200.0000	200.0000	0.0000	130.1692
157	200.0000	200.0000	0.0000	130.8467
158	200.0000	200.0000	0.0000	131.5281
159	200.0000	200.0000	0.0000	132.2014
160	200.0000	200.0000	0.0000	132.8807
161	200.0000	200.0000	0.0000	133.5723
162	200.0000	200.0000	0.0000	134.2831
163	200.0000	200.0000	0.0000	134.9652
164	200.0000	200.0000	0.0000	135.6466
165	200.0000	200.0000	0.0000	136.3239
166	200.0000	200.0000	0.0000	137.0130
167	200.0000	200.0000	0.0000	137.6903
168	200.0000	200.0000	0.0000	138.3746
169	200.0000	200.0000	0.0000	139.1983
170	200.0000	200.0000	0.0000	139.8869
171	200.0000	200.0000	0.0000	140.5849
172	200.0000	200.0000	0.0000	141.2630
173	200.0000	200.0000	0.0000	141.9456
174	200.0000	200.0000	0.0000	142.6387
175	200.0000	200.0000	0.0000	143.3232
176	200.0000	200.0000	0.0000	144.1145
177	200.0000	200.0000	0.0000	144.7954
178	200.0000	200.0000	0.0000	145.4716
179	200.0000	200.0000	0.0000	146.1627
180	200.0000	200.0000	0.0000	146.8358
181	200.0000	200.0000	0.0000	147.5275
182	200.0000	200.0000	0.0000	148.2072
183	200.0000	200.0000	0.0000	149.1849
184	200.0000	200.0000	0.0000	149.9972
185	200.0000	200.0000	0.0000	150.6779
186	200.0000	200.0000	0.0000	151.3715
187	200.0000	200.0000	0.0000	152.0569
188	200.0000	200.0000	0.0000	152.7314
189	200.0000	200.0000	0.0000	153.4920
190	200.0000	200.0000	0.0000	154.2029
191	200.0000	200.0000	0.0000	154.8922
192	200.0000	200.0000	0.0000	155.7443
193	200.0000	200.0000	0.0000	156.4250
194	200.0000	200.0000	0.0000	157.1596
195	200.0000	200.0000	0.0000	157.8333
196	200.0000	200.0000	0.0000	158.5209
197	200.0000	200.0000	0.0000	159.2104
198	200.0000	200.0000	0.0000	159.8876
199	200.0000	200.0000	0.0000	160.5570
Pos: [3.5844283584570844, -1.8481265499248591]

Run: 7
Iter	Gbest	AvrFit	Diver	ETime	
0	191.2773	66.9575	1.0000	0.8593
1	191.2773	116.4087	0.8730	1.5552
2	191.2773	139.4808	0.8196	2.2440
3	191.2773	157.3736	0.8337	2.9411
4	191.2773	166.5148	0.7278	3.6399
5	194.7840	168.9156	0.6222	4.4007
6	197.0979	174.7862	0.6273	5.1119
7	197.0979	178.4764	0.5215	5.7948
8	199.8806	183.2751	0.5133	6.4766
9	199.8806	187.8247	0.4391	7.1943
10	199.8806	190.9078	0.4409	7.8793
11	199.8806	191.8100	0.3729	8.5773
12	199.8806	193.0113	0.4926	9.2952
13	199.9656	193.9412	0.4734	10.0291
14	199.9656	194.4713	0.4695	10.7362
15	199.9940	194.8939	0.4636	11.4949
16	199.9940	196.2349	0.2372	12.2325
17	199.9960	198.7176	0.0815	12.9788
18	199.9960	199.7594	0.0396	13.6688
19	199.9960	199.8304	0.0320	14.3874
20	199.9995	199.9084	0.0208	15.3763
21	199.9997	199.9469	0.0175	16.7248
22	200.0000	199.9651	0.0122	18.0504
23	200.0000	199.9708	0.0107	19.4137
24	200.0000	199.9923	0.0056	20.8402
25	200.0000	199.9986	0.0023	22.3458
26	200.0000	199.9996	0.0014	24.0219
27	200.0000	199.9997	0.0010	25.5020
28	200.0000	199.9998	0.0010	26.9878
29	200.0000	199.9998	0.0008	28.0721
30	200.0000	200.0000	0.0004	28.7416
31	200.0000	200.0000	0.0004	29.5191
32	200.0000	200.0000	0.0003	30.2901
33	200.0000	200.0000	0.0003	30.9896
34	200.0000	200.0000	0.0002	31.6827
35	200.0000	200.0000	0.0002	32.3484
36	200.0000	200.0000	0.0001	33.6900
37	200.0000	200.0000	0.0000	35.1484
38	200.0000	200.0000	0.0000	36.4411
39	200.0000	200.0000	0.0000	37.7154
40	200.0000	200.0000	0.0000	39.0110
41	200.0000	200.0000	0.0000	40.3521
42	200.0000	200.0000	0.0000	41.7399
43	200.0000	200.0000	0.0000	42.9552
44	200.0000	200.0000	0.0000	43.6921
45	200.0000	200.0000	0.0000	44.4033
46	200.0000	200.0000	0.0000	45.1415
47	200.0000	200.0000	0.0000	45.8503
48	200.0000	200.0000	0.0000	46.5555
49	200.0000	200.0000	0.0000	47.2701
50	200.0000	200.0000	0.0000	47.9772
51	200.0000	200.0000	0.0000	48.7015
52	200.0000	200.0000	0.0000	49.4106
53	200.0000	200.0000	0.0000	50.1063
54	200.0000	200.0000	0.0000	50.8099
55	200.0000	200.0000	0.0000	51.5170
56	200.0000	200.0000	0.0000	52.2337
57	200.0000	200.0000	0.0000	52.9599
58	200.0000	200.0000	0.0000	53.7004
59	200.0000	200.0000	0.0000	54.4443
60	200.0000	200.0000	0.0000	55.2573
61	200.0000	200.0000	0.0000	56.1478
62	200.0000	200.0000	0.0000	57.0154
63	200.0000	200.0000	0.0000	57.9088
64	200.0000	200.0000	0.0000	58.7823
65	200.0000	200.0000	0.0000	59.5763
66	200.0000	200.0000	0.0000	60.2643
67	200.0000	200.0000	0.0000	60.9539
68	200.0000	200.0000	0.0000	61.6248
69	200.0000	200.0000	0.0000	62.2928
70	200.0000	200.0000	0.0000	63.1053
71	200.0000	200.0000	0.0000	63.8149
72	200.0000	200.0000	0.0000	64.4956
73	200.0000	200.0000	0.0000	65.1696
74	200.0000	200.0000	0.0000	65.8424
75	200.0000	200.0000	0.0000	66.5395
76	200.0000	200.0000	0.0000	67.2684
77	200.0000	200.0000	0.0000	67.9431
78	200.0000	200.0000	0.0000	68.6178
79	200.0000	200.0000	0.0000	69.2916
80	200.0000	200.0000	0.0000	69.9601
81	200.0000	200.0000	0.0000	70.6494
82	200.0000	200.0000	0.0000	71.3468
83	200.0000	200.0000	0.0000	72.0301
84	200.0000	200.0000	0.0000	72.7413
85	200.0000	200.0000	0.0000	73.4529
86	200.0000	200.0000	0.0000	74.1491
87	200.0000	200.0000	0.0000	74.8239
88	200.0000	200.0000	0.0000	75.5692
89	200.0000	200.0000	0.0000	76.4215
90	200.0000	200.0000	0.0000	77.1017
91	200.0000	200.0000	0.0000	77.8358
92	200.0000	200.0000	0.0000	78.5263
93	200.0000	200.0000	0.0000	79.2217
94	200.0000	200.0000	0.0000	79.9394
95	200.0000	200.0000	0.0000	80.6227
96	200.0000	200.0000	0.0000	81.3246
97	200.0000	200.0000	0.0000	82.0589
98	200.0000	200.0000	0.0000	82.7284
99	200.0000	200.0000	0.0000	83.4050
100	200.0000	200.0000	0.0000	84.0797
101	200.0000	200.0000	0.0000	84.7688
102	200.0000	200.0000	0.0000	85.4468
103	200.0000	200.0000	0.0000	86.1979
104	200.0000	200.0000	0.0000	87.0898
105	200.0000	200.0000	0.0000	87.8267
106	200.0000	200.0000	0.0000	88.5472
107	200.0000	200.0000	0.0000	89.2410
108	200.0000	200.0000	0.0000	89.9317
109	200.0000	200.0000	0.0000	90.6315
110	200.0000	200.0000	0.0000	91.3825
111	200.0000	200.0000	0.0000	92.1321
112	200.0000	200.0000	0.0000	92.8898
113	200.0000	200.0000	0.0000	93.6203
114	200.0000	200.0000	0.0000	94.3115
115	200.0000	200.0000	0.0000	95.0196
116	200.0000	200.0000	0.0000	95.7401
117	200.0000	200.0000	0.0000	96.4336
118	200.0000	200.0000	0.0000	97.1336
119	200.0000	200.0000	0.0000	97.8277
120	200.0000	200.0000	0.0000	98.5186
121	200.0000	200.0000	0.0000	99.2463
122	200.0000	200.0000	0.0000	99.9253
123	200.0000	200.0000	0.0000	100.6033
124	200.0000	200.0000	0.0000	101.3410
125	200.0000	200.0000	0.0000	102.0284
126	200.0000	200.0000	0.0000	102.7246
127	200.0000	200.0000	0.0000	103.4081
128	200.0000	200.0000	0.0000	104.0778
129	200.0000	200.0000	0.0000	104.7487
130	200.0000	200.0000	0.0000	105.4292
131	200.0000	200.0000	0.0000	106.1153
132	200.0000	200.0000	0.0000	106.7891
133	200.0000	200.0000	0.0000	107.4650
134	200.0000	200.0000	0.0000	108.1381
135	200.0000	200.0000	0.0000	108.8479
136	200.0000	200.0000	0.0000	109.7045
137	200.0000	200.0000	0.0000	110.3776
138	200.0000	200.0000	0.0000	111.0749
139	200.0000	200.0000	0.0000	111.7744
140	200.0000	200.0000	0.0000	112.4504
141	200.0000	200.0000	0.0000	113.2460
142	200.0000	200.0000	0.0000	113.9925
143	200.0000	200.0000	0.0000	114.6681
144	200.0000	200.0000	0.0000	115.4146
145	200.0000	200.0000	0.0000	116.1118
146	200.0000	200.0000	0.0000	116.8470
147	200.0000	200.0000	0.0000	117.5253
148	200.0000	200.0000	0.0000	118.2075
149	200.0000	200.0000	0.0000	118.9229
150	200.0000	200.0000	0.0000	119.6234
151	200.0000	200.0000	0.0000	120.3346
152	200.0000	200.0000	0.0000	121.0673
153	200.0000	200.0000	0.0000	121.7544
154	200.0000	200.0000	0.0000	122.4418
155	200.0000	200.0000	0.0000	123.1315
156	200.0000	200.0000	0.0000	123.8275
157	200.0000	200.0000	0.0000	124.5170
158	200.0000	200.0000	0.0000	125.2012
159	200.0000	200.0000	0.0000	125.8814
160	200.0000	200.0000	0.0000	126.6484
161	200.0000	200.0000	0.0000	127.3508
162	200.0000	200.0000	0.0000	128.0608
163	200.0000	200.0000	0.0000	128.7532
164	200.0000	200.0000	0.0000	129.4401
165	200.0000	200.0000	0.0000	130.1746
166	200.0000	200.0000	0.0000	130.8730
167	200.0000	200.0000	0.0000	131.5653
168	200.0000	200.0000	0.0000	132.2575
169	200.0000	200.0000	0.0000	132.9465
170	200.0000	200.0000	0.0000	133.6396
171	200.0000	200.0000	0.0000	134.3386
172	200.0000	200.0000	0.0000	135.0439
173	200.0000	200.0000	0.0000	135.7257
174	200.0000	200.0000	0.0000	136.4007
175	200.0000	200.0000	0.0000	137.0738
176	200.0000	200.0000	0.0000	137.7869
177	200.0000	200.0000	0.0000	138.5036
178	200.0000	200.0000	0.0000	139.2200
179	200.0000	200.0000	0.0000	139.8993
180	200.0000	200.0000	0.0000	140.6131
181	200.0000	200.0000	0.0000	141.2950
182	200.0000	200.0000	0.0000	142.0236
183	200.0000	200.0000	0.0000	142.7734
184	200.0000	200.0000	0.0000	143.5654
185	200.0000	200.0000	0.0000	144.2366
186	200.0000	200.0000	0.0000	144.9442
187	200.0000	200.0000	0.0000	145.6237
188	200.0000	200.0000	0.0000	146.3056
189	200.0000	200.0000	0.0000	146.9789
190	200.0000	200.0000	0.0000	147.6552
191	200.0000	200.0000	0.0000	148.3455
192	200.0000	200.0000	0.0000	149.0211
193	200.0000	200.0000	0.0000	149.6975
194	200.0000	200.0000	0.0000	150.3689
195	200.0000	200.0000	0.0000	151.0439
196	200.0000	200.0000	0.0000	151.7274
197	200.0000	200.0000	0.0000	152.3988
198	200.0000	200.0000	0.0000	153.0733
199	200.0000	200.0000	0.0000	153.7545
Pos: [-2.805118097750079, 3.131312517430436]

Run: 8
Iter	Gbest	AvrFit	Diver	ETime	
0	189.8258	28.1544	1.0000	0.8526
1	194.8585	88.3083	0.9559	1.6026
2	194.8585	138.8272	0.9267	2.3139
3	199.7048	164.6556	1.0000	3.0022
4	199.7048	167.9199	0.9714	3.6931
5	199.7048	172.1430	0.9621	4.4053
6	199.7048	176.1738	1.0000	5.1122
7	199.7048	184.7702	0.9495	5.7957
8	199.7048	186.6524	0.9287	6.5432
9	199.7048	187.4936	0.9208	7.2277
10	199.7048	190.8140	0.8304	7.9415
11	199.8528	194.1538	0.8688	8.6513
12	199.8528	194.3436	0.8533	9.3565
13	199.8528	194.5401	0.8509	10.1752
14	199.8528	197.1692	0.7503	11.3170
15	199.8528	197.4315	0.7424	12.0366
16	199.8528	197.9306	0.6978	12.7881
17	199.8528	198.0518	0.6975	13.5672
18	199.8528	198.3418	0.6957	14.2500
19	199.8797	198.5219	0.7747	14.9391
20	199.9487	199.1503	0.6737	15.6429
21	199.9487	199.1601	0.6733	16.3591
22	199.9487	199.2349	0.6744	17.0610
23	199.9487	199.2703	0.6740	17.7674
24	199.9980	199.4148	0.6697	18.4686
25	199.9980	199.4808	0.6645	19.1801
26	199.9980	199.6763	0.6685	19.9089
27	199.9980	199.7381	0.6673	20.6134
28	199.9980	199.7405	0.6670	21.3490
29	199.9980	199.7608	0.5806	22.0332
30	199.9980	199.7805	0.5754	22.7449
31	199.9980	199.7987	0.4876	23.5307
32	199.9980	199.8257	0.4867	24.2484
33	199.9980	199.8609	0.4848	24.9510
34	199.9980	199.9078	0.4815	25.8203
35	199.9980	199.9161	0.3912	26.5474
36	199.9999	199.9196	0.3900	27.2841
37	199.9999	199.9350	0.2971	28.0085
38	199.9999	199.9545	0.2957	28.6939
39	199.9999	199.9606	0.2944	29.4433
40	199.9999	199.9736	0.2961	30.1247
41	200.0000	199.9800	0.2945	30.8499
42	200.0000	199.9823	0.2918	31.5139
43	200.0000	199.9853	0.1951	32.2752
44	200.0000	199.9859	0.1945	32.9928
45	200.0000	199.9864	0.2887	33.9060
46	200.0000	199.9912	0.2880	34.7047
47	200.0000	199.9945	0.2879	35.4168
48	200.0000	199.9969	0.2875	36.1660
49	200.0000	199.9979	0.1928	36.8733
50	200.0000	199.9989	0.1919	37.6058
51	200.0000	199.9990	0.1914	38.3558
52	200.0000	199.9991	0.1914	39.0644
53	200.0000	199.9992	0.0964	39.7766
54	200.0000	199.9997	0.0016	40.5278
55	200.0000	199.9998	0.0013	41.2779
56	200.0000	199.9999	0.0010	41.9989
57	200.0000	199.9999	0.0007	42.6812
58	200.0000	200.0000	0.0004	43.3896
59	200.0000	200.0000	0.0003	44.0948
60	200.0000	200.0000	0.0001	44.7772
61	200.0000	200.0000	0.0001	45.4750
62	200.0000	200.0000	0.0001	46.1559
63	200.0000	200.0000	0.0001	46.8442
64	200.0000	200.0000	0.0001	47.5283
65	200.0000	200.0000	0.0000	48.2395
66	200.0000	200.0000	0.0000	48.9254
67	200.0000	200.0000	0.0000	49.5963
68	200.0000	200.0000	0.0000	50.3244
69	200.0000	200.0000	0.0000	50.9899
70	200.0000	200.0000	0.0000	51.6551
71	200.0000	200.0000	0.0000	52.3987
72	200.0000	200.0000	0.0000	53.0660
73	200.0000	200.0000	0.0000	53.7293
74	200.0000	200.0000	0.0000	54.3926
75	200.0000	200.0000	0.0000	55.0532
76	200.0000	200.0000	0.0000	55.7766
77	200.0000	200.0000	0.0000	56.5913
78	200.0000	200.0000	0.0000	57.2796
79	200.0000	200.0000	0.0000	57.9755
80	200.0000	200.0000	0.0000	58.6679
81	200.0000	200.0000	0.0000	59.3910
82	200.0000	200.0000	0.0000	60.1315
83	200.0000	200.0000	0.0000	60.7975
84	200.0000	200.0000	0.0000	61.4595
85	200.0000	200.0000	0.0000	62.1223
86	200.0000	200.0000	0.0000	62.7980
87	200.0000	200.0000	0.0000	63.4894
88	200.0000	200.0000	0.0000	64.1937
89	200.0000	200.0000	0.0000	64.8808
90	200.0000	200.0000	0.0000	65.6354
91	200.0000	200.0000	0.0000	66.3943
92	200.0000	200.0000	0.0000	67.0989
93	200.0000	200.0000	0.0000	67.8053
94	200.0000	200.0000	0.0000	68.5015
95	200.0000	200.0000	0.0000	69.2353
96	200.0000	200.0000	0.0000	69.9170
97	200.0000	200.0000	0.0000	70.5881
98	200.0000	200.0000	0.0000	71.2595
99	200.0000	200.0000	0.0000	72.0215
100	200.0000	200.0000	0.0000	72.7706
101	200.0000	200.0000	0.0000	73.5536
102	200.0000	200.0000	0.0000	74.2316
103	200.0000	200.0000	0.0000	74.9278
104	200.0000	200.0000	0.0000	75.6211
105	200.0000	200.0000	0.0000	76.3576
106	200.0000	200.0000	0.0000	77.1458
107	200.0000	200.0000	0.0000	77.8205
108	200.0000	200.0000	0.0000	78.5172
109	200.0000	200.0000	0.0000	79.2053
110	200.0000	200.0000	0.0000	79.8976
111	200.0000	200.0000	0.0000	80.5967
112	200.0000	200.0000	0.0000	81.2664
113	200.0000	200.0000	0.0000	81.9390
114	200.0000	200.0000	0.0000	82.6101
115	200.0000	200.0000	0.0000	83.2889
116	200.0000	200.0000	0.0000	83.9741
117	200.0000	200.0000	0.0000	84.6808
118	200.0000	200.0000	0.0000	85.3574
119	200.0000	200.0000	0.0000	86.0584
120	200.0000	200.0000	0.0000	86.7338
121	200.0000	200.0000	0.0000	87.4264
122	200.0000	200.0000	0.0000	88.1653
123	200.0000	200.0000	0.0000	88.8708
124	200.0000	200.0000	0.0000	89.6804
125	200.0000	200.0000	0.0000	90.3804
126	200.0000	200.0000	0.0000	91.1117
127	200.0000	200.0000	0.0000	91.8128
128	200.0000	200.0000	0.0000	92.5074
129	200.0000	200.0000	0.0000	93.2264
130	200.0000	200.0000	0.0000	93.9214
131	200.0000	200.0000	0.0000	94.6214
132	200.0000	200.0000	0.0000	95.3121
133	200.0000	200.0000	0.0000	96.0104
134	200.0000	200.0000	0.0000	96.7014
135	200.0000	200.0000	0.0000	97.3957
136	200.0000	200.0000	0.0000	98.1240
137	200.0000	200.0000	0.0000	98.8152
138	200.0000	200.0000	0.0000	99.5066
139	200.0000	200.0000	0.0000	100.2328
140	200.0000	200.0000	0.0000	100.9336
141	200.0000	200.0000	0.0000	101.6393
142	200.0000	200.0000	0.0000	102.3345
143	200.0000	200.0000	0.0000	103.0300
144	200.0000	200.0000	0.0000	103.7304
145	200.0000	200.0000	0.0000	104.4207
146	200.0000	200.0000	0.0000	105.1235
147	200.0000	200.0000	0.0000	105.8133
148	200.0000	200.0000	0.0000	106.6706
149	200.0000	200.0000	0.0000	107.3809
150	200.0000	200.0000	0.0000	108.1281
151	200.0000	200.0000	0.0000	108.8352
152	200.0000	200.0000	0.0000	109.5467
153	200.0000	200.0000	0.0000	110.2626
154	200.0000	200.0000	0.0000	110.9529
155	200.0000	200.0000	0.0000	111.6412
156	200.0000	200.0000	0.0000	112.3707
157	200.0000	200.0000	0.0000	113.0426
158	200.0000	200.0000	0.0000	113.7481
159	200.0000	200.0000	0.0000	114.4226
160	200.0000	200.0000	0.0000	115.0985
161	200.0000	200.0000	0.0000	115.7901
162	200.0000	200.0000	0.0000	116.5712
163	200.0000	200.0000	0.0000	117.2969
164	200.0000	200.0000	0.0000	117.9647
165	200.0000	200.0000	0.0000	118.7074
166	200.0000	200.0000	0.0000	119.3948
167	200.0000	200.0000	0.0000	120.0678
168	200.0000	200.0000	0.0000	120.7385
169	200.0000	200.0000	0.0000	121.4409
170	200.0000	200.0000	0.0000	122.1237
171	200.0000	200.0000	0.0000	122.9131
172	200.0000	200.0000	0.0000	123.6479
173	200.0000	200.0000	0.0000	124.3501
174	200.0000	200.0000	0.0000	125.0265
175	200.0000	200.0000	0.0000	125.7977
176	200.0000	200.0000	0.0000	126.5633
177	200.0000	200.0000	0.0000	127.2798
178	200.0000	200.0000	0.0000	127.9483
179	200.0000	200.0000	0.0000	128.6416
180	200.0000	200.0000	0.0000	129.3375
181	200.0000	200.0000	0.0000	130.0461
182	200.0000	200.0000	0.0000	130.7335
183	200.0000	200.0000	0.0000	131.4065
184	200.0000	200.0000	0.0000	132.0827
185	200.0000	200.0000	0.0000	132.7572
186	200.0000	200.0000	0.0000	133.4465
187	200.0000	200.0000	0.0000	134.1443
188	200.0000	200.0000	0.0000	134.8445
189	200.0000	200.0000	0.0000	135.5238
190	200.0000	200.0000	0.0000	136.2832
191	200.0000	200.0000	0.0000	136.9722
192	200.0000	200.0000	0.0000	137.6512
193	200.0000	200.0000	0.0000	138.3519
194	200.0000	200.0000	0.0000	139.0424
195	200.0000	200.0000	0.0000	139.9131
196	200.0000	200.0000	0.0000	140.6107
197	200.0000	200.0000	0.0000	141.5071
198	200.0000	200.0000	0.0000	142.3166
199	200.0000	200.0000	0.0000	143.0109
Pos: [3.5844283379616897, -1.8481265268765743]

Run: 9
Iter	Gbest	AvrFit	Diver	ETime	
0	193.6351	53.2316	1.0000	0.8519
1	193.6351	73.0810	1.0000	1.5516
2	193.6351	104.9235	0.9635	2.2371
3	196.5447	155.9952	0.8152	2.9380
4	196.7138	163.6738	0.7054	3.6228
5	196.7138	177.4849	0.6250	4.3113
6	198.3494	184.4991	0.7150	5.0018
7	199.4675	188.1506	0.6967	5.6808
8	199.8028	191.3761	0.5956	6.3627
9	199.8438	195.1845	0.4453	7.0729
10	199.9822	196.2466	0.4163	7.8468
11	199.9822	197.2413	0.2801	8.5495
12	199.9822	198.4859	0.2317	9.2330
13	199.9974	199.0731	0.1892	9.9189
14	199.9974	199.2482	0.1712	10.6251
15	199.9974	199.6960	0.0485	11.3437
16	199.9974	199.7530	0.0484	12.0409
17	199.9974	199.8529	0.0405	12.7857
18	199.9974	199.8902	0.0393	13.5443
19	199.9974	199.9180	0.0353	14.2424
20	199.9974	199.9370	0.0245	15.1966
21	199.9974	199.9456	0.0237	16.3543
22	199.9991	199.9765	0.0173	17.0608
23	199.9991	199.9782	0.0160	17.7641
24	199.9998	199.9869	0.0121	18.4910
25	200.0000	199.9921	0.0076	19.1991
26	200.0000	199.9954	0.0072	19.9478
27	200.0000	199.9959	0.0065	20.6571
28	200.0000	199.9968	0.0060	21.3633
29	200.0000	199.9986	0.0042	22.0628
30	200.0000	199.9991	0.0030	22.7690
31	200.0000	199.9994	0.0026	23.4656
32	200.0000	199.9998	0.0016	24.1473
33	200.0000	199.9999	0.0014	24.8291
34	200.0000	199.9999	0.0010	25.5134
35	200.0000	200.0000	0.0007	26.2234
36	200.0000	200.0000	0.0004	27.0081
37	200.0000	200.0000	0.0003	27.7436
38	200.0000	200.0000	0.0003	28.4417
39	200.0000	200.0000	0.0002	29.1460
40	200.0000	200.0000	0.0002	29.8793
41	200.0000	200.0000	0.0001	30.6113
42	200.0000	200.0000	0.0001	31.3396
43	200.0000	200.0000	0.0001	32.0253
44	200.0000	200.0000	0.0001	32.7053
45	200.0000	200.0000	0.0001	33.4139
46	200.0000	200.0000	0.0000	34.1318
47	200.0000	200.0000	0.0000	34.8418
48	200.0000	200.0000	0.0000	35.5411
49	200.0000	200.0000	0.0000	36.2439
50	200.0000	200.0000	0.0000	36.9463
51	200.0000	200.0000	0.0000	37.6713
52	200.0000	200.0000	0.0000	38.3639
53	200.0000	200.0000	0.0000	39.0680
54	200.0000	200.0000	0.0000	39.7537
55	200.0000	200.0000	0.0000	40.4341
56	200.0000	200.0000	0.0000	41.1575
57	200.0000	200.0000	0.0000	41.8501
58	200.0000	200.0000	0.0000	42.5611
59	200.0000	200.0000	0.0000	43.2909
60	200.0000	200.0000	0.0000	43.9785
61	200.0000	200.0000	0.0000	44.6775
62	200.0000	200.0000	0.0000	45.3944
63	200.0000	200.0000	0.0000	46.1333
64	200.0000	200.0000	0.0000	46.8876
65	200.0000	200.0000	0.0000	47.5714
66	200.0000	200.0000	0.0000	48.2662
67	200.0000	200.0000	0.0000	48.9697
68	200.0000	200.0000	0.0000	49.6638
69	200.0000	200.0000	0.0000	50.3728
70	200.0000	200.0000	0.0000	51.0771
71	200.0000	200.0000	0.0000	51.7690
72	200.0000	200.0000	0.0000	52.4483
73	200.0000	200.0000	0.0000	53.1354
74	200.0000	200.0000	0.0000	53.8204
75	200.0000	200.0000	0.0000	54.5297
76	200.0000	200.0000	0.0000	55.2404
77	200.0000	200.0000	0.0000	55.9547
78	200.0000	200.0000	0.0000	56.6425
79	200.0000	200.0000	0.0000	57.3328
80	200.0000	200.0000	0.0000	58.0404
81	200.0000	200.0000	0.0000	58.7890
82	200.0000	200.0000	0.0000	59.4592
83	200.0000	200.0000	0.0000	60.1399
84	200.0000	200.0000	0.0000	60.8153
85	200.0000	200.0000	0.0000	61.4922
86	200.0000	200.0000	0.0000	62.1781
87	200.0000	200.0000	0.0000	62.8974
88	200.0000	200.0000	0.0000	63.6160
89	200.0000	200.0000	0.0000	64.2889
90	200.0000	200.0000	0.0000	64.9843
91	200.0000	200.0000	0.0000	65.7144
92	200.0000	200.0000	0.0000	66.4165
93	200.0000	200.0000	0.0000	67.1537
94	200.0000	200.0000	0.0000	67.8391
95	200.0000	200.0000	0.0000	68.5084
96	200.0000	200.0000	0.0000	69.1895
97	200.0000	200.0000	0.0000	69.8628
98	200.0000	200.0000	0.0000	70.6105
99	200.0000	200.0000	0.0000	71.2986
100	200.0000	200.0000	0.0000	71.9862
101	200.0000	200.0000	0.0000	72.6871
102	200.0000	200.0000	0.0000	73.3564
103	200.0000	200.0000	0.0000	74.0242
104	200.0000	200.0000	0.0000	74.7252
105	200.0000	200.0000	0.0000	75.4373
106	200.0000	200.0000	0.0000	76.1218
107	200.0000	200.0000	0.0000	76.7968
108	200.0000	200.0000	0.0000	77.4655
109	200.0000	200.0000	0.0000	78.1381
110	200.0000	200.0000	0.0000	78.8100
111	200.0000	200.0000	0.0000	79.5205
112	200.0000	200.0000	0.0000	80.2486
113	200.0000	200.0000	0.0000	80.9202
114	200.0000	200.0000	0.0000	81.6121
115	200.0000	200.0000	0.0000	82.3171
116	200.0000	200.0000	0.0000	83.0071
117	200.0000	200.0000	0.0000	83.6990
118	200.0000	200.0000	0.0000	84.3754
119	200.0000	200.0000	0.0000	85.1114
120	200.0000	200.0000	0.0000	85.7821
121	200.0000	200.0000	0.0000	86.4689
122	200.0000	200.0000	0.0000	87.1456
123	200.0000	200.0000	0.0000	87.8170
124	200.0000	200.0000	0.0000	88.4862
125	200.0000	200.0000	0.0000	89.1566
126	200.0000	200.0000	0.0000	89.8485
127	200.0000	200.0000	0.0000	90.5235
128	200.0000	200.0000	0.0000	91.2232
129	200.0000	200.0000	0.0000	91.9089
130	200.0000	200.0000	0.0000	92.5808
131	200.0000	200.0000	0.0000	93.2641
132	200.0000	200.0000	0.0000	93.9441
133	200.0000	200.0000	0.0000	94.6395
134	200.0000	200.0000	0.0000	95.3422
135	200.0000	200.0000	0.0000	96.0295
136	200.0000	200.0000	0.0000	96.7803
137	200.0000	200.0000	0.0000	97.4560
138	200.0000	200.0000	0.0000	98.3136
139	200.0000	200.0000	0.0000	99.0527
140	200.0000	200.0000	0.0000	99.7379
141	200.0000	200.0000	0.0000	100.4486
142	200.0000	200.0000	0.0000	101.1279
143	200.0000	200.0000	0.0000	101.7992
144	200.0000	200.0000	0.0000	102.4718
145	200.0000	200.0000	0.0000	103.1427
146	200.0000	200.0000	0.0000	103.8976
147	200.0000	200.0000	0.0000	104.5721
148	200.0000	200.0000	0.0000	105.2492
149	200.0000	200.0000	0.0000	105.9244
150	200.0000	200.0000	0.0000	106.6022
151	200.0000	200.0000	0.0000	107.2960
152	200.0000	200.0000	0.0000	107.9676
153	200.0000	200.0000	0.0000	108.6376
154	200.0000	200.0000	0.0000	109.3154
155	200.0000	200.0000	0.0000	109.9854
156	200.0000	200.0000	0.0000	110.6744
157	200.0000	200.0000	0.0000	111.3508
158	200.0000	200.0000	0.0000	112.0272
159	200.0000	200.0000	0.0000	112.6988
160	200.0000	200.0000	0.0000	113.4844
161	200.0000	200.0000	0.0000	114.1729
162	200.0000	200.0000	0.0000	114.8903
163	200.0000	200.0000	0.0000	115.5758
164	200.0000	200.0000	0.0000	116.3895
165	200.0000	200.0000	0.0000	117.1141
166	200.0000	200.0000	0.0000	117.8150
167	200.0000	200.0000	0.0000	118.4871
168	200.0000	200.0000	0.0000	119.1840
169	200.0000	200.0000	0.0000	119.8843
170	200.0000	200.0000	0.0000	120.5804
171	200.0000	200.0000	0.0000	121.2924
172	200.0000	200.0000	0.0000	121.9759
173	200.0000	200.0000	0.0000	122.6680
174	200.0000	200.0000	0.0000	123.3804
175	200.0000	200.0000	0.0000	124.0661
176	200.0000	200.0000	0.0000	124.7625
177	200.0000	200.0000	0.0000	125.4511
178	200.0000	200.0000	0.0000	126.1218
179	200.0000	200.0000	0.0000	126.8044
180	200.0000	200.0000	0.0000	127.4791
181	200.0000	200.0000	0.0000	128.1657
182	200.0000	200.0000	0.0000	128.8769
183	200.0000	200.0000	0.0000	129.6115
184	200.0000	200.0000	0.0000	130.3449
185	200.0000	200.0000	0.0000	131.0287
186	200.0000	200.0000	0.0000	131.7489
187	200.0000	200.0000	0.0000	132.4270
188	200.0000	200.0000	0.0000	133.1024
189	200.0000	200.0000	0.0000	133.7733
190	200.0000	200.0000	0.0000	134.4533
191	200.0000	200.0000	0.0000	135.1354
192	200.0000	200.0000	0.0000	135.8147
193	200.0000	200.0000	0.0000	136.4927
194	200.0000	200.0000	0.0000	137.1701
195	200.0000	200.0000	0.0000	137.8500
196	200.0000	200.0000	0.0000	138.5744
197	200.0000	200.0000	0.0000	139.2534
198	200.0000	200.0000	0.0000	139.9264
199	200.0000	200.0000	0.0000	140.5966
Pos: [3.000000005603438, 2.0000000108793445]

