ID: five_uneven_peak_trap	Date: 2019-04-30 00:00:04	Runs: 5
=================================================================================================================
Run: 0
Iter	Gbest	AvrFit	Diver	ETime	
0	199.5232	79.9991	0.0000	0.0018
1	200.0000	95.4452	0.0000	0.0032
2	200.0000	80.0885	0.0000	0.0048
3	200.0000	89.4761	0.0000	0.0056
4	200.0000	100.4099	0.0000	0.0066
5	200.0000	85.6505	0.0000	0.0076
6	200.0000	91.2929	0.0000	0.0086
7	200.0000	93.9337	0.0000	0.0095
8	200.0000	92.5516	0.0000	0.0103
9	200.0000	89.9748	0.0000	0.0115
10	200.0000	84.2323	0.0000	0.0124
11	200.0000	85.6513	0.0000	0.0135
12	200.0000	85.1703	0.0000	0.0146
13	200.0000	98.9065	0.0000	0.0155
14	200.0000	92.6486	0.0000	0.0166
15	200.0000	81.4826	0.0000	0.0176
16	200.0000	92.3953	0.0000	0.0186
17	200.0000	93.6662	0.0000	0.0201
18	200.0000	82.4608	0.0000	0.0212
19	200.0000	93.4004	0.0000	0.0226
20	200.0000	88.5567	0.0000	0.0236
21	200.0000	80.3280	0.0000	0.0249
22	200.0000	85.7503	0.0000	0.0262
23	200.0000	91.7702	0.0000	0.0270
24	200.0000	98.8616	0.0000	0.0278
25	200.0000	90.2589	0.0000	0.0290
26	200.0000	91.4903	0.0000	0.0300
27	200.0000	99.1705	0.0000	0.0311
28	200.0000	89.7918	0.0000	0.0321
29	200.0000	85.4032	0.0000	0.0333
30	200.0000	88.3655	0.0000	0.0343
31	200.0000	89.4013	0.0000	0.0360
32	200.0000	80.3161	0.0000	0.0369
33	200.0000	93.2561	0.0000	0.0380
34	200.0000	93.4462	0.0000	0.0394
35	200.0000	88.5283	0.0000	0.0410
36	200.0000	81.1919	0.0000	0.0425
37	200.0000	83.2596	0.0000	0.0438
38	200.0000	90.0349	0.0000	0.0448
39	200.0000	88.2275	0.0000	0.0460
40	200.0000	98.5392	0.0000	0.0471
41	200.0000	87.5595	0.0000	0.0481
42	200.0000	90.4125	0.0000	0.0489
43	200.0000	93.6791	0.0000	0.0499
44	200.0000	98.2875	0.0000	0.0508
45	200.0000	87.2466	0.0000	0.0522
46	200.0000	83.5485	0.0000	0.0530
47	200.0000	101.0017	0.0000	0.0539
48	200.0000	97.2509	0.0000	0.0549
49	200.0000	91.1297	0.0000	0.0565
50	200.0000	84.3297	0.0000	0.0579
51	200.0000	89.9739	0.0000	0.0596
52	200.0000	82.6392	0.0000	0.0610
53	200.0000	90.6684	0.0000	0.0624
54	200.0000	93.3419	0.0000	0.0640
55	200.0000	82.0522	0.0000	0.0651
56	200.0000	90.2228	0.0000	0.0659
57	200.0000	94.4012	0.0000	0.0672
58	200.0000	93.6160	0.0000	0.0688
59	200.0000	90.4620	0.0000	0.0699
60	200.0000	89.9558	0.0000	0.0710
61	200.0000	97.2695	0.0000	0.0726
62	200.0000	84.2092	0.0000	0.0742
63	200.0000	94.2086	0.0000	0.0758
64	200.0000	89.2987	0.0000	0.0768
65	200.0000	95.4914	0.0000	0.0778
66	200.0000	88.8273	0.0000	0.0788
67	200.0000	91.0951	0.0000	0.0799
68	200.0000	93.5438	0.0000	0.0809
69	200.0000	87.7205	0.0000	0.0816
70	200.0000	97.9355	0.0000	0.0826
71	200.0000	96.8588	0.0000	0.0838
72	200.0000	84.6625	0.0000	0.0850
73	200.0000	92.4801	0.0000	0.0860
74	200.0000	94.9973	0.0000	0.0870
75	200.0000	92.2760	0.0000	0.0882
76	200.0000	86.9119	0.0000	0.0890
77	200.0000	99.7232	0.0000	0.0904
78	200.0000	93.6555	0.0000	0.0912
79	200.0000	92.7298	0.0000	0.0924
80	200.0000	99.3567	0.0000	0.0933
81	200.0000	96.1439	0.0000	0.0944
82	200.0000	87.8701	0.0000	0.0959
83	200.0000	98.9468	0.0000	0.0973
84	200.0000	88.8649	0.0000	0.0988
85	200.0000	101.5775	0.0000	0.1004
86	200.0000	84.0497	0.0000	0.1015
87	200.0000	81.9950	0.0000	0.1031
88	200.0000	79.5908	0.0000	0.1043
89	200.0000	96.4352	0.0000	0.1056
90	200.0000	88.9005	0.0000	0.1072
91	200.0000	90.0550	0.0000	0.1080
92	200.0000	84.7750	0.0000	0.1092
93	200.0000	88.8056	0.0000	0.1102
94	200.0000	93.5703	0.0000	0.1113
95	200.0000	88.2033	0.0000	0.1128
96	200.0000	91.3366	0.0000	0.1144
97	200.0000	85.4922	0.0000	0.1158
98	200.0000	92.6601	0.0000	0.1170
99	200.0000	91.6989	0.0000	0.1182
100	200.0000	86.2363	0.0000	0.1195
101	200.0000	92.0547	0.0000	0.1204
102	200.0000	91.6738	0.0000	0.1215
103	200.0000	88.8165	0.0000	0.1231
104	200.0000	87.7911	0.0000	0.1239
105	200.0000	90.6863	0.0000	0.1250
106	200.0000	96.3147	0.0000	0.1261
107	200.0000	98.5894	0.0000	0.1274
108	200.0000	82.9660	0.0000	0.1285
109	200.0000	91.9766	0.0000	0.1296
110	200.0000	92.4000	0.0000	0.1310
111	200.0000	90.7316	0.0000	0.1326
112	200.0000	92.5296	0.0000	0.1341
113	200.0000	83.6176	0.0000	0.1352
114	200.0000	92.3525	0.0000	0.1361
115	200.0000	90.1553	0.0000	0.1373
116	200.0000	91.1698	0.0000	0.1389
117	200.0000	85.9507	0.0000	0.1401
118	200.0000	83.4101	0.0000	0.1411
119	200.0000	90.4578	0.0000	0.1427
120	200.0000	89.5548	0.0000	0.1438
121	200.0000	88.1399	0.0000	0.1450
122	200.0000	82.8603	0.0000	0.1466
123	200.0000	89.6799	0.0000	0.1474
124	200.0000	96.8664	0.0000	0.1486
125	200.0000	85.6364	0.0000	0.1494
126	200.0000	87.1213	0.0000	0.1504
127	200.0000	89.4283	0.0000	0.1515
128	200.0000	81.9246	0.0000	0.1527
129	200.0000	95.4230	0.0000	0.1537
130	200.0000	96.7272	0.0000	0.1552
131	200.0000	86.0377	0.0000	0.1564
132	200.0000	92.4622	0.0000	0.1573
133	200.0000	99.3597	0.0000	0.1581
134	200.0000	85.7106	0.0000	0.1590
135	200.0000	95.5461	0.0000	0.1606
136	200.0000	88.3470	0.0000	0.1615
137	200.0000	91.2315	0.0000	0.1631
138	200.0000	88.0483	0.0000	0.1642
139	200.0000	85.9636	0.0000	0.1658
140	200.0000	85.0405	0.0000	0.1668
141	200.0000	95.2198	0.0000	0.1682
142	200.0000	93.4289	0.0000	0.1693
143	200.0000	84.1991	0.0000	0.1703
144	200.0000	89.3400	0.0000	0.1714
145	200.0000	99.5900	0.0000	0.1723
146	200.0000	91.9619	0.0000	0.1731
147	200.0000	95.9834	0.0000	0.1747
148	200.0000	88.5125	0.0000	0.1755
149	200.0000	98.9093	0.0000	0.1769
150	200.0000	91.6192	0.0000	0.1781
151	200.0000	86.5094	0.0000	0.1794
152	200.0000	88.2939	0.0000	0.1803
153	200.0000	89.1065	0.0000	0.1813
154	200.0000	101.3417	0.0000	0.1827
155	200.0000	95.6129	0.0000	0.1843
156	200.0000	84.9456	0.0000	0.1851
157	200.0000	91.7535	0.0000	0.1865
158	200.0000	89.9159	0.0000	0.1876
159	200.0000	96.0284	0.0000	0.1892
160	200.0000	85.7358	0.0000	0.1901
161	200.0000	85.1729	0.0000	0.1911
162	200.0000	87.3531	0.0000	0.1927
163	200.0000	78.2372	0.0000	0.1940
164	200.0000	87.3268	0.0000	0.1952
165	200.0000	85.3280	0.0000	0.1967
166	200.0000	91.5471	0.0000	0.1975
167	200.0000	90.4584	0.0000	0.1991
168	200.0000	84.3883	0.0000	0.2004
169	200.0000	91.5751	0.0000	0.2013
170	200.0000	95.5544	0.0000	0.2029
171	200.0000	91.7498	0.0000	0.2040
172	200.0000	92.0421	0.0000	0.2056
173	200.0000	79.4942	0.0000	0.2072
174	200.0000	81.0903	0.0000	0.2082
175	200.0000	90.6161	0.0000	0.2094
176	200.0000	87.2354	0.0000	0.2104
177	200.0000	92.5550	0.0000	0.2112
178	200.0000	94.8332	0.0000	0.2123
179	200.0000	90.4786	0.0000	0.2132
180	200.0000	93.0981	0.0000	0.2141
181	200.0000	89.3506	0.0000	0.2153
182	200.0000	87.8870	0.0000	0.2162
183	200.0000	101.4485	0.0000	0.2172
184	200.0000	94.1759	0.0000	0.2186
185	200.0000	89.5422	0.0000	0.2202
186	200.0000	88.0455	0.0000	0.2218
187	200.0000	94.7795	0.0000	0.2228
188	200.0000	91.3031	0.0000	0.2239
189	200.0000	91.3877	0.0000	0.2249
190	200.0000	90.9317	0.0000	0.2257
191	200.0000	86.2777	0.0000	0.2269
192	200.0000	93.0718	0.0000	0.2281
193	200.0000	90.7245	0.0000	0.2297
194	200.0000	94.4322	0.0000	0.2310
195	200.0000	84.2080	0.0000	0.2326
196	200.0000	93.6071	0.0000	0.2342
197	200.0000	86.2598	0.0000	0.2351
198	200.0000	90.6153	0.0000	0.2361
199	200.0000	85.7159	0.0000	0.2371
200	200.0000	84.0133	0.0000	0.2384
201	200.0000	95.0897	0.0000	0.2397
202	200.0000	98.1313	0.0000	0.2405
203	200.0000	85.3384	0.0000	0.2421
204	200.0000	82.5877	0.0000	0.2431
205	200.0000	93.6670	0.0000	0.2441
206	200.0000	94.6798	0.0000	0.2450
207	200.0000	86.6500	0.0000	0.2466
208	200.0000	83.8526	0.0000	0.2478
209	200.0000	84.7033	0.0000	0.2488
210	200.0000	100.0255	0.0000	0.2499
211	200.0000	104.0654	0.0000	0.2512
212	200.0000	94.4390	0.0000	0.2524
213	200.0000	94.1331	0.0000	0.2535
214	200.0000	92.3149	0.0000	0.2545
215	200.0000	93.4276	0.0000	0.2555
216	200.0000	99.1084	0.0000	0.2571
217	200.0000	93.6439	0.0000	0.2579
218	200.0000	89.2801	0.0000	0.2592
219	200.0000	88.3909	0.0000	0.2599
220	200.0000	104.8808	0.0000	0.2609
221	200.0000	100.2119	0.0000	0.2624
222	200.0000	83.7347	0.0000	0.2640
223	200.0000	88.8300	0.0000	0.2650
224	200.0000	92.1604	0.0000	0.2662
225	200.0000	84.5194	0.0000	0.2674
226	200.0000	90.5567	0.0000	0.2685
227	200.0000	99.4978	0.0000	0.2701
228	200.0000	86.8018	0.0000	0.2711
229	200.0000	90.1281	0.0000	0.2720
230	200.0000	88.4546	0.0000	0.2735
231	200.0000	98.0997	0.0000	0.2747
232	200.0000	98.7145	0.0000	0.2756
233	200.0000	87.2162	0.0000	0.2765
234	200.0000	101.9029	0.0000	0.2773
235	200.0000	96.8945	0.0000	0.2782
236	200.0000	92.0908	0.0000	0.2791
237	200.0000	96.2378	0.0000	0.2803
238	200.0000	95.2053	0.0000	0.2811
239	200.0000	96.0875	0.0000	0.2822
240	200.0000	87.3721	0.0000	0.2837
241	200.0000	86.7125	0.0000	0.2850
242	200.0000	94.2190	0.0000	0.2863
243	200.0000	89.6087	0.0000	0.2872
244	200.0000	93.5781	0.0000	0.2882
245	200.0000	83.3395	0.0000	0.2890
246	200.0000	91.2576	0.0000	0.2898
247	200.0000	89.4970	0.0000	0.2914
248	200.0000	87.0871	0.0000	0.2924
249	200.0000	95.6704	0.0000	0.2932
250	200.0000	98.0182	0.0000	0.2942
251	200.0000	95.2412	0.0000	0.2955
252	200.0000	89.5219	0.0000	0.2971
253	200.0000	89.6928	0.0000	0.2982
254	200.0000	83.6630	0.0000	0.2994
255	200.0000	88.6366	0.0000	0.3010
256	200.0000	89.5122	0.0000	0.3019
257	200.0000	89.9405	0.0000	0.3029
258	200.0000	88.9986	0.0000	0.3041
259	200.0000	88.7084	0.0000	0.3052
260	200.0000	82.2598	0.0000	0.3068
261	200.0000	79.6674	0.0000	0.3084
262	200.0000	76.0179	0.0000	0.3093
263	200.0000	92.2611	0.0000	0.3105
264	200.0000	89.8733	0.0000	0.3114
265	200.0000	99.2189	0.0000	0.3126
266	200.0000	94.8936	0.0000	0.3135
267	200.0000	96.0329	0.0000	0.3143
268	200.0000	93.6442	0.0000	0.3159
269	200.0000	79.2322	0.0000	0.3175
270	200.0000	85.3552	0.0000	0.3191
271	200.0000	84.1812	0.0000	0.3201
272	200.0000	88.0559	0.0000	0.3212
273	200.0000	86.9867	0.0000	0.3226
274	200.0000	93.1437	0.0000	0.3236
275	200.0000	92.7256	0.0000	0.3244
276	200.0000	104.0614	0.0000	0.3254
277	200.0000	82.3108	0.0000	0.3268
278	200.0000	91.0798	0.0000	0.3276
279	200.0000	94.0544	0.0000	0.3285
280	200.0000	89.0085	0.0000	0.3295
281	200.0000	91.4979	0.0000	0.3309
282	200.0000	87.3472	0.0000	0.3319
283	200.0000	97.5430	0.0000	0.3329
284	200.0000	92.0494	0.0000	0.3338
285	200.0000	94.6599	0.0000	0.3349
286	200.0000	90.5824	0.0000	0.3363
287	200.0000	91.3762	0.0000	0.3378
288	200.0000	92.9454	0.0000	0.3392
289	200.0000	89.9119	0.0000	0.3407
290	200.0000	84.8413	0.0000	0.3423
291	200.0000	81.2988	0.0000	0.3433
292	200.0000	95.4646	0.0000	0.3443
293	200.0000	94.5412	0.0000	0.3453
294	200.0000	92.3591	0.0000	0.3464
295	200.0000	92.6724	0.0000	0.3473
296	200.0000	95.0750	0.0000	0.3480
297	200.0000	95.7863	0.0000	0.3489
298	200.0000	85.5314	0.0000	0.3505
299	200.0000	83.2983	0.0000	0.3515
300	200.0000	93.7432	0.0000	0.3524
301	200.0000	93.8123	0.0000	0.3538
302	200.0000	90.6349	0.0000	0.3548
303	200.0000	87.4735	0.0000	0.3557
304	200.0000	89.3449	0.0000	0.3568
305	200.0000	97.2632	0.0000	0.3577
306	200.0000	88.0987	0.0000	0.3585
307	200.0000	86.6615	0.0000	0.3601
308	200.0000	93.7106	0.0000	0.3610
309	200.0000	86.8486	0.0000	0.3619
310	200.0000	88.3504	0.0000	0.3635
311	200.0000	94.2160	0.0000	0.3649
312	200.0000	86.9179	0.0000	0.3658
313	200.0000	95.2976	0.0000	0.3667
314	200.0000	92.4564	0.0000	0.3682
315	200.0000	92.0419	0.0000	0.3698
316	200.0000	86.3448	0.0000	0.3708
317	200.0000	91.9023	0.0000	0.3722
318	200.0000	82.9792	0.0000	0.3734
319	200.0000	84.3829	0.0000	0.3748
320	200.0000	89.1539	0.0000	0.3758
321	200.0000	104.8188	0.0000	0.3767
322	200.0000	95.9762	0.0000	0.3778
323	200.0000	101.5675	0.0000	0.3787
324	200.0000	93.7692	0.0000	0.3804
325	200.0000	76.6658	0.0000	0.3816
326	200.0000	82.1462	0.0000	0.3825
327	200.0000	100.9151	0.0000	0.3836
328	200.0000	87.8076	0.0000	0.3846
329	200.0000	85.9048	0.0000	0.3855
330	200.0000	88.0701	0.0000	0.3868
331	200.0000	90.2747	0.0000	0.3880
332	200.0000	88.7866	0.0000	0.3890
Pos: [30.0]

Run: 1
Iter	Gbest	AvrFit	Diver	ETime	
0	197.4605	79.2821	0.0000	0.0017
1	200.0000	83.6615	0.0000	0.0033
2	200.0000	85.7852	0.0000	0.0045
3	200.0000	89.3710	0.0000	0.0055
4	200.0000	94.8082	0.0000	0.0063
5	200.0000	96.0534	0.0000	0.0074
6	200.0000	94.7854	0.0000	0.0089
7	200.0000	97.8924	0.0000	0.0105
8	200.0000	89.3352	0.0000	0.0116
9	200.0000	83.6999	0.0000	0.0129
10	200.0000	92.3347	0.0000	0.0140
11	200.0000	88.4854	0.0000	0.0149
12	200.0000	93.5527	0.0000	0.0160
13	200.0000	89.5589	0.0000	0.0176
14	200.0000	84.6721	0.0000	0.0185
15	200.0000	98.0074	0.0000	0.0194
16	200.0000	85.7446	0.0000	0.0205
17	200.0000	93.3565	0.0000	0.0217
18	200.0000	95.4119	0.0000	0.0226
19	200.0000	97.5066	0.0000	0.0242
20	200.0000	82.4726	0.0000	0.0254
21	200.0000	96.5129	0.0000	0.0263
22	200.0000	101.1668	0.0000	0.0272
23	200.0000	90.5648	0.0000	0.0286
24	200.0000	83.5633	0.0000	0.0302
25	200.0000	86.0378	0.0000	0.0313
26	200.0000	88.1525	0.0000	0.0322
27	200.0000	95.7691	0.0000	0.0338
28	200.0000	81.1176	0.0000	0.0352
29	200.0000	87.9037	0.0000	0.0364
30	200.0000	95.4676	0.0000	0.0372
31	200.0000	92.8753	0.0000	0.0387
32	200.0000	91.8959	0.0000	0.0396
33	200.0000	95.7946	0.0000	0.0412
34	200.0000	85.2425	0.0000	0.0422
35	200.0000	91.4276	0.0000	0.0434
36	200.0000	91.0674	0.0000	0.0449
37	200.0000	87.6907	0.0000	0.0458
38	200.0000	89.1001	0.0000	0.0468
39	200.0000	80.3553	0.0000	0.0480
40	200.0000	93.7798	0.0000	0.0496
41	200.0000	84.4202	0.0000	0.0506
42	200.0000	79.4036	0.0000	0.0522
43	200.0000	88.4708	0.0000	0.0532
44	200.0000	87.7511	0.0000	0.0541
45	200.0000	84.9583	0.0000	0.0557
46	200.0000	89.6793	0.0000	0.0573
47	200.0000	79.7911	0.0000	0.0588
48	200.0000	80.6772	0.0000	0.0597
49	200.0000	90.6614	0.0000	0.0612
50	200.0000	91.1115	0.0000	0.0623
51	200.0000	84.2768	0.0000	0.0631
52	200.0000	91.8456	0.0000	0.0642
53	200.0000	101.2150	0.0000	0.0651
54	200.0000	92.3952	0.0000	0.0665
55	200.0000	95.9551	0.0000	0.0677
56	200.0000	87.9557	0.0000	0.0693
57	200.0000	92.2789	0.0000	0.0701
58	200.0000	93.3736	0.0000	0.0710
59	200.0000	89.9929	0.0000	0.0720
60	200.0000	88.1740	0.0000	0.0730
61	200.0000	90.0738	0.0000	0.0739
62	200.0000	89.0789	0.0000	0.0755
63	200.0000	85.8098	0.0000	0.0765
64	200.0000	92.5153	0.0000	0.0773
65	200.0000	93.3035	0.0000	0.0789
66	200.0000	86.8560	0.0000	0.0799
67	200.0000	86.4603	0.0000	0.0809
68	200.0000	98.2468	0.0000	0.0819
69	200.0000	88.6710	0.0000	0.0830
70	200.0000	86.5785	0.0000	0.0839
71	200.0000	96.4063	0.0000	0.0849
72	200.0000	91.4362	0.0000	0.0861
73	200.0000	86.7161	0.0000	0.0876
74	200.0000	83.2353	0.0000	0.0886
75	200.0000	87.1615	0.0000	0.0902
76	200.0000	84.3766	0.0000	0.0913
77	200.0000	93.5313	0.0000	0.0926
78	200.0000	90.8970	0.0000	0.0934
79	200.0000	95.8724	0.0000	0.0943
80	200.0000	88.4300	0.0000	0.0952
81	200.0000	101.3376	0.0000	0.0961
82	200.0000	91.1027	0.0000	0.0974
83	200.0000	90.2740	0.0000	0.0987
84	200.0000	87.2011	0.0000	0.0998
85	200.0000	89.1424	0.0000	0.1010
86	200.0000	82.4663	0.0000	0.1026
87	200.0000	98.0527	0.0000	0.1042
88	200.0000	87.7331	0.0000	0.1058
89	200.0000	85.2556	0.0000	0.1074
90	200.0000	84.7956	0.0000	0.1084
91	200.0000	92.5912	0.0000	0.1098
92	200.0000	90.3242	0.0000	0.1109
93	200.0000	90.7845	0.0000	0.1130
94	200.0000	83.0632	0.0000	0.1141
95	200.0000	91.1765	0.0000	0.1151
96	200.0000	96.2596	0.0000	0.1164
97	200.0000	97.3593	0.0000	0.1181
98	200.0000	86.2629	0.0000	0.1194
99	200.0000	84.0028	0.0000	0.1212
100	200.0000	83.3631	0.0000	0.1222
101	200.0000	87.8026	0.0000	0.1240
102	200.0000	91.4118	0.0000	0.1251
103	200.0000	89.5648	0.0000	0.1264
104	200.0000	90.5920	0.0000	0.1275
105	200.0000	95.8240	0.0000	0.1289
106	200.0000	88.4902	0.0000	0.1306
107	200.0000	83.6922	0.0000	0.1316
108	200.0000	98.6747	0.0000	0.1332
109	200.0000	80.0358	0.0000	0.1342
110	200.0000	91.4048	0.0000	0.1351
111	200.0000	93.8013	0.0000	0.1358
112	200.0000	95.3919	0.0000	0.1370
113	200.0000	93.8473	0.0000	0.1380
114	200.0000	92.4399	0.0000	0.1389
115	200.0000	99.5092	0.0000	0.1399
116	200.0000	89.2866	0.0000	0.1410
117	200.0000	92.3538	0.0000	0.1425
118	200.0000	92.2377	0.0000	0.1439
119	200.0000	88.7459	0.0000	0.1451
120	200.0000	85.9616	0.0000	0.1462
121	200.0000	93.6696	0.0000	0.1473
122	200.0000	97.1341	0.0000	0.1480
123	200.0000	92.2745	0.0000	0.1492
124	200.0000	86.1307	0.0000	0.1502
125	200.0000	96.5009	0.0000	0.1515
126	200.0000	96.1357	0.0000	0.1530
127	200.0000	93.1421	0.0000	0.1539
128	200.0000	99.5616	0.0000	0.1548
129	200.0000	97.6205	0.0000	0.1558
130	200.0000	90.0353	0.0000	0.1571
131	200.0000	87.2285	0.0000	0.1583
132	200.0000	89.7633	0.0000	0.1599
133	200.0000	85.9899	0.0000	0.1608
134	200.0000	87.7616	0.0000	0.1622
135	200.0000	86.7352	0.0000	0.1631
136	200.0000	97.9473	0.0000	0.1643
137	200.0000	87.6158	0.0000	0.1653
138	200.0000	92.3013	0.0000	0.1669
139	200.0000	86.6152	0.0000	0.1680
140	200.0000	89.8028	0.0000	0.1696
141	200.0000	79.3850	0.0000	0.1714
142	200.0000	86.4926	0.0000	0.1729
143	200.0000	97.9031	0.0000	0.1746
144	200.0000	81.8339	0.0000	0.1754
145	200.0000	92.8285	0.0000	0.1765
146	200.0000	89.6422	0.0000	0.1777
147	200.0000	96.7429	0.0000	0.1787
148	200.0000	93.5783	0.0000	0.1803
149	200.0000	91.6210	0.0000	0.1816
150	200.0000	98.2650	0.0000	0.1828
151	200.0000	96.8554	0.0000	0.1840
152	200.0000	93.3423	0.0000	0.1853
153	200.0000	94.5113	0.0000	0.1867
154	200.0000	89.1465	0.0000	0.1878
155	200.0000	92.8971	0.0000	0.1890
156	200.0000	91.0269	0.0000	0.1900
157	200.0000	85.9802	0.0000	0.1908
158	200.0000	97.0028	0.0000	0.1917
159	200.0000	85.5736	0.0000	0.1929
160	200.0000	93.7207	0.0000	0.1939
161	200.0000	90.9303	0.0000	0.1956
162	200.0000	91.1391	0.0000	0.1967
163	200.0000	90.3324	0.0000	0.1979
164	200.0000	91.1102	0.0000	0.1991
165	200.0000	91.9301	0.0000	0.2004
166	200.0000	83.4197	0.0000	0.2020
167	200.0000	82.5273	0.0000	0.2032
168	200.0000	83.8765	0.0000	0.2043
169	200.0000	94.6681	0.0000	0.2054
170	200.0000	104.5937	0.0000	0.2063
171	200.0000	89.3717	0.0000	0.2075
172	200.0000	82.5044	0.0000	0.2092
173	200.0000	86.1622	0.0000	0.2100
174	200.0000	93.5823	0.0000	0.2112
175	200.0000	85.6580	0.0000	0.2125
176	200.0000	91.1520	0.0000	0.2133
177	200.0000	101.9968	0.0000	0.2149
178	200.0000	90.0589	0.0000	0.2162
179	200.0000	94.4495	0.0000	0.2172
180	200.0000	90.7795	0.0000	0.2184
181	200.0000	96.6046	0.0000	0.2200
182	200.0000	89.0159	0.0000	0.2210
183	200.0000	98.1870	0.0000	0.2225
184	200.0000	91.3593	0.0000	0.2242
185	200.0000	82.8868	0.0000	0.2259
186	200.0000	87.4092	0.0000	0.2271
187	200.0000	94.7943	0.0000	0.2281
188	200.0000	102.0164	0.0000	0.2300
189	200.0000	91.5267	0.0000	0.2314
190	200.0000	94.0107	0.0000	0.2332
191	200.0000	83.9831	0.0000	0.2342
192	200.0000	87.9476	0.0000	0.2358
193	200.0000	91.5983	0.0000	0.2371
194	200.0000	86.7153	0.0000	0.2385
195	200.0000	94.6626	0.0000	0.2397
196	200.0000	84.3526	0.0000	0.2408
197	200.0000	98.6733	0.0000	0.2426
198	200.0000	85.3825	0.0000	0.2437
199	200.0000	98.1671	0.0000	0.2447
200	200.0000	93.8892	0.0000	0.2454
201	200.0000	91.8239	0.0000	0.2465
202	200.0000	93.4762	0.0000	0.2475
203	200.0000	89.1087	0.0000	0.2486
204	200.0000	103.1218	0.0000	0.2495
205	200.0000	90.8904	0.0000	0.2507
206	200.0000	92.7310	0.0000	0.2517
207	200.0000	90.9264	0.0000	0.2527
208	200.0000	98.5020	0.0000	0.2541
209	200.0000	92.8063	0.0000	0.2554
210	200.0000	85.6681	0.0000	0.2570
211	200.0000	85.4035	0.0000	0.2585
212	200.0000	88.7924	0.0000	0.2594
213	200.0000	92.9652	0.0000	0.2605
214	200.0000	90.4506	0.0000	0.2614
215	200.0000	88.8082	0.0000	0.2626
216	200.0000	90.4604	0.0000	0.2635
217	200.0000	100.6644	0.0000	0.2656
218	200.0000	73.4240	0.0000	0.2665
219	200.0000	92.3390	0.0000	0.2675
220	200.0000	92.4448	0.0000	0.2686
221	200.0000	92.8580	0.0000	0.2702
222	200.0000	86.8618	0.0000	0.2717
223	200.0000	89.1103	0.0000	0.2735
224	200.0000	88.2826	0.0000	0.2746
225	200.0000	87.3996	0.0000	0.2765
226	200.0000	85.0178	0.0000	0.2775
227	200.0000	86.4154	0.0000	0.2785
228	200.0000	90.3264	0.0000	0.2795
229	200.0000	89.3415	0.0000	0.2806
230	200.0000	83.9011	0.0000	0.2816
231	200.0000	96.7140	0.0000	0.2825
232	200.0000	90.4134	0.0000	0.2838
233	200.0000	87.2826	0.0000	0.2854
234	200.0000	83.7403	0.0000	0.2871
235	200.0000	86.8000	0.0000	0.2882
236	200.0000	84.2452	0.0000	0.2898
237	200.0000	81.3627	0.0000	0.2909
238	200.0000	86.8562	0.0000	0.2924
239	200.0000	84.7347	0.0000	0.2932
240	200.0000	89.3996	0.0000	0.2942
241	200.0000	92.1691	0.0000	0.2958
242	200.0000	84.1322	0.0000	0.2974
243	200.0000	83.2333	0.0000	0.2985
244	200.0000	82.7238	0.0000	0.2995
245	200.0000	89.7845	0.0000	0.3006
246	200.0000	85.2258	0.0000	0.3016
247	200.0000	88.6049	0.0000	0.3025
248	200.0000	91.0900	0.0000	0.3036
249	200.0000	89.8358	0.0000	0.3047
250	200.0000	93.9756	0.0000	0.3063
251	200.0000	89.4527	0.0000	0.3078
252	200.0000	78.7675	0.0000	0.3097
253	200.0000	82.6261	0.0000	0.3111
254	200.0000	85.0838	0.0000	0.3124
255	200.0000	94.5198	0.0000	0.3135
256	200.0000	88.5040	0.0000	0.3145
257	200.0000	87.8432	0.0000	0.3155
258	200.0000	100.4777	0.0000	0.3164
259	200.0000	92.0779	0.0000	0.3175
260	200.0000	91.6901	0.0000	0.3191
261	200.0000	82.1687	0.0000	0.3202
262	200.0000	96.8139	0.0000	0.3211
263	200.0000	92.4961	0.0000	0.3230
264	200.0000	85.2355	0.0000	0.3239
265	200.0000	94.6046	0.0000	0.3250
266	200.0000	93.3894	0.0000	0.3265
267	200.0000	93.3216	0.0000	0.3276
268	200.0000	96.3983	0.0000	0.3291
269	200.0000	86.3915	0.0000	0.3305
270	200.0000	81.3503	0.0000	0.3315
271	200.0000	93.3150	0.0000	0.3326
272	200.0000	99.3156	0.0000	0.3339
273	200.0000	85.2743	0.0000	0.3352
274	200.0000	92.4117	0.0000	0.3366
275	200.0000	86.9790	0.0000	0.3376
276	200.0000	96.4263	0.0000	0.3387
277	200.0000	89.7884	0.0000	0.3396
278	200.0000	96.2017	0.0000	0.3406
279	200.0000	95.3352	0.0000	0.3422
280	200.0000	95.7086	0.0000	0.3433
281	200.0000	91.6677	0.0000	0.3442
282	200.0000	89.7163	0.0000	0.3457
283	200.0000	89.0638	0.0000	0.3467
284	200.0000	88.2980	0.0000	0.3476
285	200.0000	103.8970	0.0000	0.3488
286	200.0000	95.3826	0.0000	0.3499
287	200.0000	91.4023	0.0000	0.3518
288	200.0000	89.8716	0.0000	0.3530
289	200.0000	83.6310	0.0000	0.3539
290	200.0000	88.2558	0.0000	0.3556
291	200.0000	84.9931	0.0000	0.3572
292	200.0000	85.9345	0.0000	0.3590
293	200.0000	84.8906	0.0000	0.3610
294	200.0000	76.6057	0.0000	0.3621
295	200.0000	99.1746	0.0000	0.3636
296	200.0000	97.8866	0.0000	0.3647
297	200.0000	87.5651	0.0000	0.3658
298	200.0000	99.0311	0.0000	0.3671
299	200.0000	93.1133	0.0000	0.3681
300	200.0000	87.7677	0.0000	0.3697
301	200.0000	79.0355	0.0000	0.3713
302	200.0000	84.8979	0.0000	0.3723
303	200.0000	89.4650	0.0000	0.3734
304	200.0000	97.9726	0.0000	0.3754
305	200.0000	88.6848	0.0000	0.3764
306	200.0000	94.1505	0.0000	0.3781
307	200.0000	85.3875	0.0000	0.3791
308	200.0000	88.5241	0.0000	0.3799
309	200.0000	94.0641	0.0000	0.3809
310	200.0000	83.7152	0.0000	0.3823
311	200.0000	94.4375	0.0000	0.3835
312	200.0000	86.6121	0.0000	0.3845
313	200.0000	88.6341	0.0000	0.3858
314	200.0000	89.9529	0.0000	0.3872
315	200.0000	87.7694	0.0000	0.3881
316	200.0000	96.0511	0.0000	0.3890
317	200.0000	94.1041	0.0000	0.3912
318	200.0000	87.3700	0.0000	0.3924
319	200.0000	93.4619	0.0000	0.3936
320	200.0000	90.0502	0.0000	0.3947
321	200.0000	96.2028	0.0000	0.3958
322	200.0000	88.7571	0.0000	0.3966
323	200.0000	96.5323	0.0000	0.3985
324	200.0000	96.6515	0.0000	0.4003
325	200.0000	86.4270	0.0000	0.4015
326	200.0000	98.3886	0.0000	0.4034
327	200.0000	84.9788	0.0000	0.4048
328	200.0000	82.3071	0.0000	0.4065
329	200.0000	87.9887	0.0000	0.4077
330	200.0000	88.6682	0.0000	0.4092
331	200.0000	92.1613	0.0000	0.4101
332	200.0000	98.0609	0.0000	0.4113
Pos: [0.0]

Run: 2
Iter	Gbest	AvrFit	Diver	ETime	
0	199.9100	79.5934	0.0000	0.0021
1	200.0000	88.2395	0.0000	0.0040
2	200.0000	91.4485	0.0000	0.0060
3	200.0000	88.6903	0.0000	0.0069
4	200.0000	88.3081	0.0000	0.0082
5	200.0000	85.4904	0.0000	0.0101
6	200.0000	85.9318	0.0000	0.0119
7	200.0000	85.6565	0.0000	0.0130
8	200.0000	88.4819	0.0000	0.0145
9	200.0000	88.8373	0.0000	0.0155
10	200.0000	87.8192	0.0000	0.0168
11	200.0000	95.5453	0.0000	0.0177
12	200.0000	99.5869	0.0000	0.0188
13	200.0000	88.2355	0.0000	0.0197
14	200.0000	100.3809	0.0000	0.0206
15	200.0000	98.6015	0.0000	0.0222
16	200.0000	81.0614	0.0000	0.0234
17	200.0000	90.3300	0.0000	0.0249
18	200.0000	84.3140	0.0000	0.0265
19	200.0000	94.6063	0.0000	0.0279
20	200.0000	82.1408	0.0000	0.0289
21	200.0000	91.3398	0.0000	0.0306
22	200.0000	91.3714	0.0000	0.0321
23	200.0000	96.6434	0.0000	0.0333
24	200.0000	91.7516	0.0000	0.0343
25	200.0000	95.9026	0.0000	0.0357
26	200.0000	97.9725	0.0000	0.0372
27	200.0000	97.1362	0.0000	0.0383
28	200.0000	92.2683	0.0000	0.0396
29	200.0000	84.5853	0.0000	0.0410
30	200.0000	89.5589	0.0000	0.0420
31	200.0000	94.0767	0.0000	0.0439
32	200.0000	81.6203	0.0000	0.0452
33	200.0000	90.5317	0.0000	0.0463
34	200.0000	100.3932	0.0000	0.0474
35	200.0000	92.0486	0.0000	0.0492
36	200.0000	71.3388	0.0000	0.0505
37	200.0000	100.6502	0.0000	0.0516
38	200.0000	92.4404	0.0000	0.0526
39	200.0000	102.5471	0.0000	0.0537
40	200.0000	89.2708	0.0000	0.0555
41	200.0000	84.5379	0.0000	0.0564
42	200.0000	95.1746	0.0000	0.0581
43	200.0000	76.1463	0.0000	0.0595
44	200.0000	86.5765	0.0000	0.0606
45	200.0000	98.0305	0.0000	0.0618
46	200.0000	94.1946	0.0000	0.0634
47	200.0000	79.6149	0.0000	0.0647
48	200.0000	93.6993	0.0000	0.0665
49	200.0000	96.4004	0.0000	0.0673
50	200.0000	94.9924	0.0000	0.0682
51	200.0000	92.6173	0.0000	0.0692
52	200.0000	92.6216	0.0000	0.0710
53	200.0000	100.1007	0.0000	0.0722
54	200.0000	89.0260	0.0000	0.0736
55	200.0000	96.4645	0.0000	0.0749
56	200.0000	87.4488	0.0000	0.0762
57	200.0000	85.6073	0.0000	0.0782
58	200.0000	85.0017	0.0000	0.0799
59	200.0000	89.9948	0.0000	0.0814
60	200.0000	87.8303	0.0000	0.0828
61	200.0000	94.7983	0.0000	0.0839
62	200.0000	91.9824	0.0000	0.0856
63	200.0000	85.0359	0.0000	0.0875
64	200.0000	81.3199	0.0000	0.0886
65	200.0000	93.2110	0.0000	0.0895
66	200.0000	94.7158	0.0000	0.0907
67	200.0000	95.9930	0.0000	0.0919
68	200.0000	90.9869	0.0000	0.0931
69	200.0000	96.2727	0.0000	0.0949
70	200.0000	83.0030	0.0000	0.0962
71	200.0000	87.2047	0.0000	0.0975
72	200.0000	92.0472	0.0000	0.0991
73	200.0000	93.8541	0.0000	0.1004
74	200.0000	92.7051	0.0000	0.1022
75	200.0000	86.7906	0.0000	0.1034
76	200.0000	92.9740	0.0000	0.1046
77	200.0000	89.6273	0.0000	0.1061
78	200.0000	92.4431	0.0000	0.1075
79	200.0000	93.4887	0.0000	0.1098
80	200.0000	87.3388	0.0000	0.1115
81	200.0000	94.1689	0.0000	0.1126
82	200.0000	92.8576	0.0000	0.1139
83	200.0000	87.4498	0.0000	0.1155
84	200.0000	102.6711	0.0000	0.1164
85	200.0000	92.6833	0.0000	0.1174
86	200.0000	91.6645	0.0000	0.1184
87	200.0000	95.4590	0.0000	0.1195
88	200.0000	88.5058	0.0000	0.1214
89	200.0000	93.3217	0.0000	0.1226
90	200.0000	96.3264	0.0000	0.1236
91	200.0000	88.9817	0.0000	0.1248
92	200.0000	94.8733	0.0000	0.1262
93	200.0000	82.2850	0.0000	0.1274
94	200.0000	86.8332	0.0000	0.1284
95	200.0000	91.7782	0.0000	0.1292
96	200.0000	91.5746	0.0000	0.1309
97	200.0000	90.5875	0.0000	0.1322
98	200.0000	100.6587	0.0000	0.1331
99	200.0000	97.8086	0.0000	0.1344
100	200.0000	97.2388	0.0000	0.1363
101	200.0000	85.0617	0.0000	0.1377
102	200.0000	86.5538	0.0000	0.1393
103	200.0000	93.9121	0.0000	0.1405
104	200.0000	89.0394	0.0000	0.1415
105	200.0000	95.8636	0.0000	0.1430
106	200.0000	90.1121	0.0000	0.1443
107	200.0000	97.7876	0.0000	0.1464
108	200.0000	86.8451	0.0000	0.1475
109	200.0000	87.0259	0.0000	0.1488
110	200.0000	98.4581	0.0000	0.1500
111	200.0000	91.5914	0.0000	0.1516
112	200.0000	92.3591	0.0000	0.1526
113	200.0000	95.4006	0.0000	0.1542
114	200.0000	87.1183	0.0000	0.1558
115	200.0000	86.6876	0.0000	0.1568
116	200.0000	92.8423	0.0000	0.1581
117	200.0000	92.6234	0.0000	0.1596
118	200.0000	91.3801	0.0000	0.1605
119	200.0000	98.4474	0.0000	0.1618
120	200.0000	90.1929	0.0000	0.1633
121	200.0000	88.6811	0.0000	0.1642
122	200.0000	89.7857	0.0000	0.1657
123	200.0000	90.7696	0.0000	0.1674
124	200.0000	85.3523	0.0000	0.1689
125	200.0000	87.1309	0.0000	0.1701
126	200.0000	96.3117	0.0000	0.1713
127	200.0000	98.8992	0.0000	0.1726
128	200.0000	93.8013	0.0000	0.1736
129	200.0000	96.9280	0.0000	0.1747
130	200.0000	93.4777	0.0000	0.1764
131	200.0000	79.6993	0.0000	0.1776
132	200.0000	89.8550	0.0000	0.1788
133	200.0000	90.0493	0.0000	0.1810
134	200.0000	85.8612	0.0000	0.1828
135	200.0000	92.1159	0.0000	0.1842
136	200.0000	86.4826	0.0000	0.1856
137	200.0000	89.8218	0.0000	0.1870
138	200.0000	85.4156	0.0000	0.1892
139	200.0000	81.5745	0.0000	0.1902
140	200.0000	89.1003	0.0000	0.1915
141	200.0000	93.0368	0.0000	0.1926
142	200.0000	97.0067	0.0000	0.1941
143	200.0000	91.2466	0.0000	0.1954
144	200.0000	95.1894	0.0000	0.1975
145	200.0000	94.8578	0.0000	0.1990
146	200.0000	87.3148	0.0000	0.2009
147	200.0000	82.2442	0.0000	0.2021
148	200.0000	89.8600	0.0000	0.2037
149	200.0000	90.3379	0.0000	0.2051
150	200.0000	96.1282	0.0000	0.2073
151	200.0000	82.1051	0.0000	0.2092
152	200.0000	84.0725	0.0000	0.2103
153	200.0000	91.6504	0.0000	0.2113
154	200.0000	96.1970	0.0000	0.2127
155	200.0000	87.2326	0.0000	0.2137
156	200.0000	102.3735	0.0000	0.2150
157	200.0000	98.1610	0.0000	0.2164
158	200.0000	95.6923	0.0000	0.2178
159	200.0000	93.7491	0.0000	0.2191
160	200.0000	93.0450	0.0000	0.2203
161	200.0000	91.3722	0.0000	0.2216
162	200.0000	94.1826	0.0000	0.2231
163	200.0000	92.5490	0.0000	0.2241
164	200.0000	95.0051	0.0000	0.2250
165	200.0000	91.1116	0.0000	0.2260
166	200.0000	101.7204	0.0000	0.2271
167	200.0000	94.8201	0.0000	0.2290
168	200.0000	80.1429	0.0000	0.2301
169	200.0000	85.0767	0.0000	0.2320
170	200.0000	89.2523	0.0000	0.2334
171	200.0000	91.5061	0.0000	0.2355
172	200.0000	85.4696	0.0000	0.2372
173	200.0000	92.1624	0.0000	0.2384
174	200.0000	90.8353	0.0000	0.2406
175	200.0000	92.4754	0.0000	0.2416
176	200.0000	91.7948	0.0000	0.2431
177	200.0000	90.4039	0.0000	0.2444
178	200.0000	91.3156	0.0000	0.2464
179	200.0000	85.3413	0.0000	0.2476
180	200.0000	101.5746	0.0000	0.2488
181	200.0000	96.1023	0.0000	0.2499
182	200.0000	94.0475	0.0000	0.2514
183	200.0000	99.7081	0.0000	0.2527
184	200.0000	93.8929	0.0000	0.2544
185	200.0000	92.6077	0.0000	0.2556
186	200.0000	92.7500	0.0000	0.2572
187	200.0000	82.1590	0.0000	0.2594
188	200.0000	87.0684	0.0000	0.2613
189	200.0000	90.2020	0.0000	0.2625
190	200.0000	87.6264	0.0000	0.2637
191	200.0000	89.5032	0.0000	0.2648
192	200.0000	97.4630	0.0000	0.2660
193	200.0000	91.6367	0.0000	0.2680
194	200.0000	82.6911	0.0000	0.2699
195	200.0000	86.1656	0.0000	0.2721
196	200.0000	77.0856	0.0000	0.2738
197	200.0000	95.0254	0.0000	0.2753
198	200.0000	94.2768	0.0000	0.2773
199	200.0000	91.4578	0.0000	0.2792
200	200.0000	93.9018	0.0000	0.2806
201	200.0000	91.7524	0.0000	0.2823
202	200.0000	82.1242	0.0000	0.2842
203	200.0000	76.0718	0.0000	0.2862
204	200.0000	91.7236	0.0000	0.2882
205	200.0000	77.8637	0.0000	0.2897
206	200.0000	95.4153	0.0000	0.2928
207	200.0000	88.1537	0.0000	0.2950
208	200.0000	83.9033	0.0000	0.2975
209	200.0000	88.4989	0.0000	0.2993
210	200.0000	91.2088	0.0000	0.3020
211	200.0000	87.7652	0.0000	0.3046
212	200.0000	81.7967	0.0000	0.3070
213	200.0000	94.2948	0.0000	0.3093
214	200.0000	96.6441	0.0000	0.3115
215	200.0000	83.3481	0.0000	0.3139
216	200.0000	92.1458	0.0000	0.3162
217	200.0000	87.1850	0.0000	0.3181
218	200.0000	97.0675	0.0000	0.3196
219	200.0000	90.2599	0.0000	0.3206
220	200.0000	99.2825	0.0000	0.3223
221	200.0000	87.0911	0.0000	0.3245
222	200.0000	98.1272	0.0000	0.3257
223	200.0000	92.1047	0.0000	0.3280
224	200.0000	89.8850	0.0000	0.3301
225	200.0000	88.3999	0.0000	0.3329
226	200.0000	86.0320	0.0000	0.3354
227	200.0000	87.1536	0.0000	0.3376
228	200.0000	87.0828	0.0000	0.3399
229	200.0000	95.3303	0.0000	0.3435
230	200.0000	91.0974	0.0000	0.3460
231	200.0000	91.5550	0.0000	0.3483
232	200.0000	91.2009	0.0000	0.3502
233	200.0000	93.2155	0.0000	0.3519
234	200.0000	94.4533	0.0000	0.3554
235	200.0000	72.5600	0.0000	0.3579
236	200.0000	76.5916	0.0000	0.3601
237	200.0000	98.1599	0.0000	0.3625
238	200.0000	89.5331	0.0000	0.3660
239	200.0000	78.7657	0.0000	0.3680
240	200.0000	87.9598	0.0000	0.3699
241	200.0000	96.7568	0.0000	0.3718
242	200.0000	100.1692	0.0000	0.3748
243	200.0000	94.3289	0.0000	0.3783
244	200.0000	89.5483	0.0000	0.3804
245	200.0000	96.5163	0.0000	0.3829
246	200.0000	90.1352	0.0000	0.3856
247	200.0000	88.6317	0.0000	0.3875
248	200.0000	93.3561	0.0000	0.3898
249	200.0000	91.6181	0.0000	0.3920
250	200.0000	97.7032	0.0000	0.3944
251	200.0000	92.9521	0.0000	0.3968
252	200.0000	88.9700	0.0000	0.3990
253	200.0000	87.1392	0.0000	0.4024
254	200.0000	82.3498	0.0000	0.4040
255	200.0000	90.0153	0.0000	0.4067
256	200.0000	95.7875	0.0000	0.4101
257	200.0000	80.5320	0.0000	0.4135
258	200.0000	84.4931	0.0000	0.4164
259	200.0000	84.9253	0.0000	0.4187
260	200.0000	98.2733	0.0000	0.4221
261	200.0000	84.9514	0.0000	0.4256
262	200.0000	86.0799	0.0000	0.4282
263	200.0000	94.5643	0.0000	0.4301
264	200.0000	90.0092	0.0000	0.4323
265	200.0000	93.3212	0.0000	0.4350
266	200.0000	97.6651	0.0000	0.4380
267	200.0000	90.5437	0.0000	0.4411
268	200.0000	89.0176	0.0000	0.4438
269	200.0000	88.7691	0.0000	0.4468
270	200.0000	94.4270	0.0000	0.4488
271	200.0000	85.6393	0.0000	0.4507
272	200.0000	90.3170	0.0000	0.4540
273	200.0000	92.4858	0.0000	0.4563
274	200.0000	92.0886	0.0000	0.4582
275	200.0000	98.5689	0.0000	0.4599
276	200.0000	88.3646	0.0000	0.4619
277	200.0000	91.9045	0.0000	0.4655
278	200.0000	92.6119	0.0000	0.4676
279	200.0000	94.8703	0.0000	0.4696
280	200.0000	80.7894	0.0000	0.4732
281	200.0000	91.7185	0.0000	0.4755
282	200.0000	94.3179	0.0000	0.4775
283	200.0000	91.4144	0.0000	0.4798
284	200.0000	90.6385	0.0000	0.4829
285	200.0000	93.8731	0.0000	0.4865
286	200.0000	92.6935	0.0000	0.4886
287	200.0000	97.5761	0.0000	0.4917
288	200.0000	91.3465	0.0000	0.4944
289	200.0000	91.7823	0.0000	0.4972
290	200.0000	90.7580	0.0000	0.4993
291	200.0000	97.1080	0.0000	0.5012
292	200.0000	94.5004	0.0000	0.5047
293	200.0000	82.1265	0.0000	0.5073
294	200.0000	87.1912	0.0000	0.5095
295	200.0000	91.9350	0.0000	0.5118
296	200.0000	102.2936	0.0000	0.5138
297	200.0000	93.6194	0.0000	0.5160
298	200.0000	90.0814	0.0000	0.5190
299	200.0000	86.9397	0.0000	0.5212
300	200.0000	87.2468	0.0000	0.5237
301	200.0000	87.6426	0.0000	0.5272
302	200.0000	89.3565	0.0000	0.5293
303	200.0000	86.1034	0.0000	0.5314
304	200.0000	93.6765	0.0000	0.5335
305	200.0000	97.2950	0.0000	0.5350
306	200.0000	93.3975	0.0000	0.5375
307	200.0000	89.2498	0.0000	0.5407
308	200.0000	84.8939	0.0000	0.5428
309	200.0000	94.5878	0.0000	0.5461
310	200.0000	95.6419	0.0000	0.5478
311	200.0000	91.0846	0.0000	0.5502
312	200.0000	83.0453	0.0000	0.5512
313	200.0000	96.6406	0.0000	0.5523
314	200.0000	96.1668	0.0000	0.5537
315	200.0000	97.5559	0.0000	0.5560
316	200.0000	93.2283	0.0000	0.5578
317	200.0000	95.7659	0.0000	0.5587
318	200.0000	89.2380	0.0000	0.5597
319	200.0000	86.1338	0.0000	0.5608
320	200.0000	96.1001	0.0000	0.5623
321	200.0000	95.1760	0.0000	0.5640
322	200.0000	89.7126	0.0000	0.5652
323	200.0000	83.4705	0.0000	0.5671
324	200.0000	84.7309	0.0000	0.5683
325	200.0000	90.5220	0.0000	0.5698
326	200.0000	91.2771	0.0000	0.5714
327	200.0000	93.7435	0.0000	0.5730
328	200.0000	90.2214	0.0000	0.5746
329	200.0000	88.8016	0.0000	0.5756
330	200.0000	95.6633	0.0000	0.5766
331	200.0000	94.3378	0.0000	0.5781
332	200.0000	82.5060	0.0000	0.5793
Pos: [0.0]

Run: 3
Iter	Gbest	AvrFit	Diver	ETime	
0	195.0281	78.0404	0.0000	0.0021
1	200.0000	93.2337	0.0000	0.0033
2	200.0000	88.7253	0.0000	0.0048
3	200.0000	90.3636	0.0000	0.0061
4	200.0000	85.8452	0.0000	0.0073
5	200.0000	98.5966	0.0000	0.0083
6	200.0000	94.8922	0.0000	0.0094
7	200.0000	98.9033	0.0000	0.0113
8	200.0000	83.7314	0.0000	0.0132
9	200.0000	84.9937	0.0000	0.0144
10	200.0000	88.4307	0.0000	0.0155
11	200.0000	91.9120	0.0000	0.0166
12	200.0000	81.8843	0.0000	0.0184
13	200.0000	84.1962	0.0000	0.0196
14	200.0000	88.5076	0.0000	0.0210
15	200.0000	84.8374	0.0000	0.0224
16	200.0000	92.0805	0.0000	0.0237
17	200.0000	89.6429	0.0000	0.0253
18	200.0000	92.2922	0.0000	0.0265
19	200.0000	82.2301	0.0000	0.0279
20	200.0000	99.0490	0.0000	0.0288
21	200.0000	97.6843	0.0000	0.0298
22	200.0000	97.4806	0.0000	0.0315
23	200.0000	86.4967	0.0000	0.0329
24	200.0000	95.7754	0.0000	0.0339
25	200.0000	88.7377	0.0000	0.0354
26	200.0000	87.4187	0.0000	0.0364
27	200.0000	86.1760	0.0000	0.0379
28	200.0000	94.2226	0.0000	0.0392
29	200.0000	83.0274	0.0000	0.0414
30	200.0000	83.4846	0.0000	0.0422
31	200.0000	95.5847	0.0000	0.0434
32	200.0000	93.1661	0.0000	0.0446
33	200.0000	96.2154	0.0000	0.0464
34	200.0000	84.3954	0.0000	0.0478
35	200.0000	85.1261	0.0000	0.0492
36	200.0000	90.7490	0.0000	0.0506
37	200.0000	95.7106	0.0000	0.0515
38	200.0000	88.6183	0.0000	0.0528
39	200.0000	82.3482	0.0000	0.0537
40	200.0000	87.2149	0.0000	0.0546
41	200.0000	89.6068	0.0000	0.0564
42	200.0000	83.4144	0.0000	0.0576
43	200.0000	98.1119	0.0000	0.0585
44	200.0000	94.6923	0.0000	0.0606
45	200.0000	84.7230	0.0000	0.0622
46	200.0000	88.9561	0.0000	0.0639
47	200.0000	87.7081	0.0000	0.0652
48	200.0000	87.7973	0.0000	0.0664
49	200.0000	79.9999	0.0000	0.0680
50	200.0000	94.0249	0.0000	0.0701
51	200.0000	83.2559	0.0000	0.0721
52	200.0000	85.8109	0.0000	0.0732
53	200.0000	97.4414	0.0000	0.0742
54	200.0000	90.5162	0.0000	0.0754
55	200.0000	82.2868	0.0000	0.0776
56	200.0000	88.0512	0.0000	0.0786
57	200.0000	86.8794	0.0000	0.0798
58	200.0000	91.1534	0.0000	0.0812
59	200.0000	99.2251	0.0000	0.0829
60	200.0000	93.5032	0.0000	0.0838
61	200.0000	96.8413	0.0000	0.0858
62	200.0000	80.5779	0.0000	0.0879
63	200.0000	84.0833	0.0000	0.0900
64	200.0000	76.7547	0.0000	0.0910
65	200.0000	94.6092	0.0000	0.0925
66	200.0000	97.4946	0.0000	0.0937
67	200.0000	95.6296	0.0000	0.0948
68	200.0000	105.0549	0.0000	0.0959
69	200.0000	95.6839	0.0000	0.0969
70	200.0000	96.0082	0.0000	0.0989
71	200.0000	89.0555	0.0000	0.1009
72	200.0000	82.7123	0.0000	0.1022
73	200.0000	93.5864	0.0000	0.1037
74	200.0000	94.4718	0.0000	0.1056
75	200.0000	88.0205	0.0000	0.1068
76	200.0000	84.6138	0.0000	0.1079
77	200.0000	88.0895	0.0000	0.1095
78	200.0000	95.8758	0.0000	0.1106
79	200.0000	90.3729	0.0000	0.1118
80	200.0000	89.2034	0.0000	0.1129
81	200.0000	96.8257	0.0000	0.1144
82	200.0000	97.0055	0.0000	0.1161
83	200.0000	95.8852	0.0000	0.1179
84	200.0000	90.2732	0.0000	0.1192
85	200.0000	89.9297	0.0000	0.1213
86	200.0000	88.4447	0.0000	0.1227
87	200.0000	96.1321	0.0000	0.1236
88	200.0000	86.9872	0.0000	0.1251
89	200.0000	92.7042	0.0000	0.1271
90	200.0000	86.4943	0.0000	0.1281
91	200.0000	87.8330	0.0000	0.1295
92	200.0000	92.1063	0.0000	0.1305
93	200.0000	89.3833	0.0000	0.1317
94	200.0000	98.5767	0.0000	0.1330
95	200.0000	87.2480	0.0000	0.1341
96	200.0000	94.9705	0.0000	0.1354
97	200.0000	91.1342	0.0000	0.1366
98	200.0000	92.7263	0.0000	0.1385
99	200.0000	90.4650	0.0000	0.1404
100	200.0000	81.4924	0.0000	0.1416
101	200.0000	90.6010	0.0000	0.1435
102	200.0000	92.3052	0.0000	0.1446
103	200.0000	96.2546	0.0000	0.1457
104	200.0000	95.7382	0.0000	0.1467
105	200.0000	88.8575	0.0000	0.1478
106	200.0000	92.5271	0.0000	0.1491
107	200.0000	99.5583	0.0000	0.1508
108	200.0000	97.5061	0.0000	0.1525
109	200.0000	83.4709	0.0000	0.1540
110	200.0000	84.9792	0.0000	0.1553
111	200.0000	80.0186	0.0000	0.1572
112	200.0000	86.7845	0.0000	0.1581
113	200.0000	97.4870	0.0000	0.1590
114	200.0000	99.1523	0.0000	0.1603
115	200.0000	98.2163	0.0000	0.1621
116	200.0000	85.1216	0.0000	0.1633
117	200.0000	85.7909	0.0000	0.1652
118	200.0000	89.2991	0.0000	0.1661
119	200.0000	99.8659	0.0000	0.1670
120	200.0000	88.8188	0.0000	0.1685
121	200.0000	91.6616	0.0000	0.1694
122	200.0000	94.0549	0.0000	0.1711
123	200.0000	91.4718	0.0000	0.1724
124	200.0000	95.5411	0.0000	0.1741
125	200.0000	94.6594	0.0000	0.1755
126	200.0000	92.8371	0.0000	0.1771
127	200.0000	83.7324	0.0000	0.1789
128	200.0000	87.0249	0.0000	0.1801
129	200.0000	99.5882	0.0000	0.1811
130	200.0000	100.0954	0.0000	0.1823
131	200.0000	92.8348	0.0000	0.1842
132	200.0000	88.6993	0.0000	0.1857
133	200.0000	87.9367	0.0000	0.1877
134	200.0000	82.2310	0.0000	0.1900
135	200.0000	84.4985	0.0000	0.1924
136	200.0000	84.2588	0.0000	0.1941
137	200.0000	85.3166	0.0000	0.1953
138	200.0000	91.3146	0.0000	0.1969
139	200.0000	89.6200	0.0000	0.1989
140	200.0000	83.8366	0.0000	0.2004
141	200.0000	89.1965	0.0000	0.2016
142	200.0000	89.4144	0.0000	0.2028
143	200.0000	91.4570	0.0000	0.2040
144	200.0000	96.0512	0.0000	0.2048
145	200.0000	97.2600	0.0000	0.2058
146	200.0000	87.3422	0.0000	0.2070
147	200.0000	97.3724	0.0000	0.2080
148	200.0000	104.0492	0.0000	0.2090
149	200.0000	96.2195	0.0000	0.2103
150	200.0000	96.0673	0.0000	0.2119
151	200.0000	84.0670	0.0000	0.2131
152	200.0000	94.8099	0.0000	0.2147
153	200.0000	92.5804	0.0000	0.2166
154	200.0000	82.2899	0.0000	0.2183
155	200.0000	90.1379	0.0000	0.2195
156	200.0000	94.8714	0.0000	0.2209
157	200.0000	93.8719	0.0000	0.2224
158	200.0000	89.1829	0.0000	0.2244
159	200.0000	80.0774	0.0000	0.2255
160	200.0000	92.7205	0.0000	0.2266
161	200.0000	88.7728	0.0000	0.2277
162	200.0000	91.7953	0.0000	0.2293
163	200.0000	86.8379	0.0000	0.2305
164	200.0000	84.9953	0.0000	0.2314
165	200.0000	98.0761	0.0000	0.2323
166	200.0000	82.9378	0.0000	0.2337
167	200.0000	91.5880	0.0000	0.2348
168	200.0000	93.0584	0.0000	0.2366
169	200.0000	85.3674	0.0000	0.2383
170	200.0000	94.1940	0.0000	0.2393
171	200.0000	93.2353	0.0000	0.2403
172	200.0000	91.5309	0.0000	0.2420
173	200.0000	91.6582	0.0000	0.2432
174	200.0000	91.3564	0.0000	0.2445
175	200.0000	89.1109	0.0000	0.2458
176	200.0000	89.3089	0.0000	0.2478
177	200.0000	93.5212	0.0000	0.2490
178	200.0000	94.7214	0.0000	0.2500
179	200.0000	97.5842	0.0000	0.2515
180	200.0000	95.8034	0.0000	0.2529
181	200.0000	96.6555	0.0000	0.2548
182	200.0000	88.1709	0.0000	0.2559
183	200.0000	95.5193	0.0000	0.2567
184	200.0000	98.1728	0.0000	0.2582
185	200.0000	89.8678	0.0000	0.2594
186	200.0000	91.3292	0.0000	0.2604
187	200.0000	89.7451	0.0000	0.2621
188	200.0000	90.4153	0.0000	0.2639
189	200.0000	83.3677	0.0000	0.2650
190	200.0000	91.6284	0.0000	0.2666
191	200.0000	86.5703	0.0000	0.2678
192	200.0000	97.8722	0.0000	0.2698
193	200.0000	91.8376	0.0000	0.2716
194	200.0000	85.6242	0.0000	0.2728
195	200.0000	96.5220	0.0000	0.2737
196	200.0000	97.4641	0.0000	0.2751
197	200.0000	90.8004	0.0000	0.2763
198	200.0000	91.0678	0.0000	0.2782
199	200.0000	88.2086	0.0000	0.2797
200	200.0000	87.0450	0.0000	0.2811
201	200.0000	89.0129	0.0000	0.2822
202	200.0000	81.5571	0.0000	0.2834
203	200.0000	97.3870	0.0000	0.2846
204	200.0000	87.3780	0.0000	0.2856
205	200.0000	94.1152	0.0000	0.2867
206	200.0000	98.5321	0.0000	0.2887
207	200.0000	85.0528	0.0000	0.2898
208	200.0000	80.9660	0.0000	0.2910
209	200.0000	86.4312	0.0000	0.2922
210	200.0000	93.8431	0.0000	0.2933
211	200.0000	84.3713	0.0000	0.2945
212	200.0000	92.4617	0.0000	0.2962
213	200.0000	83.9030	0.0000	0.2981
214	200.0000	85.8332	0.0000	0.2996
215	200.0000	90.1538	0.0000	0.3012
216	200.0000	96.3433	0.0000	0.3023
217	200.0000	90.0699	0.0000	0.3034
218	200.0000	89.7178	0.0000	0.3044
219	200.0000	94.4308	0.0000	0.3054
220	200.0000	92.1607	0.0000	0.3063
221	200.0000	90.5918	0.0000	0.3073
222	200.0000	94.2266	0.0000	0.3084
223	200.0000	85.8510	0.0000	0.3098
224	200.0000	85.2223	0.0000	0.3109
225	200.0000	93.9639	0.0000	0.3121
226	200.0000	89.4161	0.0000	0.3133
227	200.0000	88.4104	0.0000	0.3143
228	200.0000	91.4506	0.0000	0.3159
229	200.0000	93.4010	0.0000	0.3177
230	200.0000	84.1523	0.0000	0.3196
231	200.0000	88.4374	0.0000	0.3211
232	200.0000	84.1113	0.0000	0.3221
233	200.0000	90.4658	0.0000	0.3234
234	200.0000	83.8489	0.0000	0.3245
235	200.0000	94.4331	0.0000	0.3259
236	200.0000	79.1572	0.0000	0.3271
237	200.0000	88.4365	0.0000	0.3282
238	200.0000	96.9353	0.0000	0.3292
239	200.0000	91.1252	0.0000	0.3302
240	200.0000	88.9993	0.0000	0.3313
241	200.0000	90.2261	0.0000	0.3328
242	200.0000	95.5168	0.0000	0.3343
243	200.0000	88.9263	0.0000	0.3354
244	200.0000	91.3849	0.0000	0.3364
245	200.0000	87.6759	0.0000	0.3373
246	200.0000	95.6075	0.0000	0.3393
247	200.0000	83.2249	0.0000	0.3412
248	200.0000	89.9473	0.0000	0.3426
249	200.0000	90.5095	0.0000	0.3441
250	200.0000	85.8355	0.0000	0.3463
251	200.0000	91.0754	0.0000	0.3476
252	200.0000	81.0278	0.0000	0.3488
253	200.0000	96.2824	0.0000	0.3499
254	200.0000	99.8663	0.0000	0.3512
255	200.0000	90.1733	0.0000	0.3526
256	200.0000	95.1061	0.0000	0.3536
257	200.0000	91.3472	0.0000	0.3548
258	200.0000	94.0298	0.0000	0.3562
259	200.0000	85.9215	0.0000	0.3572
260	200.0000	91.9350	0.0000	0.3580
261	200.0000	96.0836	0.0000	0.3591
262	200.0000	85.2531	0.0000	0.3600
263	200.0000	99.8916	0.0000	0.3620
264	200.0000	92.6617	0.0000	0.3637
265	200.0000	99.0854	0.0000	0.3660
266	200.0000	86.8177	0.0000	0.3672
267	200.0000	83.8410	0.0000	0.3689
268	200.0000	88.5823	0.0000	0.3699
269	200.0000	87.8867	0.0000	0.3708
270	200.0000	99.2254	0.0000	0.3719
271	200.0000	88.6424	0.0000	0.3730
272	200.0000	93.1341	0.0000	0.3748
273	200.0000	78.2598	0.0000	0.3760
274	200.0000	93.5445	0.0000	0.3770
275	200.0000	91.7186	0.0000	0.3780
276	200.0000	85.6556	0.0000	0.3799
277	200.0000	87.2170	0.0000	0.3819
278	200.0000	86.3880	0.0000	0.3832
279	200.0000	91.4662	0.0000	0.3844
280	200.0000	89.6094	0.0000	0.3861
281	200.0000	77.6668	0.0000	0.3871
282	200.0000	89.2778	0.0000	0.3882
283	200.0000	90.2667	0.0000	0.3891
284	200.0000	95.6075	0.0000	0.3900
285	200.0000	91.0741	0.0000	0.3924
286	200.0000	87.4082	0.0000	0.3947
287	200.0000	81.5945	0.0000	0.3963
288	200.0000	96.1483	0.0000	0.3976
289	200.0000	88.8810	0.0000	0.3989
290	200.0000	97.3751	0.0000	0.4001
291	200.0000	92.5928	0.0000	0.4014
292	200.0000	93.9560	0.0000	0.4026
293	200.0000	95.9857	0.0000	0.4043
294	200.0000	92.1108	0.0000	0.4056
295	200.0000	89.4741	0.0000	0.4065
296	200.0000	97.4114	0.0000	0.4075
297	200.0000	94.3339	0.0000	0.4085
298	200.0000	86.7441	0.0000	0.4095
299	200.0000	88.1386	0.0000	0.4111
300	200.0000	91.3075	0.0000	0.4121
301	200.0000	89.5763	0.0000	0.4132
302	200.0000	92.1090	0.0000	0.4148
303	200.0000	90.2740	0.0000	0.4164
304	200.0000	87.5927	0.0000	0.4176
305	200.0000	88.8798	0.0000	0.4187
306	200.0000	96.5893	0.0000	0.4202
307	200.0000	87.4410	0.0000	0.4213
308	200.0000	100.8430	0.0000	0.4224
309	200.0000	91.4077	0.0000	0.4238
310	200.0000	101.2529	0.0000	0.4249
311	200.0000	91.2711	0.0000	0.4260
312	200.0000	93.7683	0.0000	0.4271
313	200.0000	92.2211	0.0000	0.4286
314	200.0000	87.8781	0.0000	0.4303
315	200.0000	87.1153	0.0000	0.4313
316	200.0000	88.0471	0.0000	0.4331
317	200.0000	87.8162	0.0000	0.4349
318	200.0000	89.3679	0.0000	0.4366
319	200.0000	83.5346	0.0000	0.4378
320	200.0000	96.5319	0.0000	0.4389
321	200.0000	93.1015	0.0000	0.4400
322	200.0000	92.4879	0.0000	0.4419
323	200.0000	89.3677	0.0000	0.4430
324	200.0000	90.7281	0.0000	0.4448
325	200.0000	92.0802	0.0000	0.4464
326	200.0000	98.4918	0.0000	0.4484
327	200.0000	79.3630	0.0000	0.4497
328	200.0000	88.4727	0.0000	0.4510
329	200.0000	96.3214	0.0000	0.4546
330	200.0000	83.3231	0.0000	0.4563
331	200.0000	94.6702	0.0000	0.4582
332	200.0000	103.0319	0.0000	0.4617
Pos: [0.0]

Run: 4
Iter	Gbest	AvrFit	Diver	ETime	
0	181.2500	79.6800	0.0000	0.0038
1	200.0000	80.9681	0.0000	0.0057
2	200.0000	95.2460	0.0000	0.0077
3	200.0000	82.9326	0.0000	0.0112
4	200.0000	81.9371	0.0000	0.0146
5	200.0000	85.2587	0.0000	0.0168
6	200.0000	93.6757	0.0000	0.0188
7	200.0000	96.0261	0.0000	0.0214
8	200.0000	99.1095	0.0000	0.0239
9	200.0000	84.8135	0.0000	0.0267
10	200.0000	92.6196	0.0000	0.0298
11	200.0000	85.8737	0.0000	0.0309
12	200.0000	88.4988	0.0000	0.0323
13	200.0000	92.6983	0.0000	0.0335
14	200.0000	81.9004	0.0000	0.0347
15	200.0000	88.0811	0.0000	0.0364
16	200.0000	93.8633	0.0000	0.0374
17	200.0000	89.8574	0.0000	0.0388
18	200.0000	101.3033	0.0000	0.0400
19	200.0000	93.6860	0.0000	0.0411
20	200.0000	94.5835	0.0000	0.0424
21	200.0000	89.4649	0.0000	0.0438
22	200.0000	92.2250	0.0000	0.0451
23	200.0000	83.5077	0.0000	0.0463
24	200.0000	94.1952	0.0000	0.0480
25	200.0000	85.5852	0.0000	0.0492
26	200.0000	94.9792	0.0000	0.0505
27	200.0000	87.9198	0.0000	0.0519
28	200.0000	93.1978	0.0000	0.0528
29	200.0000	99.4371	0.0000	0.0546
30	200.0000	82.8182	0.0000	0.0562
31	200.0000	88.0833	0.0000	0.0573
32	200.0000	93.9137	0.0000	0.0585
33	200.0000	90.5903	0.0000	0.0596
34	200.0000	85.3825	0.0000	0.0608
35	200.0000	93.8985	0.0000	0.0620
36	200.0000	86.3354	0.0000	0.0637
37	200.0000	88.4648	0.0000	0.0647
38	200.0000	91.4126	0.0000	0.0659
39	200.0000	86.9533	0.0000	0.0668
40	200.0000	88.0801	0.0000	0.0677
41	200.0000	95.8831	0.0000	0.0686
42	200.0000	94.0737	0.0000	0.0701
43	200.0000	90.7319	0.0000	0.0711
44	200.0000	93.7542	0.0000	0.0727
45	200.0000	87.5121	0.0000	0.0745
46	200.0000	80.6586	0.0000	0.0757
47	200.0000	87.5118	0.0000	0.0772
48	200.0000	89.5531	0.0000	0.0789
49	200.0000	83.3190	0.0000	0.0801
50	200.0000	85.8581	0.0000	0.0810
51	200.0000	102.2977	0.0000	0.0822
52	200.0000	95.5454	0.0000	0.0846
53	200.0000	90.1706	0.0000	0.0855
54	200.0000	90.3778	0.0000	0.0866
55	200.0000	87.0069	0.0000	0.0876
56	200.0000	87.3681	0.0000	0.0888
57	200.0000	93.6618	0.0000	0.0906
58	200.0000	88.4991	0.0000	0.0926
59	200.0000	92.6619	0.0000	0.0944
60	200.0000	83.0143	0.0000	0.0958
61	200.0000	94.9644	0.0000	0.0977
62	200.0000	82.0798	0.0000	0.0994
63	200.0000	94.6207	0.0000	0.1004
64	200.0000	88.8327	0.0000	0.1016
65	200.0000	89.6697	0.0000	0.1032
66	200.0000	87.4404	0.0000	0.1045
67	200.0000	85.9564	0.0000	0.1056
68	200.0000	95.3788	0.0000	0.1069
69	200.0000	94.9558	0.0000	0.1085
70	200.0000	91.4086	0.0000	0.1098
71	200.0000	89.5974	0.0000	0.1115
72	200.0000	80.6440	0.0000	0.1126
73	200.0000	100.6810	0.0000	0.1139
74	200.0000	90.8101	0.0000	0.1151
75	200.0000	92.7343	0.0000	0.1169
76	200.0000	79.5994	0.0000	0.1183
77	200.0000	84.0471	0.0000	0.1196
78	200.0000	95.0055	0.0000	0.1208
79	200.0000	88.6495	0.0000	0.1217
80	200.0000	99.4617	0.0000	0.1227
81	200.0000	88.9059	0.0000	0.1237
82	200.0000	99.0540	0.0000	0.1247
83	200.0000	90.0395	0.0000	0.1261
84	200.0000	82.5385	0.0000	0.1273
85	200.0000	97.0081	0.0000	0.1287
86	200.0000	91.9666	0.0000	0.1302
87	200.0000	85.1291	0.0000	0.1311
88	200.0000	87.8326	0.0000	0.1324
89	200.0000	92.4978	0.0000	0.1342
90	200.0000	86.4424	0.0000	0.1355
91	200.0000	86.5617	0.0000	0.1366
92	200.0000	89.1786	0.0000	0.1376
93	200.0000	93.4766	0.0000	0.1388
94	200.0000	92.6990	0.0000	0.1400
95	200.0000	94.4270	0.0000	0.1418
96	200.0000	82.7066	0.0000	0.1435
97	200.0000	84.6815	0.0000	0.1454
98	200.0000	91.8992	0.0000	0.1465
99	200.0000	91.4143	0.0000	0.1479
100	200.0000	87.1395	0.0000	0.1490
101	200.0000	92.5452	0.0000	0.1508
102	200.0000	90.5840	0.0000	0.1520
103	200.0000	81.5736	0.0000	0.1540
104	200.0000	76.5996	0.0000	0.1553
105	200.0000	90.4558	0.0000	0.1563
106	200.0000	86.6850	0.0000	0.1574
107	200.0000	92.5797	0.0000	0.1582
108	200.0000	92.1113	0.0000	0.1606
109	200.0000	73.0753	0.0000	0.1618
110	200.0000	97.4531	0.0000	0.1631
111	200.0000	90.8121	0.0000	0.1648
112	200.0000	81.8015	0.0000	0.1661
113	200.0000	86.9494	0.0000	0.1677
114	200.0000	88.8247	0.0000	0.1691
115	200.0000	91.5238	0.0000	0.1706
116	200.0000	94.5316	0.0000	0.1718
117	200.0000	85.0200	0.0000	0.1731
118	200.0000	89.7281	0.0000	0.1742
119	200.0000	96.2315	0.0000	0.1752
120	200.0000	90.1210	0.0000	0.1762
121	200.0000	98.2871	0.0000	0.1773
122	200.0000	85.4232	0.0000	0.1795
123	200.0000	93.9851	0.0000	0.1811
124	200.0000	91.8181	0.0000	0.1831
125	200.0000	84.1669	0.0000	0.1845
126	200.0000	90.2212	0.0000	0.1859
127	200.0000	85.9466	0.0000	0.1870
128	200.0000	91.2714	0.0000	0.1882
129	200.0000	92.7473	0.0000	0.1895
130	200.0000	98.4911	0.0000	0.1905
131	200.0000	91.4260	0.0000	0.1917
132	200.0000	89.9502	0.0000	0.1930
133	200.0000	85.7378	0.0000	0.1943
134	200.0000	85.9992	0.0000	0.1955
135	200.0000	85.3687	0.0000	0.1972
136	200.0000	83.7436	0.0000	0.1984
137	200.0000	92.1104	0.0000	0.1999
138	200.0000	89.8762	0.0000	0.2012
139	200.0000	90.3121	0.0000	0.2024
140	200.0000	98.8604	0.0000	0.2041
141	200.0000	92.6286	0.0000	0.2060
142	200.0000	86.3049	0.0000	0.2069
143	200.0000	97.8618	0.0000	0.2079
144	200.0000	103.4398	0.0000	0.2092
145	200.0000	95.5000	0.0000	0.2102
146	200.0000	85.8372	0.0000	0.2111
147	200.0000	99.2950	0.0000	0.2123
148	200.0000	88.1054	0.0000	0.2137
149	200.0000	96.7151	0.0000	0.2146
150	200.0000	99.5628	0.0000	0.2157
151	200.0000	85.6957	0.0000	0.2173
152	200.0000	97.0957	0.0000	0.2186
153	200.0000	94.8380	0.0000	0.2197
154	200.0000	94.9398	0.0000	0.2212
155	200.0000	97.6013	0.0000	0.2223
156	200.0000	95.8611	0.0000	0.2240
157	200.0000	86.8384	0.0000	0.2259
158	200.0000	85.8250	0.0000	0.2276
159	200.0000	94.4124	0.0000	0.2288
160	200.0000	87.7531	0.0000	0.2301
161	200.0000	85.8795	0.0000	0.2320
162	200.0000	82.4802	0.0000	0.2338
163	200.0000	94.0472	0.0000	0.2358
164	200.0000	88.6793	0.0000	0.2370
165	200.0000	81.4071	0.0000	0.2383
166	200.0000	88.9263	0.0000	0.2394
167	200.0000	95.1697	0.0000	0.2407
168	200.0000	96.3527	0.0000	0.2425
169	200.0000	85.7164	0.0000	0.2439
170	200.0000	88.8165	0.0000	0.2453
171	200.0000	92.7531	0.0000	0.2465
172	200.0000	82.2741	0.0000	0.2483
173	200.0000	94.3687	0.0000	0.2495
174	200.0000	99.8126	0.0000	0.2510
175	200.0000	94.7389	0.0000	0.2525
176	200.0000	87.4055	0.0000	0.2536
177	200.0000	102.1781	0.0000	0.2557
178	200.0000	85.7464	0.0000	0.2567
179	200.0000	100.7369	0.0000	0.2578
180	200.0000	85.6891	0.0000	0.2599
181	200.0000	98.2923	0.0000	0.2612
182	200.0000	87.1851	0.0000	0.2625
183	200.0000	93.4428	0.0000	0.2643
184	200.0000	94.9656	0.0000	0.2655
185	200.0000	88.2226	0.0000	0.2668
186	200.0000	93.7865	0.0000	0.2676
187	200.0000	96.2852	0.0000	0.2688
188	200.0000	89.9356	0.0000	0.2704
189	200.0000	93.8123	0.0000	0.2722
190	200.0000	83.4763	0.0000	0.2739
191	200.0000	87.8668	0.0000	0.2755
192	200.0000	93.0357	0.0000	0.2765
193	200.0000	83.3371	0.0000	0.2781
194	200.0000	89.3349	0.0000	0.2795
195	200.0000	89.3681	0.0000	0.2808
196	200.0000	90.1868	0.0000	0.2824
197	200.0000	91.2799	0.0000	0.2846
198	200.0000	85.8531	0.0000	0.2863
199	200.0000	97.8619	0.0000	0.2875
200	200.0000	94.9042	0.0000	0.2889
201	200.0000	91.0813	0.0000	0.2903
202	200.0000	87.1768	0.0000	0.2922
203	200.0000	83.5011	0.0000	0.2935
204	200.0000	90.0840	0.0000	0.2947
205	200.0000	87.6133	0.0000	0.2963
206	200.0000	87.3030	0.0000	0.2978
207	200.0000	88.9098	0.0000	0.2991
208	200.0000	90.9780	0.0000	0.3008
209	200.0000	90.0494	0.0000	0.3024
210	200.0000	92.8029	0.0000	0.3047
211	200.0000	86.8257	0.0000	0.3065
212	200.0000	90.4461	0.0000	0.3084
213	200.0000	87.7977	0.0000	0.3098
214	200.0000	91.5514	0.0000	0.3120
215	200.0000	92.5785	0.0000	0.3141
216	200.0000	84.3383	0.0000	0.3152
217	200.0000	85.6630	0.0000	0.3169
218	200.0000	91.4072	0.0000	0.3178
219	200.0000	96.7749	0.0000	0.3192
220	200.0000	91.7847	0.0000	0.3206
221	200.0000	88.5188	0.0000	0.3230
222	200.0000	86.1397	0.0000	0.3249
223	200.0000	90.7927	0.0000	0.3273
224	200.0000	79.3659	0.0000	0.3290
225	200.0000	85.9424	0.0000	0.3303
226	200.0000	86.5018	0.0000	0.3312
227	200.0000	88.3249	0.0000	0.3325
228	200.0000	80.9491	0.0000	0.3343
229	200.0000	90.4467	0.0000	0.3354
230	200.0000	95.4357	0.0000	0.3364
231	200.0000	91.4844	0.0000	0.3374
232	200.0000	90.6647	0.0000	0.3388
233	200.0000	85.0926	0.0000	0.3397
234	200.0000	83.0622	0.0000	0.3406
235	200.0000	94.2987	0.0000	0.3425
236	200.0000	82.1490	0.0000	0.3437
237	200.0000	86.6833	0.0000	0.3450
238	200.0000	88.6354	0.0000	0.3461
239	200.0000	96.0604	0.0000	0.3470
240	200.0000	97.3408	0.0000	0.3481
241	200.0000	96.0348	0.0000	0.3491
242	200.0000	93.4687	0.0000	0.3503
243	200.0000	94.9758	0.0000	0.3519
244	200.0000	92.3251	0.0000	0.3530
245	200.0000	93.6785	0.0000	0.3548
246	200.0000	88.7853	0.0000	0.3562
247	200.0000	86.3273	0.0000	0.3578
248	200.0000	88.5097	0.0000	0.3590
249	200.0000	89.9961	0.0000	0.3602
250	200.0000	91.5531	0.0000	0.3612
251	200.0000	86.8917	0.0000	0.3632
252	200.0000	90.8605	0.0000	0.3649
253	200.0000	92.4797	0.0000	0.3660
254	200.0000	87.6773	0.0000	0.3679
255	200.0000	87.3155	0.0000	0.3700
256	200.0000	87.9080	0.0000	0.3713
257	200.0000	88.1656	0.0000	0.3727
258	200.0000	96.2874	0.0000	0.3742
259	200.0000	87.0889	0.0000	0.3751
260	200.0000	93.3365	0.0000	0.3764
261	200.0000	98.3183	0.0000	0.3779
262	200.0000	85.5816	0.0000	0.3795
263	200.0000	85.3004	0.0000	0.3809
264	200.0000	90.3786	0.0000	0.3821
265	200.0000	86.0875	0.0000	0.3834
266	200.0000	94.5032	0.0000	0.3847
267	200.0000	93.5226	0.0000	0.3859
268	200.0000	82.1769	0.0000	0.3869
269	200.0000	89.1504	0.0000	0.3879
270	200.0000	101.1899	0.0000	0.3892
271	200.0000	89.7661	0.0000	0.3905
272	200.0000	89.1089	0.0000	0.3923
273	200.0000	99.5112	0.0000	0.3933
274	200.0000	87.5984	0.0000	0.3944
275	200.0000	95.3133	0.0000	0.3955
276	200.0000	95.0270	0.0000	0.3969
277	200.0000	90.0204	0.0000	0.3980
278	200.0000	88.8084	0.0000	0.3992
279	200.0000	94.7468	0.0000	0.4007
280	200.0000	85.5780	0.0000	0.4024
281	200.0000	99.6146	0.0000	0.4047
282	200.0000	84.7511	0.0000	0.4063
283	200.0000	88.7467	0.0000	0.4081
284	200.0000	84.5960	0.0000	0.4105
285	200.0000	84.8718	0.0000	0.4125
286	200.0000	88.7521	0.0000	0.4140
287	200.0000	89.6782	0.0000	0.4159
288	200.0000	78.9591	0.0000	0.4178
289	200.0000	90.7033	0.0000	0.4192
290	200.0000	91.1962	0.0000	0.4207
291	200.0000	95.5544	0.0000	0.4229
292	200.0000	88.8717	0.0000	0.4250
293	200.0000	80.6582	0.0000	0.4261
294	200.0000	89.5462	0.0000	0.4273
295	200.0000	87.3983	0.0000	0.4287
296	200.0000	91.5818	0.0000	0.4297
297	200.0000	94.8171	0.0000	0.4318
298	200.0000	86.8900	0.0000	0.4333
299	200.0000	90.9823	0.0000	0.4344
300	200.0000	94.8734	0.0000	0.4358
301	200.0000	89.1177	0.0000	0.4369
302	200.0000	93.9912	0.0000	0.4380
303	200.0000	95.2086	0.0000	0.4398
304	200.0000	88.4586	0.0000	0.4411
305	200.0000	85.5458	0.0000	0.4424
306	200.0000	92.4315	0.0000	0.4442
307	200.0000	86.0305	0.0000	0.4461
308	200.0000	83.8428	0.0000	0.4474
309	200.0000	84.1381	0.0000	0.4492
310	200.0000	89.6510	0.0000	0.4512
311	200.0000	89.3450	0.0000	0.4522
312	200.0000	85.3614	0.0000	0.4533
313	200.0000	100.1649	0.0000	0.4543
314	200.0000	96.4665	0.0000	0.4560
315	200.0000	86.5076	0.0000	0.4570
316	200.0000	102.0407	0.0000	0.4581
317	200.0000	88.2293	0.0000	0.4594
318	200.0000	84.6667	0.0000	0.4607
319	200.0000	87.4399	0.0000	0.4617
320	200.0000	90.7302	0.0000	0.4636
321	200.0000	87.8114	0.0000	0.4649
322	200.0000	85.0513	0.0000	0.4659
323	200.0000	95.5229	0.0000	0.4671
324	200.0000	93.2828	0.0000	0.4686
325	200.0000	86.3688	0.0000	0.4698
326	200.0000	88.8415	0.0000	0.4716
327	200.0000	86.2459	0.0000	0.4727
328	200.0000	88.0621	0.0000	0.4736
329	200.0000	96.0130	0.0000	0.4756
330	200.0000	90.4368	0.0000	0.4768
331	200.0000	88.7474	0.0000	0.4778
332	200.0000	86.2863	0.0000	0.4791
Pos: [0.0]

=================================================================================================================