ID: uneven_decreasing_maxima	Date: 2019-04-30 00:00:44	Runs: 5
=================================================================================================================
Run: 0
Iter	Gbest	AvrFit	Diver	ETime	
0	0.9985	0.2111	0.0000	0.0020
1	0.9985	0.2399	0.0000	0.0032
2	0.9985	0.2721	0.0000	0.0044
3	1.0000	0.2843	0.0000	0.0053
4	1.0000	0.2977	0.0000	0.0063
5	1.0000	0.2552	0.0000	0.0080
6	1.0000	0.2947	0.0000	0.0097
7	1.0000	0.3498	0.0000	0.0109
8	1.0000	0.2862	0.0000	0.0120
9	1.0000	0.2732	0.0000	0.0134
10	1.0000	0.2705	0.0000	0.0149
11	1.0000	0.2574	0.0000	0.0165
12	1.0000	0.2317	0.0000	0.0178
13	1.0000	0.2990	0.0000	0.0190
14	1.0000	0.2449	0.0000	0.0211
15	1.0000	0.2659	0.0000	0.0221
16	1.0000	0.2893	0.0000	0.0231
17	1.0000	0.2299	0.0000	0.0245
18	1.0000	0.2566	0.0000	0.0258
19	1.0000	0.2698	0.0000	0.0267
20	1.0000	0.3057	0.0000	0.0277
21	1.0000	0.2342	0.0000	0.0292
22	1.0000	0.2954	0.0000	0.0303
23	1.0000	0.2708	0.0000	0.0312
24	1.0000	0.3061	0.0000	0.0323
25	1.0000	0.2886	0.0000	0.0333
26	1.0000	0.3082	0.0000	0.0343
27	1.0000	0.2319	0.0000	0.0358
28	1.0000	0.2794	0.0000	0.0371
29	1.0000	0.2552	0.0000	0.0386
30	1.0000	0.2221	0.0000	0.0406
31	1.0000	0.2071	0.0000	0.0418
32	1.0000	0.2371	0.0000	0.0428
33	1.0000	0.2814	0.0000	0.0442
34	1.0000	0.2728	0.0000	0.0453
35	1.0000	0.2718	0.0000	0.0465
36	1.0000	0.2368	0.0000	0.0482
37	1.0000	0.3093	0.0000	0.0491
38	1.0000	0.2917	0.0000	0.0499
39	1.0000	0.2576	0.0000	0.0509
40	1.0000	0.3087	0.0000	0.0523
41	1.0000	0.2416	0.0000	0.0533
42	1.0000	0.2789	0.0000	0.0551
43	1.0000	0.2431	0.0000	0.0569
44	1.0000	0.2536	0.0000	0.0581
45	1.0000	0.2879	0.0000	0.0593
46	1.0000	0.2789	0.0000	0.0604
47	1.0000	0.2276	0.0000	0.0622
48	1.0000	0.2296	0.0000	0.0635
49	1.0000	0.2298	0.0000	0.0646
50	1.0000	0.2635	0.0000	0.0659
51	1.0000	0.2533	0.0000	0.0675
52	1.0000	0.2631	0.0000	0.0685
53	1.0000	0.2713	0.0000	0.0698
54	1.0000	0.2572	0.0000	0.0715
55	1.0000	0.2766	0.0000	0.0725
56	1.0000	0.2637	0.0000	0.0734
57	1.0000	0.2773	0.0000	0.0746
58	1.0000	0.2546	0.0000	0.0754
59	1.0000	0.3342	0.0000	0.0763
60	1.0000	0.2906	0.0000	0.0771
61	1.0000	0.2700	0.0000	0.0783
62	1.0000	0.2896	0.0000	0.0792
63	1.0000	0.2708	0.0000	0.0802
64	1.0000	0.2915	0.0000	0.0818
65	1.0000	0.3040	0.0000	0.0830
66	1.0000	0.2520	0.0000	0.0844
67	1.0000	0.2968	0.0000	0.0857
68	1.0000	0.2456	0.0000	0.0867
69	1.0000	0.3027	0.0000	0.0888
70	1.0000	0.2701	0.0000	0.0899
71	1.0000	0.2811	0.0000	0.0911
72	1.0000	0.2687	0.0000	0.0924
73	1.0000	0.2957	0.0000	0.0936
74	1.0000	0.2965	0.0000	0.0949
75	1.0000	0.2386	0.0000	0.0962
76	1.0000	0.2298	0.0000	0.0975
77	1.0000	0.2620	0.0000	0.0993
78	1.0000	0.2429	0.0000	0.1006
79	1.0000	0.2729	0.0000	0.1018
80	1.0000	0.3058	0.0000	0.1031
81	1.0000	0.2913	0.0000	0.1041
82	1.0000	0.2518	0.0000	0.1052
83	1.0000	0.3469	0.0000	0.1061
84	1.0000	0.2969	0.0000	0.1071
85	1.0000	0.2996	0.0000	0.1083
86	1.0000	0.2426	0.0000	0.1096
87	1.0000	0.2464	0.0000	0.1107
88	1.0000	0.2722	0.0000	0.1123
89	1.0000	0.1963	0.0000	0.1134
90	1.0000	0.3313	0.0000	0.1145
91	1.0000	0.2802	0.0000	0.1153
92	1.0000	0.3122	0.0000	0.1164
93	1.0000	0.2521	0.0000	0.1182
94	1.0000	0.2575	0.0000	0.1193
95	1.0000	0.2846	0.0000	0.1205
96	1.0000	0.2626	0.0000	0.1226
97	1.0000	0.2718	0.0000	0.1251
98	1.0000	0.2568	0.0000	0.1267
99	1.0000	0.2310	0.0000	0.1279
100	1.0000	0.2821	0.0000	0.1289
101	1.0000	0.2796	0.0000	0.1301
102	1.0000	0.2495	0.0000	0.1317
103	1.0000	0.2712	0.0000	0.1330
104	1.0000	0.2616	0.0000	0.1346
105	1.0000	0.3314	0.0000	0.1361
106	1.0000	0.2810	0.0000	0.1373
107	1.0000	0.2892	0.0000	0.1387
108	1.0000	0.2715	0.0000	0.1398
109	1.0000	0.3225	0.0000	0.1416
110	1.0000	0.2519	0.0000	0.1444
111	1.0000	0.2392	0.0000	0.1459
112	1.0000	0.2947	0.0000	0.1470
113	1.0000	0.3017	0.0000	0.1483
114	1.0000	0.2554	0.0000	0.1494
115	1.0000	0.2940	0.0000	0.1506
116	1.0000	0.2890	0.0000	0.1521
117	1.0000	0.2420	0.0000	0.1534
118	1.0000	0.2773	0.0000	0.1547
119	1.0000	0.2602	0.0000	0.1560
120	1.0000	0.2341	0.0000	0.1574
121	1.0000	0.2072	0.0000	0.1583
122	1.0000	0.2365	0.0000	0.1595
123	1.0000	0.2969	0.0000	0.1608
124	1.0000	0.2683	0.0000	0.1619
125	1.0000	0.2559	0.0000	0.1636
126	1.0000	0.2777	0.0000	0.1649
127	1.0000	0.2232	0.0000	0.1674
128	1.0000	0.2333	0.0000	0.1685
129	1.0000	0.2874	0.0000	0.1707
130	1.0000	0.2604	0.0000	0.1727
131	1.0000	0.2061	0.0000	0.1742
132	1.0000	0.2457	0.0000	0.1754
133	1.0000	0.3222	0.0000	0.1765
134	1.0000	0.2878	0.0000	0.1786
135	1.0000	0.2270	0.0000	0.1796
136	1.0000	0.2880	0.0000	0.1806
137	1.0000	0.2918	0.0000	0.1817
138	1.0000	0.2846	0.0000	0.1827
139	1.0000	0.3033	0.0000	0.1837
140	1.0000	0.2173	0.0000	0.1849
141	1.0000	0.2901	0.0000	0.1859
142	1.0000	0.2440	0.0000	0.1868
143	1.0000	0.2960	0.0000	0.1881
144	1.0000	0.3125	0.0000	0.1889
145	1.0000	0.2775	0.0000	0.1905
146	1.0000	0.3424	0.0000	0.1917
147	1.0000	0.2796	0.0000	0.1926
148	1.0000	0.2828	0.0000	0.1934
149	1.0000	0.2928	0.0000	0.1947
150	1.0000	0.2087	0.0000	0.1957
151	1.0000	0.2859	0.0000	0.1967
152	1.0000	0.3232	0.0000	0.1977
153	1.0000	0.2824	0.0000	0.1988
154	1.0000	0.2787	0.0000	0.2000
155	1.0000	0.2204	0.0000	0.2013
156	1.0000	0.2442	0.0000	0.2027
157	1.0000	0.2758	0.0000	0.2041
158	1.0000	0.2873	0.0000	0.2055
159	1.0000	0.2558	0.0000	0.2066
160	1.0000	0.2827	0.0000	0.2075
161	1.0000	0.2710	0.0000	0.2092
162	1.0000	0.2465	0.0000	0.2112
163	1.0000	0.2765	0.0000	0.2122
164	1.0000	0.3454	0.0000	0.2133
165	1.0000	0.2704	0.0000	0.2142
166	1.0000	0.2854	0.0000	0.2161
167	1.0000	0.2265	0.0000	0.2178
168	1.0000	0.2618	0.0000	0.2198
169	1.0000	0.2467	0.0000	0.2219
170	1.0000	0.2218	0.0000	0.2233
171	1.0000	0.2407	0.0000	0.2249
172	1.0000	0.3064	0.0000	0.2269
173	1.0000	0.2653	0.0000	0.2285
174	1.0000	0.2978	0.0000	0.2304
175	1.0000	0.2676	0.0000	0.2319
176	1.0000	0.2577	0.0000	0.2331
177	1.0000	0.2448	0.0000	0.2345
178	1.0000	0.2381	0.0000	0.2357
179	1.0000	0.2536	0.0000	0.2379
180	1.0000	0.2946	0.0000	0.2397
181	1.0000	0.1922	0.0000	0.2413
182	1.0000	0.2627	0.0000	0.2428
183	1.0000	0.2030	0.0000	0.2442
184	1.0000	0.2769	0.0000	0.2454
185	1.0000	0.2186	0.0000	0.2469
186	1.0000	0.2589	0.0000	0.2480
187	1.0000	0.2739	0.0000	0.2493
188	1.0000	0.2654	0.0000	0.2506
189	1.0000	0.2622	0.0000	0.2517
190	1.0000	0.2655	0.0000	0.2529
191	1.0000	0.2812	0.0000	0.2540
192	1.0000	0.3319	0.0000	0.2551
193	1.0000	0.2882	0.0000	0.2567
194	1.0000	0.2796	0.0000	0.2582
195	1.0000	0.2426	0.0000	0.2597
196	1.0000	0.2464	0.0000	0.2614
197	1.0000	0.2708	0.0000	0.2634
198	1.0000	0.2872	0.0000	0.2646
199	1.0000	0.2268	0.0000	0.2662
200	1.0000	0.2552	0.0000	0.2682
201	1.0000	0.2448	0.0000	0.2694
202	1.0000	0.3043	0.0000	0.2707
203	1.0000	0.2578	0.0000	0.2727
204	1.0000	0.2979	0.0000	0.2740
205	1.0000	0.2081	0.0000	0.2761
206	1.0000	0.2797	0.0000	0.2772
207	1.0000	0.2477	0.0000	0.2785
208	1.0000	0.2740	0.0000	0.2798
209	1.0000	0.2488	0.0000	0.2810
210	1.0000	0.2790	0.0000	0.2823
211	1.0000	0.2935	0.0000	0.2832
212	1.0000	0.3000	0.0000	0.2843
213	1.0000	0.2313	0.0000	0.2856
214	1.0000	0.2723	0.0000	0.2870
215	1.0000	0.2657	0.0000	0.2884
216	1.0000	0.2446	0.0000	0.2896
217	1.0000	0.2877	0.0000	0.2908
218	1.0000	0.3724	0.0000	0.2917
219	1.0000	0.2748	0.0000	0.2929
220	1.0000	0.2599	0.0000	0.2942
221	1.0000	0.3019	0.0000	0.2952
222	1.0000	0.2595	0.0000	0.2964
223	1.0000	0.2357	0.0000	0.2977
224	1.0000	0.2162	0.0000	0.2996
225	1.0000	0.2399	0.0000	0.3011
226	1.0000	0.2885	0.0000	0.3022
227	1.0000	0.2456	0.0000	0.3037
228	1.0000	0.2915	0.0000	0.3051
229	1.0000	0.2755	0.0000	0.3063
230	1.0000	0.2701	0.0000	0.3073
231	1.0000	0.2814	0.0000	0.3089
232	1.0000	0.2397	0.0000	0.3104
233	1.0000	0.2787	0.0000	0.3112
234	1.0000	0.3144	0.0000	0.3124
235	1.0000	0.2836	0.0000	0.3141
236	1.0000	0.2694	0.0000	0.3152
237	1.0000	0.2452	0.0000	0.3167
238	1.0000	0.3035	0.0000	0.3178
239	1.0000	0.3092	0.0000	0.3189
240	1.0000	0.2535	0.0000	0.3202
241	1.0000	0.2703	0.0000	0.3217
242	1.0000	0.2906	0.0000	0.3228
243	1.0000	0.3196	0.0000	0.3242
244	1.0000	0.2143	0.0000	0.3261
245	1.0000	0.2276	0.0000	0.3285
246	1.0000	0.2323	0.0000	0.3310
247	1.0000	0.2188	0.0000	0.3324
248	1.0000	0.3087	0.0000	0.3336
249	1.0000	0.3242	0.0000	0.3351
250	1.0000	0.2515	0.0000	0.3373
251	1.0000	0.2179	0.0000	0.3389
252	1.0000	0.2473	0.0000	0.3405
253	1.0000	0.2369	0.0000	0.3427
254	1.0000	0.2388	0.0000	0.3442
255	1.0000	0.2633	0.0000	0.3452
256	1.0000	0.2750	0.0000	0.3467
257	1.0000	0.2409	0.0000	0.3489
258	1.0000	0.2741	0.0000	0.3511
259	1.0000	0.2212	0.0000	0.3533
260	1.0000	0.2582	0.0000	0.3554
261	1.0000	0.2241	0.0000	0.3576
262	1.0000	0.2401	0.0000	0.3586
263	1.0000	0.2659	0.0000	0.3598
264	1.0000	0.2331	0.0000	0.3611
265	1.0000	0.2709	0.0000	0.3632
266	1.0000	0.2604	0.0000	0.3654
267	1.0000	0.2820	0.0000	0.3676
268	1.0000	0.2515	0.0000	0.3691
269	1.0000	0.2351	0.0000	0.3702
270	1.0000	0.2645	0.0000	0.3721
271	1.0000	0.2984	0.0000	0.3733
272	1.0000	0.2970	0.0000	0.3745
273	1.0000	0.3016	0.0000	0.3768
274	1.0000	0.2161	0.0000	0.3779
275	1.0000	0.2643	0.0000	0.3793
276	1.0000	0.2656	0.0000	0.3805
277	1.0000	0.2508	0.0000	0.3823
278	1.0000	0.2470	0.0000	0.3836
279	1.0000	0.2714	0.0000	0.3849
280	1.0000	0.2767	0.0000	0.3859
281	1.0000	0.3065	0.0000	0.3870
282	1.0000	0.2998	0.0000	0.3884
283	1.0000	0.2941	0.0000	0.3900
284	1.0000	0.2679	0.0000	0.3912
285	1.0000	0.2969	0.0000	0.3923
286	1.0000	0.2710	0.0000	0.3937
287	1.0000	0.3268	0.0000	0.3949
288	1.0000	0.2513	0.0000	0.3968
289	1.0000	0.2426	0.0000	0.3982
290	1.0000	0.2890	0.0000	0.4000
291	1.0000	0.2342	0.0000	0.4013
292	1.0000	0.3171	0.0000	0.4026
293	1.0000	0.3227	0.0000	0.4043
294	1.0000	0.2959	0.0000	0.4060
295	1.0000	0.3466	0.0000	0.4074
296	1.0000	0.3460	0.0000	0.4086
297	1.0000	0.2653	0.0000	0.4103
298	1.0000	0.2499	0.0000	0.4125
299	1.0000	0.2409	0.0000	0.4138
300	1.0000	0.2746	0.0000	0.4151
301	1.0000	0.3104	0.0000	0.4166
302	1.0000	0.2766	0.0000	0.4181
303	1.0000	0.2821	0.0000	0.4193
304	1.0000	0.3006	0.0000	0.4210
305	1.0000	0.2360	0.0000	0.4227
306	1.0000	0.2583	0.0000	0.4243
307	1.0000	0.2728	0.0000	0.4256
308	1.0000	0.2630	0.0000	0.4267
309	1.0000	0.3124	0.0000	0.4278
310	1.0000	0.3003	0.0000	0.4290
311	1.0000	0.3563	0.0000	0.4312
312	1.0000	0.2922	0.0000	0.4331
313	1.0000	0.2556	0.0000	0.4362
314	1.0000	0.2500	0.0000	0.4387
315	1.0000	0.2643	0.0000	0.4400
316	1.0000	0.3214	0.0000	0.4417
317	1.0000	0.2888	0.0000	0.4436
318	1.0000	0.2429	0.0000	0.4449
319	1.0000	0.2748	0.0000	0.4461
320	1.0000	0.2933	0.0000	0.4481
321	1.0000	0.3166	0.0000	0.4500
322	1.0000	0.2561	0.0000	0.4511
323	1.0000	0.2979	0.0000	0.4521
324	1.0000	0.2852	0.0000	0.4533
325	1.0000	0.2803	0.0000	0.4545
326	1.0000	0.2745	0.0000	0.4558
327	1.0000	0.2694	0.0000	0.4573
328	1.0000	0.2622	0.0000	0.4595
329	1.0000	0.2371	0.0000	0.4607
330	1.0000	0.2349	0.0000	0.4618
331	1.0000	0.2711	0.0000	0.4637
332	1.0000	0.2644	0.0000	0.4647
Pos: [0.07969977957267463]

Run: 1
Iter	Gbest	AvrFit	Diver	ETime	
0	0.9963	0.2109	0.0000	0.0039
1	0.9996	0.2295	0.0000	0.0067
2	0.9999	0.2598	0.0000	0.0103
3	1.0000	0.2342	0.0000	0.0124
4	1.0000	0.2937	0.0000	0.0144
5	1.0000	0.3159	0.0000	0.0174
6	1.0000	0.2353	0.0000	0.0193
7	1.0000	0.3294	0.0000	0.0209
8	1.0000	0.3150	0.0000	0.0231
9	1.0000	0.3105	0.0000	0.0253
10	1.0000	0.3088	0.0000	0.0271
11	1.0000	0.2650	0.0000	0.0290
12	1.0000	0.2734	0.0000	0.0311
13	1.0000	0.3255	0.0000	0.0331
14	1.0000	0.2828	0.0000	0.0360
15	1.0000	0.2260	0.0000	0.0378
16	1.0000	0.2557	0.0000	0.0401
17	1.0000	0.2592	0.0000	0.0420
18	1.0000	0.2814	0.0000	0.0445
19	1.0000	0.2787	0.0000	0.0461
20	1.0000	0.3300	0.0000	0.0482
21	1.0000	0.2675	0.0000	0.0501
22	1.0000	0.3204	0.0000	0.0529
23	1.0000	0.2322	0.0000	0.0564
24	1.0000	0.2667	0.0000	0.0590
25	1.0000	0.2673	0.0000	0.0613
26	1.0000	0.2598	0.0000	0.0636
27	1.0000	0.2117	0.0000	0.0658
28	1.0000	0.2580	0.0000	0.0681
29	1.0000	0.2910	0.0000	0.0703
30	1.0000	0.3089	0.0000	0.0722
31	1.0000	0.2525	0.0000	0.0745
32	1.0000	0.3092	0.0000	0.0779
33	1.0000	0.2611	0.0000	0.0800
34	1.0000	0.2712	0.0000	0.0835
35	1.0000	0.2406	0.0000	0.0864
36	1.0000	0.2275	0.0000	0.0887
37	1.0000	0.2643	0.0000	0.0910
38	1.0000	0.2451	0.0000	0.0945
39	1.0000	0.2365	0.0000	0.0967
40	1.0000	0.2798	0.0000	0.0989
41	1.0000	0.2806	0.0000	0.1016
42	1.0000	0.2493	0.0000	0.1041
43	1.0000	0.2947	0.0000	0.1076
44	1.0000	0.2604	0.0000	0.1099
45	1.0000	0.2795	0.0000	0.1120
46	1.0000	0.2513	0.0000	0.1141
47	1.0000	0.2893	0.0000	0.1159
48	1.0000	0.3424	0.0000	0.1176
49	1.0000	0.3316	0.0000	0.1204
50	1.0000	0.2480	0.0000	0.1231
51	1.0000	0.2832	0.0000	0.1265
52	1.0000	0.2094	0.0000	0.1291
53	1.0000	0.2494	0.0000	0.1327
54	1.0000	0.2269	0.0000	0.1353
55	1.0000	0.2205	0.0000	0.1376
56	1.0000	0.2532	0.0000	0.1403
57	1.0000	0.2566	0.0000	0.1430
58	1.0000	0.2524	0.0000	0.1449
59	1.0000	0.2588	0.0000	0.1470
60	1.0000	0.2850	0.0000	0.1487
61	1.0000	0.3423	0.0000	0.1506
62	1.0000	0.2920	0.0000	0.1533
63	1.0000	0.2305	0.0000	0.1558
64	1.0000	0.2963	0.0000	0.1580
65	1.0000	0.2297	0.0000	0.1605
66	1.0000	0.3046	0.0000	0.1625
67	1.0000	0.3173	0.0000	0.1645
68	1.0000	0.2770	0.0000	0.1680
69	1.0000	0.2720	0.0000	0.1700
70	1.0000	0.2240	0.0000	0.1722
71	1.0000	0.2980	0.0000	0.1758
72	1.0000	0.2693	0.0000	0.1779
73	1.0000	0.2432	0.0000	0.1804
74	1.0000	0.2576	0.0000	0.1839
75	1.0000	0.2151	0.0000	0.1858
76	1.0000	0.2246	0.0000	0.1880
77	1.0000	0.2818	0.0000	0.1903
78	1.0000	0.2312	0.0000	0.1927
79	1.0000	0.2408	0.0000	0.1952
80	1.0000	0.2347	0.0000	0.1965
81	1.0000	0.2555	0.0000	0.1979
82	1.0000	0.3193	0.0000	0.1992
83	1.0000	0.2454	0.0000	0.2007
84	1.0000	0.2918	0.0000	0.2019
85	1.0000	0.2272	0.0000	0.2042
86	1.0000	0.2367	0.0000	0.2063
87	1.0000	0.2608	0.0000	0.2082
88	1.0000	0.2542	0.0000	0.2102
89	1.0000	0.2438	0.0000	0.2123
90	1.0000	0.2305	0.0000	0.2138
91	1.0000	0.3068	0.0000	0.2150
92	1.0000	0.3061	0.0000	0.2165
93	1.0000	0.2998	0.0000	0.2193
94	1.0000	0.2571	0.0000	0.2206
95	1.0000	0.3282	0.0000	0.2219
96	1.0000	0.2789	0.0000	0.2233
97	1.0000	0.2459	0.0000	0.2245
98	1.0000	0.2807	0.0000	0.2255
99	1.0000	0.2802	0.0000	0.2263
100	1.0000	0.3018	0.0000	0.2272
101	1.0000	0.3147	0.0000	0.2281
102	1.0000	0.3443	0.0000	0.2301
103	1.0000	0.2595	0.0000	0.2313
104	1.0000	0.2752	0.0000	0.2323
105	1.0000	0.2835	0.0000	0.2336
106	1.0000	0.2446	0.0000	0.2348
107	1.0000	0.2558	0.0000	0.2363
108	1.0000	0.2432	0.0000	0.2376
109	1.0000	0.2423	0.0000	0.2389
110	1.0000	0.2649	0.0000	0.2402
111	1.0000	0.2621	0.0000	0.2412
112	1.0000	0.2577	0.0000	0.2420
113	1.0000	0.2851	0.0000	0.2432
114	1.0000	0.3017	0.0000	0.2444
115	1.0000	0.3492	0.0000	0.2453
116	1.0000	0.2803	0.0000	0.2462
117	1.0000	0.3426	0.0000	0.2478
118	1.0000	0.2697	0.0000	0.2502
119	1.0000	0.2604	0.0000	0.2521
120	1.0000	0.2739	0.0000	0.2535
121	1.0000	0.2977	0.0000	0.2545
122	1.0000	0.3133	0.0000	0.2560
123	1.0000	0.2563	0.0000	0.2571
124	1.0000	0.3311	0.0000	0.2581
125	1.0000	0.2514	0.0000	0.2594
126	1.0000	0.2772	0.0000	0.2612
127	1.0000	0.2322	0.0000	0.2627
128	1.0000	0.2271	0.0000	0.2647
129	1.0000	0.2684	0.0000	0.2656
130	1.0000	0.3243	0.0000	0.2665
131	1.0000	0.2432	0.0000	0.2678
132	1.0000	0.2836	0.0000	0.2696
133	1.0000	0.2938	0.0000	0.2707
134	1.0000	0.1934	0.0000	0.2721
135	1.0000	0.2832	0.0000	0.2739
136	1.0000	0.2516	0.0000	0.2750
137	1.0000	0.2596	0.0000	0.2760
138	1.0000	0.3081	0.0000	0.2770
139	1.0000	0.3090	0.0000	0.2781
140	1.0000	0.2891	0.0000	0.2793
141	1.0000	0.2999	0.0000	0.2804
142	1.0000	0.2477	0.0000	0.2818
143	1.0000	0.1708	0.0000	0.2830
144	1.0000	0.2736	0.0000	0.2840
145	1.0000	0.3090	0.0000	0.2853
146	1.0000	0.2499	0.0000	0.2872
147	1.0000	0.2320	0.0000	0.2892
148	1.0000	0.2666	0.0000	0.2903
149	1.0000	0.2481	0.0000	0.2923
150	1.0000	0.2792	0.0000	0.2939
151	1.0000	0.1878	0.0000	0.2949
152	1.0000	0.2827	0.0000	0.2966
153	1.0000	0.2540	0.0000	0.2987
154	1.0000	0.2818	0.0000	0.3005
155	1.0000	0.2252	0.0000	0.3015
156	1.0000	0.2531	0.0000	0.3026
157	1.0000	0.3126	0.0000	0.3041
158	1.0000	0.2893	0.0000	0.3050
159	1.0000	0.2630	0.0000	0.3063
160	1.0000	0.2836	0.0000	0.3076
161	1.0000	0.2760	0.0000	0.3086
162	1.0000	0.2610	0.0000	0.3104
163	1.0000	0.2645	0.0000	0.3117
164	1.0000	0.3301	0.0000	0.3133
165	1.0000	0.2380	0.0000	0.3143
166	1.0000	0.3007	0.0000	0.3163
167	1.0000	0.2462	0.0000	0.3178
168	1.0000	0.2893	0.0000	0.3200
169	1.0000	0.2349	0.0000	0.3211
170	1.0000	0.2621	0.0000	0.3226
171	1.0000	0.2489	0.0000	0.3243
172	1.0000	0.2696	0.0000	0.3257
173	1.0000	0.2482	0.0000	0.3278
174	1.0000	0.2350	0.0000	0.3300
175	1.0000	0.2236	0.0000	0.3313
176	1.0000	0.2618	0.0000	0.3326
177	1.0000	0.2301	0.0000	0.3346
178	1.0000	0.2892	0.0000	0.3365
179	1.0000	0.2950	0.0000	0.3383
180	1.0000	0.2627	0.0000	0.3397
181	1.0000	0.2732	0.0000	0.3412
182	1.0000	0.2737	0.0000	0.3433
183	1.0000	0.2594	0.0000	0.3456
184	1.0000	0.2680	0.0000	0.3477
185	1.0000	0.2035	0.0000	0.3496
186	1.0000	0.2424	0.0000	0.3507
187	1.0000	0.2921	0.0000	0.3528
188	1.0000	0.2458	0.0000	0.3545
189	1.0000	0.2713	0.0000	0.3556
190	1.0000	0.2791	0.0000	0.3569
191	1.0000	0.2700	0.0000	0.3582
192	1.0000	0.2603	0.0000	0.3597
193	1.0000	0.3056	0.0000	0.3610
194	1.0000	0.2781	0.0000	0.3627
195	1.0000	0.2210	0.0000	0.3648
196	1.0000	0.2760	0.0000	0.3666
197	1.0000	0.2479	0.0000	0.3678
198	1.0000	0.2762	0.0000	0.3697
199	1.0000	0.2153	0.0000	0.3713
200	1.0000	0.2422	0.0000	0.3727
201	1.0000	0.2758	0.0000	0.3739
202	1.0000	0.2535	0.0000	0.3756
203	1.0000	0.2506	0.0000	0.3767
204	1.0000	0.2803	0.0000	0.3782
205	1.0000	0.2622	0.0000	0.3798
206	1.0000	0.2727	0.0000	0.3818
207	1.0000	0.2411	0.0000	0.3838
208	1.0000	0.2814	0.0000	0.3858
209	1.0000	0.2442	0.0000	0.3871
210	1.0000	0.2310	0.0000	0.3885
211	1.0000	0.2497	0.0000	0.3898
212	1.0000	0.2881	0.0000	0.3912
213	1.0000	0.2710	0.0000	0.3924
214	1.0000	0.2554	0.0000	0.3935
215	1.0000	0.3070	0.0000	0.3945
216	1.0000	0.2617	0.0000	0.3956
217	1.0000	0.2918	0.0000	0.3967
218	1.0000	0.2588	0.0000	0.3988
219	1.0000	0.2430	0.0000	0.4003
220	1.0000	0.2873	0.0000	0.4014
221	1.0000	0.3339	0.0000	0.4026
222	1.0000	0.3309	0.0000	0.4044
223	1.0000	0.2753	0.0000	0.4058
224	1.0000	0.2416	0.0000	0.4073
225	1.0000	0.2414	0.0000	0.4084
226	1.0000	0.2695	0.0000	0.4099
227	1.0000	0.3185	0.0000	0.4111
228	1.0000	0.2898	0.0000	0.4127
229	1.0000	0.2785	0.0000	0.4140
230	1.0000	0.2473	0.0000	0.4151
231	1.0000	0.2781	0.0000	0.4165
232	1.0000	0.2998	0.0000	0.4180
233	1.0000	0.2483	0.0000	0.4192
234	1.0000	0.2556	0.0000	0.4202
235	1.0000	0.2715	0.0000	0.4215
236	1.0000	0.3108	0.0000	0.4227
237	1.0000	0.2303	0.0000	0.4242
238	1.0000	0.3264	0.0000	0.4254
239	1.0000	0.2699	0.0000	0.4264
240	1.0000	0.2897	0.0000	0.4281
241	1.0000	0.2945	0.0000	0.4293
242	1.0000	0.2261	0.0000	0.4308
243	1.0000	0.3104	0.0000	0.4327
244	1.0000	0.3174	0.0000	0.4340
245	1.0000	0.2222	0.0000	0.4354
246	1.0000	0.2568	0.0000	0.4365
247	1.0000	0.2312	0.0000	0.4379
248	1.0000	0.2581	0.0000	0.4400
249	1.0000	0.3177	0.0000	0.4414
250	1.0000	0.3185	0.0000	0.4428
251	1.0000	0.2792	0.0000	0.4438
252	1.0000	0.2766	0.0000	0.4458
253	1.0000	0.2738	0.0000	0.4471
254	1.0000	0.2975	0.0000	0.4485
255	1.0000	0.2608	0.0000	0.4498
256	1.0000	0.2504	0.0000	0.4516
257	1.0000	0.2956	0.0000	0.4528
258	1.0000	0.2786	0.0000	0.4541
259	1.0000	0.2648	0.0000	0.4561
260	1.0000	0.2435	0.0000	0.4573
261	1.0000	0.2670	0.0000	0.4586
262	1.0000	0.2659	0.0000	0.4599
263	1.0000	0.2847	0.0000	0.4609
264	1.0000	0.2926	0.0000	0.4620
265	1.0000	0.2656	0.0000	0.4631
266	1.0000	0.2725	0.0000	0.4645
267	1.0000	0.2726	0.0000	0.4664
268	1.0000	0.2731	0.0000	0.4677
269	1.0000	0.2661	0.0000	0.4691
270	1.0000	0.2536	0.0000	0.4705
271	1.0000	0.2308	0.0000	0.4715
272	1.0000	0.3124	0.0000	0.4728
273	1.0000	0.3234	0.0000	0.4741
274	1.0000	0.2651	0.0000	0.4751
275	1.0000	0.2881	0.0000	0.4761
276	1.0000	0.3114	0.0000	0.4782
277	1.0000	0.2287	0.0000	0.4795
278	1.0000	0.2459	0.0000	0.4809
279	1.0000	0.2588	0.0000	0.4822
280	1.0000	0.2281	0.0000	0.4837
281	1.0000	0.2452	0.0000	0.4851
282	1.0000	0.2241	0.0000	0.4863
283	1.0000	0.2854	0.0000	0.4877
284	1.0000	0.2682	0.0000	0.4890
285	1.0000	0.2638	0.0000	0.4910
286	1.0000	0.2491	0.0000	0.4919
287	1.0000	0.3100	0.0000	0.4931
288	1.0000	0.2624	0.0000	0.4942
289	1.0000	0.2889	0.0000	0.4953
290	1.0000	0.2919	0.0000	0.4963
291	1.0000	0.2762	0.0000	0.4982
292	1.0000	0.2811	0.0000	0.4992
293	1.0000	0.2524	0.0000	0.5003
294	1.0000	0.2916	0.0000	0.5015
295	1.0000	0.2577	0.0000	0.5028
296	1.0000	0.2499	0.0000	0.5042
297	1.0000	0.2364	0.0000	0.5054
298	1.0000	0.2044	0.0000	0.5067
299	1.0000	0.2756	0.0000	0.5079
300	1.0000	0.2487	0.0000	0.5092
301	1.0000	0.2989	0.0000	0.5104
302	1.0000	0.2543	0.0000	0.5122
303	1.0000	0.2397	0.0000	0.5141
304	1.0000	0.2339	0.0000	0.5153
305	1.0000	0.3275	0.0000	0.5166
306	1.0000	0.2144	0.0000	0.5177
307	1.0000	0.2757	0.0000	0.5188
308	1.0000	0.2834	0.0000	0.5201
309	1.0000	0.3231	0.0000	0.5213
310	1.0000	0.3058	0.0000	0.5227
311	1.0000	0.2839	0.0000	0.5239
312	1.0000	0.2348	0.0000	0.5250
313	1.0000	0.2195	0.0000	0.5261
314	1.0000	0.2431	0.0000	0.5278
315	1.0000	0.2247	0.0000	0.5290
316	1.0000	0.3108	0.0000	0.5303
317	1.0000	0.2697	0.0000	0.5317
318	1.0000	0.2412	0.0000	0.5335
319	1.0000	0.2292	0.0000	0.5348
320	1.0000	0.2276	0.0000	0.5362
321	1.0000	0.2738	0.0000	0.5376
322	1.0000	0.2340	0.0000	0.5388
323	1.0000	0.2845	0.0000	0.5407
324	1.0000	0.3058	0.0000	0.5421
325	1.0000	0.2257	0.0000	0.5432
326	1.0000	0.2775	0.0000	0.5444
327	1.0000	0.2705	0.0000	0.5460
328	1.0000	0.2944	0.0000	0.5473
329	1.0000	0.2644	0.0000	0.5482
330	1.0000	0.3120	0.0000	0.5501
331	1.0000	0.2654	0.0000	0.5520
332	1.0000	0.2459	0.0000	0.5540
Pos: [0.0796997797787223]

Run: 2
Iter	Gbest	AvrFit	Diver	ETime	
0	1.0000	0.2051	0.0000	0.0023
1	1.0000	0.2350	0.0000	0.0034
2	1.0000	0.2460	0.0000	0.0044
3	1.0000	0.2903	0.0000	0.0056
4	1.0000	0.2779	0.0000	0.0066
5	1.0000	0.2905	0.0000	0.0077
6	1.0000	0.2630	0.0000	0.0095
7	1.0000	0.2557	0.0000	0.0109
8	1.0000	0.1889	0.0000	0.0121
9	1.0000	0.2604	0.0000	0.0141
10	1.0000	0.2192	0.0000	0.0160
11	1.0000	0.3186	0.0000	0.0171
12	1.0000	0.3371	0.0000	0.0185
13	1.0000	0.3302	0.0000	0.0194
14	1.0000	0.3072	0.0000	0.0208
15	1.0000	0.2666	0.0000	0.0227
16	1.0000	0.2595	0.0000	0.0242
17	1.0000	0.2641	0.0000	0.0252
18	1.0000	0.2381	0.0000	0.0264
19	1.0000	0.2689	0.0000	0.0278
20	1.0000	0.2287	0.0000	0.0290
21	1.0000	0.2415	0.0000	0.0302
22	1.0000	0.3466	0.0000	0.0330
23	1.0000	0.2417	0.0000	0.0349
24	1.0000	0.2624	0.0000	0.0363
25	1.0000	0.2531	0.0000	0.0375
26	1.0000	0.2548	0.0000	0.0388
27	1.0000	0.2232	0.0000	0.0397
28	1.0000	0.2617	0.0000	0.0410
29	1.0000	0.2984	0.0000	0.0421
30	1.0000	0.2681	0.0000	0.0443
31	1.0000	0.2784	0.0000	0.0455
32	1.0000	0.2764	0.0000	0.0467
33	1.0000	0.2174	0.0000	0.0481
34	1.0000	0.2701	0.0000	0.0495
35	1.0000	0.2867	0.0000	0.0506
36	1.0000	0.2681	0.0000	0.0530
37	1.0000	0.1986	0.0000	0.0556
38	1.0000	0.2461	0.0000	0.0575
39	1.0000	0.2499	0.0000	0.0589
40	1.0000	0.2511	0.0000	0.0609
41	1.0000	0.2463	0.0000	0.0624
42	1.0000	0.2304	0.0000	0.0635
43	1.0000	0.3258	0.0000	0.0650
44	1.0000	0.2707	0.0000	0.0668
45	1.0000	0.2548	0.0000	0.0679
46	1.0000	0.3210	0.0000	0.0692
47	1.0000	0.2558	0.0000	0.0706
48	1.0000	0.2698	0.0000	0.0721
49	1.0000	0.2463	0.0000	0.0735
50	1.0000	0.2647	0.0000	0.0747
51	1.0000	0.2900	0.0000	0.0760
52	1.0000	0.2467	0.0000	0.0771
53	1.0000	0.2922	0.0000	0.0788
54	1.0000	0.2692	0.0000	0.0800
55	1.0000	0.2572	0.0000	0.0811
56	1.0000	0.2811	0.0000	0.0826
57	1.0000	0.2052	0.0000	0.0838
58	1.0000	0.2528	0.0000	0.0850
59	1.0000	0.2678	0.0000	0.0868
60	1.0000	0.3144	0.0000	0.0882
61	1.0000	0.1664	0.0000	0.0897
62	1.0000	0.2398	0.0000	0.0908
63	1.0000	0.2618	0.0000	0.0925
64	1.0000	0.3001	0.0000	0.0936
65	1.0000	0.3178	0.0000	0.0952
66	1.0000	0.2752	0.0000	0.0963
67	1.0000	0.2654	0.0000	0.0980
68	1.0000	0.2314	0.0000	0.1001
69	1.0000	0.3195	0.0000	0.1019
70	1.0000	0.1991	0.0000	0.1035
71	1.0000	0.2068	0.0000	0.1046
72	1.0000	0.2687	0.0000	0.1057
73	1.0000	0.3541	0.0000	0.1069
74	1.0000	0.3092	0.0000	0.1087
75	1.0000	0.3155	0.0000	0.1100
76	1.0000	0.2797	0.0000	0.1122
77	1.0000	0.2804	0.0000	0.1144
78	1.0000	0.2589	0.0000	0.1156
79	1.0000	0.2453	0.0000	0.1169
80	1.0000	0.3485	0.0000	0.1185
81	1.0000	0.2726	0.0000	0.1200
82	1.0000	0.2712	0.0000	0.1213
83	1.0000	0.2665	0.0000	0.1228
84	1.0000	0.2638	0.0000	0.1248
85	1.0000	0.2711	0.0000	0.1259
86	1.0000	0.2666	0.0000	0.1270
87	1.0000	0.2746	0.0000	0.1288
88	1.0000	0.2574	0.0000	0.1302
89	1.0000	0.2875	0.0000	0.1324
90	1.0000	0.2594	0.0000	0.1336
91	1.0000	0.3591	0.0000	0.1350
92	1.0000	0.2775	0.0000	0.1366
93	1.0000	0.2877	0.0000	0.1389
94	1.0000	0.2707	0.0000	0.1410
95	1.0000	0.2586	0.0000	0.1423
96	1.0000	0.2640	0.0000	0.1435
97	1.0000	0.2600	0.0000	0.1460
98	1.0000	0.2768	0.0000	0.1473
99	1.0000	0.3086	0.0000	0.1486
100	1.0000	0.2554	0.0000	0.1508
101	1.0000	0.2269	0.0000	0.1522
102	1.0000	0.2476	0.0000	0.1535
103	1.0000	0.2239	0.0000	0.1547
104	1.0000	0.2577	0.0000	0.1572
105	1.0000	0.2581	0.0000	0.1591
106	1.0000	0.2352	0.0000	0.1606
107	1.0000	0.2420	0.0000	0.1628
108	1.0000	0.2824	0.0000	0.1649
109	1.0000	0.2809	0.0000	0.1664
110	1.0000	0.2509	0.0000	0.1676
111	1.0000	0.2692	0.0000	0.1695
112	1.0000	0.2489	0.0000	0.1716
113	1.0000	0.2308	0.0000	0.1737
114	1.0000	0.2500	0.0000	0.1748
115	1.0000	0.2299	0.0000	0.1759
116	1.0000	0.2976	0.0000	0.1772
117	1.0000	0.2475	0.0000	0.1789
118	1.0000	0.2873	0.0000	0.1807
119	1.0000	0.2432	0.0000	0.1819
120	1.0000	0.2604	0.0000	0.1835
121	1.0000	0.2846	0.0000	0.1848
122	1.0000	0.2483	0.0000	0.1862
123	1.0000	0.2251	0.0000	0.1875
124	1.0000	0.2789	0.0000	0.1886
125	1.0000	0.2706	0.0000	0.1898
126	1.0000	0.3047	0.0000	0.1908
127	1.0000	0.3267	0.0000	0.1929
128	1.0000	0.2771	0.0000	0.1945
129	1.0000	0.2459	0.0000	0.1958
130	1.0000	0.2202	0.0000	0.1973
131	1.0000	0.2450	0.0000	0.1988
132	1.0000	0.1968	0.0000	0.1999
133	1.0000	0.2729	0.0000	0.2015
134	1.0000	0.2405	0.0000	0.2028
135	1.0000	0.2737	0.0000	0.2038
136	1.0000	0.3411	0.0000	0.2049
137	1.0000	0.2606	0.0000	0.2061
138	1.0000	0.3024	0.0000	0.2080
139	1.0000	0.2561	0.0000	0.2095
140	1.0000	0.2477	0.0000	0.2107
141	1.0000	0.2734	0.0000	0.2126
142	1.0000	0.2377	0.0000	0.2142
143	1.0000	0.2386	0.0000	0.2156
144	1.0000	0.2107	0.0000	0.2175
145	1.0000	0.2598	0.0000	0.2185
146	1.0000	0.2797	0.0000	0.2195
147	1.0000	0.2952	0.0000	0.2208
148	1.0000	0.2501	0.0000	0.2220
149	1.0000	0.2916	0.0000	0.2234
150	1.0000	0.2841	0.0000	0.2246
151	1.0000	0.2964	0.0000	0.2257
152	1.0000	0.3100	0.0000	0.2272
153	1.0000	0.3104	0.0000	0.2286
154	1.0000	0.2604	0.0000	0.2305
155	1.0000	0.2592	0.0000	0.2318
156	1.0000	0.2485	0.0000	0.2333
157	1.0000	0.3352	0.0000	0.2346
158	1.0000	0.2422	0.0000	0.2361
159	1.0000	0.2315	0.0000	0.2378
160	1.0000	0.2293	0.0000	0.2393
161	1.0000	0.2120	0.0000	0.2403
162	1.0000	0.2958	0.0000	0.2414
163	1.0000	0.2591	0.0000	0.2432
164	1.0000	0.2033	0.0000	0.2446
165	1.0000	0.2616	0.0000	0.2457
166	1.0000	0.3285	0.0000	0.2474
167	1.0000	0.2689	0.0000	0.2497
168	1.0000	0.2540	0.0000	0.2509
169	1.0000	0.2652	0.0000	0.2519
170	1.0000	0.3183	0.0000	0.2528
171	1.0000	0.2671	0.0000	0.2539
172	1.0000	0.2623	0.0000	0.2550
173	1.0000	0.2748	0.0000	0.2565
174	1.0000	0.3113	0.0000	0.2574
175	1.0000	0.2835	0.0000	0.2586
176	1.0000	0.2699	0.0000	0.2599
177	1.0000	0.2577	0.0000	0.2611
178	1.0000	0.2358	0.0000	0.2623
179	1.0000	0.2147	0.0000	0.2645
180	1.0000	0.2506	0.0000	0.2655
181	1.0000	0.3042	0.0000	0.2666
182	1.0000	0.2620	0.0000	0.2675
183	1.0000	0.2847	0.0000	0.2689
184	1.0000	0.2651	0.0000	0.2701
185	1.0000	0.2680	0.0000	0.2713
186	1.0000	0.3103	0.0000	0.2724
187	1.0000	0.3036	0.0000	0.2734
188	1.0000	0.2773	0.0000	0.2746
189	1.0000	0.2836	0.0000	0.2758
190	1.0000	0.2741	0.0000	0.2768
191	1.0000	0.2422	0.0000	0.2779
192	1.0000	0.2654	0.0000	0.2797
193	1.0000	0.2759	0.0000	0.2808
194	1.0000	0.2584	0.0000	0.2821
195	1.0000	0.3281	0.0000	0.2834
196	1.0000	0.2230	0.0000	0.2847
197	1.0000	0.2176	0.0000	0.2857
198	1.0000	0.2849	0.0000	0.2872
199	1.0000	0.2949	0.0000	0.2886
200	1.0000	0.2633	0.0000	0.2898
201	1.0000	0.2840	0.0000	0.2908
202	1.0000	0.2715	0.0000	0.2922
203	1.0000	0.2583	0.0000	0.2940
204	1.0000	0.1983	0.0000	0.2953
205	1.0000	0.2591	0.0000	0.2970
206	1.0000	0.2259	0.0000	0.2980
207	1.0000	0.3041	0.0000	0.2991
208	1.0000	0.2987	0.0000	0.3004
209	1.0000	0.2712	0.0000	0.3016
210	1.0000	0.3011	0.0000	0.3027
211	1.0000	0.2946	0.0000	0.3040
212	1.0000	0.2950	0.0000	0.3059
213	1.0000	0.2219	0.0000	0.3072
214	1.0000	0.2709	0.0000	0.3090
215	1.0000	0.2193	0.0000	0.3110
216	1.0000	0.2587	0.0000	0.3125
217	1.0000	0.2440	0.0000	0.3138
218	1.0000	0.2422	0.0000	0.3156
219	1.0000	0.2602	0.0000	0.3181
220	1.0000	0.2662	0.0000	0.3203
221	1.0000	0.2526	0.0000	0.3214
222	1.0000	0.2474	0.0000	0.3226
223	1.0000	0.2902	0.0000	0.3241
224	1.0000	0.2580	0.0000	0.3256
225	1.0000	0.3253	0.0000	0.3273
226	1.0000	0.2600	0.0000	0.3294
227	1.0000	0.2767	0.0000	0.3314
228	1.0000	0.2266	0.0000	0.3333
229	1.0000	0.2283	0.0000	0.3350
230	1.0000	0.2757	0.0000	0.3364
231	1.0000	0.2121	0.0000	0.3375
232	1.0000	0.2517	0.0000	0.3385
233	1.0000	0.2748	0.0000	0.3401
234	1.0000	0.2543	0.0000	0.3412
235	1.0000	0.2998	0.0000	0.3422
236	1.0000	0.2954	0.0000	0.3436
237	1.0000	0.2906	0.0000	0.3448
238	1.0000	0.2684	0.0000	0.3462
239	1.0000	0.2622	0.0000	0.3475
240	1.0000	0.2760	0.0000	0.3488
241	1.0000	0.2647	0.0000	0.3505
242	1.0000	0.2685	0.0000	0.3515
243	1.0000	0.2437	0.0000	0.3532
244	1.0000	0.2491	0.0000	0.3549
245	1.0000	0.2066	0.0000	0.3559
246	1.0000	0.2919	0.0000	0.3569
247	1.0000	0.2616	0.0000	0.3587
248	1.0000	0.2593	0.0000	0.3599
249	1.0000	0.2781	0.0000	0.3610
250	1.0000	0.2288	0.0000	0.3632
251	1.0000	0.2887	0.0000	0.3646
252	1.0000	0.2546	0.0000	0.3658
253	1.0000	0.2806	0.0000	0.3681
254	1.0000	0.2353	0.0000	0.3700
255	1.0000	0.2480	0.0000	0.3722
256	1.0000	0.2417	0.0000	0.3739
257	1.0000	0.2962	0.0000	0.3749
258	1.0000	0.2534	0.0000	0.3762
259	1.0000	0.2902	0.0000	0.3772
260	1.0000	0.2843	0.0000	0.3782
261	1.0000	0.2472	0.0000	0.3803
262	1.0000	0.2550	0.0000	0.3817
263	1.0000	0.2816	0.0000	0.3838
264	1.0000	0.2854	0.0000	0.3850
265	1.0000	0.2915	0.0000	0.3859
266	1.0000	0.2860	0.0000	0.3873
267	1.0000	0.2896	0.0000	0.3887
268	1.0000	0.3023	0.0000	0.3896
269	1.0000	0.2911	0.0000	0.3908
270	1.0000	0.3087	0.0000	0.3923
271	1.0000	0.2996	0.0000	0.3936
272	1.0000	0.3040	0.0000	0.3946
273	1.0000	0.2872	0.0000	0.3965
274	1.0000	0.2887	0.0000	0.3978
275	1.0000	0.3130	0.0000	0.3992
276	1.0000	0.3033	0.0000	0.4007
277	1.0000	0.2676	0.0000	0.4022
278	1.0000	0.2992	0.0000	0.4032
279	1.0000	0.2535	0.0000	0.4047
280	1.0000	0.3466	0.0000	0.4060
281	1.0000	0.1975	0.0000	0.4083
282	1.0000	0.3555	0.0000	0.4099
283	1.0000	0.2879	0.0000	0.4117
284	1.0000	0.2563	0.0000	0.4131
285	1.0000	0.2545	0.0000	0.4146
286	1.0000	0.2892	0.0000	0.4158
287	1.0000	0.2881	0.0000	0.4175
288	1.0000	0.2493	0.0000	0.4188
289	1.0000	0.2855	0.0000	0.4209
290	1.0000	0.2626	0.0000	0.4228
291	1.0000	0.2410	0.0000	0.4240
292	1.0000	0.3050	0.0000	0.4250
293	1.0000	0.3370	0.0000	0.4266
294	1.0000	0.2406	0.0000	0.4278
295	1.0000	0.2686	0.0000	0.4287
296	1.0000	0.2875	0.0000	0.4301
297	1.0000	0.2626	0.0000	0.4315
298	1.0000	0.2493	0.0000	0.4326
299	1.0000	0.2988	0.0000	0.4342
300	1.0000	0.2652	0.0000	0.4356
301	1.0000	0.2513	0.0000	0.4368
302	1.0000	0.2421	0.0000	0.4384
303	1.0000	0.2482	0.0000	0.4396
304	1.0000	0.2833	0.0000	0.4408
305	1.0000	0.2151	0.0000	0.4419
306	1.0000	0.2348	0.0000	0.4439
307	1.0000	0.2086	0.0000	0.4453
308	1.0000	0.2735	0.0000	0.4462
309	1.0000	0.3620	0.0000	0.4476
310	1.0000	0.2365	0.0000	0.4488
311	1.0000	0.2787	0.0000	0.4501
312	1.0000	0.2500	0.0000	0.4521
313	1.0000	0.2508	0.0000	0.4536
314	1.0000	0.2736	0.0000	0.4549
315	1.0000	0.2665	0.0000	0.4563
316	1.0000	0.3040	0.0000	0.4575
317	1.0000	0.2452	0.0000	0.4593
318	1.0000	0.2685	0.0000	0.4610
319	1.0000	0.2052	0.0000	0.4623
320	1.0000	0.3187	0.0000	0.4635
321	1.0000	0.2442	0.0000	0.4648
322	1.0000	0.3126	0.0000	0.4662
323	1.0000	0.2904	0.0000	0.4682
324	1.0000	0.2281	0.0000	0.4699
325	1.0000	0.2167	0.0000	0.4715
326	1.0000	0.2816	0.0000	0.4733
327	1.0000	0.2515	0.0000	0.4752
328	1.0000	0.2688	0.0000	0.4766
329	1.0000	0.2778	0.0000	0.4787
330	1.0000	0.2292	0.0000	0.4801
331	1.0000	0.2438	0.0000	0.4813
332	1.0000	0.2990	0.0000	0.4834
Pos: [0.07969977975600188]

Run: 3
Iter	Gbest	AvrFit	Diver	ETime	
0	0.9990	0.2030	0.0000	0.0021
1	0.9991	0.2597	0.0000	0.0042
2	0.9995	0.2624	0.0000	0.0053
3	0.9995	0.1835	0.0000	0.0073
4	1.0000	0.2368	0.0000	0.0087
5	1.0000	0.2734	0.0000	0.0101
6	1.0000	0.3020	0.0000	0.0118
7	1.0000	0.2900	0.0000	0.0129
8	1.0000	0.3164	0.0000	0.0142
9	1.0000	0.2701	0.0000	0.0153
10	1.0000	0.2898	0.0000	0.0167
11	1.0000	0.2653	0.0000	0.0186
12	1.0000	0.2760	0.0000	0.0202
13	1.0000	0.1892	0.0000	0.0215
14	1.0000	0.2535	0.0000	0.0231
15	1.0000	0.2560	0.0000	0.0243
16	1.0000	0.2264	0.0000	0.0253
17	1.0000	0.3009	0.0000	0.0265
18	1.0000	0.2670	0.0000	0.0285
19	1.0000	0.2423	0.0000	0.0298
20	1.0000	0.2723	0.0000	0.0318
21	1.0000	0.2023	0.0000	0.0335
22	1.0000	0.2756	0.0000	0.0345
23	1.0000	0.2569	0.0000	0.0365
24	1.0000	0.2474	0.0000	0.0377
25	1.0000	0.2313	0.0000	0.0388
26	1.0000	0.2673	0.0000	0.0401
27	1.0000	0.3189	0.0000	0.0413
28	1.0000	0.3079	0.0000	0.0436
29	1.0000	0.2642	0.0000	0.0449
30	1.0000	0.2857	0.0000	0.0462
31	1.0000	0.2278	0.0000	0.0475
32	1.0000	0.2774	0.0000	0.0488
33	1.0000	0.2587	0.0000	0.0499
34	1.0000	0.2774	0.0000	0.0514
35	1.0000	0.2652	0.0000	0.0527
36	1.0000	0.2802	0.0000	0.0537
37	1.0000	0.2873	0.0000	0.0548
38	1.0000	0.2749	0.0000	0.0561
39	1.0000	0.2456	0.0000	0.0572
40	1.0000	0.3156	0.0000	0.0583
41	1.0000	0.3221	0.0000	0.0594
42	1.0000	0.2305	0.0000	0.0612
43	1.0000	0.2232	0.0000	0.0628
44	1.0000	0.2776	0.0000	0.0643
45	1.0000	0.2559	0.0000	0.0656
46	1.0000	0.2659	0.0000	0.0671
47	1.0000	0.2441	0.0000	0.0680
48	1.0000	0.3380	0.0000	0.0693
49	1.0000	0.2787	0.0000	0.0705
50	1.0000	0.2599	0.0000	0.0725
51	1.0000	0.2526	0.0000	0.0747
52	1.0000	0.2609	0.0000	0.0773
53	1.0000	0.2141	0.0000	0.0784
54	1.0000	0.2886	0.0000	0.0805
55	1.0000	0.2606	0.0000	0.0822
56	1.0000	0.2114	0.0000	0.0835
57	1.0000	0.2779	0.0000	0.0848
58	1.0000	0.2379	0.0000	0.0862
59	1.0000	0.2739	0.0000	0.0881
60	1.0000	0.2424	0.0000	0.0901
61	1.0000	0.2788	0.0000	0.0915
62	1.0000	0.2831	0.0000	0.0931
63	1.0000	0.2880	0.0000	0.0943
64	1.0000	0.2738	0.0000	0.0955
65	1.0000	0.2691	0.0000	0.0972
66	1.0000	0.2586	0.0000	0.0988
67	1.0000	0.2153	0.0000	0.1015
68	1.0000	0.2131	0.0000	0.1028
69	1.0000	0.2939	0.0000	0.1044
70	1.0000	0.2688	0.0000	0.1068
71	1.0000	0.2183	0.0000	0.1083
72	1.0000	0.2905	0.0000	0.1102
73	1.0000	0.2784	0.0000	0.1116
74	1.0000	0.2433	0.0000	0.1129
75	1.0000	0.2679	0.0000	0.1143
76	1.0000	0.2855	0.0000	0.1156
77	1.0000	0.2799	0.0000	0.1173
78	1.0000	0.2989	0.0000	0.1190
79	1.0000	0.2882	0.0000	0.1208
80	1.0000	0.2216	0.0000	0.1232
81	1.0000	0.2302	0.0000	0.1244
82	1.0000	0.3085	0.0000	0.1258
83	1.0000	0.2613	0.0000	0.1272
84	1.0000	0.2660	0.0000	0.1285
85	1.0000	0.2221	0.0000	0.1298
86	1.0000	0.1960	0.0000	0.1312
87	1.0000	0.2492	0.0000	0.1331
88	1.0000	0.2277	0.0000	0.1341
89	1.0000	0.2752	0.0000	0.1359
90	1.0000	0.2689	0.0000	0.1370
91	1.0000	0.2840	0.0000	0.1384
92	1.0000	0.2527	0.0000	0.1399
93	1.0000	0.2701	0.0000	0.1411
94	1.0000	0.3271	0.0000	0.1422
95	1.0000	0.2922	0.0000	0.1434
96	1.0000	0.2798	0.0000	0.1445
97	1.0000	0.2551	0.0000	0.1454
98	1.0000	0.2848	0.0000	0.1466
99	1.0000	0.2824	0.0000	0.1481
100	1.0000	0.2643	0.0000	0.1494
101	1.0000	0.3139	0.0000	0.1510
102	1.0000	0.2651	0.0000	0.1522
103	1.0000	0.2940	0.0000	0.1534
104	1.0000	0.2689	0.0000	0.1549
105	1.0000	0.2913	0.0000	0.1564
106	1.0000	0.3036	0.0000	0.1583
107	1.0000	0.2741	0.0000	0.1594
108	1.0000	0.2724	0.0000	0.1607
109	1.0000	0.2479	0.0000	0.1622
110	1.0000	0.2523	0.0000	0.1635
111	1.0000	0.3395	0.0000	0.1647
112	1.0000	0.2832	0.0000	0.1660
113	1.0000	0.3144	0.0000	0.1675
114	1.0000	0.2838	0.0000	0.1689
115	1.0000	0.3056	0.0000	0.1703
116	1.0000	0.2598	0.0000	0.1713
117	1.0000	0.2856	0.0000	0.1723
118	1.0000	0.2664	0.0000	0.1732
119	1.0000	0.3213	0.0000	0.1744
120	1.0000	0.2677	0.0000	0.1759
121	1.0000	0.2615	0.0000	0.1767
122	1.0000	0.2737	0.0000	0.1780
123	1.0000	0.2153	0.0000	0.1788
124	1.0000	0.3164	0.0000	0.1799
125	1.0000	0.3165	0.0000	0.1817
126	1.0000	0.2731	0.0000	0.1831
127	1.0000	0.2872	0.0000	0.1842
128	1.0000	0.2375	0.0000	0.1851
129	1.0000	0.2680	0.0000	0.1860
130	1.0000	0.2886	0.0000	0.1869
131	1.0000	0.3278	0.0000	0.1878
132	1.0000	0.3229	0.0000	0.1887
133	1.0000	0.2836	0.0000	0.1898
134	1.0000	0.2465	0.0000	0.1907
135	1.0000	0.3027	0.0000	0.1928
136	1.0000	0.2254	0.0000	0.1941
137	1.0000	0.2171	0.0000	0.1955
138	1.0000	0.2796	0.0000	0.1965
139	1.0000	0.2679	0.0000	0.1979
140	1.0000	0.2614	0.0000	0.1990
141	1.0000	0.2233	0.0000	0.2006
142	1.0000	0.2606	0.0000	0.2015
143	1.0000	0.2463	0.0000	0.2025
144	1.0000	0.2882	0.0000	0.2041
145	1.0000	0.3031	0.0000	0.2052
146	1.0000	0.2380	0.0000	0.2063
147	1.0000	0.3215	0.0000	0.2073
148	1.0000	0.2436	0.0000	0.2087
149	1.0000	0.2335	0.0000	0.2097
150	1.0000	0.2575	0.0000	0.2115
151	1.0000	0.2815	0.0000	0.2128
152	1.0000	0.2847	0.0000	0.2138
153	1.0000	0.2895	0.0000	0.2150
154	1.0000	0.2968	0.0000	0.2169
155	1.0000	0.2598	0.0000	0.2187
156	1.0000	0.2907	0.0000	0.2201
157	1.0000	0.2788	0.0000	0.2212
158	1.0000	0.3160	0.0000	0.2221
159	1.0000	0.2626	0.0000	0.2230
160	1.0000	0.3007	0.0000	0.2242
161	1.0000	0.2337	0.0000	0.2253
162	1.0000	0.2812	0.0000	0.2264
163	1.0000	0.2568	0.0000	0.2275
164	1.0000	0.3031	0.0000	0.2287
165	1.0000	0.2582	0.0000	0.2296
166	1.0000	0.2400	0.0000	0.2306
167	1.0000	0.2424	0.0000	0.2318
168	1.0000	0.2836	0.0000	0.2335
169	1.0000	0.2058	0.0000	0.2352
170	1.0000	0.2082	0.0000	0.2363
171	1.0000	0.3060	0.0000	0.2373
172	1.0000	0.2363	0.0000	0.2385
173	1.0000	0.2843	0.0000	0.2396
174	1.0000	0.3043	0.0000	0.2409
175	1.0000	0.2069	0.0000	0.2422
176	1.0000	0.2815	0.0000	0.2438
177	1.0000	0.2732	0.0000	0.2450
178	1.0000	0.2463	0.0000	0.2462
179	1.0000	0.3161	0.0000	0.2473
180	1.0000	0.2353	0.0000	0.2484
181	1.0000	0.2681	0.0000	0.2493
182	1.0000	0.2820	0.0000	0.2502
183	1.0000	0.2673	0.0000	0.2511
184	1.0000	0.2887	0.0000	0.2528
185	1.0000	0.2632	0.0000	0.2544
186	1.0000	0.2557	0.0000	0.2555
187	1.0000	0.3500	0.0000	0.2567
188	1.0000	0.2681	0.0000	0.2577
189	1.0000	0.2710	0.0000	0.2588
190	1.0000	0.2749	0.0000	0.2600
191	1.0000	0.2668	0.0000	0.2617
192	1.0000	0.2684	0.0000	0.2627
193	1.0000	0.2804	0.0000	0.2645
194	1.0000	0.2867	0.0000	0.2657
195	1.0000	0.2163	0.0000	0.2668
196	1.0000	0.2570	0.0000	0.2683
197	1.0000	0.2247	0.0000	0.2694
198	1.0000	0.3253	0.0000	0.2705
199	1.0000	0.2880	0.0000	0.2715
200	1.0000	0.2730	0.0000	0.2726
201	1.0000	0.2766	0.0000	0.2738
202	1.0000	0.2677	0.0000	0.2749
203	1.0000	0.2280	0.0000	0.2762
204	1.0000	0.2193	0.0000	0.2780
205	1.0000	0.2556	0.0000	0.2793
206	1.0000	0.3286	0.0000	0.2803
207	1.0000	0.3009	0.0000	0.2815
208	1.0000	0.2857	0.0000	0.2828
209	1.0000	0.2719	0.0000	0.2837
210	1.0000	0.2880	0.0000	0.2853
211	1.0000	0.3451	0.0000	0.2868
212	1.0000	0.2734	0.0000	0.2880
213	1.0000	0.2517	0.0000	0.2895
214	1.0000	0.3325	0.0000	0.2905
215	1.0000	0.2840	0.0000	0.2916
216	1.0000	0.2726	0.0000	0.2928
217	1.0000	0.2283	0.0000	0.2940
218	1.0000	0.2759	0.0000	0.2956
219	1.0000	0.3259	0.0000	0.2967
220	1.0000	0.2961	0.0000	0.2977
221	1.0000	0.2612	0.0000	0.2989
222	1.0000	0.2451	0.0000	0.2999
223	1.0000	0.2963	0.0000	0.3011
224	1.0000	0.2665	0.0000	0.3025
225	1.0000	0.2850	0.0000	0.3036
226	1.0000	0.3357	0.0000	0.3048
227	1.0000	0.3174	0.0000	0.3060
228	1.0000	0.2864	0.0000	0.3072
229	1.0000	0.2615	0.0000	0.3083
230	1.0000	0.2958	0.0000	0.3093
231	1.0000	0.2620	0.0000	0.3105
232	1.0000	0.2394	0.0000	0.3116
233	1.0000	0.2883	0.0000	0.3129
234	1.0000	0.2713	0.0000	0.3140
235	1.0000	0.2789	0.0000	0.3154
236	1.0000	0.2680	0.0000	0.3165
237	1.0000	0.2801	0.0000	0.3176
238	1.0000	0.2694	0.0000	0.3188
239	1.0000	0.2388	0.0000	0.3200
240	1.0000	0.2562	0.0000	0.3210
241	1.0000	0.2786	0.0000	0.3219
242	1.0000	0.3275	0.0000	0.3228
243	1.0000	0.2784	0.0000	0.3237
244	1.0000	0.2291	0.0000	0.3253
245	1.0000	0.2429	0.0000	0.3263
246	1.0000	0.3067	0.0000	0.3286
247	1.0000	0.2499	0.0000	0.3295
248	1.0000	0.2677	0.0000	0.3308
249	1.0000	0.2972	0.0000	0.3319
250	1.0000	0.2913	0.0000	0.3330
251	1.0000	0.2665	0.0000	0.3341
252	1.0000	0.2752	0.0000	0.3352
253	1.0000	0.3216	0.0000	0.3365
254	1.0000	0.2676	0.0000	0.3381
255	1.0000	0.2476	0.0000	0.3391
256	1.0000	0.3242	0.0000	0.3404
257	1.0000	0.2762	0.0000	0.3417
258	1.0000	0.3002	0.0000	0.3435
259	1.0000	0.2568	0.0000	0.3450
260	1.0000	0.2374	0.0000	0.3463
261	1.0000	0.2931	0.0000	0.3482
262	1.0000	0.2389	0.0000	0.3495
263	1.0000	0.2601	0.0000	0.3507
264	1.0000	0.2933	0.0000	0.3518
265	1.0000	0.2647	0.0000	0.3533
266	1.0000	0.2689	0.0000	0.3547
267	1.0000	0.2097	0.0000	0.3559
268	1.0000	0.2669	0.0000	0.3571
269	1.0000	0.2698	0.0000	0.3586
270	1.0000	0.2497	0.0000	0.3599
271	1.0000	0.2601	0.0000	0.3618
272	1.0000	0.2159	0.0000	0.3629
273	1.0000	0.3048	0.0000	0.3645
274	1.0000	0.2998	0.0000	0.3658
275	1.0000	0.2871	0.0000	0.3672
276	1.0000	0.2809	0.0000	0.3691
277	1.0000	0.2271	0.0000	0.3708
278	1.0000	0.2541	0.0000	0.3724
279	1.0000	0.3054	0.0000	0.3738
280	1.0000	0.2456	0.0000	0.3755
281	1.0000	0.3071	0.0000	0.3768
282	1.0000	0.2727	0.0000	0.3780
283	1.0000	0.2618	0.0000	0.3791
284	1.0000	0.2713	0.0000	0.3801
285	1.0000	0.3172	0.0000	0.3812
286	1.0000	0.3005	0.0000	0.3826
287	1.0000	0.2227	0.0000	0.3842
288	1.0000	0.2934	0.0000	0.3856
289	1.0000	0.2537	0.0000	0.3867
290	1.0000	0.2925	0.0000	0.3877
291	1.0000	0.2952	0.0000	0.3888
292	1.0000	0.2800	0.0000	0.3904
293	1.0000	0.2393	0.0000	0.3922
294	1.0000	0.2662	0.0000	0.3935
295	1.0000	0.2648	0.0000	0.3950
296	1.0000	0.2703	0.0000	0.3968
297	1.0000	0.2847	0.0000	0.3978
298	1.0000	0.3191	0.0000	0.3988
299	1.0000	0.2192	0.0000	0.3999
300	1.0000	0.2817	0.0000	0.4015
301	1.0000	0.2486	0.0000	0.4033
302	1.0000	0.2762	0.0000	0.4045
303	1.0000	0.2658	0.0000	0.4057
304	1.0000	0.2739	0.0000	0.4067
305	1.0000	0.2261	0.0000	0.4080
306	1.0000	0.3082	0.0000	0.4097
307	1.0000	0.2120	0.0000	0.4115
308	1.0000	0.2773	0.0000	0.4126
309	1.0000	0.2964	0.0000	0.4141
310	1.0000	0.3174	0.0000	0.4153
311	1.0000	0.3042	0.0000	0.4165
312	1.0000	0.2971	0.0000	0.4179
313	1.0000	0.2631	0.0000	0.4201
314	1.0000	0.2740	0.0000	0.4226
315	1.0000	0.2894	0.0000	0.4244
316	1.0000	0.2486	0.0000	0.4280
317	1.0000	0.3257	0.0000	0.4303
318	1.0000	0.2749	0.0000	0.4323
319	1.0000	0.2398	0.0000	0.4342
320	1.0000	0.2884	0.0000	0.4367
321	1.0000	0.2710	0.0000	0.4388
322	1.0000	0.2758	0.0000	0.4413
323	1.0000	0.2828	0.0000	0.4428
324	1.0000	0.2920	0.0000	0.4449
325	1.0000	0.2925	0.0000	0.4466
326	1.0000	0.2852	0.0000	0.4485
327	1.0000	0.2934	0.0000	0.4504
328	1.0000	0.3126	0.0000	0.4526
329	1.0000	0.2832	0.0000	0.4562
330	1.0000	0.2599	0.0000	0.4585
331	1.0000	0.2798	0.0000	0.4610
332	1.0000	0.2648	0.0000	0.4632
Pos: [0.0796997796632384]

Run: 4
Iter	Gbest	AvrFit	Diver	ETime	
0	0.9963	0.2095	0.0000	0.0038
1	1.0000	0.2590	0.0000	0.0059
2	1.0000	0.2480	0.0000	0.0081
3	1.0000	0.2525	0.0000	0.0100
4	1.0000	0.2676	0.0000	0.0125
5	1.0000	0.2931	0.0000	0.0160
6	1.0000	0.2391	0.0000	0.0180
7	1.0000	0.2553	0.0000	0.0203
8	1.0000	0.2921	0.0000	0.0219
9	1.0000	0.3041	0.0000	0.0240
10	1.0000	0.2289	0.0000	0.0269
11	1.0000	0.2993	0.0000	0.0293
12	1.0000	0.2264	0.0000	0.0312
13	1.0000	0.2503	0.0000	0.0339
14	1.0000	0.2950	0.0000	0.0359
15	1.0000	0.2596	0.0000	0.0377
16	1.0000	0.2670	0.0000	0.0398
17	1.0000	0.3104	0.0000	0.0421
18	1.0000	0.2693	0.0000	0.0445
19	1.0000	0.3029	0.0000	0.0461
20	1.0000	0.3100	0.0000	0.0485
21	1.0000	0.2998	0.0000	0.0503
22	1.0000	0.2438	0.0000	0.0537
23	1.0000	0.2859	0.0000	0.0560
24	1.0000	0.3288	0.0000	0.0583
25	1.0000	0.2863	0.0000	0.0601
26	1.0000	0.2867	0.0000	0.0623
27	1.0000	0.2728	0.0000	0.0644
28	1.0000	0.2432	0.0000	0.0652
29	1.0000	0.3273	0.0000	0.0663
30	1.0000	0.2492	0.0000	0.0673
31	1.0000	0.2795	0.0000	0.0686
32	1.0000	0.2609	0.0000	0.0704
33	1.0000	0.2405	0.0000	0.0714
34	1.0000	0.2439	0.0000	0.0725
35	1.0000	0.2856	0.0000	0.0736
36	1.0000	0.3098	0.0000	0.0746
37	1.0000	0.2884	0.0000	0.0755
38	1.0000	0.2530	0.0000	0.0764
39	1.0000	0.2866	0.0000	0.0776
40	1.0000	0.2634	0.0000	0.0786
41	1.0000	0.3150	0.0000	0.0795
42	1.0000	0.2772	0.0000	0.0807
43	1.0000	0.2549	0.0000	0.0824
44	1.0000	0.2331	0.0000	0.0833
45	1.0000	0.3233	0.0000	0.0843
46	1.0000	0.2511	0.0000	0.0856
47	1.0000	0.2396	0.0000	0.0869
48	1.0000	0.2626	0.0000	0.0882
49	1.0000	0.2302	0.0000	0.0893
50	1.0000	0.3673	0.0000	0.0903
51	1.0000	0.3054	0.0000	0.0915
52	1.0000	0.2415	0.0000	0.0932
53	1.0000	0.2295	0.0000	0.0944
54	1.0000	0.2199	0.0000	0.0959
55	1.0000	0.2740	0.0000	0.0970
56	1.0000	0.2908	0.0000	0.0982
57	1.0000	0.2416	0.0000	0.0999
58	1.0000	0.2610	0.0000	0.1010
59	1.0000	0.2878	0.0000	0.1023
60	1.0000	0.2589	0.0000	0.1038
61	1.0000	0.2411	0.0000	0.1050
62	1.0000	0.3121	0.0000	0.1060
63	1.0000	0.3090	0.0000	0.1073
64	1.0000	0.2612	0.0000	0.1086
65	1.0000	0.2634	0.0000	0.1095
66	1.0000	0.2775	0.0000	0.1114
67	1.0000	0.2293	0.0000	0.1124
68	1.0000	0.2870	0.0000	0.1141
69	1.0000	0.2142	0.0000	0.1160
70	1.0000	0.2531	0.0000	0.1173
71	1.0000	0.2678	0.0000	0.1182
72	1.0000	0.3264	0.0000	0.1190
73	1.0000	0.3042	0.0000	0.1204
74	1.0000	0.2414	0.0000	0.1215
75	1.0000	0.2712	0.0000	0.1230
76	1.0000	0.3271	0.0000	0.1248
77	1.0000	0.2711	0.0000	0.1258
78	1.0000	0.2721	0.0000	0.1270
79	1.0000	0.3192	0.0000	0.1284
80	1.0000	0.3114	0.0000	0.1296
81	1.0000	0.2526	0.0000	0.1309
82	1.0000	0.2843	0.0000	0.1320
83	1.0000	0.2277	0.0000	0.1338
84	1.0000	0.2925	0.0000	0.1349
85	1.0000	0.2378	0.0000	0.1368
86	1.0000	0.2235	0.0000	0.1379
87	1.0000	0.2863	0.0000	0.1397
88	1.0000	0.2497	0.0000	0.1407
89	1.0000	0.3075	0.0000	0.1416
90	1.0000	0.2881	0.0000	0.1425
91	1.0000	0.3132	0.0000	0.1439
92	1.0000	0.2546	0.0000	0.1453
93	1.0000	0.2915	0.0000	0.1468
94	1.0000	0.2675	0.0000	0.1480
95	1.0000	0.3025	0.0000	0.1491
96	1.0000	0.2456	0.0000	0.1505
97	1.0000	0.1811	0.0000	0.1515
98	1.0000	0.3055	0.0000	0.1527
99	1.0000	0.2544	0.0000	0.1539
100	1.0000	0.2875	0.0000	0.1553
101	1.0000	0.2478	0.0000	0.1571
102	1.0000	0.2472	0.0000	0.1581
103	1.0000	0.2324	0.0000	0.1594
104	1.0000	0.1940	0.0000	0.1605
105	1.0000	0.2360	0.0000	0.1622
106	1.0000	0.3159	0.0000	0.1634
107	1.0000	0.2625	0.0000	0.1651
108	1.0000	0.2709	0.0000	0.1661
109	1.0000	0.2573	0.0000	0.1676
110	1.0000	0.2963	0.0000	0.1688
111	1.0000	0.2580	0.0000	0.1699
112	1.0000	0.2209	0.0000	0.1717
113	1.0000	0.2648	0.0000	0.1732
114	1.0000	0.2889	0.0000	0.1742
115	1.0000	0.2568	0.0000	0.1760
116	1.0000	0.2376	0.0000	0.1773
117	1.0000	0.2694	0.0000	0.1782
118	1.0000	0.2915	0.0000	0.1792
119	1.0000	0.2921	0.0000	0.1809
120	1.0000	0.2384	0.0000	0.1821
121	1.0000	0.2784	0.0000	0.1839
122	1.0000	0.2410	0.0000	0.1850
123	1.0000	0.2164	0.0000	0.1863
124	1.0000	0.2898	0.0000	0.1877
125	1.0000	0.2630	0.0000	0.1886
126	1.0000	0.3046	0.0000	0.1898
127	1.0000	0.2857	0.0000	0.1919
128	1.0000	0.2540	0.0000	0.1940
129	1.0000	0.2005	0.0000	0.1951
130	1.0000	0.2589	0.0000	0.1964
131	1.0000	0.3409	0.0000	0.1976
132	1.0000	0.2588	0.0000	0.1988
133	1.0000	0.3365	0.0000	0.2008
134	1.0000	0.2688	0.0000	0.2018
135	1.0000	0.3318	0.0000	0.2038
136	1.0000	0.2801	0.0000	0.2051
137	1.0000	0.2771	0.0000	0.2063
138	1.0000	0.2654	0.0000	0.2076
139	1.0000	0.2807	0.0000	0.2090
140	1.0000	0.2419	0.0000	0.2110
141	1.0000	0.2715	0.0000	0.2123
142	1.0000	0.2808	0.0000	0.2132
143	1.0000	0.3185	0.0000	0.2152
144	1.0000	0.2436	0.0000	0.2173
145	1.0000	0.2634	0.0000	0.2187
146	1.0000	0.2639	0.0000	0.2203
147	1.0000	0.2619	0.0000	0.2213
148	1.0000	0.2787	0.0000	0.2223
149	1.0000	0.2929	0.0000	0.2235
150	1.0000	0.2954	0.0000	0.2245
151	1.0000	0.2586	0.0000	0.2258
152	1.0000	0.3020	0.0000	0.2273
153	1.0000	0.2599	0.0000	0.2292
154	1.0000	0.2903	0.0000	0.2303
155	1.0000	0.2931	0.0000	0.2313
156	1.0000	0.2483	0.0000	0.2332
157	1.0000	0.2527	0.0000	0.2345
158	1.0000	0.2939	0.0000	0.2359
159	1.0000	0.3126	0.0000	0.2368
160	1.0000	0.2949	0.0000	0.2380
161	1.0000	0.2687	0.0000	0.2392
162	1.0000	0.2880	0.0000	0.2403
163	1.0000	0.2572	0.0000	0.2413
164	1.0000	0.2560	0.0000	0.2433
165	1.0000	0.2498	0.0000	0.2446
166	1.0000	0.2504	0.0000	0.2456
167	1.0000	0.2953	0.0000	0.2475
168	1.0000	0.2264	0.0000	0.2492
169	1.0000	0.2416	0.0000	0.2506
170	1.0000	0.2503	0.0000	0.2517
171	1.0000	0.2836	0.0000	0.2530
172	1.0000	0.2588	0.0000	0.2542
173	1.0000	0.2561	0.0000	0.2559
174	1.0000	0.2415	0.0000	0.2571
175	1.0000	0.2847	0.0000	0.2584
176	1.0000	0.2500	0.0000	0.2604
177	1.0000	0.2244	0.0000	0.2615
178	1.0000	0.2099	0.0000	0.2626
179	1.0000	0.2869	0.0000	0.2637
180	1.0000	0.2868	0.0000	0.2647
181	1.0000	0.2792	0.0000	0.2661
182	1.0000	0.2423	0.0000	0.2672
183	1.0000	0.2904	0.0000	0.2687
184	1.0000	0.2408	0.0000	0.2699
185	1.0000	0.2675	0.0000	0.2711
186	1.0000	0.3075	0.0000	0.2723
187	1.0000	0.2878	0.0000	0.2743
188	1.0000	0.2866	0.0000	0.2757
189	1.0000	0.2705	0.0000	0.2773
190	1.0000	0.2444	0.0000	0.2792
191	1.0000	0.2743	0.0000	0.2804
192	1.0000	0.2500	0.0000	0.2818
193	1.0000	0.2576	0.0000	0.2832
194	1.0000	0.3160	0.0000	0.2845
195	1.0000	0.2373	0.0000	0.2856
196	1.0000	0.2661	0.0000	0.2875
197	1.0000	0.2360	0.0000	0.2886
198	1.0000	0.2809	0.0000	0.2900
199	1.0000	0.2453	0.0000	0.2914
200	1.0000	0.2965	0.0000	0.2935
201	1.0000	0.2254	0.0000	0.2948
202	1.0000	0.2218	0.0000	0.2965
203	1.0000	0.2499	0.0000	0.2975
204	1.0000	0.3132	0.0000	0.2988
205	1.0000	0.3015	0.0000	0.3000
206	1.0000	0.2484	0.0000	0.3019
207	1.0000	0.2528	0.0000	0.3034
208	1.0000	0.2650	0.0000	0.3050
209	1.0000	0.2438	0.0000	0.3064
210	1.0000	0.2710	0.0000	0.3079
211	1.0000	0.2500	0.0000	0.3094
212	1.0000	0.2910	0.0000	0.3106
213	1.0000	0.2307	0.0000	0.3117
214	1.0000	0.2474	0.0000	0.3134
215	1.0000	0.2796	0.0000	0.3155
216	1.0000	0.2593	0.0000	0.3175
217	1.0000	0.3000	0.0000	0.3191
218	1.0000	0.2471	0.0000	0.3204
219	1.0000	0.2690	0.0000	0.3216
220	1.0000	0.2864	0.0000	0.3229
221	1.0000	0.2194	0.0000	0.3240
222	1.0000	0.2901	0.0000	0.3252
223	1.0000	0.2780	0.0000	0.3264
224	1.0000	0.2651	0.0000	0.3282
225	1.0000	0.2671	0.0000	0.3295
226	1.0000	0.2566	0.0000	0.3317
227	1.0000	0.2467	0.0000	0.3331
228	1.0000	0.2232	0.0000	0.3345
229	1.0000	0.2588	0.0000	0.3360
230	1.0000	0.2767	0.0000	0.3373
231	1.0000	0.2815	0.0000	0.3384
232	1.0000	0.2872	0.0000	0.3394
233	1.0000	0.2605	0.0000	0.3412
234	1.0000	0.2609	0.0000	0.3426
235	1.0000	0.2995	0.0000	0.3445
236	1.0000	0.3112	0.0000	0.3467
237	1.0000	0.2097	0.0000	0.3489
238	1.0000	0.2438	0.0000	0.3503
239	1.0000	0.2777	0.0000	0.3521
240	1.0000	0.3101	0.0000	0.3534
241	1.0000	0.2741	0.0000	0.3549
242	1.0000	0.2770	0.0000	0.3561
243	1.0000	0.2680	0.0000	0.3576
244	1.0000	0.2221	0.0000	0.3589
245	1.0000	0.3032	0.0000	0.3603
246	1.0000	0.2887	0.0000	0.3617
247	1.0000	0.2578	0.0000	0.3634
248	1.0000	0.2316	0.0000	0.3647
249	1.0000	0.2983	0.0000	0.3670
250	1.0000	0.2869	0.0000	0.3686
251	1.0000	0.2967	0.0000	0.3705
252	1.0000	0.1909	0.0000	0.3720
253	1.0000	0.2565	0.0000	0.3737
254	1.0000	0.2740	0.0000	0.3750
255	1.0000	0.3323	0.0000	0.3767
256	1.0000	0.2495	0.0000	0.3782
257	1.0000	0.2532	0.0000	0.3794
258	1.0000	0.2441	0.0000	0.3812
259	1.0000	0.2479	0.0000	0.3827
260	1.0000	0.2677	0.0000	0.3837
261	1.0000	0.2973	0.0000	0.3863
262	1.0000	0.2413	0.0000	0.3881
263	1.0000	0.2481	0.0000	0.3894
264	1.0000	0.2635	0.0000	0.3909
265	1.0000	0.2778	0.0000	0.3920
266	1.0000	0.2627	0.0000	0.3937
267	1.0000	0.2935	0.0000	0.3949
268	1.0000	0.2595	0.0000	0.3965
269	1.0000	0.2612	0.0000	0.3985
270	1.0000	0.2646	0.0000	0.3995
271	1.0000	0.2945	0.0000	0.4007
272	1.0000	0.2649	0.0000	0.4021
273	1.0000	0.2706	0.0000	0.4041
274	1.0000	0.2032	0.0000	0.4051
275	1.0000	0.2802	0.0000	0.4066
276	1.0000	0.2886	0.0000	0.4080
277	1.0000	0.2788	0.0000	0.4089
278	1.0000	0.2927	0.0000	0.4099
279	1.0000	0.2653	0.0000	0.4113
280	1.0000	0.2913	0.0000	0.4136
281	1.0000	0.2601	0.0000	0.4151
282	1.0000	0.2571	0.0000	0.4166
283	1.0000	0.2761	0.0000	0.4180
284	1.0000	0.2735	0.0000	0.4193
285	1.0000	0.2503	0.0000	0.4213
286	1.0000	0.2320	0.0000	0.4224
287	1.0000	0.3103	0.0000	0.4237
288	1.0000	0.3175	0.0000	0.4256
289	1.0000	0.2992	0.0000	0.4268
290	1.0000	0.2311	0.0000	0.4281
291	1.0000	0.2210	0.0000	0.4294
292	1.0000	0.2042	0.0000	0.4308
293	1.0000	0.2845	0.0000	0.4322
294	1.0000	0.2921	0.0000	0.4342
295	1.0000	0.2058	0.0000	0.4352
296	1.0000	0.2624	0.0000	0.4371
297	1.0000	0.2158	0.0000	0.4384
298	1.0000	0.2654	0.0000	0.4403
299	1.0000	0.2363	0.0000	0.4415
300	1.0000	0.2907	0.0000	0.4425
301	1.0000	0.2777	0.0000	0.4440
302	1.0000	0.2958	0.0000	0.4452
303	1.0000	0.2264	0.0000	0.4464
304	1.0000	0.2950	0.0000	0.4475
305	1.0000	0.2822	0.0000	0.4493
306	1.0000	0.2261	0.0000	0.4514
307	1.0000	0.2029	0.0000	0.4525
308	1.0000	0.3116	0.0000	0.4540
309	1.0000	0.2998	0.0000	0.4554
310	1.0000	0.2248	0.0000	0.4572
311	1.0000	0.2324	0.0000	0.4582
312	1.0000	0.2886	0.0000	0.4593
313	1.0000	0.2521	0.0000	0.4607
314	1.0000	0.2208	0.0000	0.4624
315	1.0000	0.2525	0.0000	0.4635
316	1.0000	0.3326	0.0000	0.4647
317	1.0000	0.2821	0.0000	0.4660
318	1.0000	0.2543	0.0000	0.4673
319	1.0000	0.2387	0.0000	0.4684
320	1.0000	0.2657	0.0000	0.4694
321	1.0000	0.2868	0.0000	0.4709
322	1.0000	0.2578	0.0000	0.4724
323	1.0000	0.2464	0.0000	0.4735
324	1.0000	0.2418	0.0000	0.4745
325	1.0000	0.2913	0.0000	0.4761
326	1.0000	0.2636	0.0000	0.4779
327	1.0000	0.2550	0.0000	0.4792
328	1.0000	0.2658	0.0000	0.4804
329	1.0000	0.2466	0.0000	0.4816
330	1.0000	0.2392	0.0000	0.4835
331	1.0000	0.2369	0.0000	0.4854
332	1.0000	0.2549	0.0000	0.4877
Pos: [0.07969977973087747]

=================================================================================================================