ID: shubert	Date: 2019-05-03 17:05:39	Runs: 1
=================================================================================================================
Run: 0
Iter	Gbest	AvrFit	Diver	ETime	
0	127.9055	9.2449	0.0000	0.0005
1	127.9055	21.1294	0.0000	0.0008
2	144.3459	21.5068	0.0000	0.0012
3	144.3459	26.1428	0.0000	0.0016
4	144.3459	27.6793	0.0000	0.0020
5	144.3459	26.9579	0.0000	0.0023
6	152.1890	37.2324	0.0000	0.0027
7	183.5899	31.7862	0.0000	0.0032
8	183.5899	34.6984	0.0000	0.0036
9	183.5899	35.9891	0.0000	0.0039
10	183.5899	42.5566	0.0000	0.0043
11	183.5899	46.7247	0.0000	0.0046
12	183.5899	50.3747	0.0000	0.0050
13	183.5899	46.8434	0.0000	0.0055
14	183.5899	47.5393	0.0000	0.0058
15	183.5899	54.7987	0.0000	0.0062
16	183.5899	51.0619	0.0000	0.0065
17	183.5899	52.8023	0.0000	0.0069
18	183.5899	49.2081	0.0000	0.0073
19	183.5899	51.8461	0.0000	0.0077
20	183.5899	57.7175	0.0000	0.0081
21	183.5899	58.9010	0.0000	0.0085
22	183.5899	63.1878	0.0000	0.0089
23	183.5899	70.7153	0.0000	0.0092
24	183.5899	60.5382	0.0000	0.0096
25	183.5899	58.2105	0.0000	0.0100
26	183.5899	62.8467	0.0000	0.0104
27	186.0989	67.6881	0.0000	0.0108
28	186.0989	61.9145	0.0000	0.0112
29	186.0989	67.8388	0.0000	0.0116
30	186.0989	63.9724	0.0000	0.0120
31	186.0989	66.6669	0.0000	0.0125
32	186.0989	61.9355	0.0000	0.0129
33	186.0989	60.0000	0.0000	0.0133
34	186.0989	69.7183	0.0000	0.0137
35	186.0989	74.7743	0.0000	0.0141
36	186.0989	70.0472	0.0000	0.0145
37	186.0989	81.6633	0.0000	0.0149
38	186.0989	74.1741	0.0000	0.0153
39	186.0989	75.2507	0.0000	0.0157
40	186.0989	79.6524	0.0000	0.0161
41	186.7201	77.6395	0.0000	0.0165
42	186.7201	67.1474	0.0000	0.0170
43	186.7201	77.9035	0.0000	0.0174
44	186.7201	78.9954	0.0000	0.0177
45	186.7201	74.5566	0.0000	0.0181
46	186.7201	81.3183	0.0000	0.0186
47	186.7201	74.9126	0.0000	0.0190
48	186.7201	69.2510	0.0000	0.0193
49	186.7201	86.5986	0.0000	0.0197
50	186.7201	74.4864	0.0000	0.0200
51	186.7201	94.5796	0.0000	0.0204
52	186.7201	83.3236	0.0000	0.0208
53	186.7201	76.8714	0.0000	0.0211
54	186.7201	74.5096	0.0000	0.0215
55	186.7201	88.1602	0.0000	0.0219
56	186.7201	87.2632	0.0000	0.0223
57	186.7201	83.7499	0.0000	0.0228
58	186.7201	92.3512	0.0000	0.0232
59	186.7201	89.6431	0.0000	0.0236
60	186.7201	82.7458	0.0000	0.0240
61	186.7201	86.3934	0.0000	0.0245
62	186.7201	90.7856	0.0000	0.0249
63	186.7201	81.4316	0.0000	0.0252
64	186.7201	81.8768	0.0000	0.0256
65	186.7201	83.2531	0.0000	0.0260
66	186.7201	97.0665	0.0000	0.0264
67	186.7201	89.2744	0.0000	0.0267
68	186.7201	90.1828	0.0000	0.0271
69	186.7201	83.4239	0.0000	0.0275
70	186.7201	79.4368	0.0000	0.0279
71	186.7201	82.1809	0.0000	0.0283
72	186.7201	82.7353	0.0000	0.0287
73	186.7201	90.6332	0.0000	0.0292
74	186.7201	84.4807	0.0000	0.0296
75	186.7201	82.3624	0.0000	0.0300
76	186.7201	84.1609	0.0000	0.0303
77	186.7201	96.3402	0.0000	0.0307
78	186.7201	102.8461	0.0000	0.0310
79	186.7201	90.0018	0.0000	0.0314
80	186.7201	88.4744	0.0000	0.0317
81	186.7201	94.5658	0.0000	0.0321
82	186.7201	88.5680	0.0000	0.0325
83	186.7201	98.9553	0.0000	0.0328
84	186.7201	96.4020	0.0000	0.0332
85	186.7201	90.3004	0.0000	0.0335
86	186.7201	86.8511	0.0000	0.0339
87	186.7201	89.0672	0.0000	0.0342
88	186.7201	96.0179	0.0000	0.0346
89	186.7201	102.8790	0.0000	0.0351
90	186.7201	88.1688	0.0000	0.0355
91	186.7201	95.1326	0.0000	0.0359
92	186.7201	86.9348	0.0000	0.0363
93	186.7201	81.1827	0.0000	0.0366
94	186.7201	84.5018	0.0000	0.0370
95	186.7201	86.4765	0.0000	0.0373
96	186.7201	78.6486	0.0000	0.0377
97	186.7201	98.7337	0.0000	0.0381
98	186.7201	85.7632	0.0000	0.0384
99	186.7201	92.3669	0.0000	0.0388
100	186.7201	89.5915	0.0000	0.0392
101	186.7201	83.4958	0.0000	0.0397
102	186.7201	94.1073	0.0000	0.0400
103	186.7201	75.3992	0.0000	0.0405
104	186.7201	88.8685	0.0000	0.0409
105	186.7201	85.6353	0.0000	0.0412
106	186.7201	96.7816	0.0000	0.0416
107	186.7201	92.7570	0.0000	0.0420
108	186.7201	88.9312	0.0000	0.0423
109	186.7201	91.8883	0.0000	0.0427
110	186.7201	87.4452	0.0000	0.0430
111	186.7201	92.5296	0.0000	0.0434
112	186.7201	93.8892	0.0000	0.0437
113	186.7201	96.8251	0.0000	0.0441
114	186.7201	85.6713	0.0000	0.0445
115	186.7201	93.8822	0.0000	0.0448
116	186.7201	90.8484	0.0000	0.0452
117	186.7201	92.3623	0.0000	0.0455
118	186.7201	91.6229	0.0000	0.0459
119	186.7201	95.0760	0.0000	0.0463
120	186.7201	84.7946	0.0000	0.0466
121	186.7201	97.7955	0.0000	0.0470
122	186.7201	80.1344	0.0000	0.0474
123	186.7201	90.4082	0.0000	0.0478
124	186.7201	94.2564	0.0000	0.0483
125	186.7201	92.5316	0.0000	0.0487
126	186.7201	89.2900	0.0000	0.0491
127	186.7201	90.7479	0.0000	0.0495
128	186.7201	87.1318	0.0000	0.0498
129	186.7201	90.9420	0.0000	0.0502
130	186.7201	89.6268	0.0000	0.0505
131	186.7201	90.8490	0.0000	0.0509
132	186.7201	86.8681	0.0000	0.0513
133	186.7201	90.5629	0.0000	0.0517
134	186.7201	82.5449	0.0000	0.0521
135	186.7201	92.8754	0.0000	0.0525
136	186.7201	94.4845	0.0000	0.0529
137	186.7201	103.5797	0.0000	0.0533
138	186.7201	95.0294	0.0000	0.0537
139	186.7201	95.5929	0.0000	0.0542
140	186.7201	93.2268	0.0000	0.0547
141	186.7201	92.8539	0.0000	0.0550
142	186.7201	93.3921	0.0000	0.0554
143	186.7201	91.8551	0.0000	0.0558
144	186.7201	93.8541	0.0000	0.0561
145	186.7201	76.4518	0.0000	0.0565
146	186.7201	84.5585	0.0000	0.0568
147	186.7201	95.3057	0.0000	0.0572
148	186.7201	96.0650	0.0000	0.0575
149	186.7201	88.1318	0.0000	0.0579
150	186.7201	92.1446	0.0000	0.0583
151	186.7201	93.2717	0.0000	0.0587
152	186.7201	88.6743	0.0000	0.0591
153	186.7201	91.4171	0.0000	0.0596
154	186.7203	102.1401	0.0000	0.0600
155	186.7203	91.5195	0.0000	0.0604
156	186.7203	100.6835	0.0000	0.0607
157	186.7203	97.5561	0.0000	0.0611
158	186.7203	113.2769	0.0000	0.0615
159	186.7203	99.8406	0.0000	0.0619
160	186.7203	89.0712	0.0000	0.0623
161	186.7203	87.9202	0.0000	0.0627
162	186.7203	91.7764	0.0000	0.0631
163	186.7203	91.1669	0.0000	0.0635
164	186.7203	78.8253	0.0000	0.0639
165	186.7203	91.2523	0.0000	0.0643
166	186.7203	96.2365	0.0000	0.0648
167	186.7203	88.2964	0.0000	0.0653
168	186.7203	89.3192	0.0000	0.0656
169	186.7203	85.6125	0.0000	0.0660
170	186.7203	92.8703	0.0000	0.0663
171	186.7203	89.4824	0.0000	0.0667
172	186.7203	99.2251	0.0000	0.0671
173	186.7203	98.4275	0.0000	0.0674
174	186.7203	95.2054	0.0000	0.0678
175	186.7242	97.8407	0.0000	0.0681
176	186.7242	90.5022	0.0000	0.0685
177	186.7242	83.2128	0.0000	0.0689
178	186.7242	89.4849	0.0000	0.0693
179	186.7242	86.7541	0.0000	0.0697
180	186.7242	89.9583	0.0000	0.0701
181	186.7242	88.9652	0.0000	0.0706
182	186.7242	96.4767	0.0000	0.0710
183	186.7242	94.5674	0.0000	0.0714
184	186.7242	95.3197	0.0000	0.0718
185	186.7242	92.6506	0.0000	0.0722
186	186.7242	96.1036	0.0000	0.0725
187	186.7242	87.3073	0.0000	0.0729
188	186.7242	85.1929	0.0000	0.0732
189	186.7242	95.9781	0.0000	0.0736
190	186.7242	92.3114	0.0000	0.0739
191	186.7242	87.0347	0.0000	0.0743
192	186.7242	88.8077	0.0000	0.0747
193	186.7242	87.4401	0.0000	0.0751
194	186.7242	86.9829	0.0000	0.0755
195	186.7242	91.4110	0.0000	0.0759
196	186.7242	83.4612	0.0000	0.0763
197	186.7242	99.3814	0.0000	0.0766
198	186.7242	96.7554	0.0000	0.0770
199	186.7119	85.4918	0.0000	0.0780
200	186.7119	24.4240	0.0000	0.0784
201	186.7119	34.5334	0.0000	0.0787
202	186.7119	25.9695	0.0000	0.0791
203	186.7113	28.3556	0.0000	0.0795
204	186.7113	27.7472	0.0000	0.0799
205	186.7113	29.8200	0.0000	0.0802
206	186.7113	32.9440	0.0000	0.0806
207	186.7113	39.8362	0.0000	0.0810
208	186.7113	42.6861	0.0000	0.0814
209	186.7113	36.9816	0.0000	0.0819
210	186.7113	34.3246	0.0000	0.0823
211	186.7113	38.2277	0.0000	0.0827
212	186.7113	35.7369	0.0000	0.0831
213	186.7113	44.6362	0.0000	0.0835
214	186.7113	47.4143	0.0000	0.0840
215	186.7113	52.1116	0.0000	0.0845
216	186.7113	49.6288	0.0000	0.0848
217	186.7113	48.4690	0.0000	0.0852
218	186.7113	50.2523	0.0000	0.0855
219	186.7113	52.4189	0.0000	0.0859
220	186.7113	56.9749	0.0000	0.0863
221	186.7113	52.2619	0.0000	0.0867
222	186.7113	57.0730	0.0000	0.0871
223	186.7113	55.6941	0.0000	0.0875
224	186.7113	55.9305	0.0000	0.0879
225	186.7113	52.6878	0.0000	0.0883
226	186.7113	67.9790	0.0000	0.0886
227	186.7113	48.0470	0.0000	0.0890
228	186.7113	56.0830	0.0000	0.0894
229	186.7113	60.6897	0.0000	0.0898
230	186.7113	52.4484	0.0000	0.0903
231	186.7113	69.5730	0.0000	0.0906
232	186.7113	51.1700	0.0000	0.0910
233	186.7113	60.4751	0.0000	0.0913
234	186.7113	62.4855	0.0000	0.0917
235	186.7113	60.6519	0.0000	0.0921
236	186.7113	66.4207	0.0000	0.0925
237	186.7113	60.1467	0.0000	0.0929
238	186.7113	69.8539	0.0000	0.0934
239	186.7113	65.6253	0.0000	0.0937
240	186.7113	57.4858	0.0000	0.0942
241	186.7113	68.8907	0.0000	0.0946
242	186.7113	63.4053	0.0000	0.0951
243	186.7113	72.2069	0.0000	0.0956
244	186.7267	70.4324	0.0000	0.0960
245	186.7267	63.7810	0.0000	0.0964
246	186.7267	62.7080	0.0000	0.0968
247	186.7267	75.4092	0.0000	0.0971
248	186.7267	68.8329	0.0000	0.0975
249	186.7267	73.7518	0.0000	0.0978
250	186.7267	73.1899	0.0000	0.0982
251	186.7267	61.3373	0.0000	0.0986
252	186.7267	67.1655	0.0000	0.0990
253	186.7267	68.0077	0.0000	0.0993
254	186.7267	66.3221	0.0000	0.0997
255	186.7267	73.2213	0.0000	0.1000
256	186.7267	71.1135	0.0000	0.1004
257	186.7267	65.6009	0.0000	0.1009
258	186.7267	75.4823	0.0000	0.1013
259	186.7267	83.1658	0.0000	0.1017
260	186.7267	72.9421	0.0000	0.1021
261	186.7267	65.1537	0.0000	0.1026
262	186.7267	75.5996	0.0000	0.1031
263	186.7267	79.3636	0.0000	0.1034
264	186.7267	69.3054	0.0000	0.1038
265	186.7267	78.7895	0.0000	0.1042
266	186.7267	80.2315	0.0000	0.1045
267	186.7267	69.9115	0.0000	0.1049
268	186.7267	74.5871	0.0000	0.1053
269	186.7267	74.1510	0.0000	0.1056
270	186.7267	77.9566	0.0000	0.1060
271	186.7267	89.7806	0.0000	0.1064
272	186.7267	70.3450	0.0000	0.1068
273	186.7267	77.9958	0.0000	0.1072
274	186.7267	87.2892	0.0000	0.1076
275	186.7267	78.9243	0.0000	0.1080
276	186.7267	76.2709	0.0000	0.1084
277	186.7267	82.8386	0.0000	0.1089
278	186.7267	90.8139	0.0000	0.1094
279	186.7267	86.2399	0.0000	0.1098
280	186.7267	84.0372	0.0000	0.1101
281	186.7267	78.2373	0.0000	0.1105
282	186.7267	79.6182	0.0000	0.1109
283	186.7267	77.9114	0.0000	0.1112
284	186.7267	86.9657	0.0000	0.1116
285	186.7267	79.8103	0.0000	0.1120
286	186.7267	89.2332	0.0000	0.1124
287	186.7267	83.8945	0.0000	0.1128
288	186.7267	82.2848	0.0000	0.1132
289	186.7267	83.2643	0.0000	0.1136
290	186.7267	86.4982	0.0000	0.1141
291	186.7267	77.5782	0.0000	0.1144
292	186.7267	73.3118	0.0000	0.1149
293	186.7267	84.7639	0.0000	0.1154
294	186.7267	84.8372	0.0000	0.1158
295	186.7267	82.6154	0.0000	0.1162
296	186.7267	79.5476	0.0000	0.1165
297	186.7267	73.7814	0.0000	0.1169
298	186.7267	84.4306	0.0000	0.1173
299	186.7267	78.6178	0.0000	0.1179
300	186.7267	81.2773	0.0000	0.1184
301	186.7306	92.9203	0.0000	0.1188
302	186.7306	81.5198	0.0000	0.1192
303	186.7306	78.9594	0.0000	0.1197
304	186.7306	78.0757	0.0000	0.1201
305	186.7306	90.4644	0.0000	0.1205
306	186.7306	84.2171	0.0000	0.1209
307	186.7306	79.5596	0.0000	0.1213
308	186.7306	78.0691	0.0000	0.1218
309	186.7306	82.3857	0.0000	0.1222
310	186.7306	89.5957	0.0000	0.1226
311	186.7306	83.4925	0.0000	0.1230
312	186.7306	81.9539	0.0000	0.1233
313	186.7306	86.1302	0.0000	0.1237
314	186.7306	85.8008	0.0000	0.1241
315	186.7306	87.5189	0.0000	0.1245
316	186.7306	85.7453	0.0000	0.1249
317	186.7306	83.2684	0.0000	0.1253
318	186.7306	83.2240	0.0000	0.1256
319	186.7306	85.9395	0.0000	0.1260
320	186.7306	86.1723	0.0000	0.1265
321	186.7306	79.5458	0.0000	0.1269
322	186.7306	79.2554	0.0000	0.1273
323	186.7306	79.7027	0.0000	0.1277
324	186.7306	78.8024	0.0000	0.1281
325	186.7306	84.0289	0.0000	0.1286
326	186.7306	78.6721	0.0000	0.1290
327	186.7306	77.2271	0.0000	0.1293
328	186.7306	76.2699	0.0000	0.1297
329	186.7306	83.6288	0.0000	0.1301
330	186.7306	88.7065	0.0000	0.1304
331	186.7306	82.7759	0.0000	0.1308
332	186.7306	87.5130	0.0000	0.1312
333	186.7306	78.1403	0.0000	0.1317
334	186.7306	90.5602	0.0000	0.1320
335	186.7306	82.7023	0.0000	0.1324
336	186.7306	75.5154	0.0000	0.1328
337	186.7306	77.7895	0.0000	0.1333
338	186.7306	85.0836	0.0000	0.1337
339	186.7306	88.6166	0.0000	0.1341
340	186.7306	85.1544	0.0000	0.1346
341	186.7306	80.7201	0.0000	0.1350
342	186.7306	82.4872	0.0000	0.1354
343	186.7306	83.7928	0.0000	0.1357
344	186.7306	85.0184	0.0000	0.1361
345	186.7306	90.6864	0.0000	0.1365
346	186.7306	76.1113	0.0000	0.1368
347	186.7306	86.7191	0.0000	0.1372
348	186.7306	75.7387	0.0000	0.1376
349	186.7306	80.2999	0.0000	0.1380
350	186.7306	81.9932	0.0000	0.1383
351	186.7306	82.4563	0.0000	0.1388
352	186.7306	92.3259	0.0000	0.1391
353	186.7306	88.2040	0.0000	0.1395
354	186.7306	73.9657	0.0000	0.1399
355	186.7306	90.9013	0.0000	0.1402
356	186.7306	87.7652	0.0000	0.1406
357	186.7306	92.7945	0.0000	0.1409
358	186.7306	86.4903	0.0000	0.1413
359	186.7306	88.6801	0.0000	0.1417
360	186.7306	84.4765	0.0000	0.1420
361	186.7306	84.0097	0.0000	0.1424
362	186.7306	84.8507	0.0000	0.1427
363	186.7306	87.2176	0.0000	0.1431
364	186.7306	77.3830	0.0000	0.1435
365	186.7306	84.3994	0.0000	0.1439
366	186.7306	86.0816	0.0000	0.1444
367	186.7306	86.0506	0.0000	0.1447
368	186.7306	82.4790	0.0000	0.1452
369	186.7306	82.6179	0.0000	0.1455
370	186.7306	80.7730	0.0000	0.1459
371	186.7306	82.1983	0.0000	0.1463
372	186.7306	93.9721	0.0000	0.1467
373	186.7306	78.5828	0.0000	0.1471
374	186.7306	86.3810	0.0000	0.1474
375	186.7306	82.7991	0.0000	0.1478
376	186.7306	89.0689	0.0000	0.1482
377	186.7306	92.1083	0.0000	0.1485
378	186.7306	90.2127	0.0000	0.1489
379	186.7306	90.2529	0.0000	0.1493
380	186.7306	81.4774	0.0000	0.1497
381	186.7306	79.3512	0.0000	0.1501
382	186.7306	85.5759	0.0000	0.1505
383	186.7306	85.8874	0.0000	0.1509
384	186.7306	86.2664	0.0000	0.1513
385	186.7306	77.4654	0.0000	0.1516
386	186.7306	86.6056	0.0000	0.1521
387	186.7306	90.5903	0.0000	0.1526
388	186.7306	89.1198	0.0000	0.1529
389	186.7306	81.4992	0.0000	0.1533
390	186.7306	92.9380	0.0000	0.1536
391	186.7306	83.1886	0.0000	0.1540
392	186.7306	78.5757	0.0000	0.1544
393	186.7306	85.7504	0.0000	0.1547
394	186.7306	89.0748	0.0000	0.1551
395	186.7306	75.8718	0.0000	0.1555
396	186.7306	87.0696	0.0000	0.1559
397	186.7306	84.8176	0.0000	0.1563
398	186.7306	76.6274	0.0000	0.1566
399	186.7306	71.7468	0.0000	0.1570
400	186.7296	85.6833	0.0000	0.1584
401	186.7296	45.4484	0.0000	0.1588
402	186.7296	38.6835	0.0000	0.1592
403	186.7296	37.2361	0.0000	0.1595
404	186.7296	41.2123	0.0000	0.1599
405	186.7296	44.1121	0.0000	0.1603
406	186.7296	43.1404	0.0000	0.1606
407	186.7296	51.2064	0.0000	0.1611
408	186.7296	47.4868	0.0000	0.1615
409	186.7296	47.6225	0.0000	0.1620
410	186.7296	37.2148	0.0000	0.1623
411	186.7296	45.4702	0.0000	0.1628
412	186.7296	51.1908	0.0000	0.1632
413	186.7296	53.0684	0.0000	0.1637
414	186.7296	50.6375	0.0000	0.1641
415	186.7296	59.6731	0.0000	0.1645
416	186.7296	52.1477	0.0000	0.1648
417	186.7296	57.9095	0.0000	0.1652
418	186.7296	57.2592	0.0000	0.1656
419	186.7296	62.6674	0.0000	0.1660
420	186.7296	65.5391	0.0000	0.1664
421	186.7296	54.7170	0.0000	0.1667
422	186.7296	54.7639	0.0000	0.1671
423	186.7296	56.5046	0.0000	0.1674
424	186.7296	55.7158	0.0000	0.1678
425	186.7296	59.5001	0.0000	0.1682
426	186.7296	55.4995	0.0000	0.1686
427	186.7296	51.3590	0.0000	0.1690
428	186.7296	59.7641	0.0000	0.1694
429	186.7296	55.9715	0.0000	0.1698
430	186.7296	67.7705	0.0000	0.1702
431	186.7296	62.2565	0.0000	0.1706
432	186.7296	58.5002	0.0000	0.1710
433	186.7296	63.9919	0.0000	0.1714
434	186.7296	67.3896	0.0000	0.1718
435	186.7296	68.3467	0.0000	0.1723
436	186.7296	69.3977	0.0000	0.1728
437	186.7296	59.5693	0.0000	0.1731
438	186.7296	74.4858	0.0000	0.1735
439	186.7296	63.3032	0.0000	0.1738
440	186.7296	74.3926	0.0000	0.1742
441	186.7296	69.5906	0.0000	0.1746
442	186.7296	71.1745	0.0000	0.1750
443	186.7296	79.5684	0.0000	0.1754
444	186.7296	74.7879	0.0000	0.1758
445	186.7296	66.9568	0.0000	0.1761
446	186.7296	62.1198	0.0000	0.1766
447	186.7296	79.6617	0.0000	0.1770
448	186.7296	74.1920	0.0000	0.1775
449	186.7296	71.2379	0.0000	0.1779
450	186.7296	84.8106	0.0000	0.1783
451	186.7296	80.3710	0.0000	0.1786
452	186.7296	76.0201	0.0000	0.1790
453	186.7296	74.5069	0.0000	0.1793
454	186.7296	74.5976	0.0000	0.1797
455	186.7296	75.3267	0.0000	0.1802
456	186.7296	74.3872	0.0000	0.1805
457	186.7296	72.3039	0.0000	0.1809
458	186.7296	75.7791	0.0000	0.1813
459	186.7296	70.8905	0.0000	0.1817
460	186.7296	92.7217	0.0000	0.1821
461	186.7296	85.1206	0.0000	0.1825
462	186.7296	70.5531	0.0000	0.1829
463	186.7296	82.8473	0.0000	0.1833
464	186.7296	74.4866	0.0000	0.1837
465	186.7296	83.7303	0.0000	0.1841
466	186.7296	82.2045	0.0000	0.1845
467	186.7296	72.2454	0.0000	0.1850
468	186.7296	69.0565	0.0000	0.1853
469	186.7296	74.5328	0.0000	0.1857
470	186.7296	71.5253	0.0000	0.1861
471	186.7296	77.3130	0.0000	0.1864
472	186.7296	74.3968	0.0000	0.1868
473	186.7296	76.5422	0.0000	0.1872
474	186.7296	74.9788	0.0000	0.1875
475	186.7296	73.7552	0.0000	0.1879
476	186.7296	78.8005	0.0000	0.1883
477	186.7296	73.6469	0.0000	0.1888
478	186.7296	79.5250	0.0000	0.1894
479	186.7296	73.6621	0.0000	0.1898
480	186.7296	72.7753	0.0000	0.1902
481	186.7296	76.4746	0.0000	0.1906
482	186.7296	77.6658	0.0000	0.1910
483	186.7296	76.1249	0.0000	0.1913
484	186.7296	78.1347	0.0000	0.1917
485	186.7296	82.6224	0.0000	0.1920
486	186.7296	78.4534	0.0000	0.1924
487	186.7296	85.7217	0.0000	0.1928
488	186.7296	82.1155	0.0000	0.1932
489	186.7296	82.8010	0.0000	0.1936
490	186.7296	74.3077	0.0000	0.1939
491	186.7296	75.4293	0.0000	0.1943
492	186.7296	76.2372	0.0000	0.1946
493	186.7296	76.5684	0.0000	0.1950
494	186.7296	74.6732	0.0000	0.1954
495	186.7296	85.9510	0.0000	0.1958
496	186.7296	75.5312	0.0000	0.1961
497	186.7296	87.4150	0.0000	0.1965
498	186.7296	73.7551	0.0000	0.1969
499	186.7296	75.7998	0.0000	0.1973
500	186.7296	80.6329	0.0000	0.1977
501	186.7296	80.8000	0.0000	0.1980
502	186.7296	78.6672	0.0000	0.1984
503	186.7296	84.4045	0.0000	0.1988
504	186.7296	87.7040	0.0000	0.1991
505	186.7296	89.4397	0.0000	0.1995
506	186.7296	79.6488	0.0000	0.1999
507	186.7296	81.5479	0.0000	0.2002
508	186.7296	75.0045	0.0000	0.2006
509	186.7296	80.7703	0.0000	0.2009
510	186.7296	89.2855	0.0000	0.2013
511	186.7296	71.2430	0.0000	0.2017
512	186.7296	91.8388	0.0000	0.2020
513	186.7296	78.4770	0.0000	0.2025
514	186.7296	71.0203	0.0000	0.2029
515	186.7296	83.1597	0.0000	0.2033
516	186.7296	82.4197	0.0000	0.2036
517	186.7296	83.5373	0.0000	0.2040
518	186.7296	81.9733	0.0000	0.2044
519	186.7296	80.6493	0.0000	0.2048
520	186.7296	83.6551	0.0000	0.2052
521	186.7296	85.4810	0.0000	0.2056
522	186.7296	78.4304	0.0000	0.2059
523	186.7296	88.9800	0.0000	0.2063
524	186.7296	84.1285	0.0000	0.2066
525	186.7296	81.1688	0.0000	0.2070
526	186.7296	77.6019	0.0000	0.2074
527	186.7296	88.9866	0.0000	0.2077
528	186.7296	79.4016	0.0000	0.2081
529	186.7296	83.4341	0.0000	0.2085
530	186.7296	80.3968	0.0000	0.2089
531	186.7296	87.0520	0.0000	0.2094
532	186.7296	74.0398	0.0000	0.2098
533	186.7296	82.4471	0.0000	0.2101
534	186.7296	81.7316	0.0000	0.2105
535	186.7296	89.2495	0.0000	0.2108
536	186.7296	86.1749	0.0000	0.2112
537	186.7296	86.3435	0.0000	0.2116
538	186.7296	83.4234	0.0000	0.2120
539	186.7296	85.6811	0.0000	0.2125
540	186.7296	84.7556	0.0000	0.2128
541	186.7296	82.6239	0.0000	0.2132
542	186.7296	75.1591	0.0000	0.2136
543	186.7296	97.4796	0.0000	0.2139
544	186.7296	84.3698	0.0000	0.2143
545	186.7296	78.8177	0.0000	0.2147
546	186.7296	84.7252	0.0000	0.2150
547	186.7296	79.0688	0.0000	0.2154
548	186.7296	85.4717	0.0000	0.2157
549	186.7296	90.1001	0.0000	0.2161
550	186.7296	84.5484	0.0000	0.2164
551	186.7296	89.6568	0.0000	0.2168
552	186.7296	76.8549	0.0000	0.2172
553	186.7296	87.3344	0.0000	0.2177
554	186.7296	85.9211	0.0000	0.2181
555	186.7296	80.4037	0.0000	0.2185
556	186.7296	84.7860	0.0000	0.2189
557	186.7296	76.8432	0.0000	0.2193
558	186.7296	77.3167	0.0000	0.2197
559	186.7296	82.8412	0.0000	0.2202
560	186.7296	75.2086	0.0000	0.2207
561	186.7296	82.7651	0.0000	0.2212
562	186.7296	83.0470	0.0000	0.2216
563	186.7296	81.8041	0.0000	0.2220
564	186.7296	79.9688	0.0000	0.2224
565	186.7296	76.8946	0.0000	0.2228
566	186.7296	81.0350	0.0000	0.2232
567	186.7296	87.9119	0.0000	0.2236
568	186.7296	86.9271	0.0000	0.2240
569	186.7296	82.6563	0.0000	0.2244
570	186.7296	85.2749	0.0000	0.2248
571	186.7296	78.1554	0.0000	0.2252
572	186.7296	79.9437	0.0000	0.2256
573	186.7296	74.1476	0.0000	0.2260
574	186.7296	76.3491	0.0000	0.2264
575	186.7296	79.9569	0.0000	0.2268
576	186.7296	78.0784	0.0000	0.2273
577	186.7296	81.4030	0.0000	0.2276
578	186.7296	89.5603	0.0000	0.2281
579	186.7296	83.0141	0.0000	0.2285
580	186.7296	83.4347	0.0000	0.2289
581	186.7296	85.7528	0.0000	0.2293
582	186.7296	82.6140	0.0000	0.2297
583	186.7296	93.7150	0.0000	0.2301
584	186.7296	92.0946	0.0000	0.2306
585	186.7296	98.7641	0.0000	0.2310
586	186.7296	83.7035	0.0000	0.2314
587	186.7296	96.2497	0.0000	0.2319
588	186.7296	91.5477	0.0000	0.2323
589	186.7296	86.4897	0.0000	0.2328
590	186.7296	88.6724	0.0000	0.2332
591	186.7296	89.0443	0.0000	0.2336
592	186.7296	82.7674	0.0000	0.2341
593	186.7296	94.8572	0.0000	0.2346
594	186.7296	89.7353	0.0000	0.2351
595	186.7296	84.7544	0.0000	0.2355
596	186.7296	89.6728	0.0000	0.2360
597	186.7296	76.9931	0.0000	0.2364
598	186.7296	93.0450	0.0000	0.2368
599	186.7296	81.3346	0.0000	0.2372
600	186.7296	81.0669	0.0000	0.2376
601	186.7296	86.8996	0.0000	0.2391
602	186.7296	53.6195	0.0000	0.2396
603	186.7296	65.0181	0.0000	0.2400
604	186.7296	54.2151	0.0000	0.2404
605	186.7296	61.7134	0.0000	0.2409
606	186.7296	58.7971	0.0000	0.2413
607	186.7296	65.1839	0.0000	0.2417
608	186.7296	62.5028	0.0000	0.2422
609	186.7296	68.0223	0.0000	0.2428
610	186.7296	52.0046	0.0000	0.2433
611	186.7296	50.8408	0.0000	0.2437
612	186.7296	55.8853	0.0000	0.2441
613	186.7296	55.2433	0.0000	0.2445
614	186.7296	59.8232	0.0000	0.2450
615	186.7296	64.1579	0.0000	0.2454
616	186.7296	56.9549	0.0000	0.2457
617	186.7296	63.4758	0.0000	0.2462
618	186.7296	57.3870	0.0000	0.2466
619	186.7296	67.3874	0.0000	0.2470
620	186.7296	68.4970	0.0000	0.2475
621	186.7296	67.7596	0.0000	0.2479
622	186.7296	60.4476	0.0000	0.2483
623	186.7296	67.0694	0.0000	0.2487
624	186.7296	65.5342	0.0000	0.2491
625	186.7296	60.5138	0.0000	0.2495
626	186.7296	62.4240	0.0000	0.2499
627	186.7296	67.3696	0.0000	0.2503
628	186.7296	64.6429	0.0000	0.2507
629	186.7296	65.5229	0.0000	0.2512
630	186.7296	66.2027	0.0000	0.2516
631	186.7296	68.9134	0.0000	0.2520
632	186.7296	61.2123	0.0000	0.2525
633	186.7296	61.0173	0.0000	0.2529
634	186.7296	69.4856	0.0000	0.2534
635	186.7296	70.2936	0.0000	0.2538
636	186.7296	63.7010	0.0000	0.2542
637	186.7296	71.8901	0.0000	0.2546
638	186.7296	69.6820	0.0000	0.2550
639	186.7296	73.7743	0.0000	0.2554
640	186.7296	70.9080	0.0000	0.2558
641	186.7296	66.0298	0.0000	0.2564
642	186.7296	88.2687	0.0000	0.2568
643	186.7296	76.4893	0.0000	0.2572
644	186.7296	73.1010	0.0000	0.2576
645	186.7296	74.8569	0.0000	0.2580
646	186.7296	71.8215	0.0000	0.2584
647	186.7296	77.1041	0.0000	0.2589
648	186.7296	84.8311	0.0000	0.2593
649	186.7296	83.0955	0.0000	0.2597
650	186.7296	75.1273	0.0000	0.2602
651	186.7296	70.8875	0.0000	0.2606
652	186.7296	80.3844	0.0000	0.2611
653	186.7296	78.5063	0.0000	0.2615
654	186.7296	82.5535	0.0000	0.2619
655	186.7296	84.1632	0.0000	0.2623
656	186.7296	73.1475	0.0000	0.2627
657	186.7296	79.9160	0.0000	0.2632
658	186.7296	72.3008	0.0000	0.2636
659	186.7296	73.6270	0.0000	0.2640
660	186.7296	82.5746	0.0000	0.2644
661	186.7296	80.2914	0.0000	0.2648
662	186.7296	74.3868	0.0000	0.2653
663	186.7296	66.9398	0.0000	0.2657
664	186.7296	83.8903	0.0000	0.2661
665	186.7296	79.9642	0.0000	0.2665
666	186.7296	79.0118	0.0000	0.2669
667	186.7296	86.4557	0.0000	0.2673
668	186.7296	75.8317	0.0000	0.2677
669	186.7296	79.0963	0.0000	0.2681
670	186.7296	85.5693	0.0000	0.2685
671	186.7296	86.8117	0.0000	0.2689
672	186.7296	89.8366	0.0000	0.2693
673	186.7296	84.7149	0.0000	0.2697
674	186.7296	88.5060	0.0000	0.2701
675	186.7296	93.0895	0.0000	0.2705
676	186.7296	86.4505	0.0000	0.2709
677	186.7296	87.9621	0.0000	0.2713
678	186.7296	83.0431	0.0000	0.2717
679	186.7296	79.4021	0.0000	0.2721
680	186.7296	95.1994	0.0000	0.2726
681	186.7296	84.8895	0.0000	0.2730
682	186.7296	86.1701	0.0000	0.2734
683	186.7296	89.6293	0.0000	0.2739
684	186.7296	84.4391	0.0000	0.2744
685	186.7309	75.8780	0.0000	0.2748
686	186.7309	102.8575	0.0000	0.2752
687	186.7309	85.3767	0.0000	0.2756
688	186.7309	87.8766	0.0000	0.2760
689	186.7309	88.4337	0.0000	0.2764
690	186.7309	89.0098	0.0000	0.2768
691	186.7309	81.8746	0.0000	0.2772
692	186.7309	87.7059	0.0000	0.2777
693	186.7309	88.5956	0.0000	0.2781
694	186.7309	86.9985	0.0000	0.2785
695	186.7309	88.5394	0.0000	0.2790
696	186.7309	89.0734	0.0000	0.2794
697	186.7309	91.5058	0.0000	0.2798
698	186.7309	90.7677	0.0000	0.2803
699	186.7309	85.1260	0.0000	0.2806
700	186.7309	88.1860	0.0000	0.2811
701	186.7309	95.2045	0.0000	0.2815
702	186.7309	92.1970	0.0000	0.2820
703	186.7309	89.4462	0.0000	0.2824
704	186.7309	84.4852	0.0000	0.2827
705	186.7309	90.6049	0.0000	0.2831
706	186.7309	88.0244	0.0000	0.2835
707	186.7309	86.3824	0.0000	0.2839
708	186.7309	89.2793	0.0000	0.2843
709	186.7309	81.7596	0.0000	0.2847
710	186.7309	89.9414	0.0000	0.2851
711	186.7309	94.2818	0.0000	0.2855
712	186.7309	84.4658	0.0000	0.2859
713	186.7309	84.5779	0.0000	0.2863
714	186.7309	92.5992	0.0000	0.2867
715	186.7309	98.5942	0.0000	0.2871
716	186.7309	95.8124	0.0000	0.2875
717	186.7309	101.9164	0.0000	0.2879
718	186.7309	96.6747	0.0000	0.2883
719	186.7309	87.2634	0.0000	0.2888
720	186.7309	90.9575	0.0000	0.2892
721	186.7309	89.7503	0.0000	0.2895
722	186.7309	94.0895	0.0000	0.2899
723	186.7309	84.8872	0.0000	0.2904
724	186.7309	98.2398	0.0000	0.2908
725	186.7309	92.3511	0.0000	0.2912
726	186.7309	95.8195	0.0000	0.2915
727	186.7309	88.9840	0.0000	0.2919
728	186.7309	92.8703	0.0000	0.2923
729	186.7309	94.6634	0.0000	0.2927
730	186.7309	92.3746	0.0000	0.2931
731	186.7309	93.2265	0.0000	0.2935
732	186.7309	96.4527	0.0000	0.2939
733	186.7309	95.8414	0.0000	0.2942
734	186.7309	93.1804	0.0000	0.2946
735	186.7309	90.9793	0.0000	0.2950
736	186.7309	90.4925	0.0000	0.2954
737	186.7309	88.6143	0.0000	0.2957
738	186.7309	89.9694	0.0000	0.2961
739	186.7309	87.9449	0.0000	0.2965
740	186.7309	95.3925	0.0000	0.2969
741	186.7309	89.4723	0.0000	0.2973
742	186.7309	87.6570	0.0000	0.2977
743	186.7309	87.7659	0.0000	0.2981
744	186.7309	97.7847	0.0000	0.2985
745	186.7309	100.7461	0.0000	0.2989
746	186.7309	96.0691	0.0000	0.2994
747	186.7309	100.3510	0.0000	0.2999
748	186.7309	88.5069	0.0000	0.3002
749	186.7309	90.0251	0.0000	0.3006
750	186.7309	95.8820	0.0000	0.3010
751	186.7309	93.6054	0.0000	0.3014
752	186.7309	85.6956	0.0000	0.3018
753	186.7309	90.1752	0.0000	0.3021
754	186.7309	96.4869	0.0000	0.3025
755	186.7309	86.5582	0.0000	0.3029
756	186.7309	92.3460	0.0000	0.3033
757	186.7309	85.0982	0.0000	0.3037
758	186.7309	83.8041	0.0000	0.3041
759	186.7309	105.4316	0.0000	0.3044
760	186.7309	93.4320	0.0000	0.3048
761	186.7309	91.9844	0.0000	0.3052
762	186.7309	92.1877	0.0000	0.3056
763	186.7309	90.3909	0.0000	0.3060
764	186.7309	95.0946	0.0000	0.3064
765	186.7309	95.7334	0.0000	0.3068
766	186.7309	97.1243	0.0000	0.3073
767	186.7309	89.1544	0.0000	0.3077
768	186.7309	94.3933	0.0000	0.3082
769	186.7309	94.9794	0.0000	0.3086
770	186.7309	94.4288	0.0000	0.3090
771	186.7309	100.2095	0.0000	0.3094
772	186.7309	94.4789	0.0000	0.3097
773	186.7309	99.9634	0.0000	0.3101
774	186.7309	89.6455	0.0000	0.3105
775	186.7309	97.2500	0.0000	0.3109
776	186.7309	94.4230	0.0000	0.3113
777	186.7309	107.0920	0.0000	0.3117
778	186.7309	86.6567	0.0000	0.3122
779	186.7309	92.8420	0.0000	0.3126
780	186.7309	89.1120	0.0000	0.3130
781	186.7309	89.9334	0.0000	0.3134
782	186.7309	94.2686	0.0000	0.3138
783	186.7309	88.4347	0.0000	0.3141
784	186.7309	90.3318	0.0000	0.3145
785	186.7309	94.3776	0.0000	0.3149
786	186.7309	103.7755	0.0000	0.3153
787	186.7309	89.3618	0.0000	0.3157
788	186.7309	98.6024	0.0000	0.3161
789	186.7309	92.0881	0.0000	0.3165
790	186.7309	90.2533	0.0000	0.3168
791	186.7309	101.0663	0.0000	0.3172
792	186.7309	98.8836	0.0000	0.3177
793	186.7309	93.9149	0.0000	0.3181
794	186.7309	100.0545	0.0000	0.3185
795	186.7309	99.8576	0.0000	0.3189
796	186.7309	90.8947	0.0000	0.3192
797	186.7309	89.8668	0.0000	0.3196
798	186.7309	89.4183	0.0000	0.3200
799	186.7309	92.1007	0.0000	0.3204
800	186.7309	92.7123	0.0000	0.3208
801	186.7309	92.6619	0.0000	0.3212
802	186.7288	99.5128	0.0000	0.3224
803	186.7288	57.6479	0.0000	0.3230
804	186.7288	50.0734	0.0000	0.3235
805	186.7288	53.5565	0.0000	0.3239
806	186.7288	60.8726	0.0000	0.3245
807	186.7288	54.1943	0.0000	0.3249
808	186.7288	52.0764	0.0000	0.3255
809	186.7288	62.7575	0.0000	0.3259
810	186.7288	60.4877	0.0000	0.3264
811	186.7288	49.5526	0.0000	0.3269
812	186.7288	45.3123	0.0000	0.3273
813	186.7288	55.5557	0.0000	0.3277
814	186.7288	61.2446	0.0000	0.3282
815	186.7288	54.3571	0.0000	0.3286
816	186.7288	51.6757	0.0000	0.3290
817	186.7288	54.6208	0.0000	0.3294
818	186.7288	47.6139	0.0000	0.3298
819	186.7288	58.9408	0.0000	0.3303
820	186.7288	52.8903	0.0000	0.3307
821	186.7288	51.4391	0.0000	0.3311
822	186.7288	47.4715	0.0000	0.3316
823	186.7288	70.2874	0.0000	0.3320
824	186.7288	52.5869	0.0000	0.3324
825	186.7288	61.8093	0.0000	0.3328
826	186.7288	61.2921	0.0000	0.3331
827	186.7288	61.5621	0.0000	0.3335
828	186.7288	61.3324	0.0000	0.3339
829	186.7288	65.9947	0.0000	0.3343
830	186.7288	61.8769	0.0000	0.3347
831	186.7288	66.4886	0.0000	0.3351
832	186.7288	62.2882	0.0000	0.3355
833	186.7288	54.0203	0.0000	0.3359
834	186.7288	58.9611	0.0000	0.3363
835	186.7288	59.3933	0.0000	0.3367
836	186.7288	57.6821	0.0000	0.3371
837	186.7288	62.3642	0.0000	0.3375
838	186.7288	58.3651	0.0000	0.3380
839	186.7288	62.8432	0.0000	0.3385
840	186.7288	67.1965	0.0000	0.3390
841	186.7288	69.6694	0.0000	0.3394
842	186.7288	73.4125	0.0000	0.3399
843	186.7288	64.8662	0.0000	0.3403
844	186.7288	62.6443	0.0000	0.3407
845	186.7288	76.8270	0.0000	0.3411
846	186.7288	60.5927	0.0000	0.3415
847	186.7288	80.9295	0.0000	0.3419
848	186.7288	65.3617	0.0000	0.3423
849	186.7288	74.6576	0.0000	0.3427
850	186.7288	77.4598	0.0000	0.3431
851	186.7288	76.0382	0.0000	0.3435
852	186.7288	74.8161	0.0000	0.3439
853	186.7288	65.2607	0.0000	0.3444
854	186.7288	68.5165	0.0000	0.3448
855	186.7288	71.6071	0.0000	0.3452
856	186.7288	69.1323	0.0000	0.3456
857	186.7288	66.8764	0.0000	0.3460
858	186.7288	58.5844	0.0000	0.3465
859	186.7288	70.5447	0.0000	0.3470
860	186.7288	66.8497	0.0000	0.3474
861	186.7288	65.9567	0.0000	0.3477
862	186.7288	75.6331	0.0000	0.3481
863	186.7288	67.6526	0.0000	0.3485
864	186.7288	67.6211	0.0000	0.3490
865	186.7288	66.2998	0.0000	0.3494
866	186.7288	73.0946	0.0000	0.3498
867	186.7288	79.8508	0.0000	0.3502
868	186.7288	66.0481	0.0000	0.3506
869	186.7288	69.9999	0.0000	0.3510
870	186.7288	75.2247	0.0000	0.3514
871	186.7288	81.9122	0.0000	0.3519
872	186.7288	70.6174	0.0000	0.3524
873	186.7288	66.0423	0.0000	0.3529
874	186.7288	71.2108	0.0000	0.3534
875	186.7288	70.7757	0.0000	0.3538
876	186.7288	68.3431	0.0000	0.3542
877	186.7288	78.0312	0.0000	0.3546
878	186.7288	68.2584	0.0000	0.3550
879	186.7288	78.6996	0.0000	0.3555
880	186.7288	83.2861	0.0000	0.3559
881	186.7288	70.5083	0.0000	0.3563
882	186.7288	85.8187	0.0000	0.3567
883	186.7288	79.1449	0.0000	0.3572
884	186.7288	71.0803	0.0000	0.3577
885	186.7288	61.6163	0.0000	0.3581
886	186.7288	79.3654	0.0000	0.3586
887	186.7288	64.0251	0.0000	0.3591
888	186.7303	73.5386	0.0000	0.3595
889	186.7303	81.4604	0.0000	0.3600
890	186.7303	68.5984	0.0000	0.3604
891	186.7303	76.0696	0.0000	0.3609
892	186.7303	75.6578	0.0000	0.3614
893	186.7303	75.9511	0.0000	0.3618
894	186.7303	79.3122	0.0000	0.3623
895	186.7303	76.9378	0.0000	0.3626
896	186.7303	75.3594	0.0000	0.3631
897	186.7303	75.9292	0.0000	0.3635
898	186.7303	70.3635	0.0000	0.3639
899	186.7303	83.5913	0.0000	0.3643
900	186.7303	81.3724	0.0000	0.3647
901	186.7303	73.9510	0.0000	0.3651
902	186.7303	77.0858	0.0000	0.3656
903	186.7303	79.3062	0.0000	0.3661
904	186.7303	75.5435	0.0000	0.3665
905	186.7303	88.0819	0.0000	0.3669
906	186.7303	75.1141	0.0000	0.3674
907	186.7303	76.3504	0.0000	0.3678
908	186.7303	82.0556	0.0000	0.3682
909	186.7303	78.1639	0.0000	0.3686
910	186.7303	78.9236	0.0000	0.3690
911	186.7303	77.7602	0.0000	0.3694
912	186.7303	81.1820	0.0000	0.3698
913	186.7303	80.4582	0.0000	0.3702
914	186.7303	78.2193	0.0000	0.3706
915	186.7303	82.3816	0.0000	0.3710
916	186.7303	83.1552	0.0000	0.3715
917	186.7303	75.6402	0.0000	0.3720
918	186.7303	78.7888	0.0000	0.3725
919	186.7303	79.5950	0.0000	0.3729
920	186.7303	89.5688	0.0000	0.3734
921	186.7303	89.8414	0.0000	0.3739
922	186.7303	82.2517	0.0000	0.3743
923	186.7303	88.7316	0.0000	0.3747
924	186.7303	79.5540	0.0000	0.3751
925	186.7303	83.2572	0.0000	0.3755
926	186.7303	82.5352	0.0000	0.3759
927	186.7303	81.7952	0.0000	0.3763
928	186.7303	87.9309	0.0000	0.3767
929	186.7303	88.7920	0.0000	0.3771
930	186.7303	86.1026	0.0000	0.3775
931	186.7303	90.3954	0.0000	0.3779
932	186.7303	82.2022	0.0000	0.3784
933	186.7303	90.6493	0.0000	0.3788
934	186.7303	83.8274	0.0000	0.3792
935	186.7303	86.3764	0.0000	0.3796
936	186.7303	85.4263	0.0000	0.3801
937	186.7303	87.3464	0.0000	0.3806
938	186.7303	88.6440	0.0000	0.3811
939	186.7303	98.0004	0.0000	0.3815
940	186.7303	91.4531	0.0000	0.3819
941	186.7303	85.2541	0.0000	0.3822
942	186.7303	100.0928	0.0000	0.3826
943	186.7303	85.3393	0.0000	0.3831
944	186.7303	91.9515	0.0000	0.3836
945	186.7303	91.2721	0.0000	0.3840
946	186.7303	88.8191	0.0000	0.3844
947	186.7303	90.7356	0.0000	0.3848
948	186.7303	98.1516	0.0000	0.3852
949	186.7303	102.1164	0.0000	0.3856
950	186.7303	91.7898	0.0000	0.3860
951	186.7303	93.8293	0.0000	0.3864
952	186.7303	86.0255	0.0000	0.3868
953	186.7303	96.5539	0.0000	0.3872
954	186.7303	91.2021	0.0000	0.3877
955	186.7303	93.4721	0.0000	0.3882
956	186.7303	97.8731	0.0000	0.3887
957	186.7303	96.4690	0.0000	0.3893
958	186.7303	93.5298	0.0000	0.3898
959	186.7303	97.3111	0.0000	0.3902
960	186.7303	96.8645	0.0000	0.3906
961	186.7303	93.2506	0.0000	0.3910
962	186.7303	83.3605	0.0000	0.3914
963	186.7303	83.3121	0.0000	0.3918
964	186.7303	94.4441	0.0000	0.3923
965	186.7303	83.0227	0.0000	0.3927
966	186.7303	89.9894	0.0000	0.3931
967	186.7303	95.2667	0.0000	0.3936
968	186.7303	87.7769	0.0000	0.3940
969	186.7303	90.6759	0.0000	0.3945
970	186.7303	90.7488	0.0000	0.3949
971	186.7303	97.4799	0.0000	0.3953
972	186.7303	93.7575	0.0000	0.3956
973	186.7303	85.5979	0.0000	0.3961
974	186.7303	92.5251	0.0000	0.3965
975	186.7303	97.1669	0.0000	0.3969
976	186.7303	89.4471	0.0000	0.3972
977	186.7303	90.7961	0.0000	0.3976
978	186.7303	91.0940	0.0000	0.3981
979	186.7303	86.4243	0.0000	0.3985
980	186.7303	91.0813	0.0000	0.3989
981	186.7303	92.9714	0.0000	0.3993
982	186.7303	89.1173	0.0000	0.3997
983	186.7303	93.6562	0.0000	0.4001
984	186.7303	87.1173	0.0000	0.4005
985	186.7303	92.2687	0.0000	0.4009
986	186.7303	79.7803	0.0000	0.4013
987	186.7303	93.6968	0.0000	0.4018
988	186.7303	91.0039	0.0000	0.4022
989	186.7303	96.3934	0.0000	0.4026
990	186.7303	93.7110	0.0000	0.4030
991	186.7303	99.1972	0.0000	0.4034
992	186.7303	88.8857	0.0000	0.4038
993	186.7303	91.6050	0.0000	0.4042
994	186.7303	91.1400	0.0000	0.4046
995	186.7303	91.7474	0.0000	0.4051
996	186.7303	88.3761	0.0000	0.4055
997	186.7303	92.3061	0.0000	0.4059
998	186.7303	93.6230	0.0000	0.4063
999	186.7303	92.7910	0.0000	0.4067
1000	186.7303	84.4298	0.0000	0.4071
1001	186.7303	88.7015	0.0000	0.4075
1002	186.7303	96.2293	0.0000	0.4079
1003	186.7309	87.2202	0.0000	0.4091
1004	186.7268	70.5826	0.0000	0.4096
1005	186.7268	61.6474	0.0000	0.4101
1006	186.7268	60.2037	0.0000	0.4105
1007	186.7268	65.7863	0.0000	0.4110
1008	186.7268	65.3393	0.0000	0.4115
1009	186.7268	55.4245	0.0000	0.4120
1010	186.7268	57.7254	0.0000	0.4126
1011	186.7268	57.6032	0.0000	0.4131
1012	186.7268	53.0168	0.0000	0.4137
1013	186.7268	44.1983	0.0000	0.4142
1014	186.7268	50.5323	0.0000	0.4148
1015	186.7268	56.4565	0.0000	0.4153
1016	186.7268	57.3425	0.0000	0.4157
1017	186.7268	53.4443	0.0000	0.4161
1018	186.7268	46.2301	0.0000	0.4165
1019	186.7268	58.1695	0.0000	0.4169
1020	186.7268	55.5213	0.0000	0.4173
1021	186.7268	55.0260	0.0000	0.4178
1022	186.7268	62.2448	0.0000	0.4182
1023	186.7268	46.6701	0.0000	0.4187
1024	186.7268	49.3009	0.0000	0.4191
1025	186.7268	59.6102	0.0000	0.4195
1026	186.7268	56.1645	0.0000	0.4200
1027	186.7268	54.1431	0.0000	0.4204
1028	186.7268	56.7385	0.0000	0.4208
1029	186.7268	52.2794	0.0000	0.4213
1030	186.7268	57.4332	0.0000	0.4217
1031	186.7268	53.3640	0.0000	0.4221
1032	186.7268	52.7555	0.0000	0.4226
1033	186.7268	52.8300	0.0000	0.4230
1034	186.7268	60.6524	0.0000	0.4234
1035	186.7268	62.0445	0.0000	0.4239
1036	186.7268	59.5642	0.0000	0.4243
1037	186.7268	51.3366	0.0000	0.4247
1038	186.7268	59.3313	0.0000	0.4252
1039	186.7268	67.4481	0.0000	0.4256
1040	186.7268	56.2438	0.0000	0.4260
1041	186.7268	62.1010	0.0000	0.4263
1042	186.7268	64.7199	0.0000	0.4267
1043	186.7268	57.1791	0.0000	0.4271
1044	186.7268	57.4389	0.0000	0.4275
1045	186.7268	63.4261	0.0000	0.4279
1046	186.7268	63.5447	0.0000	0.4283
1047	186.7268	65.2336	0.0000	0.4287
1048	186.7268	72.9744	0.0000	0.4291
1049	186.7268	62.4762	0.0000	0.4294
1050	186.7268	58.7860	0.0000	0.4298
1051	186.7268	61.6247	0.0000	0.4302
1052	186.7268	66.3206	0.0000	0.4306
1053	186.7268	68.6395	0.0000	0.4310
1054	186.7268	67.5992	0.0000	0.4314
1055	186.7268	65.8011	0.0000	0.4318
1056	186.7268	74.1489	0.0000	0.4322
1057	186.7268	66.4846	0.0000	0.4326
1058	186.7268	71.3715	0.0000	0.4330
1059	186.7268	69.9470	0.0000	0.4333
1060	186.7268	73.3075	0.0000	0.4337
1061	186.7268	63.5919	0.0000	0.4341
1062	186.7268	73.0614	0.0000	0.4345
1063	186.7268	61.3141	0.0000	0.4349
1064	186.7268	79.0068	0.0000	0.4353
1065	186.7268	61.2362	0.0000	0.4356
1066	186.7268	69.8175	0.0000	0.4361
1067	186.7268	77.8942	0.0000	0.4364
1068	186.7268	73.5875	0.0000	0.4368
1069	186.7268	78.5919	0.0000	0.4372
1070	186.7268	76.9987	0.0000	0.4376
1071	186.7268	81.1292	0.0000	0.4380
1072	186.7286	75.4467	0.0000	0.4384
1073	186.7286	72.2614	0.0000	0.4388
1074	186.7286	75.7425	0.0000	0.4392
1075	186.7286	76.8321	0.0000	0.4395
1076	186.7286	79.0810	0.0000	0.4399
1077	186.7286	67.5598	0.0000	0.4403
1078	186.7286	80.7875	0.0000	0.4407
1079	186.7286	72.7225	0.0000	0.4411
1080	186.7286	72.8757	0.0000	0.4415
1081	186.7286	87.7335	0.0000	0.4418
1082	186.7286	79.9511	0.0000	0.4422
1083	186.7286	80.4440	0.0000	0.4426
1084	186.7286	88.7773	0.0000	0.4430
1085	186.7286	80.1225	0.0000	0.4434
1086	186.7286	75.9401	0.0000	0.4438
1087	186.7286	75.6559	0.0000	0.4442
1088	186.7286	74.9017	0.0000	0.4446
1089	186.7286	83.2298	0.0000	0.4449
1090	186.7286	82.3629	0.0000	0.4453
1091	186.7286	82.4904	0.0000	0.4457
1092	186.7286	81.1277	0.0000	0.4462
1093	186.7286	80.9932	0.0000	0.4466
1094	186.7286	77.5342	0.0000	0.4469
1095	186.7286	83.8382	0.0000	0.4473
1096	186.7286	81.5003	0.0000	0.4477
1097	186.7286	81.2799	0.0000	0.4481
1098	186.7286	80.6134	0.0000	0.4485
1099	186.7286	82.4873	0.0000	0.4488
1100	186.7286	92.7661	0.0000	0.4492
1101	186.7286	87.4457	0.0000	0.4496
1102	186.7286	88.2706	0.0000	0.4500
1103	186.7286	81.0363	0.0000	0.4504
1104	186.7286	94.9441	0.0000	0.4508
1105	186.7286	88.0247	0.0000	0.4512
1106	186.7286	85.1088	0.0000	0.4516
1107	186.7286	91.8468	0.0000	0.4520
1108	186.7286	86.8792	0.0000	0.4523
1109	186.7286	94.4696	0.0000	0.4527
1110	186.7286	76.2108	0.0000	0.4532
1111	186.7286	89.8376	0.0000	0.4535
1112	186.7286	100.7537	0.0000	0.4539
1113	186.7286	93.2630	0.0000	0.4543
1114	186.7286	86.4267	0.0000	0.4547
1115	186.7286	91.2404	0.0000	0.4551
1116	186.7286	86.2944	0.0000	0.4556
1117	186.7286	86.6626	0.0000	0.4559
1118	186.7286	84.0756	0.0000	0.4563
1119	186.7286	90.1412	0.0000	0.4567
1120	186.7286	82.1490	0.0000	0.4571
1121	186.7286	89.0557	0.0000	0.4575
1122	186.7286	91.0548	0.0000	0.4579
1123	186.7286	90.7187	0.0000	0.4583
1124	186.7286	85.7997	0.0000	0.4587
1125	186.7286	85.5887	0.0000	0.4590
1126	186.7286	97.9485	0.0000	0.4594
1127	186.7286	80.0559	0.0000	0.4598
1128	186.7286	94.4247	0.0000	0.4602
1129	186.7286	91.3364	0.0000	0.4606
1130	186.7286	83.6839	0.0000	0.4610
1131	186.7286	91.7976	0.0000	0.4613
1132	186.7286	92.2121	0.0000	0.4617
1133	186.7286	85.7234	0.0000	0.4621
1134	186.7286	94.8089	0.0000	0.4625
1135	186.7286	93.4124	0.0000	0.4629
1136	186.7286	85.6211	0.0000	0.4632
1137	186.7286	90.5658	0.0000	0.4636
1138	186.7286	86.6044	0.0000	0.4641
1139	186.7286	90.1612	0.0000	0.4644
1140	186.7286	84.1374	0.0000	0.4648
1141	186.7286	90.0042	0.0000	0.4652
1142	186.7286	94.0987	0.0000	0.4656
1143	186.7286	78.7482	0.0000	0.4660
1144	186.7286	99.6977	0.0000	0.4664
1145	186.7286	85.4468	0.0000	0.4668
1146	186.7286	86.7061	0.0000	0.4672
1147	186.7286	90.7755	0.0000	0.4676
1148	186.7286	102.0397	0.0000	0.4681
1149	186.7286	85.6323	0.0000	0.4685
1150	186.7286	83.0872	0.0000	0.4689
1151	186.7286	82.4487	0.0000	0.4693
1152	186.7286	90.6960	0.0000	0.4697
1153	186.7286	90.1327	0.0000	0.4700
1154	186.7286	97.5613	0.0000	0.4704
1155	186.7286	95.1986	0.0000	0.4708
1156	186.7286	87.7897	0.0000	0.4712
1157	186.7286	91.2507	0.0000	0.4716
1158	186.7286	84.2346	0.0000	0.4720
1159	186.7286	89.4056	0.0000	0.4724
1160	186.7286	87.4443	0.0000	0.4728
1161	186.7286	94.8240	0.0000	0.4732
1162	186.7286	94.2232	0.0000	0.4736
1163	186.7286	89.0479	0.0000	0.4739
1164	186.7286	83.5702	0.0000	0.4743
1165	186.7286	88.3804	0.0000	0.4747
1166	186.7286	89.1486	0.0000	0.4751
1167	186.7286	89.6462	0.0000	0.4755
1168	186.7286	92.5272	0.0000	0.4759
1169	186.7286	94.5887	0.0000	0.4763
1170	186.7286	92.5746	0.0000	0.4767
1171	186.7286	92.7504	0.0000	0.4770
1172	186.7286	88.6405	0.0000	0.4774
1173	186.7286	84.1660	0.0000	0.4778
1174	186.7286	95.1200	0.0000	0.4782
1175	186.7286	93.0934	0.0000	0.4786
1176	186.7286	98.9074	0.0000	0.4789
1177	186.7286	94.8094	0.0000	0.4793
1178	186.7286	87.3714	0.0000	0.4797
1179	186.7286	91.5802	0.0000	0.4801
1180	186.7286	91.8578	0.0000	0.4805
1181	186.7286	92.9981	0.0000	0.4809
1182	186.7286	87.6093	0.0000	0.4813
1183	186.7286	97.9562	0.0000	0.4817
1184	186.7286	89.5740	0.0000	0.4820
1185	186.7286	95.7831	0.0000	0.4824
1186	186.7286	85.0273	0.0000	0.4828
1187	186.7286	86.3692	0.0000	0.4832
1188	186.7286	91.8196	0.0000	0.4836
1189	186.7286	84.4629	0.0000	0.4840
1190	186.7286	84.9724	0.0000	0.4843
1191	186.7286	91.8770	0.0000	0.4847
1192	186.7286	85.8644	0.0000	0.4851
1193	186.7286	86.8267	0.0000	0.4854
1194	186.7286	88.2451	0.0000	0.4858
1195	186.7286	87.8578	0.0000	0.4862
1196	186.7286	80.3678	0.0000	0.4866
1197	186.7286	84.9729	0.0000	0.4870
1198	186.7286	90.2613	0.0000	0.4874
1199	186.7286	88.3021	0.0000	0.4878
1200	186.7286	87.0685	0.0000	0.4881
1201	186.7286	87.7695	0.0000	0.4885
1202	186.7286	83.5606	0.0000	0.4889
1203	186.7286	89.0049	0.0000	0.4893
1204	186.7286	92.4211	0.0000	0.4904
1205	186.7286	61.5939	0.0000	0.4909
1206	186.7286	65.0727	0.0000	0.4914
1207	186.7286	66.8308	0.0000	0.4917
1208	186.7286	62.4603	0.0000	0.4922
1209	186.7286	61.8969	0.0000	0.4926
1210	186.7286	62.7099	0.0000	0.4931
1211	186.7286	57.8321	0.0000	0.4936
1212	186.7286	61.8836	0.0000	0.4940
1213	186.7286	57.5563	0.0000	0.4944
1214	186.7286	63.3933	0.0000	0.4948
1215	186.7286	59.4065	0.0000	0.4953
1216	186.7286	64.5852	0.0000	0.4959
1217	186.7286	52.4373	0.0000	0.4963
1218	186.7286	63.8232	0.0000	0.4967
1219	186.7286	67.7818	0.0000	0.4970
1220	186.7286	54.9189	0.0000	0.4974
1221	186.7286	63.0243	0.0000	0.4978
1222	186.7286	63.3197	0.0000	0.4982
1223	186.7286	75.2086	0.0000	0.4987
1224	186.7286	57.0241	0.0000	0.4991
1225	186.7286	60.4690	0.0000	0.4995
1226	186.7286	60.3714	0.0000	0.4999
1227	186.7286	56.6220	0.0000	0.5003
1228	186.7286	62.1413	0.0000	0.5006
1229	186.7286	64.6822	0.0000	0.5010
1230	186.7286	59.7427	0.0000	0.5014
1231	186.7286	58.3244	0.0000	0.5018
1232	186.7286	70.5067	0.0000	0.5023
1233	186.7286	60.7969	0.0000	0.5027
1234	186.7286	65.1439	0.0000	0.5031
1235	186.7286	73.5570	0.0000	0.5036
1236	186.7286	63.7984	0.0000	0.5039
1237	186.7286	69.0526	0.0000	0.5043
1238	186.7286	61.6812	0.0000	0.5047
1239	186.7286	71.8118	0.0000	0.5052
1240	186.7286	67.3367	0.0000	0.5056
1241	186.7286	65.3498	0.0000	0.5061
1242	186.7286	72.1694	0.0000	0.5065
1243	186.7286	76.2067	0.0000	0.5068
1244	186.7286	68.1668	0.0000	0.5073
1245	186.7286	69.7502	0.0000	0.5076
1246	186.7286	68.5461	0.0000	0.5081
1247	186.7286	73.8318	0.0000	0.5084
1248	186.7286	78.7070	0.0000	0.5088
1249	186.7286	71.6259	0.0000	0.5092
1250	186.7286	60.3999	0.0000	0.5096
1251	186.7286	73.6141	0.0000	0.5100
1252	186.7286	76.3376	0.0000	0.5103
1253	186.7286	68.1118	0.0000	0.5107
1254	186.7286	76.6717	0.0000	0.5111
1255	186.7286	66.1346	0.0000	0.5116
1256	186.7286	78.6864	0.0000	0.5120
1257	186.7286	73.2069	0.0000	0.5123
1258	186.7286	65.5421	0.0000	0.5127
1259	186.7286	73.3395	0.0000	0.5131
1260	186.7286	81.5606	0.0000	0.5135
1261	186.7286	83.0245	0.0000	0.5139
1262	186.7286	66.7449	0.0000	0.5143
1263	186.7286	73.8240	0.0000	0.5146
1264	186.7286	80.4105	0.0000	0.5150
1265	186.7286	82.4336	0.0000	0.5154
1266	186.7286	70.5014	0.0000	0.5158
1267	186.7286	67.9679	0.0000	0.5162
1268	186.7286	75.6522	0.0000	0.5165
1269	186.7286	75.1250	0.0000	0.5169
1270	186.7286	78.1052	0.0000	0.5173
1271	186.7286	81.3937	0.0000	0.5177
1272	186.7286	78.1192	0.0000	0.5180
1273	186.7286	79.7739	0.0000	0.5184
1274	186.7286	81.9344	0.0000	0.5188
1275	186.7286	77.5773	0.0000	0.5192
1276	186.7286	91.5896	0.0000	0.5195
1277	186.7286	82.4734	0.0000	0.5199
1278	186.7286	87.5129	0.0000	0.5203
1279	186.7286	87.6229	0.0000	0.5207
1280	186.7286	85.7359	0.0000	0.5210
1281	186.7286	83.6591	0.0000	0.5218
1282	186.7286	82.2989	0.0000	0.5222
1283	186.7286	79.1757	0.0000	0.5226
1284	186.7286	82.2623	0.0000	0.5229
1285	186.7286	94.5885	0.0000	0.5233
1286	186.7286	77.2942	0.0000	0.5237
1287	186.7286	83.6722	0.0000	0.5241
1288	186.7286	81.3814	0.0000	0.5245
1289	186.7286	88.4585	0.0000	0.5248
1290	186.7286	86.7760	0.0000	0.5252
1291	186.7286	82.0489	0.0000	0.5256
1292	186.7286	80.7517	0.0000	0.5260
1293	186.7286	85.8046	0.0000	0.5263
1294	186.7286	85.7785	0.0000	0.5267
1295	186.7286	77.9591	0.0000	0.5271
1296	186.7286	79.9535	0.0000	0.5274
1297	186.7286	88.9474	0.0000	0.5278
1298	186.7286	87.0229	0.0000	0.5282
1299	186.7286	81.3220	0.0000	0.5286
1300	186.7286	84.4322	0.0000	0.5289
1301	186.7286	86.4390	0.0000	0.5293
1302	186.7286	83.6475	0.0000	0.5298
1303	186.7293	75.9789	0.0000	0.5301
1304	186.7293	89.6602	0.0000	0.5305
1305	186.7293	78.7860	0.0000	0.5309
1306	186.7293	84.7160	0.0000	0.5313
1307	186.7293	86.7918	0.0000	0.5316
1308	186.7293	74.6243	0.0000	0.5320
1309	186.7293	93.7242	0.0000	0.5324
1310	186.7293	78.8077	0.0000	0.5328
1311	186.7293	88.2484	0.0000	0.5331
1312	186.7293	77.8002	0.0000	0.5335
1313	186.7303	93.1168	0.0000	0.5339
1314	186.7303	89.9817	0.0000	0.5343
1315	186.7303	80.1779	0.0000	0.5346
1316	186.7303	75.1406	0.0000	0.5350
1317	186.7303	91.9720	0.0000	0.5354
1318	186.7303	87.5800	0.0000	0.5358
1319	186.7303	86.3154	0.0000	0.5361
1320	186.7303	88.0847	0.0000	0.5365
1321	186.7303	91.6775	0.0000	0.5369
1322	186.7303	86.8014	0.0000	0.5373
1323	186.7303	95.4112	0.0000	0.5376
1324	186.7303	98.9215	0.0000	0.5380
1325	186.7303	86.4430	0.0000	0.5384
1326	186.7303	95.0046	0.0000	0.5388
1327	186.7303	83.7138	0.0000	0.5391
1328	186.7303	90.6487	0.0000	0.5395
1329	186.7303	79.4986	0.0000	0.5399
1330	186.7303	78.3250	0.0000	0.5403
1331	186.7303	92.4244	0.0000	0.5407
1332	186.7303	95.0123	0.0000	0.5410
1333	186.7303	93.4941	0.0000	0.5414
1334	186.7303	91.0560	0.0000	0.5418
1335	186.7303	84.8448	0.0000	0.5422
1336	186.7303	89.3167	0.0000	0.5425
1337	186.7303	86.9835	0.0000	0.5429
1338	186.7303	86.9078	0.0000	0.5433
1339	186.7303	92.9372	0.0000	0.5437
1340	186.7303	85.7261	0.0000	0.5441
1341	186.7303	91.1817	0.0000	0.5445
1342	186.7303	85.8858	0.0000	0.5448
1343	186.7303	87.1012	0.0000	0.5452
1344	186.7303	88.5068	0.0000	0.5456
1345	186.7303	82.8798	0.0000	0.5460
1346	186.7303	87.6310	0.0000	0.5463
1347	186.7303	95.1359	0.0000	0.5467
1348	186.7303	89.1114	0.0000	0.5471
1349	186.7303	84.5752	0.0000	0.5475
1350	186.7303	77.3674	0.0000	0.5478
1351	186.7303	90.6571	0.0000	0.5482
1352	186.7303	78.6903	0.0000	0.5488
1353	186.7303	81.2744	0.0000	0.5492
1354	186.7303	82.1213	0.0000	0.5495
1355	186.7303	77.9397	0.0000	0.5499
1356	186.7303	89.5700	0.0000	0.5503
1357	186.7303	91.0413	0.0000	0.5507
1358	186.7303	85.5468	0.0000	0.5511
1359	186.7303	87.6550	0.0000	0.5515
1360	186.7303	86.4591	0.0000	0.5519
1361	186.7303	90.6189	0.0000	0.5522
1362	186.7303	95.2489	0.0000	0.5526
1363	186.7303	94.9899	0.0000	0.5530
1364	186.7303	91.8777	0.0000	0.5534
1365	186.7303	92.2570	0.0000	0.5538
1366	186.7303	93.4850	0.0000	0.5542
1367	186.7303	90.9632	0.0000	0.5546
1368	186.7303	87.7441	0.0000	0.5550
1369	186.7303	89.7087	0.0000	0.5553
1370	186.7303	84.9017	0.0000	0.5557
1371	186.7303	97.6266	0.0000	0.5561
1372	186.7303	89.1532	0.0000	0.5565
1373	186.7303	75.9742	0.0000	0.5569
1374	186.7303	88.4315	0.0000	0.5573
1375	186.7303	87.6062	0.0000	0.5577
1376	186.7303	92.9486	0.0000	0.5580
1377	186.7303	86.3379	0.0000	0.5584
1378	186.7303	93.0954	0.0000	0.5588
1379	186.7303	100.7728	0.0000	0.5592
1380	186.7303	95.2525	0.0000	0.5596
1381	186.7303	91.4022	0.0000	0.5600
1382	186.7303	91.1901	0.0000	0.5603
1383	186.7303	86.0433	0.0000	0.5608
1384	186.7303	83.9092	0.0000	0.5611
1385	186.7303	80.7594	0.0000	0.5616
1386	186.7303	94.7785	0.0000	0.5620
1387	186.7303	95.1464	0.0000	0.5623
1388	186.7303	88.4858	0.0000	0.5627
1389	186.7303	91.6813	0.0000	0.5631
1390	186.7303	93.6285	0.0000	0.5635
1391	186.7303	97.4210	0.0000	0.5639
1392	186.7303	89.3809	0.0000	0.5643
1393	186.7303	91.8105	0.0000	0.5647
1394	186.7304	92.0602	0.0000	0.5651
1395	186.7304	81.7739	0.0000	0.5655
1396	186.7304	91.9814	0.0000	0.5659
1397	186.7304	83.9057	0.0000	0.5663
1398	186.7304	92.5512	0.0000	0.5667
1399	186.7304	88.5362	0.0000	0.5672
Pos: [4.857616107224683, 5.482943172475398]

=================================================================================================================