ID: shubert	Date: 2018-07-01 19:08:02	Runs: 1
=================================================================================================================
Run: 0
Iter	Gbest	AvrFit	Diver	ETime	
0	1735.4576	63.6936	0.0000	2558.3806
1	1735.4576	115.7649	0.0000	3941.0453
2	1735.4576	128.3568	0.0000	5209.0149
3	1735.4576	136.6714	0.0000	6495.6987
4	1735.4576	148.8649	0.0000	7739.9886
5	1735.4576	190.5124	0.0000	8921.0839
6	1735.4576	203.4935	0.0000	10160.7959
7	1735.4576	229.1064	0.0000	11384.2809
8	1735.4576	248.6786	0.0000	12585.3002
9	1842.6768	329.6438	0.0000	13760.6237
10	2387.8160	331.6305	0.0000	14952.0168
11	2387.8160	367.3581	0.0000	16113.6467
12	2387.8160	374.8977	0.0000	17316.3157
13	2387.8160	417.6465	0.0000	18494.5645
14	2387.8160	372.0694	0.0000	19668.6494
15	2491.5133	446.5960	0.0000	20834.3604
16	2491.5133	481.1402	0.0000	21993.2694
17	2491.5133	470.6398	0.0000	23182.8353
18	2491.5133	528.6248	0.0000	24422.2856
19	2491.5133	550.1033	0.0000	25591.9247
20	2491.5133	550.8255	0.0000	26778.3549
21	2491.5133	553.0736	0.0000	28153.7282
22	2491.5133	576.4536	0.0000	29406.5602
23	2491.5133	608.7072	0.0000	30596.4024
24	2491.5133	578.5692	0.0000	31829.9658
25	2491.5133	614.4980	0.0000	33012.0134
26	2662.3543	687.8023	0.0000	34208.3879
27	2662.3543	657.9963	0.0000	35420.6657
28	2662.3543	703.2931	0.0000	36614.8744
29	2662.3543	666.8591	0.0000	37809.8593
30	2662.3543	733.6793	0.0000	39061.2102
31	2662.3543	786.7251	0.0000	40298.3751
32	2662.3543	828.5023	0.0000	41564.7659
33	2662.3543	850.8892	0.0000	42748.2679
34	2662.3543	828.5213	0.0000	43903.9347
35	2662.3543	898.8912	0.0000	45084.9516
36	2662.3543	856.8805	0.0000	46272.8250
37	2662.3543	902.7527	0.0000	47520.9291
38	2662.3543	932.2461	0.0000	48761.2672
39	2662.3543	919.8583	0.0000	50019.9819
40	2662.3543	973.9586	0.0000	51228.5149
41	2662.3543	990.5388	0.0000	52415.3390
42	2662.3543	1000.0385	0.0000	53582.7262
43	2694.4449	994.3852	0.0000	54798.9841
44	2694.4449	1074.4979	0.0000	56016.0251
45	2694.4449	1033.0794	0.0000	57242.8367
46	2694.4449	1107.5131	0.0000	58440.3162
47	2694.4449	1140.8740	0.0000	59633.1477
48	2694.4449	1099.6084	0.0000	60839.0033
49	2694.4449	1141.2779	0.0000	62086.0312
50	2694.4449	1192.6571	0.0000	63320.7839
51	2694.4449	1269.9336	0.0000	64548.5530
52	2694.4449	1300.2372	0.0000	65756.0079
53	2694.4449	1246.9467	0.0000	66930.4211
54	2694.4449	1215.3975	0.0000	68130.2845
55	2694.4449	1313.2373	0.0000	69332.2527
56	2694.4449	1306.8117	0.0000	70537.5249
57	2694.4449	1308.1710	0.0000	71760.1895
58	2702.8926	1329.6447	0.0000	72980.1531
59	2702.8926	1286.0899	0.0000	74172.9290
60	2702.8926	1375.6372	0.0000	75342.3555
61	2702.8926	1355.8910	0.0000	76499.4111
62	2702.8926	1395.9406	0.0000	77681.6428
63	2702.8926	1416.4994	0.0000	78878.2420
64	2702.8926	1397.6669	0.0000	80094.2016
65	2702.8926	1366.2033	0.0000	81301.0452
66	2702.8926	1392.0730	0.0000	82477.7160
67	2702.8926	1456.7444	0.0000	83669.8813
68	2702.8926	1511.8213	0.0000	84846.3883
69	2702.8926	1397.0996	0.0000	86017.5512
70	2702.8926	1490.3674	0.0000	87238.3008
71	2702.8926	1428.7157	0.0000	88439.3597
72	2702.8926	1498.9555	0.0000	89637.3019
73	2702.8926	1525.2980	0.0000	90822.5372
74	2702.8926	1488.3801	0.0000	92018.1003
75	2702.8926	1532.7792	0.0000	93204.4225
76	2702.8926	1546.0456	0.0000	94412.4529
77	2702.8926	1596.6612	0.0000	95606.9298
78	2702.8926	1619.5752	0.0000	96777.1335
79	2702.8926	1595.7230	0.0000	97953.8403
80	2702.8926	1572.9850	0.0000	99159.9908
81	2702.8926	1543.5602	0.0000	100354.6371
82	2702.8926	1553.3072	0.0000	101549.4182
83	2702.8926	1631.3809	0.0000	102712.3642
84	2702.8926	1682.5481	0.0000	103869.9462
85	2702.8926	1674.5771	0.0000	105052.7453
86	2702.8926	1673.6642	0.0000	106329.9103
87	2702.8926	1656.6343	0.0000	107584.7404
88	2702.8926	1621.9232	0.0000	108773.0551
89	2702.8926	1705.8640	0.0000	109944.1690
90	2702.8926	1722.5550	0.0000	111109.3678
91	2702.8926	1641.5611	0.0000	112268.0781
92	2702.8926	1645.6822	0.0000	113454.4504
93	2702.8926	1722.2770	0.0000	114660.7499
94	2702.8926	1689.0760	0.0000	115872.7593
95	2702.8926	1691.1786	0.0000	117091.7823
96	2702.8926	1743.2337	0.0000	118297.3278
97	2705.3799	1748.8382	0.0000	119474.7725
98	2705.3799	1672.1046	0.0000	120638.1717
99	2705.3799	1726.1953	0.0000	121804.3580
100	2705.3799	1695.2469	0.0000	122995.1606
101	2705.3799	1718.9496	0.0000	124209.4595
102	2705.7297	1729.3082	0.0000	125414.0754
103	2705.7297	1688.4437	0.0000	126593.2002
104	2705.7297	1772.9864	0.0000	127760.4601
105	2705.7297	1715.2878	0.0000	128928.9575
106	2705.7297	1718.4152	0.0000	130098.8383
107	2705.7297	1765.6071	0.0000	131248.8482
108	2706.6105	1778.2776	0.0000	132413.2621
109	2706.6105	1818.3814	0.0000	133595.8107
110	2706.6105	1775.8609	0.0000	134798.8288
111	2706.6105	1766.3454	0.0000	135998.6496
112	2706.6105	1742.0568	0.0000	137198.7863
113	2706.6105	1698.8142	0.0000	138364.0728
114	2706.6105	1777.8317	0.0000	139528.1310
115	2706.6105	1787.5779	0.0000	140687.3841
116	2706.6105	1701.5238	0.0000	141888.7329
117	2706.6105	1769.9132	0.0000	143088.4314
118	2706.6105	1783.4363	0.0000	144282.8481
119	2706.6105	1856.9057	0.0000	145478.3061
120	2706.6105	1795.5252	0.0000	146637.5909
121	2706.6105	1858.9656	0.0000	147801.5051
122	2706.6105	1756.2378	0.0000	148948.9889
123	2706.6105	1816.3277	0.0000	150140.0273
124	2706.6105	1807.3398	0.0000	151349.8974
125	2706.6105	1798.8908	0.0000	152520.1814
126	2706.6105	1820.1823	0.0000	153677.8226
127	2706.6105	1851.4084	0.0000	154825.7263
128	2707.9385	1773.1236	0.0000	155987.7727
129	2707.9385	1811.5468	0.0000	157135.0720
130	2707.9385	1833.8326	0.0000	158324.4610
131	2707.9385	1855.6494	0.0000	159539.6276
132	2708.6978	1935.0109	0.0000	160735.1828
133	2708.6978	1896.0149	0.0000	161908.1910
134	2708.6978	1874.1015	0.0000	163079.1166
135	2708.6978	1866.5823	0.0000	164251.5352
136	2708.6978	1899.9428	0.0000	165421.7720
137	2708.6978	1842.7002	0.0000	166609.6551
138	2708.6978	1911.1430	0.0000	167802.9339
139	2708.6978	1872.2360	0.0000	168982.3518
140	2708.6978	1840.3507	0.0000	170155.6940
141	2708.6978	1908.3443	0.0000	171315.2969
142	2708.7066	1886.4015	0.0000	172467.4685
143	2708.7066	1950.6533	0.0000	173629.4277
144	2708.9134	1862.0678	0.0000	174834.2195
145	2708.9134	1929.0367	0.0000	176029.2804
146	2708.9134	1905.0842	0.0000	177222.7910
147	2708.9134	1866.1517	0.0000	178374.4423
148	2708.9134	1847.1499	0.0000	179522.8295
149	2708.9134	1881.4619	0.0000	180692.9474
150	2708.9134	1860.1347	0.0000	181880.2531
151	2708.9134	1889.5812	0.0000	183061.7619
152	2708.9134	1952.8486	0.0000	184248.7781
153	2708.9134	1796.6252	0.0000	185423.6443
154	2708.9134	1906.1620	0.0000	186607.7127
155	2708.9134	1859.4405	0.0000	187753.6342
156	2709.0485	1916.6758	0.0000	188905.1137
157	2709.0485	1932.1159	0.0000	190084.7261
158	2709.0485	1911.8708	0.0000	191263.9277
159	2709.0485	1841.0858	0.0000	192466.4118
160	2709.0485	1991.2217	0.0000	193668.3409
161	2709.0485	1968.4223	0.0000	194829.0937
162	2709.0485	1899.8981	0.0000	195986.1271
163	2709.0485	1921.8176	0.0000	197148.7703
164	2709.0485	1926.2556	0.0000	198303.4475
165	2709.0485	1960.2118	0.0000	199459.6705
166	2709.0485	1982.3126	0.0000	200603.6289
167	2709.0485	2029.0198	0.0000	201766.7608
168	2709.0485	1938.0319	0.0000	202944.4172
169	2709.0485	1989.4528	0.0000	204134.3679
170	2709.0485	1906.9871	0.0000	205325.6183
171	2709.0485	1977.1771	0.0000	206472.9743
172	2709.0485	1940.5415	0.0000	207623.0204
173	2709.0485	2009.7781	0.0000	208788.6870
174	2709.0485	1911.7805	0.0000	209967.6437
175	2709.0485	1984.9808	0.0000	211157.6717
176	2709.0485	2042.7722	0.0000	212343.4062
177	2709.0485	1939.9454	0.0000	213554.2719
178	2709.0485	2040.0017	0.0000	214725.8508
179	2709.0485	2038.6923	0.0000	215885.6578
180	2709.0485	2030.7435	0.0000	217051.4743
181	2709.0485	1976.5181	0.0000	218218.7762
182	2709.0485	2088.3852	0.0000	219399.8685
183	2709.0485	1987.0224	0.0000	220569.2959
184	2709.0485	2028.5989	0.0000	221732.4250
185	2709.0485	2038.1490	0.0000	222890.6193
186	2709.0485	2032.4632	0.0000	224066.8654
187	2709.0485	2099.5054	0.0000	225237.7505
188	2709.0485	2073.6995	0.0000	226430.0168
189	2709.0485	2008.7814	0.0000	227635.3428
190	2709.0485	2051.0344	0.0000	228833.6110
191	2709.0485	2015.3824	0.0000	230034.4534
192	2709.0485	2043.5673	0.0000	231212.1763
193	2709.0485	2010.0234	0.0000	232363.0633
194	2709.0485	2044.1794	0.0000	233531.3635
195	2709.0485	2025.1796	0.0000	234748.4441
196	2709.0485	1960.5128	0.0000	236006.5520
197	2709.0485	2108.3126	0.0000	237230.3979
198	2709.0485	2071.6563	0.0000	238396.5447
199	2709.0485	2099.8401	0.0000	239585.8872
200	2709.0485	2076.2596	0.0000	240734.1287
201	2709.0485	2076.6732	0.0000	241897.7017
202	2709.0485	1991.8960	0.0000	243090.9774
203	2709.0485	2120.9078	0.0000	244260.5903
204	2709.0485	2063.7291	0.0000	245437.6647
205	2709.0485	2082.1946	0.0000	246603.6551
206	2709.0485	2011.7808	0.0000	247768.5783
207	2709.0485	2063.8289	0.0000	248919.2874
208	2709.0485	2060.0820	0.0000	250080.9126
209	2709.0485	2146.9077	0.0000	251324.1251
210	2709.0485	2112.7802	0.0000	252507.5190
211	2709.0485	2083.2056	0.0000	253682.2512
212	2709.0485	2059.1067	0.0000	254828.2247
213	2709.0485	2039.8996	0.0000	255972.6422
214	2709.0485	2083.4020	0.0000	257142.4882
215	2709.0485	2036.0678	0.0000	258330.6148
216	2709.0485	2149.7574	0.0000	259467.8569
217	2709.0485	2122.0839	0.0000	260617.3363
218	2709.0485	2082.5597	0.0000	261766.4809
219	2709.0485	2046.9122	0.0000	262978.4074
220	2709.0485	2033.5452	0.0000	264152.1840
221	2709.0485	2063.3314	0.0000	265321.7976
222	2709.0485	2066.6422	0.0000	266451.9336
223	2709.0485	2075.5794	0.0000	267602.5066
224	2709.0485	2039.2385	0.0000	268754.4234
225	2709.0485	2059.7562	0.0000	269895.4463
226	2709.0485	2101.9407	0.0000	271085.0806
227	2709.0485	2162.6609	0.0000	272265.2097
228	2709.0485	2144.9142	0.0000	273454.2973
229	2709.0485	2093.3766	0.0000	274705.5893
230	2709.0485	2025.4021	0.0000	275989.5325
231	2709.0485	2083.1451	0.0000	277165.5376
232	2709.0485	2084.2072	0.0000	278334.4576
233	2709.0485	2201.1494	0.0000	279492.3179
234	2709.0485	2129.6063	0.0000	280667.5780
235	2709.0485	2123.8442	0.0000	281855.9868
236	2709.0485	2099.0122	0.0000	283021.0719
237	2709.0485	2092.7427	0.0000	284196.5344
238	2709.0485	2119.4228	0.0000	285345.6566
239	2709.0527	2137.0772	0.0000	286560.5290
240	2709.0527	2092.7257	0.0000	287761.6632
241	2709.0527	2057.7392	0.0000	288957.7239
242	2709.0527	2081.4373	0.0000	290132.1988
243	2709.0527	2087.1052	0.0000	291285.4977
244	2709.0527	2116.1377	0.0000	292444.2451
245	2709.0527	2125.6980	0.0000	293605.3691
246	2709.0527	2127.6467	0.0000	294798.7690
247	2709.0527	2062.0928	0.0000	295988.7822
248	2709.0527	2086.3813	0.0000	297180.5410
249	2709.0527	2141.5033	0.0000	298346.4742
250	2709.0527	2133.8479	0.0000	299477.4642
251	2709.0527	2032.3564	0.0000	300621.5754
252	2709.0527	2136.4766	0.0000	301806.7820
253	2709.0527	2119.1060	0.0000	303053.0698
254	2709.0527	2115.3697	0.0000	304221.7057
255	2709.0527	2085.9799	0.0000	305407.1949
256	2709.0527	2120.9853	0.0000	306565.7854
257	2709.0527	2066.3683	0.0000	307716.4791
258	2709.0527	2091.0251	0.0000	308851.9754
259	2709.0527	2086.9333	0.0000	310007.3893
260	2709.0527	2040.6327	0.0000	311186.2123
261	2709.0527	2140.3020	0.0000	312393.2467
262	2709.0527	2056.6829	0.0000	313571.9485
263	2709.0774	2151.3382	0.0000	314732.9240
264	2709.0774	2095.9381	0.0000	315884.8555
265	2709.0774	2087.7287	0.0000	317038.3825
266	2709.0774	2082.3616	0.0000	318211.7965
267	2709.0871	2131.8770	0.0000	319391.2163
268	2709.0871	2124.1000	0.0000	320559.8464
269	2709.0871	2156.5059	0.0000	321722.0957
270	2709.0871	2105.3370	0.0000	322865.6518
271	2709.0871	2069.9995	0.0000	323999.9800
272	2709.0871	2185.4260	0.0000	325139.2114
273	2709.0871	2084.9877	0.0000	326308.1310
274	2709.0871	2131.6335	0.0000	327469.6286
275	2709.0871	2155.7283	0.0000	328603.1008
276	2709.0871	2157.8929	0.0000	329740.3126
277	2709.0871	2120.0493	0.0000	330885.3862
278	2709.0871	2108.1376	0.0000	332026.1490
279	2709.0871	2092.3479	0.0000	333159.7776
280	2709.0871	2088.6381	0.0000	334313.3087
281	2709.0871	2128.7007	0.0000	335477.4377
282	2709.0871	2113.6830	0.0000	336644.9258
283	2709.0871	2171.7024	0.0000	337850.5626
284	2709.0871	2165.6164	0.0000	338993.3591
285	2709.0871	2139.2323	0.0000	340132.2775
286	2709.0871	2119.0960	0.0000	341270.9911
287	2709.0871	2143.7757	0.0000	342438.4687
288	2709.0871	2107.5445	0.0000	343607.8351
289	2709.0871	2187.1739	0.0000	344782.2330
290	2709.0926	2156.6212	0.0000	345957.8524
291	2709.0926	2102.4367	0.0000	347101.4864
292	2709.0926	2103.9434	0.0000	348273.3057
293	2709.0926	2137.3730	0.0000	349403.8577
294	2709.0926	2156.1581	0.0000	350571.2430
295	2709.0926	2208.5748	0.0000	351737.1855
296	2709.0926	2118.7158	0.0000	352909.1821
297	2709.0926	2153.4267	0.0000	354067.7190
298	2709.0926	2110.0354	0.0000	355196.9986
299	2709.0926	2113.5650	0.0000	356337.1582
300	2709.0926	2164.7045	0.0000	357482.5444
301	2709.0926	2171.2965	0.0000	358632.9319
302	2709.0926	2148.2692	0.0000	359760.0753
303	2709.0926	2100.4731	0.0000	360899.8423
304	2709.0926	2083.5414	0.0000	362053.4456
305	2709.0926	2118.5786	0.0000	363213.7532
306	2709.0926	2140.2962	0.0000	364402.0340
307	2709.0926	2036.1805	0.0000	365572.1016
308	2709.0926	2130.5503	0.0000	366762.4128
309	2709.0926	2153.9554	0.0000	367904.6495
310	2709.0926	2141.1175	0.0000	369061.1367
311	2709.0926	2194.9871	0.0000	370190.9003
312	2709.0926	2219.7437	0.0000	371347.2624
313	2709.0926	2124.4671	0.0000	372515.9051
314	2709.0926	2148.3986	0.0000	373673.6598
315	2709.0926	2116.2560	0.0000	374824.5387
316	2709.0926	2104.8976	0.0000	375951.0262
317	2709.0926	2113.9468	0.0000	377087.5087
318	2709.0926	2121.3756	0.0000	378270.0155
319	2709.0926	2117.3374	0.0000	379437.6040
320	2709.0926	2154.8593	0.0000	380612.7875
321	2709.0926	2156.3081	0.0000	381746.6600
322	2709.0926	2241.6812	0.0000	382874.3646
323	2709.0926	2172.5005	0.0000	384006.7468
324	2709.0926	2191.8665	0.0000	385163.1615
325	2709.0926	2095.8704	0.0000	386309.3152
326	2709.0926	2236.2137	0.0000	387476.3517
327	2709.0926	2175.5421	0.0000	388677.1038
328	2709.0926	2101.0540	0.0000	389827.5995
329	2709.0926	2158.2208	0.0000	390959.3763
330	2709.0926	2144.2095	0.0000	392107.5687
331	2709.0926	2116.1579	0.0000	393259.0687
332	2709.0926	2154.2552	0.0000	394438.5388
333	2709.0926	2159.6343	0.0000	395610.7879
334	2709.0926	2165.4756	0.0000	396777.4923
335	2709.0926	2218.3170	0.0000	397915.3163
336	2709.0926	2182.8600	0.0000	399043.6990
337	2709.0927	2156.2533	0.0000	400194.7198
338	2709.0927	2207.3739	0.0000	401312.6440
339	2709.0927	2091.6643	0.0000	402457.8464
340	2709.0927	2175.4781	0.0000	403592.7541
341	2709.0927	2210.9071	0.0000	404770.4415
342	2709.0927	2195.7780	0.0000	405898.4208
343	2709.0931	2169.8276	0.0000	407058.8977
344	2709.0931	2163.0668	0.0000	408200.3198
345	2709.0931	2210.6913	0.0000	409342.4206
346	2709.0931	2156.7558	0.0000	410503.9878
347	2709.0931	2148.8255	0.0000	411653.7871
348	2709.0931	2184.1850	0.0000	412805.0013
349	2709.0931	2225.9594	0.0000	413960.6276
350	2709.0931	2152.8645	0.0000	415099.9947
351	2709.0931	2240.0430	0.0000	416213.2096
352	2709.0931	2181.2543	0.0000	417341.4872
353	2709.0931	2196.2764	0.0000	418505.0638
354	2709.0931	2274.0305	0.0000	419663.6696
355	2709.0931	2266.6230	0.0000	420814.6257
356	2709.0931	2115.0007	0.0000	421976.7864
357	2709.0931	2213.6240	0.0000	423092.0157
358	2709.0931	2143.3028	0.0000	424201.8330
359	2709.0931	2116.4676	0.0000	425342.0596
360	2709.0931	2187.0977	0.0000	426507.0183
361	2709.0931	2168.1439	0.0000	427668.5617
362	2709.0931	2196.7589	0.0000	428840.1730
363	2709.0931	2243.8899	0.0000	429988.4200
364	2709.0931	2068.8783	0.0000	431120.1413
365	2709.0931	2115.3225	0.0000	432263.9728
366	2709.0931	2213.0148	0.0000	433394.4030
367	2709.0934	2215.5275	0.0000	434549.0780
368	2709.0934	2198.1683	0.0000	435700.7895
369	2709.0934	2224.9856	0.0000	436849.4270
370	2709.0934	2198.5205	0.0000	437980.5377
371	2709.0934	2235.1365	0.0000	439136.7433
372	2709.0934	2176.6518	0.0000	440269.7012
373	2709.0934	2187.4323	0.0000	441405.9281
374	2709.0934	2221.2490	0.0000	442548.2922
375	2709.0934	2229.7953	0.0000	443724.7183
376	2709.0934	2272.4828	0.0000	444905.3066
377	2709.0934	2215.8968	0.0000	446081.9840
378	2709.0934	2201.1410	0.0000	447223.5494
379	2709.0934	2267.1439	0.0000	448335.7949
380	2709.0934	2193.9097	0.0000	449478.1227
381	2709.0934	2223.1473	0.0000	450633.4429
382	2709.0934	2277.6914	0.0000	451795.5775
383	2709.0934	2256.2439	0.0000	452960.4557
384	2709.0934	2162.9715	0.0000	454093.5357
385	2709.0934	2140.5893	0.0000	455221.8812
386	2709.0934	2142.5023	0.0000	456360.6234
387	2709.0934	2142.5118	0.0000	457483.1419
388	2709.0934	2157.3397	0.0000	458634.1388
389	2709.0934	2122.6248	0.0000	459784.2212
390	2709.0934	2229.2217	0.0000	460936.5330
391	2709.0934	2163.9404	0.0000	462078.5275
392	2709.0934	2164.3085	0.0000	463199.0473
393	2709.0934	2211.1843	0.0000	464322.0358
394	2709.0934	2157.8321	0.0000	465568.2058
395	2709.0934	2155.9826	0.0000	466717.9527
396	2709.0934	2204.5094	0.0000	467868.5920
397	2709.0934	2271.6864	0.0000	469021.6081
398	2709.0934	2169.5765	0.0000	470195.5593
399	2709.0934	2197.6415	0.0000	471353.5612
400	2709.0934	2182.8601	0.0000	472476.1097
401	2709.0934	2273.4113	0.0000	473602.1175
402	2709.0934	2158.4669	0.0000	474732.2111
403	2709.0934	2187.5867	0.0000	475866.3273
404	2709.0934	2198.2924	0.0000	476983.0632
405	2709.0934	2173.4633	0.0000	478119.4258
406	2709.0934	2216.6563	0.0000	479289.6872
407	2709.0935	2221.8671	0.0000	480458.9059
408	2709.0935	2204.9671	0.0000	481606.1518
409	2709.0935	2251.0706	0.0000	482727.8273
410	2709.0935	2213.4494	0.0000	483849.8418
411	2709.0935	2226.3614	0.0000	484976.1100
412	2709.0935	2259.8236	0.0000	486107.6722
413	2709.0935	2213.7037	0.0000	487238.1296
414	2709.0935	2202.0855	0.0000	488340.7302
415	2709.0935	2217.3719	0.0000	489458.0815
416	2709.0935	2239.1317	0.0000	490609.3636
417	2709.0935	2248.7138	0.0000	491761.3921
418	2709.0935	2289.9714	0.0000	492900.0342
419	2709.0935	2243.3734	0.0000	494045.3401
420	2709.0935	2217.1049	0.0000	495170.6638
421	2709.0935	2259.2831	0.0000	496297.9548
422	2709.0935	2282.9444	0.0000	497463.5856
423	2709.0935	2228.8614	0.0000	498584.7623
424	2709.0935	2292.9612	0.0000	499691.2706
425	2709.0935	2343.1465	0.0000	500828.8803
426	2709.0935	2222.4944	0.0000	501995.4381
427	2709.0935	2227.1656	0.0000	503146.2042
428	2709.0935	2282.8626	0.0000	504300.2923
429	2709.0935	2308.6603	0.0000	505457.3240
430	2709.0935	2280.4090	0.0000	506612.4606
431	2709.0935	2210.6365	0.0000	507748.2455
432	2709.0935	2263.4847	0.0000	508875.1686
433	2709.0935	2247.4033	0.0000	510025.6898
434	2709.0935	2286.4006	0.0000	511192.0373
435	2709.0935	2190.4945	0.0000	512346.8785
436	2709.0935	2162.9816	0.0000	513508.0786
437	2709.0935	2185.9989	0.0000	514678.6273
438	2709.0935	2203.0431	0.0000	515815.5832
439	2709.0935	2264.6850	0.0000	516972.9164
440	2709.0935	2220.6430	0.0000	518113.2755
441	2709.0935	2243.5079	0.0000	519262.1977
442	2709.0935	2223.5067	0.0000	520412.0157
443	2709.0935	2255.7117	0.0000	521568.4073
444	2709.0935	2243.8948	0.0000	522678.7236
445	2709.0935	2234.3660	0.0000	523801.4464
446	2709.0935	2284.5091	0.0000	524914.8881
447	2709.0935	2230.2849	0.0000	526065.0990
448	2709.0935	2235.7916	0.0000	527212.0061
449	2709.0935	2218.1474	0.0000	528361.0420
450	2709.0935	2272.1838	0.0000	529527.5135
451	2709.0935	2292.1317	0.0000	530657.8126
452	2709.0935	2210.1493	0.0000	531829.8898
453	2709.0935	2258.5631	0.0000	532970.8462
454	2709.0935	2316.7366	0.0000	534079.6442
455	2709.0935	2218.8982	0.0000	535214.7584
456	2709.0935	2249.0354	0.0000	536316.4074
457	2709.0935	2250.8516	0.0000	537436.2981
458	2709.0935	2283.7381	0.0000	538584.3816
459	2709.0935	2284.1770	0.0000	539740.3867
460	2709.0935	2263.6969	0.0000	540901.4013
461	2709.0935	2267.1575	0.0000	542029.1688
462	2709.0935	2241.7468	0.0000	543152.0729
463	2709.0935	2251.3132	0.0000	544276.8872
464	2709.0935	2207.0493	0.0000	545415.4825
465	2709.0935	2207.2487	0.0000	546548.2185
466	2709.0935	2210.1823	0.0000	547682.9979
467	2709.0935	2305.7638	0.0000	548831.1646
468	2709.0935	2201.6042	0.0000	550023.9811
469	2709.0935	2243.8256	0.0000	551144.8736
470	2709.0935	2281.8214	0.0000	552245.3792
471	2709.0935	2261.3362	0.0000	553389.5428
472	2709.0935	2240.6659	0.0000	554517.2241
473	2709.0935	2229.4210	0.0000	555683.8946
474	2709.0935	2271.3913	0.0000	556833.3182
475	2709.0935	2244.7675	0.0000	557952.6474
476	2709.0935	2309.0407	0.0000	559166.7476
477	2709.0935	2245.9270	0.0000	560303.7069
478	2709.0935	2245.2624	0.0000	561415.7319
479	2709.0935	2275.4113	0.0000	562551.2431
480	2709.0935	2247.7784	0.0000	563701.3049
481	2709.0935	2126.5377	0.0000	564839.3905
482	2709.0935	2223.7198	0.0000	565978.5304
483	2709.0935	2185.0748	0.0000	567176.4858
484	2709.0935	2286.3264	0.0000	568272.3179
485	2709.0935	2301.3328	0.0000	569394.3315
486	2709.0935	2305.0601	0.0000	570510.4899
487	2709.0935	2230.9089	0.0000	571623.5833
488	2709.0935	2257.1594	0.0000	572765.2669
489	2709.0935	2279.3645	0.0000	573889.3194
490	2709.0935	2233.9657	0.0000	575027.2410
491	2709.0935	2277.3266	0.0000	576173.4080
492	2709.0935	2234.2461	0.0000	577318.4478
493	2709.0935	2300.9807	0.0000	578473.1536
494	2709.0935	2224.7496	0.0000	579587.6610
495	2709.0935	2324.3253	0.0000	580693.8243
496	2709.0935	2273.7911	0.0000	581797.5554
497	2709.0935	2270.5926	0.0000	582951.6795
498	2709.0935	2228.9016	0.0000	584088.2163
499	2709.0935	2285.0198	0.0000	585228.7135
500	2709.0935	2230.4492	0.0000	586337.4383
501	2709.0935	2307.3288	0.0000	587436.1441
502	2709.0935	2221.9206	0.0000	588552.6254
503	2709.0935	2280.5684	0.0000	589660.0938
504	2709.0935	2262.3235	0.0000	590788.0158
505	2709.0935	2316.4519	0.0000	591917.5303
506	2709.0935	2275.6943	0.0000	593050.5733
507	2709.0935	2250.6369	0.0000	594184.5515
508	2709.0935	2279.2463	0.0000	595325.8352
509	2709.0935	2283.9827	0.0000	596432.5387
510	2709.0935	2279.4466	0.0000	597539.7174
511	2709.0935	2301.0698	0.0000	598662.4966
512	2709.0935	2325.2136	0.0000	599776.3488
513	2709.0935	2273.5571	0.0000	600878.3283
514	2709.0935	2288.9024	0.0000	601987.8800
515	2709.0935	2256.9901	0.0000	603119.5853
516	2709.0935	2233.0014	0.0000	604251.8635
517	2709.0935	2298.4225	0.0000	605365.3998
518	2709.0935	2319.9142	0.0000	606471.4971
519	2709.0935	2213.3694	0.0000	607563.4539
520	2709.0935	2310.2750	0.0000	608658.1366
521	2709.0935	2329.6451	0.0000	609762.2435
522	2709.0935	2261.3424	0.0000	610893.3961
523	2709.0935	2293.9643	0.0000	612050.2663
524	2709.0935	2274.0137	0.0000	613175.9675
525	2709.0935	2246.4286	0.0000	614301.1584
526	2709.0935	2271.8587	0.0000	615403.4877
527	2709.0935	2285.1762	0.0000	616516.9842
528	2709.0935	2350.4046	0.0000	617628.3898
529	2709.0935	2278.5531	0.0000	618761.4245
530	2709.0935	2315.2430	0.0000	619884.9018
531	2709.0935	2329.6101	0.0000	621024.7731
532	2709.0935	2315.7198	0.0000	622150.5055
533	2709.0935	2280.9500	0.0000	623273.4900
534	2709.0935	2328.4109	0.0000	624394.2254
535	2709.0935	2243.8852	0.0000	625508.9054
536	2709.0935	2254.7652	0.0000	626654.1984
537	2709.0935	2278.1389	0.0000	627780.1161
538	2709.0935	2285.8188	0.0000	628924.9663
539	2709.0935	2246.4582	0.0000	630045.3732
540	2709.0935	2245.5016	0.0000	631158.4933
541	2709.0935	2300.0723	0.0000	632255.4836
542	2709.0935	2310.3520	0.0000	633368.5904
543	2709.0935	2272.8998	0.0000	634510.6294
544	2709.0935	2355.2501	0.0000	635645.3125
545	2709.0935	2294.6420	0.0000	636772.8522
546	2709.0935	2327.5389	0.0000	637904.0687
547	2709.0935	2275.7370	0.0000	639036.8659
548	2709.0935	2266.2619	0.0000	640137.5422
549	2709.0935	2315.6056	0.0000	641231.8456
550	2709.0935	2227.5012	0.0000	642351.0575
551	2709.0935	2276.2143	0.0000	643484.3924
552	2709.0935	2245.4973	0.0000	644604.8031
553	2709.0935	2315.8131	0.0000	645720.8860
554	2709.0935	2254.4722	0.0000	646811.1227
555	2709.0935	2272.7737	0.0000	647914.1262
556	2709.0935	2236.6982	0.0000	649032.0737
557	2709.0935	2318.5293	0.0000	650130.2421
558	2709.0935	2240.3910	0.0000	651276.5105
559	2709.0935	2253.0308	0.0000	652403.1007
560	2709.0935	2315.6745	0.0000	653546.5255
561	2709.0935	2353.2320	0.0000	654655.5629
562	2709.0935	2294.8878	0.0000	655738.4422
563	2709.0935	2300.2539	0.0000	656832.9883
564	2709.0935	2280.3843	0.0000	657946.5885
565	2709.0935	2337.4180	0.0000	659067.0791
566	2709.0935	2243.0174	0.0000	660181.9148
567	2709.0935	2297.2138	0.0000	661304.1143
568	2709.0935	2316.2592	0.0000	662411.0005
569	2709.0935	2263.6598	0.0000	663530.9575
570	2709.0935	2307.2756	0.0000	664633.8525
571	2709.0935	2322.0713	0.0000	665735.2087
572	2709.0935	2336.0064	0.0000	666868.7699
573	2709.0935	2345.1473	0.0000	668011.9979
574	2709.0935	2353.5180	0.0000	669154.6485
575	2709.0935	2267.2935	0.0000	670299.6399
576	2709.0935	2306.4363	0.0000	671398.3803
577	2709.0935	2336.5318	0.0000	672512.7580
578	2709.0935	2220.5783	0.0000	673648.5841
579	2709.0935	2261.1687	0.0000	674851.3389
580	2709.0935	2298.1583	0.0000	676041.0528
581	2709.0935	2275.8659	0.0000	677171.7262
582	2709.0935	2244.3337	0.0000	678299.3510
583	2709.0935	2339.1088	0.0000	679420.1150
584	2709.0935	2294.6008	0.0000	680536.8421
585	2709.0935	2301.4555	0.0000	681692.6191
586	2709.0935	2343.9649	0.0000	682797.6735
587	2709.0935	2264.1051	0.0000	683880.2819
588	2709.0935	2298.9600	0.0000	685022.8438
589	2709.0935	2257.1897	0.0000	686102.8335
590	2709.0935	2271.2658	0.0000	687176.2111
591	2709.0935	2327.9478	0.0000	688247.7527
592	2709.0935	2307.8355	0.0000	689318.1198
593	2709.0935	2275.3838	0.0000	690385.2081
594	2709.0935	2307.0026	0.0000	691453.8581
595	2709.0935	2295.1421	0.0000	692515.9714
596	2709.0935	2290.5334	0.0000	693711.8547
597	2709.0935	2342.5286	0.0000	694827.2727
598	2709.0935	2323.3666	0.0000	695909.5285
599	2709.0935	2300.3238	0.0000	696998.5027
600	2709.0935	2333.6635	0.0000	698097.6129
601	2709.0935	2310.3534	0.0000	699164.7840
602	2709.0935	2335.8239	0.0000	700213.8066
603	2709.0935	2316.7664	0.0000	701281.7857
604	2709.0935	2353.4720	0.0000	702350.8749
605	2709.0935	2265.8005	0.0000	703430.4960
606	2709.0935	2339.1107	0.0000	704501.1175
607	2709.0935	2368.2806	0.0000	705574.3129
608	2709.0935	2281.6143	0.0000	706664.7358
609	2709.0935	2370.2464	0.0000	707742.5351
610	2709.0935	2380.4514	0.0000	708800.8921
611	2709.0935	2286.6337	0.0000	709883.0647
612	2709.0935	2324.0334	0.0000	710961.8096
613	2709.0935	2338.0952	0.0000	712023.1574
614	2709.0935	2369.7939	0.0000	713092.0968
615	2709.0935	2303.5908	0.0000	714153.9423
616	2709.0935	2315.1315	0.0000	715222.0886
617	2709.0935	2305.9722	0.0000	716300.6535
618	2709.0935	2372.0016	0.0000	717361.4318
619	2709.0935	2277.2764	0.0000	718428.5469
620	2709.0935	2309.9413	0.0000	719495.7333
621	2709.0935	2367.7144	0.0000	720574.5711
622	2709.0935	2294.7613	0.0000	721635.7458
623	2709.0935	2309.5779	0.0000	722688.6728
624	2709.0935	2308.1024	0.0000	723728.8630
625	2709.0935	2328.9763	0.0000	724790.5231
626	2709.0935	2319.2467	0.0000	725862.0701
627	2709.0935	2284.6382	0.0000	726960.7661
628	2709.0935	2351.4411	0.0000	728031.5533
629	2709.0935	2331.7116	0.0000	729101.2723
630	2709.0935	2320.6157	0.0000	730163.1637
631	2709.0935	2314.8102	0.0000	731239.3992
632	2709.0935	2350.6403	0.0000	732306.6747
633	2709.0935	2318.1402	0.0000	733363.1043
634	2709.0935	2306.0732	0.0000	734419.7950
635	2709.0935	2371.4648	0.0000	735492.2554
636	2709.0935	2347.1188	0.0000	736555.7203
637	2709.0935	2355.4019	0.0000	737648.6228
638	2709.0935	2313.2425	0.0000	738689.2204
639	2709.0935	2289.8020	0.0000	739791.2042
640	2709.0935	2257.8979	0.0000	740860.9900
641	2709.0935	2261.7769	0.0000	741933.4815
642	2709.0935	2293.4779	0.0000	742993.5718
643	2709.0935	2353.0728	0.0000	744057.1451
644	2709.0935	2280.4204	0.0000	745118.5348
645	2709.0935	2250.1680	0.0000	746177.0492
646	2709.0935	2306.3729	0.0000	747234.5328
647	2709.0935	2254.4835	0.0000	748294.8020
648	2709.0935	2332.9064	0.0000	749371.2890
649	2709.0935	2285.2938	0.0000	750443.1973
650	2709.0935	2303.9022	0.0000	751516.4437
651	2709.0935	2301.2508	0.0000	752587.6918
652	2709.0935	2342.0309	0.0000	753657.4032
653	2709.0935	2332.9506	0.0000	754727.2162
654	2709.0935	2289.1578	0.0000	755819.0703
655	2709.0935	2290.7413	0.0000	756873.8816
656	2709.0935	2345.7580	0.0000	757934.6857
657	2709.0935	2303.5838	0.0000	758990.8881
658	2709.0935	2339.1265	0.0000	760042.5055
659	2709.0935	2346.5442	0.0000	761108.9246
660	2709.0935	2308.5420	0.0000	762175.4651
661	2709.0935	2342.5820	0.0000	763210.0620
662	2709.0935	2349.8216	0.0000	764268.3690
663	2709.0935	2294.4563	0.0000	765332.2785
664	2709.0935	2361.3280	0.0000	766394.9442
665	2709.0935	2319.5042	0.0000	767450.5126
666	2709.0935	2312.8616	0.0000	768497.5021
667	2709.0935	2336.4901	0.0000	769563.7887
668	2709.0935	2385.6332	0.0000	770610.7109
669	2709.0935	2314.9258	0.0000	771676.5714
670	2709.0935	2273.8248	0.0000	772740.5555
671	2709.0935	2377.7508	0.0000	773811.8641
672	2709.0935	2341.8258	0.0000	774881.7444
673	2709.0935	2348.4564	0.0000	775941.8995
674	2709.0935	2311.1842	0.0000	776984.4415
675	2709.0935	2347.9095	0.0000	778049.0687
676	2709.0935	2347.7980	0.0000	779115.1395
677	2709.0935	2344.9845	0.0000	780170.9929
678	2709.0935	2344.7729	0.0000	781252.7778
679	2709.0935	2300.7095	0.0000	782320.2820
680	2709.0935	2364.1992	0.0000	783374.7349
681	2709.0935	2341.0697	0.0000	784432.8840
682	2709.0935	2360.4946	0.0000	785477.1459
683	2709.0935	2357.6828	0.0000	786543.8783
684	2709.0935	2372.9212	0.0000	787642.8397
685	2709.0935	2338.5865	0.0000	788702.3344
686	2709.0935	2319.1373	0.0000	789770.9079
687	2709.0935	2363.9779	0.0000	790841.5051
688	2709.0935	2293.4884	0.0000	791980.7103
689	2709.0935	2306.3050	0.0000	793030.5471
690	2709.0935	2353.4275	0.0000	794087.6756
691	2709.0935	2323.4690	0.0000	795142.5421
692	2709.0935	2385.0602	0.0000	796202.0164
693	2709.0935	2355.1525	0.0000	797247.8616
694	2709.0935	2364.7834	0.0000	798301.8577
695	2709.0935	2307.2971	0.0000	799346.5343
696	2709.0935	2361.7065	0.0000	800403.5945
697	2709.0935	2275.6727	0.0000	801462.5478
698	2709.0935	2320.2063	0.0000	802518.9021
699	2709.0935	2386.1238	0.0000	803572.2148
700	2709.0935	2343.5848	0.0000	804640.7161
701	2709.0935	2348.4191	0.0000	805708.6062
702	2709.0935	2376.6925	0.0000	806763.5891
703	2709.0935	2303.4993	0.0000	807819.9067
704	2709.0935	2303.5629	0.0000	808871.6872
705	2709.0935	2320.4572	0.0000	809927.5451
706	2709.0935	2413.3957	0.0000	810989.1341
707	2709.0935	2333.0598	0.0000	812063.4766
708	2709.0935	2400.3401	0.0000	813113.9610
709	2709.0935	2357.7161	0.0000	814178.4983
710	2709.0935	2358.0117	0.0000	815238.2898
711	2709.0935	2392.0620	0.0000	816299.6070
712	2709.0935	2353.8233	0.0000	817354.5420
713	2709.0935	2340.7005	0.0000	818416.3799
714	2709.0935	2364.8413	0.0000	819470.2101
715	2709.0935	2433.9920	0.0000	820535.7680
716	2709.0935	2331.9702	0.0000	821608.3548
717	2709.0935	2387.1632	0.0000	822659.5695
718	2709.0935	2358.2202	0.0000	823717.9501
719	2709.0935	2382.0655	0.0000	824776.1729
720	2709.0935	2400.9534	0.0000	825825.0329
721	2709.0935	2384.3909	0.0000	826896.3313
722	2709.0935	2343.3753	0.0000	827936.7585
723	2709.0935	2376.5863	0.0000	828998.0860
724	2709.0935	2374.4558	0.0000	830063.6241
725	2709.0935	2326.4793	0.0000	831111.6962
726	2709.0935	2309.1041	0.0000	832171.4242
727	2709.0935	2351.7865	0.0000	833235.8062
728	2709.0935	2367.6693	0.0000	834300.2701
729	2709.0935	2375.6398	0.0000	835458.1919
730	2709.0935	2310.7086	0.0000	836513.6964
731	2709.0935	2354.1536	0.0000	837584.4102
732	2709.0935	2329.6858	0.0000	838662.7765
733	2709.0935	2385.7453	0.0000	839733.0930
734	2709.0935	2358.9832	0.0000	840818.6870
735	2709.0935	2358.4213	0.0000	841869.1666
736	2709.0935	2308.2945	0.0000	842930.6653
737	2709.0935	2384.0157	0.0000	843992.4412
738	2709.0935	2366.6346	0.0000	845069.3858
739	2709.0935	2367.1423	0.0000	846122.3357
740	2709.0935	2307.5240	0.0000	847175.2238
741	2709.0935	2358.8137	0.0000	848234.9968
742	2709.0935	2373.0594	0.0000	849315.1410
743	2709.0935	2410.5157	0.0000	850401.7298
744	2709.0935	2387.6422	0.0000	851444.9134
745	2709.0935	2349.9544	0.0000	852508.9514
746	2709.0935	2413.9673	0.0000	853571.1942
747	2709.0935	2369.2400	0.0000	854659.0633
748	2709.0935	2388.0562	0.0000	855703.6366
749	2709.0935	2313.9847	0.0000	856770.2551
750	2709.0935	2403.7680	0.0000	857832.0365
751	2709.0935	2381.5316	0.0000	858886.8754
752	2709.0935	2388.1722	0.0000	859943.7630
753	2709.0935	2329.6451	0.0000	860997.8743
754	2709.0935	2367.0782	0.0000	862039.1171
755	2709.0935	2359.3235	0.0000	863100.3253
756	2709.0935	2366.3235	0.0000	864208.8861
757	2709.0935	2350.7788	0.0000	865254.7054
758	2709.0935	2353.9080	0.0000	866319.0451
759	2709.0935	2390.4395	0.0000	867365.5267
760	2709.0935	2372.8429	0.0000	868412.0176
761	2709.0935	2289.2149	0.0000	869499.9378
762	2709.0935	2340.5776	0.0000	870551.7650
763	2709.0935	2375.8162	0.0000	871576.6065
764	2709.0935	2343.7997	0.0000	872624.1624
765	2709.0935	2305.8081	0.0000	873673.3649
766	2709.0935	2351.7104	0.0000	874726.8162
767	2709.0935	2334.7637	0.0000	875793.7632
768	2709.0935	2369.1694	0.0000	876836.3438
769	2709.0935	2383.5005	0.0000	877919.6007
770	2709.0935	2321.5614	0.0000	879019.2075
771	2709.0935	2419.3148	0.0000	880069.2363
772	2709.0935	2329.6768	0.0000	881128.3810
773	2709.0935	2392.0307	0.0000	882171.2115
774	2709.0935	2380.0918	0.0000	883237.8547
775	2709.0935	2363.8210	0.0000	884317.9498
776	2709.0935	2344.7342	0.0000	885420.1965
777	2709.0935	2353.3438	0.0000	886476.0776
778	2709.0935	2338.1481	0.0000	887532.5544
779	2709.0935	2395.7184	0.0000	888598.2320
780	2709.0935	2411.9418	0.0000	889642.0679
781	2709.0935	2355.2073	0.0000	890685.1435
782	2709.0935	2385.0970	0.0000	891718.6394
783	2709.0935	2322.7739	0.0000	892774.0400
784	2709.0935	2362.3545	0.0000	893830.1950
785	2709.0935	2365.0410	0.0000	894872.5626
786	2709.0935	2339.5635	0.0000	895922.1821
787	2709.0935	2358.7747	0.0000	896975.1823
788	2709.0935	2314.3861	0.0000	898018.3637
789	2709.0935	2359.1836	0.0000	899075.3074
790	2709.0935	2333.3508	0.0000	900119.0772
791	2709.0935	2385.7496	0.0000	901183.2447
792	2709.0935	2298.1454	0.0000	902249.7268
793	2709.0935	2319.7047	0.0000	903306.2236
794	2709.0935	2354.3406	0.0000	904367.3511
795	2709.0935	2334.4285	0.0000	905402.0696
796	2709.0935	2395.9353	0.0000	906453.2030
797	2709.0935	2327.2770	0.0000	907505.5571
798	2709.0935	2389.9390	0.0000	908551.3220
799	2709.0935	2363.5405	0.0000	909588.1407
800	2709.0935	2384.9257	0.0000	910659.3962
801	2709.0935	2352.7764	0.0000	911714.1359
802	2709.0935	2361.2841	0.0000	912757.7472
803	2709.0935	2395.4827	0.0000	913811.6293
804	2709.0935	2394.6711	0.0000	914855.0560
805	2709.0935	2357.1524	0.0000	915893.7376
806	2709.0935	2398.1791	0.0000	916977.5834
807	2709.0935	2374.1311	0.0000	918025.8617
808	2709.0935	2358.4167	0.0000	919082.2573
809	2709.0935	2418.6713	0.0000	920146.0233
810	2709.0935	2371.7034	0.0000	921203.9094
811	2709.0935	2383.3062	0.0000	922236.2037
812	2709.0935	2360.3914	0.0000	923290.9553
813	2709.0935	2425.7055	0.0000	924343.8303
814	2709.0935	2360.2791	0.0000	925388.7103
815	2709.0935	2334.5230	0.0000	926433.9848
816	2709.0935	2386.8002	0.0000	927490.8881
817	2709.0935	2343.4458	0.0000	928545.2635
818	2709.0935	2336.6356	0.0000	929578.7508
819	2709.0935	2353.4966	0.0000	930610.6677
820	2709.0935	2378.1832	0.0000	931671.6552
821	2709.0935	2348.4684	0.0000	932760.9348
822	2709.0935	2430.8665	0.0000	933792.0089
823	2709.0935	2383.1662	0.0000	934820.7572
824	2709.0935	2379.3396	0.0000	935856.1311
825	2709.0935	2366.6498	0.0000	936908.6504
826	2709.0935	2446.5413	0.0000	937969.8961
827	2709.0935	2400.8156	0.0000	938997.9324
828	2709.0935	2398.1833	0.0000	940089.1571
829	2709.0935	2379.7179	0.0000	941117.6021
830	2709.0935	2381.6888	0.0000	942158.1578
831	2709.0935	2369.2263	0.0000	943213.0291
832	2709.0935	2332.7316	0.0000	944269.4097
833	2709.0935	2377.4293	0.0000	945320.4951
834	2709.0935	2386.4443	0.0000	946372.4108
835	2709.0935	2364.7738	0.0000	947409.0257
836	2709.0935	2433.8599	0.0000	948447.4406
837	2709.0935	2390.3534	0.0000	949502.7380
838	2709.0935	2401.2362	0.0000	950552.1157
839	2709.0935	2372.7439	0.0000	951581.5067
840	2709.0935	2396.3533	0.0000	952612.7050
841	2709.0935	2391.9915	0.0000	953655.7019
842	2709.0935	2359.7545	0.0000	954705.9515
843	2709.0935	2417.7276	0.0000	955744.2563
844	2709.0935	2404.1694	0.0000	956798.3286
845	2709.0935	2434.3587	0.0000	957841.6808
846	2709.0935	2408.5820	0.0000	958954.9050
847	2709.0935	2369.4169	0.0000	959985.8534
848	2709.0935	2409.5376	0.0000	961016.3970
849	2709.0935	2422.8180	0.0000	962052.8045
850	2709.0935	2371.7289	0.0000	963094.7208
851	2709.0935	2369.5268	0.0000	964114.4171
852	2709.0935	2397.9813	0.0000	965143.2235
853	2709.0935	2366.6826	0.0000	966178.1354
854	2709.0935	2345.4583	0.0000	967241.3673
855	2709.0935	2363.8834	0.0000	968272.0599
856	2709.0935	2391.8094	0.0000	969306.5720
857	2709.0935	2384.8561	0.0000	970341.2395
858	2709.0935	2348.7481	0.0000	971390.0864
859	2709.0935	2376.3434	0.0000	972429.9123
860	2709.0935	2368.0305	0.0000	973480.4962
861	2709.0935	2444.1168	0.0000	974510.7191
862	2709.0935	2418.3421	0.0000	975561.9638
863	2709.0935	2425.8029	0.0000	976607.7542
864	2709.0935	2415.7237	0.0000	977639.7541
865	2709.0935	2407.7219	0.0000	978664.7115
866	2709.0935	2359.2718	0.0000	979717.7742
867	2709.0935	2375.3638	0.0000	980743.2957
868	2709.0935	2418.9484	0.0000	981777.6010
869	2709.0935	2377.3287	0.0000	982811.1830
870	2709.0935	2407.7169	0.0000	983861.9654
871	2709.0935	2443.8489	0.0000	984908.1933
872	2709.0935	2389.5381	0.0000	985945.7691
873	2709.0935	2370.1901	0.0000	986981.0033
874	2709.0935	2330.0059	0.0000	988030.3478
875	2709.0935	2378.3787	0.0000	989074.1429
876	2709.0935	2374.0833	0.0000	990103.1804
877	2709.0935	2329.5352	0.0000	991145.1654
878	2709.0935	2321.8331	0.0000	992187.6333
879	2709.0935	2384.9442	0.0000	993234.3969
880	2709.0935	2376.7838	0.0000	994256.3157
881	2709.0935	2363.9167	0.0000	995281.1258
882	2709.0935	2416.4829	0.0000	996331.3277
883	2709.0935	2403.4782	0.0000	997367.8145
884	2709.0935	2390.4069	0.0000	998413.8763
885	2709.0935	2369.3676	0.0000	999451.8130
886	2709.0935	2444.2523	0.0000	1000489.6016
887	2709.0935	2389.5585	0.0000	1001540.5221
888	2709.0935	2372.4699	0.0000	1002591.7895
889	2709.0935	2385.9344	0.0000	1003651.5625
890	2709.0935	2428.1365	0.0000	1004687.8247
891	2709.0935	2360.3051	0.0000	1005719.0986
892	2709.0935	2386.9058	0.0000	1006751.8446
893	2709.0935	2359.3623	0.0000	1007796.7074
894	2709.0935	2411.3592	0.0000	1008849.3607
895	2709.0935	2371.7453	0.0000	1009882.7350
896	2709.0935	2386.5851	0.0000	1010888.9990
897	2709.0935	2415.7777	0.0000	1011927.2351
898	2709.0935	2343.1246	0.0000	1012966.3734
899	2709.0935	2404.1980	0.0000	1014009.6686
900	2709.0935	2354.4258	0.0000	1015043.8588
901	2709.0935	2385.5527	0.0000	1016072.4370
902	2709.0935	2391.0200	0.0000	1017102.9387
903	2709.0935	2362.6683	0.0000	1018124.7077
904	2709.0935	2382.3063	0.0000	1019140.3821
905	2709.0935	2386.5726	0.0000	1020179.8103
906	2709.0935	2389.8625	0.0000	1021220.5462
907	2709.0935	2327.8095	0.0000	1022257.2863
908	2709.0935	2423.2908	0.0000	1023292.7072
909	2709.0935	2320.3319	0.0000	1024317.3022
910	2709.0935	2405.3417	0.0000	1025390.7640
911	2709.0935	2395.0669	0.0000	1026421.2999
912	2709.0935	2409.4550	0.0000	1027455.3301
913	2709.0935	2427.7558	0.0000	1028474.8356
914	2709.0935	2421.3249	0.0000	1029509.1717
915	2709.0935	2405.9319	0.0000	1030550.0407
916	2709.0935	2435.3173	0.0000	1031579.4203
917	2709.0935	2389.9382	0.0000	1032591.2452
918	2709.0935	2461.7476	0.0000	1033617.4874
919	2709.0935	2387.3202	0.0000	1034634.5596
920	2709.0935	2375.7650	0.0000	1035675.3478
921	2709.0935	2406.4940	0.0000	1036712.4214
922	2709.0935	2443.7393	0.0000	1037749.1682
923	2709.0935	2362.0174	0.0000	1038791.1932
924	2709.0935	2387.3076	0.0000	1039830.5690
925	2709.0935	2381.8918	0.0000	1040847.4369
926	2709.0935	2373.6247	0.0000	1041870.3885
927	2709.0935	2450.8665	0.0000	1042880.9781
928	2709.0935	2382.8629	0.0000	1043925.8678
929	2709.0935	2442.9854	0.0000	1044956.3482
930	2709.0935	2431.8510	0.0000	1045994.1339
931	2709.0935	2355.9805	0.0000	1047015.2483
932	2709.0935	2328.2581	0.0000	1048047.5247
933	2709.0935	2443.0260	0.0000	1049069.1125
934	2709.0935	2322.0782	0.0000	1050083.3247
935	2709.0935	2401.7196	0.0000	1051118.6862
936	2709.0935	2420.3528	0.0000	1052151.1009
937	2709.0935	2410.3541	0.0000	1053176.8000
938	2709.0935	2341.7007	0.0000	1054206.7559
939	2709.0935	2387.7849	0.0000	1055236.9277
940	2709.0935	2396.5739	0.0000	1056274.9104
941	2709.0935	2399.0800	0.0000	1057303.5870
942	2709.0935	2406.9369	0.0000	1058338.4254
943	2709.0935	2386.1886	0.0000	1059363.0123
944	2709.0935	2388.0677	0.0000	1060377.4331
945	2709.0935	2339.7533	0.0000	1061415.0243
946	2709.0935	2429.2400	0.0000	1062457.5510
947	2709.0935	2370.6339	0.0000	1063498.5192
948	2709.0935	2421.5841	0.0000	1064521.3995
949	2709.0935	2351.1060	0.0000	1065556.3428
950	2709.0935	2352.5897	0.0000	1066586.6344
951	2709.0935	2404.2864	0.0000	1067619.0250
952	2709.0935	2387.3663	0.0000	1068652.6814
953	2709.0935	2361.5077	0.0000	1069676.9462
954	2709.0935	2307.8458	0.0000	1070701.6087
955	2709.0935	2368.9152	0.0000	1071715.4672
956	2709.0935	2365.4907	0.0000	1072738.1735
957	2709.0935	2357.8344	0.0000	1073761.1623
958	2709.0935	2375.3506	0.0000	1074798.9881
959	2709.0935	2363.6873	0.0000	1075831.3525
960	2709.0935	2397.8603	0.0000	1076856.4310
961	2709.0935	2362.2087	0.0000	1077886.1461
962	2709.0935	2367.7445	0.0000	1078910.3315
963	2709.0935	2382.4088	0.0000	1079950.1519
964	2709.0935	2411.9241	0.0000	1080983.3009
965	2709.0935	2343.7835	0.0000	1082018.3840
966	2709.0935	2400.7985	0.0000	1083056.1731
967	2709.0935	2364.5212	0.0000	1084081.3251
968	2709.0935	2412.4710	0.0000	1085105.7365
969	2709.0935	2397.9540	0.0000	1086140.6291
970	2709.0935	2330.8394	0.0000	1087185.3914
971	2709.0935	2407.0172	0.0000	1088221.7395
972	2709.0935	2397.8128	0.0000	1089252.9011
973	2709.0935	2400.2977	0.0000	1090277.1146
974	2709.0935	2392.0568	0.0000	1091299.6473
975	2709.0935	2373.0182	0.0000	1092321.6541
976	2709.0935	2409.5975	0.0000	1093334.6932
977	2709.0935	2438.4861	0.0000	1094367.6004
978	2709.0935	2454.8163	0.0000	1095399.1892
979	2709.0935	2414.7284	0.0000	1096432.8430
980	2709.0935	2361.7606	0.0000	1097435.7228
981	2709.0935	2462.4950	0.0000	1098477.8442
982	2709.0935	2437.5283	0.0000	1099541.9006
983	2709.0935	2414.2184	0.0000	1100551.3062
984	2709.0935	2403.3813	0.0000	1101576.5238
985	2709.0935	2398.0479	0.0000	1102618.8126
986	2709.0935	2382.8110	0.0000	1103662.6284
987	2709.0935	2391.9037	0.0000	1104684.2611
988	2709.0935	2384.1440	0.0000	1105703.5277
989	2709.0935	2406.7633	0.0000	1106723.9406
990	2709.0935	2379.5877	0.0000	1107760.8514
991	2709.0935	2396.6457	0.0000	1108791.6863
992	2709.0935	2410.5076	0.0000	1109822.8590
993	2709.0935	2424.0541	0.0000	1110858.4785
994	2709.0935	2397.0540	0.0000	1111896.3027
995	2709.0935	2337.7973	0.0000	1112934.8066
996	2709.0935	2412.4378	0.0000	1113970.2919
997	2709.0935	2377.9141	0.0000	1114968.4689
998	2709.0935	2373.4321	0.0000	1116010.6728
999	2709.0935	2407.1764	0.0000	1117038.6150
Pos: [-7.708313741386337, -0.8003210973345536, -7.083506411057518]

=================================================================================================================